100 100 1 7 16
(2, 20, 5, 10.00), (code 0)
START
38267, 0, prem 0
38267, 0, 0
38367, 0, 0
38467, 0, 0
38567, 0, 0
38667, 0, 0
38767, 0, 0
38867, 0, 0
38967, 0, 0
39067, 0, 0
39168, 0, 0
39268, 0, 0
39368, 0, 0
39468, 0, 0
39568, 0, 0
39668, 0, 0
39768, 0, 0
39868, 0, 1
39968, 0, 1
40068, 0, 1
40168, 0, 1
40268, 0, 1
40368, 0, 1
40468, 0, 1
40568, 0, 1
40668, 0, 1
40768, 0, 1
40868, 0, 1
40968, 0, 1
41068, 0, 1
41168, 0, 1
41268, 0, 1
41368, 0, 1
41468, 0, prem 1
41468, 0, 1
41568, 0, 1
41668, 0, 1
41768, 0, 1
41868, 0, 1
41968, 0, 1
42068, 0, 1
42168, 0, 1
42268, 0, 1
42368, 0, 1
42468, 0, 1
42568, 0, 1
42668, 0, 1
42768, 0, 1
42868, 0, 1
42968, 0, 1
43068, 0, 0
43168, 0, 0
43268, 0, 0
43368, 0, 0
43468, 0, 0
43568, 0, 0
43668, 0, 0
43768, 0, 0
43868, 0, 0
43968, 0, 0
44068, 0, 0
44168, 0, 0
44268, 0, 0
44368, 0, 0
44468, 0, 0
44568, 0, 0
44668, 0, prem 1
44668, 0, 1
44768, 0, 1
44868, 0, 1
44968, 0, 1
45068, 0, 1
45168, 0, 1
45268, 0, 1
45368, 0, 1
45468, 0, 1
45568, 0, 1
45668, 0, 1
45768, 0, 1
45868, 0, 1
45968, 0, 1
46068, 0, 1
46168, 0, 1
46268, 0, 0
46368, 0, 0
46468, 0, 0
46568, 0, 0
46668, 0, 0
46768, 0, 0
46868, 0, 0
46968, 0, 0
47068, 0, 0
47168, 0, 0
47268, 0, 0
47368, 0, 0
47468, 0, 0
47568, 0, 0
47668, 0, 0
47768, 0, 0
47868, 0, prem 1
47868, 0, 1
47968, 0, 1
48068, 0, 1
48168, 0, 1
48268, 0, 1
48368, 0, 1
48468, 0, 1
48568, 0, 1
48668, 0, 1
48768, 0, 1
48868, 0, 1
48968, 0, 1
49068, 0, 1
49168, 0, 1
49268, 0, 1
49368, 0, 1
49468, 0, 0
49568, 0, 0
49668, 0, 0
49768, 0, 0
49868, 0, 0
49968, 0, 0
50068, 0, 0
50168, 0, 0
50268, 0, 0
50368, 0, 0
50468, 0, 0
50568, 0, 0
50668, 0, 0
50768, 0, 0
50868, 0, 0
50968, 0, 0
51068, 0, prem 1
51068, 0, 1
51168, 0, 1
51268, 0, 1
51368, 0, 1
51468, 0, 1
51568, 0, 1
51668, 0, 1
51768, 0, 1
51868, 0, 1
51968, 0, 1
52068, 0, 1
52168, 0, 1
52268, 0, 1
52368, 0, 1
52468, 0, 1
52568, 0, 1
52668, 0, 0
52768, 0, 0
52868, 0, 0
52968, 0, 0
53068, 0, 0
53168, 0, 0
53268, 0, 0
53368, 0, 0
53468, 0, 0
53568, 0, 0
53668, 0, 0
53768, 0, 0
53868, 0, 0
53968, 0, 0
54068, 0, 0
54168, 0, 0
54268, 0, prem 0
54268, 0, 0
54368, 0, 0
54468, 0, 0
54568, 0, 0
54668, 0, 0
54768, 0, 0
54868, 0, 0
54968, 0, 0
55068, 0, 0
55168, 0, 0
55268, 0, 0
55368, 0, 0
55468, 0, 0
55568, 0, 0
55668, 0, 0
55768, 0, 0
55868, 0, 1
55968, 0, 1
56068, 0, 1
56168, 0, 1
56268, 0, 1
56368, 0, 1
56468, 0, 1
56568, 0, 1
56668, 0, 1
56768, 0, 1
56868, 0, 1
56968, 0, 1
57068, 0, 1
57168, 0, 1
57268, 0, 1
57368, 0, 1
57468, 0, prem 0
57468, 0, 0
57568, 0, 0
57668, 0, 0
57768, 0, 0
57868, 0, 0
57968, 0, 0
58068, 0, 0
58168, 0, 0
58268, 0, 0
58368, 0, 0
58468, 0, 0
58568, 0, 0
58668, 0, 0
58768, 0, 0
58868, 0, 0
58968, 0, 0
59068, 0, 1
59168, 0, 1
59268, 0, 1
59368, 0, 1
59468, 0, 1
59568, 0, 1
59668, 0, 1
59768, 0, 1
59868, 0, 1
59968, 0, 1
60068, 0, 1
60168, 0, 1
60268, 0, 1
60368, 0, 1
60468, 0, 1
60568, 0, 1
60668, 0, bit 1
60668, 0, 0
60768, 0, 1
60868, 0, 1
60968, 0, 0
61068, 0, 1
61168, 0, 0
61268, 0, 1
61368, 0, 0
61468, 0, 1
61568, 0, 0
61668, 0, 0
61768, 0, 1
61868, 0, 0
61968, 0, 1
62068, 0, bit 1
62068, 0, 0
62168, 0, 1
62268, 0, 1
62368, 0, 0
62468, 0, 1
62568, 0, 0
62668, 0, 1
62768, 0, 0
62868, 0, 1
62968, 0, 0
63068, 0, 0
63168, 0, 1
63268, 0, 0
63368, 0, 1
63468, 0, bit 1
63468, 0, 0
63568, 0, 1
63668, 0, 1
63768, 0, 0
63868, 0, 1
63968, 0, 0
64068, 0, 1
64168, 0, 0
64268, 0, 1
64368, 0, 0
64468, 0, 0
64568, 0, 1
64668, 0, 0
64768, 0, 1
64868, 0, bit 0
64868, 0, 1
64968, 0, 0
65068, 0, 0
65168, 0, 1
65268, 0, 0
65368, 0, 1
65468, 0, 0
65568, 0, 1
65668, 0, 0
65768, 0, 1
65868, 0, 1
65968, 0, 0
66068, 0, 1
66168, 0, 0
66268, 0, bit 0
66268, 0, 1
66368, 0, 0
66468, 0, 0
66568, 0, 1
66668, 0, 0
66768, 0, 1
66868, 0, 0
66968, 0, 1
67068, 0, 0
67168, 0, 1
67268, 0, 1
67368, 0, 0
67468, 0, 1
67568, 0, 0
67668, 0, bit 1
67672, 0, 0
67768, 0, 1
67868, 0, 1
67968, 0, 0
68068, 0, 1
68168, 0, 0
68268, 0, 1
68368, 0, 0
68468, 0, 1
68568, 0, 0
68668, 0, 0
68768, 0, 1
68868, 0, 0
68968, 0, 1
69068, 0, bit 0
69068, 0, 1
69168, 0, 0
69268, 0, 0
69368, 0, 1
69468, 0, 0
69568, 0, 1
69668, 0, 0
69768, 0, 1
69868, 0, 0
69968, 0, 1
70068, 0, 1
70168, 0, 0
70268, 0, 1
70368, 0, 0
70468, 0, bit 1
70468, 0, 0
70568, 0, 1
70668, 0, 1
70768, 0, 0
70868, 0, 1
70968, 0, 0
71068, 0, 1
71168, 0, 0
71268, 0, 1
71368, 0, 0
71468, 0, 0
71568, 0, 1
71668, 0, 0
71768, 0, 1
71868, 0, bit 0
71868, 0, 1
71968, 0, 0
72068, 0, 0
72168, 0, 1
72268, 0, 0
72368, 0, 1
72468, 0, 0
72568, 0, 1
72668, 0, 0
72768, 0, 1
72868, 0, 1
72968, 0, 0
73068, 0, 1
73168, 0, 0
73268, 0, bit 0
73268, 0, 1
73368, 0, 0
73468, 0, 0
73568, 0, 1
73668, 0, 0
73768, 0, 1
73868, 0, 0
73968, 0, 1
74068, 0, 0
74168, 0, 1
74268, 0, 1
74368, 0, 0
74468, 0, 1
74568, 0, 0
74668, 0, bit 0
74668, 0, 1
74768, 0, 0
74868, 0, 0
74968, 0, 1
75068, 0, 0
75168, 0, 1
75268, 0, 0
75368, 0, 1
75468, 0, 0
75568, 0, 1
75668, 0, 1
75768, 0, 0
75868, 0, 1
75968, 0, 0
76068, 0, bit 0
76068, 0, 1
76168, 0, 0
76268, 0, 0
76368, 0, 1
76468, 0, 0
76568, 0, 1
76668, 0, 0
76768, 0, 1
76868, 0, 0
76968, 0, 1
77068, 0, 1
77168, 0, 0
77268, 0, 1
77368, 0, 0
77468, 0, bit 0
77468, 0, 1
77568, 0, 0
77668, 0, 0
77768, 0, 1
77868, 0, 0
77968, 0, 1
78068, 0, 0
78168, 0, 1
78268, 0, 0
78368, 0, 1
78468, 0, 1
78568, 0, 0
78668, 0, 1
78768, 0, 0
78868, 0, bit 0
78868, 0, 1
78968, 0, 0
79068, 0, 0
79168, 0, 1
79268, 0, 0
79368, 0, 1
79468, 0, 0
79568, 0, 1
79668, 0, 0
79768, 0, 1
79868, 0, 1
79968, 0, 0
80068, 0, 1
80168, 0, 0
80268, 0, bit 1
80268, 0, 0
80368, 0, 1
80468, 0, 1
80568, 0, 0
80668, 0, 1
80768, 0, 0
80868, 0, 1
80968, 0, 0
81068, 0, 1
81168, 0, 0
81268, 0, 0
81368, 0, 1
81468, 0, 0
81568, 0, 1
81668, 0, bit 1
81668, 0, 0
81768, 0, 1
81868, 0, 1
81968, 0, 0
82068, 0, 1
82168, 0, 0
82268, 0, 1
82368, 0, 0
82468, 0, 1
82568, 0, 0
82668, 0, 0
82768, 0, 1
82868, 0, 0
82968, 0, 1
83068, 0, bit 1
83068, 0, 0
83168, 0, 1
83268, 0, 1
83368, 0, 0
83468, 0, 1
83568, 0, 0
83668, 0, 1
83768, 0, 0
83868, 0, 1
83968, 0, 0
84068, 0, 0
84168, 0, 1
84268, 0, 0
84368, 0, 1
84468, 0, bit 0
84468, 0, 1
84568, 0, 0
84668, 0, 0
84768, 0, 1
84868, 0, 0
84968, 0, 1
85068, 0, 0
85168, 0, 1
85268, 0, 0
85368, 0, 1
85468, 0, 1
85568, 0, 0
85668, 0, 1
85768, 0, 0
85868, 0, bit 0
85868, 0, 1
85968, 0, 0
86068, 0, 0
86168, 0, 1
86268, 0, 0
86368, 0, 1
86468, 0, 0
86568, 0, 1
86668, 0, 0
86768, 0, 1
86868, 0, 1
86968, 0, 0
87068, 0, 1
87168, 0, 0
87268, 0, bit 0
87268, 0, 1
87368, 0, 0
87468, 0, 0
87568, 0, 1
87668, 0, 0
87768, 0, 1
87868, 0, 0
87968, 0, 1
88068, 0, 0
88168, 0, 1
88268, 0, 1
88368, 0, 0
88468, 0, 1
88568, 0, 0
88668, 0, bit 0
88668, 0, 1
88768, 0, 0
88868, 0, 0
88968, 0, 1
89068, 0, 0
89168, 0, 1
89268, 0, 0
89368, 0, 1
89468, 0, 0
89568, 0, 1
89668, 0, 1
89768, 0, 0
89868, 0, 1
89968, 0, 0
90068, 0, bit 0
90068, 0, 1
90168, 0, 0
90268, 0, 0
90368, 0, 1
90468, 0, 0
90568, 0, 1
90668, 0, 0
90768, 0, 1
90868, 0, 0
90968, 0, 1
91068, 0, 1
91168, 0, 0
91268, 0, 1
91368, 0, 0
91468, 0, bit 1
91468, 0, 0
91568, 0, 1
91668, 0, 1
91768, 0, 0
91868, 0, 1
91968, 0, 0
92068, 0, 1
92168, 0, 0
92268, 0, 1
92368, 0, 0
92468, 0, 0
92568, 0, 1
92668, 0, 0
92768, 0, 1
92868, 0, bit 0
92871, 0, 1
92968, 0, 0
93068, 0, 0
93168, 0, 1
93268, 0, 0
93368, 0, 1
93468, 0, 0
93568, 0, 1
93668, 0, 0
93768, 0, 1
93868, 0, 1
93968, 0, 0
94068, 0, 1
94168, 0, 0
94268, 0, bit 0
94268, 0, 1
94368, 0, 0
94468, 0, 0
94568, 0, 1
94668, 0, 0
94768, 0, 1
94868, 0, 0
94968, 0, 1
95068, 0, 0
95168, 0, 1
95268, 0, 1
95368, 0, 0
95468, 0, 1
95568, 0, 0
95668, 0, bit 1
95668, 0, 0
95768, 0, 1
95868, 0, 1
95968, 0, 0
96068, 0, 1
96168, 0, 0
96268, 0, 1
96368, 0, 0
96468, 0, 1
96568, 0, 0
96668, 0, 0
96768, 0, 1
96868, 0, 0
96968, 0, 1
97068, 0, bit 1
97068, 0, 0
97168, 0, 1
97268, 0, 1
97368, 0, 0
97468, 0, 1
97568, 0, 0
97668, 0, 1
97768, 0, 0
97868, 0, 1
97968, 0, 0
98068, 0, 0
98168, 0, 1
98268, 0, 0
98368, 0, 1
98468, 0, bit 0
98468, 0, 1
98568, 0, 0
98668, 0, 0
98768, 0, 1
98868, 0, 0
98968, 0, 1
99068, 0, 0
99168, 0, 1
99268, 0, 0
99368, 0, 1
99468, 0, 1
99568, 0, 0
99668, 0, 1
99768, 0, 0
99868, 0, bit 1
99868, 0, 0
99968, 0, 1
100068, 0, 1
100168, 0, 0
100268, 0, 1
100368, 0, 0
100468, 0, 1
100568, 0, 0
100668, 0, 1
100768, 0, 0
100868, 0, 0
100968, 0, 1
101068, 0, 0
101168, 0, 1
101268, 0, bit 0
101268, 0, 1
101368, 0, 0
101468, 0, 0
101568, 0, 1
101668, 0, 0
101768, 0, 1
101868, 0, 0
101968, 0, 1
102068, 0, 0
102168, 0, 1
102268, 0, 1
102368, 0, 0
102468, 0, 1
102568, 0, 0
102668, 0, bit 0
102668, 0, 1
102768, 0, 0
102868, 0, 0
102968, 0, 1
103068, 0, 0
103168, 0, 1
103268, 0, 0
103368, 0, 1
103468, 0, 0
103568, 0, 1
103668, 0, 1
103768, 0, 0
103868, 0, 1
103968, 0, 0
104068, 0, bit 0
104068, 0, 1
104168, 0, 0
104268, 0, 0
104368, 0, 1
104468, 0, 0
104568, 0, 1
104668, 0, 0
104768, 0, 1
104868, 0, 0
104968, 0, 1
105068, 0, 1
105168, 0, 0
105268, 0, 1
105368, 0, 0
105468, 0, bit 1
105468, 0, 0
105568, 0, 1
105668, 0, 1
105768, 0, 0
105868, 0, 1
105968, 0, 0
106068, 0, 1
106168, 0, 0
106268, 0, 1
106368, 0, 0
106468, 0, 0
106568, 0, 1
106668, 0, 0
106768, 0, 1
106868, 0, bit 0
106868, 0, 1
106968, 0, 0
107068, 0, 0
107168, 0, 1
107268, 0, 0
107368, 0, 1
107468, 0, 0
107568, 0, 1
107668, 0, 0
107768, 0, 1
107868, 0, 1
107968, 0, 0
108068, 0, 1
108168, 0, 0
108268, 0, bit 1
108268, 0, 0
108368, 0, 1
108468, 0, 1
108568, 0, 0
108668, 0, 1
108768, 0, 0
108868, 0, 1
108968, 0, 0
109068, 0, 1
109168, 0, 0
109268, 0, 0
109368, 0, 1
109468, 0, 0
109568, 0, 1
109668, 0, bit 0
109668, 0, 1
109768, 0, 0
109868, 0, 0
109968, 0, 1
110068, 0, 0
110168, 0, 1
110268, 0, 0
110368, 0, 1
110468, 0, 0
110568, 0, 1
110668, 0, 1
110768, 0, 0
110868, 0, 1
110968, 0, 0
111068, 0, bit 0
111068, 0, 1
111168, 0, 0
111268, 0, 0
111368, 0, 1
111468, 0, 0
111568, 0, 1
111668, 0, 0
111768, 0, 1
111868, 0, 0
111968, 0, 1
112068, 0, 1
112168, 0, 0
112268, 0, 1
112368, 0, 0
112468, 0, bit 1
112468, 0, 0
112568, 0, 1
112668, 0, 1
112768, 0, 0
112868, 0, 1
112968, 0, 0
113068, 0, 1
113168, 0, 0
113268, 0, 1
113368, 0, 0
113468, 0, 0
113568, 0, 1
113668, 0, 0
113768, 0, 1
113868, 0, bit 1
113868, 0, 0
113968, 0, 1
114068, 0, 1
114168, 0, 0
114268, 0, 1
114368, 0, 0
114468, 0, 1
114568, 0, 0
114668, 0, 1
114768, 0, 0
114868, 0, 0
114968, 0, 1
115068, 0, 0
115168, 0, 1
115268, 0, bit 0
115268, 0, 1
115368, 0, 0
115468, 0, 0
115568, 0, 1
115668, 0, 0
115768, 0, 1
115868, 0, 0
115968, 0, 1
116068, 0, 0
116168, 0, 1
116268, 0, 1
116368, 0, 0
116468, 0, 1
116568, 0, 0
116668, 0, bit 1
116668, 0, 0
116768, 0, 1
116868, 0, 1
116968, 0, 0
117068, 0, 1
117168, 0, 0
117268, 0, 1
117368, 0, 0
117468, 0, 1
117568, 0, 0
117668, 0, 0
117768, 0, 1
117868, 0, 0
117968, 0, 1
118068, 0, bit 1
118068, 0, 0
118168, 0, 1
118268, 0, 1
118368, 0, 0
118468, 0, 1
118568, 0, 0
118668, 0, 1
118768, 0, 0
118868, 0, 1
118968, 0, 0
119068, 0, 0
119168, 0, 1
119268, 0, 0
119368, 0, 1
119468, 0, bit 1
119468, 0, 0
119568, 0, 1
119668, 0, 1
119768, 0, 0
119868, 0, 1
119968, 0, 0
120068, 0, 1
120168, 0, 0
120268, 0, 1
120368, 0, 0
120468, 0, 0
120568, 0, 1
120668, 0, 0
120768, 0, 1
120868, 0, bit 0
120868, 0, 1
120968, 0, 0
121068, 0, 0
121168, 0, 1
121268, 0, 0
121368, 0, 1
121468, 0, 0
121568, 0, 1
121668, 0, 0
121768, 0, 1
121868, 0, 1
121968, 0, 0
122068, 0, 1
122168, 0, 0
122268, 0, bit 0
122268, 0, 1
122368, 0, 0
122468, 0, 0
122568, 0, 1
122668, 0, 0
122768, 0, 1
122868, 0, 0
122968, 0, 1
123068, 0, 0
123168, 0, 1
123268, 0, 1
123368, 0, 0
123468, 0, 1
123568, 0, 0
123668, 0, bit 0
123668, 0, 1
123768, 0, 0
123868, 0, 0
123968, 0, 1
124068, 0, 0
124168, 0, 1
124268, 0, 0
124368, 0, 1
124468, 0, 0
124568, 0, 1
124668, 0, 1
124768, 0, 0
124868, 0, 1
124968, 0, 0
125068, 0, bit 0
125068, 0, 1
125168, 0, 0
125268, 0, 0
125368, 0, 1
125468, 0, 0
125568, 0, 1
125668, 0, 0
125768, 0, 1
125868, 0, 0
125968, 0, 1
126068, 0, 1
126168, 0, 0
126268, 0, 1
126368, 0, 0
126468, 0, bit 1
126468, 0, 0
126568, 0, 1
126668, 0, 1
126768, 0, 0
126868, 0, 1
126968, 0, 0
127068, 0, 1
127168, 0, 0
127268, 0, 1
127368, 0, 0
127468, 0, 0
127568, 0, 1
127668, 0, 0
127768, 0, 1
127868, 0, bit 0
127868, 0, 1
127968, 0, 0
128068, 0, 0
128168, 0, 1
128268, 0, 0
128368, 0, 1
128468, 0, 0
128568, 0, 1
128668, 0, 0
128768, 0, 1
128868, 0, 1
128968, 0, 0
129068, 0, 1
129168, 0, 0
129268, 0, bit 1
129268, 0, 0
129368, 0, 1
129468, 0, 1
129568, 0, 0
129668, 0, 1
129768, 0, 0
129868, 0, 1
129968, 0, 0
130068, 0, 1
130168, 0, 0
130268, 0, 0
130368, 0, 1
130468, 0, 0
130568, 0, 1
130668, 0, bit 1
130668, 0, 0
130768, 0, 1
130868, 0, 1
130968, 0, 0
131068, 0, 1
131168, 0, 0
131268, 0, 1
131368, 0, 0
131468, 0, 1
131568, 0, 0
131668, 0, 0
131768, 0, 1
131868, 0, 0
131968, 0, 1
132068, 0, bit 0
132068, 0, 1
132168, 0, 0
132268, 0, 0
132368, 0, 1
132468, 0, 0
132568, 0, 1
132668, 0, 0
132768, 0, 1
132868, 0, 0
132968, 0, 1
133068, 0, 1
133168, 0, 0
133268, 0, 1
133368, 0, 0
133468, 0, bit 0
133468, 0, 1
133568, 0, 0
133668, 0, 0
133768, 0, 1
133868, 0, 0
133968, 0, 1
134068, 0, 0
134168, 0, 1
134268, 0, 0
134368, 0, 1
134468, 0, 1
134568, 0, 0
134668, 0, 1
134768, 0, 0
134868, 0, bit 1
134868, 0, 0
134968, 0, 1
135068, 0, 1
135168, 0, 0
135268, 0, 1
135368, 0, 0
135468, 0, 1
135568, 0, 0
135668, 0, 1
135768, 0, 0
135868, 0, 0
135968, 0, 1
136068, 0, 0
136168, 0, 1
136268, 0, bit 1
136268, 0, 0
136368, 0, 1
136468, 0, 1
136568, 0, 0
136668, 0, 1
136768, 0, 0
136868, 0, 1
136968, 0, 0
137068, 0, 1
137168, 0, 0
137268, 0, 0
137368, 0, 1
137468, 0, 0
137568, 0, 1
137668, 0, bit 1
137668, 0, 0
137768, 0, 1
137868, 0, 1
137968, 0, 0
138068, 0, 1
138168, 0, 0
138268, 0, 1
138368, 0, 0
138468, 0, 1
138568, 0, 0
138668, 0, 0
138768, 0, 1
138868, 0, 0
138968, 0, 1
139068, 0, bit 0
139068, 0, 1
139168, 0, 0
139268, 0, 0
139368, 0, 1
139468, 0, 0
139568, 0, 1
139668, 0, 0
139768, 0, 1
139868, 0, 0
139968, 0, 1
140068, 0, 1
140168, 0, 0
140268, 0, 1
140368, 0, 0
140468, 0, bit 1
140468, 0, 0
140568, 0, 1
140668, 0, 1
140768, 0, 0
140868, 0, 1
140968, 0, 0
141068, 0, 1
141168, 0, 0
141268, 0, 1
141368, 0, 0
141468, 0, 0
141568, 0, 1
141668, 0, 0
141768, 0, 1
141868, 0, bit 0
141868, 0, 1
141968, 0, 0
142068, 0, 0
142168, 0, 1
142268, 0, 0
142368, 0, 1
142468, 0, 0
142568, 0, 1
142668, 0, 0
142768, 0, 1
142868, 0, 1
142968, 0, 0
143068, 0, 1
143168, 0, 0
143268, 0, bit 0
143268, 0, 1
143368, 0, 0
143468, 0, 0
143568, 0, 1
143668, 0, 0
143768, 0, 1
143868, 0, 0
143968, 0, 1
144068, 0, 0
144168, 0, 1
144268, 0, 1
144368, 0, 0
144468, 0, 1
144568, 0, 0
144668, 0, bit 0
144668, 0, 1
144768, 0, 0
144868, 0, 0
144968, 0, 1
145068, 0, 0
145168, 0, 1
145268, 0, 0
145368, 0, 1
145468, 0, 0
145568, 0, 1
145668, 0, 1
145768, 0, 0
145868, 0, 1
145968, 0, 0
146068, 0, bit 0
146068, 0, 1
146168, 0, 0
146268, 0, 0
146368, 0, 1
146468, 0, 0
146568, 0, 1
146668, 0, 0
146768, 0, 1
146868, 0, 0
146968, 0, 1
147068, 0, 1
147168, 0, 0
147268, 0, 1
147368, 0, 0
147468, 0, bit 1
147468, 0, 0
147568, 0, 1
147668, 0, 1
147768, 0, 0
147868, 0, 1
147968, 0, 0
148068, 0, 1
148168, 0, 0
148268, 0, 1
148368, 0, 0
148468, 0, 0
148568, 0, 1
148668, 0, 0
148768, 0, 1
148868, 0, bit 0
148868, 0, 1
148968, 0, 0
149068, 0, 0
149168, 0, 1
149268, 0, 0
149368, 0, 1
149468, 0, 0
149568, 0, 1
149668, 0, 0
149768, 0, 1
149868, 0, 1
149968, 0, 0
150068, 0, 1
150168, 0, 0
150268, 0, bit 0
150268, 0, 1
150368, 0, 0
150468, 0, 0
150568, 0, 1
150668, 0, 0
150768, 0, 1
150868, 0, 0
150968, 0, 1
151068, 0, 0
151168, 0, 1
151268, 0, 1
151368, 0, 0
151468, 0, 1
151568, 0, 0
151668, 0, bit 1
151668, 0, 0
151768, 0, 1
151868, 0, 1
151968, 0, 0
152068, 0, 1
152168, 0, 0
152268, 0, 1
152368, 0, 0
152468, 0, 1
152568, 0, 0
152668, 0, 0
152768, 0, 1
152868, 0, 0
152968, 0, 1
153068, 0, bit 1
153068, 0, 0
153168, 0, 1
153268, 0, 1
153368, 0, 0
153468, 0, 1
153568, 0, 0
153668, 0, 1
153768, 0, 0
153868, 0, 1
153968, 0, 0
154068, 0, 0
154168, 0, 1
154268, 0, 0
154368, 0, 1
154468, 0, bit 0
154468, 0, 1
154568, 0, 0
154668, 0, 0
154768, 0, 1
154868, 0, 0
154968, 0, 1
155068, 0, 0
155168, 0, 1
155268, 0, 0
155368, 0, 1
155468, 0, 1
155568, 0, 0
155668, 0, 1
155768, 0, 0
155868, 0, bit 1
155868, 0, 0
155968, 0, 1
156068, 0, 1
156168, 0, 0
156268, 0, 1
156368, 0, 0
156468, 0, 1
156568, 0, 0
156668, 0, 1
156768, 0, 0
156868, 0, 0
156968, 0, 1
157068, 0, 0
157168, 0, 1
157268, 0, bit 0
157268, 0, 1
157368, 0, 0
157468, 0, 0
157568, 0, 1
157668, 0, 0
157768, 0, 1
157868, 0, 0
157968, 0, 1
158068, 0, 0
158168, 0, 1
158268, 0, 1
158368, 0, 0
158468, 0, 1
158568, 0, 0
158668, 0, bit 1
158668, 0, 0
158768, 0, 1
158868, 0, 1
158968, 0, 0
159068, 0, 1
159168, 0, 0
159268, 0, 1
159368, 0, 0
159468, 0, 1
159568, 0, 0
159668, 0, 0
159768, 0, 1
159868, 0, 0
159968, 0, 1
160068, 0, bit 1
160068, 0, 0
160168, 0, 1
160268, 0, 1
160368, 0, 0
160468, 0, 1
160568, 0, 0
160668, 0, 1
160768, 0, 0
160868, 0, 1
160968, 0, 0
161068, 0, 0
161168, 0, 1
161268, 0, 0
161368, 0, 1
161468, 0, bit 0
161468, 0, 1
161568, 0, 0
161668, 0, 0
161768, 0, 1
161868, 0, 0
161968, 0, 1
162068, 0, 0
162168, 0, 1
162268, 0, 0
162368, 0, 1
162468, 0, 1
162568, 0, 0
162668, 0, 1
162768, 0, 0
162868, 0, bit 1
162868, 0, 0
162968, 0, 1
163068, 0, 1
163168, 0, 0
163268, 0, 1
163368, 0, 0
163468, 0, 1
163568, 0, 0
163668, 0, 1
163768, 0, 0
163868, 0, 0
163968, 0, 1
164068, 0, 0
164168, 0, 1
164268, 0, bit 0
164268, 0, 1
164368, 0, 0
164468, 0, 0
164568, 0, 1
164668, 0, 0
164768, 0, 1
164868, 0, 0
164968, 0, 1
165068, 0, 0
165168, 0, 1
165268, 0, 1
165368, 0, 0
165468, 0, 1
165568, 0, 0
165668, 0, bit 1
165668, 0, 0
165768, 0, 1
165868, 0, 1
165968, 0, 0
166068, 0, 1
166168, 0, 0
166268, 0, 1
166368, 0, 0
166468, 0, 1
166568, 0, 0
166668, 0, 0
166768, 0, 1
166868, 0, 0
166968, 0, 1
167068, 0, bit 1
167071, 0, 0
167168, 0, 1
167268, 0, 1
167368, 0, 0
167468, 0, 1
167568, 0, 0
167668, 0, 1
167768, 0, 0
167868, 0, 1
167968, 0, 0
168068, 0, 0
168168, 0, 1
168268, 0, 0
168368, 0, 1
168468, 0, bit 1
168468, 0, 0
168568, 0, 1
168668, 0, 1
168768, 0, 0
168868, 0, 1
168968, 0, 0
169068, 0, 1
169168, 0, 0
169268, 0, 1
169368, 0, 0
169468, 0, 0
169568, 0, 1
169668, 0, 0
169768, 0, 1
169868, 0, bit 1
169868, 0, 0
169968, 0, 1
170068, 0, 1
170168, 0, 0
170268, 0, 1
170368, 0, 0
170468, 0, 1
170568, 0, 0
170668, 0, 1
170768, 0, 0
170868, 0, 0
170968, 0, 1
171068, 0, 0
171168, 0, 1
171268, 0, bit 1
171268, 0, 0
171368, 0, 1
171468, 0, 1
171568, 0, 0
171668, 0, 1
171768, 0, 0
171868, 0, 1
171968, 0, 0
172068, 0, 1
172168, 0, 0
172268, 0, 0
172368, 0, 1
172468, 0, 0
172568, 0, 1
172668, 0, bit 0
172668, 0, 1
172768, 0, 0
172868, 0, 0
172968, 0, 1
173068, 0, 0
173168, 0, 1
173268, 0, 0
173368, 0, 1
173468, 0, 0
173568, 0, 1
173668, 0, 1
173768, 0, 0
173868, 0, 1
173968, 0, 0
174068, 0, bit 1
174068, 0, 0
174168, 0, 1
174268, 0, 1
174368, 0, 0
174468, 0, 1
174568, 0, 0
174668, 0, 1
174768, 0, 0
174868, 0, 1
174968, 0, 0
175068, 0, 0
175168, 0, 1
175268, 0, 0
175368, 0, 1
175468, 0, bit 0
175468, 0, 1
175568, 0, 0
175668, 0, 0
175768, 0, 1
175868, 0, 0
175968, 0, 1
176068, 0, 0
176168, 0, 1
176268, 0, 0
176368, 0, 1
176468, 0, 1
176568, 0, 0
176668, 0, 1
176768, 0, 0
176868, 0, bit 1
176868, 0, 0
176968, 0, 1
177068, 0, 1
177168, 0, 0
177268, 0, 1
177368, 0, 0
177468, 0, 1
177568, 0, 0
177668, 0, 1
177768, 0, 0
177868, 0, 0
177968, 0, 1
178068, 0, 0
178168, 0, 1
178268, 0, bit 0
178268, 0, 1
178368, 0, 0
178468, 0, 0
178568, 0, 1
178668, 0, 0
178768, 0, 1
178868, 0, 0
178968, 0, 1
179068, 0, 0
179168, 0, 1
179268, 0, 1
179368, 0, 0
179468, 0, 1
179568, 0, 0
179668, 0, bit 1
179668, 0, 0
179768, 0, 1
179868, 0, 1
179968, 0, 0
180068, 0, 1
180168, 0, 0
180268, 0, 1
180368, 0, 0
180468, 0, 1
180568, 0, 0
180668, 0, 0
180768, 0, 1
180868, 0, 0
180968, 0, 1
181068, 0, bit 0
181068, 0, 1
181168, 0, 0
181268, 0, 0
181368, 0, 1
181468, 0, 0
181568, 0, 1
181668, 0, 0
181768, 0, 1
181868, 0, 0
181968, 0, 1
182068, 0, 1
182168, 0, 0
182268, 0, 1
182368, 0, 0
182468, 0, bit 1
182468, 0, 0
182568, 0, 1
182668, 0, 1
182768, 0, 0
182868, 0, 1
182968, 0, 0
183068, 0, 1
183168, 0, 0
183268, 0, 1
183368, 0, 0
183468, 0, 0
183568, 0, 1
183668, 0, 0
183768, 0, 1
183868, 0, bit 1
183871, 0, 0
183968, 0, 1
184068, 0, 1
184168, 0, 0
184268, 0, 1
184368, 0, 0
184468, 0, 1
184568, 0, 0
184668, 0, 1
184768, 0, 0
184868, 0, 0
184968, 0, 1
185068, 0, 0
185168, 0, 1
185268, 0, bit 0
185268, 0, 1
185368, 0, 0
185468, 0, 0
185568, 0, 1
185668, 0, 0
185768, 0, 1
185868, 0, 0
185968, 0, 1
186068, 0, 0
186168, 0, 1
186268, 0, 1
186368, 0, 0
186468, 0, 1
186568, 0, 0
186668, 0, bit 1
186668, 0, 0
186768, 0, 1
186868, 0, 1
186968, 0, 0
187068, 0, 1
187168, 0, 0
187268, 0, 1
187368, 0, 0
187468, 0, 1
187568, 0, 0
187668, 0, 0
187768, 0, 1
187868, 0, 0
187968, 0, 1
188068, 0, bit 1
188068, 0, 0
188168, 0, 1
188268, 0, 1
188368, 0, 0
188468, 0, 1
188568, 0, 0
188668, 0, 1
188768, 0, 0
188868, 0, 1
188968, 0, 0
189068, 0, 0
189168, 0, 1
189268, 0, 0
189368, 0, 1
189468, 0, bit 1
189468, 0, 0
189568, 0, 1
189668, 0, 1
189768, 0, 0
189868, 0, 1
189968, 0, 0
190068, 0, 1
190168, 0, 0
190268, 0, 1
190368, 0, 0
190468, 0, 0
190568, 0, 1
190668, 0, 0
190768, 0, 1
190868, 0, bit 0
190868, 0, 1
190968, 0, 0
191068, 0, 0
191168, 0, 1
191268, 0, 0
191368, 0, 1
191468, 0, 0
191568, 0, 1
191668, 0, 0
191768, 0, 1
191868, 0, 1
191968, 0, 0
192068, 0, 1
192168, 0, 0
192268, 0, bit 0
192268, 0, 1
192368, 0, 0
192468, 0, 0
192568, 0, 1
192668, 0, 0
192768, 0, 1
192868, 0, 0
192968, 0, 1
193068, 0, 0
193168, 0, 1
193268, 0, 1
193368, 0, 0
193468, 0, 1
193568, 0, 0
193668, 0, bit 0
193668, 0, 1
193768, 0, 0
193868, 0, 0
193968, 0, 1
194068, 0, 0
194168, 0, 1
194268, 0, 0
194368, 0, 1
194468, 0, 0
194568, 0, 1
194668, 0, 1
194768, 0, 0
194868, 0, 1
194968, 0, 0
195068, 0, bit 0
195068, 0, 1
195168, 0, 0
195268, 0, 0
195368, 0, 1
195468, 0, 0
195568, 0, 1
195668, 0, 0
195768, 0, 1
195868, 0, 0
195968, 0, 1
196068, 0, 1
196168, 0, 0
196268, 0, 1
196368, 0, 0
196468, 0, bit 1
196468, 0, 0
196568, 0, 1
196668, 0, 1
196768, 0, 0
196868, 0, 1
196968, 0, 0
197068, 0, 1
197168, 0, 0
197268, 0, 1
197368, 0, 0
197468, 0, 0
197568, 0, 1
197668, 0, 0
197768, 0, 1
197868, 0, bit 0
197868, 0, 1
197968, 0, 0
198068, 0, 0
198168, 0, 1
198268, 0, 0
198368, 0, 1
198468, 0, 0
198568, 0, 1
198668, 0, 0
198768, 0, 1
198868, 0, 1
198968, 0, 0
199068, 0, 1
199168, 0, 0
199268, 0, bit 1
199268, 0, 0
199368, 0, 1
199468, 0, 1
199568, 0, 0
199668, 0, 1
199768, 0, 0
199868, 0, 1
199968, 0, 0
200068, 0, 1
200168, 0, 0
200268, 0, 0
200368, 0, 1
200468, 0, 0
200568, 0, 1
