125 100 4 7 16
(2, 20, 9, 10.00), (code 1)
(3, 258, 0, 10.00), (code 0)
(4, 496, 7, 10.00), (code 6)
(5, 734, 4, 10.00), (code 3)
START
958935, 0, prem 1
958935, 0, 1
959060, 0, 1
959185, 0, 1
959310, 0, 1
959435, 0, 1
959560, 0, 1
959685, 0, 1
959810, 0, 1
959935, 0, 1
960060, 0, 1
960185, 0, 1
960310, 0, 1
960435, 0, 1
960560, 0, 1
960685, 0, 1
960811, 0, 1
960936, 0, 0
961061, 0, 0
961186, 0, 0
961311, 0, 0
961436, 0, 0
961561, 0, 0
961686, 0, 0
961811, 0, 0
961936, 0, 0
962061, 0, 0
962186, 0, 0
962311, 0, 0
962436, 0, 0
962561, 0, 0
962686, 0, 0
962811, 0, 0
962936, 0, prem 1
962936, 0, 1
963061, 0, 1
963186, 0, 1
963311, 0, 1
963436, 0, 1
963561, 0, 1
963686, 0, 1
963811, 0, 1
963936, 0, 1
964061, 0, 1
964186, 0, 1
964311, 0, 1
964436, 0, 1
964561, 0, 1
964686, 0, 1
964811, 0, 1
964936, 0, 0
965061, 0, 0
965186, 0, 0
965311, 0, 0
965436, 0, 0
965561, 0, 0
965686, 0, 0
965811, 0, 0
965936, 0, 0
966061, 0, 0
966187, 0, 0
966312, 0, 0
966437, 0, 0
966562, 0, 0
966687, 0, 0
966812, 0, 0
966937, 0, prem 0
966937, 0, 0
967062, 0, 0
967187, 0, 0
967312, 0, 0
967437, 0, 0
967562, 0, 0
967687, 0, 0
967812, 0, 0
967937, 0, 0
968062, 0, 0
968187, 0, 0
968312, 0, 0
968437, 0, 0
968562, 0, 0
968687, 0, 0
968812, 0, 0
968937, 0, 1
969062, 0, 1
969187, 0, 1
969312, 0, 1
969437, 0, 1
969562, 0, 1
969687, 0, 1
969812, 0, 1
969937, 0, 1
970062, 0, 1
970187, 0, 1
970312, 0, 1
970437, 0, 1
970562, 0, 1
970687, 0, 1
970812, 0, 1
970937, 0, prem 0
970937, 0, 0
971062, 0, 0
971187, 0, 0
971312, 0, 0
971437, 0, 0
971563, 0, 0
971688, 0, 0
971813, 0, 0
971938, 0, 0
972063, 0, 0
972188, 0, 0
972313, 0, 0
972438, 0, 0
972563, 0, 0
972688, 0, 0
972813, 0, 0
972938, 0, 1
973063, 0, 1
973188, 0, 1
973313, 0, 1
973438, 0, 1
973563, 0, 1
973688, 0, 1
973813, 0, 1
973938, 0, 1
974063, 0, 1
974188, 0, 1
974313, 0, 1
974438, 0, 1
974563, 0, 1
974688, 0, 1
974813, 0, 1
974938, 0, prem 0
974938, 0, 0
975063, 0, 0
975188, 0, 0
975313, 0, 0
975438, 0, 0
975563, 0, 0
975688, 0, 0
975813, 0, 0
975938, 0, 0
976063, 0, 0
976188, 0, 0
976313, 0, 0
976438, 0, 0
976563, 0, 0
976688, 0, 0
976813, 0, 0
976939, 0, 1
977064, 0, 1
977189, 0, 1
977314, 0, 1
977439, 0, 1
977564, 0, 1
977689, 0, 1
977814, 0, 1
977939, 0, 1
978064, 0, 1
978189, 0, 1
978314, 0, 1
978439, 0, 1
978564, 0, 1
978689, 0, 1
978814, 0, 1
978939, 0, prem 0
978939, 0, 0
979064, 0, 0
979189, 0, 0
979314, 0, 0
979439, 0, 0
979564, 0, 0
979689, 0, 0
979814, 0, 0
979939, 0, 0
980064, 0, 0
980189, 0, 0
980314, 0, 0
980439, 0, 0
980564, 0, 0
980689, 0, 0
980814, 0, 0
980939, 0, 1
981064, 0, 1
981189, 0, 1
981314, 0, 1
981439, 0, 1
981564, 0, 1
981689, 0, 1
981814, 0, 1
981939, 0, 1
982064, 0, 1
982189, 0, 1
982315, 0, 1
982440, 0, 1
982565, 0, 1
982690, 0, 1
982815, 0, 1
982940, 0, prem 0
982940, 0, 0
983065, 0, 0
983190, 0, 0
983315, 0, 0
983440, 0, 0
983565, 0, 0
983690, 0, 0
983815, 0, 0
983940, 0, 0
984065, 0, 0
984190, 0, 0
984315, 0, 0
984440, 0, 0
984565, 0, 0
984690, 0, 0
984815, 0, 0
984940, 0, 1
985065, 0, 1
985190, 0, 1
985315, 0, 1
985440, 0, 1
985565, 0, 1
985690, 0, 1
985815, 0, 1
985940, 0, 1
986065, 0, 1
986190, 0, 1
986315, 0, 1
986440, 0, 1
986565, 0, 1
986690, 0, 1
986815, 0, 1
986940, 0, bit 1
986940, 0, 1
987065, 0, 0
987190, 0, 1
987315, 0, 0
987440, 0, 0
987565, 0, 1
987568, 1, prem 0
987568, 1, 0
987691, 0, 0
987693, 1, 0
987816, 0, 1
987820, 1, 0
987941, 0, 0
987945, 1, 0
988066, 0, 1
988070, 1, 0
988191, 0, 0
988195, 1, 0
988316, 0, 1
988320, 1, 0
988441, 0, 0
988445, 1, 0
988566, 0, 1
988570, 1, 0
988691, 0, bit 1
988691, 0, 1
988695, 1, 0
988816, 0, 0
988820, 1, 0
988941, 0, 1
988945, 1, 0
989066, 0, 0
989070, 1, 0
989191, 0, 0
989195, 1, 0
989316, 0, 1
989320, 1, 0
989441, 0, 0
989445, 1, 0
989566, 0, 1
989570, 1, 1
989691, 0, 0
989696, 1, 1
989816, 0, 1
989821, 1, 1
989941, 0, 0
989946, 1, 1
990066, 0, 1
990071, 1, 1
990191, 0, 0
990196, 1, 1
990316, 0, 1
990321, 1, 1
990441, 0, bit 0
990441, 0, 0
990446, 1, 1
990566, 0, 1
990571, 1, 1
990691, 0, 0
990696, 1, 1
990816, 0, 1
990821, 1, 1
990941, 0, 1
990946, 1, 1
991066, 0, 0
991071, 1, 1
991191, 0, 1
991196, 1, 1
991316, 0, 0
991321, 1, 1
991441, 0, 1
991446, 1, 1
991566, 0, 0
991571, 1, prem 1
991571, 1, 1
991691, 0, 1
991696, 1, 1
991816, 0, 0
991821, 1, 1
991941, 0, 1
991946, 1, 1
992066, 0, 0
992071, 1, 1
992191, 0, bit 1
992191, 0, 1
992196, 1, 1
992316, 0, 0
992321, 1, 1
992441, 0, 1
992446, 1, 1
992566, 0, 0
992571, 1, 1
992691, 0, 0
992696, 1, 1
992816, 0, 1
992821, 1, 1
992941, 0, 0
992946, 1, 1
993067, 0, 1
993071, 1, 1
993192, 0, 0
993196, 1, 1
993317, 0, 1
993321, 1, 1
993442, 0, 0
993446, 1, 1
993567, 0, 1
993571, 1, 0
993692, 0, 0
993696, 1, 0
993817, 0, 1
993821, 1, 0
993942, 0, bit 1
993942, 0, 1
993946, 1, 0
994067, 0, 0
994071, 1, 0
994192, 0, 1
994196, 1, 0
994317, 0, 0
994321, 1, 0
994442, 0, 0
994446, 1, 0
994567, 0, 1
994571, 1, 0
994692, 0, 0
994696, 1, 0
994817, 0, 1
994821, 1, 0
994942, 0, 0
994946, 1, 0
995067, 0, 1
995072, 1, 0
995192, 0, 0
995197, 1, 0
995317, 0, 1
995322, 1, 0
995442, 0, 0
995447, 1, 0
995567, 0, 1
995572, 1, prem 1
995572, 1, 1
995692, 0, bit 1
995692, 0, 1
995697, 1, 1
995817, 0, 0
995822, 1, 1
995942, 0, 1
995947, 1, 1
996067, 0, 0
996072, 1, 1
996192, 0, 0
996197, 1, 1
996317, 0, 1
996322, 1, 1
996442, 0, 0
996447, 1, 1
996567, 0, 1
996572, 1, 1
996692, 0, 0
996697, 1, 1
996817, 0, 1
996822, 1, 1
996942, 0, 0
996947, 1, 1
997067, 0, 1
997072, 1, 1
997192, 0, 0
997197, 1, 1
997317, 0, 1
997322, 1, 1
997442, 0, bit 0
997442, 0, 0
997447, 1, 1
997567, 0, 1
997572, 1, 0
997692, 0, 0
997697, 1, 0
997817, 0, 1
997822, 1, 0
997942, 0, 1
997947, 1, 0
998067, 0, 0
998072, 1, 0
998192, 0, 1
998197, 1, 0
998317, 0, 0
998322, 1, 0
998443, 0, 1
998447, 1, 0
998568, 0, 0
998572, 1, 0
998693, 0, 1
998697, 1, 0
998818, 0, 0
998822, 1, 0
998943, 0, 1
998947, 1, 0
999068, 0, 0
999072, 1, 0
999193, 0, bit 0
999193, 0, 0
999197, 1, 0
999318, 0, 1
999322, 1, 0
999443, 0, 0
999447, 1, 0
999568, 0, 1
999572, 1, prem 1
999572, 1, 1
999693, 0, 1
999697, 1, 1
999818, 0, 0
999822, 1, 1
999943, 0, 1
999947, 1, 1
1000068, 0, 0
1000072, 1, 1
1000193, 0, 1
1000197, 1, 1
1000318, 0, 0
1000322, 1, 1
1000443, 0, 1
1000448, 1, 1
1000568, 0, 0
1000573, 1, 1
1000693, 0, 1
1000698, 1, 1
1000818, 0, 0
1000823, 1, 1
1000943, 0, bit 1
1000943, 0, 1
1000948, 1, 1
1001068, 0, 0
1001073, 1, 1
1001193, 0, 1
1001198, 1, 1
1001318, 0, 0
1001323, 1, 1
1001443, 0, 0
1001448, 1, 1
1001568, 0, 1
1001573, 1, 0
1001693, 0, 0
1001698, 1, 0
1001818, 0, 1
1001823, 1, 0
1001943, 0, 0
1001948, 1, 0
1002068, 0, 1
1002073, 1, 0
1002193, 0, 0
1002198, 1, 0
1002318, 0, 1
1002323, 1, 0
1002443, 0, 0
1002448, 1, 0
1002568, 0, 1
1002573, 1, 0
1002693, 0, bit 0
1002696, 0, 0
1002698, 1, 0
1002818, 0, 1
1002823, 1, 0
1002943, 0, 0
1002948, 1, 0
1003068, 0, 1
1003073, 1, 0
1003193, 0, 1
1003198, 1, 0
1003318, 0, 0
1003323, 1, 0
1003443, 0, 1
1003448, 1, 0
1003568, 0, 0
1003573, 1, prem 1
1003573, 1, 1
1003693, 0, 1
1003698, 1, 1
1003819, 0, 0
1003823, 1, 1
1003944, 0, 1
1003948, 1, 1
1004069, 0, 0
1004073, 1, 1
1004194, 0, 1
1004198, 1, 1
1004319, 0, 0
1004323, 1, 1
1004444, 0, bit 1
1004444, 0, 1
1004448, 1, 1
1004569, 0, 0
1004573, 1, 1
1004694, 0, 1
1004698, 1, 1
1004819, 0, 0
1004823, 1, 1
1004944, 0, 0
1004948, 1, 1
1005069, 0, 1
1005073, 1, 1
1005194, 0, 0
1005198, 1, 1
1005319, 0, 1
1005323, 1, 1
1005444, 0, 0
1005448, 1, 1
1005569, 0, 1
1005573, 1, 0
1005694, 0, 0
1005698, 1, 0
1005819, 0, 1
1005824, 1, 0
1005944, 0, 0
1005949, 1, 0
1006069, 0, 1
1006074, 1, 0
1006194, 0, bit 1
1006194, 0, 1
1006199, 1, 0
1006319, 0, 0
1006324, 1, 0
1006444, 0, 1
1006449, 1, 0
1006569, 0, 0
1006574, 1, 0
1006694, 0, 0
1006699, 1, 0
1006819, 0, 1
1006824, 1, 0
1006944, 0, 0
1006949, 1, 0
1007069, 0, 1
1007074, 1, 0
1007194, 0, 0
1007199, 1, 0
1007319, 0, 1
1007324, 1, 0
1007444, 0, 0
1007449, 1, 0
1007569, 0, 1
1007574, 1, prem 0
1007574, 1, 0
1007694, 0, 0
1007699, 1, 0
1007819, 0, 1
1007824, 1, 0
1007944, 0, bit 1
1007944, 0, 1
1007949, 1, 0
1008069, 0, 0
1008074, 1, 0
1008194, 0, 1
1008199, 1, 0
1008319, 0, 0
1008324, 1, 0
1008444, 0, 0
1008449, 1, 0
1008569, 0, 1
1008574, 1, 0
1008694, 0, 0
1008699, 1, 0
1008819, 0, 1
1008824, 1, 0
1008944, 0, 0
1008949, 1, 0
1009069, 0, 1
1009074, 1, 0
1009195, 0, 0
1009199, 1, 0
1009320, 0, 1
1009324, 1, 0
1009445, 0, 0
1009449, 1, 0
1009570, 0, 1
1009574, 1, 1
1009695, 0, bit 1
1009695, 0, 1
1009699, 1, 1
1009820, 0, 0
1009824, 1, 1
1009945, 0, 1
1009949, 1, 1
1010070, 0, 0
1010074, 1, 1
1010195, 0, 0
1010199, 1, 1
1010320, 0, 1
1010324, 1, 1
1010445, 0, 0
1010449, 1, 1
1010570, 0, 1
1010574, 1, 1
1010695, 0, 0
1010699, 1, 1
1010820, 0, 1
1010824, 1, 1
1010945, 0, 0
1010949, 1, 1
1011070, 0, 1
1011074, 1, 1
1011195, 0, 0
1011200, 1, 1
1011320, 0, 1
1011325, 1, 1
1011445, 0, bit 1
1011445, 0, 1
1011450, 1, 1
1011570, 0, 0
1011575, 1, prem 0
1011575, 1, 0
1011695, 0, 1
1011700, 1, 0
1011820, 0, 0
1011825, 1, 0
1011945, 0, 0
1011950, 1, 0
1012070, 0, 1
1012075, 1, 0
1012195, 0, 0
1012200, 1, 0
1012320, 0, 1
1012325, 1, 0
1012445, 0, 0
1012450, 1, 0
1012570, 0, 1
1012575, 1, 0
1012695, 0, 0
1012700, 1, 0
1012820, 0, 1
1012825, 1, 0
1012945, 0, 0
1012950, 1, 0
1013070, 0, 1
1013075, 1, 0
1013195, 0, bit 1
1013195, 0, 1
1013200, 1, 0
1013320, 0, 0
1013325, 1, 0
1013445, 0, 1
1013450, 1, 0
1013570, 0, 0
1013575, 1, 1
1013695, 0, 0
1013700, 1, 1
1013820, 0, 1
1013825, 1, 1
1013945, 0, 0
1013950, 1, 1
1014070, 0, 1
1014075, 1, 1
1014195, 0, 0
1014200, 1, 1
1014320, 0, 1
1014325, 1, 1
1014445, 0, 0
1014450, 1, 1
1014571, 0, 1
1014575, 1, 1
1014696, 0, 0
1014700, 1, 1
1014821, 0, 1
1014825, 1, 1
1014946, 0, bit 0
1014946, 0, 0
1014950, 1, 1
1015071, 0, 1
1015075, 1, 1
1015196, 0, 0
1015200, 1, 1
1015321, 0, 1
1015325, 1, 1
1015446, 0, 1
1015450, 1, 1
1015571, 0, 0
1015575, 1, bit 1
1015575, 1, 0
1015696, 0, 1
1015700, 1, 1
1015821, 0, 0
1015825, 1, 1
1015946, 0, 1
1015950, 1, 0
1016071, 0, 0
1016075, 1, 1
1016196, 0, 1
1016200, 1, 0
1016321, 0, 0
1016325, 1, 1
1016446, 0, 1
1016450, 1, 0
1016571, 0, 0
1016576, 1, 1
1016696, 0, bit 0
1016699, 0, 0
1016701, 1, 0
1016821, 0, 1
1016826, 1, 0
1016946, 0, 0
1016951, 1, 1
1017071, 0, 1
1017076, 1, 0
1017196, 0, 1
1017201, 1, 1
1017321, 0, 0
1017326, 1, bit 0
1017326, 1, 1
1017446, 0, 1
1017451, 1, 0
1017571, 0, 0
1017576, 1, 0
1017696, 0, 1
1017701, 1, 1
1017821, 0, 0
1017826, 1, 0
1017946, 0, 1
1017951, 1, 1
1018071, 0, 0
1018076, 1, 0
1018196, 0, 1
1018201, 1, 1
1018204, 2, prem 0
1018204, 2, 0
1018321, 0, 0
1018326, 1, 0
1018329, 2, 0
1018446, 0, bit 0
1018449, 0, 0
1018451, 1, 1
1018454, 2, 0
1018571, 0, 1
1018576, 1, 1
1018579, 2, 0
1018696, 0, 0
1018701, 1, 0
1018704, 2, 0
1018821, 0, 1
1018826, 1, 1
1018829, 2, 0
1018946, 0, 1
1018951, 1, 0
1018954, 2, 0
1019071, 0, 0
1019076, 1, bit 1
1019076, 1, 0
1019079, 2, 0
1019196, 0, 1
1019201, 1, 1
1019204, 2, 0
1019321, 0, 0
1019326, 1, 1
1019329, 2, 0
1019446, 0, 1
1019451, 1, 0
1019454, 2, 0
1019571, 0, 0
1019576, 1, 1
1019579, 2, 0
1019696, 0, 1
1019701, 1, 0
1019704, 2, 0
1019821, 0, 0
1019826, 1, 1
1019829, 2, 0
1019947, 0, 1
1019951, 1, 0
1019954, 2, 0
1020072, 0, 0
1020076, 1, 1
1020079, 2, 0
1020197, 0, bit 1
1020197, 0, 1
1020201, 1, 0
1020204, 2, 1
1020322, 0, 0
1020326, 1, 0
1020329, 2, 1
1020447, 0, 1
1020451, 1, 1
1020454, 2, 1
1020572, 0, 0
1020576, 1, 0
1020579, 2, 1
1020697, 0, 0
1020701, 1, 1
1020704, 2, 1
1020822, 0, 1
1020826, 1, bit 1
1020826, 1, 0
1020829, 2, 1
1020947, 0, 0
1020951, 1, 1
1020954, 2, 1
1021072, 0, 1
1021076, 1, 1
1021079, 2, 1
1021197, 0, 0
1021201, 1, 0
1021204, 2, 1
1021322, 0, 1
1021326, 1, 1
1021329, 2, 1
1021447, 0, 0
1021451, 1, 0
1021454, 2, 1
1021572, 0, 1
1021576, 1, 1
1021579, 2, 1
1021697, 0, 0
1021701, 1, 0
1021704, 2, 1
1021822, 0, 1
1021826, 1, 1
1021829, 2, 1
1021947, 0, bit 1
1021947, 0, 1
1021952, 1, 0
1021954, 2, 1
1022072, 0, 0
1022077, 1, 0
1022080, 2, 1
1022197, 0, 1
1022202, 1, 1
1022205, 2, prem 0
1022205, 2, 0
1022322, 0, 0
1022327, 1, 0
1022330, 2, 0
1022447, 0, 0
1022452, 1, 1
1022455, 2, 0
1022572, 0, 1
1022577, 1, bit 0
1022577, 1, 1
1022580, 2, 0
1022697, 0, 0
1022702, 1, 0
1022705, 2, 0
1022822, 0, 1
1022827, 1, 0
1022830, 2, 0
1022947, 0, 0
1022952, 1, 1
1022955, 2, 0
1023072, 0, 1
1023077, 1, 0
1023080, 2, 0
1023197, 0, 0
1023202, 1, 1
1023205, 2, 0
1023322, 0, 1
1023327, 1, 0
1023330, 2, 0
1023447, 0, 0
1023452, 1, 1
1023455, 2, 0
1023572, 0, 1
1023577, 1, 0
1023580, 2, 0
1023697, 0, bit 0
1023697, 0, 0
1023702, 1, 1
1023705, 2, 0
1023822, 0, 1
1023827, 1, 1
1023830, 2, 0
1023947, 0, 0
1023952, 1, 0
1023955, 2, 0
1024072, 0, 1
1024077, 1, 1
1024080, 2, 0
1024197, 0, 1
1024202, 1, 0
1024205, 2, 1
1024322, 0, 0
1024327, 1, bit 1
1024327, 1, 0
1024330, 2, 1
1024447, 0, 1
1024452, 1, 1
1024455, 2, 1
1024572, 0, 0
1024577, 1, 1
1024580, 2, 1
1024697, 0, 1
1024702, 1, 0
1024705, 2, 1
1024822, 0, 0
1024827, 1, 1
1024830, 2, 1
1024947, 0, 1
1024952, 1, 0
1024955, 2, 1
1025072, 0, 0
1025077, 1, 1
1025080, 2, 1
1025197, 0, 1
1025202, 1, 0
1025205, 2, 1
1025323, 0, 0
1025327, 1, 1
1025330, 2, 1
1025448, 0, bit 0
1025448, 0, 0
1025452, 1, 0
1025455, 2, 1
1025573, 0, 1
1025577, 1, 0
1025580, 2, 1
1025698, 0, 0
1025702, 1, 1
1025705, 2, 1
1025823, 0, 1
1025827, 1, 0
1025830, 2, 1
1025948, 0, 1
1025952, 1, 1
1025955, 2, 1
1026073, 0, 0
1026077, 1, bit 1
1026077, 1, 0
1026080, 2, 1
1026198, 0, 1
1026202, 1, 1
1026205, 2, prem 1
1026205, 2, 1
1026323, 0, 0
1026327, 1, 1
1026330, 2, 1
1026448, 0, 1
1026452, 1, 0
1026455, 2, 1
1026573, 0, 0
1026577, 1, 1
1026580, 2, 1
1026698, 0, 1
1026702, 1, 0
1026705, 2, 1
1026823, 0, 0
1026827, 1, 1
1026830, 2, 1
1026948, 0, 1
1026952, 1, 0
1026955, 2, 1
1027073, 0, 0
1027077, 1, 1
1027080, 2, 1
1027198, 0, bit 0
1027198, 0, 0
1027202, 1, 0
1027205, 2, 1
1027323, 0, 1
1027328, 1, 0
1027330, 2, 1
1027448, 0, 0
1027453, 1, 1
1027456, 2, 1
1027573, 0, 1
1027578, 1, 0
1027581, 2, 1
1027698, 0, 1
1027703, 1, 1
1027706, 2, 1
1027823, 0, 0
1027828, 1, bit 1
1027828, 1, 0
1027831, 2, 1
1027948, 0, 1
1027953, 1, 1
1027956, 2, 1
1028073, 0, 0
1028078, 1, 1
1028081, 2, 1
1028198, 0, 1
1028203, 1, 0
1028206, 2, 0
1028323, 0, 0
1028328, 1, 1
1028331, 2, 0
1028448, 0, 1
1028453, 1, 0
1028456, 2, 0
1028573, 0, 0
1028578, 1, 1
1028581, 2, 0
1028698, 0, 1
1028703, 1, 0
1028706, 2, 0
1028823, 0, 0
1028828, 1, 1
1028831, 2, 0
1028948, 0, bit 0
1028948, 0, 0
1028953, 1, 0
1028956, 2, 0
1029073, 0, 1
1029078, 1, 0
1029081, 2, 0
1029198, 0, 0
1029203, 1, 1
1029206, 2, 0
1029323, 0, 1
1029328, 1, 0
1029331, 2, 0
1029448, 0, 1
1029453, 1, 1
1029456, 2, 0
1029573, 0, 0
1029578, 1, bit 0
1029578, 1, 1
1029581, 2, 0
1029698, 0, 1
1029703, 1, 0
1029706, 2, 0
1029823, 0, 0
1029828, 1, 0
1029831, 2, 0
1029948, 0, 1
1029953, 1, 1
1029956, 2, 0
1030073, 0, 0
1030078, 1, 0
1030081, 2, 0
1030198, 0, 1
1030203, 1, 1
1030206, 2, prem 0
1030206, 2, 0
1030323, 0, 0
1030328, 1, 0
1030331, 2, 0
1030448, 0, 1
1030453, 1, 1
1030456, 2, 0
1030573, 0, 0
1030578, 1, 0
1030581, 2, 0
1030699, 0, bit 1
1030699, 0, 1
1030703, 1, 1
1030706, 2, 0
1030824, 0, 0
1030828, 1, 1
1030831, 2, 0
1030949, 0, 1
1030953, 1, 0
1030956, 2, 0
1031074, 0, 0
1031078, 1, 1
1031081, 2, 0
1031199, 0, 0
1031203, 1, 0
1031206, 2, 0
1031324, 0, 1
1031328, 1, bit 1
1031328, 1, 0
1031331, 2, 0
1031449, 0, 0
1031453, 1, 1
1031456, 2, 0
1031574, 0, 1
1031578, 1, 1
1031581, 2, 0
1031699, 0, 0
1031709, 1, 0
1031710, 2, 0
1031824, 0, 1
1031834, 1, 1
1031835, 2, 0
1031949, 0, 0
1031959, 1, 0
1031960, 2, 0
1032074, 0, 1
1032084, 1, 1
1032085, 2, 0
1032199, 0, 0
1032209, 1, 0
1032210, 2, 1
1032324, 0, 1
1032334, 1, 1
1032335, 2, 1
1032449, 0, bit 1
1032449, 0, 1
1032459, 1, 0
1032460, 2, 1
1032574, 0, 0
1032584, 1, 0
1032585, 2, 1
1032699, 0, 1
1032709, 1, 1
1032710, 2, 1
1032824, 0, 0
1032834, 1, 0
1032835, 2, 1
1032949, 0, 0
1032960, 1, 1
1032960, 2, 1
1033074, 0, 1
1033085, 1, bit 1
1033085, 1, 0
1033086, 2, 1
1033199, 0, 0
1033210, 1, 1
1033211, 2, 1
1033324, 0, 1
1033335, 1, 1
1033336, 2, 1
1033449, 0, 0
1033460, 1, 0
1033461, 2, 1
1033574, 0, 1
1033585, 1, 1
1033586, 2, 1
1033699, 0, 0
1033710, 1, 0
1033711, 2, 1
1033824, 0, 1
1033835, 1, 1
1033836, 2, 1
1033949, 0, 0
1033960, 1, 0
1033961, 2, 1
1034074, 0, 1
1034085, 1, 1
1034086, 2, 1
1034199, 0, bit 0
1034199, 0, 0
1034210, 1, 0
1034211, 2, prem 0
1034211, 2, 0
1034324, 0, 1
1034335, 1, 0
1034336, 2, 0
1034449, 0, 0
1034460, 1, 1
1034461, 2, 0
1034574, 0, 1
1034585, 1, 0
1034586, 2, 0
1034699, 0, 1
1034710, 1, 1
1034711, 2, 0
1034824, 0, 0
1034835, 1, bit 1
1034835, 1, 0
1034836, 2, 0
1034949, 0, 1
1034960, 1, 1
1034961, 2, 0
1035074, 0, 0
1035085, 1, 1
1035086, 2, 0
1035199, 0, 1
1035210, 1, 0
1035211, 2, 0
1035324, 0, 0
1035335, 1, 1
1035336, 2, 0
1035449, 0, 1
1035460, 1, 0
1035461, 2, 0
1035574, 0, 0
1035585, 1, 1
1035586, 2, 0
1035699, 0, 1
1035710, 1, 0
1035711, 2, 0
1035824, 0, 0
1035835, 1, 1
1035836, 2, 0
1035949, 0, bit 0
1035949, 0, 0
1035960, 1, 0
1035961, 2, 0
1036075, 0, 1
1036085, 1, 0
1036086, 2, 0
1036200, 0, 0
1036210, 1, 1
1036211, 2, 1
1036325, 0, 1
1036335, 1, 0
1036336, 2, 1
1036450, 0, 1
1036460, 1, 1
1036461, 2, 1
1036575, 0, 0
1036585, 1, bit 0
1036585, 1, 1
1036587, 2, 1
1036700, 0, 1
1036710, 1, 0
1036712, 2, 1
1036825, 0, 0
1036835, 1, 0
1036837, 2, 1
1036950, 0, 1
1036960, 1, 1
1036963, 2, 1
1037075, 0, 0
1037085, 1, 0
1037088, 2, 1
1037200, 0, 1
1037210, 1, 1
1037213, 2, 1
1037325, 0, 0
1037335, 1, 0
1037338, 2, 1
1037450, 0, 1
1037460, 1, 1
1037463, 2, 1
1037575, 0, 0
1037585, 1, 0
1037588, 2, 1
1037700, 0, bit 0
1037700, 0, 0
1037710, 1, 1
1037713, 2, 1
1037825, 0, 1
1037835, 1, 1
1037838, 2, 1
1037950, 0, 0
1037960, 1, 0
1037963, 2, 1
1038075, 0, 1
1038085, 1, 1
1038088, 2, 1
1038200, 0, 1
1038210, 1, 0
1038213, 2, prem 1
1038213, 2, 1
1038325, 0, 0
1038336, 1, bit 0
1038336, 1, 1
1038338, 2, 1
1038450, 0, 1
1038461, 1, 0
1038464, 2, 1
1038575, 0, 0
1038586, 1, 0
1038589, 2, 1
1038700, 0, 1
1038711, 1, 1
1038714, 2, 1
1038825, 0, 0
1038836, 1, 0
1038839, 2, 1
1038950, 0, 1
1038961, 1, 1
1038964, 2, 1
1039075, 0, 0
1039086, 1, 0
1039089, 2, 1
1039200, 0, 1
1039211, 1, 1
1039214, 2, 1
1039325, 0, 0
1039336, 1, 0
1039339, 2, 1
1039450, 0, bit 0
1039450, 0, 0
1039461, 1, 1
1039464, 2, 1
1039575, 0, 1
1039586, 1, 1
1039589, 2, 1
1039700, 0, 0
1039711, 1, 0
1039714, 2, 1
1039825, 0, 1
1039836, 1, 1
1039839, 2, 1
1039950, 0, 1
1039961, 1, 0
1039964, 2, 1
1040075, 0, 0
1040086, 1, bit 0
1040086, 1, 1
1040089, 2, 1
1040200, 0, 1
1040211, 1, 0
1040214, 2, 0
1040325, 0, 0
1040336, 1, 0
1040339, 2, 0
1040450, 0, 1
1040461, 1, 1
1040464, 2, 0
1040575, 0, 0
1040586, 1, 0
1040589, 2, 0
1040700, 0, 1
1040711, 1, 1
1040714, 2, 0
1040825, 0, 0
1040836, 1, 0
1040839, 2, 0
1040950, 0, 1
1040961, 1, 1
1040964, 2, 0
1041075, 0, 0
1041086, 1, 0
1041089, 2, 0
1041200, 0, bit 0
1041200, 0, 0
1041211, 1, 1
1041214, 2, 0
1041325, 0, 1
1041336, 1, 1
1041339, 2, 0
1041451, 0, 0
1041461, 1, 0
1041464, 2, 0
1041576, 0, 1
1041586, 1, 1
1041589, 2, 0
1041701, 0, 1
1041711, 1, 0
1041714, 2, 0
1041826, 0, 0
1041836, 1, bit 0
1041836, 1, 1
1041839, 2, 0
1041951, 0, 1
1041961, 1, 0
1041964, 2, 0
1042076, 0, 0
1042086, 1, 0
1042089, 2, 0
1042201, 0, 1
1042211, 1, 1
1042214, 2, prem 0
1042217, 2, 0
1042326, 0, 0
1042336, 1, 0
1042339, 2, 0
1042451, 0, 1
1042461, 1, 1
1042464, 2, 0
1042576, 0, 0
1042586, 1, 0
1042589, 2, 0
1042701, 0, 1
1042711, 1, 1
1042714, 2, 0
1042826, 0, 0
1042836, 1, 0
1042839, 2, 0
1042951, 0, bit 0
1042951, 0, 0
1042961, 1, 1
1042964, 2, 0
1043076, 0, 1
1043086, 1, 1
1043089, 2, 0
1043201, 0, 0
1043211, 1, 0
1043214, 2, 0
1043326, 0, 1
1043336, 1, 1
1043339, 2, 0
1043451, 0, 1
1043461, 1, 0
1043464, 2, 0
1043576, 0, 0
1043586, 1, bit 1
1043589, 1, 0
1043589, 2, 0
1043701, 0, 1
1043712, 1, 1
1043714, 2, 0
1043826, 0, 0
1043837, 1, 1
1043840, 2, 0
1043951, 0, 1
1043962, 1, 0
1043965, 2, 0
1044076, 0, 0
1044087, 1, 1
1044090, 2, 0
1044201, 0, 1
1044212, 1, 0
1044215, 2, 1
1044326, 0, 0
1044337, 1, 1
1044340, 2, 1
1044451, 0, 1
1044462, 1, 0
1044465, 2, 1
1044576, 0, 0
1044587, 1, 1
1044590, 2, 1
1044701, 0, bit 0
1044701, 0, 0
1044712, 1, 0
1044715, 2, 1
1044826, 0, 1
1044837, 1, 0
1044840, 2, 1
1044951, 0, 0
1044962, 1, 1
1044965, 2, 1
1045076, 0, 1
1045087, 1, 0
1045090, 2, 1
1045201, 0, 1
1045212, 1, 1
1045215, 2, 1
1045326, 0, 0
1045337, 1, bit 1
1045337, 1, 0
1045340, 2, 1
1045451, 0, 1
1045462, 1, 1
1045465, 2, 1
1045576, 0, 0
1045587, 1, 1
1045590, 2, 1
1045701, 0, 1
1045712, 1, 0
1045715, 2, 1
1045826, 0, 0
1045837, 1, 1
1045840, 2, 1
1045951, 0, 1
1045962, 1, 0
1045965, 2, 1
1046076, 0, 0
1046087, 1, 1
1046090, 2, 1
1046201, 0, 1
1046212, 1, 0
1046215, 2, bit 1
1046215, 2, 0
1046326, 0, 0
1046337, 1, 1
1046340, 2, 1
1046451, 0, bit 1
1046451, 0, 1
1046462, 1, 0
1046465, 2, 0
1046576, 0, 0
1046587, 1, 0
1046590, 2, 1
1046701, 0, 1
1046712, 1, 1
1046715, 2, 1
1046827, 0, 0
1046837, 1, 0
1046840, 2, 0
1046952, 0, 0
1046962, 1, 1
1046965, 2, 0
1047077, 0, 1
1047087, 1, bit 1
1047087, 1, 0
1047090, 2, 1
1047202, 0, 0
1047212, 1, 1
1047215, 2, 0
1047327, 0, 1
1047337, 1, 1
1047340, 2, 1
1047452, 0, 0
1047462, 1, 0
1047465, 2, 1
1047577, 0, 1
1047587, 1, 1
1047590, 2, 0
1047593, 3, prem 1
1047593, 3, 1
1047702, 0, 0
1047712, 1, 0
1047715, 2, 0
1047718, 3, 1
1047827, 0, 1
1047837, 1, 1
1047840, 2, 1
1047843, 3, 1
1047952, 0, 0
1047962, 1, 0
1047965, 2, bit 0
1047965, 2, 1
1047968, 3, 1
1048077, 0, 1
1048087, 1, 1
1048090, 2, 0
1048093, 3, 1
1048202, 0, bit 0
1048202, 0, 0
1048212, 1, 0
1048215, 2, 1
1048218, 3, 1
1048327, 0, 1
1048337, 1, 0
1048340, 2, 0
1048343, 3, 1
1048452, 0, 0
1048462, 1, 1
1048465, 2, 0
1048468, 3, 1
1048577, 0, 1
1048587, 1, 0
1048590, 2, 1
1048593, 3, 1
1048702, 0, 1
1048712, 1, 1
1048715, 2, 1
1048718, 3, 1
1048827, 0, 0
1048837, 1, bit 1
1048837, 1, 0
1048840, 2, 0
1048843, 3, 1
1048952, 0, 1
1048962, 1, 1
1048965, 2, 1
1048968, 3, 1
1049077, 0, 0
1049088, 1, 1
1049090, 2, 0
1049093, 3, 1
1049202, 0, 1
1049213, 1, 0
1049216, 2, 0
1049218, 3, 1
1049327, 0, 0
1049338, 1, 1
1049341, 2, 1
1049344, 3, 1
1049452, 0, 1
1049463, 1, 0
1049466, 2, 1
1049469, 3, 1
1049577, 0, 0
1049588, 1, 1
1049591, 2, 0
1049594, 3, 0
1049702, 0, 1
1049713, 1, 0
1049716, 2, bit 1
1049716, 2, 0
1049719, 3, 0
1049827, 0, 0
1049838, 1, 1
1049841, 2, 1
1049844, 3, 0
1049952, 0, bit 0
1049952, 0, 0
1049963, 1, 0
1049966, 2, 0
1049969, 3, 0
1050077, 0, 1
1050088, 1, 0
1050091, 2, 1
1050094, 3, 0
1050202, 0, 0
1050213, 1, 1
1050216, 2, 1
1050219, 3, 0
1050327, 0, 1
1050338, 1, 0
1050341, 2, 0
1050344, 3, 0
1050452, 0, 1
1050463, 1, 1
1050466, 2, 0
1050469, 3, 0
1050577, 0, 0
1050588, 1, bit 0
1050588, 1, 1
1050591, 2, 1
1050594, 3, 0
1050702, 0, 1
1050713, 1, 0
1050716, 2, 0
1050719, 3, 0
1050827, 0, 0
1050838, 1, 0
1050841, 2, 1
1050844, 3, 0
1050952, 0, 1
1050963, 1, 1
1050966, 2, 1
1050969, 3, 0
1051077, 0, 0
1051088, 1, 0
1051091, 2, 0
1051094, 3, 0
1051202, 0, 1
1051213, 1, 1
1051216, 2, 0
1051219, 3, 0
1051327, 0, 0
1051338, 1, 0
1051341, 2, 1
1051344, 3, 0
1051452, 0, 1
1051463, 1, 1
1051466, 2, bit 1
1051466, 2, 0
1051469, 3, 0
1051577, 0, 0
1051588, 1, 0
1051591, 2, 1
1051594, 3, prem 1
1051594, 3, 1
1051702, 0, bit 1
1051702, 0, 1
1051713, 1, 1
1051716, 2, 0
1051719, 3, 1
1051827, 0, 0
1051838, 1, 1
1051841, 2, 1
1051844, 3, 1
1051952, 0, 1
1051963, 1, 0
1051966, 2, 1
1051969, 3, 1
1052077, 0, 0
1052088, 1, 1
1052091, 2, 0
1052094, 3, 1
1052203, 0, 0
1052213, 1, 0
1052216, 2, 0
1052219, 3, 1
1052328, 0, 1
1052338, 1, bit 0
1052338, 1, 1
1052341, 2, 1
1052344, 3, 1
1052453, 0, 0
1052463, 1, 0
1052466, 2, 0
1052469, 3, 1
1052578, 0, 1
1052588, 1, 0
1052591, 2, 1
1052594, 3, 1
1052703, 0, 0
1052713, 1, 1
1052716, 2, 1
1052719, 3, 1
1052828, 0, 1
1052838, 1, 0
1052841, 2, 0
1052844, 3, 1
1052953, 0, 0
1052963, 1, 1
1052966, 2, 0
1052969, 3, 1
1053078, 0, 1
1053088, 1, 0
1053091, 2, 1
1053094, 3, 1
1053203, 0, 0
1053213, 1, 1
1053216, 2, bit 0
1053216, 2, 1
1053219, 3, 1
1053328, 0, 1
1053338, 1, 0
1053341, 2, 0
1053344, 3, 1
1053453, 0, bit 0
1053453, 0, 0
1053463, 1, 1
1053466, 2, 1
1053469, 3, 1
1053578, 0, 1
1053588, 1, 1
1053591, 2, 0
1053594, 3, 0
1053703, 0, 0
1053713, 1, 0
1053716, 2, 0
1053719, 3, 0
1053828, 0, 1
1053838, 1, 1
1053841, 2, 1
1053844, 3, 0
1053953, 0, 1
1053963, 1, 0
1053966, 2, 1
1053969, 3, 0
1054078, 0, 0
1054088, 1, bit 1
1054088, 1, 0
1054091, 2, 0
1054094, 3, 0
1054203, 0, 1
1054213, 1, 1
1054216, 2, 1
1054219, 3, 0
1054328, 0, 0
1054338, 1, 1
1054341, 2, 0
1054344, 3, 0
1054453, 0, 1
1054464, 1, 0
1054467, 2, 0
1054469, 3, 0
1054578, 0, 0
1054589, 1, 1
1054592, 2, 1
1054594, 3, 0
1054703, 0, 1
1054714, 1, 0
1054717, 2, 1
1054720, 3, 0
1054828, 0, 0
1054839, 1, 1
1054842, 2, 0
1054845, 3, 0
1054953, 0, 1
1054964, 1, 0
1054967, 2, bit 1
1054967, 2, 0
1054970, 3, 0
1055078, 0, 0
1055089, 1, 1
1055092, 2, 1
1055095, 3, 0
1055203, 0, bit 0
1055203, 0, 0
1055214, 1, 0
1055217, 2, 0
1055220, 3, 0
1055328, 0, 1
1055339, 1, 0
1055342, 2, 1
1055345, 3, 0
1055453, 0, 0
1055464, 1, 1
1055467, 2, 1
1055470, 3, 0
1055578, 0, 1
1055589, 1, 0
1055592, 2, 0
1055595, 3, prem 1
1055595, 3, 1
1055703, 0, 1
1055714, 1, 1
1055717, 2, 0
1055720, 3, 1
1055828, 0, 0
1055839, 1, bit 1
1055839, 1, 0
1055842, 2, 1
1055845, 3, 1
1055953, 0, 1
1055964, 1, 1
1055967, 2, 0
1055970, 3, 1
1056078, 0, 0
1056089, 1, 1
1056092, 2, 1
1056095, 3, 1
1056203, 0, 1
1056214, 1, 0
1056217, 2, 1
1056220, 3, 1
1056328, 0, 0
1056339, 1, 1
1056342, 2, 0
1056345, 3, 1
1056453, 0, 1
1056464, 1, 0
1056467, 2, 0
1056470, 3, 1
1056578, 0, 0
1056589, 1, 1
1056592, 2, 1
1056595, 3, 1
1056703, 0, 1
1056714, 1, 0
1056717, 2, bit 1
1056717, 2, 0
1056720, 3, 1
1056828, 0, 0
1056839, 1, 1
1056842, 2, 1
1056845, 3, 1
1056953, 0, bit 0
1056953, 0, 0
1056964, 1, 0
1056967, 2, 0
1056970, 3, 1
1057078, 0, 1
1057089, 1, 0
1057092, 2, 1
1057095, 3, 1
1057203, 0, 0
1057214, 1, 1
1057217, 2, 1
1057220, 3, 1
1057328, 0, 1
1057339, 1, 0
1057342, 2, 0
1057345, 3, 1
1057453, 0, 1
1057464, 1, 1
1057467, 2, 0
1057470, 3, 1
1057579, 0, 0
1057589, 1, bit 1
1057589, 1, 0
1057592, 2, 1
1057595, 3, 0
1057704, 0, 1
1057714, 1, 1
1057717, 2, 0
1057720, 3, 0
1057829, 0, 0
1057839, 1, 1
1057842, 2, 1
1057845, 3, 0
1057954, 0, 1
1057964, 1, 0
1057967, 2, 1
1057970, 3, 0
1058079, 0, 0
1058089, 1, 1
1058092, 2, 0
1058095, 3, 0
1058204, 0, 1
1058214, 1, 0
1058217, 2, 0
1058220, 3, 0
1058329, 0, 0
1058339, 1, 1
1058342, 2, 1
1058345, 3, 0
1058454, 0, 1
1058464, 1, 0
1058467, 2, bit 1
1058467, 2, 0
1058470, 3, 0
1058579, 0, 0
1058589, 1, 1
1058592, 2, 1
1058595, 3, 0
1058704, 0, bit 1
1058704, 0, 1
1058714, 1, 0
1058717, 2, 0
1058720, 3, 0
1058829, 0, 0
1058839, 1, 0
1058842, 2, 1
1058845, 3, 0
1058954, 0, 1
1058964, 1, 1
1058967, 2, 1
1058970, 3, 0
1059079, 0, 0
1059089, 1, 0
1059092, 2, 0
1059095, 3, 0
1059204, 0, 0
1059214, 1, 1
1059217, 2, 0
1059220, 3, 0
1059329, 0, 1
1059339, 1, bit 0
1059339, 1, 1
1059342, 2, 1
1059345, 3, 0
1059454, 0, 0
1059464, 1, 0
1059467, 2, 0
1059470, 3, 0
1059579, 0, 1
1059589, 1, 0
1059592, 2, 1
1059595, 3, prem 0
1059595, 3, 0
1059704, 0, 0
1059714, 1, 1
1059717, 2, 1
1059720, 3, 0
1059829, 0, 1
1059840, 1, 0
1059842, 2, 0
1059845, 3, 0
1059954, 0, 0
1059965, 1, 1
1059968, 2, 0
1059970, 3, 0
1060079, 0, 1
1060090, 1, 0
1060093, 2, 1
1060096, 3, 0
1060204, 0, 0
1060215, 1, 1
1060218, 2, bit 0
1060218, 2, 1
1060221, 3, 0
1060329, 0, 1
1060340, 1, 0
1060343, 2, 0
1060346, 3, 0
1060454, 0, bit 1
1060454, 0, 1
1060465, 1, 1
1060468, 2, 1
1060471, 3, 0
1060579, 0, 0
1060590, 1, 1
1060593, 2, 0
1060596, 3, 0
1060704, 0, 1
1060715, 1, 0
1060718, 2, 0
1060721, 3, 0
1060829, 0, 0
1060840, 1, 1
1060843, 2, 1
1060846, 3, 0
1060954, 0, 0
1060965, 1, 0
1060968, 2, 1
1060971, 3, 0
1061079, 0, 1
1061090, 1, bit 1
1061090, 1, 0
1061093, 2, 0
1061096, 3, 0
1061204, 0, 0
1061215, 1, 1
1061218, 2, 1
1061221, 3, 0
1061329, 0, 1
1061340, 1, 1
1061343, 2, 0
1061346, 3, 0
1061454, 0, 0
1061465, 1, 0
1061468, 2, 0
1061471, 3, 0
1061579, 0, 1
1061590, 1, 1
1061593, 2, 1
1061596, 3, 1
1061704, 0, 0
1061715, 1, 0
1061718, 2, 1
1061721, 3, 1
1061829, 0, 1
1061840, 1, 1
1061843, 2, 0
1061846, 3, 1
1061954, 0, 0
1061965, 1, 0
1061968, 2, bit 1
1061968, 2, 0
1061971, 3, 1
1062079, 0, 1
1062090, 1, 1
1062093, 2, 1
1062096, 3, 1
1062204, 0, bit 1
1062204, 0, 1
1062215, 1, 0
1062218, 2, 0
1062221, 3, 1
1062329, 0, 0
1062340, 1, 0
1062343, 2, 1
1062346, 3, 1
1062454, 0, 1
1062465, 1, 1
1062468, 2, 1
1062471, 3, 1
1062579, 0, 0
1062590, 1, 0
1062593, 2, 0
1062596, 3, 1
1062704, 0, 0
1062715, 1, 1
1062718, 2, 0
1062721, 3, 1
1062829, 0, 1
1062840, 1, bit 1
1062840, 1, 0
1062843, 2, 1
1062846, 3, 1
1062955, 0, 0
1062965, 1, 1
1062968, 2, 0
1062971, 3, 1
1063080, 0, 1
1063090, 1, 1
1063093, 2, 1
1063096, 3, 1
1063205, 0, 0
1063215, 1, 0
1063218, 2, 1
1063221, 3, 1
1063330, 0, 1
1063340, 1, 1
1063343, 2, 0
1063346, 3, 1
1063455, 0, 0
1063465, 1, 0
1063468, 2, 0
1063471, 3, 1
1063580, 0, 1
1063590, 1, 1
1063593, 2, 1
1063596, 3, prem 1
1063596, 3, 1
1063705, 0, 0
1063715, 1, 0
1063718, 2, bit 1
1063718, 2, 0
1063721, 3, 1
1063830, 0, 1
1063840, 1, 1
1063843, 2, 1
1063846, 3, 1
1063955, 0, bit 0
1063955, 0, 0
1063965, 1, 0
1063968, 2, 0
1063971, 3, 1
1064080, 0, 1
1064090, 1, 0
1064093, 2, 1
1064096, 3, 1
1064205, 0, 0
1064215, 1, 1
1064218, 2, 1
1064221, 3, 1
1064330, 0, 1
1064340, 1, 0
1064343, 2, 0
1064346, 3, 1
1064455, 0, 1
1064465, 1, 1
1064468, 2, 0
1064471, 3, 1
1064580, 0, 0
1064590, 1, bit 0
1064590, 1, 1
1064593, 2, 1
1064596, 3, 1
1064705, 0, 1
1064715, 1, 0
1064718, 2, 0
1064721, 3, 1
1064830, 0, 0
1064840, 1, 0
1064843, 2, 1
1064846, 3, 1
1064955, 0, 1
1064965, 1, 1
1064968, 2, 1
1064971, 3, 1
1065080, 0, 0
1065090, 1, 0
1065093, 2, 0
1065096, 3, 1
1065205, 0, 1
1065216, 1, 1
1065218, 2, 0
1065221, 3, 1
1065330, 0, 0
1065341, 1, 0
1065344, 2, 1
1065347, 3, 1
1065455, 0, 1
1065466, 1, 1
1065469, 2, bit 0
1065469, 2, 1
1065472, 3, 1
1065580, 0, 0
1065591, 1, 0
1065594, 2, 0
1065597, 3, 0
1065705, 0, bit 0
1065705, 0, 0
1065716, 1, 1
1065719, 2, 1
1065722, 3, 0
1065830, 0, 1
1065841, 1, 1
1065844, 2, 0
1065847, 3, 0
1065955, 0, 0
1065966, 1, 0
1065969, 2, 0
1065972, 3, 0
1066080, 0, 1
1066091, 1, 1
1066094, 2, 1
1066097, 3, 0
1066205, 0, 1
1066216, 1, 0
1066219, 2, 1
1066222, 3, 0
1066330, 0, 0
1066341, 1, bit 0
1066344, 1, 1
1066344, 2, 0
1066347, 3, 0
1066455, 0, 1
1066466, 1, 0
1066469, 2, 1
1066472, 3, 0
1066580, 0, 0
1066591, 1, 0
1066594, 2, 0
1066597, 3, 0
1066705, 0, 1
1066716, 1, 1
1066719, 2, 0
1066722, 3, 0
1066830, 0, 0
1066841, 1, 0
1066844, 2, 1
1066847, 3, 0
1066955, 0, 1
1066966, 1, 1
1066969, 2, 1
1066972, 3, 0
1067080, 0, 0
1067091, 1, 0
1067094, 2, 0
1067097, 3, 0
1067205, 0, 1
1067216, 1, 1
1067219, 2, bit 0
1067219, 2, 1
1067222, 3, 0
1067330, 0, 0
1067341, 1, 0
1067352, 2, 0
1067353, 3, 0
1067455, 0, bit 1
1067455, 0, 1
1067466, 1, 1
1067478, 2, 1
1067478, 3, 0
1067580, 0, 0
1067591, 1, 1
1067603, 3, prem 1
1067603, 3, 1
1067604, 2, 0
1067705, 0, 1
1067716, 1, 0
1067728, 3, 1
1067729, 2, 0
1067830, 0, 0
1067841, 1, 1
1067853, 3, 1
1067854, 2, 1
1067955, 0, 0
1067966, 1, 0
1067978, 3, 1
1067979, 2, 1
1068080, 0, 1
1068091, 1, bit 0
1068091, 1, 1
1068103, 3, 1
1068104, 2, 0
1068205, 0, 0
1068216, 1, 0
1068228, 3, 1
1068229, 2, 1
1068331, 0, 1
1068341, 1, 0
1068353, 3, 1
1068354, 2, 0
1068456, 0, 0
1068466, 1, 1
1068478, 3, 1
1068479, 2, 0
1068581, 0, 1
1068591, 1, 0
1068603, 3, 1
1068604, 2, 1
1068706, 0, 0
1068716, 1, 1
1068728, 3, 1
1068729, 2, 1
1068831, 0, 1
1068841, 1, 0
1068853, 3, 1
1068854, 2, 0
1068956, 0, 0
1068966, 1, 1
1068978, 3, 1
1068979, 2, bit 0
1068979, 2, 1
1069081, 0, 1
1069091, 1, 0
1069103, 3, 1
1069104, 2, 0
1069206, 0, bit 0
1069206, 0, 0
1069216, 1, 1
1069228, 3, 1
1069229, 2, 1
1069331, 0, 1
1069341, 1, 1
1069353, 3, 1
1069355, 2, 0
1069456, 0, 0
1069466, 1, 0
1069478, 3, 1
1069480, 2, 0
1069581, 0, 1
1069591, 1, 1
1069603, 3, 0
1069605, 2, 1
1069706, 0, 1
1069716, 1, 0
1069728, 3, 0
1069730, 2, 1
1069831, 0, 0
1069841, 1, bit 0
1069841, 1, 1
1069853, 3, 0
1069855, 2, 0
1069956, 0, 1
1069966, 1, 0
1069978, 3, 0
1069980, 2, 1
1070081, 0, 0
1070091, 1, 0
1070103, 3, 0
1070105, 2, 0
1070206, 0, 1
1070216, 1, 1
1070228, 3, 0
1070230, 2, 0
1070331, 0, 0
1070341, 1, 0
1070353, 3, 0
1070355, 2, 1
1070456, 0, 1
1070466, 1, 1
1070478, 3, 0
1070480, 2, 1
1070581, 0, 0
1070592, 1, 0
1070603, 3, 0
1070605, 2, 0
1070706, 0, 1
1070717, 1, 1
1070728, 3, 0
1070730, 2, bit 1
1070730, 2, 0
1070831, 0, 0
1070842, 1, 0
1070853, 3, 0
1070855, 2, 1
1070956, 0, bit 0
1070956, 0, 0
1070967, 1, 1
1070978, 3, 0
1070980, 2, 0
1071081, 0, 1
1071092, 1, 1
1071104, 3, 0
1071105, 2, 1
1071206, 0, 0
1071217, 1, 0
1071229, 3, 0
1071230, 2, 1
1071331, 0, 1
1071342, 1, 1
1071354, 3, 0
1071355, 2, 0
1071456, 0, 1
1071467, 1, 0
1071479, 3, 0
1071480, 2, 0
1071581, 0, 0
1071592, 1, bit 1
1071592, 1, 0
1071604, 3, prem 1
1071604, 3, 1
1071605, 2, 1
1071706, 0, 1
1071717, 1, 1
1071729, 3, 1
1071730, 2, 0
1071831, 0, 0
1071842, 1, 1
1071854, 3, 1
1071855, 2, 1
1071956, 0, 1
1071967, 1, 0
1071979, 3, 1
1071980, 2, 1
1072081, 0, 0
1072092, 1, 1
1072104, 3, 1
1072105, 2, 0
1072206, 0, 1
1072217, 1, 0
1072229, 3, 1
1072230, 2, 0
1072331, 0, 0
1072342, 1, 1
1072354, 3, 1
1072355, 2, 1
1072456, 0, 1
1072467, 1, 0
1072479, 3, 1
1072480, 2, bit 0
1072480, 2, 1
1072581, 0, 0
1072592, 1, 1
1072604, 3, 1
1072605, 2, 0
1072706, 0, bit 0
1072706, 0, 0
1072717, 1, 0
1072729, 3, 1
1072730, 2, 1
1072831, 0, 1
1072842, 1, 0
1072854, 3, 1
1072855, 2, 0
1072956, 0, 0
1072967, 1, 1
1072979, 3, 1
1072980, 2, 0
1073081, 0, 1
1073092, 1, 0
1073104, 3, 1
1073105, 2, 1
1073206, 0, 1
1073217, 1, 1
1073229, 3, 1
1073230, 2, 1
1073331, 0, 0
1073342, 1, bit 0
1073342, 1, 1
1073354, 3, 1
1073355, 2, 0
1073456, 0, 1
1073467, 1, 0
1073479, 3, 1
1073480, 2, 1
1073581, 0, 0
1073592, 1, 0
1073604, 3, 0
1073605, 2, 0
1073707, 0, 1
1073717, 1, 1
1073729, 3, 0
1073730, 2, 0
1073832, 0, 0
1073842, 1, 0
1073854, 3, 0
1073855, 2, 1
1073957, 0, 1
1073967, 1, 1
1073979, 3, 0
1073980, 2, 1
1074082, 0, 0
1074092, 1, 0
1074104, 3, 0
1074105, 2, 0
1074207, 0, 1
1074217, 1, 1
1074229, 3, 0
1074230, 2, bit 1
1074233, 2, 0
1074332, 0, 0
1074342, 1, 0
1074354, 3, 0
1074355, 2, 1
1074457, 0, bit 0
1074457, 0, 0
1074467, 1, 1
1074479, 3, 0
1074480, 2, 0
1074582, 0, 1
1074592, 1, 1
1074604, 3, 0
1074605, 2, 1
1074707, 0, 0
1074717, 1, 0
1074729, 3, 0
1074731, 2, 1
1074832, 0, 1
1074842, 1, 1
1074854, 3, 0
1074856, 2, 0
1074957, 0, 1
1074967, 1, 0
1074979, 3, 0
1074981, 2, 0
1075082, 0, 0
1075092, 1, bit 0
1075092, 1, 1
1075104, 3, 0
1075106, 2, 1
1075207, 0, 1
1075217, 1, 0
1075229, 3, 0
1075232, 2, 0
1075332, 0, 0
1075342, 1, 0
1075354, 3, 0
1075357, 2, 1
1075457, 0, 1
1075467, 1, 1
1075479, 3, 0
1075482, 2, 1
1075582, 0, 0
1075592, 1, 0
1075604, 3, bit 1
1075604, 3, 1
1075607, 2, 0
1075707, 0, 1
1075717, 1, 1
1075729, 3, 0
1075732, 2, 0
1075832, 0, 0
1075842, 1, 0
1075854, 3, 1
1075857, 2, 1
1075957, 0, 1
1075968, 1, 1
1075979, 3, 0
1075982, 2, bit 0
1075982, 2, 1
1076082, 0, 0
1076093, 1, 0
1076104, 3, 1
1076107, 2, 0
1076207, 0, bit 0
1076207, 0, 0
1076218, 1, 1
1076229, 3, 0
1076232, 2, 1
1076332, 0, 1
1076343, 1, 1
1076354, 3, 0
1076357, 2, 0
1076457, 0, 0
1076468, 1, 0
1076480, 3, 1
1076482, 2, 0
1076582, 0, 1
1076593, 1, 1
1076605, 3, 1
1076608, 2, 1
1076707, 0, 1
1076718, 1, 0
1076730, 3, 0
1076733, 2, 1
1076832, 0, 0
1076843, 1, bit 1
1076843, 1, 0
1076855, 3, 1
1076858, 2, 0
1076957, 0, 1
1076968, 1, 1
1076980, 3, 0
1076983, 2, 1
1077082, 0, 0
1077093, 1, 1
1077105, 3, 1
1077108, 2, 0
1077207, 0, 1
1077218, 1, 0
1077230, 3, 0
1077233, 2, 0
1077332, 0, 0
1077343, 1, 1
1077355, 3, bit 1
1077355, 3, 1
1077358, 2, 1
1077457, 0, 1
1077468, 1, 0
1077480, 3, 0
1077483, 2, 1
1077582, 0, 0
1077593, 1, 1
1077605, 3, 1
1077608, 2, 0
1077707, 0, 1
1077718, 1, 0
1077730, 3, 0
1077733, 2, bit 0
1077733, 2, 1
1077832, 0, 0
1077843, 1, 1
1077855, 3, 1
1077858, 2, 0
1077957, 0, bit 1
1077957, 0, 1
1077968, 1, 0
1077980, 3, 0
1077983, 2, 1
1078082, 0, 0
1078093, 1, 0
1078105, 3, 0
1078108, 2, 0
1078207, 0, 1
1078218, 1, 1
1078230, 3, 1
1078233, 2, 0
1078332, 0, 0
1078343, 1, 0
1078355, 3, 1
1078358, 2, 1
1078457, 0, 0
1078468, 1, 1
1078480, 3, 0
1078483, 2, 1
1078582, 0, 1
1078593, 1, bit 1
1078593, 1, 0
1078605, 3, 1
1078608, 2, 0
1078707, 0, 0
1078718, 1, 1
1078730, 3, 0
1078733, 2, 1
1078832, 0, 1
1078843, 1, 1
1078855, 3, 1
1078858, 2, 0
1078957, 0, 0
1078968, 1, 0
1078980, 3, 0
1078983, 2, 0
1079083, 0, 1
1079093, 1, 1
1079105, 3, bit 0
1079105, 3, 0
1079108, 2, 1
1079208, 0, 0
1079218, 1, 0
1079230, 3, 1
1079233, 2, 1
1079333, 0, 1
1079343, 1, 1
1079355, 3, 0
1079358, 2, 0
1079458, 0, 0
1079468, 1, 0
1079480, 3, 1
1079483, 2, bit 1
1079483, 2, 0
1079583, 0, 1
1079593, 1, 1
1079605, 3, 0
1079608, 2, 1
1079708, 0, bit 1
1079708, 0, 1
1079718, 1, 0
1079730, 3, 1
1079733, 2, 0
1079833, 0, 0
1079843, 1, 0
1079855, 3, 1
1079858, 2, 1
1079958, 0, 1
1079968, 1, 1
1079980, 3, 0
1079983, 2, 1
1080083, 0, 0
1080093, 1, 0
1080105, 3, 0
1080109, 2, 0
1080208, 0, 0
1080218, 1, 1
1080230, 3, 1
1080235, 2, 0
1080333, 0, 1
1080343, 1, bit 1
1080343, 1, 0
1080355, 3, 0
1080360, 2, 1
1080458, 0, 0
1080468, 1, 1
1080480, 3, 1
1080485, 2, 0
1080583, 0, 1
1080593, 1, 1
1080605, 3, 0
1080610, 2, 1
1080708, 0, 0
1080718, 1, 0
1080730, 3, 1
1080735, 2, 1
1080833, 0, 1
1080843, 1, 1
1080855, 3, bit 1
1080855, 3, 1
1080860, 2, 0
1080958, 0, 0
1080968, 1, 0
1080980, 3, 0
1080985, 2, 0
1081083, 0, 1
1081093, 1, 1
1081105, 3, 1
1081110, 2, 1
1081208, 0, 0
1081218, 1, 0
1081230, 3, 0
1081235, 2, bit 1
1081235, 2, 0
1081333, 0, 1
1081344, 1, 1
1081355, 3, 1
1081360, 2, 1
1081458, 0, bit 1
1081458, 0, 1
1081469, 1, 0
1081480, 3, 0
1081485, 2, 0
1081583, 0, 0
1081594, 1, 0
1081605, 3, 0
1081610, 2, 1
1081708, 0, 1
1081719, 1, 1
1081730, 3, 1
1081735, 2, 1
1081833, 0, 0
1081844, 1, 0
1081856, 3, 1
1081860, 2, 0
1081958, 0, 0
1081969, 1, 1
1081981, 3, 0
1081985, 2, 0
1082083, 0, 1
1082094, 1, bit 0
1082097, 1, 1
1082106, 3, 1
1082110, 2, 1
1082208, 0, 0
1082219, 1, 0
1082231, 3, 0
1082235, 2, 0
1082333, 0, 1
1082344, 1, 0
1082356, 3, 1
1082360, 2, 1
1082458, 0, 0
1082469, 1, 1
1082481, 3, 0
1082485, 2, 1
1082583, 0, 1
1082594, 1, 0
1082606, 3, bit 1
1082606, 3, 1
1082610, 2, 0
1082708, 0, 0
1082719, 1, 1
1082731, 3, 0
1082735, 2, 0
1082833, 0, 1
1082844, 1, 0
1082856, 3, 1
1082860, 2, 1
1082958, 0, 0
1082969, 1, 1
1082981, 3, 0
1082985, 2, bit 1
1082985, 2, 0
1083083, 0, 1
1083094, 1, 0
1083106, 3, 1
1083110, 2, 1
1083208, 0, bit 1
1083208, 0, 1
1083219, 1, 1
1083231, 3, 0
1083235, 2, 0
1083333, 0, 0
1083344, 1, 1
1083356, 3, 0
1083360, 2, 1
1083458, 0, 1
1083469, 1, 0
1083481, 3, 1
1083485, 2, 1
1083583, 0, 0
1083594, 1, 1
1083606, 3, 1
1083610, 2, 0
1083708, 0, 0
1083719, 1, 0
1083731, 3, 0
1083735, 2, 0
1083833, 0, 1
1083844, 1, bit 0
1083844, 1, 1
1083856, 3, 1
1083860, 2, 1
1083958, 0, 0
1083969, 1, 0
1083981, 3, 0
1083985, 2, 0
1084083, 0, 1
1084094, 1, 0
1084106, 3, 1
1084110, 2, 1
1084208, 0, 0
1084219, 1, 1
1084231, 3, 0
1084235, 2, 1
1084333, 0, 1
1084344, 1, 0
1084356, 3, bit 1
1084356, 3, 1
1084360, 2, 0
1084459, 0, 0
1084469, 1, 1
1084481, 3, 0
1084485, 2, 0
1084584, 0, 1
1084594, 1, 0
1084606, 3, 1
1084610, 2, 1
1084709, 0, 0
1084719, 1, 1
1084731, 3, 0
1084735, 2, bit 1
1084735, 2, 0
1084834, 0, 1
1084844, 1, 0
1084856, 3, 1
1084860, 2, 1
1084959, 0, bit 1
1084959, 0, 1
1084969, 1, 1
1084981, 3, 0
1084985, 2, 0
1085084, 0, 0
1085094, 1, 1
1085106, 3, 0
1085110, 2, 1
1085209, 0, 1
1085219, 1, 0
1085231, 3, 1
1085235, 2, 1
1085334, 0, 0
1085344, 1, 1
1085356, 3, 1
1085360, 2, 0
1085459, 0, 0
1085469, 1, 0
1085481, 3, 0
1085485, 2, 0
1085584, 0, 1
1085594, 1, bit 1
1085594, 1, 0
1085606, 3, 1
1085611, 2, 1
1085709, 0, 0
1085719, 1, 1
1085731, 3, 0
1085736, 2, 0
1085834, 0, 1
1085844, 1, 1
1085856, 3, 1
1085861, 2, 1
1085959, 0, 0
1085969, 1, 0
1085981, 3, 0
1085986, 2, 1
1086084, 0, 1
1086094, 1, 1
1086106, 3, bit 1
1086106, 3, 1
1086111, 2, 0
1086209, 0, 0
1086219, 1, 0
1086231, 3, 0
1086236, 2, 0
1086334, 0, 1
1086344, 1, 1
1086356, 3, 1
1086361, 2, 1
1086459, 0, 0
1086469, 1, 0
1086481, 3, 0
1086486, 2, bit 0
1086486, 2, 1
1086584, 0, 1
1086594, 1, 1
1086606, 3, 1
1086611, 2, 0
1086709, 0, bit 0
1086709, 0, 0
1086720, 1, 0
1086731, 3, 0
1086736, 2, 1
1086834, 0, 1
1086845, 1, 0
1086856, 3, 0
1086861, 2, 0
1086959, 0, 0
1086970, 1, 1
1086981, 3, 1
1086986, 2, 0
1087084, 0, 1
1087095, 1, 0
1087106, 3, 1
1087111, 2, 1
1087209, 0, 1
1087220, 1, 1
1087232, 3, 0
1087236, 2, 1
1087334, 0, 0
1087345, 1, bit 0
1087345, 1, 1
1087357, 3, 1
1087361, 2, 0
1087459, 0, 1
1087470, 1, 0
1087482, 3, 0
1087486, 2, 1
1087584, 0, 0
1087595, 1, 0
1087607, 3, 1
1087611, 2, 0
1087709, 0, 1
1087720, 1, 1
1087732, 3, 0
1087736, 2, 0
1087834, 0, 0
1087845, 1, 0
1087857, 3, bit 1
1087857, 3, 1
1087861, 2, 1
1087959, 0, 1
1087970, 1, 1
1087982, 3, 0
1087986, 2, 1
1088084, 0, 0
1088095, 1, 0
1088107, 3, 1
1088111, 2, 0
1088209, 0, 1
1088220, 1, 1
1088232, 3, 0
1088236, 2, bit 1
1088236, 2, 0
1088334, 0, 0
1088345, 1, 0
1088357, 3, 1
1088361, 2, 1
1088459, 0, bit 1
1088459, 0, 1
1088470, 1, 1
1088482, 3, 0
1088486, 2, 0
1088584, 0, 0
1088595, 1, 1
1088607, 3, 0
1088611, 2, 1
1088709, 0, 1
1088720, 1, 0
1088732, 3, 1
1088736, 2, 1
1088834, 0, 0
1088845, 1, 1
1088857, 3, 1
1088861, 2, 0
1088959, 0, 0
1088970, 1, 0
1088982, 3, 0
1088986, 2, 0
1089084, 0, 1
1089095, 1, bit 0
1089095, 1, 1
1089107, 3, 1
1089111, 2, 1
1089209, 0, 0
1089220, 1, 0
1089232, 3, 0
1089236, 2, 0
1089334, 0, 1
1089345, 1, 0
1089357, 3, 1
1089361, 2, 1
1089459, 0, 0
1089470, 1, 1
1089482, 3, 0
1089486, 2, 1
1089584, 0, 1
1089595, 1, 0
1089607, 3, bit 0
1089607, 3, 0
1089611, 2, 0
1089709, 0, 0
1089720, 1, 1
1089732, 3, 1
1089736, 2, 0
1089835, 0, 1
1089845, 1, 0
1089857, 3, 0
1089861, 2, 1
1089960, 0, 0
1090003, 1, 1
1090004, 2, bit 0
1090004, 2, 1
1090006, 3, 1
1090085, 0, 1
1090128, 1, 0
1090129, 2, 0
1090131, 3, 0
1090210, 0, bit 1
1090210, 0, 1
1090253, 1, 1
1090254, 2, 1
1090256, 3, 1
1090335, 0, 0
1090378, 1, 1
1090379, 2, 0
1090381, 3, 1
1090460, 0, 1
1090503, 1, 0
1090504, 2, 0
1090506, 3, 0
1090585, 0, 0
1090628, 1, 1
1090629, 2, 1
1090631, 3, 0
1090710, 0, 0
1090753, 1, 0
1090754, 2, 1
1090756, 3, 1
1090835, 0, 1
1090878, 1, bit 0
1090878, 1, 1
1090879, 2, 0
1090882, 3, 0
1090960, 0, 0
1091003, 1, 0
1091004, 2, 1
1091007, 3, 1
1091085, 0, 1
1091128, 1, 0
1091129, 2, 0
1091132, 3, 0
1091210, 0, 0
1091253, 1, 1
1091254, 2, 0
1091257, 3, 1
1091335, 0, 1
1091378, 1, 0
1091379, 2, 1
1091382, 3, bit 1
1091382, 3, 1
1091460, 0, 0
1091503, 1, 1
1091504, 2, 1
1091507, 3, 0
1091585, 0, 1
1091628, 1, 0
1091629, 2, 0
1091632, 3, 1
1091710, 0, 0
1091753, 1, 1
1091755, 2, bit 0
1091755, 2, 1
1091757, 3, 0
1091835, 0, 1
1091878, 1, 0
1091880, 2, 0
1091884, 3, 1
1091960, 0, bit 0
1091960, 0, 0
1092003, 1, 1
1092005, 2, 1
1092009, 3, 0
1092085, 0, 1
1092128, 1, 1
1092130, 2, 0
1092134, 3, 0
1092210, 0, 0
1092253, 1, 0
1092255, 2, 0
1092259, 3, 1
1092335, 0, 1
1092378, 1, 1
1092380, 2, 1
1092384, 3, 1
1092460, 0, 1
1092503, 1, 0
1092505, 2, 1
1092509, 3, 0
1092585, 0, 0
1092628, 1, bit 0
1092628, 1, 1
1092630, 2, 0
1092634, 3, 1
1092710, 0, 1
1092753, 1, 0
1092755, 2, 1
1092759, 3, 0
1092835, 0, 0
1092878, 1, 0
1092881, 2, 0
1092884, 3, 1
1092960, 0, 1
1093003, 1, 1
1093006, 2, 0
1093009, 3, 0
1093085, 0, 0
1093128, 1, 0
1093131, 2, 1
1093134, 3, bit 0
1093134, 3, 0
1093210, 0, 1
1093253, 1, 1
1093256, 2, 1
1093259, 3, 1
1093335, 0, 0
1093378, 1, 0
1093381, 2, 0
1093384, 3, 0
1093460, 0, 1
1093504, 1, 1
1093506, 2, bit 1
1093506, 2, 0
1093509, 3, 1
1093585, 0, 0
1093629, 1, 0
1093632, 2, 1
1093634, 3, 0
1093710, 0, bit 0
1093710, 0, 0
1093754, 1, 1
1093757, 2, 0
1093760, 3, 1
1093835, 0, 1
1093879, 1, 1
1093882, 2, 1
1093885, 3, 1
1093960, 0, 0
1094004, 1, 0
1094007, 2, 1
1094010, 3, 0
1094085, 0, 1
1094129, 1, 1
1094132, 2, 0
1094135, 3, 0
1094210, 0, 1
1094254, 1, 0
1094257, 2, 0
1094260, 3, 1
1094335, 0, 0
1094379, 1, bit 1
1094379, 1, 0
1094382, 2, 1
1094385, 3, 0
1094460, 0, 1
1094504, 1, 1
1094507, 2, 0
1094510, 3, 1
1094585, 0, 0
1094629, 1, 1
1094632, 2, 1
1094635, 3, 0
1094710, 0, 1
1094754, 1, 0
1094757, 2, 1
1094760, 3, 1
1094835, 0, 0
1094879, 1, 1
1094882, 2, 0
1094885, 3, bit 0
1094885, 3, 0
1094960, 0, 1
1095004, 1, 0
1095007, 2, 0
1095010, 3, 1
1095085, 0, 0
1095129, 1, 1
1095132, 2, 1
1095135, 3, 0
1095211, 0, 1
1095254, 1, 0
1095257, 2, bit 1
1095257, 2, 0
1095260, 3, 1
1095336, 0, 0
1095379, 1, 1
1095382, 2, 1
1095385, 3, 0
1095461, 0, bit 1
1095461, 0, 1
1095504, 1, 0
1095507, 2, 0
1095510, 3, 1
1095586, 0, 0
1095629, 1, 0
1095632, 2, 1
1095635, 3, 1
1095711, 0, 1
1095754, 1, 1
1095757, 2, 1
1095760, 3, 0
1095836, 0, 0
1095879, 1, 0
1095882, 2, 0
1095885, 3, 0
1095961, 0, 0
1096004, 1, 1
1096007, 2, 0
1096010, 3, 1
1096086, 0, 1
1096129, 1, bit 1
1096129, 1, 0
1096132, 2, 1
1096135, 3, 0
1096211, 0, 0
1096254, 1, 1
1096257, 2, 0
1096260, 3, 1
1096336, 0, 1
1096379, 1, 1
1096382, 2, 1
1096385, 3, 0
1096461, 0, 0
1096504, 1, 0
1096507, 2, 1
1096510, 3, 1
1096586, 0, 1
1096629, 1, 1
1096632, 2, 0
1096635, 3, bit 0
1096635, 3, 0
1096711, 0, 0
1096754, 1, 0
1096757, 2, 0
1096760, 3, 1
1096836, 0, 1
1096879, 1, 1
1096882, 2, 1
1096885, 3, 0
1096961, 0, 0
1097004, 1, 0
1097007, 2, bit 1
1097007, 2, 0
1097010, 3, 1
1097086, 0, 1
1097129, 1, 1
1097132, 2, 1
1097135, 3, 0
1097211, 0, bit 1
1097211, 0, 1
1097254, 1, 0
1097257, 2, 0
1097260, 3, 1
1097336, 0, 0
1097379, 1, 0
1097382, 2, 1
1097385, 3, 1
1097461, 0, 1
1097504, 1, 1
1097507, 2, 1
1097510, 3, 0
1097586, 0, 0
1097629, 1, 0
1097632, 2, 0
1097635, 3, 0
1097711, 0, 0
1097754, 1, 1
1097757, 2, 0
1097760, 3, 1
1097836, 0, 1
1097879, 1, bit 1
1097879, 1, 0
1097882, 2, 1
1097885, 3, 0
1097961, 0, 0
1098004, 1, 1
1098007, 2, 0
1098010, 3, 1
1098086, 0, 1
1098129, 1, 1
1098132, 2, 1
1098135, 3, 0
1098211, 0, 0
1098254, 1, 0
1098257, 2, 1
1098260, 3, 1
1098336, 0, 1
1098379, 1, 1
1098382, 2, 0
1098385, 3, bit 0
1098385, 3, 0
1098461, 0, 0
1098504, 1, 0
1098507, 2, 0
1098510, 3, 1
1098586, 0, 1
1098629, 1, 1
1098632, 2, 1
1098635, 3, 0
1098711, 0, 0
1098754, 1, 0
1098757, 2, bit 0
1098767, 2, 1
1098768, 3, 1
1098836, 0, 1
1098880, 1, 1
1098882, 2, 0
1098893, 3, 0
1098961, 0, bit 1
1098961, 0, 1
1099005, 1, 0
1099008, 2, 1
1099018, 3, 1
1099086, 0, 0
1099130, 1, 0
1099133, 2, 0
1099143, 3, 1
1099211, 0, 1
1099255, 1, 1
1099258, 2, 0
1099268, 3, 0
1099336, 0, 0
1099380, 1, 0
1099383, 2, 1
1099393, 3, 0
1099461, 0, 0
1099505, 1, 1
1099508, 2, 1
1099518, 3, 1
1099586, 0, 1
1099630, 1, bit 1
1099630, 1, 0
1099633, 2, 0
1099643, 3, 0
1099711, 0, 0
1099755, 1, 1
1099758, 2, 1
1099768, 3, 1
1099836, 0, 1
1099880, 1, 1
1099883, 2, 0
1099893, 3, 0
1099961, 0, 0
1100005, 1, 0
1100008, 2, 0
1100018, 3, 1
1100086, 0, 1
1100130, 1, 1
1100133, 2, 1
1100143, 3, bit 0
1100143, 3, 0
1100211, 0, 0
1100255, 1, 0
1100258, 2, 1
1100268, 3, 1
1100336, 0, 1
1100380, 1, 1
1100383, 2, 0
1100393, 3, 0
1100461, 0, 0
1100505, 1, 0
1100508, 2, bit 1
1100508, 2, 0
1100518, 3, 1
1100587, 0, 1
1100630, 1, 1
1100633, 2, 1
1100643, 3, 0
1100712, 0, bit 0
1100716, 0, 0
1100755, 1, 0
1100758, 2, 0
1100768, 3, 1
1100837, 0, 1
1100880, 1, 0
1100883, 2, 1
1100893, 3, 1
1100962, 0, 0
1101005, 1, 1
1101008, 2, 1
1101018, 3, 0
1101087, 0, 1
1101130, 1, 0
1101133, 2, 0
1101143, 3, 0
1101212, 0, 1
1101255, 1, 1
1101258, 2, 0
1101268, 3, 1
1101337, 0, 0
1101380, 1, bit 0
1101380, 1, 1
1101383, 2, 1
1101393, 3, 0
1101462, 0, 1
1101505, 1, 0
1101508, 2, 0
1101518, 3, 1
1101587, 0, 0
1101630, 1, 0
1101633, 2, 1
1101643, 3, 0
1101712, 0, 1
1101755, 1, 1
1101758, 2, 1
1101768, 3, 1
1101837, 0, 0
1101880, 1, 0
1101883, 2, 0
1101893, 3, bit 1
1101893, 3, 1
1101962, 0, 1
1102005, 1, 1
1102008, 2, 0
1102018, 3, 0
1102087, 0, 0
1102130, 1, 0
1102133, 2, 1
1102143, 3, 1
1102212, 0, 1
1102255, 1, 1
1102258, 2, bit 1
1102258, 2, 0
1102268, 3, 0
1102337, 0, 0
1102380, 1, 0
1102383, 2, 1
1102393, 3, 1
1102462, 0, bit 1
1102462, 0, 1
1102505, 1, 1
1102508, 2, 0
1102518, 3, 0
1102587, 0, 0
1102630, 1, 1
1102633, 2, 1
1102643, 3, 0
1102712, 0, 1
1102755, 1, 0
1102758, 2, 1
1102768, 3, 1
1102837, 0, 0
1102880, 1, 1
1102883, 2, 0
1102893, 3, 1
1102962, 0, 0
1103005, 1, 0
1103008, 2, 0
1103019, 3, 0
1103087, 0, 1
1103130, 1, bit 1
1103130, 1, 0
1103133, 2, 1
1103144, 3, 1
1103212, 0, 0
1103255, 1, 1
1103258, 2, 0
1103269, 3, 0
1103337, 0, 1
1103380, 1, 1
1103383, 2, 1
1103394, 3, 1
1103462, 0, 0
1103505, 1, 0
1103508, 2, 1
1103519, 3, 0
1103587, 0, 1
1103630, 1, 1
1103633, 2, 0
1103644, 3, bit 0
1103647, 3, 0
1103712, 0, 0
1103755, 1, 0
1103758, 2, 0
1103769, 3, 1
1103837, 0, 1
1103880, 1, 1
1103883, 2, 1
1103894, 3, 0
1103962, 0, 0
1104005, 1, 0
1104008, 2, bit 1
1104008, 2, 0
1104019, 3, 1
1104087, 0, 1
1104130, 1, 1
1104133, 2, 1
1104144, 3, 0
1104212, 0, bit 0
1104212, 0, 0
1104256, 1, 0
1104258, 2, 0
1104269, 3, 1
1104337, 0, 1
1104381, 1, 0
1104384, 2, 1
1104394, 3, 1
1104462, 0, 0
1104506, 1, 1
1104509, 2, 1
1104519, 3, 0
1104587, 0, 1
1104631, 1, 0
1104634, 2, 0
1104644, 3, 0
1104712, 0, 1
1104756, 1, 1
1104759, 2, 0
1104769, 3, 1
1104837, 0, 0
1104881, 1, bit 1
1104881, 1, 0
1104884, 2, 1
1104894, 3, 0
1104962, 0, 1
1105006, 1, 1
1105009, 2, 0
1105019, 3, 1
1105087, 0, 0
1105131, 1, 1
1105134, 2, 1
1105144, 3, 0
1105212, 0, 1
1105256, 1, 0
1105259, 2, 1
1105269, 3, 1
1105337, 0, 0
1105381, 1, 1
1105384, 2, 0
1105394, 3, bit 0
1105394, 3, 0
1105462, 0, 1
1105506, 1, 0
1105509, 2, 0
1105519, 3, 1
1105587, 0, 0
1105631, 1, 1
1105634, 2, 1
1105644, 3, 0
1105712, 0, 1
1105756, 1, 0
1105759, 2, bit 1
1105759, 2, 0
1105769, 3, 1
1105837, 0, 0
1105881, 1, 1
1105884, 2, 1
1105894, 3, 0
1105963, 0, bit 0
1105963, 0, 0
1106006, 1, 0
1106009, 2, 0
1106019, 3, 1
1106088, 0, 1
1106131, 1, 0
1106134, 2, 1
1106144, 3, 1
1106213, 0, 0
1106256, 1, 1
1106259, 2, 1
1106269, 3, 0
1106338, 0, 1
1106381, 1, 0
1106384, 2, 0
1106394, 3, 0
1106463, 0, 1
1106506, 1, 1
1106509, 2, 0
1106519, 3, 1
1106588, 0, 0
1106631, 1, bit 0
1106631, 1, 1
1106634, 2, 1
1106644, 3, 0
1106713, 0, 1
1106756, 1, 0
1106759, 2, 0
1106769, 3, 1
1106838, 0, 0
1106881, 1, 0
1106884, 2, 1
1106894, 3, 0
1106963, 0, 1
1107006, 1, 1
1107009, 2, 1
1107019, 3, 1
1107088, 0, 0
1107131, 1, 0
1107134, 2, 0
1107144, 3, bit 0
1107144, 3, 0
1107213, 0, 1
1107256, 1, 1
1107259, 2, 0
1107269, 3, 1
1107338, 0, 0
1107381, 1, 0
1107384, 2, 1
1107394, 3, 0
1107463, 0, 1
1107506, 1, 1
1107509, 2, bit 1
1107509, 2, 0
1107519, 3, 1
1107588, 0, 0
1107631, 1, 0
1107634, 2, 1
1107644, 3, 0
1107713, 0, bit 1
1107713, 0, 1
1107756, 1, 1
1107759, 2, 0
1107769, 3, 1
1107838, 0, 0
1107881, 1, 1
1107884, 2, 1
1107894, 3, 1
1107963, 0, 1
1108006, 1, 0
1108009, 2, 1
1108019, 3, 0
1108088, 0, 0
1108131, 1, 1
1108134, 2, 0
1108144, 3, 0
1108213, 0, 0
1108256, 1, 0
1108259, 2, 0
1108269, 3, 1
1108338, 0, 1
1108381, 1, bit 0
1108381, 1, 1
1108384, 2, 1
1108395, 3, 0
1108463, 0, 0
1108506, 1, 0
1108509, 2, 0
1108520, 3, 1
1108588, 0, 1
1108631, 1, 0
1108634, 2, 1
1108645, 3, 0
1108713, 0, 0
1108756, 1, 1
1108759, 2, 1
1108770, 3, 1
1108838, 0, 1
1108881, 1, 0
1108884, 2, 0
1108895, 3, bit 0
1108895, 3, 0
1108963, 0, 0
1109006, 1, 1
1109009, 2, 0
1109020, 3, 1
1109088, 0, 1
1109131, 1, 0
1109134, 2, 1
1109145, 3, 0
1109213, 0, 0
1109256, 1, 1
1109259, 2, bit 0
1109259, 2, 1
1109270, 3, 1
1109338, 0, 1
1109381, 1, 0
1109384, 2, 0
1109395, 3, 0
1109463, 0, bit 0
1109463, 0, 0
1109506, 1, 1
1109509, 2, 1
1109520, 3, 1
1109588, 0, 1
1109632, 1, 1
1109634, 2, 0
1109645, 3, 1
1109713, 0, 0
1109757, 1, 0
1109760, 2, 0
1109770, 3, 0
1109838, 0, 1
1109882, 1, 1
1109885, 2, 1
1109895, 3, 0
1109963, 0, 1
1110007, 1, 0
1110010, 2, 1
1110020, 3, 1
1110088, 0, 0
1110132, 1, bit 0
1110132, 1, 1
1110135, 2, 0
1110145, 3, 0
1110213, 0, 1
1110257, 1, 0
1110260, 2, 1
1110270, 3, 1
1110338, 0, 0
1110382, 1, 0
1110385, 2, 0
1110395, 3, 0
1110463, 0, 1
1110507, 1, 1
1110510, 2, 0
1110520, 3, 1
1110588, 0, 0
1110632, 1, 0
1110635, 2, 1
1110645, 3, bit 1
1110645, 3, 1
1110713, 0, 1
1110757, 1, 1
1110760, 2, 1
1110770, 3, 0
1110838, 0, 0
1110882, 1, 0
1110885, 2, 0
1110895, 3, 1
1110963, 0, 1
1111007, 1, 1
1111010, 2, bit 1
1111010, 2, 0
1111020, 3, 0
1111088, 0, 0
1111132, 1, 0
1111135, 2, 1
1111145, 3, 1
1111213, 0, bit 1
1111213, 0, 1
1111257, 1, 1
1111260, 2, 0
1111270, 3, 0
1111339, 0, 0
1111382, 1, 1
1111385, 2, 1
1111395, 3, 0
1111464, 0, 1
1111507, 1, 0
1111510, 2, 1
1111520, 3, 1
1111589, 0, 0
1111632, 1, 1
1111635, 2, 0
1111645, 3, 1
1111714, 0, 0
1111757, 1, 0
1111760, 2, 0
1111770, 3, 0
1111839, 0, 1
1111882, 1, bit 1
1111882, 1, 0
1111885, 2, 1
1111895, 3, 1
1111964, 0, 0
1112007, 1, 1
1112010, 2, 0
1112020, 3, 0
1112089, 0, 1
1112132, 1, 1
1112135, 2, 1
1112145, 3, 1
1112214, 0, 0
1112257, 1, 0
1112260, 2, 1
1112270, 3, 0
1112339, 0, 1
1112382, 1, 1
1112385, 2, 0
1112395, 3, bit 1
1112395, 3, 1
1112464, 0, 0
1112507, 1, 0
1112510, 2, 0
1112520, 3, 0
1112589, 0, 1
1112632, 1, 1
1112635, 2, 1
1112645, 3, 1
1112714, 0, 0
1112757, 1, 0
1112760, 2, bit 1
1112760, 2, 0
1112770, 3, 0
1112839, 0, 1
1112882, 1, 1
1112885, 2, 1
1112895, 3, 1
1112964, 0, bit 0
1112964, 0, 0
1113007, 1, 0
1113010, 2, 0
1113020, 3, 0
1113089, 0, 1
1113132, 1, 0
1113135, 2, 1
1113145, 3, 0
1113214, 0, 0
1113257, 1, 1
1113260, 2, 1
1113270, 3, 1
1113339, 0, 1
1113382, 1, 0
1113385, 2, 0
1113395, 3, 1
1113464, 0, 1
1113507, 1, 1
1113510, 2, 0
1113520, 3, 0
1113589, 0, 0
1113632, 1, bit 0
1113632, 1, 1
1113635, 2, 1
1113645, 3, 1
1113714, 0, 1
1113757, 1, 0
1113760, 2, 0
1113771, 3, 0
1113839, 0, 0
1113882, 1, 0
1113885, 2, 1
1113896, 3, 1
1113964, 0, 1
1114007, 1, 1
1114010, 2, 1
1114021, 3, 0
1114089, 0, 0
1114132, 1, 0
1114135, 2, 0
1114146, 3, bit 0
1114146, 3, 0
1114214, 0, 1
1114257, 1, 1
1114260, 2, 0
1114271, 3, 1
1114339, 0, 0
1114382, 1, 0
1114385, 2, 1
1114396, 3, 0
1114464, 0, 1
1114507, 1, 1
1114510, 2, bit 0
1114510, 2, 1
1114521, 3, 1
1114589, 0, 0
1114632, 1, 0
1114635, 2, 0
1114646, 3, 0
1114714, 0, bit 1
1114714, 0, 1
1114757, 1, 1
1114760, 2, 1
1114771, 3, 1
1114839, 0, 0
1114882, 1, 1
1114885, 2, 0
1114896, 3, 1
1114964, 0, 1
1115008, 1, 0
1115010, 2, 0
1115021, 3, 0
1115089, 0, 0
1115133, 1, 1
1115136, 2, 1
1115146, 3, 0
1115214, 0, 0
1115258, 1, 0
1115261, 2, 1
1115271, 3, 1
1115339, 0, 1
1115383, 1, bit 0
1115383, 1, 1
1115386, 2, 0
1115396, 3, 0
1115464, 0, 0
1115508, 1, 0
1115511, 2, 1
1115521, 3, 1
1115589, 0, 1
1115633, 1, 0
1115636, 2, 0
1115646, 3, 0
1115714, 0, 0
1115758, 1, 1
1115761, 2, 0
1115771, 3, 1
1115839, 0, 1
1115883, 1, 0
1115886, 2, 1
1115896, 3, bit 0
1115896, 3, 0
1115964, 0, 0
1116008, 1, 1
1116011, 2, 1
1116021, 3, 1
1116089, 0, 1
1116133, 1, 0
1116136, 2, 0
1116146, 3, 0
1116214, 0, 0
1116258, 1, 1
1116261, 2, bit 0
1116261, 2, 1
1116271, 3, 1
1116339, 0, 1
1116383, 1, 0
1116386, 2, 0
1116396, 3, 0
1116464, 0, bit 0
1116464, 0, 0
1116508, 1, 1
1116511, 2, 1
1116521, 3, 1
1116589, 0, 1
1116633, 1, 1
1116636, 2, 0
1116646, 3, 1
1116715, 0, 0
1116758, 1, 0
1116761, 2, 0
1116771, 3, 0
1116840, 0, 1
1116883, 1, 1
1116886, 2, 1
1116896, 3, 0
1116965, 0, 1
1117008, 1, 0
1117011, 2, 1
1117021, 3, 1
1117090, 0, 0
1117133, 1, bit 0
1117133, 1, 1
1117136, 2, 0
1117146, 3, 0
1117215, 0, 1
1117258, 1, 0
1117261, 2, 1
1117271, 3, 1
1117340, 0, 0
1117383, 1, 0
1117386, 2, 0
1117396, 3, 0
1117465, 0, 1
1117508, 1, 1
1117511, 2, 0
1117521, 3, 1
1117590, 0, 0
1117633, 1, 0
1117636, 2, 1
1117646, 3, bit 0
1117646, 3, 0
1117715, 0, 1
1117758, 1, 1
1117761, 2, 1
1117771, 3, 1
1117840, 0, 0
1117883, 1, 0
1117886, 2, 0
1117896, 3, 0
1117965, 0, 1
1118008, 1, 1
1118011, 2, bit 1
1118011, 2, 0
1118021, 3, 1
1118090, 0, 0
1118133, 1, 0
1118136, 2, 1
1118146, 3, 0
1118215, 0, bit 1
1118215, 0, 1
1118258, 1, 1
1118261, 2, 0
1118271, 3, 1
1118340, 0, 0
1118383, 1, 1
1118386, 2, 1
1118396, 3, 1
1118465, 0, 1
1118508, 1, 0
1118511, 2, 1
1118521, 3, 0
1118590, 0, 0
1118633, 1, 1
1118636, 2, 0
1118646, 3, 0
1118715, 0, 0
1118758, 1, 0
1118761, 2, 0
1118771, 3, 1
1118840, 0, 1
1118883, 1, bit 1
1118883, 1, 0
1118886, 2, 1
1118896, 3, 0
1118965, 0, 0
1119008, 1, 1
1119011, 2, 0
1119021, 3, 1
1119090, 0, 1
1119133, 1, 1
1119136, 2, 1
1119147, 3, 0
1119215, 0, 0
1119258, 1, 0
1119261, 2, 1
1119272, 3, 1
1119340, 0, 1
1119383, 1, 1
1119386, 2, 0
1119397, 3, bit 1
1119397, 3, 1
1119465, 0, 0
1119508, 1, 0
1119511, 2, 0
1119522, 3, 0
1119590, 0, 1
1119633, 1, 1
1119636, 2, 1
1119647, 3, 1
1119715, 0, 0
1119758, 1, 0
1119761, 2, bit 0
1119761, 2, 1
1119772, 3, 0
1119840, 0, 1
1119883, 1, 1
1119886, 2, 0
1119897, 3, 1
1119965, 0, bit 0
1119965, 0, 0
1120008, 1, 0
1120011, 2, 1
1120022, 3, 0
1120090, 0, 1
1120133, 1, 0
1120136, 2, 0
1120147, 3, 0
1120215, 0, 0
1120258, 1, 1
1120261, 2, 0
1120272, 3, 1
1120340, 0, 1
1120384, 1, 0
1120386, 2, 1
1120397, 3, 1
1120465, 0, 1
1120509, 1, 1
1120512, 2, 1
1120522, 3, 0
1120590, 0, 0
1120634, 1, bit 0
1120634, 1, 1
1120637, 2, 0
1120647, 3, 1
1120715, 0, 1
1120759, 1, 0
1120762, 2, 1
1120772, 3, 0
1120840, 0, 0
1120884, 1, 0
1120887, 2, 0
1120897, 3, 1
1120965, 0, 1
1121009, 1, 1
1121012, 2, 0
1121022, 3, 0
1121090, 0, 0
1121134, 1, 0
1121137, 2, 1
1121147, 3, bit 1
1121147, 3, 1
1121215, 0, 1
1121259, 1, 1
1121262, 2, 1
1121272, 3, 0
1121340, 0, 0
1121384, 1, 0
1121387, 2, 0
1121397, 3, 1
1121465, 0, 1
1121509, 1, 1
1121512, 2, bit 0
1121512, 2, 1
1121522, 3, 0
1121590, 0, 0
1121634, 1, 0
1121637, 2, 0
1121647, 3, 1
1121715, 0, bit 1
1121715, 0, 1
1121759, 1, 1
1121762, 2, 1
1121772, 3, 0
1121840, 0, 0
1121884, 1, 1
1121887, 2, 0
1121897, 3, 0
1121965, 0, 1
1122009, 1, 0
1122012, 2, 0
1122022, 3, 1
1122091, 0, 0
1122134, 1, 1
1122137, 2, 1
1122147, 3, 1
1122216, 0, 0
1122259, 1, 0
1122263, 2, 1
1122272, 3, 0
1122341, 0, 1
1122384, 1, bit 1
1122384, 1, 0
1122388, 2, 0
1122397, 3, 1
1122466, 0, 0
1122509, 1, 1
1122513, 2, 1
1122522, 3, 0
1122591, 0, 1
1122634, 1, 1
1122638, 2, 0
1122647, 3, 1
1122716, 0, 0
1122759, 1, 0
1122763, 2, 0
1122772, 3, 0
1122841, 0, 1
1122884, 1, 1
1122888, 2, 1
1122897, 3, bit 0
1122897, 3, 0
1122966, 0, 0
1123009, 1, 0
1123013, 2, 1
1123022, 3, 1
1123091, 0, 1
1123134, 1, 1
1123138, 2, 0
1123147, 3, 0
1123216, 0, 0
1123259, 1, 0
1123263, 2, bit 0
1123263, 2, 1
1123272, 3, 1
1123341, 0, 1
1123384, 1, 1
1123388, 2, 0
1123397, 3, 0
1123466, 0, bit 1
1123466, 0, 1
1123509, 1, 0
1123513, 2, 1
1123522, 3, 1
1123591, 0, 0
1123634, 1, 0
1123638, 2, 0
1123647, 3, 1
1123716, 0, 1
1123759, 1, 1
1123763, 2, 0
1123772, 3, 0
1123841, 0, 0
1123884, 1, 0
1123888, 2, 1
1123897, 3, 0
1123966, 0, 0
1124009, 1, 1
1124013, 2, 1
1124022, 3, 1
1124091, 0, 1
1124134, 1, bit 1
1124134, 1, 0
1124139, 2, 0
1124147, 3, 0
1124216, 0, 0
1124259, 1, 1
1124264, 2, 1
1124272, 3, 1
1124341, 0, 1
1124384, 1, 1
1124389, 2, 0
1124397, 3, 0
1124466, 0, 0
1124509, 1, 0
1124514, 2, 0
1124523, 3, 1
1124591, 0, 1
1124634, 1, 1
1124639, 2, 1
1124648, 3, bit 0
1124648, 3, 0
1124716, 0, 0
1124759, 1, 0
1124764, 2, 1
1124773, 3, 1
1124841, 0, 1
1124884, 1, 1
1124889, 2, 0
1124898, 3, 0
1124966, 0, 0
1125009, 1, 0
1125014, 2, bit 0
1125014, 2, 1
1125023, 3, 1
1125091, 0, 1
1125134, 1, 1
1125139, 2, 0
1125148, 3, 0
1125216, 0, bit 0
1125216, 0, 0
1125259, 1, 0
1125264, 2, 1
1125273, 3, 1
1125341, 0, 1
1125384, 1, 0
1125389, 2, 0
1125398, 3, 1
1125466, 0, 0
1125509, 1, 1
1125514, 2, 0
1125523, 3, 0
1125591, 0, 1
1125634, 1, 0
1125639, 2, 1
1125648, 3, 0
1125716, 0, 1
1125760, 1, 1
1125764, 2, 1
1125773, 3, 1
1125841, 0, 0
1125885, 1, bit 1
1125885, 1, 0
1125889, 2, 0
1125898, 3, 0
1125966, 0, 1
1126010, 1, 1
1126014, 2, 1
1126023, 3, 1
1126091, 0, 0
1126135, 1, 1
1126139, 2, 0
1126148, 3, 0
1126216, 0, 1
1126260, 1, 0
1126264, 2, 0
1126273, 3, 1
1126341, 0, 0
1126385, 1, 1
1126389, 2, 1
1126398, 3, bit 0
1126398, 3, 0
1126466, 0, 1
1126510, 1, 0
1126514, 2, 1
1126523, 3, 1
1126591, 0, 0
1126635, 1, 1
1126639, 2, 0
1126648, 3, 0
1126716, 0, 1
1126760, 1, 0
1126764, 2, bit 1
1126764, 2, 0
1126773, 3, 1
1126841, 0, 0
1126885, 1, 1
1126889, 2, 1
1126898, 3, 0
1126966, 0, bit 1
1126966, 0, 1
1127010, 1, 0
1127014, 2, 0
1127023, 3, 1
1127091, 0, 0
1127135, 1, 0
1127139, 2, 1
1127148, 3, 1
1127216, 0, 1
1127260, 1, 1
1127264, 2, 1
1127273, 3, 0
1127341, 0, 0
1127385, 1, 0
1127389, 2, 0
1127398, 3, 0
1127467, 0, 0
1127510, 1, 1
1127514, 2, 0
1127523, 3, 1
1127592, 0, 1
1127635, 1, bit 0
1127635, 1, 1
1127639, 2, 1
1127648, 3, 0
1127717, 0, 0
1127760, 1, 0
1127764, 2, 0
1127773, 3, 1
1127842, 0, 1
1127885, 1, 0
1127889, 2, 1
1127898, 3, 0
1127967, 0, 0
1128010, 1, 1
1128014, 2, 1
1128023, 3, 1
1128092, 0, 1
1128135, 1, 0
1128139, 2, 0
1128148, 3, bit 0
1128148, 3, 0
1128217, 0, 0
1128260, 1, 1
1128264, 2, 0
1128273, 3, 1
1128342, 0, 1
1128385, 1, 0
1128389, 2, 1
1128398, 3, 0
1128467, 0, 0
1128510, 1, 1
1128514, 2, bit 0
1128514, 2, 1
1128523, 3, 1
1128592, 0, 1
1128635, 1, 0
1128639, 2, 0
1128648, 3, 0
1128717, 0, bit 1
1128717, 0, 1
1128760, 1, 1
1128764, 2, 1
1128773, 3, 1
1128842, 0, 0
1128885, 1, 1
1128889, 2, 0
1128898, 3, 1
1128967, 0, 1
1129010, 1, 0
1129014, 2, 0
1129023, 3, 0
1129092, 0, 0
1129135, 1, 1
1129139, 2, 1
1129148, 3, 0
1129217, 0, 0
1129260, 1, 0
1129264, 2, 1
1129273, 3, 1
1129342, 0, 1
1129385, 1, bit 0
1129385, 1, 1
1129389, 2, 0
1129398, 3, 0
1129467, 0, 0
1129510, 1, 0
1129515, 2, 1
1129523, 3, 1
1129592, 0, 1
1129635, 1, 0
1129640, 2, 0
1129648, 3, 0
1129717, 0, 0
1129760, 1, 1
1129765, 2, 0
1129773, 3, 1
1129842, 0, 1
1129885, 1, 0
1129890, 2, 1
1129899, 3, bit 1
1129899, 3, 1
1129967, 0, 0
1130010, 1, 1
1130015, 2, 1
1130024, 3, 0
1130092, 0, 1
1130135, 1, 0
1130140, 2, 0
1130149, 3, 1
1130217, 0, 0
1130260, 1, 1
1130265, 2, bit 0
1130265, 2, 1
1130274, 3, 0
1130342, 0, 1
1130385, 1, 0
1130390, 2, 0
1130399, 3, 1
1130467, 0, bit 1
1130467, 0, 1
1130510, 1, 1
1130515, 2, 1
1130524, 3, 0
1130592, 0, 0
1130635, 1, 1
1130640, 2, 0
1130649, 3, 0
1130717, 0, 1
1130760, 1, 0
1130765, 2, 0
1130774, 3, 1
1130842, 0, 0
1130885, 1, 1
1130890, 2, 1
1130899, 3, 1
1130967, 0, 0
1131010, 1, 0
1131015, 2, 1
1131024, 3, 0
1131092, 0, 1
1131136, 1, bit 1
1131136, 1, 0
1131140, 2, 0
1131149, 3, 1
1131217, 0, 0
1131261, 1, 1
1131265, 2, 1
1131274, 3, 0
1131342, 0, 1
1131386, 1, 1
1131390, 2, 0
1131399, 3, 1
1131467, 0, 0
1131511, 1, 0
1131515, 2, 0
1131524, 3, 0
1131592, 0, 1
1131636, 1, 1
1131640, 2, 1
1131649, 3, bit 1
1131649, 3, 1
1131717, 0, 0
1131761, 1, 0
1131765, 2, 1
1131774, 3, 0
1131842, 0, 1
1131886, 1, 1
1131890, 2, 0
1131899, 3, 1
1131967, 0, 0
1132011, 1, 0
1132015, 2, bit 1
1132018, 2, 0
1132024, 3, 0
1132092, 0, 1
1132136, 1, 1
1132140, 2, 1
1132149, 3, 1
1132217, 0, bit 0
1132217, 0, 0
1132261, 1, 0
1132265, 2, 0
1132274, 3, 0
1132342, 0, 1
1132386, 1, 0
1132390, 2, 1
1132399, 3, 0
1132467, 0, 0
1132511, 1, 1
1132515, 2, 1
1132524, 3, 1
1132592, 0, 1
1132636, 1, 0
1132640, 2, 0
1132649, 3, 1
1132717, 0, 1
1132761, 1, 1
1132765, 2, 0
1132774, 3, 0
1132843, 0, 0
1132886, 1, bit 0
1132886, 1, 1
1132890, 2, 1
1132899, 3, 1
1132968, 0, 1
1133011, 1, 0
1133015, 2, 0
1133024, 3, 0
1133093, 0, 0
1133136, 1, 0
1133140, 2, 1
1133149, 3, 1
1133218, 0, 1
1133261, 1, 1
1133265, 2, 1
1133274, 3, 0
1133343, 0, 0
1133386, 1, 0
1133390, 2, 0
1133399, 3, bit 1
1133399, 3, 1
1133468, 0, 1
1133511, 1, 1
1133515, 2, 0
1133524, 3, 0
1133593, 0, 0
1133636, 1, 0
1133640, 2, 1
1133649, 3, 1
1133718, 0, 1
1133761, 1, 1
1133765, 2, bit 0
1133765, 2, 1
1133774, 3, 0
1133843, 0, 0
1133886, 1, 0
1133890, 2, 0
1133899, 3, 1
1133968, 0, bit 0
1133971, 0, 0
1134011, 1, 1
1134015, 2, 1
1134024, 3, 0
1134093, 0, 1
1134136, 1, 1
1134140, 2, 0
1134149, 3, 0
1134218, 0, 0
1134261, 1, 0
1134265, 2, 0
1134274, 3, 1
1134343, 0, 1
1134386, 1, 1
1134390, 2, 1
1134399, 3, 1
1134468, 0, 1
1134511, 1, 0
1134515, 2, 1
1134524, 3, 0
1134593, 0, 0
1134636, 1, bit 0
1134636, 1, 1
1134640, 2, 0
1134649, 3, 1
1134718, 0, 1
1134761, 1, 0
1134765, 2, 1
1134774, 3, 0
1134843, 0, 0
1134886, 1, 0
1134891, 2, 0
1134899, 3, 1
1134968, 0, 1
1135011, 1, 1
1135016, 2, 0
1135024, 3, 0
1135093, 0, 0
1135136, 1, 0
1135141, 2, 1
1135149, 3, bit 0
1135149, 3, 0
1135218, 0, 1
1135261, 1, 1
1135266, 2, 1
1135275, 3, 1
1135343, 0, 0
1135386, 1, 0
1135391, 2, 0
1135400, 3, 0
1135468, 0, 1
1135511, 1, 1
1135516, 2, bit 0
1135516, 2, 1
1135525, 3, 1
1135593, 0, 0
1135636, 1, 0
1135641, 2, 0
1135650, 3, 0
1135718, 0, bit 0
1135718, 0, 0
1135761, 1, 1
1135766, 2, 1
1135775, 3, 1
1135843, 0, 1
1135886, 1, 1
1135891, 2, 0
1135900, 3, 1
1135968, 0, 0
1136011, 1, 0
1136016, 2, 0
1136025, 3, 0
1136093, 0, 1
1136136, 1, 1
1136141, 2, 1
1136150, 3, 0
1136218, 0, 1
1136261, 1, 0
1136266, 2, 1
1136275, 3, 1
1136343, 0, 0
1136386, 1, bit 0
1136386, 1, 1
1136391, 2, 0
1136400, 3, 0
1136468, 0, 1
1136512, 1, 0
1136516, 2, 1
1136525, 3, 1
1136593, 0, 0
1136637, 1, 0
1136641, 2, 0
1136650, 3, 0
1136718, 0, 1
1136762, 1, 1
1136766, 2, 0
1136775, 3, 1
1136843, 0, 0
1136887, 1, 0
1136891, 2, 1
1136900, 3, bit 0
1136903, 3, 0
1136968, 0, 1
1137012, 1, 1
1137016, 2, 1
1137025, 3, 1
1137093, 0, 0
1137137, 1, 0
1137141, 2, 0
1137150, 3, 0
1137218, 0, 1
1137262, 1, 1
1137266, 2, bit 0
1137266, 2, 1
1137275, 3, 1
1137343, 0, 0
1137387, 1, 0
1137391, 2, 0
1137400, 3, 0
1137468, 0, bit 0
1137468, 0, 0
1137512, 1, 1
1137516, 2, 1
1137525, 3, 1
1137593, 0, 1
1137637, 1, 1
1137641, 2, 0
1137650, 3, 1
1137718, 0, 0
1137762, 1, 0
1137766, 2, 0
1137775, 3, 0
1137843, 0, 1
1137887, 1, 1
1137891, 2, 1
1137900, 3, 0
1137968, 0, 1
1138012, 1, 0
1138016, 2, 1
1138025, 3, 1
1138093, 0, 0
1138137, 1, bit 0
1138137, 1, 1
1138141, 2, 0
1138150, 3, 0
1138219, 0, 1
1138262, 1, 0
1138266, 2, 1
1138275, 3, 1
1138344, 0, 0
1138387, 1, 0
1138391, 2, 0
1138400, 3, 0
1138469, 0, 1
1138512, 1, 1
1138516, 2, 0
1138525, 3, 1
1138594, 0, 0
1138637, 1, 0
1138641, 2, 1
1138650, 3, bit 0
1138650, 3, 0
1138719, 0, 1
1138762, 1, 1
1138766, 2, 1
1138775, 3, 1
1138844, 0, 0
1138887, 1, 0
1138891, 2, 0
1138900, 3, 0
1138969, 0, 1
1139012, 1, 1
1139016, 2, bit 1
1139016, 2, 0
1139025, 3, 1
1139094, 0, 0
1139137, 1, 0
1139141, 2, 1
1139150, 3, 0
1139219, 0, bit 1
1139219, 0, 1
1139262, 1, 1
1139266, 2, 0
1139275, 3, 1
1139344, 0, 0
1139387, 1, 1
1139391, 2, 1
1139400, 3, 1
1139469, 0, 1
1139512, 1, 0
1139516, 2, 1
1139525, 3, 0
1139594, 0, 0
1139637, 1, 1
1139641, 2, 0
1139650, 3, 0
1139719, 0, 0
1139762, 1, 0
1139766, 2, 0
1139775, 3, 1
1139844, 0, 1
1139887, 1, bit 0
1139887, 1, 1
1139891, 2, 1
1139900, 3, 0
1139969, 0, 0
1140012, 1, 0
1140016, 2, 0
1140025, 3, 1
1140094, 0, 1
1140137, 1, 0
1140141, 2, 1
1140150, 3, 0
1140219, 0, 0
1140262, 1, 1
1140267, 2, 1
1140275, 3, 1
1140344, 0, 1
1140387, 1, 0
1140392, 2, 0
1140400, 3, bit 1
1140400, 3, 1
1140469, 0, 0
1140512, 1, 1
1140517, 2, 0
1140525, 3, 0
1140594, 0, 1
1140637, 1, 0
1140642, 2, 1
1140651, 3, 1
1140719, 0, 0
1140762, 1, 1
1140767, 2, bit 0
1140767, 2, 1
1140776, 3, 0
1140844, 0, 1
1140887, 1, 0
1140892, 2, 0
1140901, 3, 1
1140969, 0, bit 1
1140969, 0, 1
1141012, 1, 1
1141017, 2, 1
1141026, 3, 0
1141094, 0, 0
1141137, 1, 1
1141142, 2, 0
1141151, 3, 0
1141219, 0, 1
1141262, 1, 0
1141267, 2, 0
1141276, 3, 1
1141344, 0, 0
1141387, 1, 1
1141392, 2, 1
1141401, 3, 1
1141469, 0, 0
1141512, 1, 0
1141517, 2, 1
1141526, 3, 0
1141594, 0, 1
1141637, 1, bit 0
1141637, 1, 1
1141642, 2, 0
1141651, 3, 1
1141719, 0, 0
1141762, 1, 0
1141767, 2, 1
1141776, 3, 0
1141844, 0, 1
1141888, 1, 0
1141892, 2, 0
1141901, 3, 1
1141969, 0, 0
1142013, 1, 1
1142017, 2, 0
1142026, 3, 0
1142094, 0, 1
1142138, 1, 0
1142142, 2, 1
1142151, 3, bit 0
1142151, 3, 0
1142219, 0, 0
1142263, 1, 1
1142267, 2, 1
1142276, 3, 1
1142344, 0, 1
1142388, 1, 0
1142392, 2, 0
1142401, 3, 0
1142469, 0, 0
1142513, 1, 1
1142517, 2, bit 0
1142517, 2, 1
1142526, 3, 1
1142594, 0, 1
1142638, 1, 0
1142642, 2, 0
1142651, 3, 0
1142719, 0, bit 1
1142719, 0, 1
1142763, 1, 1
1142767, 2, 1
1142776, 3, 1
1142844, 0, 0
1142888, 1, 1
1142892, 2, 0
1142901, 3, 1
1142969, 0, 1
1143013, 1, 0
1143017, 2, 0
1143026, 3, 0
1143094, 0, 0
1143138, 1, 1
1143142, 2, 1
1143151, 3, 0
1143219, 0, 0
1143263, 1, 0
1143267, 2, 1
1143276, 3, 1
1143344, 0, 1
1143388, 1, bit 0
1143388, 1, 1
1143392, 2, 0
1143401, 3, 0
1143469, 0, 0
1143513, 1, 0
1143517, 2, 1
1143526, 3, 1
1143595, 0, 1
1143638, 1, 0
1143642, 2, 0
1143651, 3, 0
1143720, 0, 0
1143763, 1, 1
1143767, 2, 0
1143776, 3, 1
1143845, 0, 1
1143888, 1, 0
1143892, 2, 1
1143901, 3, bit 0
1143901, 3, 0
1143970, 0, 0
1144013, 1, 1
1144017, 2, 1
1144026, 3, 1
1144095, 0, 1
1144138, 1, 0
1144142, 2, 0
1144151, 3, 0
1144220, 0, 0
1144263, 1, 1
1144267, 2, bit 0
1144267, 2, 1
1144276, 3, 1
1144345, 0, 1
1144388, 1, 0
1144392, 2, 0
1144401, 3, 0
1144470, 0, bit 0
1144470, 0, 0
1144513, 1, 1
1144517, 2, 1
1144526, 3, 1
1144595, 0, 1
1144638, 1, 1
1144642, 2, 0
1144651, 3, 1
1144720, 0, 0
1144763, 1, 0
1144767, 2, 0
1144776, 3, 0
1144845, 0, 1
1144888, 1, 1
1144892, 2, 1
1144901, 3, 0
1144970, 0, 1
1145013, 1, 0
1145017, 2, 1
1145026, 3, 1
1145095, 0, 0
1145138, 1, bit 0
1145138, 1, 1
1145142, 2, 0
1145151, 3, 0
1145220, 0, 1
1145263, 1, 0
1145267, 2, 1
1145276, 3, 1
1145345, 0, 0
1145388, 1, 0
1145392, 2, 0
1145401, 3, 0
1145470, 0, 1
1145513, 1, 1
1145517, 2, 0
1145526, 3, 1
1145595, 0, 0
1145638, 1, 0
1145643, 2, 1
1145651, 3, bit 0
1145651, 3, 0
1145720, 0, 1
1145763, 1, 1
1145768, 2, 1
1145776, 3, 1
1145845, 0, 0
1145888, 1, 0
1145893, 2, 0
1145901, 3, 0
1145970, 0, 1
1146013, 1, 1
1146018, 2, bit 1
1146018, 2, 0
1146027, 3, 1
1146095, 0, 0
1146138, 1, 0
1146143, 2, 1
1146152, 3, 0
1146220, 0, bit 0
1146220, 0, 0
1146263, 1, 1
1146268, 2, 0
1146277, 3, 1
1146345, 0, 1
1146388, 1, 1
1146393, 2, 1
1146402, 3, 1
1146470, 0, 0
1146513, 1, 0
1146518, 2, 1
1146527, 3, 0
1146595, 0, 1
1146638, 1, 1
1146643, 2, 0
1146652, 3, 0
1146720, 0, 1
1146763, 1, 0
1146768, 2, 0
1146777, 3, 1
1146845, 0, 0
1146888, 1, bit 1
1146888, 1, 0
1146893, 2, 1
1146902, 3, 0
1146970, 0, 1
1147013, 1, 1
1147018, 2, 0
1147027, 3, 1
1147095, 0, 0
1147138, 1, 1
1147143, 2, 1
1147152, 3, 0
1147220, 0, 1
1147264, 1, 0
1147268, 2, 1
1147277, 3, 1
1147345, 0, 0
1147389, 1, 1
1147393, 2, 0
1147402, 3, bit 1
1147402, 3, 1
1147470, 0, 1
1147514, 1, 0
1147518, 2, 0
1147527, 3, 0
1147595, 0, 0
1147639, 1, 1
1147643, 2, 1
1147652, 3, 1
1147720, 0, 1
1147764, 1, 0
1147768, 2, bit 1
1147768, 2, 0
1147777, 3, 0
1147845, 0, 0
1147889, 1, 1
1147893, 2, 1
1147902, 3, 1
1147970, 0, bit 1
1147970, 0, 1
1148014, 1, 0
1148018, 2, 0
1148027, 3, 0
1148095, 0, 0
1148139, 1, 0
1148143, 2, 1
1148152, 3, 0
1148220, 0, 1
1148264, 1, 1
1148268, 2, 1
1148277, 3, 1
1148345, 0, 0
1148389, 1, 0
1148393, 2, 0
1148402, 3, 1
1148470, 0, 0
1148514, 1, 1
1148518, 2, 0
1148527, 3, 0
1148595, 0, 1
1148639, 1, bit 0
1148639, 1, 1
1148643, 2, 1
1148652, 3, 1
1148720, 0, 0
1148764, 1, 0
1148768, 2, 0
1148777, 3, 0
1148845, 0, 1
1148889, 1, 0
1148893, 2, 1
1148902, 3, 1
1148971, 0, 0
1149014, 1, 1
1149018, 2, 1
1149027, 3, 0
1149096, 0, 1
1149139, 1, 0
1149143, 2, 0
1149152, 3, bit 0
1149152, 3, 0
1149221, 0, 0
1149264, 1, 1
1149268, 2, 0
1149277, 3, 1
1149346, 0, 1
1149389, 1, 0
1149393, 2, 1
1149402, 3, 0
1149471, 0, 0
1149514, 1, 1
1149518, 2, bit 0
1149518, 2, 1
1149527, 3, 1
1149596, 0, 1
1149639, 1, 0
1149643, 2, 0
1149652, 3, 0
1149721, 0, bit 0
1149721, 0, 0
1149764, 1, 1
1149768, 2, 1
1149777, 3, 1
1149846, 0, 1
1149889, 1, 1
1149893, 2, 0
1149902, 3, 1
1149971, 0, 0
1150014, 1, 0
1150018, 2, 0
1150027, 3, 0
1150096, 0, 1
1150139, 1, 1
1150143, 2, 1
1150152, 3, 0
1150221, 0, 1
1150264, 1, 0
1150268, 2, 1
1150277, 3, 1
1150346, 0, 0
1150389, 1, bit 0
1150389, 1, 1
1150393, 2, 0
1150402, 3, 0
1150471, 0, 1
1150514, 1, 0
1150518, 2, 1
1150527, 3, 1
1150596, 0, 0
1150639, 1, 0
1150643, 2, 0
1150652, 3, 0
1150721, 0, 1
1150764, 1, 1
1150768, 2, 0
1150777, 3, 1
1150846, 0, 0
1150889, 1, 0
1150893, 2, 1
1150902, 3, bit 1
1150902, 3, 1
1150971, 0, 1
1151014, 1, 1
1151019, 2, 1
1151027, 3, 0
1151096, 0, 0
1151139, 1, 0
1151144, 2, 0
1151152, 3, 1
1151221, 0, 1
1151264, 1, 1
1151269, 2, bit 0
1151269, 2, 1
1151277, 3, 0
1151346, 0, 0
1151389, 1, 0
1151394, 2, 0
1151403, 3, 1
1151471, 0, bit 1
1151471, 0, 1
1151514, 1, 1
1151519, 2, 1
1151528, 3, 0
1151596, 0, 0
1151639, 1, 1
1151644, 2, 0
1151653, 3, 0
1151721, 0, 1
1151764, 1, 0
1151769, 2, 0
1151778, 3, 1
1151846, 0, 0
1151889, 1, 1
1151894, 2, 1
1151903, 3, 1
1151971, 0, 0
1152014, 1, 0
1152019, 2, 1
1152028, 3, 0
1152096, 0, 1
1152139, 1, bit 1
1152139, 1, 0
1152144, 2, 0
1152153, 3, 1
1152221, 0, 0
1152264, 1, 1
1152269, 2, 1
1152278, 3, 0
1152346, 0, 1
1152389, 1, 1
1152394, 2, 0
1152403, 3, 1
1152471, 0, 0
1152514, 1, 0
1152519, 2, 0
1152528, 3, 0
1152596, 0, 1
1152640, 1, 1
1152644, 2, 1
1152653, 3, bit 0
1152653, 3, 0
1152721, 0, 0
1152765, 1, 0
1152769, 2, 1
1152778, 3, 1
1152846, 0, 1
1152890, 1, 1
1152894, 2, 0
1152903, 3, 0
1152971, 0, 0
1153015, 1, 0
1153019, 2, bit 0
1153019, 2, 1
1153028, 3, 1
1153096, 0, 1
1153140, 1, 1
1153144, 2, 0
1153153, 3, 0
1153221, 0, bit 0
1153221, 0, 0
1153265, 1, 0
1153269, 2, 1
1153278, 3, 1
1153346, 0, 1
1153390, 1, 0
1153394, 2, 0
1153403, 3, 1
1153471, 0, 0
1153515, 1, 1
1153519, 2, 0
1153528, 3, 0
1153596, 0, 1
1153640, 1, 0
1153644, 2, 1
1153653, 3, 0
1153721, 0, 1
1153765, 1, 1
1153769, 2, 1
1153778, 3, 1
1153846, 0, 0
1153890, 1, bit 0
1153890, 1, 1
1153894, 2, 0
1153903, 3, 0
1153971, 0, 1
1154015, 1, 0
1154019, 2, 1
1154028, 3, 1
1154096, 0, 0
1154140, 1, 0
1154144, 2, 0
1154153, 3, 0
1154221, 0, 1
1154265, 1, 1
1154269, 2, 0
1154278, 3, 1
1154347, 0, 0
1154390, 1, 0
1154394, 2, 1
1154403, 3, bit 0
1154403, 3, 0
1154472, 0, 1
1154515, 1, 1
1154519, 2, 1
1154528, 3, 1
1154597, 0, 0
1154640, 1, 0
1154644, 2, 0
1154653, 3, 0
1154722, 0, 1
1154765, 1, 1
1154769, 2, bit 1
1154769, 2, 0
1154778, 3, 1
1154847, 0, 0
1154890, 1, 0
1154894, 2, 1
1154903, 3, 0
1154972, 0, bit 0
1154972, 0, 0
1155015, 1, 1
1155019, 2, 0
1155028, 3, 1
1155097, 0, 1
1155140, 1, 1
1155144, 2, 1
1155153, 3, 1
1155222, 0, 0
1155265, 1, 0
1155269, 2, 1
1155278, 3, 0
1155347, 0, 1
1155390, 1, 1
1155394, 2, 0
1155403, 3, 0
1155472, 0, 1
1155515, 1, 0
1155519, 2, 0
1155528, 3, 1
1155597, 0, 0
1155640, 1, bit 1
1155640, 1, 0
1155644, 2, 1
1155653, 3, 0
1155722, 0, 1
1155765, 1, 1
1155769, 2, 0
1155778, 3, 1
1155847, 0, 0
1155890, 1, 1
1155894, 2, 1
1155903, 3, 0
1155972, 0, 1
1156015, 1, 0
1156019, 2, 1
1156028, 3, 1
1156097, 0, 0
1156140, 1, 1
1156144, 2, 0
1156153, 3, bit 1
1156153, 3, 1
1156222, 0, 1
1156265, 1, 0
1156269, 2, 0
1156278, 3, 0
1156347, 0, 0
1156390, 1, 1
1156395, 2, 1
1156403, 3, 1
1156472, 0, 1
1156515, 1, 0
1156520, 2, bit 1
1156520, 2, 0
1156528, 3, 0
1156597, 0, 0
1156640, 1, 1
1156645, 2, 1
1156653, 3, 1
1156722, 0, bit 1
1156722, 0, 1
1156765, 1, 0
1156770, 2, 0
1156779, 3, 0
1156847, 0, 0
1156890, 1, 0
1156895, 2, 1
1156904, 3, 0
1156972, 0, 1
1157015, 1, 1
1157020, 2, 1
1157029, 3, 1
1157097, 0, 0
1157140, 1, 0
1157145, 2, 0
1157154, 3, 1
1157222, 0, 0
1157265, 1, 1
1157270, 2, 0
1157279, 3, 0
1157347, 0, 1
1157390, 1, bit 1
1157390, 1, 0
1157395, 2, 1
1157404, 3, 1
1157472, 0, 0
1157515, 1, 1
1157520, 2, 0
1157529, 3, 0
1157597, 0, 1
1157640, 1, 1
1157645, 2, 1
1157654, 3, 1
1157722, 0, 0
1157765, 1, 0
1157770, 2, 1
1157779, 3, 0
1157847, 0, 1
1157890, 1, 1
1157895, 2, 0
1157904, 3, bit 0
1157904, 3, 0
1157972, 0, 0
1158016, 1, 0
1158020, 2, 0
1158029, 3, 1
1158097, 0, 1
1158141, 1, 1
1158145, 2, 1
1158154, 3, 0
1158222, 0, 0
1158266, 1, 0
1158270, 2, bit 1
1158270, 2, 0
1158279, 3, 1
1158347, 0, 1
1158391, 1, 1
1158395, 2, 1
1158404, 3, 0
1158472, 0, bit 1
1158472, 0, 1
1158516, 1, 0
1158520, 2, 0
1158529, 3, 1
1158597, 0, 0
1158641, 1, 0
1158645, 2, 1
1158654, 3, 1
1158722, 0, 1
1158766, 1, 1
1158770, 2, 1
1158779, 3, 0
1158847, 0, 0
1158891, 1, 0
1158895, 2, 0
1158904, 3, 0
1158972, 0, 0
1159016, 1, 1
1159020, 2, 0
1159029, 3, 1
1159097, 0, 1
1159141, 1, bit 1
1159141, 1, 0
1159145, 2, 1
1159154, 3, 0
1159222, 0, 0
1159266, 1, 1
1159270, 2, 0
1159279, 3, 1
1159347, 0, 1
1159391, 1, 1
1159395, 2, 1
1159404, 3, 0
1159472, 0, 0
1159516, 1, 0
1159520, 2, 1
1159529, 3, 1
1159597, 0, 1
1159641, 1, 1
1159645, 2, 0
1159654, 3, bit 1
1159654, 3, 1
1159723, 0, 0
1159766, 1, 0
1159770, 2, 0
1159779, 3, 0
1159848, 0, 1
1159891, 1, 1
1159895, 2, 1
1159904, 3, 1
1159973, 0, 0
1160016, 1, 0
1160020, 2, bit 0
1160020, 2, 1
1160029, 3, 0
1160098, 0, 1
1160141, 1, 1
1160145, 2, 0
1160154, 3, 1
1160223, 0, bit 0
1160223, 0, 0
1160266, 1, 0
1160270, 2, 1
1160279, 3, 0
1160348, 0, 1
1160391, 1, 0
1160395, 2, 0
1160404, 3, 0
1160473, 0, 0
1160516, 1, 1
1160520, 2, 0
1160529, 3, 1
1160598, 0, 1
1160641, 1, 0
1160645, 2, 1
1160654, 3, 1
1160723, 0, 1
1160766, 1, 1
1160770, 2, 1
1160779, 3, 0
1160848, 0, 0
1160891, 1, bit 0
1160891, 1, 1
1160895, 2, 0
1160904, 3, 1
1160973, 0, 1
1161016, 1, 0
1161020, 2, 1
1161029, 3, 0
1161098, 0, 0
1161141, 1, 0
1161145, 2, 0
1161154, 3, 1
1161223, 0, 1
1161266, 1, 1
1161270, 2, 0
1161279, 3, 0
1161348, 0, 0
1161391, 1, 0
1161401, 2, 1
1161404, 3, bit 1
1161404, 3, 1
1161473, 0, 1
1161516, 1, 1
1161526, 2, 1
1161529, 3, 0
1161598, 0, 0
1161641, 1, 0
1161651, 2, 0
1161654, 3, 1
1161723, 0, 1
1161766, 1, 1
1161776, 2, bit 0
1161776, 2, 1
1161779, 3, 0
1161848, 0, 0
1161891, 1, 0
1161901, 2, 0
1161904, 3, 1
1162016, 1, 1
1162027, 2, 1
1162029, 3, 0
1162141, 1, 1
1162152, 2, 0
1162155, 3, 0
1162266, 1, 0
1162277, 2, 0
1162280, 3, 1
1162391, 1, 1
1162402, 2, 1
1162405, 3, 1
1162516, 1, 0
1162527, 2, 1
1162530, 3, 0
1162641, 1, bit 0
1162641, 1, 1
1162652, 2, 0
1162655, 3, 1
1162766, 1, 0
1162777, 2, 1
1162780, 3, 0
1162891, 1, 0
1162902, 2, 0
1162905, 3, 1
1163016, 1, 1
1163027, 2, 0
1163030, 3, 0
1163141, 1, 0
1163152, 2, 1
1163155, 3, bit 0
1163155, 3, 0
1163266, 1, 1
1163277, 2, 1
1163280, 3, 1
1163392, 1, 0
1163402, 2, 0
1163405, 3, 0
1163517, 1, 1
1163527, 2, bit 1
1163527, 2, 0
1163530, 3, 1
1163642, 1, 0
1163652, 2, 1
1163655, 3, 0
1163767, 1, 1
1163777, 2, 0
1163780, 3, 1
1163892, 1, 1
1163902, 2, 1
1163905, 3, 1
1164017, 1, 0
1164027, 2, 1
1164030, 3, 0
1164142, 1, 1
1164152, 2, 0
1164155, 3, 0
1164267, 1, 0
1164277, 2, 0
1164280, 3, 1
1164392, 1, bit 0
1164392, 1, 1
1164402, 2, 1
1164405, 3, 0
1164517, 1, 0
1164527, 2, 0
1164530, 3, 1
1164642, 1, 0
1164652, 2, 1
1164655, 3, 0
1164767, 1, 1
1164777, 2, 1
1164780, 3, 1
1164892, 1, 0
1164902, 2, 0
1164905, 3, bit 0
1164905, 3, 0
1165017, 1, 1
1165027, 2, 0
1165030, 3, 1
1165142, 1, 0
1165152, 2, 1
1165155, 3, 0
1165267, 1, 1
1165277, 2, bit 0
1165277, 2, 1
1165280, 3, 1
1165392, 1, 0
1165402, 2, 0
1165405, 3, 0
1165517, 1, 1
1165527, 2, 1
1165530, 3, 1
1165642, 1, 1
1165652, 2, 0
1165655, 3, 1
1165767, 1, 0
1165777, 2, 0
1165780, 3, 0
1165892, 1, 1
1165902, 2, 1
1165905, 3, 0
1166017, 1, 0
1166027, 2, 1
1166030, 3, 1
1166142, 1, bit 0
1166142, 1, 1
1166152, 2, 0
1166155, 3, 0
1166267, 1, 0
1166277, 2, 1
1166280, 3, 1
1166392, 1, 0
1166402, 2, 0
1166405, 3, 0
1166517, 1, 1
1166527, 2, 0
1166530, 3, 1
1166642, 1, 0
1166652, 2, 1
1166655, 3, bit 1
1166655, 3, 1
1166767, 1, 1
1166777, 2, 1
1166780, 3, 0
1166892, 1, 0
1166902, 2, 0
1166905, 3, 1
1167017, 1, 1
1167027, 2, bit 1
1167027, 2, 0
1167030, 3, 0
1167142, 1, 0
1167152, 2, 1
1167155, 3, 1
1167267, 1, 1
1167277, 2, 0
1167280, 3, 0
1167392, 1, 1
1167403, 2, 1
1167405, 3, 0
1167517, 1, 0
1167528, 2, 1
1167531, 3, 1
1167642, 1, 1
1167653, 2, 0
1167656, 3, 1
1167767, 1, 0
1167778, 2, 0
1167781, 3, 0
1167892, 1, bit 1
1167892, 1, 0
1167903, 2, 1
1167906, 3, 1
1168017, 1, 1
1168028, 2, 0
1168031, 3, 0
1168142, 1, 1
1168153, 2, 1
1168156, 3, 1
1168267, 1, 0
1168278, 2, 1
1168281, 3, 0
1168392, 1, 1
1168403, 2, 0
1168406, 3, bit 0
1168406, 3, 0
1168517, 1, 0
1168528, 2, 0
1168531, 3, 1
1168642, 1, 1
1168653, 2, 1
1168656, 3, 0
1168768, 1, 0
1168778, 2, bit 0
1168778, 2, 1
1168781, 3, 1
1168893, 1, 1
1168903, 2, 0
1168906, 3, 0
1169018, 1, 0
1169028, 2, 1
1169031, 3, 1
1169143, 1, 0
1169153, 2, 0
1169156, 3, 1
1169268, 1, 1
1169278, 2, 0
1169281, 3, 0
1169393, 1, 0
1169403, 2, 1
1169406, 3, 0
1169518, 1, 1
1169528, 2, 1
1169531, 3, 1
1169643, 1, bit 1
1169643, 1, 0
1169653, 2, 0
1169656, 3, 0
1169768, 1, 1
1169778, 2, 1
1169781, 3, 1
1169893, 1, 1
1169903, 2, 0
1169906, 3, 0
1170018, 1, 0
1170028, 2, 0
1170031, 3, 1
1170143, 1, 1
1170153, 2, 1
1170156, 3, bit 0
1170156, 3, 0
1170268, 1, 0
1170278, 2, 1
1170281, 3, 1
1170393, 1, 1
1170403, 2, 0
1170406, 3, 0
1170518, 1, 0
1170528, 2, bit 1
1170528, 2, 0
1170531, 3, 1
1170643, 1, 1
1170653, 2, 1
1170656, 3, 0
1170768, 1, 0
1170778, 2, 0
1170781, 3, 1
1170893, 1, 0
1170903, 2, 1
1170906, 3, 1
1171018, 1, 1
1171028, 2, 1
1171031, 3, 0
1171143, 1, 0
1171153, 2, 0
1171156, 3, 0
1171268, 1, 1
1171278, 2, 0
1171281, 3, 1
1171393, 1, bit 0
1171393, 1, 1
1171403, 2, 1
1171406, 3, 0
1171518, 1, 0
1171528, 2, 0
1171531, 3, 1
1171643, 1, 0
1171653, 2, 1
1171656, 3, 0
1171768, 1, 1
1171778, 2, 1
1171781, 3, 1
1171893, 1, 0
1171903, 2, 0
1171906, 3, bit 1
1171906, 3, 1
1172018, 1, 1
1172028, 2, 0
1172031, 3, 0
1172143, 1, 0
1172153, 2, 1
1172156, 3, 1
1172268, 1, 1
1172278, 2, bit 1
1172278, 2, 0
1172281, 3, 0
1172393, 1, 0
1172403, 2, 1
1172406, 3, 1
1172518, 1, 1
1172528, 2, 0
1172531, 3, 0
1172643, 1, 1
1172653, 2, 1
1172656, 3, 0
1172768, 1, 0
1172779, 2, 1
1172781, 3, 1
1172893, 1, 1
1172904, 2, 0
1172907, 3, 1
1173018, 1, 0
1173029, 2, 0
1173032, 3, 0
1173143, 1, bit 0
1173143, 1, 1
1173154, 2, 1
1173157, 3, 1
1173268, 1, 0
1173279, 2, 0
1173282, 3, 0
1173393, 1, 0
1173404, 2, 1
1173407, 3, 1
1173518, 1, 1
1173529, 2, 1
1173532, 3, 0
1173643, 1, 0
1173654, 2, 0
1173657, 3, bit 0
1173657, 3, 0
1173768, 1, 1
1173779, 2, 0
1173782, 3, 1
1173893, 1, 0
1173904, 2, 1
1173907, 3, 0
1174018, 1, 1
1174029, 2, bit 1
1174029, 2, 0
1174032, 3, 1
1174144, 1, 0
1174154, 2, 1
1174157, 3, 0
1174269, 1, 1
1174279, 2, 0
1174282, 3, 1
1174394, 1, 1
1174404, 2, 1
1174407, 3, 1
1174519, 1, 0
1174529, 2, 1
1174532, 3, 0
1174644, 1, 1
1174654, 2, 0
1174657, 3, 0
1174769, 1, 0
1174779, 2, 0
1174782, 3, 1
1174894, 1, bit 1
1174894, 1, 0
1174904, 2, 1
1174907, 3, 0
1175019, 1, 1
1175029, 2, 0
1175032, 3, 1
1175144, 1, 1
1175154, 2, 1
1175157, 3, 0
1175269, 1, 0
1175279, 2, 1
1175282, 3, 1
1175394, 1, 1
1175404, 2, 0
1175407, 3, bit 1
1175407, 3, 1
1175519, 1, 0
1175529, 2, 0
1175532, 3, 0
1175644, 1, 1
1175654, 2, 1
1175657, 3, 1
1175769, 1, 0
1175779, 2, bit 0
1175779, 2, 1
1175782, 3, 0
1175894, 1, 1
1175904, 2, 0
1175907, 3, 1
1176019, 1, 0
1176029, 2, 1
1176032, 3, 0
1176144, 1, 0
1176154, 2, 0
1176157, 3, 0
1176269, 1, 1
1176279, 2, 0
1176282, 3, 1
1176394, 1, 0
1176404, 2, 1
1176407, 3, 1
1176519, 1, 1
1176529, 2, 1
1176532, 3, 0
1176644, 1, bit 0
1176644, 1, 1
1176654, 2, 0
1176657, 3, 1
1176769, 1, 0
1176779, 2, 1
1176782, 3, 0
1176894, 1, 0
1176904, 2, 0
1176907, 3, 1
1177019, 1, 1
1177029, 2, 0
1177032, 3, 0
1177144, 1, 0
1177154, 2, 1
1177157, 3, bit 0
1177157, 3, 0
1177269, 1, 1
1177279, 2, 1
1177282, 3, 1
1177394, 1, 0
1177404, 2, 0
1177407, 3, 0
1177519, 1, 1
1177529, 2, bit 1
1177529, 2, 0
1177532, 3, 1
1177644, 1, 0
1177654, 2, 1
1177657, 3, 0
1177769, 1, 1
1177779, 2, 0
1177782, 3, 1
1177894, 1, 1
1177904, 2, 1
1177907, 3, 1
1178019, 1, 0
1178029, 2, 1
1178032, 3, 0
1178144, 1, 1
1178155, 2, 0
1178158, 3, 0
1178269, 1, 0
1178280, 2, 0
1178283, 3, 1
1178394, 1, bit 1
1178394, 1, 0
1178405, 2, 1
1178408, 3, 0
1178519, 1, 1
1178530, 2, 0
1178533, 3, 1
1178644, 1, 1
1178655, 2, 1
1178658, 3, 0
1178769, 1, 0
1178780, 2, 1
1178783, 3, 1
1178894, 1, 1
1178905, 2, 0
1178908, 3, bit 1
1178908, 3, 1
1179019, 1, 0
1179030, 2, 0
1179033, 3, 0
1179144, 1, 1
1179155, 2, 1
1179158, 3, 1
1179269, 1, 0
1179280, 2, bit 1
1179280, 2, 0
1179283, 3, 0
1179394, 1, 1
1179405, 2, 1
1179408, 3, 1
1179520, 1, 0
1179530, 2, 0
1179533, 3, 0
1179645, 1, 0
1179655, 2, 1
1179658, 3, 0
1179770, 1, 1
1179780, 2, 1
1179783, 3, 1
1179895, 1, 0
1179905, 2, 0
1179908, 3, 1
1180020, 1, 1
1180030, 2, 0
1180033, 3, 0
1180145, 1, bit 0
1180145, 1, 1
1180155, 2, 1
1180158, 3, 1
1180270, 1, 0
1180280, 2, 0
1180283, 3, 0
1180395, 1, 0
1180405, 2, 1
1180408, 3, 1
1180520, 1, 1
1180530, 2, 1
1180533, 3, 0
1180645, 1, 0
1180655, 2, 0
1180658, 3, bit 0
1180658, 3, 0
1180770, 1, 1
1180780, 2, 0
1180783, 3, 1
1180895, 1, 0
1180905, 2, 1
1180908, 3, 0
1181020, 1, 1
1181030, 2, bit 0
1181030, 2, 1
1181033, 3, 1
1181145, 1, 0
1181155, 2, 0
1181158, 3, 0
1181270, 1, 1
1181280, 2, 1
1181283, 3, 1
1181395, 1, 1
1181405, 2, 0
1181408, 3, 1
1181520, 1, 0
1181530, 2, 0
1181533, 3, 0
1181645, 1, 1
1181655, 2, 1
1181658, 3, 0
1181770, 1, 0
1181780, 2, 1
1181783, 3, 1
1181895, 1, bit 0
1181895, 1, 1
1181905, 2, 0
1181908, 3, 0
1182020, 1, 0
1182030, 2, 1
1182033, 3, 1
1182145, 1, 0
1182155, 2, 0
1182158, 3, 0
1182270, 1, 1
1182280, 2, 0
1182283, 3, 1
1182395, 1, 0
1182405, 2, 1
1182408, 3, bit 1
1182408, 3, 1
1182520, 1, 1
1182530, 2, 1
1182533, 3, 0
1182645, 1, 0
1182655, 2, 0
1182658, 3, 1
1182770, 1, 1
1182780, 2, bit 0
1182780, 2, 1
1182783, 3, 0
1182895, 1, 0
1182905, 2, 0
1182908, 3, 1
1183020, 1, 1
1183030, 2, 1
1183033, 3, 0
1183145, 1, 1
1183155, 2, 0
1183158, 3, 0
1183270, 1, 0
1183280, 2, 0
1183283, 3, 1
1183395, 1, 1
1183405, 2, 1
1183408, 3, 1
1183520, 1, 0
1183531, 2, 1
1183533, 3, 0
1183645, 1, bit 1
1183645, 1, 0
1183656, 2, 0
1183659, 3, 1
1183770, 1, 1
1183781, 2, 1
1183784, 3, 0
1183895, 1, 1
1183906, 2, 0
1183909, 3, 1
1184020, 1, 0
1184031, 2, 0
1184034, 3, 0
1184145, 1, 1
1184156, 2, 1
1184159, 3, bit 1
1184159, 3, 1
1184270, 1, 0
1184281, 2, 1
1184284, 3, 0
1184395, 1, 1
1184406, 2, 0
1184409, 3, 1
1184520, 1, 0
1184531, 2, bit 1
1184531, 2, 0
1184534, 3, 0
1184645, 1, 1
1184656, 2, 1
1184659, 3, 1
1184770, 1, 0
1184781, 2, 0
1184784, 3, 0
1184896, 1, 0
1184906, 2, 1
1184909, 3, 0
1185021, 1, 1
1185031, 2, 1
1185034, 3, 1
1185146, 1, 0
1185156, 2, 0
1185159, 3, 1
1185271, 1, 1
1185281, 2, 0
1185284, 3, 0
1185396, 1, bit 1
1185396, 1, 0
1185406, 2, 1
1185409, 3, 1
1185521, 1, 1
1185531, 2, 0
1185534, 3, 0
1185646, 1, 1
1185656, 2, 1
1185659, 3, 1
1185771, 1, 0
1185781, 2, 1
1185784, 3, 0
1185896, 1, 1
1185906, 2, 0
1185909, 3, bit 0
1185909, 3, 0
1186021, 1, 0
1186031, 2, 0
1186034, 3, 1
1186146, 1, 1
1186156, 2, 1
1186159, 3, 0
1186271, 1, 0
1186281, 2, bit 1
1186281, 2, 0
1186284, 3, 1
1186396, 1, 1
1186406, 2, 1
1186409, 3, 0
1186521, 1, 0
1186531, 2, 0
1186534, 3, 1
1186646, 1, 0
1186656, 2, 1
1186659, 3, 1
1186771, 1, 1
1186781, 2, 1
1186784, 3, 0
1186896, 1, 0
1186906, 2, 0
1186909, 3, 0
1187021, 1, 1
1187031, 2, 0
1187034, 3, 1
1187146, 1, bit 0
1187146, 1, 1
1187156, 2, 1
1187159, 3, 0
1187271, 1, 0
1187281, 2, 0
1187284, 3, 1
1187396, 1, 0
1187406, 2, 1
1187409, 3, 0
1187521, 1, 1
1187531, 2, 1
1187534, 3, 1
1187646, 1, 0
1187656, 2, 0
1187659, 3, bit 1
1187659, 3, 1
1187771, 1, 1
1187781, 2, 0
1187784, 3, 0
1187896, 1, 0
1187906, 2, 1
1187909, 3, 1
1188021, 1, 1
1188031, 2, bit 1
1188031, 2, 0
1188034, 3, 0
1188146, 1, 0
1188156, 2, 1
1188159, 3, 1
1188271, 1, 1
1188281, 2, 0
1188284, 3, 0
1188396, 1, 1
1188406, 2, 1
1188409, 3, 0
1188521, 1, 0
1188531, 2, 1
1188534, 3, 1
1188646, 1, 1
1188656, 2, 0
1188659, 3, 1
1188771, 1, 0
1188781, 2, 0
1188784, 3, 0
1188896, 1, bit 0
1188896, 1, 1
1188907, 2, 1
1188909, 3, 1
1189021, 1, 0
1189032, 2, 0
1189035, 3, 0
1189146, 1, 0
1189157, 2, 1
1189160, 3, 1
1189271, 1, 1
1189282, 2, 1
1189285, 3, 0
1189396, 1, 0
1189407, 2, 0
1189410, 3, bit 1
1189410, 3, 1
1189521, 1, 1
1189532, 2, 0
1189535, 3, 0
1189646, 1, 0
1189657, 2, 1
1189660, 3, 1
1189771, 1, 1
1189782, 2, bit 1
1189782, 2, 0
1189785, 3, 0
1189896, 1, 0
1189907, 2, 1
1189910, 3, 1
1190021, 1, 1
1190032, 2, 0
1190035, 3, 0
1190146, 1, 1
1190157, 2, 1
1190160, 3, 0
1190272, 1, 0
1190282, 2, 1
1190285, 3, 1
1190397, 1, 1
1190407, 2, 0
1190410, 3, 1
1190522, 1, 0
1190532, 2, 0
1190535, 3, 0
1190657, 2, 1
1190660, 3, 1
1190782, 2, 0
1190785, 3, 0
1190907, 2, 1
1190910, 3, 1
1191032, 2, 1
1191035, 3, 0
1191157, 2, 0
1191160, 3, bit 1
1191160, 3, 1
1191282, 2, 0
1191285, 3, 0
1191407, 2, 1
1191410, 3, 1
1191532, 2, bit 1
1191535, 2, 0
1191535, 3, 0
1191657, 2, 1
1191660, 3, 1
1191782, 2, 0
1191785, 3, 0
1191907, 2, 1
1191910, 3, 0
1192032, 2, 1
1192035, 3, 1
1192157, 2, 0
1192160, 3, 1
1192282, 2, 0
1192285, 3, 0
1192407, 2, 1
1192410, 3, 1
1192532, 2, 0
1192535, 3, 0
1192657, 2, 1
1192660, 3, 1
1192782, 2, 1
1192785, 3, 0
1192907, 2, 0
1192910, 3, bit 0
1192910, 3, 0
1193032, 2, 0
1193035, 3, 1
1193157, 2, 1
1193160, 3, 0
1193282, 2, bit 0
1193282, 2, 1
1193285, 3, 1
1193407, 2, 0
1193410, 3, 0
1193532, 2, 1
1193535, 3, 1
1193657, 2, 0
1193660, 3, 1
1193782, 2, 0
1193785, 3, 0
1193907, 2, 1
1193910, 3, 0
1194032, 2, 1
1194035, 3, 1
1194157, 2, 0
1194160, 3, 0
1194283, 2, 1
1194285, 3, 1
1194408, 2, 0
1194411, 3, 0
1194533, 2, 0
1194536, 3, 1
1194658, 2, 1
1194661, 3, bit 0
1194661, 3, 0
1194783, 2, 1
1194786, 3, 1
1194908, 2, 0
1194911, 3, 0
1195033, 2, bit 1
1195033, 2, 0
1195036, 3, 1
1195158, 2, 1
1195161, 3, 0
1195283, 2, 0
1195286, 3, 1
1195408, 2, 1
1195411, 3, 1
1195533, 2, 1
1195536, 3, 0
1195658, 2, 0
1195661, 3, 0
1195783, 2, 0
1195786, 3, 1
1195908, 2, 1
1195911, 3, 0
1196033, 2, 0
1196036, 3, 1
1196158, 2, 1
1196161, 3, 0
1196283, 2, 1
1196286, 3, 1
1196408, 2, 0
1196411, 3, bit 0
1196411, 3, 0
1196533, 2, 0
1196536, 3, 1
1196658, 2, 1
1196661, 3, 0
1196783, 2, bit 0
1196783, 2, 1
1196786, 3, 1
1196908, 2, 0
1196911, 3, 0
1197033, 2, 1
1197036, 3, 1
1197158, 2, 0
1197161, 3, 1
1197283, 2, 0
1197286, 3, 0
1197408, 2, 1
1197411, 3, 0
1197533, 2, 1
1197536, 3, 1
1197658, 2, 0
1197661, 3, 0
1197783, 2, 1
1197786, 3, 1
1197908, 2, 0
1197911, 3, 0
1198033, 2, 0
1198036, 3, 1
1198158, 2, 1
1198161, 3, bit 0
1198161, 3, 0
1198283, 2, 1
1198286, 3, 1
1198408, 2, 0
1198411, 3, 0
1198533, 2, bit 1
1198533, 2, 0
1198536, 3, 1
1198658, 2, 1
1198661, 3, 0
1198783, 2, 0
1198786, 3, 1
1198908, 2, 1
1198911, 3, 1
1199033, 2, 1
1199036, 3, 0
1199158, 2, 0
1199161, 3, 0
1199283, 2, 0
1199286, 3, 1
1199408, 2, 1
1199411, 3, 0
1199533, 2, 0
1199536, 3, 1
1199659, 2, 1
1199661, 3, 0
1199784, 2, 1
1199787, 3, 1
1199909, 2, 0
1199912, 3, bit 1
1199912, 3, 1
1200034, 2, 0
1200037, 3, 0
1200159, 2, 1
1200162, 3, 1
1200284, 2, bit 1
1200284, 2, 0
1200287, 3, 0
1200409, 2, 1
1200412, 3, 1
1200534, 2, 0
1200537, 3, 0
1200659, 2, 1
1200662, 3, 0
1200784, 2, 1
1200787, 3, 1
1200909, 2, 0
1200912, 3, 1
1201034, 2, 0
1201037, 3, 0
1201159, 2, 1
1201162, 3, 1
1201284, 2, 0
1201287, 3, 0
1201409, 2, 1
1201412, 3, 1
1201534, 2, 1
1201537, 3, 0
1201659, 2, 0
1201662, 3, bit 0
1201662, 3, 0
1201784, 2, 0
1201787, 3, 1
1201909, 2, 1
1201912, 3, 0
1202034, 2, bit 1
1202034, 2, 0
1202037, 3, 1
1202159, 2, 1
1202162, 3, 0
1202284, 2, 0
1202287, 3, 1
1202409, 2, 1
1202412, 3, 1
1202534, 2, 1
1202537, 3, 0
1202659, 2, 0
1202662, 3, 0
1202784, 2, 0
1202787, 3, 1
1202909, 2, 1
1202912, 3, 0
1203034, 2, 0
1203037, 3, 1
1203159, 2, 1
1203162, 3, 0
1203284, 2, 1
1203287, 3, 1
1203409, 2, 0
1203412, 3, bit 0
1203412, 3, 0
1203534, 2, 0
1203537, 3, 1
1203659, 2, 1
1203662, 3, 0
1203784, 2, bit 1
1203784, 2, 0
1203787, 3, 1
1203909, 2, 1
1203912, 3, 0
1204034, 2, 0
1204037, 3, 1
1204159, 2, 1
1204162, 3, 1
1204284, 2, 1
1204287, 3, 0
1204409, 2, 0
1204412, 3, 0
1204534, 2, 0
1204537, 3, 1
1204659, 2, 1
1204662, 3, 0
1204784, 2, 0
1204787, 3, 1
1204909, 2, 1
1204912, 3, 0
1205035, 2, 1
1205037, 3, 1
1205160, 2, 0
1205163, 3, bit 0
1205163, 3, 0
1205285, 2, 0
1205288, 3, 1
1205410, 2, 1
1205413, 3, 0
1205535, 2, bit 1
1205535, 2, 0
1205538, 3, 1
1205660, 2, 1
1205663, 3, 0
1205785, 2, 0
1205788, 3, 1
1205910, 2, 1
1205913, 3, 1
1206035, 2, 1
1206038, 3, 0
1206160, 2, 0
1206163, 3, 0
1206285, 2, 0
1206288, 3, 1
1206410, 2, 1
1206413, 3, 0
1206535, 2, 0
1206538, 3, 1
1206660, 2, 1
1206663, 3, 0
1206785, 2, 1
1206788, 3, 1
1206910, 2, 0
1206913, 3, bit 1
1206913, 3, 1
1207035, 2, 0
1207038, 3, 0
1207160, 2, 1
1207163, 3, 1
1207285, 2, bit 1
1207285, 2, 0
1207288, 3, 0
1207410, 2, 1
1207413, 3, 1
1207535, 2, 0
1207538, 3, 0
1207660, 2, 1
1207663, 3, 0
1207785, 2, 1
1207788, 3, 1
1207910, 2, 0
1207913, 3, 1
1208035, 2, 0
1208038, 3, 0
1208160, 2, 1
1208163, 3, 1
1208285, 2, 0
1208288, 3, 0
1208410, 2, 1
1208413, 3, 1
1208535, 2, 1
1208538, 3, 0
1208660, 2, 0
1208663, 3, bit 0
1208663, 3, 0
1208785, 2, 0
1208788, 3, 1
1208910, 2, 1
1208913, 3, 0
1209035, 2, bit 1
1209035, 2, 0
1209038, 3, 1
1209160, 2, 1
1209163, 3, 0
1209285, 2, 0
1209288, 3, 1
1209410, 2, 1
1209413, 3, 1
1209535, 2, 1
1209538, 3, 0
1209660, 2, 0
1209663, 3, 0
1209785, 2, 0
1209788, 3, 1
1209910, 2, 1
1209913, 3, 0
1210035, 2, 0
1210038, 3, 1
1210160, 2, 1
1210163, 3, 0
1210285, 2, 1
1210288, 3, 1
1210411, 2, 0
1210413, 3, bit 1
1210413, 3, 1
1210536, 2, 0
1210539, 3, 0
1210661, 2, 1
1210664, 3, 1
1210786, 2, bit 1
1210786, 2, 0
1210789, 3, 0
1210911, 2, 1
1210914, 3, 1
1211036, 2, 0
1211039, 3, 0
1211161, 2, 1
1211164, 3, 0
1211286, 2, 1
1211289, 3, 1
1211411, 2, 0
1211414, 3, 1
1211536, 2, 0
1211539, 3, 0
1211661, 2, 1
1211664, 3, 1
1211786, 2, 0
1211789, 3, 0
1211911, 2, 1
1211914, 3, 1
1212036, 2, 1
1212039, 3, 0
1212161, 2, 0
1212164, 3, bit 0
1212164, 3, 0
1212286, 2, 0
1212289, 3, 1
1212411, 2, 1
1212414, 3, 0
1212536, 2, bit 1
1212536, 2, 0
1212539, 3, 1
1212661, 2, 1
1212664, 3, 0
1212786, 2, 0
1212789, 3, 1
1212911, 2, 1
1212914, 3, 1
1213036, 2, 1
1213039, 3, 0
1213161, 2, 0
1213164, 3, 0
1213286, 2, 0
1213289, 3, 1
1213411, 2, 1
1213414, 3, 0
1213536, 2, 0
1213539, 3, 1
1213661, 2, 1
1213664, 3, 0
1213786, 2, 1
1213789, 3, 1
1213911, 2, 0
1213914, 3, bit 0
1213914, 3, 0
1214036, 2, 0
1214039, 3, 1
1214161, 2, 1
1214164, 3, 0
1214286, 2, bit 0
1214286, 2, 1
1214289, 3, 1
1214411, 2, 0
1214414, 3, 0
1214536, 2, 1
1214539, 3, 1
1214661, 2, 0
1214664, 3, 1
1214786, 2, 0
1214789, 3, 0
1214911, 2, 1
1214914, 3, 0
1215036, 2, 1
1215039, 3, 1
1215161, 2, 0
1215164, 3, 0
1215286, 2, 1
1215289, 3, 1
1215411, 2, 0
1215414, 3, 0
1215536, 2, 0
1215539, 3, 1
1215661, 2, 1
1215664, 3, bit 1
1215664, 3, 1
1215787, 2, 1
1215789, 3, 0
1215912, 2, 0
1215915, 3, 1
1216037, 2, bit 1
1216037, 2, 0
1216040, 3, 0
1216162, 2, 1
1216165, 3, 1
1216287, 2, 0
1216290, 3, 0
1216412, 2, 1
1216415, 3, 0
1216537, 2, 1
1216540, 3, 1
1216662, 2, 0
1216665, 3, 1
1216787, 2, 0
1216790, 3, 0
1216912, 2, 1
1216915, 3, 1
1217037, 2, 0
1217040, 3, 0
1217162, 2, 1
1217165, 3, 1
1217287, 2, 1
1217290, 3, 0
1217412, 2, 0
1217415, 3, bit 1
1217415, 3, 1
1217537, 2, 0
1217540, 3, 0
1217662, 2, 1
1217665, 3, 1
1217787, 2, bit 0
1217787, 2, 1
1217790, 3, 0
1217912, 2, 0
1217915, 3, 1
1218037, 2, 1
1218040, 3, 0
1218162, 2, 0
1218165, 3, 0
1218287, 2, 0
1218290, 3, 1
1218412, 2, 1
1218415, 3, 1
1218537, 2, 1
1218540, 3, 0
1218662, 2, 0
1218665, 3, 1
1218787, 2, 1
1218790, 3, 0
1218912, 2, 0
1218915, 3, 1
1219037, 2, 0
1219040, 3, 0
1219162, 2, 1
1219165, 3, bit 0
1219165, 3, 0
1219287, 2, 1
1219290, 3, 1
1219412, 2, 0
1219415, 3, 0
1219537, 2, bit 1
1219537, 2, 0
1219540, 3, 1
1219662, 2, 1
1219665, 3, 0
1219787, 2, 0
1219790, 3, 1
1219912, 2, 1
1219915, 3, 1
1220037, 2, 1
1220040, 3, 0
1220162, 2, 0
1220165, 3, 0
1220287, 2, 0
1220290, 3, 1
1220412, 2, 1
1220415, 3, 0
1220537, 2, 0
1220540, 3, 1
1220662, 2, 1
1220665, 3, 0
1220787, 2, 1
1220790, 3, 1
1220912, 2, 0
1220915, 3, bit 1
1220918, 3, 1
1221037, 2, 0
1221040, 3, 0
1221163, 2, 1
1221165, 3, 1
1221291, 3, 0
1221416, 3, 1
1221541, 3, 0
1221666, 3, 0
1221791, 3, 1
1221916, 3, 1
1222041, 3, 0
1222166, 3, 1
1222291, 3, 0
1222416, 3, 1
1222541, 3, 0
1222666, 3, bit 1
1222666, 3, 1
1222791, 3, 0
1222916, 3, 1
1223041, 3, 0
1223166, 3, 1
1223291, 3, 0
1223416, 3, 0
1223541, 3, 1
1223666, 3, 1
1223791, 3, 0
1223916, 3, 1
1224041, 3, 0
1224166, 3, 1
1224291, 3, 0
1224416, 3, bit 1
1224416, 3, 1
1224541, 3, 0
1224666, 3, 1
1224791, 3, 0
1224916, 3, 1
1225041, 3, 0
1225166, 3, 0
1225291, 3, 1
1225416, 3, 1
1225541, 3, 0
1225666, 3, 1
1225791, 3, 0
1225916, 3, 1
1226041, 3, 0
1226166, 3, bit 0
1226166, 3, 0
1226291, 3, 1
1226416, 3, 0
1226541, 3, 1
1226667, 3, 0
1226792, 3, 1
1226917, 3, 1
1227042, 3, 0
1227167, 3, 0
1227292, 3, 1
1227417, 3, 0
1227542, 3, 1
1227667, 3, 0
1227792, 3, 1
1227917, 3, bit 1
1227917, 3, 1
1228042, 3, 0
1228167, 3, 1
1228292, 3, 0
1228417, 3, 1
1228542, 3, 0
1228667, 3, 0
1228792, 3, 1
1228917, 3, 1
1229042, 3, 0
1229167, 3, 1
1229292, 3, 0
1229417, 3, 1
1229542, 3, 0
1229667, 3, bit 1
1229667, 3, 1
1229792, 3, 0
1229917, 3, 1
1230042, 3, 0
1230167, 3, 1
1230292, 3, 0
1230417, 3, 0
1230542, 3, 1
1230667, 3, 1
1230792, 3, 0
1230917, 3, 1
1231042, 3, 0
1231167, 3, 1
1231292, 3, 0
1231417, 3, bit 0
1231417, 3, 0
1231542, 3, 1
1231667, 3, 0
1231792, 3, 1
1231917, 3, 0
1232043, 3, 1
1232168, 3, 1
1232293, 3, 0
1232418, 3, 0
1232543, 3, 1
1232668, 3, 0
1232793, 3, 1
1232918, 3, 0
1233043, 3, 1
1233168, 3, bit 1
1233168, 3, 1
1233293, 3, 0
1233418, 3, 1
1233543, 3, 0
1233668, 3, 1
1233793, 3, 0
1233918, 3, 0
1234043, 3, 1
1234168, 3, 1
1234293, 3, 0
1234418, 3, 1
1234543, 3, 0
1234668, 3, 1
1234793, 3, 0
1234918, 3, bit 1
1234918, 3, 1
1235043, 3, 0
1235168, 3, 1
1235293, 3, 0
1235418, 3, 1
1235543, 3, 0
1235668, 3, 0
1235793, 3, 1
1235918, 3, 1
1236043, 3, 0
1236168, 3, 1
1236293, 3, 0
1236418, 3, 1
1236543, 3, 0
1236668, 3, bit 1
1236668, 3, 1
1236793, 3, 0
1236918, 3, 1
1237043, 3, 0
1237168, 3, 1
1237293, 3, 0
1237419, 3, 0
1237544, 3, 1
1237669, 3, 1
1237794, 3, 0
1237919, 3, 1
1238044, 3, 0
1238169, 3, 1
1238294, 3, 0
1238419, 3, bit 1
1238419, 3, 1
1238544, 3, 0
1238669, 3, 1
1238794, 3, 0
1238919, 3, 1
1239044, 3, 0
1239169, 3, 0
1239294, 3, 1
1239419, 3, 1
1239544, 3, 0
1239669, 3, 1
1239794, 3, 0
1239919, 3, 1
1240044, 3, 0
1240169, 3, bit 0
1240172, 3, 0
1240294, 3, 1
1240419, 3, 0
1240544, 3, 1
1240669, 3, 0
1240794, 3, 1
1240919, 3, 1
1241044, 3, 0
1241169, 3, 0
1241294, 3, 1
1241419, 3, 0
1241544, 3, 1
1241669, 3, 0
1241794, 3, 1
1241919, 3, bit 1
1241919, 3, 1
1242044, 3, 0
1242169, 3, 1
1242294, 3, 0
1242419, 3, 1
1242544, 3, 0
1242669, 3, 0
1242795, 3, 1
1242920, 3, 1
1243045, 3, 0
1243170, 3, 1
1243295, 3, 0
1243420, 3, 1
1243545, 3, 0
1243670, 3, bit 0
1243670, 3, 0
1243795, 3, 1
1243920, 3, 0
1244045, 3, 1
1244170, 3, 0
1244295, 3, 1
1244420, 3, 1
1244545, 3, 0
1244670, 3, 0
1244795, 3, 1
1244920, 3, 0
1245045, 3, 1
1245170, 3, 0
1245295, 3, 1
1245420, 3, bit 1
1245420, 3, 1
1245545, 3, 0
1245670, 3, 1
1245795, 3, 0
1245920, 3, 1
1246045, 3, 0
1246170, 3, 0
1246295, 3, 1
1246420, 3, 1
1246545, 3, 0
1246670, 3, 1
1246795, 3, 0
1246920, 3, 1
1247045, 3, 0
1247170, 3, bit 1
1247170, 3, 1
1247295, 3, 0
1247420, 3, 1
1247545, 3, 0
1247670, 3, 1
1247795, 3, 0
1247920, 3, 0
1248045, 3, 1
1248171, 3, 1
1248296, 3, 0
1248421, 3, 1
1248546, 3, 0
1248671, 3, 1
1248796, 3, 0
1248921, 3, bit 0
1248921, 3, 0
1249046, 3, 1
1249171, 3, 0
1249296, 3, 1
1249421, 3, 0
1249546, 3, 1
1249671, 3, 1
1249796, 3, 0
1249921, 3, 0
1250046, 3, 1
1250171, 3, 0
1250296, 3, 1
1250421, 3, 0
1250546, 3, 1
