125 100 4 7 16
(2, 20, 13, 10.00), (code 0)
(3, 258, 9, 10.00), (code 3)
(4, 496, 7, 10.00), (code 4)
(5, 734, 13, 10.00), (code 2)
START
653431, 0, prem 0
653431, 0, 0
653556, 0, 0
653681, 0, 0
653806, 0, 0
653931, 0, 0
654056, 0, 0
654181, 0, 0
654306, 0, 0
654431, 0, 0
654556, 0, 0
654681, 0, 0
654806, 0, 0
654931, 0, 0
655056, 0, 0
655181, 0, 0
655306, 0, 0
655431, 0, 1
655556, 0, 1
655681, 0, 1
655806, 0, 1
655931, 0, 1
656056, 0, 1
656181, 0, 1
656306, 0, 1
656431, 0, 1
656556, 0, 1
656681, 0, 1
656806, 0, 1
656931, 0, 1
657056, 0, 1
657181, 0, 1
657306, 0, 1
657431, 0, prem 1
657431, 0, 1
657556, 0, 1
657681, 0, 1
657806, 0, 1
657931, 0, 1
658056, 0, 1
658181, 0, 1
658306, 0, 1
658432, 0, 1
658557, 0, 1
658682, 0, 1
658807, 0, 1
658932, 0, 1
659057, 0, 1
659182, 0, 1
659307, 0, 1
659432, 0, 0
659557, 0, 0
659682, 0, 0
659807, 0, 0
659932, 0, 0
660057, 0, 0
660182, 0, 0
660307, 0, 0
660432, 0, 0
660557, 0, 0
660682, 0, 0
660807, 0, 0
660932, 0, 0
661057, 0, 0
661182, 0, 0
661307, 0, 0
661432, 0, prem 1
661432, 0, 1
661557, 0, 1
661682, 0, 1
661807, 0, 1
661932, 0, 1
662057, 0, 1
662182, 0, 1
662307, 0, 1
662432, 0, 1
662557, 0, 1
662682, 0, 1
662807, 0, 1
662932, 0, 1
663057, 0, 1
663182, 0, 1
663307, 0, 1
663432, 0, 0
663557, 0, 0
663682, 0, 0
663808, 0, 0
663933, 0, 0
664058, 0, 0
664183, 0, 0
664308, 0, 0
664433, 0, 0
664558, 0, 0
664683, 0, 0
664808, 0, 0
664933, 0, 0
665058, 0, 0
665183, 0, 0
665308, 0, 0
665433, 0, prem 1
665433, 0, 1
665558, 0, 1
665683, 0, 1
665808, 0, 1
665933, 0, 1
666058, 0, 1
666183, 0, 1
666308, 0, 1
666433, 0, 1
666558, 0, 1
666683, 0, 1
666808, 0, 1
666933, 0, 1
667058, 0, 1
667183, 0, 1
667308, 0, 1
667433, 0, 0
667558, 0, 0
667683, 0, 0
667808, 0, 0
667933, 0, 0
668058, 0, 0
668183, 0, 0
668308, 0, 0
668433, 0, 0
668558, 0, 0
668683, 0, 0
668808, 0, 0
668933, 0, 0
669058, 0, 0
669184, 0, 0
669309, 0, 0
669434, 0, prem 1
669434, 0, 1
669559, 0, 1
669684, 0, 1
669809, 0, 1
669934, 0, 1
670059, 0, 1
670184, 0, 1
670309, 0, 1
670434, 0, 1
670559, 0, 1
670684, 0, 1
670809, 0, 1
670934, 0, 1
671059, 0, 1
671184, 0, 1
671309, 0, 1
671434, 0, 0
671559, 0, 0
671684, 0, 0
671809, 0, 0
671934, 0, 0
672059, 0, 0
672184, 0, 0
672309, 0, 0
672434, 0, 0
672559, 0, 0
672684, 0, 0
672809, 0, 0
672934, 0, 0
673059, 0, 0
673184, 0, 0
673309, 0, 0
673434, 0, prem 0
673434, 0, 0
673559, 0, 0
673684, 0, 0
673809, 0, 0
673934, 0, 0
674059, 0, 0
674184, 0, 0
674309, 0, 0
674434, 0, 0
674560, 0, 0
674685, 0, 0
674810, 0, 0
674935, 0, 0
675060, 0, 0
675185, 0, 0
675310, 0, 0
675435, 0, 1
675560, 0, 1
675685, 0, 1
675810, 0, 1
675935, 0, 1
676060, 0, 1
676185, 0, 1
676310, 0, 1
676435, 0, 1
676560, 0, 1
676685, 0, 1
676810, 0, 1
676935, 0, 1
677060, 0, 1
677185, 0, 1
677310, 0, 1
677435, 0, prem 0
677435, 0, 0
677560, 0, 0
677685, 0, 0
677810, 0, 0
677935, 0, 0
678060, 0, 0
678185, 0, 0
678310, 0, 0
678435, 0, 0
678560, 0, 0
678685, 0, 0
678810, 0, 0
678935, 0, 0
679060, 0, 0
679185, 0, 0
679310, 0, 0
679435, 0, 1
679560, 0, 1
679685, 0, 1
679810, 0, 1
679936, 0, 1
680061, 0, 1
680186, 0, 1
680311, 0, 1
680436, 0, 1
680561, 0, 1
680686, 0, 1
680811, 0, 1
680936, 0, 1
681061, 0, 1
681186, 0, 1
681311, 0, 1
681436, 0, bit 1
681436, 0, 0
681561, 0, 1
681686, 0, 1
681811, 0, 0
681936, 0, 1
682061, 0, 0
682186, 0, 1
682311, 0, 0
682436, 0, 1
682561, 0, 0
682686, 0, 0
682689, 1, prem 1
682689, 1, 1
682811, 0, 1
682814, 1, 1
682936, 0, 0
682939, 1, 1
683061, 0, 1
683064, 1, 1
683186, 0, bit 0
683186, 0, 1
683189, 1, 1
683311, 0, 0
683314, 1, 1
683436, 0, 0
683439, 1, 1
683561, 0, 1
683564, 1, 1
683686, 0, 0
683689, 1, 1
683811, 0, 1
683814, 1, 1
683936, 0, 0
683939, 1, 1
684061, 0, 1
684064, 1, 1
684186, 0, 0
684189, 1, 1
684311, 0, 1
684314, 1, 1
684436, 0, 1
684439, 1, 1
684561, 0, 0
684564, 1, 1
684686, 0, 1
684689, 1, 0
684811, 0, 0
684814, 1, 0
684936, 0, bit 1
684936, 0, 0
684939, 1, 0
685061, 0, 1
685064, 1, 0
685186, 0, 1
685189, 1, 0
685312, 0, 0
685314, 1, 0
685437, 0, 1
685440, 1, 0
685562, 0, 0
685565, 1, 0
685687, 0, 1
685690, 1, 0
685812, 0, 0
685815, 1, 0
685937, 0, 1
685940, 1, 0
686062, 0, 0
686065, 1, 0
686187, 0, 0
686190, 1, 0
686312, 0, 1
686315, 1, 0
686437, 0, 0
686440, 1, 0
686562, 0, 1
686565, 1, 0
686687, 0, bit 0
686687, 0, 1
686690, 1, prem 1
686690, 1, 1
686812, 0, 0
686815, 1, 1
686937, 0, 0
686940, 1, 1
687062, 0, 1
687065, 1, 1
687187, 0, 0
687190, 1, 1
687312, 0, 1
687315, 1, 1
687437, 0, 0
687440, 1, 1
687562, 0, 1
687565, 1, 1
687687, 0, 0
687690, 1, 1
687812, 0, 1
687815, 1, 1
687937, 0, 1
687940, 1, 1
688062, 0, 0
688065, 1, 1
688187, 0, 1
688190, 1, 1
688312, 0, 0
688315, 1, 1
688437, 0, bit 0
688437, 0, 1
688440, 1, 1
688562, 0, 0
688565, 1, 1
688687, 0, 0
688690, 1, 0
688812, 0, 1
688815, 1, 0
688937, 0, 0
688940, 1, 0
689062, 0, 1
689065, 1, 0
689187, 0, 0
689190, 1, 0
689312, 0, 1
689315, 1, 0
689437, 0, 0
689440, 1, 0
689562, 0, 1
689565, 1, 0
689687, 0, 1
689690, 1, 0
689812, 0, 0
689815, 1, 0
689937, 0, 1
689940, 1, 0
690062, 0, 0
690065, 1, 0
690187, 0, bit 1
690187, 0, 0
690190, 1, 0
690312, 0, 1
690315, 1, 0
690437, 0, 1
690440, 1, 0
690562, 0, 0
690565, 1, 0
690688, 0, 1
690690, 1, prem 1
690690, 1, 1
690813, 0, 0
690816, 1, 1
690938, 0, 1
690941, 1, 1
691063, 0, 0
691066, 1, 1
691188, 0, 1
691191, 1, 1
691313, 0, 0
691316, 1, 1
691438, 0, 0
691441, 1, 1
691563, 0, 1
691566, 1, 1
691688, 0, 0
691691, 1, 1
691813, 0, 1
691816, 1, 1
691938, 0, bit 0
691938, 0, 1
691941, 1, 1
692063, 0, 0
692066, 1, 1
692188, 0, 0
692191, 1, 1
692313, 0, 1
692316, 1, 1
692438, 0, 0
692441, 1, 1
692563, 0, 1
692566, 1, 1
692688, 0, 0
692691, 1, 0
692813, 0, 1
692816, 1, 0
692938, 0, 0
692941, 1, 0
693063, 0, 1
693066, 1, 0
693188, 0, 1
693191, 1, 0
693313, 0, 0
693316, 1, 0
693438, 0, 1
693441, 1, 0
693563, 0, 0
693566, 1, 0
693688, 0, bit 1
693688, 0, 0
693691, 1, 0
693813, 0, 1
693816, 1, 0
693938, 0, 1
693941, 1, 0
694063, 0, 0
694066, 1, 0
694188, 0, 1
694191, 1, 0
694313, 0, 0
694316, 1, 0
694438, 0, 1
694441, 1, 0
694563, 0, 0
694566, 1, 0
694688, 0, 1
694691, 1, prem 0
694691, 1, 0
694813, 0, 0
694816, 1, 0
694938, 0, 0
694941, 1, 0
695063, 0, 1
695066, 1, 0
695188, 0, 0
695191, 1, 0
695313, 0, 1
695316, 1, 0
695438, 0, bit 0
695438, 0, 1
695441, 1, 0
695563, 0, 0
695566, 1, 0
695688, 0, 0
695691, 1, 0
695813, 0, 1
695816, 1, 0
695938, 0, 0
695941, 1, 0
696064, 0, 1
696066, 1, 0
696189, 0, 0
696192, 1, 0
696314, 0, 1
696317, 1, 0
696439, 0, 0
696442, 1, 0
696564, 0, 1
696567, 1, 0
696689, 0, 1
696692, 1, 1
696814, 0, 0
696817, 1, 1
696939, 0, 1
696942, 1, 1
697064, 0, 0
697067, 1, 1
697189, 0, bit 1
697189, 0, 0
697192, 1, 1
697314, 0, 1
697317, 1, 1
697439, 0, 1
697442, 1, 1
697564, 0, 0
697567, 1, 1
697689, 0, 1
697692, 1, 1
697814, 0, 0
697817, 1, 1
697939, 0, 1
697942, 1, 1
698064, 0, 0
698067, 1, 1
698189, 0, 1
698192, 1, 1
698314, 0, 0
698317, 1, 1
698439, 0, 0
698442, 1, 1
698564, 0, 1
698567, 1, 1
698689, 0, 0
698692, 1, prem 1
698692, 1, 1
698814, 0, 1
698817, 1, 1
698939, 0, bit 0
698939, 0, 1
698942, 1, 1
699064, 0, 0
699067, 1, 1
699189, 0, 0
699192, 1, 1
699314, 0, 1
699317, 1, 1
699439, 0, 0
699442, 1, 1
699564, 0, 1
699567, 1, 1
699689, 0, 0
699692, 1, 1
699814, 0, 1
699817, 1, 1
699939, 0, 0
699942, 1, 1
700064, 0, 1
700067, 1, 1
700189, 0, 1
700192, 1, 1
700314, 0, 0
700317, 1, 1
700439, 0, 1
700442, 1, 1
700564, 0, 0
700567, 1, 1
700689, 0, bit 1
700689, 0, 0
700692, 1, 0
700814, 0, 1
700817, 1, 0
700939, 0, 1
700942, 1, 0
701064, 0, 0
701067, 1, 0
701189, 0, 1
701192, 1, 0
701314, 0, 0
701317, 1, 0
701440, 0, 1
701442, 1, 0
701565, 0, 0
701568, 1, 0
701690, 0, 1
701693, 1, 0
701815, 0, 0
701818, 1, 0
701940, 0, 0
701943, 1, 0
702065, 0, 1
702068, 1, 0
702190, 0, 0
702193, 1, 0
702315, 0, 1
702318, 1, 0
702440, 0, bit 0
702440, 0, 1
702443, 1, 0
702565, 0, 0
702568, 1, 0
702690, 0, 0
702693, 1, prem 1
702693, 1, 1
702815, 0, 1
702818, 1, 1
702940, 0, 0
702943, 1, 1
703065, 0, 1
703068, 1, 1
703190, 0, 0
703193, 1, 1
703315, 0, 1
703318, 1, 1
703440, 0, 0
703443, 1, 1
703565, 0, 1
703568, 1, 1
703690, 0, 1
703693, 1, 1
703815, 0, 0
703818, 1, 1
703940, 0, 1
703943, 1, 1
704065, 0, 0
704068, 1, 1
704190, 0, bit 0
704190, 0, 1
704193, 1, 1
704315, 0, 0
704318, 1, 1
704440, 0, 0
704443, 1, 1
704565, 0, 1
704568, 1, 1
704690, 0, 0
704693, 1, 0
704815, 0, 1
704818, 1, 0
704940, 0, 0
704943, 1, 0
705065, 0, 1
705068, 1, 0
705190, 0, 0
705193, 1, 0
705315, 0, 1
705318, 1, 0
705440, 0, 1
705443, 1, 0
705565, 0, 0
705568, 1, 0
705690, 0, 1
705693, 1, 0
705815, 0, 0
705818, 1, 0
705940, 0, bit 0
705940, 0, 1
705943, 1, 0
706065, 0, 0
706068, 1, 0
706190, 0, 0
706193, 1, 0
706315, 0, 1
706318, 1, 0
706440, 0, 0
706443, 1, 0
706565, 0, 1
706568, 1, 0
706690, 0, 0
706693, 1, prem 1
706693, 1, 1
706816, 0, 1
706818, 1, 1
706941, 0, 0
706944, 1, 1
707066, 0, 1
707069, 1, 1
707191, 0, 1
707194, 1, 1
707316, 0, 0
707319, 1, 1
707441, 0, 1
707444, 1, 1
707566, 0, 0
707569, 1, 1
707691, 0, bit 1
707691, 0, 0
707694, 1, 1
707816, 0, 1
707819, 1, 1
707941, 0, 1
707944, 1, 1
708066, 0, 0
708069, 1, 1
708191, 0, 1
708194, 1, 1
708316, 0, 0
708319, 1, 1
708441, 0, 1
708444, 1, 1
708566, 0, 0
708569, 1, 1
708691, 0, 1
708694, 1, 0
708816, 0, 0
708819, 1, 0
708941, 0, 0
708944, 1, 0
709066, 0, 1
709069, 1, 0
709191, 0, 0
709194, 1, 0
709316, 0, 1
709319, 1, 0
709441, 0, bit 0
709441, 0, 1
709444, 1, 0
709566, 0, 0
709569, 1, 0
709691, 0, 0
709694, 1, 0
709816, 0, 1
709819, 1, 0
709941, 0, 0
709944, 1, 0
710066, 0, 1
710069, 1, 0
710191, 0, 0
710194, 1, 0
710316, 0, 1
710319, 1, 0
710441, 0, 0
710444, 1, 0
710566, 0, 1
710569, 1, 0
710691, 0, 1
710694, 1, bit 1
710694, 1, 1
710816, 0, 0
710819, 1, 0
710941, 0, 1
710944, 1, 1
711066, 0, 0
711069, 1, 0
711191, 0, bit 1
711191, 0, 0
711194, 1, 1
711316, 0, 1
711319, 1, 0
711441, 0, 1
711444, 1, 0
711566, 0, 0
711569, 1, 1
711691, 0, 1
711694, 1, 1
711816, 0, 0
711819, 1, 0
711941, 0, 1
711944, 1, 1
712066, 0, 0
712069, 1, 0
712192, 0, 1
712194, 1, 1
712197, 2, prem 0
712197, 2, 0
712317, 0, 0
712320, 1, 0
712322, 2, 0
712442, 0, 0
712445, 1, bit 1
712445, 1, 1
712448, 2, 0
712567, 0, 1
712570, 1, 0
712573, 2, 0
712692, 0, 0
712695, 1, 1
712698, 2, 0
712817, 0, 1
712820, 1, 0
712823, 2, 0
712942, 0, bit 0
712942, 0, 1
712945, 1, 1
712948, 2, 0
713067, 0, 0
713070, 1, 0
713073, 2, 0
713192, 0, 0
713195, 1, 0
713198, 2, 0
713317, 0, 1
713320, 1, 1
713323, 2, 0
713442, 0, 0
713445, 1, 1
713448, 2, 0
713567, 0, 1
713570, 1, 0
713573, 2, 0
713692, 0, 0
713695, 1, 1
713698, 2, 0
713817, 0, 1
713820, 1, 0
713823, 2, 0
713942, 0, 0
713945, 1, 1
713948, 2, 0
714067, 0, 1
714070, 1, 0
714073, 2, 0
714192, 0, 1
714195, 1, bit 0
714195, 1, 0
714198, 2, 1
714317, 0, 0
714320, 1, 1
714323, 2, 1
714442, 0, 1
714445, 1, 0
714448, 2, 1
714567, 0, 0
714570, 1, 1
714573, 2, 1
714692, 0, bit 0
714692, 0, 1
714695, 1, 0
714698, 2, 1
714817, 0, 0
714820, 1, 1
714823, 2, 1
714942, 0, 0
714945, 1, 1
714948, 2, 1
715067, 0, 1
715070, 1, 0
715073, 2, 1
715192, 0, 0
715195, 1, 0
715198, 2, 1
715317, 0, 1
715320, 1, 1
715323, 2, 1
715442, 0, 0
715445, 1, 0
715448, 2, 1
715567, 0, 1
715570, 1, 1
715573, 2, 1
715692, 0, 0
715695, 1, 0
715698, 2, 1
715817, 0, 1
715820, 1, 1
715823, 2, 1
715942, 0, 1
715945, 1, bit 0
715945, 1, 0
715948, 2, 1
716067, 0, 0
716070, 1, 1
716073, 2, 1
716192, 0, 1
716195, 1, 0
716198, 2, prem 0
716198, 2, 0
716317, 0, 0
716320, 1, 1
716323, 2, 0
716442, 0, bit 0
716442, 0, 1
716445, 1, 0
716448, 2, 0
716567, 0, 0
716570, 1, 1
716573, 2, 0
716692, 0, 0
716695, 1, 1
716698, 2, 0
716817, 0, 1
716820, 1, 0
716823, 2, 0
716942, 0, 0
716945, 1, 0
716948, 2, 0
717067, 0, 1
717070, 1, 1
717073, 2, 0
717192, 0, 0
717195, 1, 0
717198, 2, 0
717317, 0, 1
717320, 1, 1
717323, 2, 0
717442, 0, 0
717445, 1, 0
717448, 2, 0
717568, 0, 1
717570, 1, 1
717573, 2, 0
717693, 0, 1
717696, 1, bit 1
717696, 1, 1
717698, 2, 0
717818, 0, 0
717821, 1, 0
717824, 2, 0
717943, 0, 1
717946, 1, 1
717949, 2, 0
718068, 0, 0
718071, 1, 0
718074, 2, 0
718193, 0, bit 0
718193, 0, 1
718196, 1, 1
718199, 2, 1
718318, 0, 0
718321, 1, 0
718324, 2, 1
718443, 0, 0
718446, 1, 0
718449, 2, 1
718568, 0, 1
718571, 1, 1
718574, 2, 1
718693, 0, 0
718696, 1, 1
718699, 2, 1
718818, 0, 1
718821, 1, 0
718824, 2, 1
718943, 0, 0
718946, 1, 1
718949, 2, 1
719068, 0, 1
719071, 1, 0
719074, 2, 1
719193, 0, 0
719196, 1, 1
719199, 2, 1
719318, 0, 1
719321, 1, 0
719324, 2, 1
719443, 0, 1
719446, 1, bit 1
719446, 1, 1
719449, 2, 1
719568, 0, 0
719571, 1, 0
719574, 2, 1
719693, 0, 1
719696, 1, 1
719699, 2, 1
719818, 0, 0
719821, 1, 0
719824, 2, 1
719943, 0, bit 0
719943, 0, 1
719946, 1, 1
719949, 2, 1
720068, 0, 0
720071, 1, 0
720074, 2, 1
720193, 0, 0
720196, 1, 0
720199, 2, prem 0
720199, 2, 0
720318, 0, 1
720321, 1, 1
720324, 2, 0
720443, 0, 0
720446, 1, 1
720449, 2, 0
720568, 0, 1
720571, 1, 0
720574, 2, 0
720693, 0, 0
720696, 1, 1
720699, 2, 0
720818, 0, 1
720821, 1, 0
720824, 2, 0
720943, 0, 0
720946, 1, 1
720949, 2, 0
721068, 0, 1
721071, 1, 0
721074, 2, 0
721193, 0, 1
721196, 1, bit 0
721196, 1, 0
721199, 2, 0
721318, 0, 0
721321, 1, 1
721324, 2, 0
721443, 0, 1
721446, 1, 0
721449, 2, 0
721568, 0, 0
721571, 1, 1
721574, 2, 0
721693, 0, bit 0
721693, 0, 1
721696, 1, 0
721699, 2, 0
721818, 0, 0
721821, 1, 1
721824, 2, 0
721943, 0, 0
721946, 1, 1
721949, 2, 0
722068, 0, 1
722071, 1, 0
722074, 2, 0
722193, 0, 0
722196, 1, 0
722199, 2, 1
722318, 0, 1
722321, 1, 1
722324, 2, 1
722443, 0, 0
722446, 1, 0
722449, 2, 1
722568, 0, 1
722571, 1, 1
722574, 2, 1
722693, 0, 0
722696, 1, 0
722699, 2, 1
722818, 0, 1
722821, 1, 1
722824, 2, 1
722944, 0, 1
722946, 1, bit 0
722946, 1, 0
722949, 2, 1
723069, 0, 0
723072, 1, 1
723074, 2, 1
723194, 0, 1
723197, 1, 0
723200, 2, 1
723319, 0, 0
723322, 1, 1
723325, 2, 1
723444, 0, bit 1
723444, 0, 0
723447, 1, 0
723450, 2, 1
723569, 0, 1
723572, 1, 1
723575, 2, 1
723694, 0, 1
723697, 1, 1
723700, 2, 1
723819, 0, 0
723822, 1, 0
723825, 2, 1
723944, 0, 1
723947, 1, 0
723950, 2, 1
724069, 0, 0
724072, 1, 1
724075, 2, 1
724194, 0, 1
724197, 1, 0
724200, 2, prem 0
724200, 2, 0
724319, 0, 0
724322, 1, 1
724325, 2, 0
724444, 0, 1
724447, 1, 0
724450, 2, 0
724569, 0, 0
724572, 1, 1
724575, 2, 0
724694, 0, 0
724697, 1, bit 1
724697, 1, 1
724700, 2, 0
724819, 0, 1
724822, 1, 0
724825, 2, 0
724944, 0, 0
724947, 1, 1
724950, 2, 0
725069, 0, 1
725072, 1, 0
725075, 2, 0
725194, 0, bit 0
725197, 0, 1
725197, 1, 1
725200, 2, 0
725319, 0, 0
725322, 1, 0
725325, 2, 0
725444, 0, 0
725447, 1, 0
725450, 2, 0
725569, 0, 1
725572, 1, 1
725575, 2, 0
725694, 0, 0
725697, 1, 1
725700, 2, 0
725819, 0, 1
725822, 1, 0
725825, 2, 0
725944, 0, 0
725947, 1, 1
725950, 2, 0
726069, 0, 1
726072, 1, 0
726075, 2, 0
726194, 0, 0
726197, 1, 1
726200, 2, 1
726319, 0, 1
726322, 1, 0
726325, 2, 1
726444, 0, 1
726447, 1, bit 0
726447, 1, 0
726450, 2, 1
726569, 0, 0
726572, 1, 1
726575, 2, 1
726694, 0, 1
726697, 1, 0
726700, 2, 1
726819, 0, 0
726822, 1, 1
726825, 2, 1
726944, 0, bit 1
726944, 0, 0
726947, 1, 0
726950, 2, 1
727069, 0, 1
727072, 1, 1
727075, 2, 1
727194, 0, 1
727197, 1, 1
727200, 2, 1
727319, 0, 0
727322, 1, 0
727325, 2, 1
727444, 0, 1
727447, 1, 0
727450, 2, 1
727569, 0, 0
727572, 1, 1
727575, 2, 1
727694, 0, 1
727697, 1, 0
727700, 2, 1
727819, 0, 0
727822, 1, 1
727825, 2, 1
727944, 0, 1
727947, 1, 0
727950, 2, 1
728069, 0, 0
728072, 1, 1
728082, 2, 1
728194, 0, 0
728197, 1, bit 0
728197, 1, 0
728207, 2, prem 1
728207, 2, 1
728320, 0, 1
728322, 1, 1
728332, 2, 1
728445, 0, 0
728448, 1, 0
728457, 2, 1
728570, 0, 1
728573, 1, 1
728582, 2, 1
728695, 0, bit 1
728695, 0, 0
728698, 1, 0
728707, 2, 1
728820, 0, 1
728823, 1, 1
728832, 2, 1
728945, 0, 1
728948, 1, 1
728957, 2, 1
729070, 0, 0
729073, 1, 0
729082, 2, 1
729195, 0, 1
729198, 1, 0
729207, 2, 1
729320, 0, 0
729323, 1, 1
729332, 2, 1
729445, 0, 1
729448, 1, 0
729457, 2, 1
729570, 0, 0
729573, 1, 1
729582, 2, 1
729695, 0, 1
729698, 1, 0
729707, 2, 1
729820, 0, 0
729823, 1, 1
729832, 2, 1
729945, 0, 0
729948, 1, bit 1
729948, 1, 1
729957, 2, 1
730070, 0, 1
730073, 1, 0
730082, 2, 1
730195, 0, 0
730198, 1, 1
730207, 2, 0
730320, 0, 1
730323, 1, 0
730332, 2, 0
730445, 0, bit 1
730445, 0, 0
730448, 1, 1
730457, 2, 0
730570, 0, 1
730573, 1, 0
730582, 2, 0
730695, 0, 1
730698, 1, 0
730707, 2, 0
730820, 0, 0
730823, 1, 1
730832, 2, 0
730945, 0, 1
730948, 1, 1
730957, 2, 0
731070, 0, 0
731073, 1, 0
731082, 2, 0
731195, 0, 1
731198, 1, 1
731207, 2, 0
731320, 0, 0
731323, 1, 0
731332, 2, 0
731445, 0, 1
731448, 1, 1
731457, 2, 0
731570, 0, 0
731573, 1, 0
731582, 2, 0
731695, 0, 0
731698, 1, bit 1
731698, 1, 1
731707, 2, 0
731820, 0, 1
731823, 1, 0
731832, 2, 0
731945, 0, 0
731948, 1, 1
731957, 2, 0
732070, 0, 1
732073, 1, 0
732082, 2, 0
732195, 0, bit 1
732195, 0, 0
732198, 1, 1
732207, 2, prem 0
732210, 2, 0
732320, 0, 1
732323, 1, 0
732332, 2, 0
732445, 0, 1
732448, 1, 0
732457, 2, 0
732570, 0, 0
732573, 1, 1
732582, 2, 0
732695, 0, 1
732698, 1, 1
732707, 2, 0
732820, 0, 0
732823, 1, 0
732832, 2, 0
732945, 0, 1
732948, 1, 1
732957, 2, 0
733070, 0, 0
733073, 1, 0
733082, 2, 0
733195, 0, 1
733198, 1, 1
733207, 2, 0
733320, 0, 0
733323, 1, 0
733332, 2, 0
733445, 0, 0
733448, 1, bit 1
733448, 1, 1
733457, 2, 0
733570, 0, 1
733573, 1, 0
733582, 2, 0
733696, 0, 0
733699, 1, 1
733707, 2, 0
733821, 0, 1
733824, 1, 0
733832, 2, 0
733946, 0, bit 1
733946, 0, 0
733949, 1, 1
733957, 2, 0
734071, 0, 1
734074, 1, 0
734082, 2, 0
734196, 0, 1
734199, 1, 0
734208, 2, 1
734321, 0, 0
734324, 1, 1
734333, 2, 1
734446, 0, 1
734449, 1, 1
734458, 2, 1
734571, 0, 0
734574, 1, 0
734583, 2, 1
734696, 0, 1
734699, 1, 1
734708, 2, 1
734821, 0, 0
734824, 1, 0
734833, 2, 1
734946, 0, 1
734949, 1, 1
734958, 2, 1
735071, 0, 0
735074, 1, 0
735083, 2, 1
735196, 0, 0
735199, 1, bit 0
735199, 1, 0
735208, 2, 1
735321, 0, 1
735324, 1, 1
735333, 2, 1
735446, 0, 0
735449, 1, 0
735458, 2, 1
735571, 0, 1
735574, 1, 1
735583, 2, 1
735696, 0, bit 1
735696, 0, 0
735699, 1, 0
735708, 2, 1
735821, 0, 1
735824, 1, 1
735833, 2, 1
735946, 0, 1
735949, 1, 1
735958, 2, 1
736071, 0, 0
736074, 1, 0
736083, 2, 1
736196, 0, 1
736199, 1, 0
736208, 2, prem 1
736208, 2, 1
736321, 0, 0
736324, 1, 1
736333, 2, 1
736446, 0, 1
736449, 1, 0
736458, 2, 1
736571, 0, 0
736574, 1, 1
736583, 2, 1
736696, 0, 1
736699, 1, 0
736708, 2, 1
736821, 0, 0
736824, 1, 1
736833, 2, 1
736946, 0, 0
736949, 1, bit 1
736949, 1, 1
736958, 2, 1
737071, 0, 1
737074, 1, 0
737083, 2, 1
737196, 0, 0
737199, 1, 1
737208, 2, 1
737321, 0, 1
737324, 1, 0
737333, 2, 1
737446, 0, bit 0
737446, 0, 1
737449, 1, 1
737458, 2, 1
737571, 0, 0
737574, 1, 0
737583, 2, 1
737696, 0, 0
737699, 1, 0
737708, 2, 1
737821, 0, 1
737824, 1, 1
737833, 2, 1
737946, 0, 0
737949, 1, 1
737958, 2, 1
738071, 0, 1
738074, 1, 0
738083, 2, 1
738196, 0, 0
738199, 1, 1
738208, 2, 0
738321, 0, 1
738324, 1, 0
738333, 2, 0
738446, 0, 0
738449, 1, 1
738458, 2, 0
738571, 0, 1
738574, 1, 0
738583, 2, 0
738696, 0, 1
738699, 1, bit 0
738699, 1, 0
738708, 2, 0
738821, 0, 0
738824, 1, 1
738833, 2, 0
738946, 0, 1
738949, 1, 0
738958, 2, 0
739072, 0, 0
739074, 1, 1
739083, 2, 0
739197, 0, bit 0
739197, 0, 1
739200, 1, 0
739208, 2, 0
739322, 0, 0
739325, 1, 1
739333, 2, 0
739447, 0, 0
739450, 1, 1
739458, 2, 0
739572, 0, 1
739575, 1, 0
739584, 2, 0
739697, 0, 0
739700, 1, 0
739709, 2, 0
739822, 0, 1
739825, 1, 1
739834, 2, 0
739947, 0, 0
739950, 1, 0
739959, 2, 0
740072, 0, 1
740075, 1, 1
740084, 2, 0
740197, 0, 0
740200, 1, 0
740209, 2, bit 1
740209, 2, 0
740322, 0, 1
740325, 1, 1
740334, 2, 1
740447, 0, 1
740450, 1, bit 0
740450, 1, 0
740459, 2, 0
740572, 0, 0
740575, 1, 1
740584, 2, 1
740697, 0, 1
740700, 1, 0
740709, 2, 0
740822, 0, 0
740825, 1, 1
740834, 2, 1
740947, 0, bit 1
740947, 0, 0
740950, 1, 0
740959, 2, 0
741072, 0, 1
741075, 1, 1
741084, 2, 1
741197, 0, 1
741200, 1, 1
741209, 2, 1
741322, 0, 0
741325, 1, 0
741334, 2, 0
741447, 0, 1
741450, 1, 0
741459, 2, 0
741572, 0, 0
741575, 1, 1
741584, 2, 1
741697, 0, 1
741700, 1, 0
741709, 2, 1
741822, 0, 0
741825, 1, 1
741834, 2, 0
741947, 0, 1
741950, 1, 0
741959, 2, bit 1
741959, 2, 0
742072, 0, 0
742075, 1, 1
742084, 2, 1
742197, 0, 0
742200, 1, bit 0
742200, 1, 0
742209, 2, 0
742322, 0, 1
742325, 1, 1
742334, 2, 1
742447, 0, 0
742450, 1, 0
742459, 2, 0
742572, 0, 1
742575, 1, 1
742584, 2, 1
742697, 0, bit 0
742697, 0, 1
742700, 1, 0
742709, 2, 0
742712, 3, prem 0
742712, 3, 0
742822, 0, 0
742825, 1, 1
742834, 2, 1
742837, 3, 0
742947, 0, 0
742950, 1, 1
742959, 2, 1
742962, 3, 0
743072, 0, 1
743075, 1, 0
743084, 2, 0
743087, 3, 0
743197, 0, 0
743200, 1, 0
743209, 2, 0
743212, 3, 0
743322, 0, 1
743325, 1, 1
743334, 2, 1
743337, 3, 0
743447, 0, 0
743450, 1, 0
743459, 2, 1
743462, 3, 0
743572, 0, 1
743575, 1, 1
743584, 2, 0
743587, 3, 0
743697, 0, 0
743700, 1, 0
743709, 2, bit 1
743709, 2, 0
743712, 3, 0
743822, 0, 1
743825, 1, 1
743834, 2, 1
743837, 3, 0
743947, 0, 1
743950, 1, bit 1
743950, 1, 1
743959, 2, 0
743962, 3, 0
744072, 0, 0
744075, 1, 0
744084, 2, 1
744087, 3, 0
744197, 0, 1
744200, 1, 1
744209, 2, 0
744212, 3, 0
744322, 0, 0
744325, 1, 0
744334, 2, 1
744337, 3, 0
744448, 0, bit 1
744448, 0, 0
744450, 1, 1
744459, 2, 0
744462, 3, 0
744573, 0, 1
744576, 1, 0
744584, 2, 1
744587, 3, 0
744698, 0, 1
744701, 1, 0
744709, 2, 1
744712, 3, 1
744823, 0, 0
744826, 1, 1
744834, 2, 0
744837, 3, 1
744948, 0, 1
744951, 1, 1
744960, 2, 0
744962, 3, 1
745073, 0, 0
745076, 1, 0
745085, 2, 1
745088, 3, 1
745198, 0, 1
745201, 1, 1
745210, 2, 1
745213, 3, 1
745323, 0, 0
745326, 1, 0
745335, 2, 0
745338, 3, 1
745448, 0, 1
745451, 1, 1
745460, 2, bit 0
745463, 2, 1
745463, 3, 1
745573, 0, 0
745576, 1, 0
745585, 2, 0
745588, 3, 1
745698, 0, 0
745701, 1, bit 1
745701, 1, 1
745710, 2, 1
745713, 3, 1
745823, 0, 1
745826, 1, 0
745835, 2, 0
745838, 3, 1
745948, 0, 0
745951, 1, 1
745960, 2, 1
745963, 3, 1
746073, 0, 1
746076, 1, 0
746085, 2, 0
746088, 3, 1
746198, 0, bit 0
746198, 0, 1
746201, 1, 1
746210, 2, 1
746213, 3, 1
746323, 0, 0
746326, 1, 0
746335, 2, 0
746338, 3, 1
746448, 0, 0
746451, 1, 0
746460, 2, 0
746463, 3, 1
746573, 0, 1
746576, 1, 1
746585, 2, 1
746588, 3, 1
746698, 0, 0
746701, 1, 1
746710, 2, 1
746713, 3, prem 1
746713, 3, 1
746823, 0, 1
746826, 1, 0
746835, 2, 0
746838, 3, 1
746948, 0, 0
746951, 1, 1
746960, 2, 0
746963, 3, 1
747073, 0, 1
747076, 1, 0
747085, 2, 1
747088, 3, 1
747198, 0, 0
747201, 1, 1
747210, 2, bit 0
747210, 2, 1
747213, 3, 1
747323, 0, 1
747326, 1, 0
747335, 2, 0
747338, 3, 1
747448, 0, 1
747451, 1, bit 0
747451, 1, 0
747460, 2, 1
747463, 3, 1
747573, 0, 0
747576, 1, 1
747585, 2, 0
747588, 3, 1
747698, 0, 1
747701, 1, 0
747710, 2, 1
747713, 3, 1
747823, 0, 0
747826, 1, 1
747835, 2, 0
747838, 3, 1
747948, 0, bit 0
747948, 0, 1
747951, 1, 0
747960, 2, 1
747963, 3, 1
748073, 0, 0
748076, 1, 1
748085, 2, 0
748088, 3, 1
748198, 0, 0
748201, 1, 1
748210, 2, 0
748213, 3, 1
748323, 0, 1
748326, 1, 0
748335, 2, 1
748338, 3, 1
748448, 0, 0
748451, 1, 0
748460, 2, 1
748463, 3, 1
748573, 0, 1
748576, 1, 1
748585, 2, 0
748588, 3, 1
748698, 0, 0
748701, 1, 0
748710, 2, 0
748713, 3, 0
748823, 0, 1
748826, 1, 1
748835, 2, 1
748838, 3, 0
748948, 0, 0
748951, 1, 0
748960, 2, bit 0
748960, 2, 1
748963, 3, 0
749073, 0, 1
749076, 1, 1
749085, 2, 0
749088, 3, 0
749198, 0, 1
749201, 1, bit 1
749201, 1, 1
749210, 2, 1
749213, 3, 0
749323, 0, 0
749326, 1, 0
749335, 2, 0
749338, 3, 0
749448, 0, 1
749451, 1, 1
749460, 2, 1
749463, 3, 0
749573, 0, 0
749576, 1, 0
749585, 2, 0
749588, 3, 0
749698, 0, bit 1
749701, 0, 0
749701, 1, 1
749710, 2, 1
749713, 3, 0
749824, 0, 1
749826, 1, 0
749835, 2, 0
749838, 3, 0
749949, 0, 1
749952, 1, 0
749960, 2, 0
749963, 3, 0
750074, 0, 0
750077, 1, 1
750085, 2, 1
750088, 3, 0
750199, 0, 1
750202, 1, 1
750210, 2, 1
750213, 3, 0
750324, 0, 0
750327, 1, 0
750336, 2, 0
750338, 3, 0
750449, 0, 1
750452, 1, 1
750461, 2, 0
750464, 3, 0
750574, 0, 0
750577, 1, 0
750586, 2, 1
750589, 3, 0
750699, 0, 1
750702, 1, 1
750711, 2, bit 1
750711, 2, 0
750714, 3, prem 0
750717, 3, 0
750824, 0, 0
750827, 1, 0
750836, 2, 1
750839, 3, 0
750949, 0, 0
750952, 1, bit 0
750952, 1, 0
750961, 2, 0
750964, 3, 0
751074, 0, 1
751077, 1, 1
751086, 2, 1
751089, 3, 0
751199, 0, 0
751202, 1, 0
751211, 2, 0
751214, 3, 0
751324, 0, 1
751327, 1, 1
751336, 2, 1
751339, 3, 0
751449, 0, bit 0
751449, 0, 1
751452, 1, 0
751461, 2, 0
751464, 3, 0
751574, 0, 0
751577, 1, 1
751586, 2, 1
751589, 3, 0
751699, 0, 0
751702, 1, 1
751711, 2, 1
751714, 3, 0
751824, 0, 1
751827, 1, 0
751836, 2, 0
751839, 3, 0
751949, 0, 0
751952, 1, 0
751961, 2, 0
751964, 3, 0
752074, 0, 1
752077, 1, 1
752086, 2, 1
752089, 3, 0
752199, 0, 0
752202, 1, 0
752211, 2, 1
752214, 3, 0
752324, 0, 1
752327, 1, 1
752336, 2, 0
752339, 3, 0
752449, 0, 0
752452, 1, 0
752461, 2, bit 1
752461, 2, 0
752464, 3, 0
752574, 0, 1
752577, 1, 1
752586, 2, 1
752589, 3, 0
752699, 0, 1
752702, 1, bit 0
752702, 1, 0
752711, 2, 0
752714, 3, 1
752824, 0, 0
752827, 1, 1
752836, 2, 1
752839, 3, 1
752949, 0, 1
752952, 1, 0
752961, 2, 0
752964, 3, 1
753074, 0, 0
753077, 1, 1
753086, 2, 1
753089, 3, 1
753199, 0, bit 0
753199, 0, 1
753202, 1, 0
753211, 2, 0
753214, 3, 1
753324, 0, 0
753327, 1, 1
753336, 2, 1
753339, 3, 1
753449, 0, 0
753452, 1, 1
753461, 2, 1
753464, 3, 1
753574, 0, 1
753577, 1, 0
753586, 2, 0
753589, 3, 1
753699, 0, 0
753702, 1, 0
753711, 2, 0
753714, 3, 1
753824, 0, 1
753827, 1, 1
753836, 2, 1
753839, 3, 1
753949, 0, 0
753952, 1, 0
753961, 2, 1
753964, 3, 1
754074, 0, 1
754077, 1, 1
754086, 2, 0
754089, 3, 1
754199, 0, 0
754202, 1, 0
754211, 2, bit 0
754211, 2, 1
754214, 3, 1
754324, 0, 1
754327, 1, 1
754336, 2, 0
754339, 3, 1
754449, 0, 1
754452, 1, bit 1
754452, 1, 1
754461, 2, 1
754464, 3, 1
754574, 0, 0
754577, 1, 0
754586, 2, 0
754589, 3, 1
754699, 0, 1
754702, 1, 1
754711, 2, 1
754714, 3, prem 1
754714, 3, 1
754824, 0, 0
754827, 1, 0
754836, 2, 0
754839, 3, 1
754949, 0, bit 1
754949, 0, 0
754952, 1, 1
754961, 2, 1
754964, 3, 1
755074, 0, 1
755077, 1, 0
755086, 2, 0
755089, 3, 1
755200, 0, 1
755202, 1, 0
755211, 2, 0
755214, 3, 1
755325, 0, 0
755328, 1, 1
755336, 2, 1
755339, 3, 1
755450, 0, 1
755453, 1, 1
755461, 2, 1
755464, 3, 1
755575, 0, 0
755578, 1, 0
755586, 2, 0
755589, 3, 1
755700, 0, 1
755703, 1, 1
755712, 2, 0
755714, 3, 1
755825, 0, 0
755828, 1, 0
755837, 2, 1
755840, 3, 1
755950, 0, 1
755953, 1, 1
755962, 2, bit 0
755962, 2, 1
755965, 3, 1
756075, 0, 0
756078, 1, 0
756087, 2, 0
756090, 3, 1
756200, 0, 0
756203, 1, bit 1
756203, 1, 1
756212, 2, 1
756215, 3, 1
756325, 0, 1
756328, 1, 0
756337, 2, 0
756340, 3, 1
756450, 0, 0
756453, 1, 1
756462, 2, 1
756465, 3, 1
756575, 0, 1
756578, 1, 0
756587, 2, 0
756590, 3, 1
756700, 0, bit 0
756700, 0, 1
756703, 1, 1
756712, 2, 1
756715, 3, 0
756825, 0, 0
756828, 1, 0
756837, 2, 0
756840, 3, 0
756950, 0, 0
756953, 1, 0
756962, 2, 0
756965, 3, 0
757075, 0, 1
757078, 1, 1
757087, 2, 1
757090, 3, 0
757200, 0, 0
757203, 1, 1
757212, 2, 1
757215, 3, 0
757325, 0, 1
757328, 1, 0
757337, 2, 0
757340, 3, 0
757450, 0, 0
757453, 1, 1
757462, 2, 0
757465, 3, 0
757575, 0, 1
757578, 1, 0
757587, 2, 1
757590, 3, 0
757700, 0, 0
757703, 1, 1
757712, 2, bit 0
757712, 2, 1
757715, 3, 0
757825, 0, 1
757828, 1, 0
757837, 2, 0
757840, 3, 0
757950, 0, 1
757953, 1, bit 0
757953, 1, 0
757962, 2, 1
757965, 3, 0
758075, 0, 0
758078, 1, 1
758087, 2, 0
758090, 3, 0
758200, 0, 1
758203, 1, 0
758212, 2, 1
758215, 3, 0
758325, 0, 0
758328, 1, 1
758337, 2, 0
758340, 3, 0
758450, 0, bit 1
758450, 0, 0
758453, 1, 0
758462, 2, 1
758465, 3, 0
758575, 0, 1
758578, 1, 1
758587, 2, 0
758590, 3, 0
758700, 0, 1
758703, 1, 1
758712, 2, 0
758715, 3, prem 0
758715, 3, 0
758825, 0, 0
758828, 1, 0
758837, 2, 1
758840, 3, 0
758950, 0, 1
758953, 1, 0
758962, 2, 1
758965, 3, 0
759075, 0, 0
759078, 1, 1
759087, 2, 0
759090, 3, 0
759200, 0, 1
759203, 1, 0
759212, 2, 0
759215, 3, 0
759325, 0, 0
759328, 1, 1
759337, 2, 1
759340, 3, 0
759450, 0, 1
759453, 1, 0
759462, 2, bit 0
759462, 2, 1
759465, 3, 0
759575, 0, 0
759578, 1, 1
759587, 2, 0
759590, 3, 0
759700, 0, 0
759703, 1, bit 1
759703, 1, 1
759712, 2, 1
759715, 3, 0
759825, 0, 1
759828, 1, 0
759837, 2, 0
759840, 3, 0
759950, 0, 0
759953, 1, 1
759962, 2, 1
759965, 3, 0
760075, 0, 1
760078, 1, 0
760087, 2, 0
760090, 3, 0
760200, 0, bit 1
760200, 0, 0
760203, 1, 1
760212, 2, 1
760215, 3, 0
760325, 0, 1
760328, 1, 0
760337, 2, 0
760340, 3, 0
760450, 0, 1
760453, 1, 0
760462, 2, 0
760465, 3, 0
760576, 0, 0
760578, 1, 1
760587, 2, 1
760590, 3, 0
760701, 0, 1
760704, 1, 1
760712, 2, 1
760715, 3, 1
760826, 0, 0
760829, 1, 0
760837, 2, 0
760840, 3, 1
760951, 0, 1
760954, 1, 1
760962, 2, 0
760965, 3, 1
761076, 0, 0
761079, 1, 0
761088, 2, 1
761090, 3, 1
761201, 0, 1
761204, 1, 1
761213, 2, bit 0
761213, 2, 1
761216, 3, 1
761326, 0, 0
761329, 1, 0
761338, 2, 0
761341, 3, 1
761451, 0, 0
761454, 1, bit 0
761454, 1, 0
761463, 2, 1
761466, 3, 1
761576, 0, 1
761579, 1, 1
761588, 2, 0
761591, 3, 1
761701, 0, 0
761704, 1, 0
761713, 2, 1
761716, 3, 1
761826, 0, 1
761829, 1, 1
761838, 2, 0
761841, 3, 1
761951, 0, bit 1
761951, 0, 0
761954, 1, 0
761963, 2, 1
761966, 3, 1
762076, 0, 1
762079, 1, 1
762088, 2, 0
762091, 3, 1
762201, 0, 1
762204, 1, 1
762213, 2, 0
762216, 3, 1
762326, 0, 0
762329, 1, 0
762338, 2, 1
762341, 3, 1
762451, 0, 1
762454, 1, 0
762463, 2, 1
762466, 3, 1
762576, 0, 0
762579, 1, 1
762588, 2, 0
762591, 3, 1
762701, 0, 1
762704, 1, 0
762713, 2, 0
762716, 3, prem 1
762716, 3, 1
762826, 0, 0
762829, 1, 1
762838, 2, 1
762841, 3, 1
762951, 0, 1
762954, 1, 0
762963, 2, bit 0
762963, 2, 1
762966, 3, 1
763076, 0, 0
763079, 1, 1
763088, 2, 0
763091, 3, 1
763201, 0, 0
763204, 1, bit 0
763204, 1, 0
763213, 2, 1
763216, 3, 1
763326, 0, 1
763329, 1, 1
763338, 2, 0
763341, 3, 1
763451, 0, 0
763454, 1, 0
763463, 2, 1
763466, 3, 1
763576, 0, 1
763579, 1, 1
763588, 2, 0
763591, 3, 1
763701, 0, bit 1
763701, 0, 0
763704, 1, 0
763713, 2, 1
763716, 3, 1
763826, 0, 1
763829, 1, 1
763838, 2, 0
763841, 3, 1
763951, 0, 1
763954, 1, 1
763963, 2, 0
763966, 3, 1
764076, 0, 0
764079, 1, 0
764088, 2, 1
764091, 3, 1
764201, 0, 1
764204, 1, 0
764213, 2, 1
764216, 3, 1
764326, 0, 0
764329, 1, 1
764338, 2, 0
764341, 3, 1
764451, 0, 1
764454, 1, 0
764463, 2, 0
764466, 3, 1
764576, 0, 0
764579, 1, 1
764588, 2, 1
764591, 3, 1
764701, 0, 1
764704, 1, 0
764713, 2, bit 1
764713, 2, 0
764716, 3, 0
764826, 0, 0
764829, 1, 1
764838, 2, 1
764841, 3, 0
764951, 0, 0
764954, 1, bit 1
764954, 1, 1
764963, 2, 0
764966, 3, 0
765076, 0, 1
765079, 1, 0
765088, 2, 1
765091, 3, 0
765201, 0, 0
765204, 1, 1
765213, 2, 0
765216, 3, 0
765326, 0, 1
765329, 1, 0
765338, 2, 1
765341, 3, 0
765451, 0, bit 0
765451, 0, 1
765454, 1, 1
765463, 2, 0
765466, 3, 0
765576, 0, 0
765586, 1, 0
765588, 2, 1
765591, 3, 0
765701, 0, 0
765711, 1, 0
765713, 2, 1
765716, 3, 0
765826, 0, 1
765836, 1, 1
765838, 2, 0
765841, 3, 0
765952, 0, 0
765961, 1, 1
765963, 2, 0
765966, 3, 0
766077, 0, 1
766086, 1, 0
766088, 2, 1
766091, 3, 0
766202, 0, 0
766211, 1, 1
766213, 2, 1
766216, 3, 0
766327, 0, 1
766336, 1, 0
766338, 2, 0
766341, 3, 0
766452, 0, 0
766461, 1, 1
766464, 2, bit 0
766464, 2, 1
766466, 3, 0
766577, 0, 1
766586, 1, 0
766589, 2, 0
766592, 3, 0
766702, 0, 1
766711, 1, bit 1
766711, 1, 1
766714, 2, 1
766717, 3, prem 1
766717, 3, 1
766827, 0, 0
766836, 1, 0
766839, 2, 0
766842, 3, 1
766952, 0, 1
766961, 1, 1
766964, 2, 1
766967, 3, 1
767077, 0, 0
767086, 1, 0
767089, 2, 0
767092, 3, 1
767202, 0, bit 0
767202, 0, 1
767211, 1, 1
767214, 2, 1
767217, 3, 1
767327, 0, 0
767336, 1, 0
767339, 2, 0
767342, 3, 1
767452, 0, 0
767461, 1, 0
767464, 2, 0
767467, 3, 1
767577, 0, 1
767586, 1, 1
767589, 2, 1
767592, 3, 1
767702, 0, 0
767711, 1, 1
767714, 2, 1
767717, 3, 1
767827, 0, 1
767836, 1, 0
767839, 2, 0
767842, 3, 1
767952, 0, 0
767961, 1, 1
767964, 2, 0
767967, 3, 1
768077, 0, 1
768086, 1, 0
768089, 2, 1
768092, 3, 1
768202, 0, 0
768211, 1, 1
768214, 2, bit 0
768214, 2, 1
768217, 3, 1
768327, 0, 1
768336, 1, 0
768339, 2, 0
768342, 3, 1
768452, 0, 1
768461, 1, bit 1
768461, 1, 1
768464, 2, 1
768467, 3, 1
768577, 0, 0
768586, 1, 0
768589, 2, 0
768592, 3, 1
768702, 0, 1
768711, 1, 1
768714, 2, 1
768717, 3, 0
768827, 0, 0
768836, 1, 0
768839, 2, 0
768842, 3, 0
768952, 0, bit 0
768952, 0, 1
768961, 1, 1
768964, 2, 1
768967, 3, 0
769077, 0, 0
769086, 1, 0
769089, 2, 0
769092, 3, 0
769202, 0, 0
769211, 1, 0
769214, 2, 0
769217, 3, 0
769327, 0, 1
769336, 1, 1
769339, 2, 1
769342, 3, 0
769452, 0, 0
769461, 1, 1
769464, 2, 1
769467, 3, 0
769577, 0, 1
769586, 1, 0
769589, 2, 0
769592, 3, 0
769702, 0, 0
769711, 1, 1
769714, 2, 0
769717, 3, 0
769827, 0, 1
769836, 1, 0
769839, 2, 1
769842, 3, 0
769952, 0, 0
769961, 1, 1
769964, 2, bit 0
769964, 2, 1
769967, 3, 0
770077, 0, 1
770086, 1, 0
770089, 2, 0
770092, 3, 0
770202, 0, 1
770211, 1, bit 0
770211, 1, 0
770214, 2, 1
770217, 3, 0
770327, 0, 0
770336, 1, 1
770339, 2, 0
770342, 3, 0
770452, 0, 1
770461, 1, 0
770464, 2, 1
770467, 3, 0
770577, 0, 0
770586, 1, 1
770589, 2, 0
770592, 3, 0
770702, 0, bit 1
770702, 0, 0
770711, 1, 0
770714, 2, 1
770717, 3, bit 1
770717, 3, 0
770827, 0, 1
770836, 1, 1
770839, 2, 0
770842, 3, 1
770952, 0, 1
770961, 1, 1
770964, 2, 0
770967, 3, 1
771077, 0, 0
771086, 1, 0
771089, 2, 1
771092, 3, 0
771202, 0, 1
771211, 1, 0
771214, 2, 1
771217, 3, 0
771328, 0, 0
771336, 1, 1
771339, 2, 0
771342, 3, 1
771453, 0, 1
771461, 1, 0
771464, 2, 0
771467, 3, 1
771578, 0, 0
771586, 1, 1
771589, 2, 1
771592, 3, 0
771703, 0, 1
771712, 1, 0
771714, 2, bit 0
771714, 2, 1
771717, 3, 0
771828, 0, 0
771837, 1, 1
771840, 2, 0
771842, 3, 1
771953, 0, 0
771962, 1, bit 0
771962, 1, 0
771965, 2, 1
771968, 3, 1
772078, 0, 1
772087, 1, 1
772090, 2, 0
772093, 3, 0
772203, 0, 0
772212, 1, 0
772215, 2, 1
772218, 3, 1
772328, 0, 1
772337, 1, 1
772340, 2, 0
772343, 3, 0
772453, 0, bit 0
772453, 0, 1
772462, 1, 0
772465, 2, 1
772468, 3, bit 0
772468, 3, 1
772578, 0, 0
772587, 1, 1
772590, 2, 0
772593, 3, 0
772703, 0, 0
772712, 1, 1
772715, 2, 0
772718, 3, 0
772828, 0, 1
772837, 1, 0
772840, 2, 1
772843, 3, 1
772953, 0, 0
772962, 1, 0
772965, 2, 1
772968, 3, 1
773078, 0, 1
773087, 1, 1
773090, 2, 0
773093, 3, 0
773203, 0, 0
773212, 1, 0
773215, 2, 0
773218, 3, 0
773328, 0, 1
773337, 1, 1
773340, 2, 1
773343, 3, 1
773453, 0, 0
773462, 1, 0
773465, 2, bit 0
773465, 2, 1
773468, 3, 1
773578, 0, 1
773587, 1, 1
773590, 2, 0
773593, 3, 0
773703, 0, 1
773712, 1, bit 0
773712, 1, 0
773715, 2, 1
773718, 3, 0
773828, 0, 0
773837, 1, 1
773840, 2, 0
773843, 3, 1
773953, 0, 1
773962, 1, 0
773965, 2, 1
773968, 3, 0
774078, 0, 0
774087, 1, 1
774090, 2, 0
774093, 3, 1
774203, 0, bit 1
774203, 0, 0
774212, 1, 0
774215, 2, 1
774218, 3, bit 1
774218, 3, 0
774328, 0, 1
774337, 1, 1
774340, 2, 0
774343, 3, 1
774453, 0, 1
774462, 1, 1
774465, 2, 0
774468, 3, 1
774578, 0, 0
774587, 1, 0
774590, 2, 1
774593, 3, 0
774703, 0, 1
774712, 1, 0
774715, 2, 1
774718, 3, 0
774828, 0, 0
774837, 1, 1
774840, 2, 0
774843, 3, 1
774953, 0, 1
774962, 1, 0
774965, 2, 0
774968, 3, 1
775078, 0, 0
775087, 1, 1
775090, 2, 1
775093, 3, 0
775203, 0, 1
775212, 1, 0
775215, 2, bit 0
775215, 2, 1
775218, 3, 0
775328, 0, 0
775337, 1, 1
775340, 2, 0
775343, 3, 1
775453, 0, 0
775462, 1, bit 1
775462, 1, 1
775465, 2, 1
775468, 3, 1
775578, 0, 1
775587, 1, 0
775590, 2, 0
775593, 3, 0
775703, 0, 0
775712, 1, 1
775715, 2, 1
775718, 3, 1
775828, 0, 1
775837, 1, 0
775840, 2, 0
775843, 3, 0
775953, 0, bit 0
775953, 0, 1
775962, 1, 1
775965, 2, 1
775968, 3, bit 0
775968, 3, 1
776078, 0, 0
776087, 1, 0
776090, 2, 0
776093, 3, 0
776203, 0, 0
776212, 1, 0
776215, 2, 0
776218, 3, 0
776328, 0, 1
776337, 1, 1
776340, 2, 1
776343, 3, 1
776453, 0, 0
776462, 1, 1
776465, 2, 1
776468, 3, 1
776578, 0, 1
776587, 1, 0
776590, 2, 0
776593, 3, 0
776704, 0, 0
776712, 1, 1
776715, 2, 0
776718, 3, 0
776829, 0, 1
776837, 1, 0
776840, 2, 1
776843, 3, 1
776954, 0, 0
776962, 1, 1
776965, 2, bit 1
776965, 2, 0
776968, 3, 1
777079, 0, 1
777088, 1, 0
777090, 2, 1
777093, 3, 0
777204, 0, 1
777213, 1, bit 0
777213, 1, 0
777216, 2, 0
777218, 3, 0
777329, 0, 0
777338, 1, 1
777341, 2, 1
777344, 3, 1
777454, 0, 1
777463, 1, 0
777466, 2, 0
777469, 3, 0
777579, 0, 0
777588, 1, 1
777591, 2, 1
777594, 3, 1
777704, 0, bit 1
777704, 0, 0
777713, 1, 0
777716, 2, 0
777719, 3, bit 0
777719, 3, 1
777829, 0, 1
777838, 1, 1
777841, 2, 1
777844, 3, 0
777954, 0, 1
777963, 1, 1
777966, 2, 1
777969, 3, 0
778079, 0, 0
778088, 1, 0
778091, 2, 0
778094, 3, 1
778204, 0, 1
778213, 1, 0
778216, 2, 0
778219, 3, 1
778329, 0, 0
778338, 1, 1
778341, 2, 1
778344, 3, 0
778454, 0, 1
778463, 1, 0
778466, 2, 1
778469, 3, 0
778579, 0, 0
778588, 1, 1
778591, 2, 0
778594, 3, 1
778704, 0, 1
778713, 1, 0
778716, 2, bit 0
778716, 2, 1
778719, 3, 1
778829, 0, 0
778838, 1, 1
778841, 2, 0
778844, 3, 0
778954, 0, 0
778963, 1, bit 1
778963, 1, 1
778966, 2, 1
778969, 3, 0
779079, 0, 1
779088, 1, 0
779091, 2, 0
779094, 3, 1
779204, 0, 0
779213, 1, 1
779216, 2, 1
779219, 3, 0
779329, 0, 1
779338, 1, 0
779341, 2, 0
779344, 3, 1
779454, 0, bit 0
779454, 0, 1
779463, 1, 1
779466, 2, 1
779469, 3, bit 0
779469, 3, 1
779579, 0, 0
779588, 1, 0
779591, 2, 0
779594, 3, 0
779704, 0, 0
779713, 1, 0
779716, 2, 0
779719, 3, 0
779829, 0, 1
779838, 1, 1
779841, 2, 1
779844, 3, 1
779954, 0, 0
779963, 1, 1
779966, 2, 1
779969, 3, 1
780079, 0, 1
780088, 1, 0
780091, 2, 0
780094, 3, 0
780204, 0, 0
780213, 1, 1
780216, 2, 0
780219, 3, 0
780329, 0, 1
780338, 1, 0
780341, 2, 1
780344, 3, 1
780454, 0, 0
780463, 1, 1
780466, 2, bit 1
780466, 2, 0
780469, 3, 1
780579, 0, 1
780588, 1, 0
780591, 2, 1
780594, 3, 0
780704, 0, 1
780713, 1, bit 1
780713, 1, 1
780716, 2, 0
780719, 3, 0
780829, 0, 0
780838, 1, 0
780841, 2, 1
780844, 3, 1
780954, 0, 1
780963, 1, 1
780966, 2, 0
780969, 3, 0
781079, 0, 0
781088, 1, 0
781091, 2, 1
781094, 3, 1
781204, 0, bit 1
781204, 0, 0
781213, 1, 1
781216, 2, 0
781219, 3, bit 1
781219, 3, 0
781329, 0, 1
781338, 1, 0
781341, 2, 1
781344, 3, 1
781454, 0, 1
781463, 1, 0
781466, 2, 1
781469, 3, 1
781579, 0, 0
781588, 1, 1
781591, 2, 0
781594, 3, 0
781704, 0, 1
781713, 1, 1
781716, 2, 0
781719, 3, 0
781829, 0, 0
781838, 1, 0
781841, 2, 1
781844, 3, 1
781954, 0, 1
781963, 1, 1
781966, 2, 1
781969, 3, 1
782080, 0, 0
782088, 1, 0
782091, 2, 0
782094, 3, 0
782205, 0, 1
782213, 1, 1
782216, 2, bit 1
782216, 2, 0
782219, 3, 0
782330, 0, 0
782338, 1, 0
782341, 2, 1
782344, 3, 1
782455, 0, 0
782464, 1, bit 1
782464, 1, 1
782466, 2, 0
782469, 3, 1
782580, 0, 1
782589, 1, 0
782592, 2, 1
782594, 3, 0
782705, 0, 0
782714, 1, 1
782717, 2, 0
782720, 3, 1
782830, 0, 1
782839, 1, 0
782842, 2, 1
782845, 3, 0
782955, 0, bit 0
782955, 0, 1
782964, 1, 1
782967, 2, 0
782970, 3, bit 1
782970, 3, 0
783080, 0, 0
783089, 1, 0
783092, 2, 1
783095, 3, 1
783205, 0, 0
783214, 1, 0
783217, 2, 1
783220, 3, 1
783330, 0, 1
783339, 1, 1
783342, 2, 0
783345, 3, 0
783455, 0, 0
783464, 1, 1
783467, 2, 0
783470, 3, 0
783580, 0, 1
783589, 1, 0
783592, 2, 1
783595, 3, 1
783705, 0, 0
783714, 1, 1
783717, 2, 1
783720, 3, 1
783830, 0, 1
783839, 1, 0
783842, 2, 0
783845, 3, 0
783955, 0, 0
783964, 1, 1
783967, 2, bit 0
783967, 2, 1
783970, 3, 0
784080, 0, 1
784089, 1, 0
784092, 2, 0
784095, 3, 1
784205, 0, 1
784214, 1, bit 0
784214, 1, 0
784217, 2, 1
784220, 3, 1
784330, 0, 0
784339, 1, 1
784342, 2, 0
784345, 3, 0
784455, 0, 1
784464, 1, 0
784467, 2, 1
784470, 3, 1
784580, 0, 0
784589, 1, 1
784592, 2, 0
784595, 3, 0
784705, 0, bit 0
784705, 0, 1
784714, 1, 0
784717, 2, 1
784720, 3, bit 1
784720, 3, 0
784830, 0, 0
784839, 1, 1
784842, 2, 0
784845, 3, 1
784955, 0, 0
784964, 1, 1
784967, 2, 0
784970, 3, 1
785080, 0, 1
785089, 1, 0
785092, 2, 1
785095, 3, 0
785205, 0, 0
785214, 1, 0
785217, 2, 1
785220, 3, 0
785330, 0, 1
785339, 1, 1
785342, 2, 0
785345, 3, 1
785455, 0, 0
785464, 1, 0
785467, 2, 0
785470, 3, 1
785580, 0, 1
785589, 1, 1
785592, 2, 1
785595, 3, 0
785705, 0, 0
785714, 1, 0
785717, 2, bit 0
785717, 2, 1
785720, 3, 0
785830, 0, 1
785839, 1, 1
785842, 2, 0
785845, 3, 1
785955, 0, 1
785964, 1, bit 0
785964, 1, 0
785967, 2, 1
785970, 3, 1
786080, 0, 0
786089, 1, 1
786092, 2, 0
786095, 3, 0
786205, 0, 1
786214, 1, 0
786217, 2, 1
786220, 3, 1
786330, 0, 0
786339, 1, 1
786342, 2, 0
786345, 3, 0
786455, 0, bit 1
786455, 0, 0
786464, 1, 0
786467, 2, 1
786470, 3, bit 0
786470, 3, 1
786580, 0, 1
786589, 1, 1
786592, 2, 0
786595, 3, 0
786705, 0, 1
786714, 1, 1
786717, 2, 0
786720, 3, 0
786830, 0, 0
786839, 1, 0
786842, 2, 1
786845, 3, 1
786955, 0, 1
786964, 1, 0
786967, 2, 1
786970, 3, 1
787080, 0, 0
787089, 1, 1
787092, 2, 0
787095, 3, 0
787205, 0, 1
787214, 1, 0
787217, 2, 0
787220, 3, 0
787330, 0, 0
787339, 1, 1
787342, 2, 1
787345, 3, 1
787456, 0, 1
787464, 1, 0
787467, 2, bit 1
787467, 2, 0
787470, 3, 1
787581, 0, 0
787589, 1, 1
787592, 2, 1
787595, 3, 0
787706, 0, 0
787714, 1, bit 1
787714, 1, 1
787717, 2, 0
787720, 3, 0
787831, 0, 1
787840, 1, 0
787842, 2, 1
787845, 3, 1
787956, 0, 0
787965, 1, 1
787968, 2, 0
787970, 3, 0
788081, 0, 1
788090, 1, 0
788093, 2, 1
788096, 3, 1
788206, 0, bit 0
788206, 0, 1
788215, 1, 1
788218, 2, 0
788221, 3, bit 1
788221, 3, 0
788331, 0, 0
788340, 1, 0
788343, 2, 1
788346, 3, 1
788456, 0, 0
788465, 1, 0
788468, 2, 1
788471, 3, 1
788581, 0, 1
788590, 1, 1
788593, 2, 0
788596, 3, 0
788706, 0, 0
788715, 1, 1
788718, 2, 0
788721, 3, 0
788831, 0, 1
788840, 1, 0
788843, 2, 1
788846, 3, 1
788956, 0, 0
788965, 1, 1
788968, 2, 1
788971, 3, 1
789081, 0, 1
789090, 1, 0
789093, 2, 0
789096, 3, 0
789206, 0, 0
789215, 1, 1
789218, 2, bit 1
789218, 2, 0
789221, 3, 0
789331, 0, 1
789340, 1, 0
789343, 2, 1
789346, 3, 1
789456, 0, 1
789465, 1, bit 0
789465, 1, 0
789468, 2, 0
789471, 3, 1
789581, 0, 0
789590, 1, 1
789593, 2, 1
789596, 3, 0
789706, 0, 1
789715, 1, 0
789719, 2, 0
789721, 3, 1
789831, 0, 0
789840, 1, 1
789844, 2, 1
789846, 3, 0
789956, 0, bit 0
789956, 0, 1
789965, 1, 0
789969, 2, 0
789971, 3, bit 1
789971, 3, 0
790081, 0, 0
790090, 1, 1
790094, 2, 1
790096, 3, 1
790206, 0, 0
790215, 1, 1
790219, 2, 1
790221, 3, 1
790331, 0, 1
790340, 1, 0
790344, 2, 0
790346, 3, 0
790456, 0, 0
790465, 1, 0
790469, 2, 0
790471, 3, 0
790581, 0, 1
790590, 1, 1
790594, 2, 1
790596, 3, 1
790706, 0, 0
790715, 1, 0
790719, 2, 1
790721, 3, 1
790831, 0, 1
790840, 1, 1
790844, 2, 0
790846, 3, 0
790956, 0, 0
790965, 1, 0
790969, 2, bit 1
790969, 2, 0
790971, 3, 0
791081, 0, 1
791090, 1, 1
791094, 2, 1
791096, 3, 1
791206, 0, 1
791215, 1, bit 1
791215, 1, 1
791219, 2, 0
791221, 3, 1
791331, 0, 0
791340, 1, 0
791344, 2, 1
791346, 3, 0
791456, 0, 1
791465, 1, 1
791469, 2, 0
791471, 3, 1
791581, 0, 0
791590, 1, 0
791595, 2, 1
791596, 3, 0
791706, 0, bit 0
791706, 0, 1
791715, 1, 1
791720, 2, 0
791721, 3, bit 0
791725, 3, 1
791831, 0, 0
791840, 1, 0
791845, 2, 1
791846, 3, 0
791956, 0, 0
791965, 1, 0
791970, 2, 1
791971, 3, 0
792081, 0, 1
792090, 1, 1
792095, 2, 0
792096, 3, 1
792206, 0, 0
792215, 1, 1
792220, 2, 0
792221, 3, 1
792331, 0, 1
792340, 1, 0
792345, 2, 1
792346, 3, 0
792456, 0, 0
792465, 1, 1
792470, 2, 1
792471, 3, 0
792581, 0, 1
792590, 1, 0
792595, 2, 0
792596, 3, 1
792706, 0, 0
792715, 1, 1
792720, 2, bit 1
792720, 2, 0
792721, 3, 1
792832, 0, 1
792840, 1, 0
792845, 2, 1
792846, 3, 0
792957, 0, 1
792965, 1, bit 0
792965, 1, 0
792970, 2, 0
792971, 3, 0
793082, 0, 0
793090, 1, 1
793095, 2, 1
793096, 3, 1
793207, 0, 1
793216, 1, 0
793220, 2, 0
793221, 3, 0
793332, 0, 0
793341, 1, 1
793345, 2, 1
793346, 3, 1
793457, 0, bit 0
793457, 0, 1
793466, 1, 0
793470, 2, 0
793472, 3, bit 0
793472, 3, 1
793582, 0, 0
793591, 1, 1
793595, 2, 1
793597, 3, 0
793707, 0, 0
793716, 1, 1
793720, 2, 1
793722, 3, 0
793832, 0, 1
793841, 1, 0
793845, 2, 0
793848, 3, 1
793957, 0, 0
793966, 1, 0
793970, 2, 0
793973, 3, 1
794082, 0, 1
794091, 1, 1
794095, 2, 1
794098, 3, 0
794207, 0, 0
794216, 1, 0
794220, 2, 1
794223, 3, 0
794332, 0, 1
794341, 1, 1
794345, 2, 0
794348, 3, 1
794457, 0, 0
794466, 1, 0
794470, 2, bit 1
794470, 2, 0
794473, 3, 1
794582, 0, 1
794591, 1, 1
794595, 2, 1
794598, 3, 0
794707, 0, 1
794716, 1, bit 0
794716, 1, 0
794720, 2, 0
794723, 3, 0
794832, 0, 0
794841, 1, 1
794845, 2, 1
794848, 3, 1
794957, 0, 1
794966, 1, 0
794970, 2, 0
794973, 3, 0
795082, 0, 0
795091, 1, 1
795095, 2, 1
795098, 3, 1
795207, 0, bit 0
795207, 0, 1
795216, 1, 0
795220, 2, 0
795223, 3, bit 1
795223, 3, 0
795332, 0, 0
795341, 1, 1
795345, 2, 1
795348, 3, 1
795457, 0, 0
795466, 1, 1
795470, 2, 1
795473, 3, 1
795582, 0, 1
795591, 1, 0
795595, 2, 0
795598, 3, 0
795707, 0, 0
795716, 1, 0
795720, 2, 0
795723, 3, 0
795832, 0, 1
795841, 1, 1
795845, 2, 1
795848, 3, 1
795957, 0, 0
795966, 1, 0
795970, 2, 1
795973, 3, 1
796082, 0, 1
796091, 1, 1
796095, 2, 0
796098, 3, 0
796207, 0, 0
796216, 1, 0
796220, 2, bit 0
796220, 2, 1
796223, 3, 0
796332, 0, 1
796341, 1, 1
796345, 2, 0
796348, 3, 1
796457, 0, 1
796466, 1, bit 0
796466, 1, 0
796470, 2, 1
796473, 3, 1
796582, 0, 0
796591, 1, 1
796595, 2, 0
796598, 3, 0
796707, 0, 1
796716, 1, 0
796720, 2, 1
796723, 3, 1
796832, 0, 0
796841, 1, 1
796845, 2, 0
796848, 3, 0
796957, 0, bit 1
796957, 0, 0
796966, 1, 0
796971, 2, 1
796973, 3, bit 0
796976, 3, 1
797082, 0, 1
797091, 1, 1
797096, 2, 0
797099, 3, 0
797207, 0, 1
797216, 1, 1
797221, 2, 0
797224, 3, 0
797332, 0, 0
797341, 1, 0
797346, 2, 1
797349, 3, 1
797457, 0, 1
797466, 1, 0
797471, 2, 1
797474, 3, 1
797582, 0, 0
797591, 1, 1
797596, 2, 0
797599, 3, 0
797707, 0, 1
797716, 1, 0
797721, 2, 0
797724, 3, 0
797832, 0, 0
797841, 1, 1
797846, 2, 1
797849, 3, 1
797957, 0, 1
797966, 1, 0
797971, 2, bit 1
797971, 2, 0
797974, 3, 1
798082, 0, 0
798091, 1, 1
798096, 2, 1
798099, 3, 0
798208, 0, 0
798216, 1, bit 1
798216, 1, 1
798221, 2, 0
798224, 3, 0
798333, 0, 1
798341, 1, 0
798346, 2, 1
798349, 3, 1
798458, 0, 0
798466, 1, 1
798471, 2, 0
798474, 3, 0
798583, 0, 1
798592, 1, 0
798596, 2, 1
798599, 3, 1
798708, 0, bit 0
798708, 0, 1
798717, 1, 1
798721, 2, 0
798724, 3, bit 0
798724, 3, 1
798833, 0, 0
798842, 1, 0
798846, 2, 1
798849, 3, 0
798958, 0, 0
798967, 1, 0
798971, 2, 1
798974, 3, 0
799083, 0, 1
799092, 1, 1
799096, 2, 0
799107, 3, 1
799208, 0, 0
799217, 1, 1
799221, 2, 0
799232, 3, 1
799333, 0, 1
799342, 1, 0
799346, 2, 1
799357, 3, 0
799458, 0, 0
799467, 1, 1
799471, 2, 1
799482, 3, 0
799583, 0, 1
799592, 1, 0
799596, 2, 0
799607, 3, 1
799708, 0, 0
799717, 1, 1
799721, 2, bit 0
799721, 2, 1
799732, 3, 1
799833, 0, 1
799842, 1, 0
799846, 2, 0
799857, 3, 0
799958, 0, 1
799967, 1, bit 0
799967, 1, 0
799971, 2, 1
799982, 3, 0
800083, 0, 0
800092, 1, 1
800096, 2, 0
800107, 3, 1
800208, 0, 1
800217, 1, 0
800221, 2, 1
800232, 3, 0
800333, 0, 0
800342, 1, 1
800346, 2, 0
800357, 3, 1
800458, 0, bit 1
800458, 0, 0
800467, 1, 0
800471, 2, 1
800482, 3, bit 0
800482, 3, 1
800583, 0, 1
800592, 1, 1
800596, 2, 0
800607, 3, 0
800708, 0, 1
800717, 1, 1
800721, 2, 0
800732, 3, 0
800833, 0, 0
800842, 1, 0
800846, 2, 1
800857, 3, 1
800958, 0, 1
800967, 1, 0
800971, 2, 1
800982, 3, 1
801083, 0, 0
801092, 1, 1
801096, 2, 0
801107, 3, 0
801208, 0, 1
801217, 1, 0
801221, 2, 0
801232, 3, 0
801333, 0, 0
801342, 1, 1
801346, 2, 1
801357, 3, 1
801458, 0, 1
801467, 1, 0
801471, 2, bit 0
801471, 2, 1
801482, 3, 1
801583, 0, 0
801592, 1, 1
801596, 2, 0
801607, 3, 0
801708, 0, 0
801717, 1, bit 1
801717, 1, 1
801721, 2, 1
801732, 3, 0
801833, 0, 1
801842, 1, 0
801846, 2, 0
801857, 3, 1
801958, 0, 0
801967, 1, 1
801971, 2, 1
801982, 3, 0
802083, 0, 1
802092, 1, 0
802096, 2, 0
802107, 3, 1
802208, 0, bit 0
802208, 0, 1
802217, 1, 1
802221, 2, 1
802232, 3, bit 1
802232, 3, 0
802333, 0, 0
802342, 1, 0
802347, 2, 0
802357, 3, 1
802458, 0, 0
802467, 1, 0
802472, 2, 0
802482, 3, 1
802583, 0, 1
802592, 1, 1
802597, 2, 1
802607, 3, 0
802708, 0, 0
802717, 1, 1
802722, 2, 1
802732, 3, 0
802833, 0, 1
802842, 1, 0
802847, 2, 0
802857, 3, 1
802958, 0, 0
802967, 1, 1
802972, 2, 0
802982, 3, 1
803083, 0, 1
803092, 1, 0
803097, 2, 1
803107, 3, 0
803208, 0, 0
803217, 1, 1
803222, 2, bit 0
803222, 2, 1
803232, 3, 0
803333, 0, 1
803342, 1, 0
803347, 2, 0
803357, 3, 1
803458, 0, 1
803467, 1, bit 1
803467, 1, 1
803472, 2, 1
803482, 3, 1
803584, 0, 0
803592, 1, 0
803597, 2, 0
803607, 3, 0
803709, 0, 1
803717, 1, 1
803722, 2, 1
803732, 3, 1
803834, 0, 0
803842, 1, 0
803847, 2, 0
803857, 3, 0
803959, 0, bit 0
803959, 0, 1
803968, 1, 1
803972, 2, 1
803982, 3, bit 0
803982, 3, 1
804084, 0, 0
804093, 1, 0
804097, 2, 0
804107, 3, 0
804209, 0, 0
804218, 1, 0
804222, 2, 0
804232, 3, 0
804334, 0, 1
804343, 1, 1
804347, 2, 1
804357, 3, 1
804459, 0, 0
804468, 1, 1
804472, 2, 1
804482, 3, 1
804584, 0, 1
804593, 1, 0
804597, 2, 0
804608, 3, 0
804709, 0, 0
804718, 1, 1
804722, 2, 0
804733, 3, 0
804834, 0, 1
804843, 1, 0
804847, 2, 1
804858, 3, 1
804959, 0, 0
804968, 1, 1
804972, 2, bit 0
804972, 2, 1
804983, 3, 1
805084, 0, 1
805093, 1, 0
805097, 2, 0
805108, 3, 0
805209, 0, 1
805218, 1, bit 0
805218, 1, 0
805222, 2, 1
805233, 3, 0
805334, 0, 0
805343, 1, 1
805347, 2, 0
805358, 3, 1
805459, 0, 1
805468, 1, 0
805472, 2, 1
805483, 3, 0
805584, 0, 0
805593, 1, 1
805597, 2, 0
805608, 3, 1
805709, 0, bit 1
805709, 0, 0
805718, 1, 0
805722, 2, 1
805733, 3, bit 1
805733, 3, 0
805834, 0, 1
805843, 1, 1
805847, 2, 0
805858, 3, 1
805959, 0, 1
805968, 1, 1
805972, 2, 0
805983, 3, 1
806084, 0, 0
806093, 1, 0
806097, 2, 1
806108, 3, 0
806209, 0, 1
806218, 1, 0
806222, 2, 1
806233, 3, 0
806334, 0, 0
806343, 1, 1
806347, 2, 0
806358, 3, 1
806459, 0, 1
806468, 1, 0
806472, 2, 0
806483, 3, 1
806584, 0, 0
806593, 1, 1
806597, 2, 1
806608, 3, 0
806709, 0, 1
806718, 1, 0
806722, 2, bit 1
806722, 2, 0
806733, 3, 0
806834, 0, 0
806843, 1, 1
806847, 2, 1
806858, 3, 1
806959, 0, 0
806968, 1, bit 0
806968, 1, 0
806972, 2, 0
806983, 3, 1
807084, 0, 1
807093, 1, 1
807097, 2, 1
807108, 3, 0
807209, 0, 0
807218, 1, 0
807222, 2, 0
807233, 3, 1
807334, 0, 1
807343, 1, 1
807347, 2, 1
807358, 3, 0
807459, 0, bit 0
807459, 0, 1
807468, 1, 0
807472, 2, 0
807483, 3, bit 0
807483, 3, 1
807584, 0, 0
807593, 1, 1
807597, 2, 1
807608, 3, 0
807709, 0, 0
807718, 1, 1
807723, 2, 1
807733, 3, 0
807834, 0, 1
807843, 1, 0
807848, 2, 0
807858, 3, 1
807959, 0, 0
807968, 1, 0
807973, 2, 0
807983, 3, 1
808084, 0, 1
808093, 1, 1
808098, 2, 1
808108, 3, 0
808209, 0, 0
808218, 1, 0
808223, 2, 1
808233, 3, 0
808334, 0, 1
808343, 1, 1
808348, 2, 0
808358, 3, 1
808459, 0, 0
808468, 1, 0
808473, 2, bit 0
808473, 2, 1
808483, 3, 1
808584, 0, 1
808593, 1, 1
808598, 2, 0
808608, 3, 0
808709, 0, 1
808718, 1, bit 1
808718, 1, 1
808723, 2, 1
808733, 3, 0
808834, 0, 0
808843, 1, 0
808848, 2, 0
808858, 3, 1
808960, 0, 1
808968, 1, 1
808973, 2, 1
808983, 3, 0
809085, 0, 0
809093, 1, 0
809098, 2, 0
809108, 3, 1
809210, 0, bit 0
809210, 0, 1
809218, 1, 1
809223, 2, 1
809233, 3, bit 1
809233, 3, 0
809335, 0, 0
809344, 1, 0
809348, 2, 0
809358, 3, 1
809460, 0, 0
809469, 1, 0
809473, 2, 0
809483, 3, 1
809585, 0, 1
809594, 1, 1
809598, 2, 1
809608, 3, 0
809710, 0, 0
809719, 1, 1
809723, 2, 1
809733, 3, 0
809835, 0, 1
809844, 1, 0
809848, 2, 0
809858, 3, 1
809960, 0, 0
809969, 1, 1
809973, 2, 0
809984, 3, 1
810085, 0, 1
810094, 1, 0
810098, 2, 1
810109, 3, 0
810210, 0, 0
810219, 1, 1
810223, 2, bit 1
810223, 2, 0
810234, 3, 0
810335, 0, 1
810344, 1, 0
810348, 2, 1
810359, 3, 1
810460, 0, 1
810469, 1, bit 0
810469, 1, 0
810473, 2, 0
810484, 3, 1
810585, 0, 0
810594, 1, 1
810598, 2, 1
810609, 3, 0
810710, 0, 1
810719, 1, 0
810723, 2, 0
810734, 3, 1
810835, 0, 0
810844, 1, 1
810848, 2, 1
810859, 3, 0
810960, 0, bit 1
810960, 0, 0
810969, 1, 0
810973, 2, 0
810984, 3, bit 1
810984, 3, 0
811085, 0, 1
811094, 1, 1
811098, 2, 1
811109, 3, 1
811210, 0, 1
811219, 1, 1
811223, 2, 1
811234, 3, 1
811335, 0, 0
811344, 1, 0
811348, 2, 0
811359, 3, 0
811460, 0, 1
811469, 1, 0
811473, 2, 0
811484, 3, 0
811585, 0, 0
811594, 1, 1
811598, 2, 1
811609, 3, 1
811710, 0, 1
811719, 1, 0
811723, 2, 1
811734, 3, 1
811835, 0, 0
811844, 1, 1
811848, 2, 0
811859, 3, 0
811960, 0, 1
811969, 1, 0
811973, 2, bit 0
811973, 2, 1
811984, 3, 0
812085, 0, 0
812094, 1, 1
812098, 2, 0
812109, 3, 1
812210, 0, 0
812219, 1, bit 1
812219, 1, 1
812223, 2, 1
812234, 3, 1
812335, 0, 1
812344, 1, 0
812348, 2, 0
812359, 3, 0
812460, 0, 0
812469, 1, 1
812473, 2, 1
812484, 3, 1
812585, 0, 1
812594, 1, 0
812598, 2, 0
812609, 3, 0
812710, 0, bit 1
812710, 0, 0
812719, 1, 1
812723, 2, 1
812734, 3, bit 0
812734, 3, 1
812835, 0, 1
812844, 1, 0
812848, 2, 0
812859, 3, 0
812960, 0, 1
812969, 1, 0
812973, 2, 0
812984, 3, 0
813085, 0, 0
813094, 1, 1
813099, 2, 1
813109, 3, 1
813210, 0, 1
813219, 1, 1
813224, 2, 1
813234, 3, 1
813335, 0, 0
813344, 1, 0
813349, 2, 0
813359, 3, 0
813460, 0, 1
813469, 1, 1
813474, 2, 0
813484, 3, 0
813585, 0, 0
813594, 1, 0
813599, 2, 1
813609, 3, 1
813710, 0, 1
813719, 1, 1
813724, 2, bit 0
813724, 2, 1
813734, 3, 1
813835, 0, 0
813844, 1, 0
813849, 2, 0
813859, 3, 0
813960, 0, 0
813969, 1, bit 0
813969, 1, 0
813974, 2, 1
813984, 3, 0
814085, 0, 1
814094, 1, 1
814099, 2, 0
814109, 3, 1
814210, 0, 0
814219, 1, 0
814224, 2, 1
814234, 3, 0
814336, 0, 1
814344, 1, 1
814349, 2, 0
814359, 3, 1
814461, 0, bit 1
814461, 0, 0
814469, 1, 0
814474, 2, 1
814484, 3, bit 0
814484, 3, 1
814586, 0, 1
814594, 1, 1
814599, 2, 0
814609, 3, 0
814711, 0, 1
814720, 1, 1
814724, 2, 0
814734, 3, 0
814836, 0, 0
814845, 1, 0
814849, 2, 1
814859, 3, 1
814961, 0, 1
814970, 1, 0
814974, 2, 1
814984, 3, 1
815086, 0, 0
815095, 1, 1
815099, 2, 0
815109, 3, 0
815211, 0, 1
815220, 1, 0
815224, 2, 0
815234, 3, 0
815336, 0, 0
815345, 1, 1
815349, 2, 1
815360, 3, 1
815461, 0, 1
815470, 1, 0
815474, 2, bit 1
815474, 2, 0
815485, 3, 1
815586, 0, 0
815595, 1, 1
815599, 2, 1
815610, 3, 0
815711, 0, 0
815720, 1, bit 0
815720, 1, 0
815724, 2, 0
815735, 3, 0
815836, 0, 1
815845, 1, 1
815849, 2, 1
815860, 3, 1
815961, 0, 0
815970, 1, 0
815974, 2, 0
815985, 3, 0
816086, 0, 1
816095, 1, 1
816099, 2, 1
816110, 3, 1
816211, 0, bit 1
816211, 0, 0
816220, 1, 0
816224, 2, 0
816235, 3, bit 1
816235, 3, 0
816336, 0, 1
816345, 1, 1
816349, 2, 1
816360, 3, 1
816461, 0, 1
816470, 1, 1
816474, 2, 1
816485, 3, 1
816586, 0, 0
816595, 1, 0
816599, 2, 0
816610, 3, 0
816711, 0, 1
816720, 1, 0
816724, 2, 0
816735, 3, 0
816836, 0, 0
816845, 1, 1
816849, 2, 1
816860, 3, 1
816961, 0, 1
816970, 1, 0
816974, 2, 1
816985, 3, 1
817086, 0, 0
817095, 1, 1
817099, 2, 0
817110, 3, 0
817211, 0, 1
817220, 1, 0
817224, 2, bit 0
817224, 2, 1
817235, 3, 0
817336, 0, 0
817345, 1, 1
817349, 2, 0
817360, 3, 1
817461, 0, 0
817470, 1, bit 0
817470, 1, 0
817474, 2, 1
817485, 3, 1
817586, 0, 1
817595, 1, 1
817599, 2, 0
817610, 3, 0
817711, 0, 0
817720, 1, 0
817724, 2, 1
817735, 3, 1
817836, 0, 1
817845, 1, 1
817849, 2, 0
817860, 3, 0
817961, 0, bit 0
817961, 0, 1
817970, 1, 0
817974, 2, 1
817985, 3, bit 1
817985, 3, 0
818086, 0, 0
818095, 1, 1
818099, 2, 0
818110, 3, 1
818211, 0, 0
818220, 1, 1
818224, 2, 0
818235, 3, 1
818336, 0, 1
818345, 1, 0
818349, 2, 1
818360, 3, 0
818461, 0, 0
818470, 1, 0
818475, 2, 1
818485, 3, 0
818586, 0, 1
818595, 1, 1
818600, 2, 0
818610, 3, 1
818711, 0, 0
818720, 1, 0
818725, 2, 0
818735, 3, 1
818836, 0, 1
818845, 1, 1
818850, 2, 1
818860, 3, 0
818961, 0, 0
818970, 1, 0
818975, 2, bit 1
818975, 2, 0
818985, 3, 0
819086, 0, 1
819095, 1, 1
819100, 2, 1
819110, 3, 1
819211, 0, 1
819220, 1, bit 1
819220, 1, 1
819225, 2, 0
819235, 3, 1
819336, 0, 0
819345, 1, 0
819350, 2, 1
819360, 3, 0
819461, 0, 1
819470, 1, 1
819475, 2, 0
819485, 3, 1
819586, 0, 0
819595, 1, 0
819600, 2, 1
819610, 3, 0
819712, 0, bit 0
819712, 0, 1
819720, 1, 1
819725, 2, 0
819735, 3, bit 1
819735, 3, 0
819837, 0, 0
819845, 1, 0
819850, 2, 1
819860, 3, 1
819962, 0, 0
819970, 1, 0
819975, 2, 1
819985, 3, 1
820087, 0, 1
820096, 1, 1
820100, 2, 0
820110, 3, 0
820212, 0, 0
820221, 1, 1
820225, 2, 0
820235, 3, 0
820337, 0, 1
820346, 1, 0
820350, 2, 1
820360, 3, 1
820462, 0, 0
820471, 1, 1
820475, 2, 1
820485, 3, 1
820587, 0, 1
820596, 1, 0
820600, 2, 0
820610, 3, 0
820712, 0, 0
820721, 1, 1
820725, 2, bit 0
820725, 2, 1
820736, 3, 0
820837, 0, 1
820846, 1, 0
820850, 2, 0
820861, 3, 1
820962, 0, 1
820971, 1, bit 1
820971, 1, 1
820975, 2, 1
820986, 3, 1
821087, 0, 0
821096, 1, 0
821100, 2, 0
821111, 3, 0
821212, 0, 1
821221, 1, 1
821225, 2, 1
821236, 3, 1
821337, 0, 0
821346, 1, 0
821350, 2, 0
821361, 3, 0
821462, 0, bit 1
821462, 0, 0
821471, 1, 1
821475, 2, 1
821486, 3, bit 1
821486, 3, 0
821587, 0, 1
821596, 1, 0
821600, 2, 0
821611, 3, 1
821712, 0, 1
821721, 1, 0
821725, 2, 0
821736, 3, 1
821837, 0, 0
821846, 1, 1
821850, 2, 1
821861, 3, 0
821962, 0, 1
821971, 1, 1
821975, 2, 1
821986, 3, 0
822087, 0, 0
822096, 1, 0
822100, 2, 0
822111, 3, 1
822212, 0, 1
822221, 1, 1
822225, 2, 0
822236, 3, 1
822337, 0, 0
822346, 1, 0
822350, 2, 1
822361, 3, 0
822462, 0, 1
822471, 1, 1
822475, 2, bit 1
822475, 2, 0
822486, 3, 0
822587, 0, 0
822596, 1, 0
822600, 2, 1
822611, 3, 1
822712, 0, 0
822721, 1, bit 1
822721, 1, 1
822725, 2, 0
822736, 3, 1
822837, 0, 1
822846, 1, 0
822850, 2, 1
822861, 3, 0
822962, 0, 0
822971, 1, 1
822975, 2, 0
822986, 3, 1
823087, 0, 1
823096, 1, 0
823100, 2, 1
823111, 3, 0
823212, 0, bit 1
823212, 0, 0
823221, 1, 1
823225, 2, 0
823236, 3, bit 1
823236, 3, 0
823337, 0, 1
823346, 1, 0
823350, 2, 1
823361, 3, 1
823462, 0, 1
823471, 1, 0
823475, 2, 1
823486, 3, 1
823587, 0, 0
823596, 1, 1
823600, 2, 0
823611, 3, 0
823712, 0, 1
823721, 1, 1
823725, 2, 0
823736, 3, 0
823837, 0, 0
823846, 1, 0
823851, 2, 1
823861, 3, 1
823962, 0, 1
823971, 1, 1
823976, 2, 1
823986, 3, 1
824087, 0, 0
824096, 1, 0
824101, 2, 0
824111, 3, 0
824212, 0, 1
824221, 1, 1
824226, 2, bit 1
824226, 2, 0
824236, 3, 0
824337, 0, 0
824346, 1, 0
824351, 2, 1
824361, 3, 1
824462, 0, 0
824471, 1, bit 1
824471, 1, 1
824476, 2, 0
824486, 3, 1
824587, 0, 1
824596, 1, 0
824601, 2, 1
824611, 3, 0
824712, 0, 0
824721, 1, 1
824726, 2, 0
824736, 3, 1
824837, 0, 1
824846, 1, 0
824851, 2, 1
824861, 3, 0
824962, 0, bit 0
824962, 0, 1
824971, 1, 1
824976, 2, 0
824986, 3, bit 1
824986, 3, 0
825088, 0, 0
825096, 1, 0
825101, 2, 1
825111, 3, 1
825213, 0, 0
825221, 1, 0
825226, 2, 1
825236, 3, 1
825338, 0, 1
825346, 1, 1
825351, 2, 0
825361, 3, 0
825463, 0, 0
825472, 1, 1
825476, 2, 0
825486, 3, 0
825588, 0, 1
825597, 1, 0
825601, 2, 1
825611, 3, 1
825713, 0, 0
825722, 1, 1
825726, 2, 1
825736, 3, 1
825838, 0, 1
825847, 1, 0
825851, 2, 0
825861, 3, 0
825963, 0, 0
825972, 1, 1
825976, 2, bit 0
825976, 2, 1
825986, 3, 0
826088, 0, 1
826097, 1, 0
826101, 2, 0
826112, 3, 1
826213, 0, 1
826222, 1, bit 0
826222, 1, 0
826226, 2, 1
826237, 3, 1
826338, 0, 0
826347, 1, 1
826351, 2, 0
826362, 3, 0
826463, 0, 1
826472, 1, 0
826476, 2, 1
826487, 3, 1
826588, 0, 0
826597, 1, 1
826601, 2, 0
826612, 3, 0
826713, 0, bit 0
826713, 0, 1
826722, 1, 0
826726, 2, 1
826737, 3, bit 1
826737, 3, 0
826838, 0, 0
826847, 1, 1
826851, 2, 0
826862, 3, 1
826963, 0, 0
826972, 1, 1
826976, 2, 0
826987, 3, 1
827088, 0, 1
827097, 1, 0
827101, 2, 1
827112, 3, 0
827213, 0, 0
827222, 1, 0
827226, 2, 1
827237, 3, 0
827338, 0, 1
827347, 1, 1
827351, 2, 0
827362, 3, 1
827463, 0, 0
827472, 1, 0
827476, 2, 0
827487, 3, 1
827588, 0, 1
827597, 1, 1
827601, 2, 1
827612, 3, 0
827713, 0, 0
827722, 1, 0
827726, 2, bit 0
827726, 2, 1
827737, 3, 0
827838, 0, 1
827847, 1, 1
827851, 2, 0
827862, 3, 1
827963, 0, 1
827972, 1, bit 0
827972, 1, 0
827976, 2, 1
827987, 3, 1
828088, 0, 0
828097, 1, 1
828101, 2, 0
828112, 3, 0
828213, 0, 1
828222, 1, 0
828226, 2, 1
828237, 3, 1
828338, 0, 0
828347, 1, 1
828351, 2, 0
828362, 3, 0
828463, 0, bit 0
828466, 0, 1
828472, 1, 0
828476, 2, 1
828487, 3, bit 0
828487, 3, 1
828588, 0, 0
828597, 1, 1
828601, 2, 0
828612, 3, 0
828713, 0, 0
828722, 1, 1
828726, 2, 0
828737, 3, 0
828838, 0, 1
828847, 1, 0
828851, 2, 1
828862, 3, 1
828963, 0, 0
828972, 1, 0
828976, 2, 1
828987, 3, 1
829088, 0, 1
829097, 1, 1
829101, 2, 0
829112, 3, 0
829213, 0, 0
829222, 1, 0
829227, 2, 0
829237, 3, 0
829338, 0, 1
829347, 1, 1
829352, 2, 1
829362, 3, 1
829463, 0, 0
829472, 1, 0
829477, 2, bit 1
829480, 2, 0
829487, 3, 1
829588, 0, 1
829597, 1, 1
829602, 2, 1
829612, 3, 0
829713, 0, 1
829722, 1, bit 1
829722, 1, 1
829727, 2, 0
829737, 3, 0
829838, 0, 0
829847, 1, 0
829852, 2, 1
829862, 3, 1
829963, 0, 1
829972, 1, 1
829977, 2, 0
829987, 3, 0
830088, 0, 0
830097, 1, 0
830102, 2, 1
830112, 3, 1
830213, 0, bit 1
830213, 0, 0
830222, 1, 1
830227, 2, 0
830237, 3, bit 1
830237, 3, 0
830338, 0, 1
830347, 1, 0
830352, 2, 1
830362, 3, 1
830464, 0, 1
830472, 1, 0
830477, 2, 1
830487, 3, 1
830589, 0, 0
830597, 1, 1
830602, 2, 0
830612, 3, 0
830714, 0, 1
830722, 1, 1
830727, 2, 0
830737, 3, 0
830839, 0, 0
830848, 1, 0
830852, 2, 1
830862, 3, 1
830964, 0, 1
830973, 1, 1
830977, 2, 1
830987, 3, 1
831089, 0, 0
831098, 1, 0
831102, 2, 0
831112, 3, 0
831214, 0, 1
831223, 1, 1
831227, 2, bit 1
831227, 2, 0
831237, 3, 0
831339, 0, 0
831348, 1, 0
831352, 2, 1
831362, 3, 1
831464, 0, 0
831473, 1, bit 0
831473, 1, 0
831477, 2, 0
831488, 3, 1
831589, 0, 1
831598, 1, 1
831602, 2, 1
831613, 3, 0
831714, 0, 0
831723, 1, 0
831727, 2, 0
831738, 3, 1
831839, 0, 1
831848, 1, 1
831852, 2, 1
831863, 3, 0
831964, 0, bit 1
831964, 0, 0
831973, 1, 0
831977, 2, 0
831988, 3, bit 1
831988, 3, 0
832089, 0, 1
832098, 1, 1
832102, 2, 1
832113, 3, 1
832214, 0, 1
832223, 1, 1
832227, 2, 1
832238, 3, 1
832339, 0, 0
832348, 1, 0
832352, 2, 0
832363, 3, 0
832464, 0, 1
832473, 1, 0
832477, 2, 0
832488, 3, 0
832589, 0, 0
832598, 1, 1
832602, 2, 1
832613, 3, 1
832714, 0, 1
832723, 1, 0
832727, 2, 1
832738, 3, 1
832839, 0, 0
832848, 1, 1
832852, 2, 0
832863, 3, 0
832964, 0, 1
832973, 1, 0
832977, 2, bit 1
832977, 2, 0
832988, 3, 0
833089, 0, 0
833098, 1, 1
833102, 2, 1
833113, 3, 1
833214, 0, 0
833223, 1, bit 1
833223, 1, 1
833227, 2, 0
833238, 3, 1
833339, 0, 1
833348, 1, 0
833352, 2, 1
833363, 3, 0
833464, 0, 0
833473, 1, 1
833477, 2, 0
833488, 3, 1
833589, 0, 1
833598, 1, 0
833602, 2, 1
833613, 3, 0
833714, 0, bit 1
833717, 0, 0
833723, 1, 1
833727, 2, 0
833738, 3, bit 1
833738, 3, 0
833839, 0, 1
833848, 1, 0
833852, 2, 1
833863, 3, 1
833964, 0, 1
833973, 1, 0
833977, 2, 1
833988, 3, 1
834089, 0, 0
834098, 1, 1
834102, 2, 0
834113, 3, 0
834214, 0, 1
834223, 1, 1
834227, 2, 0
834238, 3, 0
834339, 0, 0
834348, 1, 0
834352, 2, 1
834363, 3, 1
834464, 0, 1
834473, 1, 1
834477, 2, 1
834488, 3, 1
834589, 0, 0
834598, 1, 0
834603, 2, 0
834613, 3, 0
834714, 0, 1
834723, 1, 1
834728, 2, bit 0
834732, 2, 1
834738, 3, 0
834839, 0, 0
834848, 1, 0
834853, 2, 0
834863, 3, 1
834964, 0, 0
834973, 1, bit 0
834973, 1, 0
834978, 2, 1
834988, 3, 1
835089, 0, 1
835098, 1, 1
835103, 2, 0
835113, 3, 0
835214, 0, 0
835223, 1, 0
835228, 2, 1
835238, 3, 1
835339, 0, 1
835348, 1, 1
835353, 2, 0
835363, 3, 0
835464, 0, bit 0
835464, 0, 1
835473, 1, 0
835478, 2, 1
835488, 3, bit 1
835488, 3, 0
835589, 0, 0
835598, 1, 1
835603, 2, 0
835613, 3, 1
835714, 0, 0
835723, 1, 1
835728, 2, 0
835738, 3, 1
835840, 0, 1
835848, 1, 0
835853, 2, 1
835863, 3, 0
835965, 0, 0
835973, 1, 0
835978, 2, 1
835988, 3, 0
836090, 0, 1
836098, 1, 1
836103, 2, 0
836113, 3, 1
836215, 0, 0
836224, 1, 0
836228, 2, 0
836238, 3, 1
836340, 0, 1
836349, 1, 1
836353, 2, 1
836363, 3, 0
836465, 0, 0
836474, 1, 0
836478, 2, bit 1
836478, 2, 0
836488, 3, 0
836590, 0, 1
836599, 1, 1
836603, 2, 1
836613, 3, 1
836715, 0, 1
836724, 1, bit 0
836724, 1, 0
836728, 2, 0
836738, 3, 1
836840, 0, 0
836849, 1, 1
836853, 2, 1
836864, 3, 0
836965, 0, 1
836974, 1, 0
836978, 2, 0
836989, 3, 1
837090, 0, 0
837099, 1, 1
837103, 2, 1
837114, 3, 0
837215, 0, bit 0
837215, 0, 1
837224, 1, 0
837228, 2, 0
837239, 3, bit 0
837239, 3, 1
837340, 0, 0
837349, 1, 1
837353, 2, 1
837364, 3, 0
837465, 0, 0
837474, 1, 1
837478, 2, 1
837489, 3, 0
837590, 0, 1
837599, 1, 0
837603, 2, 0
837614, 3, 1
837715, 0, 0
837724, 1, 0
837728, 2, 0
837739, 3, 1
837840, 0, 1
837849, 1, 1
837853, 2, 1
837864, 3, 0
837965, 0, 0
837974, 1, 0
837978, 2, 1
837989, 3, 0
838090, 0, 1
838099, 1, 1
838103, 2, 0
838114, 3, 1
838215, 0, 0
838224, 1, 0
838228, 2, bit 1
838228, 2, 0
838239, 3, 1
838340, 0, 1
838349, 1, 1
838353, 2, 1
838364, 3, 0
838465, 0, 1
838474, 1, bit 0
838474, 1, 0
838478, 2, 0
838489, 3, 0
838590, 0, 0
838599, 1, 1
838603, 2, 1
838614, 3, 1
838715, 0, 1
838724, 1, 0
838728, 2, 0
838739, 3, 0
838840, 0, 0
838849, 1, 1
838853, 2, 1
838864, 3, 1
838965, 0, bit 1
838968, 0, 0
838974, 1, 0
838978, 2, 0
838989, 3, bit 0
838989, 3, 1
839090, 0, 1
839099, 1, 1
839103, 2, 1
839114, 3, 0
839215, 0, 1
839224, 1, 1
839228, 2, 1
839239, 3, 0
839340, 0, 0
839349, 1, 0
839353, 2, 0
839364, 3, 1
839465, 0, 1
839474, 1, 0
839478, 2, 0
839489, 3, 1
839590, 0, 0
839599, 1, 1
839603, 2, 1
839614, 3, 0
839715, 0, 1
839724, 1, 0
839728, 2, 1
839739, 3, 0
839840, 0, 0
839849, 1, 1
839853, 2, 0
839864, 3, 1
839965, 0, 1
839974, 1, 0
839979, 2, bit 0
839982, 2, 1
839989, 3, 1
840090, 0, 0
840099, 1, 1
840104, 2, 0
840114, 3, 0
840215, 0, 0
840224, 1, bit 0
840224, 1, 0
840229, 2, 1
840239, 3, 0
840340, 0, 1
840349, 1, 1
840354, 2, 0
840364, 3, 1
840465, 0, 0
840474, 1, 0
840479, 2, 1
840489, 3, 0
840590, 0, 1
840599, 1, 1
840604, 2, 0
840614, 3, 1
840715, 0, bit 1
840715, 0, 0
840724, 1, 0
840729, 2, 1
840739, 3, bit 1
840739, 3, 0
840840, 0, 1
840849, 1, 1
840854, 2, 0
840864, 3, 1
840965, 0, 1
840974, 1, 1
840979, 2, 0
840989, 3, 1
841090, 0, 0
841099, 1, 0
841104, 2, 1
841114, 3, 0
841216, 0, 1
841224, 1, 0
841229, 2, 1
841239, 3, 0
841341, 0, 0
841349, 1, 1
841354, 2, 0
841364, 3, 1
841466, 0, 1
841474, 1, 0
841479, 2, 0
841489, 3, 1
841591, 0, 0
841600, 1, 1
841604, 2, 1
841614, 3, 0
841716, 0, 1
841725, 1, 0
841729, 2, bit 0
841729, 2, 1
841739, 3, 0
841841, 0, 0
841850, 1, 1
841854, 2, 0
841864, 3, 1
841966, 0, 0
841975, 1, bit 0
841975, 1, 0
841979, 2, 1
841989, 3, 1
842091, 0, 1
842100, 1, 1
842104, 2, 0
842114, 3, 0
842216, 0, 0
842225, 1, 0
842229, 2, 1
842240, 3, 1
842341, 0, 1
842350, 1, 1
842354, 2, 0
842365, 3, 0
842466, 0, bit 1
842466, 0, 0
842475, 1, 0
842479, 2, 1
842490, 3, bit 0
842490, 3, 1
842591, 0, 1
842600, 1, 1
842604, 2, 0
842615, 3, 0
842716, 0, 1
842725, 1, 1
842729, 2, 0
842740, 3, 0
842841, 0, 0
842850, 1, 0
842854, 2, 1
842865, 3, 1
842966, 0, 1
842975, 1, 0
842979, 2, 1
842990, 3, 1
843091, 0, 0
843100, 1, 1
843104, 2, 0
843115, 3, 0
843216, 0, 1
843225, 1, 0
843229, 2, 0
843240, 3, 0
843341, 0, 0
843350, 1, 1
843354, 2, 1
843365, 3, 1
843466, 0, 1
843475, 1, 0
843479, 2, bit 0
843479, 2, 1
843490, 3, 1
843591, 0, 0
843600, 1, 1
843604, 2, 0
843615, 3, 0
843716, 0, 0
843725, 1, bit 1
843725, 1, 1
843729, 2, 1
843740, 3, 0
843841, 0, 1
843850, 1, 0
843854, 2, 0
843865, 3, 1
843966, 0, 0
843975, 1, 1
843979, 2, 1
843990, 3, 0
844091, 0, 1
844100, 1, 0
844104, 2, 0
844115, 3, 1
844216, 0, bit 0
844216, 0, 1
844225, 1, 1
844229, 2, 1
844240, 3, bit 1
844240, 3, 0
844341, 0, 0
844350, 1, 0
844354, 2, 0
844365, 3, 1
844466, 0, 0
844475, 1, 0
844479, 2, 0
844490, 3, 1
844591, 0, 1
844600, 1, 1
844604, 2, 1
844615, 3, 0
844716, 0, 0
844725, 1, 1
844729, 2, 1
844740, 3, 0
844841, 0, 1
844850, 1, 0
844854, 2, 0
844865, 3, 1
844966, 0, 0
844975, 1, 1
844979, 2, 0
844990, 3, 1
845091, 0, 1
845100, 1, 0
845104, 2, 1
845115, 3, 0
845216, 0, 0
845225, 1, 1
845229, 2, bit 0
845229, 2, 1
845240, 3, 0
845341, 0, 1
845350, 1, 0
845355, 2, 0
845365, 3, 1
845466, 0, 1
845475, 1, bit 1
845475, 1, 1
845480, 2, 1
845490, 3, 1
845591, 0, 0
845600, 1, 0
845605, 2, 0
845615, 3, 0
845716, 0, 1
845725, 1, 1
845730, 2, 1
845740, 3, 1
845841, 0, 0
845850, 1, 0
845855, 2, 0
845865, 3, 0
845966, 0, bit 0
845966, 0, 1
845975, 1, 1
845980, 2, 1
845990, 3, bit 0
845990, 3, 1
846091, 0, 0
846100, 1, 0
846105, 2, 0
846115, 3, 0
846216, 0, 0
846225, 1, 0
846230, 2, 0
846240, 3, 0
846341, 0, 1
846350, 1, 1
846355, 2, 1
846365, 3, 1
846466, 0, 0
846475, 1, 1
846480, 2, 1
846490, 3, 1
846592, 0, 1
846600, 1, 0
846605, 2, 0
846615, 3, 0
846717, 0, 0
846725, 1, 1
846730, 2, 0
846740, 3, 0
846842, 0, 1
846850, 1, 0
846855, 2, 1
846865, 3, 1
846967, 0, 0
846976, 1, 1
846980, 2, bit 0
846980, 2, 1
846990, 3, 1
847092, 0, 1
847101, 1, 0
847105, 2, 0
847115, 3, 0
847217, 0, 1
847226, 1, bit 1
847226, 1, 1
847230, 2, 1
847240, 3, 0
847342, 0, 0
847351, 1, 0
847355, 2, 0
847365, 3, 1
847467, 0, 1
847476, 1, 1
847480, 2, 1
847490, 3, 0
847592, 0, 0
847601, 1, 0
847605, 2, 0
847616, 3, 1
847717, 0, bit 0
847717, 0, 1
847726, 1, 1
847730, 2, 1
847741, 3, bit 1
847741, 3, 0
847842, 0, 0
847851, 1, 0
847855, 2, 0
847866, 3, 1
847967, 0, 0
847976, 1, 0
847980, 2, 0
847991, 3, 1
848092, 0, 1
848101, 1, 1
848105, 2, 1
848116, 3, 0
848217, 0, 0
848226, 1, 1
848230, 2, 1
848241, 3, 0
848342, 0, 1
848351, 1, 0
848355, 2, 0
848366, 3, 1
848467, 0, 0
848476, 1, 1
848480, 2, 0
848491, 3, 1
848592, 0, 1
848601, 1, 0
848605, 2, 1
848616, 3, 0
848717, 0, 0
848726, 1, 1
848730, 2, bit 0
848730, 2, 1
848741, 3, 0
848842, 0, 1
848851, 1, 0
848855, 2, 0
848866, 3, 1
848967, 0, 1
848976, 1, bit 0
848976, 1, 0
848980, 2, 1
848991, 3, 1
849092, 0, 0
849101, 1, 1
849105, 2, 0
849116, 3, 0
849217, 0, 1
849226, 1, 0
849230, 2, 1
849241, 3, 1
849342, 0, 0
849351, 1, 1
849355, 2, 0
849366, 3, 0
849467, 0, bit 1
849467, 0, 0
849476, 1, 0
849480, 2, 1
849491, 3, bit 0
849491, 3, 1
849592, 0, 1
849601, 1, 1
849605, 2, 0
849616, 3, 0
849717, 0, 1
849726, 1, 1
849730, 2, 0
849741, 3, 0
849842, 0, 0
849851, 1, 0
849855, 2, 1
849866, 3, 1
849967, 0, 1
849976, 1, 0
849980, 2, 1
849991, 3, 1
850092, 0, 0
850101, 1, 1
850105, 2, 0
850116, 3, 0
850217, 0, 1
850226, 1, 0
850230, 2, 0
850241, 3, 0
850342, 0, 0
850351, 1, 1
850355, 2, 1
850366, 3, 1
850467, 0, 1
850476, 1, 0
850480, 2, bit 1
850480, 2, 0
850491, 3, 1
850592, 0, 0
850601, 1, 1
850605, 2, 1
850616, 3, 0
850717, 0, 0
850726, 1, bit 0
850726, 1, 0
850731, 2, 0
850741, 3, 0
850842, 0, 1
850851, 1, 1
850856, 2, 1
850866, 3, 1
850967, 0, 0
850976, 1, 0
850981, 2, 0
850991, 3, 0
851092, 0, 1
851101, 1, 1
851106, 2, 1
851116, 3, 1
851217, 0, bit 1
851217, 0, 0
851226, 1, 0
851231, 2, 0
851241, 3, bit 1
851241, 3, 0
851342, 0, 1
851351, 1, 1
851356, 2, 1
851366, 3, 1
851467, 0, 1
851476, 1, 1
851481, 2, 1
851491, 3, 1
851592, 0, 0
851601, 1, 0
851606, 2, 0
851616, 3, 0
851717, 0, 1
851726, 1, 0
851731, 2, 0
851741, 3, 0
851842, 0, 0
851851, 1, 1
851856, 2, 1
851866, 3, 1
851968, 0, 1
851976, 1, 0
851981, 2, 1
851991, 3, 1
852093, 0, 0
852101, 1, 1
852106, 2, 0
852116, 3, 0
852218, 0, 1
852226, 1, 0
852231, 2, bit 0
852231, 2, 1
852241, 3, 0
852343, 0, 0
852352, 1, 1
852356, 2, 0
852366, 3, 1
852468, 0, 0
852477, 1, bit 0
852477, 1, 0
852481, 2, 1
852491, 3, 1
852593, 0, 1
852602, 1, 1
852606, 2, 0
852616, 3, 0
852718, 0, 0
852727, 1, 0
852731, 2, 1
852741, 3, 1
852843, 0, 1
852852, 1, 1
852856, 2, 0
852866, 3, 0
852968, 0, bit 0
852968, 0, 1
852977, 1, 0
852981, 2, 1
852992, 3, bit 0
852992, 3, 1
853093, 0, 0
853102, 1, 1
853106, 2, 0
853117, 3, 0
853218, 0, 0
853227, 1, 1
853231, 2, 0
853242, 3, 0
853343, 0, 1
853352, 1, 0
853356, 2, 1
853367, 3, 1
853468, 0, 0
853477, 1, 0
853481, 2, 1
853492, 3, 1
853593, 0, 1
853602, 1, 1
853606, 2, 0
853617, 3, 0
853718, 0, 0
853727, 1, 0
853731, 2, 0
853742, 3, 0
853843, 0, 1
853852, 1, 1
853856, 2, 1
853867, 3, 1
853968, 0, 0
853977, 1, 0
853981, 2, bit 1
853981, 2, 0
853992, 3, 1
854093, 0, 1
854102, 1, 1
854106, 2, 1
854117, 3, 0
854218, 0, 1
854227, 1, bit 1
854227, 1, 1
854231, 2, 0
854242, 3, 0
854343, 0, 0
854352, 1, 0
854356, 2, 1
854367, 3, 1
854468, 0, 1
854477, 1, 1
854481, 2, 0
854492, 3, 0
854593, 0, 0
854602, 1, 0
854606, 2, 1
854617, 3, 1
854718, 0, bit 0
854718, 0, 1
854727, 1, 1
854731, 2, 0
854742, 3, bit 0
854742, 3, 1
854843, 0, 0
854852, 1, 0
854856, 2, 1
854867, 3, 0
854968, 0, 0
854977, 1, 0
854981, 2, 1
854992, 3, 0
855093, 0, 1
855102, 1, 1
855106, 2, 0
855117, 3, 1
855218, 0, 0
855227, 1, 1
855231, 2, 0
855242, 3, 1
855343, 0, 1
855352, 1, 0
855356, 2, 1
855367, 3, 0
855468, 0, 0
855477, 1, 1
855481, 2, 1
855492, 3, 0
855593, 0, 1
855602, 1, 0
855606, 2, 0
855617, 3, 1
855718, 0, 0
855727, 1, 1
855731, 2, bit 1
855731, 2, 0
855742, 3, 1
855843, 0, 1
855852, 1, 0
855856, 2, 1
855867, 3, 0
855968, 0, 1
855977, 1, bit 0
855977, 1, 0
855981, 2, 0
855992, 3, 0
856093, 0, 0
856102, 1, 1
856107, 2, 1
856117, 3, 1
856218, 0, 1
856227, 1, 0
856232, 2, 0
856242, 3, 0
856343, 0, 0
856352, 1, 1
856357, 2, 1
856367, 3, 1
856477, 1, 0
856482, 2, 0
856492, 3, bit 0
856492, 3, 1
856602, 1, 1
856607, 2, 1
856617, 3, 0
856727, 1, 1
856732, 2, 1
856742, 3, 0
856852, 1, 0
856857, 2, 0
856867, 3, 1
856977, 1, 0
856982, 2, 0
856992, 3, 1
857102, 1, 1
857107, 2, 1
857117, 3, 0
857227, 1, 0
857232, 2, 1
857242, 3, 0
857352, 1, 1
857357, 2, 0
857367, 3, 1
857477, 1, 0
857482, 2, bit 1
857482, 2, 0
857492, 3, 1
857602, 1, 1
857607, 2, 1
857617, 3, 0
857728, 1, bit 0
857728, 1, 0
857732, 2, 0
857742, 3, 0
857853, 1, 1
857857, 2, 1
857867, 3, 1
857978, 1, 0
857982, 2, 0
857992, 3, 0
858103, 1, 1
858107, 2, 1
858117, 3, 1
858228, 1, 0
858232, 2, 0
858242, 3, bit 0
858242, 3, 1
858353, 1, 1
858357, 2, 1
858368, 3, 0
858478, 1, 1
858482, 2, 1
858493, 3, 0
858603, 1, 0
858607, 2, 0
858618, 3, 1
858728, 1, 0
858732, 2, 0
858743, 3, 1
858853, 1, 1
858857, 2, 1
858868, 3, 0
858978, 1, 0
858982, 2, 1
858993, 3, 0
859103, 1, 1
859107, 2, 0
859118, 3, 1
859228, 1, 0
859232, 2, bit 1
859232, 2, 0
859243, 3, 1
859353, 1, 1
859357, 2, 1
859368, 3, 0
859478, 1, bit 1
859478, 1, 1
859482, 2, 0
859493, 3, 0
859603, 1, 0
859607, 2, 1
859618, 3, 1
859728, 1, 1
859732, 2, 0
859743, 3, 0
859853, 1, 0
859857, 2, 1
859868, 3, 1
859978, 1, 1
859982, 2, 0
859993, 3, bit 0
859993, 3, 1
860103, 1, 0
860107, 2, 1
860118, 3, 0
860228, 1, 0
860232, 2, 1
860243, 3, 0
860353, 1, 1
860357, 2, 0
860368, 3, 1
860478, 1, 1
860482, 2, 0
860493, 3, 1
860603, 1, 0
860607, 2, 1
860618, 3, 0
860728, 1, 1
860732, 2, 1
860743, 3, 0
860853, 1, 0
860857, 2, 0
860868, 3, 1
860978, 1, 1
860982, 2, bit 1
860982, 2, 0
860993, 3, 1
861103, 1, 0
861107, 2, 1
861118, 3, 0
861228, 1, bit 1
861228, 1, 1
861232, 2, 0
861243, 3, 0
861353, 1, 0
861357, 2, 1
861368, 3, 1
861478, 1, 1
861483, 2, 0
861493, 3, 0
861603, 1, 0
861608, 2, 1
861618, 3, 1
861728, 1, 1
861733, 2, 0
861743, 3, bit 0
861743, 3, 1
861853, 1, 0
861858, 2, 1
861868, 3, 0
861978, 1, 0
861983, 2, 1
861993, 3, 0
862103, 1, 1
862108, 2, 0
862118, 3, 1
862228, 1, 1
862233, 2, 0
862243, 3, 1
862353, 1, 0
862358, 2, 1
862368, 3, 0
862478, 1, 1
862483, 2, 1
862493, 3, 0
862603, 1, 0
862608, 2, 0
862618, 3, 1
862728, 1, 1
862733, 2, bit 1
862733, 2, 0
862743, 3, 1
862853, 1, 0
862858, 2, 1
862868, 3, 0
862978, 1, bit 1
862978, 1, 1
862983, 2, 0
862993, 3, 0
863104, 1, 0
863108, 2, 1
863118, 3, 1
863229, 1, 1
863233, 2, 0
863243, 3, 0
863354, 1, 0
863358, 2, 1
863368, 3, 1
863479, 1, 1
863483, 2, 0
863493, 3, bit 0
863493, 3, 1
863604, 1, 0
863608, 2, 1
863618, 3, 0
863729, 1, 0
863733, 2, 1
863744, 3, 0
863854, 1, 1
863858, 2, 0
863869, 3, 1
863979, 1, 1
863983, 2, 0
863994, 3, 1
864104, 1, 0
864108, 2, 1
864119, 3, 0
864229, 1, 1
864233, 2, 1
864244, 3, 0
864354, 1, 0
864358, 2, 0
864369, 3, 1
864479, 1, 1
864483, 2, bit 0
864483, 2, 1
864494, 3, 1
864604, 1, 0
864608, 2, 0
864619, 3, 0
864729, 1, bit 0
864729, 1, 0
864733, 2, 1
864744, 3, 0
864854, 1, 1
864858, 2, 0
864869, 3, 1
864979, 1, 0
864983, 2, 1
864994, 3, 0
865104, 1, 1
865108, 2, 0
865119, 3, 1
865229, 1, 0
865233, 2, 1
865244, 3, bit 1
865244, 3, 0
865354, 1, 1
865358, 2, 0
865369, 3, 1
865479, 1, 1
865483, 2, 0
865494, 3, 1
865604, 1, 0
865608, 2, 1
865619, 3, 0
865729, 1, 0
865733, 2, 1
865744, 3, 0
865854, 1, 1
865858, 2, 0
865869, 3, 1
865979, 1, 0
865983, 2, 0
865994, 3, 1
866104, 1, 1
866108, 2, 1
866119, 3, 0
866229, 1, 0
866233, 2, bit 0
866233, 2, 1
866244, 3, 0
866354, 1, 1
866358, 2, 0
866369, 3, 1
866479, 1, bit 0
866479, 1, 0
866483, 2, 1
866494, 3, 1
866604, 1, 1
866608, 2, 0
866619, 3, 0
866729, 1, 0
866733, 2, 1
866744, 3, 1
866854, 1, 1
866859, 2, 0
866869, 3, 0
866979, 1, 0
866984, 2, 1
866994, 3, bit 0
866994, 3, 1
867104, 1, 1
867109, 2, 0
867119, 3, 0
867229, 1, 1
867234, 2, 0
867244, 3, 0
867354, 1, 0
867359, 2, 1
867369, 3, 1
867479, 1, 0
867484, 2, 1
867494, 3, 1
867604, 1, 1
867609, 2, 0
867619, 3, 0
867729, 1, 0
867734, 2, 0
867744, 3, 0
867854, 1, 1
867859, 2, 1
867869, 3, 1
867979, 1, 0
867984, 2, bit 1
867984, 2, 0
867994, 3, 1
868104, 1, 1
868109, 2, 1
868119, 3, 0
868229, 1, bit 0
868229, 1, 0
868234, 2, 0
868244, 3, 0
868354, 1, 1
868359, 2, 1
868369, 3, 1
868480, 1, 0
868484, 2, 0
868494, 3, 0
868605, 1, 1
868609, 2, 1
868619, 3, 1
868730, 1, 0
868734, 2, 0
868744, 3, bit 0
868744, 3, 1
868855, 1, 1
868859, 2, 1
868869, 3, 0
868980, 1, 1
868984, 2, 1
868994, 3, 0
869105, 1, 0
869109, 2, 0
869120, 3, 1
869230, 1, 0
869234, 2, 0
869245, 3, 1
869355, 1, 1
869359, 2, 1
869370, 3, 0
869480, 1, 0
869484, 2, 1
869495, 3, 0
869605, 1, 1
869609, 2, 0
869620, 3, 1
869730, 1, 0
869734, 2, bit 0
869734, 2, 1
869745, 3, 1
869855, 1, 1
869859, 2, 0
869870, 3, 0
869980, 1, bit 1
869980, 1, 1
869984, 2, 1
869995, 3, 0
870105, 1, 0
870109, 2, 0
870120, 3, 1
870230, 1, 1
870234, 2, 1
870245, 3, 0
870355, 1, 0
870359, 2, 0
870370, 3, 1
870480, 1, 1
870484, 2, 1
870495, 3, bit 0
870495, 3, 1
870605, 1, 0
870609, 2, 0
870620, 3, 0
870730, 1, 0
870734, 2, 0
870745, 3, 0
870855, 1, 1
870859, 2, 1
870870, 3, 1
870980, 1, 1
870984, 2, 1
870995, 3, 1
871105, 1, 0
871109, 2, 0
871120, 3, 0
871230, 1, 1
871234, 2, 0
871245, 3, 0
871355, 1, 0
871359, 2, 1
871370, 3, 1
871480, 1, 1
871484, 2, bit 0
871484, 2, 1
871495, 3, 1
871605, 1, 0
871609, 2, 0
871620, 3, 0
871730, 1, bit 1
871730, 1, 1
871734, 2, 1
871745, 3, 0
871855, 1, 0
871859, 2, 0
871870, 3, 1
871980, 1, 1
871984, 2, 1
871995, 3, 0
872105, 1, 0
872109, 2, 0
872120, 3, 1
872230, 1, 1
872235, 2, 1
872245, 3, bit 0
872245, 3, 1
872355, 1, 0
872360, 2, 0
872370, 3, 0
872480, 1, 0
872485, 2, 0
872495, 3, 0
872605, 1, 1
872610, 2, 1
872620, 3, 1
872730, 1, 1
872735, 2, 1
872745, 3, 1
872855, 1, 0
872860, 2, 0
872870, 3, 0
872980, 1, 1
872985, 2, 0
872995, 3, 0
873105, 1, 0
873110, 2, 1
873120, 3, 1
873230, 1, 1
873235, 2, bit 0
873235, 2, 1
873245, 3, 1
873355, 1, 0
873360, 2, 0
873370, 3, 0
873480, 1, bit 1
873480, 1, 1
873485, 2, 1
873495, 3, 0
873605, 1, 0
873610, 2, 0
873620, 3, 1
873730, 1, 1
873735, 2, 1
873745, 3, 0
873856, 1, 0
873860, 2, 0
873870, 3, 1
873981, 1, 1
873985, 2, 1
873995, 3, bit 0
873995, 3, 1
874106, 1, 0
874110, 2, 0
874120, 3, 0
874231, 1, 0
874235, 2, 0
874245, 3, 0
874356, 1, 1
874360, 2, 1
874370, 3, 1
874481, 1, 1
874485, 2, 1
874496, 3, 1
874606, 1, 0
874610, 2, 0
874621, 3, 0
874731, 1, 1
874735, 2, 0
874746, 3, 0
874856, 1, 0
874860, 2, 1
874871, 3, 1
874981, 1, 1
874985, 2, bit 1
874988, 2, 0
874996, 3, 1
875106, 1, 0
875110, 2, 1
875121, 3, 0
875231, 1, bit 0
875231, 1, 0
875235, 2, 0
875246, 3, 0
875356, 1, 1
875360, 2, 1
875371, 3, 1
875481, 1, 0
875485, 2, 0
875496, 3, 0
875606, 1, 1
875610, 2, 1
875621, 3, 1
875731, 1, 0
875735, 2, 0
875746, 3, bit 1
875746, 3, 0
875856, 1, 1
875860, 2, 1
875871, 3, 1
875981, 1, 1
875985, 2, 1
875996, 3, 1
876106, 1, 0
876110, 2, 0
876121, 3, 0
876231, 1, 0
876235, 2, 0
876246, 3, 0
876356, 1, 1
876360, 2, 1
876371, 3, 1
876481, 1, 0
876485, 2, 1
876496, 3, 1
876606, 1, 1
876610, 2, 0
876621, 3, 0
876731, 1, 0
876735, 2, bit 0
876735, 2, 1
876746, 3, 0
876856, 1, 1
876860, 2, 0
876871, 3, 1
876981, 1, bit 0
876981, 1, 0
876985, 2, 1
876996, 3, 1
877106, 1, 1
877110, 2, 0
877121, 3, 0
877231, 1, 0
877235, 2, 1
877246, 3, 1
877356, 1, 1
877360, 2, 0
877371, 3, 0
877481, 1, 0
877485, 2, 1
877496, 3, bit 1
877496, 3, 0
877606, 1, 1
877611, 2, 0
877621, 3, 1
877731, 1, 1
877736, 2, 0
877746, 3, 1
877856, 1, 0
877861, 2, 1
877871, 3, 0
877981, 1, 0
877986, 2, 1
877996, 3, 0
878106, 1, 1
878111, 2, 0
878121, 3, 1
878231, 1, 0
878236, 2, 0
878246, 3, 1
878356, 1, 1
878361, 2, 1
878371, 3, 0
878481, 1, 0
878486, 2, bit 0
878486, 2, 1
878496, 3, 0
878606, 1, 1
878611, 2, 0
878621, 3, 1
878731, 1, bit 1
878731, 1, 1
878736, 2, 1
878746, 3, 1
878856, 1, 0
878861, 2, 0
878871, 3, 0
878981, 1, 1
878986, 2, 1
878996, 3, 1
879106, 1, 0
879111, 2, 0
879121, 3, 0
879232, 1, 1
879236, 2, 1
879246, 3, bit 0
879246, 3, 1
879357, 1, 0
879361, 2, 0
879371, 3, 0
879482, 1, 0
879486, 2, 0
879496, 3, 0
879607, 1, 1
879611, 2, 1
879621, 3, 1
879732, 1, 1
879736, 2, 1
879746, 3, 1
879857, 1, 0
879861, 2, 0
879872, 3, 0
879982, 1, 1
879986, 2, 0
879997, 3, 0
880107, 1, 0
880111, 2, 1
880122, 3, 1
880232, 1, 1
880236, 2, bit 1
880236, 2, 0
880247, 3, 1
880357, 1, 0
880361, 2, 1
880372, 3, 0
880482, 1, bit 1
880482, 1, 1
880486, 2, 0
880497, 3, 0
880607, 1, 0
880611, 2, 1
880622, 3, 1
880732, 1, 1
880736, 2, 0
880747, 3, 0
880857, 1, 0
880861, 2, 1
880872, 3, 1
880982, 1, 1
880986, 2, 0
880997, 3, bit 1
880997, 3, 0
881107, 1, 0
881111, 2, 1
881122, 3, 1
881232, 1, 0
881236, 2, 1
881247, 3, 1
881357, 1, 1
881361, 2, 0
881372, 3, 0
881482, 1, 1
881486, 2, 0
881497, 3, 0
881607, 1, 0
881611, 2, 1
881622, 3, 1
881732, 1, 1
881736, 2, 1
881747, 3, 1
881857, 1, 0
881861, 2, 0
881872, 3, 0
881982, 1, 1
881986, 2, bit 1
881989, 2, 0
881997, 3, 0
882107, 1, 0
882111, 2, 1
882122, 3, 1
882232, 1, bit 0
882232, 1, 0
882236, 2, 0
882247, 3, 1
882357, 1, 1
882361, 2, 1
882372, 3, 0
882482, 1, 0
882486, 2, 0
882497, 3, 1
882607, 1, 1
882611, 2, 1
882622, 3, 0
882732, 1, 0
882736, 2, 0
882747, 3, bit 1
882747, 3, 0
882857, 1, 1
882861, 2, 1
882872, 3, 1
882982, 1, 1
882987, 2, 1
882997, 3, 1
883107, 1, 0
883112, 2, 0
883122, 3, 0
883232, 1, 0
883237, 2, 0
883247, 3, 0
883357, 1, 1
883362, 2, 1
883372, 3, 1
883482, 1, 0
883487, 2, 1
883497, 3, 1
883607, 1, 1
883612, 2, 0
883622, 3, 0
883732, 1, 0
883737, 2, bit 0
883737, 2, 1
883747, 3, 0
883857, 1, 1
883862, 2, 0
883872, 3, 1
883982, 1, bit 1
883982, 1, 1
883987, 2, 1
883997, 3, 1
884107, 1, 0
884112, 2, 0
884122, 3, 0
884232, 1, 1
884237, 2, 1
884247, 3, 1
884357, 1, 0
884362, 2, 0
884372, 3, 0
884482, 1, 1
884487, 2, 1
884497, 3, bit 1
884497, 3, 0
884608, 1, 0
884612, 2, 0
884622, 3, 1
884733, 1, 0
884737, 2, 0
884747, 3, 1
884858, 1, 1
884862, 2, 1
884872, 3, 0
884983, 1, 1
884987, 2, 1
884997, 3, 0
885108, 1, 0
885112, 2, 0
885122, 3, 1
885233, 1, 1
885237, 2, 0
885248, 3, 1
885358, 1, 0
885362, 2, 1
885373, 3, 0
885483, 1, 1
885487, 2, bit 0
885487, 2, 1
885498, 3, 0
885608, 1, 0
885612, 2, 0
885623, 3, 1
885737, 2, 1
885748, 3, 1
885862, 2, 0
885873, 3, 0
885987, 2, 1
885998, 3, 1
886112, 2, 0
886123, 3, 0
886237, 2, 1
886248, 3, bit 1
886248, 3, 0
886362, 2, 0
886373, 3, 1
886487, 2, 0
886498, 3, 1
886612, 2, 1
886623, 3, 0
886737, 2, 1
886748, 3, 0
886862, 2, 0
886873, 3, 1
886987, 2, 0
886998, 3, 1
887112, 2, 1
887123, 3, 0
887237, 2, bit 0
887237, 2, 1
887248, 3, 0
887362, 2, 0
887373, 3, 1
887487, 2, 1
887498, 3, 1
887612, 2, 0
887623, 3, 0
887737, 2, 1
887748, 3, 1
887862, 2, 0
887873, 3, 0
887987, 2, 1
887998, 3, bit 1
887998, 3, 0
888112, 2, 0
888123, 3, 1
888237, 2, 0
888248, 3, 1
888363, 2, 1
888373, 3, 0
888488, 2, 1
888498, 3, 0
888613, 2, 0
888623, 3, 1
888738, 2, 0
888748, 3, 1
888863, 2, 1
888873, 3, 0
888988, 2, bit 0
888988, 2, 1
888998, 3, 0
889113, 2, 0
889123, 3, 1
889238, 2, 1
889248, 3, 1
889363, 2, 0
889373, 3, 0
889488, 2, 1
889498, 3, 1
889613, 2, 0
889623, 3, 0
889738, 2, 1
889748, 3, bit 0
889748, 3, 1
889863, 2, 0
889873, 3, 0
889988, 2, 0
889998, 3, 0
890113, 2, 1
890123, 3, 1
890238, 2, 1
890248, 3, 1
890363, 2, 0
890373, 3, 0
890488, 2, 0
890498, 3, 0
890613, 2, 1
890624, 3, 1
890738, 2, bit 0
890738, 2, 1
890749, 3, 1
890863, 2, 0
890874, 3, 0
890988, 2, 1
890999, 3, 0
891113, 2, 0
891124, 3, 1
891238, 2, 1
891249, 3, 0
891363, 2, 0
891374, 3, 1
891488, 2, 1
891499, 3, bit 0
891499, 3, 1
891613, 2, 0
891624, 3, 0
891738, 2, 0
891749, 3, 0
891863, 2, 1
891874, 3, 1
891988, 2, 1
891999, 3, 1
892113, 2, 0
892124, 3, 0
892238, 2, 0
892249, 3, 0
892363, 2, 1
892374, 3, 1
892488, 2, bit 1
892488, 2, 0
892499, 3, 1
892613, 2, 1
892624, 3, 0
892738, 2, 0
892749, 3, 0
892863, 2, 1
892874, 3, 1
892988, 2, 0
892999, 3, 0
893113, 2, 1
893124, 3, 1
893238, 2, 0
893249, 3, bit 1
893249, 3, 0
893363, 2, 1
893374, 3, 1
893488, 2, 1
893499, 3, 1
893613, 2, 0
893624, 3, 0
893739, 2, 0
893749, 3, 0
893864, 2, 1
893874, 3, 1
893989, 2, 1
893999, 3, 1
894114, 2, 0
894124, 3, 0
894239, 2, bit 1
894239, 2, 0
894249, 3, 0
894364, 2, 1
894374, 3, 1
894489, 2, 0
894499, 3, 1
894614, 2, 1
894624, 3, 0
894739, 2, 0
894749, 3, 1
894864, 2, 1
894874, 3, 0
894989, 2, 0
894999, 3, bit 1
894999, 3, 0
895114, 2, 1
895124, 3, 1
895239, 2, 1
895249, 3, 1
895364, 2, 0
895374, 3, 0
895489, 2, 0
895499, 3, 0
895614, 2, 1
895624, 3, 1
895739, 2, 1
895749, 3, 1
895864, 2, 0
895874, 3, 0
895989, 2, bit 0
895989, 2, 1
896000, 3, 0
896114, 2, 0
896125, 3, 1
896239, 2, 1
896250, 3, 1
896364, 2, 0
896375, 3, 0
896489, 2, 1
896500, 3, 1
896614, 2, 0
896625, 3, 0
896739, 2, 1
896750, 3, bit 0
896750, 3, 1
896864, 2, 0
896875, 3, 0
896989, 2, 0
897000, 3, 0
897114, 2, 1
897125, 3, 1
897239, 2, 1
897250, 3, 1
897364, 2, 0
897375, 3, 0
897489, 2, 0
897500, 3, 0
897614, 2, 1
897625, 3, 1
897739, 2, bit 1
897739, 2, 0
897750, 3, 1
897864, 2, 1
897875, 3, 0
897989, 2, 0
898000, 3, 0
898114, 2, 1
898125, 3, 1
898239, 2, 0
898250, 3, 0
898364, 2, 1
898375, 3, 1
898489, 2, 0
898500, 3, bit 0
898500, 3, 1
898614, 2, 1
898625, 3, 0
898739, 2, 1
898750, 3, 0
898864, 2, 0
898875, 3, 1
898989, 2, 0
899000, 3, 1
899115, 2, 1
899125, 3, 0
899240, 2, 1
899250, 3, 0
899365, 2, 0
899375, 3, 1
899490, 2, bit 1
899490, 2, 0
899500, 3, 1
899615, 2, 1
899625, 3, 0
899740, 2, 0
899750, 3, 0
899865, 2, 1
899875, 3, 1
899990, 2, 0
900000, 3, 0
900115, 2, 1
900125, 3, 1
900240, 2, 0
900250, 3, bit 1
900250, 3, 0
900365, 2, 1
900375, 3, 1
900490, 2, 1
900500, 3, 1
900615, 2, 0
900625, 3, 0
900740, 2, 0
900750, 3, 0
900865, 2, 1
900875, 3, 1
900990, 2, 1
901000, 3, 1
901115, 2, 0
901125, 3, 0
901240, 2, bit 1
901240, 2, 0
901250, 3, 0
901365, 2, 1
901376, 3, 1
901490, 2, 0
901501, 3, 1
901615, 2, 1
901626, 3, 0
901740, 2, 0
901751, 3, 1
901865, 2, 1
901876, 3, 0
901990, 2, 0
902001, 3, bit 0
902001, 3, 1
902115, 2, 1
902126, 3, 0
902240, 2, 1
902251, 3, 0
902365, 2, 0
902376, 3, 1
902490, 2, 0
902501, 3, 1
902615, 2, 1
902626, 3, 0
902740, 2, 1
902751, 3, 0
902865, 2, 0
902876, 3, 1
902990, 2, bit 1
902990, 2, 0
903001, 3, 1
903115, 2, 1
903126, 3, 0
903240, 2, 0
903251, 3, 0
903365, 2, 1
903376, 3, 1
903490, 2, 0
903501, 3, 0
903615, 2, 1
903626, 3, 1
903740, 2, 0
903751, 3, bit 1
903751, 3, 0
903865, 2, 1
903876, 3, 1
903990, 2, 1
904001, 3, 1
904115, 2, 0
904126, 3, 0
904240, 2, 0
904251, 3, 0
904365, 2, 1
904376, 3, 1
904491, 2, 1
904501, 3, 1
904616, 2, 0
904626, 3, 0
904741, 2, bit 0
904741, 2, 1
904751, 3, 0
904866, 2, 0
904876, 3, 1
904991, 2, 1
905001, 3, 1
905116, 2, 0
905126, 3, 0
905241, 2, 1
905251, 3, 1
905366, 2, 0
905376, 3, 0
905491, 2, 1
905501, 3, bit 1
905501, 3, 0
905616, 2, 0
905626, 3, 1
905741, 2, 0
905751, 3, 1
905866, 2, 1
905876, 3, 0
905991, 2, 1
906001, 3, 0
906116, 2, 0
906126, 3, 1
906241, 2, 0
906251, 3, 1
906366, 2, 1
906376, 3, 0
906491, 2, bit 1
906491, 2, 0
906501, 3, 0
906616, 2, 1
906626, 3, 1
906741, 2, 0
906752, 3, 1
906866, 2, 1
906877, 3, 0
906991, 2, 0
907002, 3, 1
907116, 2, 1
907127, 3, 0
907241, 2, 0
907252, 3, bit 0
907252, 3, 1
907366, 2, 1
907377, 3, 0
907491, 2, 1
907502, 3, 0
907616, 2, 0
907627, 3, 1
907741, 2, 0
907752, 3, 1
907866, 2, 1
907877, 3, 0
907991, 2, 1
908002, 3, 0
908116, 2, 0
908127, 3, 1
908241, 2, bit 1
908241, 2, 0
908252, 3, 1
908366, 2, 1
908377, 3, 0
908491, 2, 0
908502, 3, 0
908616, 2, 1
908627, 3, 1
908741, 2, 0
908752, 3, 0
908866, 2, 1
908877, 3, 1
908991, 2, 0
909002, 3, bit 0
909002, 3, 1
909116, 2, 1
909127, 3, 0
909241, 2, 1
909252, 3, 0
909366, 2, 0
909377, 3, 1
909491, 2, 0
909502, 3, 1
909616, 2, 1
909627, 3, 0
909741, 2, 1
909752, 3, 0
909867, 2, 0
909877, 3, 1
909992, 2, bit 1
909992, 2, 0
910002, 3, 1
910117, 2, 1
910127, 3, 0
910242, 2, 0
910252, 3, 0
910367, 2, 1
910377, 3, 1
910492, 2, 0
910502, 3, 0
910617, 2, 1
910627, 3, 1
910742, 2, 0
910752, 3, bit 0
910752, 3, 1
910867, 2, 1
910877, 3, 0
910992, 2, 1
911002, 3, 0
911117, 2, 0
911127, 3, 1
911242, 2, 0
911252, 3, 1
911367, 2, 1
911377, 3, 0
911492, 2, 1
911502, 3, 0
911617, 2, 0
911627, 3, 1
911742, 2, bit 1
911742, 2, 0
911752, 3, 1
911867, 2, 1
911877, 3, 0
911992, 2, 0
912002, 3, 0
912117, 2, 1
912128, 3, 1
912242, 2, 0
912253, 3, 0
912367, 2, 1
912378, 3, 1
912492, 2, 0
912503, 3, bit 0
912503, 3, 1
912617, 2, 1
912628, 3, 0
912742, 2, 1
912753, 3, 0
912867, 2, 0
912878, 3, 1
912992, 2, 0
913003, 3, 1
913117, 2, 1
913128, 3, 0
913242, 2, 1
913253, 3, 0
913367, 2, 0
913378, 3, 1
913492, 2, bit 1
913492, 2, 0
913503, 3, 1
913617, 2, 1
913628, 3, 0
913742, 2, 0
913753, 3, 0
913867, 2, 1
913878, 3, 1
913992, 2, 0
914003, 3, 0
914117, 2, 1
914128, 3, 1
914242, 2, 0
914253, 3, bit 1
914253, 3, 0
914367, 2, 1
914378, 3, 1
914492, 2, 1
914503, 3, 1
914617, 2, 0
914628, 3, 0
914742, 2, 0
914753, 3, 0
914867, 2, 1
914878, 3, 1
914992, 2, 1
915003, 3, 1
915117, 2, 0
915128, 3, 0
915253, 3, 0
915378, 3, 1
915503, 3, 1
915628, 3, 0
915753, 3, 1
915878, 3, 0
916003, 3, bit 1
916003, 3, 0
916128, 3, 1
916253, 3, 1
916378, 3, 0
916503, 3, 0
916628, 3, 1
916753, 3, 1
916878, 3, 0
917003, 3, 0
917128, 3, 1
917253, 3, 1
917378, 3, 0
917504, 3, 1
917629, 3, 0
917754, 3, bit 1
917754, 3, 0
917879, 3, 1
918004, 3, 1
918129, 3, 0
918254, 3, 0
918379, 3, 1
918504, 3, 1
918629, 3, 0
918754, 3, 0
918879, 3, 1
919004, 3, 1
919129, 3, 0
919254, 3, 1
919379, 3, 0
919504, 3, bit 0
919504, 3, 1
919629, 3, 0
919754, 3, 0
919879, 3, 1
920004, 3, 1
920129, 3, 0
920254, 3, 0
920379, 3, 1
920504, 3, 1
920629, 3, 0
920754, 3, 0
920879, 3, 1
921004, 3, 0
921129, 3, 1
921254, 3, bit 1
921254, 3, 0
921379, 3, 1
921504, 3, 1
921629, 3, 0
921754, 3, 0
921879, 3, 1
922004, 3, 1
922129, 3, 0
922254, 3, 0
922379, 3, 1
922504, 3, 1
922629, 3, 0
922754, 3, 1
922880, 3, 0
923005, 3, bit 1
923005, 3, 0
923130, 3, 1
923255, 3, 1
923380, 3, 0
923505, 3, 0
923630, 3, 1
923755, 3, 1
923880, 3, 0
924005, 3, 0
924130, 3, 1
924255, 3, 1
924380, 3, 0
924505, 3, 1
924630, 3, 0
924755, 3, bit 1
924759, 3, 0
924880, 3, 1
925005, 3, 1
925130, 3, 0
925255, 3, 0
925380, 3, 1
925505, 3, 1
925630, 3, 0
925755, 3, 0
925880, 3, 1
926005, 3, 1
926130, 3, 0
926255, 3, 1
926380, 3, 0
926505, 3, bit 0
926505, 3, 1
926630, 3, 0
926755, 3, 0
926880, 3, 1
927005, 3, 1
927130, 3, 0
927255, 3, 0
927380, 3, 1
927505, 3, 1
927630, 3, 0
927755, 3, 0
927880, 3, 1
928005, 3, 0
928130, 3, 1
928256, 3, bit 1
928256, 3, 0
928381, 3, 1
928506, 3, 1
928631, 3, 0
928756, 3, 0
928881, 3, 1
929006, 3, 1
929131, 3, 0
929256, 3, 0
929381, 3, 1
929506, 3, 1
929631, 3, 0
929756, 3, 1
929881, 3, 0
930006, 3, bit 0
930006, 3, 1
930131, 3, 0
930256, 3, 0
930381, 3, 1
930506, 3, 1
930631, 3, 0
930756, 3, 0
930881, 3, 1
931006, 3, 1
931131, 3, 0
931256, 3, 0
931381, 3, 1
931506, 3, 0
931631, 3, 1
931756, 3, bit 0
931756, 3, 1
931881, 3, 0
932006, 3, 0
932131, 3, 1
932256, 3, 1
932381, 3, 0
932506, 3, 0
932631, 3, 1
932756, 3, 1
932881, 3, 0
933006, 3, 0
933131, 3, 1
933256, 3, 0
933381, 3, 1
933506, 3, bit 0
933506, 3, 1
933632, 3, 0
933757, 3, 0
933882, 3, 1
934007, 3, 1
934132, 3, 0
934257, 3, 0
934382, 3, 1
934507, 3, 1
934632, 3, 0
934757, 3, 0
934882, 3, 1
935007, 3, 0
935132, 3, 1
935257, 3, bit 0
935257, 3, 1
935382, 3, 0
935507, 3, 0
935632, 3, 1
935757, 3, 1
935882, 3, 0
936007, 3, 0
936132, 3, 1
936257, 3, 1
936382, 3, 0
936507, 3, 0
936632, 3, 1
936757, 3, 0
936882, 3, 1
937007, 3, bit 1
937007, 3, 0
937132, 3, 1
937257, 3, 1
937382, 3, 0
937507, 3, 0
937632, 3, 1
937757, 3, 1
937882, 3, 0
938007, 3, 0
938132, 3, 1
938257, 3, 1
938382, 3, 0
938507, 3, 1
938632, 3, 0
938757, 3, bit 1
938757, 3, 0
938882, 3, 1
939008, 3, 1
939133, 3, 0
939258, 3, 0
939383, 3, 1
939508, 3, 1
939633, 3, 0
939758, 3, 0
939883, 3, 1
940008, 3, 1
940133, 3, 0
940258, 3, 1
940383, 3, 0
940508, 3, bit 0
940508, 3, 1
940633, 3, 0
940758, 3, 0
940883, 3, 1
941008, 3, 1
941133, 3, 0
941258, 3, 0
941383, 3, 1
941508, 3, 1
941633, 3, 0
941758, 3, 0
941883, 3, 1
942008, 3, 0
942133, 3, 1
942258, 3, bit 1
942258, 3, 0
942383, 3, 1
942508, 3, 1
942633, 3, 0
942758, 3, 0
942883, 3, 1
943008, 3, 1
943133, 3, 0
943258, 3, 0
943383, 3, 1
943508, 3, 1
943633, 3, 0
943758, 3, 1
943883, 3, 0
944008, 3, bit 1
944008, 3, 0
944133, 3, 1
944258, 3, 1
944384, 3, 0
944509, 3, 0
944634, 3, 1
944759, 3, 1
944884, 3, 0
945009, 3, 0
945134, 3, 1
945259, 3, 1
945384, 3, 0
945509, 3, 1
945634, 3, 0
