125 100 2 7 16
(3, 20, 4, 10.00), (code 0)
(4, 258, 11, 10.00), (code 3)
START
530836, 0, prem 0
530836, 0, 0
530961, 0, 0
531086, 0, 0
531211, 0, 0
531336, 0, 0
531461, 0, 0
531586, 0, 0
531712, 0, 0
531837, 0, 0
531962, 0, 0
532087, 0, 0
532212, 0, 0
532337, 0, 0
532462, 0, 0
532587, 0, 0
532712, 0, 0
532837, 0, 1
532962, 0, 1
533087, 0, 1
533212, 0, 1
533337, 0, 1
533462, 0, 1
533587, 0, 1
533712, 0, 1
533837, 0, 1
533962, 0, 1
534087, 0, 1
534212, 0, 1
534337, 0, 1
534462, 0, 1
534587, 0, 1
534712, 0, 1
534837, 0, prem 1
534837, 0, 1
534962, 0, 1
535087, 0, 1
535212, 0, 1
535337, 0, 1
535462, 0, 1
535587, 0, 1
535712, 0, 1
535837, 0, 1
535962, 0, 1
536087, 0, 1
536212, 0, 1
536337, 0, 1
536462, 0, 1
536587, 0, 1
536712, 0, 1
536837, 0, 0
536962, 0, 0
537088, 0, 0
537213, 0, 0
537338, 0, 0
537463, 0, 0
537588, 0, 0
537713, 0, 0
537838, 0, 0
537963, 0, 0
538088, 0, 0
538213, 0, 0
538338, 0, 0
538463, 0, 0
538588, 0, 0
538713, 0, 0
538838, 0, prem 1
538841, 0, 1
538963, 0, 1
539088, 0, 1
539213, 0, 1
539338, 0, 1
539463, 0, 1
539588, 0, 1
539713, 0, 1
539838, 0, 1
539963, 0, 1
540088, 0, 1
540213, 0, 1
540338, 0, 1
540463, 0, 1
540588, 0, 1
540713, 0, 1
540838, 0, 0
540963, 0, 0
541088, 0, 0
541213, 0, 0
541338, 0, 0
541463, 0, 0
541588, 0, 0
541713, 0, 0
541838, 0, 0
541963, 0, 0
542088, 0, 0
542213, 0, 0
542338, 0, 0
542464, 0, 0
542589, 0, 0
542714, 0, 0
542839, 0, prem 1
542839, 0, 1
542964, 0, 1
543089, 0, 1
543214, 0, 1
543339, 0, 1
543464, 0, 1
543589, 0, 1
543714, 0, 1
543839, 0, 1
543964, 0, 1
544089, 0, 1
544214, 0, 1
544339, 0, 1
544464, 0, 1
544589, 0, 1
544714, 0, 1
544839, 0, 0
544964, 0, 0
545089, 0, 0
545214, 0, 0
545339, 0, 0
545464, 0, 0
545589, 0, 0
545714, 0, 0
545839, 0, 0
545964, 0, 0
546089, 0, 0
546214, 0, 0
546339, 0, 0
546464, 0, 0
546589, 0, 0
546714, 0, 0
546839, 0, prem 1
546839, 0, 1
546964, 0, 1
547089, 0, 1
547214, 0, 1
547339, 0, 1
547464, 0, 1
547589, 0, 1
547714, 0, 1
547840, 0, 1
547965, 0, 1
548090, 0, 1
548215, 0, 1
548340, 0, 1
548465, 0, 1
548590, 0, 1
548715, 0, 1
548840, 0, 0
548965, 0, 0
549090, 0, 0
549215, 0, 0
549340, 0, 0
549465, 0, 0
549590, 0, 0
549715, 0, 0
549840, 0, 0
549965, 0, 0
550090, 0, 0
550215, 0, 0
550340, 0, 0
550465, 0, 0
550590, 0, 0
550715, 0, 0
550840, 0, prem 0
550840, 0, 0
550965, 0, 0
551090, 0, 0
551215, 0, 0
551340, 0, 0
551465, 0, 0
551590, 0, 0
551715, 0, 0
551840, 0, 0
551965, 0, 0
552090, 0, 0
552215, 0, 0
552340, 0, 0
552465, 0, 0
552590, 0, 0
552715, 0, 0
552840, 0, 1
552965, 0, 1
553090, 0, 1
553216, 0, 1
553341, 0, 1
553466, 0, 1
553591, 0, 1
553716, 0, 1
553841, 0, 1
553966, 0, 1
554091, 0, 1
554216, 0, 1
554341, 0, 1
554466, 0, 1
554591, 0, 1
554716, 0, 1
554841, 0, prem 0
554841, 0, 0
554966, 0, 0
555091, 0, 0
555216, 0, 0
555341, 0, 0
555466, 0, 0
555591, 0, 0
555716, 0, 0
555841, 0, 0
555966, 0, 0
556091, 0, 0
556216, 0, 0
556341, 0, 0
556466, 0, 0
556591, 0, 0
556716, 0, 0
556841, 0, 1
556966, 0, 1
557091, 0, 1
557216, 0, 1
557341, 0, 1
557466, 0, 1
557591, 0, 1
557716, 0, 1
557841, 0, 1
557966, 0, 1
558091, 0, 1
558216, 0, 1
558341, 0, 1
558466, 0, 1
558592, 0, 1
558717, 0, 1
558842, 0, bit 1
558842, 0, 0
558967, 0, 1
559092, 0, 1
559217, 0, 0
559342, 0, 1
559467, 0, 0
559592, 0, 1
559717, 0, 0
559842, 0, 1
559967, 0, 0
560092, 0, 0
560217, 0, 1
560342, 0, 0
560467, 0, 1
560592, 0, bit 1
560592, 0, 0
560717, 0, 1
560842, 0, 1
560967, 0, 0
561092, 0, 1
561217, 0, 0
561342, 0, 1
561467, 0, 0
561470, 1, prem 1
561470, 1, 1
561592, 0, 1
561595, 1, 1
561717, 0, 0
561720, 1, 1
561842, 0, 0
561845, 1, 1
561967, 0, 1
561970, 1, 1
562092, 0, 0
562095, 1, 1
562217, 0, 1
562220, 1, 1
562342, 0, bit 1
562342, 0, 0
562345, 1, 1
562467, 0, 1
562470, 1, 1
562592, 0, 1
562595, 1, 1
562717, 0, 0
562720, 1, 1
562842, 0, 1
562845, 1, 1
562967, 0, 0
562970, 1, 1
563092, 0, 1
563095, 1, 1
563217, 0, 0
563220, 1, 1
563342, 0, 1
563345, 1, 1
563467, 0, 0
563470, 1, 0
563592, 0, 0
563595, 1, 0
563717, 0, 1
563720, 1, 0
563842, 0, 0
563845, 1, 0
563968, 0, 1
563970, 1, 0
564093, 0, bit 0
564093, 0, 1
564096, 1, 0
564218, 0, 0
564221, 1, 0
564343, 0, 0
564346, 1, 0
564468, 0, 1
564471, 1, 0
564593, 0, 0
564596, 1, 0
564718, 0, 1
564721, 1, 0
564843, 0, 0
564846, 1, 0
564968, 0, 1
564971, 1, 0
565093, 0, 0
565096, 1, 0
565218, 0, 1
565221, 1, 0
565343, 0, 1
565346, 1, 0
565468, 0, 0
565471, 1, prem 1
565471, 1, 1
565593, 0, 1
565596, 1, 1
565718, 0, 0
565721, 1, 1
565843, 0, bit 0
565843, 0, 1
565846, 1, 1
565968, 0, 0
565971, 1, 1
566093, 0, 0
566096, 1, 1
566218, 0, 1
566221, 1, 1
566343, 0, 0
566346, 1, 1
566468, 0, 1
566471, 1, 1
566593, 0, 0
566596, 1, 1
566718, 0, 1
566721, 1, 1
566843, 0, 0
566846, 1, 1
566968, 0, 1
566971, 1, 1
567093, 0, 1
567096, 1, 1
567218, 0, 0
567221, 1, 1
567343, 0, 1
567346, 1, 1
567468, 0, 0
567471, 1, 0
567593, 0, bit 1
567593, 0, 0
567596, 1, 0
567718, 0, 1
567721, 1, 0
567843, 0, 1
567846, 1, 0
567968, 0, 0
567971, 1, 0
568093, 0, 1
568096, 1, 0
568218, 0, 0
568221, 1, 0
568343, 0, 1
568346, 1, 0
568468, 0, 0
568471, 1, 0
568593, 0, 1
568596, 1, 0
568718, 0, 0
568721, 1, 0
568843, 0, 0
568846, 1, 0
568968, 0, 1
568971, 1, 0
569093, 0, 0
569096, 1, 0
569218, 0, 1
569221, 1, 0
569344, 0, bit 1
569344, 0, 0
569346, 1, 0
569469, 0, 1
569472, 1, prem 1
569475, 1, 1
569594, 0, 1
569597, 1, 1
569719, 0, 0
569722, 1, 1
569844, 0, 1
569847, 1, 1
569969, 0, 0
569972, 1, 1
570094, 0, 1
570097, 1, 1
570219, 0, 0
570222, 1, 1
570344, 0, 1
570347, 1, 1
570469, 0, 0
570472, 1, 1
570594, 0, 0
570597, 1, 1
570719, 0, 1
570722, 1, 1
570844, 0, 0
570847, 1, 1
570969, 0, 1
570972, 1, 1
571094, 0, bit 0
571094, 0, 1
571097, 1, 1
571219, 0, 0
571222, 1, 1
571344, 0, 0
571347, 1, 1
571469, 0, 1
571472, 1, 0
571594, 0, 0
571597, 1, 0
571719, 0, 1
571722, 1, 0
571844, 0, 0
571847, 1, 0
571969, 0, 1
571972, 1, 0
572094, 0, 0
572097, 1, 0
572219, 0, 1
572222, 1, 0
572344, 0, 1
572347, 1, 0
572469, 0, 0
572472, 1, 0
572594, 0, 1
572597, 1, 0
572719, 0, 0
572722, 1, 0
572844, 0, bit 1
572844, 0, 0
572847, 1, 0
572969, 0, 1
572972, 1, 0
573094, 0, 1
573097, 1, 0
573219, 0, 0
573222, 1, 0
573344, 0, 1
573347, 1, 0
573469, 0, 0
573472, 1, prem 0
573472, 1, 0
573594, 0, 1
573597, 1, 0
573719, 0, 0
573722, 1, 0
573844, 0, 1
573847, 1, 0
573969, 0, 0
573972, 1, 0
574094, 0, 0
574097, 1, 0
574219, 0, 1
574222, 1, 0
574344, 0, 0
574347, 1, 0
574469, 0, 1
574472, 1, 0
574594, 0, bit 0
574594, 0, 1
574597, 1, 0
574720, 0, 0
574722, 1, 0
574845, 0, 0
574848, 1, 0
574970, 0, 1
574973, 1, 0
575095, 0, 0
575098, 1, 0
575220, 0, 1
575223, 1, 0
575345, 0, 0
575348, 1, 0
575470, 0, 1
575473, 1, 1
575595, 0, 0
575598, 1, 1
575720, 0, 1
575723, 1, 1
575845, 0, 1
575848, 1, 1
575970, 0, 0
575973, 1, 1
576095, 0, 1
576098, 1, 1
576220, 0, 0
576223, 1, 1
576345, 0, bit 1
576345, 0, 0
576348, 1, 1
576470, 0, 1
576473, 1, 1
576595, 0, 1
576598, 1, 1
576720, 0, 0
576723, 1, 1
576845, 0, 1
576848, 1, 1
576970, 0, 0
576973, 1, 1
577095, 0, 1
577098, 1, 1
577220, 0, 0
577223, 1, 1
577345, 0, 1
577348, 1, 1
577470, 0, 0
577473, 1, prem 1
577473, 1, 1
577595, 0, 0
577598, 1, 1
577720, 0, 1
577723, 1, 1
577845, 0, 0
577848, 1, 1
577970, 0, 1
577973, 1, 1
578095, 0, bit 0
578103, 0, 1
578104, 1, 1
578220, 0, 0
578229, 1, 1
578345, 0, 0
578354, 1, 1
578470, 0, 1
578479, 1, 1
578595, 0, 0
578604, 1, 1
578720, 0, 1
578729, 1, 1
578845, 0, 0
578854, 1, 1
578970, 0, 1
578979, 1, 1
579095, 0, 0
579104, 1, 1
579220, 0, 1
579229, 1, 1
579345, 0, 1
579354, 1, 1
579470, 0, 0
579479, 1, 0
579595, 0, 1
579604, 1, 0
579720, 0, 0
579729, 1, 0
579845, 0, bit 1
579845, 0, 0
579854, 1, 0
579970, 0, 1
579979, 1, 0
580096, 0, 1
580104, 1, 0
580221, 0, 0
580229, 1, 0
580346, 0, 1
580354, 1, 0
580471, 0, 0
580480, 1, 0
580596, 0, 1
580605, 1, 0
580721, 0, 0
580730, 1, 0
580846, 0, 1
580855, 1, 0
580971, 0, 0
580980, 1, 0
581096, 0, 0
581105, 1, 0
581221, 0, 1
581230, 1, 0
581346, 0, 0
581355, 1, 0
581471, 0, 1
581480, 1, prem 1
581480, 1, 1
581596, 0, bit 0
581596, 0, 1
581605, 1, 1
581721, 0, 0
581730, 1, 1
581846, 0, 0
581855, 1, 1
581971, 0, 1
581980, 1, 1
582096, 0, 0
582105, 1, 1
582221, 0, 1
582230, 1, 1
582346, 0, 0
582355, 1, 1
582471, 0, 1
582480, 1, 1
582596, 0, 0
582605, 1, 1
582721, 0, 1
582730, 1, 1
582846, 0, 1
582855, 1, 1
582971, 0, 0
582980, 1, 1
583096, 0, 1
583105, 1, 1
583221, 0, 0
583230, 1, 1
583346, 0, bit 1
583346, 0, 0
583355, 1, 1
583471, 0, 1
583480, 1, 0
583596, 0, 1
583605, 1, 0
583721, 0, 0
583730, 1, 0
583846, 0, 1
583855, 1, 0
583971, 0, 0
583980, 1, 0
584096, 0, 1
584105, 1, 0
584221, 0, 0
584230, 1, 0
584346, 0, 1
584355, 1, 0
584471, 0, 0
584480, 1, 0
584596, 0, 0
584605, 1, 0
584721, 0, 1
584730, 1, 0
584846, 0, 0
584855, 1, 0
584971, 0, 1
584980, 1, 0
585096, 0, bit 0
585096, 0, 1
585105, 1, 0
585221, 0, 0
585230, 1, 0
585346, 0, 0
585355, 1, 0
585472, 0, 1
585480, 1, prem 1
585480, 1, 1
585597, 0, 0
585605, 1, 1
585722, 0, 1
585730, 1, 1
585847, 0, 0
585856, 1, 1
585972, 0, 1
585981, 1, 1
586097, 0, 0
586106, 1, 1
586222, 0, 1
586231, 1, 1
586347, 0, 1
586356, 1, 1
586472, 0, 0
586481, 1, 1
586597, 0, 1
586606, 1, 1
586722, 0, 0
586731, 1, 1
586847, 0, bit 1
586847, 0, 0
586856, 1, 1
586972, 0, 1
586981, 1, 1
587097, 0, 1
587106, 1, 1
587222, 0, 0
587231, 1, 1
587347, 0, 1
587356, 1, 1
587472, 0, 0
587481, 1, 0
587597, 0, 1
587606, 1, 0
587722, 0, 0
587731, 1, 0
587847, 0, 1
587856, 1, 0
587972, 0, 0
587981, 1, 0
588097, 0, 0
588106, 1, 0
588222, 0, 1
588231, 1, 0
588347, 0, 0
588356, 1, 0
588472, 0, 1
588481, 1, 0
588597, 0, bit 0
588597, 0, 1
588606, 1, 0
588722, 0, 0
588731, 1, 0
588847, 0, 0
588856, 1, 0
588972, 0, 1
588981, 1, 0
589097, 0, 0
589106, 1, 0
589222, 0, 1
589231, 1, 0
589347, 0, 0
589356, 1, 0
589472, 0, 1
589481, 1, bit 1
589481, 1, 1
589597, 0, 0
589606, 1, 0
589722, 0, 1
589731, 1, 1
589847, 0, 1
589856, 1, 0
589972, 0, 0
589981, 1, 1
590097, 0, 1
590106, 1, 0
590222, 0, 0
590231, 1, 0
590347, 0, bit 1
590347, 0, 0
590356, 1, 1
590472, 0, 1
590481, 1, 1
590597, 0, 1
590606, 1, 0
590722, 0, 0
590731, 1, 1
590848, 0, 1
590856, 1, 0
590973, 0, 0
590981, 1, 1
591098, 0, 1
591106, 1, 0
591223, 0, 0
591232, 1, bit 0
591232, 1, 0
591348, 0, 1
591357, 1, 1
591473, 0, 0
591482, 1, 0
591598, 0, 0
591607, 1, 1
591723, 0, 1
591732, 1, 0
591848, 0, 0
591857, 1, 1
591973, 0, 1
591982, 1, 1
592098, 0, bit 0
592098, 0, 1
592107, 1, 0
592223, 0, 0
592232, 1, 0
592348, 0, 0
592357, 1, 1
592473, 0, 1
592482, 1, 0
592598, 0, 0
592607, 1, 1
592723, 0, 1
592732, 1, 0
592848, 0, 0
592857, 1, 1
592973, 0, 1
592982, 1, bit 1
592982, 1, 1
593098, 0, 0
593107, 1, 0
593223, 0, 1
593232, 1, 1
593348, 0, 1
593357, 1, 0
593473, 0, 0
593482, 1, 1
593598, 0, 1
593607, 1, 0
593723, 0, 0
593732, 1, 0
593848, 0, bit 0
593848, 0, 1
593857, 1, 1
593973, 0, 0
593982, 1, 1
594098, 0, 0
594107, 1, 0
594223, 0, 1
594232, 1, 1
594348, 0, 0
594357, 1, 0
594473, 0, 1
594482, 1, 1
594598, 0, 0
594607, 1, 0
594723, 0, 1
594732, 1, bit 1
594732, 1, 1
594848, 0, 0
594857, 1, 0
594973, 0, 1
594982, 1, 1
595098, 0, 1
595107, 1, 0
595223, 0, 0
595232, 1, 1
595348, 0, 1
595357, 1, 0
595473, 0, 0
595482, 1, 0
595598, 0, bit 0
595598, 0, 1
595607, 1, 1
595723, 0, 0
595732, 1, 1
595848, 0, 0
595857, 1, 0
595973, 0, 1
595982, 1, 1
596098, 0, 0
596107, 1, 0
596224, 0, 1
596232, 1, 1
596349, 0, 0
596357, 1, 0
596474, 0, 1
596482, 1, bit 0
596482, 1, 0
596599, 0, 0
596608, 1, 1
596724, 0, 1
596733, 1, 0
596849, 0, 1
596858, 1, 1
596974, 0, 0
596983, 1, 0
597099, 0, 1
597108, 1, 1
597224, 0, 0
597233, 1, 1
597349, 0, bit 0
597349, 0, 1
597358, 1, 0
597474, 0, 0
597483, 1, 0
597599, 0, 0
597608, 1, 1
597724, 0, 1
597733, 1, 0
597849, 0, 0
597858, 1, 1
597974, 0, 1
597983, 1, 0
598099, 0, 0
598108, 1, 1
598224, 0, 1
598233, 1, bit 1
598233, 1, 1
598349, 0, 0
598358, 1, 0
598474, 0, 1
598483, 1, 1
598599, 0, 1
598608, 1, 0
598724, 0, 0
598733, 1, 1
598849, 0, 1
598858, 1, 0
598974, 0, 0
598983, 1, 0
599099, 0, bit 0
599099, 0, 1
599108, 1, 1
599224, 0, 0
599233, 1, 1
599349, 0, 0
599358, 1, 0
599474, 0, 1
599483, 1, 1
599599, 0, 0
599608, 1, 0
599724, 0, 1
599733, 1, 1
599849, 0, 0
599858, 1, 0
599974, 0, 1
599983, 1, bit 0
599983, 1, 0
600099, 0, 0
600108, 1, 1
600224, 0, 1
600233, 1, 0
600349, 0, 1
600358, 1, 1
600474, 0, 0
600483, 1, 0
600599, 0, 1
600608, 1, 1
600724, 0, 0
600733, 1, 1
600849, 0, bit 0
600849, 0, 1
600858, 1, 0
600974, 0, 0
600983, 1, 0
601099, 0, 0
601108, 1, 1
601224, 0, 1
601233, 1, 0
601349, 0, 0
601358, 1, 1
601474, 0, 1
601483, 1, 0
601600, 0, 0
601608, 1, 1
601725, 0, 1
601733, 1, bit 1
601733, 1, 1
601850, 0, 0
601858, 1, 0
601975, 0, 1
601984, 1, 1
602100, 0, 1
602109, 1, 0
602225, 0, 0
602234, 1, 1
602350, 0, 1
602359, 1, 0
602475, 0, 0
602484, 1, 0
602600, 0, bit 0
602600, 0, 1
602609, 1, 1
602725, 0, 0
602734, 1, 1
602850, 0, 0
602859, 1, 0
602975, 0, 1
602984, 1, 1
603100, 0, 0
603109, 1, 0
603225, 0, 1
603234, 1, 1
603350, 0, 0
603359, 1, 0
603475, 0, 1
603484, 1, bit 1
603487, 1, 1
603600, 0, 0
603609, 1, 0
603725, 0, 1
603734, 1, 1
603850, 0, 1
603859, 1, 0
603975, 0, 0
603984, 1, 1
604100, 0, 1
604109, 1, 0
604225, 0, 0
604234, 1, 0
604350, 0, bit 0
604350, 0, 1
604359, 1, 1
604475, 0, 0
604484, 1, 1
604600, 0, 0
604609, 1, 0
604725, 0, 1
604734, 1, 1
604850, 0, 0
604859, 1, 0
604975, 0, 1
604984, 1, 1
605100, 0, 0
605109, 1, 0
605225, 0, 1
605234, 1, bit 1
605234, 1, 1
605350, 0, 0
605359, 1, 0
605475, 0, 1
605484, 1, 1
605600, 0, 1
605609, 1, 0
605725, 0, 0
605734, 1, 1
605850, 0, 1
605859, 1, 0
605975, 0, 0
605984, 1, 0
606100, 0, bit 0
606100, 0, 1
606109, 1, 1
606225, 0, 0
606234, 1, 1
606350, 0, 0
606359, 1, 0
606475, 0, 1
606484, 1, 1
606600, 0, 0
606609, 1, 0
606725, 0, 1
606734, 1, 1
606850, 0, 0
606859, 1, 0
606976, 0, 1
606984, 1, bit 1
606984, 1, 1
607101, 0, 0
607109, 1, 0
607226, 0, 1
607234, 1, 1
607351, 0, 1
607360, 1, 0
607476, 0, 0
607485, 1, 1
607601, 0, 1
607610, 1, 0
607726, 0, 0
607735, 1, 0
607851, 0, bit 1
607851, 0, 0
607860, 1, 1
607976, 0, 1
607985, 1, 1
608101, 0, 1
608110, 1, 0
608226, 0, 0
608235, 1, 1
608351, 0, 1
608360, 1, 0
608476, 0, 0
608485, 1, 1
608601, 0, 1
608610, 1, 0
608726, 0, 0
608735, 1, bit 1
608735, 1, 1
608851, 0, 1
608860, 1, 0
608976, 0, 0
608985, 1, 1
609101, 0, 0
609110, 1, 0
609226, 0, 1
609235, 1, 1
609351, 0, 0
609360, 1, 0
609476, 0, 1
609485, 1, 0
609601, 0, bit 0
609601, 0, 1
609610, 1, 1
609726, 0, 0
609735, 1, 1
609851, 0, 0
609860, 1, 0
609976, 0, 1
609985, 1, 1
610101, 0, 0
610110, 1, 0
610226, 0, 1
610235, 1, 1
610351, 0, 0
610360, 1, 0
610476, 0, 1
610485, 1, bit 1
610485, 1, 1
610601, 0, 0
610610, 1, 0
610726, 0, 1
610735, 1, 1
610851, 0, 1
610860, 1, 0
610976, 0, 0
610985, 1, 1
611101, 0, 1
611110, 1, 0
611226, 0, 0
611235, 1, 0
611351, 0, bit 0
611351, 0, 1
611360, 1, 1
611476, 0, 0
611485, 1, 1
611601, 0, 0
611610, 1, 0
611726, 0, 1
611735, 1, 1
611851, 0, 0
611860, 1, 0
611976, 0, 1
611985, 1, 1
612101, 0, 0
612110, 1, 0
612226, 0, 1
612235, 1, bit 0
612235, 1, 0
612352, 0, 0
612360, 1, 1
612477, 0, 1
612485, 1, 0
612602, 0, 1
612610, 1, 1
612727, 0, 0
612736, 1, 0
612852, 0, 1
612861, 1, 1
612977, 0, 0
612986, 1, 1
613102, 0, bit 1
613102, 0, 0
613111, 1, 0
613227, 0, 1
613236, 1, 0
613352, 0, 1
613361, 1, 1
613477, 0, 0
613486, 1, 0
613602, 0, 1
613611, 1, 1
613727, 0, 0
613736, 1, 0
613852, 0, 1
613861, 1, 1
613977, 0, 0
613986, 1, bit 1
613996, 1, 1
614102, 0, 1
614111, 1, 0
614227, 0, 0
614236, 1, 1
614352, 0, 0
614361, 1, 0
614477, 0, 1
614486, 1, 1
614602, 0, 0
614611, 1, 0
614727, 0, 1
614736, 1, 0
614852, 0, bit 0
614852, 0, 1
614861, 1, 1
614977, 0, 0
614986, 1, 1
615102, 0, 0
615111, 1, 0
615227, 0, 1
615236, 1, 1
615352, 0, 0
615361, 1, 0
615477, 0, 1
615486, 1, 1
615602, 0, 0
615611, 1, 0
615727, 0, 1
615736, 1, bit 1
615736, 1, 1
615852, 0, 0
615861, 1, 0
615977, 0, 1
615986, 1, 1
616102, 0, 1
616111, 1, 0
616227, 0, 0
616236, 1, 1
616352, 0, 1
616361, 1, 0
616477, 0, 0
616486, 1, 0
616602, 0, bit 1
616602, 0, 0
616611, 1, 1
616727, 0, 1
616736, 1, 1
616852, 0, 1
616861, 1, 0
616977, 0, 0
616986, 1, 1
617102, 0, 1
617111, 1, 0
617227, 0, 0
617236, 1, 1
617352, 0, 1
617361, 1, 0
617477, 0, 0
617486, 1, bit 0
617486, 1, 0
617602, 0, 1
617611, 1, 1
617728, 0, 0
617736, 1, 0
617853, 0, 0
617861, 1, 1
617978, 0, 1
617986, 1, 0
618103, 0, 0
618112, 1, 1
618228, 0, 1
618237, 1, 1
618353, 0, bit 1
618353, 0, 0
618362, 1, 0
618478, 0, 1
618487, 1, 0
618603, 0, 1
618612, 1, 1
618728, 0, 0
618737, 1, 0
618853, 0, 1
618862, 1, 1
618978, 0, 0
618987, 1, 0
619103, 0, 1
619112, 1, 1
619228, 0, 0
619237, 1, bit 1
619237, 1, 1
619353, 0, 1
619362, 1, 0
619478, 0, 0
619487, 1, 1
619603, 0, 0
619612, 1, 0
619728, 0, 1
619737, 1, 1
619853, 0, 0
619862, 1, 0
619978, 0, 1
619987, 1, 0
620103, 0, bit 0
620103, 0, 1
620112, 1, 1
620228, 0, 0
620237, 1, 1
620353, 0, 0
620362, 1, 0
620478, 0, 1
620487, 1, 1
620603, 0, 0
620612, 1, 0
620728, 0, 1
620737, 1, 1
620853, 0, 0
620862, 1, 0
620978, 0, 1
620987, 1, bit 0
620987, 1, 0
621103, 0, 0
621112, 1, 1
621228, 0, 1
621237, 1, 0
621353, 0, 1
621362, 1, 1
621478, 0, 0
621487, 1, 0
621603, 0, 1
621612, 1, 1
621728, 0, 0
621737, 1, 1
621853, 0, bit 1
621853, 0, 0
621862, 1, 0
621978, 0, 1
621987, 1, 0
622103, 0, 1
622112, 1, 1
622228, 0, 0
622237, 1, 0
622353, 0, 1
622362, 1, 1
622478, 0, 0
622487, 1, 0
622603, 0, 1
622612, 1, 1
622728, 0, 0
622737, 1, bit 0
622737, 1, 0
622853, 0, 1
622862, 1, 1
622978, 0, 0
622987, 1, 0
623104, 0, 0
623112, 1, 1
623229, 0, 1
623237, 1, 0
623354, 0, 0
623362, 1, 1
623479, 0, 1
623488, 1, 1
623604, 0, bit 0
623604, 0, 1
623613, 1, 0
623729, 0, 0
623738, 1, 0
623854, 0, 0
623863, 1, 1
623979, 0, 1
623988, 1, 0
624104, 0, 0
624113, 1, 1
624229, 0, 1
624238, 1, 0
624354, 0, 0
624363, 1, 1
624479, 0, 1
624488, 1, bit 0
624488, 1, 0
624604, 0, 0
624613, 1, 1
624729, 0, 1
624738, 1, 0
624854, 0, 1
624863, 1, 1
624979, 0, 0
624988, 1, 0
625104, 0, 1
625113, 1, 1
625229, 0, 0
625238, 1, 1
625354, 0, bit 0
625354, 0, 1
625363, 1, 0
625479, 0, 0
625488, 1, 0
625604, 0, 0
625613, 1, 1
625729, 0, 1
625738, 1, 0
625854, 0, 0
625863, 1, 1
625979, 0, 1
625988, 1, 0
626104, 0, 0
626113, 1, 1
626229, 0, 1
626238, 1, bit 1
626238, 1, 1
626354, 0, 0
626363, 1, 0
626479, 0, 1
626488, 1, 1
626604, 0, 1
626613, 1, 0
626729, 0, 0
626738, 1, 1
626854, 0, 1
626863, 1, 0
626979, 0, 0
626988, 1, 0
627104, 0, bit 0
627104, 0, 1
627113, 1, 1
627229, 0, 0
627238, 1, 1
627354, 0, 0
627363, 1, 0
627479, 0, 1
627488, 1, 1
627604, 0, 0
627613, 1, 0
627729, 0, 1
627738, 1, 1
627854, 0, 0
627863, 1, 0
627979, 0, 1
627988, 1, bit 1
627988, 1, 1
628104, 0, 0
628113, 1, 0
628229, 0, 1
628238, 1, 1
628354, 0, 1
628363, 1, 0
628480, 0, 0
628488, 1, 1
628605, 0, 1
628613, 1, 0
628730, 0, 0
628738, 1, 0
628855, 0, bit 1
628855, 0, 0
628864, 1, 1
628980, 0, 1
628989, 1, 1
629105, 0, 1
629114, 1, 0
629230, 0, 0
629239, 1, 1
629355, 0, 1
629364, 1, 0
629480, 0, 0
629489, 1, 1
629605, 0, 1
629614, 1, 0
629730, 0, 0
629739, 1, bit 1
629739, 1, 1
629855, 0, 1
629864, 1, 0
629980, 0, 0
629989, 1, 1
630105, 0, 0
630114, 1, 0
630230, 0, 1
630239, 1, 1
630355, 0, 0
630364, 1, 0
630480, 0, 1
630489, 1, 0
630605, 0, bit 0
630605, 0, 1
630614, 1, 1
630730, 0, 0
630739, 1, 1
630855, 0, 0
630864, 1, 0
630980, 0, 1
630989, 1, 1
631105, 0, 0
631114, 1, 0
631230, 0, 1
631239, 1, 1
631355, 0, 0
631364, 1, 0
631480, 0, 1
631489, 1, bit 1
631489, 1, 1
631605, 0, 0
631614, 1, 0
631730, 0, 1
631739, 1, 1
631855, 0, 1
631864, 1, 0
631980, 0, 0
631989, 1, 1
632105, 0, 1
632114, 1, 0
632230, 0, 0
632239, 1, 0
632355, 0, bit 0
632355, 0, 1
632364, 1, 1
632480, 0, 0
632489, 1, 1
632605, 0, 0
632614, 1, 0
632730, 0, 1
632739, 1, 1
632855, 0, 0
632864, 1, 0
632980, 0, 1
632989, 1, 1
633105, 0, 0
633114, 1, 0
633230, 0, 1
633239, 1, bit 0
633239, 1, 0
633355, 0, 0
633364, 1, 1
633480, 0, 1
633489, 1, 0
633605, 0, 1
633614, 1, 1
633730, 0, 0
633739, 1, 0
633856, 0, 1
633864, 1, 1
633981, 0, 0
633989, 1, 1
634106, 0, bit 0
634106, 0, 1
634114, 1, 0
634231, 0, 0
634240, 1, 0
634356, 0, 0
634365, 1, 1
634481, 0, 1
634490, 1, 0
634606, 0, 0
634615, 1, 1
634731, 0, 1
634740, 1, 0
634856, 0, 0
634865, 1, 1
634981, 0, 1
634990, 1, bit 0
634990, 1, 0
635106, 0, 0
635115, 1, 1
635231, 0, 1
635240, 1, 0
635356, 0, 1
635365, 1, 1
635481, 0, 0
635490, 1, 0
635606, 0, 1
635615, 1, 1
635731, 0, 0
635740, 1, 1
635856, 0, bit 1
635856, 0, 0
635865, 1, 0
635981, 0, 1
635990, 1, 0
636106, 0, 1
636115, 1, 1
636231, 0, 0
636240, 1, 0
636356, 0, 1
636365, 1, 1
636481, 0, 0
636490, 1, 0
636606, 0, 1
636615, 1, 1
636731, 0, 0
636740, 1, bit 0
636740, 1, 0
636856, 0, 1
636865, 1, 1
636981, 0, 0
636990, 1, 0
637106, 0, 0
637115, 1, 1
637231, 0, 1
637240, 1, 0
637356, 0, 0
637365, 1, 1
637481, 0, 1
637490, 1, 1
637606, 0, bit 0
637606, 0, 1
637615, 1, 0
637731, 0, 0
637740, 1, 0
637856, 0, 0
637865, 1, 1
637981, 0, 1
637990, 1, 0
638106, 0, 0
638115, 1, 1
638231, 0, 1
638240, 1, 0
638356, 0, 0
638365, 1, 1
638481, 0, 1
638490, 1, bit 0
638490, 1, 0
638606, 0, 0
638615, 1, 1
638731, 0, 1
638740, 1, 0
638856, 0, 1
638865, 1, 1
638981, 0, 0
638990, 1, 0
639106, 0, 1
639115, 1, 1
639232, 0, 0
639240, 1, 1
639357, 0, bit 1
639357, 0, 0
639365, 1, 0
639482, 0, 1
639490, 1, 0
639607, 0, 1
639616, 1, 1
639732, 0, 0
639741, 1, 0
639857, 0, 1
639866, 1, 1
639982, 0, 0
639991, 1, 0
640107, 0, 1
640116, 1, 1
640232, 0, 0
640241, 1, bit 1
640241, 1, 1
640357, 0, 1
640366, 1, 0
640482, 0, 0
640491, 1, 1
640607, 0, 0
640616, 1, 0
640732, 0, 1
640741, 1, 1
640857, 0, 0
640866, 1, 0
640982, 0, 1
640991, 1, 0
641107, 0, bit 1
641107, 0, 0
641116, 1, 1
641232, 0, 1
641241, 1, 1
641357, 0, 1
641366, 1, 0
641482, 0, 0
641491, 1, 1
641607, 0, 1
641616, 1, 0
641732, 0, 0
641741, 1, 1
641857, 0, 1
641866, 1, 0
641982, 0, 0
641991, 1, bit 1
641991, 1, 1
642107, 0, 1
642116, 1, 0
642232, 0, 0
642241, 1, 1
642357, 0, 0
642366, 1, 0
642482, 0, 1
642491, 1, 1
642607, 0, 0
642616, 1, 0
642732, 0, 1
642741, 1, 0
642857, 0, bit 1
642857, 0, 0
642866, 1, 1
642982, 0, 1
642991, 1, 1
643107, 0, 1
643116, 1, 0
643232, 0, 0
643241, 1, 1
643357, 0, 1
643366, 1, 0
643482, 0, 0
643491, 1, 1
643607, 0, 1
643616, 1, 0
643732, 0, 0
643741, 1, bit 1
643741, 1, 1
643857, 0, 1
643866, 1, 0
643982, 0, 0
643991, 1, 1
644107, 0, 0
644116, 1, 0
644232, 0, 1
644241, 1, 1
644357, 0, 0
644366, 1, 0
644482, 0, 1
644491, 1, 0
644608, 0, bit 0
644608, 0, 1
644616, 1, 1
644733, 0, 0
644741, 1, 1
644858, 0, 0
644866, 1, 0
644983, 0, 1
644992, 1, 1
645108, 0, 0
645117, 1, 0
645233, 0, 1
645242, 1, 1
645358, 0, 0
645367, 1, 0
645483, 0, 1
645492, 1, bit 1
645492, 1, 1
645608, 0, 0
645617, 1, 0
645733, 0, 1
645742, 1, 1
645858, 0, 1
645867, 1, 0
645983, 0, 0
645992, 1, 1
646108, 0, 1
646117, 1, 0
646233, 0, 0
646242, 1, 0
646358, 0, bit 1
646358, 0, 0
646367, 1, 1
646483, 0, 1
646492, 1, 1
646608, 0, 1
646617, 1, 0
646733, 0, 0
646742, 1, 1
646858, 0, 1
646867, 1, 0
646983, 0, 0
646992, 1, 1
647108, 0, 1
647117, 1, 0
647233, 0, 0
647242, 1, bit 0
647242, 1, 0
647358, 0, 1
647367, 1, 1
647483, 0, 0
647492, 1, 0
647608, 0, 0
647617, 1, 1
647733, 0, 1
647742, 1, 0
647858, 0, 0
647867, 1, 1
647983, 0, 1
647992, 1, 1
648108, 0, bit 0
648108, 0, 1
648117, 1, 0
648233, 0, 0
648242, 1, 0
648358, 0, 0
648367, 1, 1
648483, 0, 1
648492, 1, 0
648608, 0, 0
648617, 1, 1
648733, 0, 1
648742, 1, 0
648858, 0, 0
648867, 1, 1
648983, 0, 1
648992, 1, bit 0
648992, 1, 0
649108, 0, 0
649117, 1, 1
649233, 0, 1
649242, 1, 0
649358, 0, 1
649367, 1, 1
649483, 0, 0
649492, 1, 0
649608, 0, 1
649617, 1, 1
649733, 0, 0
649742, 1, 1
649858, 0, bit 1
649858, 0, 0
649867, 1, 0
649984, 0, 1
649992, 1, 0
650109, 0, 1
650117, 1, 1
650234, 0, 0
650242, 1, 0
650359, 0, 1
650368, 1, 1
650484, 0, 0
650493, 1, 0
650609, 0, 1
650618, 1, 1
650734, 0, 0
650743, 1, bit 0
650743, 1, 0
650859, 0, 1
650868, 1, 1
650984, 0, 0
650993, 1, 0
651109, 0, 0
651118, 1, 1
651234, 0, 1
651243, 1, 0
651359, 0, 0
651368, 1, 1
651484, 0, 1
651493, 1, 1
651609, 0, bit 0
651609, 0, 1
651618, 1, 0
651734, 0, 0
651743, 1, 0
651859, 0, 0
651868, 1, 1
651984, 0, 1
651993, 1, 0
652109, 0, 0
652118, 1, 1
652234, 0, 1
652243, 1, 0
652359, 0, 0
652368, 1, 1
652484, 0, 1
652493, 1, bit 0
652493, 1, 0
652609, 0, 0
652618, 1, 1
652734, 0, 1
652743, 1, 0
652859, 0, 1
652868, 1, 1
652984, 0, 0
652993, 1, 0
653109, 0, 1
653118, 1, 1
653234, 0, 0
653243, 1, 1
653359, 0, bit 0
653359, 0, 1
653368, 1, 0
653484, 0, 0
653493, 1, 0
653609, 0, 0
653618, 1, 1
653734, 0, 1
653743, 1, 0
653859, 0, 0
653868, 1, 1
653984, 0, 1
653993, 1, 0
654109, 0, 0
654118, 1, 1
654234, 0, 1
654243, 1, bit 0
654243, 1, 0
654359, 0, 0
654368, 1, 1
654484, 0, 1
654493, 1, 0
654609, 0, 1
654618, 1, 1
654734, 0, 0
654743, 1, 0
654859, 0, 1
654868, 1, 1
654984, 0, 0
654993, 1, 1
655109, 0, bit 1
655109, 0, 0
655118, 1, 0
655234, 0, 1
655243, 1, 0
655360, 0, 1
655368, 1, 1
655485, 0, 0
655493, 1, 0
655610, 0, 1
655618, 1, 1
655735, 0, 0
655744, 1, 0
655860, 0, 1
655869, 1, 1
655985, 0, 0
655994, 1, bit 1
655994, 1, 1
656110, 0, 1
656119, 1, 0
656235, 0, 0
656244, 1, 1
656360, 0, 0
656369, 1, 0
656485, 0, 1
656494, 1, 1
656610, 0, 0
656619, 1, 0
656735, 0, 1
656744, 1, 0
656860, 0, bit 0
656860, 0, 1
656869, 1, 1
656985, 0, 0
656994, 1, 1
657110, 0, 0
657119, 1, 0
657235, 0, 1
657244, 1, 1
657360, 0, 0
657369, 1, 0
657485, 0, 1
657494, 1, 1
657610, 0, 0
657619, 1, 0
657735, 0, 1
657744, 1, bit 1
657744, 1, 1
657860, 0, 0
657869, 1, 0
657985, 0, 1
657994, 1, 1
658110, 0, 1
658119, 1, 0
658235, 0, 0
658244, 1, 1
658360, 0, 1
658369, 1, 0
658485, 0, 0
658494, 1, 0
658610, 0, bit 0
658610, 0, 1
658619, 1, 1
658735, 0, 0
658744, 1, 1
658860, 0, 0
658869, 1, 0
658985, 0, 1
658994, 1, 1
659110, 0, 0
659119, 1, 0
659235, 0, 1
659244, 1, 1
659360, 0, 0
659369, 1, 0
659485, 0, 1
659494, 1, bit 0
659494, 1, 0
659610, 0, 0
659619, 1, 1
659735, 0, 1
659744, 1, 0
659860, 0, 1
659869, 1, 1
659985, 0, 0
659994, 1, 0
660110, 0, 1
660119, 1, 1
660235, 0, 0
660244, 1, 1
660360, 0, bit 0
660360, 0, 1
660369, 1, 0
660485, 0, 0
660494, 1, 0
660610, 0, 0
660619, 1, 1
660736, 0, 1
660744, 1, 0
660861, 0, 0
660869, 1, 1
660986, 0, 1
660994, 1, 0
661111, 0, 0
661120, 1, 1
661236, 0, 1
661245, 1, bit 1
661245, 1, 1
661361, 0, 0
661370, 1, 0
661486, 0, 1
661495, 1, 1
661611, 0, 1
661620, 1, 0
661736, 0, 0
661745, 1, 1
661861, 0, 1
661870, 1, 0
661986, 0, 0
661995, 1, 0
662111, 0, bit 1
662111, 0, 0
662120, 1, 1
662236, 0, 1
662245, 1, 1
662361, 0, 1
662370, 1, 0
662486, 0, 0
662495, 1, 1
662611, 0, 1
662620, 1, 0
662736, 0, 0
662745, 1, 1
662861, 0, 1
662870, 1, 0
662986, 0, 0
662995, 1, bit 1
662995, 1, 1
663111, 0, 1
663120, 1, 0
663236, 0, 0
663245, 1, 1
663361, 0, 0
663370, 1, 0
663486, 0, 1
663495, 1, 1
663611, 0, 0
663620, 1, 0
663736, 0, 1
663745, 1, 0
663861, 0, bit 1
663861, 0, 0
663870, 1, 1
663986, 0, 1
663995, 1, 1
664111, 0, 1
664120, 1, 0
664236, 0, 0
664245, 1, 1
664361, 0, 1
664370, 1, 0
664486, 0, 0
664495, 1, 1
664611, 0, 1
664620, 1, 0
664736, 0, 0
664745, 1, bit 0
664745, 1, 0
664861, 0, 1
664870, 1, 1
664986, 0, 0
664995, 1, 0
665111, 0, 0
665120, 1, 1
665236, 0, 1
665245, 1, 0
665361, 0, 0
665370, 1, 1
665486, 0, 1
665495, 1, 1
665611, 0, bit 1
665611, 0, 0
665620, 1, 0
665736, 0, 1
665745, 1, 0
665861, 0, 1
665870, 1, 1
665986, 0, 0
665995, 1, 0
666112, 0, 1
666120, 1, 1
666237, 0, 0
666245, 1, 0
666362, 0, 1
666370, 1, 1
666487, 0, 0
666496, 1, bit 0
666496, 1, 0
666612, 0, 1
666621, 1, 1
666737, 0, 0
666746, 1, 0
666862, 0, 0
666871, 1, 1
666987, 0, 1
666996, 1, 0
667112, 0, 0
667121, 1, 1
667237, 0, 1
667246, 1, 1
667362, 0, bit 1
667362, 0, 0
667371, 1, 0
667487, 0, 1
667496, 1, 0
667612, 0, 1
667621, 1, 1
667737, 0, 0
667746, 1, 0
667862, 0, 1
667871, 1, 1
667987, 0, 0
667996, 1, 0
668112, 0, 1
668121, 1, 1
668237, 0, 0
668246, 1, bit 0
668246, 1, 0
668362, 0, 1
668371, 1, 1
668487, 0, 0
668496, 1, 0
668612, 0, 0
668621, 1, 1
668737, 0, 1
668746, 1, 0
668862, 0, 0
668871, 1, 1
668987, 0, 1
668996, 1, 1
669112, 0, bit 1
669112, 0, 0
669121, 1, 0
669237, 0, 1
669246, 1, 0
669362, 0, 1
669371, 1, 1
669487, 0, 0
669496, 1, 0
669612, 0, 1
669621, 1, 1
669737, 0, 0
669746, 1, 0
669862, 0, 1
669871, 1, 1
669987, 0, 0
669996, 1, bit 1
669996, 1, 1
670112, 0, 1
670121, 1, 0
670237, 0, 0
670246, 1, 1
670362, 0, 0
670371, 1, 0
670487, 0, 1
670496, 1, 1
670612, 0, 0
670621, 1, 0
670737, 0, 1
670746, 1, 0
670862, 0, bit 0
670862, 0, 1
670871, 1, 1
670987, 0, 0
670996, 1, 1
671112, 0, 0
671121, 1, 0
671237, 0, 1
671246, 1, 1
671362, 0, 0
671371, 1, 0
671488, 0, 1
671496, 1, 1
671613, 0, 0
671621, 1, 0
671738, 0, 1
671746, 1, bit 1
671746, 1, 1
671863, 0, 0
671872, 1, 0
671988, 0, 1
671997, 1, 1
672113, 0, 1
672122, 1, 0
672238, 0, 0
672247, 1, 1
672363, 0, 1
672372, 1, 0
672488, 0, 0
672497, 1, 0
672613, 0, bit 0
672616, 0, 1
672622, 1, 1
672738, 0, 0
672747, 1, 1
672863, 0, 0
672872, 1, 0
672988, 0, 1
672997, 1, 1
673113, 0, 0
673122, 1, 0
673238, 0, 1
673247, 1, 1
673363, 0, 0
673372, 1, 0
673488, 0, 1
673497, 1, bit 0
673497, 1, 0
673613, 0, 0
673622, 1, 1
673738, 0, 1
673747, 1, 0
673863, 0, 1
673872, 1, 1
673988, 0, 0
673997, 1, 0
674113, 0, 1
674122, 1, 1
674238, 0, 0
674247, 1, 1
674363, 0, bit 1
674363, 0, 0
674372, 1, 0
674488, 0, 1
674497, 1, 0
674613, 0, 1
674622, 1, 1
674738, 0, 0
674747, 1, 0
674863, 0, 1
674872, 1, 1
674988, 0, 0
674997, 1, 0
675113, 0, 1
675122, 1, 1
675238, 0, 0
675247, 1, bit 0
675247, 1, 0
675363, 0, 1
675372, 1, 1
675488, 0, 0
675497, 1, 0
675613, 0, 0
675622, 1, 1
675738, 0, 1
675747, 1, 0
675863, 0, 0
675872, 1, 1
675988, 0, 1
675997, 1, 1
676113, 0, bit 0
676113, 0, 1
676122, 1, 0
676238, 0, 0
676247, 1, 0
676363, 0, 0
676372, 1, 1
676488, 0, 1
676497, 1, 0
676613, 0, 0
676622, 1, 1
676738, 0, 1
676747, 1, 0
676864, 0, 0
676872, 1, 1
676989, 0, 1
676997, 1, bit 1
676997, 1, 1
677114, 0, 0
677122, 1, 0
677239, 0, 1
677248, 1, 1
677364, 0, 1
677373, 1, 0
677489, 0, 0
677498, 1, 1
677614, 0, 1
677623, 1, 0
677739, 0, 0
677748, 1, 0
677864, 0, bit 1
677864, 0, 0
677873, 1, 1
677989, 0, 1
677998, 1, 1
678114, 0, 1
678123, 1, 0
678239, 0, 0
678248, 1, 1
678364, 0, 1
678373, 1, 0
678489, 0, 0
678498, 1, 1
678614, 0, 1
678623, 1, 0
678739, 0, 0
678748, 1, bit 0
678748, 1, 0
678864, 0, 1
678873, 1, 1
678989, 0, 0
678998, 1, 0
679114, 0, 0
679123, 1, 1
679239, 0, 1
679248, 1, 0
679364, 0, 0
679373, 1, 1
679489, 0, 1
679498, 1, 1
679614, 0, bit 1
679614, 0, 0
679623, 1, 0
679739, 0, 1
679748, 1, 0
679864, 0, 1
679873, 1, 1
679989, 0, 0
679998, 1, 0
680114, 0, 1
680123, 1, 1
680239, 0, 0
680248, 1, 0
680364, 0, 1
680373, 1, 1
680489, 0, 0
680498, 1, bit 1
680498, 1, 1
680614, 0, 1
680623, 1, 0
680739, 0, 0
680748, 1, 1
680864, 0, 0
680873, 1, 0
680989, 0, 1
680999, 1, 1
681114, 0, 0
681124, 1, 0
681239, 0, 1
681249, 1, 0
681364, 0, bit 0
681364, 0, 1
681374, 1, 1
681489, 0, 0
681499, 1, 1
681614, 0, 0
681624, 1, 0
681739, 0, 1
681749, 1, 1
681864, 0, 0
681874, 1, 0
681989, 0, 1
681999, 1, 1
682114, 0, 0
682124, 1, 0
682240, 0, 1
682249, 1, bit 0
682249, 1, 0
682365, 0, 0
682374, 1, 1
682490, 0, 1
682499, 1, 0
682615, 0, 1
682624, 1, 1
682740, 0, 0
682749, 1, 0
682865, 0, 1
682874, 1, 1
682990, 0, 0
682999, 1, 1
683115, 0, bit 1
683118, 0, 0
683124, 1, 0
683240, 0, 1
683249, 1, 0
683365, 0, 1
683374, 1, 1
683490, 0, 0
683499, 1, 0
683615, 0, 1
683624, 1, 1
683740, 0, 0
683749, 1, 0
683865, 0, 1
683874, 1, 1
683990, 0, 0
683999, 1, bit 1
683999, 1, 1
684115, 0, 1
684124, 1, 0
684240, 0, 0
684249, 1, 1
684365, 0, 0
684374, 1, 0
684490, 0, 1
684499, 1, 1
684615, 0, 0
684624, 1, 0
684740, 0, 1
684749, 1, 0
684865, 0, bit 0
684865, 0, 1
684874, 1, 1
684990, 0, 0
684999, 1, 1
685115, 0, 0
685124, 1, 0
685240, 0, 1
685249, 1, 1
685365, 0, 0
685374, 1, 0
685490, 0, 1
685499, 1, 1
685615, 0, 0
685624, 1, 0
685740, 0, 1
685749, 1, bit 0
685749, 1, 0
685865, 0, 0
685874, 1, 1
685990, 0, 1
685999, 1, 0
686115, 0, 1
686124, 1, 1
686240, 0, 0
686249, 1, 0
686365, 0, 1
686374, 1, 1
686490, 0, 0
686499, 1, 1
686615, 0, bit 1
686615, 0, 0
686624, 1, 0
686740, 0, 1
686749, 1, 0
686865, 0, 1
686874, 1, 1
686990, 0, 0
686999, 1, 0
687115, 0, 1
687124, 1, 1
687240, 0, 0
687249, 1, 0
687365, 0, 1
687374, 1, 1
687490, 0, 0
687499, 1, bit 1
687499, 1, 1
687616, 0, 1
687624, 1, 0
687741, 0, 0
687749, 1, 1
687866, 0, 0
687874, 1, 0
687991, 0, 1
688000, 1, 1
688116, 0, 0
688125, 1, 0
688241, 0, 1
688250, 1, 0
688366, 0, bit 0
688366, 0, 1
688375, 1, 1
688491, 0, 0
688500, 1, 1
688616, 0, 0
688625, 1, 0
688741, 0, 1
688750, 1, 1
688866, 0, 0
688875, 1, 0
688991, 0, 1
689000, 1, 1
689116, 0, 0
689125, 1, 0
689241, 0, 1
689250, 1, bit 1
689250, 1, 1
689366, 0, 0
689375, 1, 0
689491, 0, 1
689500, 1, 1
689616, 0, 1
689625, 1, 0
689741, 0, 0
689750, 1, 1
689866, 0, 1
689875, 1, 0
689991, 0, 0
690000, 1, 0
690116, 0, bit 0
690116, 0, 1
690125, 1, 1
690241, 0, 0
690250, 1, 1
690366, 0, 0
690375, 1, 0
690491, 0, 1
690500, 1, 1
690616, 0, 0
690625, 1, 0
690741, 0, 1
690750, 1, 1
690866, 0, 0
690875, 1, 0
690991, 0, 1
691000, 1, bit 1
691000, 1, 1
691116, 0, 0
691125, 1, 0
691241, 0, 1
691250, 1, 1
691366, 0, 1
691375, 1, 0
691491, 0, 0
691500, 1, 1
691616, 0, 1
691625, 1, 0
691741, 0, 0
691750, 1, 0
691866, 0, bit 1
691866, 0, 0
691875, 1, 1
691991, 0, 1
692000, 1, 1
692116, 0, 1
692125, 1, 0
692241, 0, 0
692250, 1, 1
692366, 0, 1
692375, 1, 0
692491, 0, 0
692500, 1, 1
692616, 0, 1
692625, 1, 0
692741, 0, 0
692750, 1, bit 0
692750, 1, 0
692866, 0, 1
692875, 1, 1
692992, 0, 0
693000, 1, 0
693117, 0, 0
693125, 1, 1
693242, 0, 1
693250, 1, 0
693367, 0, 0
693376, 1, 1
693492, 0, 1
693501, 1, 1
693617, 0, bit 0
693617, 0, 1
693626, 1, 0
693742, 0, 0
693751, 1, 0
693867, 0, 0
693876, 1, 1
693992, 0, 1
694001, 1, 0
694117, 0, 0
694126, 1, 1
694242, 0, 1
694251, 1, 0
694367, 0, 0
694376, 1, 1
694492, 0, 1
694501, 1, bit 0
694501, 1, 0
694617, 0, 0
694626, 1, 1
694742, 0, 1
694751, 1, 0
694867, 0, 1
694876, 1, 1
694992, 0, 0
695001, 1, 0
695117, 0, 1
695126, 1, 1
695242, 0, 0
695251, 1, 1
695367, 0, bit 1
695367, 0, 0
695376, 1, 0
695492, 0, 1
695501, 1, 0
695617, 0, 1
695626, 1, 1
695742, 0, 0
695751, 1, 0
695867, 0, 1
695876, 1, 1
695992, 0, 0
696001, 1, 0
696117, 0, 1
696126, 1, 1
696242, 0, 0
696251, 1, bit 1
696251, 1, 1
696367, 0, 1
696376, 1, 0
696492, 0, 0
696501, 1, 1
696617, 0, 0
696626, 1, 0
696742, 0, 1
696751, 1, 1
696867, 0, 0
696876, 1, 0
696992, 0, 1
697001, 1, 0
697117, 0, bit 1
697117, 0, 0
697126, 1, 1
697242, 0, 1
697251, 1, 1
697367, 0, 1
697376, 1, 0
697492, 0, 0
697501, 1, 1
697617, 0, 1
697626, 1, 0
697742, 0, 0
697751, 1, 1
697867, 0, 1
697876, 1, 0
697992, 0, 0
698001, 1, bit 0
698001, 1, 0
698117, 0, 1
698126, 1, 1
698242, 0, 0
698251, 1, 0
698368, 0, 0
698376, 1, 1
698493, 0, 1
698501, 1, 0
698618, 0, 0
698626, 1, 1
698743, 0, 1
698752, 1, 1
698868, 0, bit 1
698868, 0, 0
698877, 1, 0
698993, 0, 1
699002, 1, 0
699118, 0, 1
699127, 1, 1
699243, 0, 0
699252, 1, 0
699368, 0, 1
699377, 1, 1
699493, 0, 0
699502, 1, 0
699618, 0, 1
699627, 1, 1
699743, 0, 0
699752, 1, bit 0
699752, 1, 0
699868, 0, 1
699877, 1, 1
699993, 0, 0
700002, 1, 0
700118, 0, 0
700127, 1, 1
700243, 0, 1
700252, 1, 0
700368, 0, 0
700377, 1, 1
700493, 0, 1
700502, 1, 1
700618, 0, bit 1
700618, 0, 0
700627, 1, 0
700743, 0, 1
700752, 1, 0
700868, 0, 1
700877, 1, 1
700993, 0, 0
701002, 1, 0
701118, 0, 1
701127, 1, 1
701243, 0, 0
701252, 1, 0
701368, 0, 1
701377, 1, 1
701493, 0, 0
701502, 1, bit 1
701502, 1, 1
701618, 0, 1
701627, 1, 0
701743, 0, 0
701752, 1, 1
701868, 0, 0
701877, 1, 0
701993, 0, 1
702002, 1, 1
702118, 0, 0
702127, 1, 0
702243, 0, 1
702252, 1, 0
702368, 0, bit 1
702368, 0, 0
702377, 1, 1
702493, 0, 1
702502, 1, 1
702618, 0, 1
702627, 1, 0
702743, 0, 0
702752, 1, 1
702868, 0, 1
702877, 1, 0
702993, 0, 0
703002, 1, 1
703118, 0, 1
703127, 1, 0
703243, 0, 0
703252, 1, bit 1
703252, 1, 1
703368, 0, 1
703377, 1, 0
703493, 0, 0
703502, 1, 1
703618, 0, 0
703627, 1, 0
703744, 0, 1
703752, 1, 1
703869, 0, 0
703877, 1, 0
703994, 0, 1
704002, 1, 0
704119, 0, bit 1
704119, 0, 0
704128, 1, 1
704244, 0, 1
704253, 1, 1
704369, 0, 1
704378, 1, 0
704494, 0, 0
704503, 1, 1
704619, 0, 1
704628, 1, 0
704744, 0, 0
704753, 1, 1
704869, 0, 1
704878, 1, 0
704994, 0, 0
705003, 1, bit 0
705003, 1, 0
705119, 0, 1
705128, 1, 1
705244, 0, 0
705253, 1, 0
705369, 0, 0
705378, 1, 1
705494, 0, 1
705503, 1, 0
705619, 0, 0
705628, 1, 1
705744, 0, 1
705753, 1, 1
705869, 0, bit 0
705869, 0, 1
705878, 1, 0
705994, 0, 0
706003, 1, 0
706119, 0, 0
706128, 1, 1
706244, 0, 1
706253, 1, 0
706369, 0, 0
706378, 1, 1
706494, 0, 1
706503, 1, 0
706619, 0, 0
706628, 1, 1
706744, 0, 1
706753, 1, bit 0
706753, 1, 0
706869, 0, 0
706878, 1, 1
706994, 0, 1
707003, 1, 0
707119, 0, 1
707128, 1, 1
707244, 0, 0
707253, 1, 0
707369, 0, 1
707378, 1, 1
707494, 0, 0
707503, 1, 1
707619, 0, bit 1
707619, 0, 0
707628, 1, 0
707744, 0, 1
707753, 1, 0
707869, 0, 1
707878, 1, 1
707994, 0, 0
708003, 1, 0
708119, 0, 1
708128, 1, 1
708244, 0, 0
708253, 1, 0
708369, 0, 1
708378, 1, 1
708494, 0, 0
708503, 1, bit 0
708503, 1, 0
708619, 0, 1
708628, 1, 1
708744, 0, 0
708753, 1, 0
708869, 0, 0
708878, 1, 1
708994, 0, 1
709003, 1, 0
709120, 0, 0
709128, 1, 1
709245, 0, 1
709253, 1, 1
709370, 0, bit 0
709370, 0, 1
709378, 1, 0
709495, 0, 0
709504, 1, 0
709620, 0, 0
709629, 1, 1
709745, 0, 1
709754, 1, 0
709870, 0, 0
709879, 1, 1
709995, 0, 1
710004, 1, 0
710120, 0, 0
710129, 1, 1
710245, 0, 1
710254, 1, bit 1
710257, 1, 1
710370, 0, 0
710379, 1, 0
710495, 0, 1
710504, 1, 1
710620, 0, 1
710629, 1, 0
710745, 0, 0
710754, 1, 1
710870, 0, 1
710879, 1, 0
710995, 0, 0
711004, 1, 0
711120, 0, bit 1
711120, 0, 0
711129, 1, 1
711245, 0, 1
711254, 1, 1
711370, 0, 1
711379, 1, 0
711495, 0, 0
711504, 1, 1
711620, 0, 1
711629, 1, 0
711745, 0, 0
711754, 1, 1
711870, 0, 1
711879, 1, 0
711995, 0, 0
712004, 1, bit 1
712004, 1, 1
712120, 0, 1
712129, 1, 0
712245, 0, 0
712254, 1, 1
712370, 0, 0
712379, 1, 0
712495, 0, 1
712504, 1, 1
712620, 0, 0
712629, 1, 0
712745, 0, 1
712754, 1, 0
712870, 0, bit 0
712870, 0, 1
712879, 1, 1
712995, 0, 0
713004, 1, 1
713120, 0, 0
713129, 1, 0
713245, 0, 1
713254, 1, 1
713370, 0, 0
713379, 1, 0
713495, 0, 1
713504, 1, 1
713620, 0, 0
713629, 1, 0
713745, 0, 1
713754, 1, bit 1
713754, 1, 1
713870, 0, 0
713879, 1, 0
713995, 0, 1
714004, 1, 1
714120, 0, 1
714129, 1, 0
714245, 0, 0
714254, 1, 1
714370, 0, 1
714379, 1, 0
714496, 0, 0
714504, 1, 0
714621, 0, bit 1
714621, 0, 0
714629, 1, 1
714746, 0, 1
714754, 1, 1
714871, 0, 1
714880, 1, 0
714996, 0, 0
715005, 1, 1
715121, 0, 1
715130, 1, 0
715246, 0, 0
715255, 1, 1
715371, 0, 1
715380, 1, 0
715496, 0, 0
715505, 1, bit 0
715505, 1, 0
715621, 0, 1
715630, 1, 1
715746, 0, 0
715755, 1, 0
715871, 0, 0
715880, 1, 1
715996, 0, 1
716005, 1, 0
716121, 0, 0
716130, 1, 1
716246, 0, 1
716255, 1, 1
716371, 0, bit 0
716371, 0, 1
716380, 1, 0
716496, 0, 0
716505, 1, 0
716621, 0, 0
716630, 1, 1
716746, 0, 1
716755, 1, 0
716871, 0, 0
716880, 1, 1
716996, 0, 1
717005, 1, 0
717121, 0, 0
717130, 1, 1
717246, 0, 1
717255, 1, bit 1
717255, 1, 1
717371, 0, 0
717380, 1, 0
717496, 0, 1
717505, 1, 1
717621, 0, 1
717630, 1, 0
717746, 0, 0
717755, 1, 1
717871, 0, 1
717880, 1, 0
717996, 0, 0
718005, 1, 0
718121, 0, bit 1
718121, 0, 0
718130, 1, 1
718246, 0, 1
718255, 1, 1
718371, 0, 1
718380, 1, 0
718496, 0, 0
718505, 1, 1
718621, 0, 1
718630, 1, 0
718746, 0, 0
718755, 1, 1
718871, 0, 1
718880, 1, 0
718996, 0, 0
719005, 1, bit 1
719005, 1, 1
719121, 0, 1
719130, 1, 0
719246, 0, 0
719255, 1, 1
719371, 0, 0
719380, 1, 0
719496, 0, 1
719505, 1, 1
719621, 0, 0
719630, 1, 0
719746, 0, 1
719755, 1, 0
719872, 0, bit 0
719872, 0, 1
719880, 1, 1
719997, 0, 0
720005, 1, 1
720122, 0, 0
720130, 1, 0
720247, 0, 1
720256, 1, 1
720372, 0, 0
720381, 1, 0
720497, 0, 1
720506, 1, 1
720622, 0, 0
720631, 1, 0
720747, 0, 1
720756, 1, bit 1
720759, 1, 1
720872, 0, 0
720881, 1, 0
720997, 0, 1
721006, 1, 1
721122, 0, 1
721131, 1, 0
721247, 0, 0
721256, 1, 1
721372, 0, 1
721381, 1, 0
721497, 0, 0
721506, 1, 0
721622, 0, bit 1
721622, 0, 0
721631, 1, 1
721747, 0, 1
721756, 1, 1
721872, 0, 1
721881, 1, 0
721997, 0, 0
722006, 1, 1
722122, 0, 1
722131, 1, 0
722247, 0, 0
722256, 1, 1
722372, 0, 1
722381, 1, 0
722497, 0, 0
722506, 1, bit 1
722506, 1, 1
722622, 0, 1
722631, 1, 0
722747, 0, 0
722756, 1, 1
722872, 0, 0
722881, 1, 0
722997, 0, 1
723006, 1, 1
723122, 0, 0
723131, 1, 0
723247, 0, 1
723256, 1, 0
723372, 0, bit 1
723372, 0, 0
723381, 1, 1
723497, 0, 1
723506, 1, 1
723622, 0, 1
723631, 1, 0
723747, 0, 0
723756, 1, 1
723872, 0, 1
723881, 1, 0
723997, 0, 0
724006, 1, 1
724122, 0, 1
724131, 1, 0
724247, 0, 0
724256, 1, bit 0
724256, 1, 0
724372, 0, 1
724381, 1, 1
724497, 0, 0
724506, 1, 0
724622, 0, 0
724631, 1, 1
724747, 0, 1
724756, 1, 0
724872, 0, 0
724881, 1, 1
724997, 0, 1
725006, 1, 1
725122, 0, bit 1
725122, 0, 0
725131, 1, 0
725248, 0, 1
725256, 1, 0
725373, 0, 1
725381, 1, 1
725498, 0, 0
725506, 1, 0
725623, 0, 1
725632, 1, 1
725748, 0, 0
725757, 1, 0
725873, 0, 1
725882, 1, 1
725998, 0, 0
726007, 1, bit 1
726007, 1, 1
726123, 0, 1
726132, 1, 0
726248, 0, 0
726257, 1, 1
726373, 0, 0
726382, 1, 0
726498, 0, 1
726507, 1, 1
726623, 0, 0
726632, 1, 0
726748, 0, 1
726757, 1, 0
726873, 0, bit 0
726873, 0, 1
726882, 1, 1
726998, 0, 0
727007, 1, 1
727123, 0, 0
727132, 1, 0
727248, 0, 1
727257, 1, 1
727373, 0, 0
727382, 1, 0
727498, 0, 1
727507, 1, 1
727623, 0, 0
727632, 1, 0
727748, 0, 1
727757, 1, bit 0
727757, 1, 0
727873, 0, 0
727882, 1, 1
727998, 0, 1
728007, 1, 0
728123, 0, 1
728132, 1, 1
728248, 0, 0
728257, 1, 0
728373, 0, 1
728382, 1, 1
728498, 0, 0
728507, 1, 1
728623, 0, bit 0
728623, 0, 1
728632, 1, 0
728748, 0, 0
728757, 1, 0
728873, 0, 0
728882, 1, 1
728998, 0, 1
729007, 1, 0
729123, 0, 0
729132, 1, 1
729248, 0, 1
729257, 1, 0
729373, 0, 0
729382, 1, 1
729498, 0, 1
729507, 1, bit 1
729507, 1, 1
729623, 0, 0
729632, 1, 0
729748, 0, 1
729757, 1, 1
729873, 0, 1
729882, 1, 0
729998, 0, 0
730007, 1, 1
730123, 0, 1
730132, 1, 0
730248, 0, 0
730257, 1, 0
730373, 0, bit 0
730373, 0, 1
730382, 1, 1
730498, 0, 0
730507, 1, 1
730624, 0, 0
730632, 1, 0
730749, 0, 1
730757, 1, 1
730874, 0, 0
730882, 1, 0
730999, 0, 1
731008, 1, 1
731124, 0, 0
731133, 1, 0
731249, 0, 1
731258, 1, bit 1
731258, 1, 1
731374, 0, 0
731383, 1, 0
731499, 0, 1
731508, 1, 1
731624, 0, 1
731633, 1, 0
731749, 0, 0
731758, 1, 1
731874, 0, 1
731883, 1, 0
731999, 0, 0
732008, 1, 0
732124, 0, bit 1
732124, 0, 0
732133, 1, 1
732249, 0, 1
732258, 1, 1
732374, 0, 1
732383, 1, 0
732499, 0, 0
732508, 1, 1
732624, 0, 1
732633, 1, 0
732749, 0, 0
732758, 1, 1
732874, 0, 1
732883, 1, 0
732999, 0, 0
733008, 1, bit 0
733008, 1, 0
733124, 0, 1
733133, 1, 1
733249, 0, 0
733258, 1, 0
733374, 0, 0
733383, 1, 1
733499, 0, 1
733508, 1, 0
733624, 0, 0
733633, 1, 1
733749, 0, 1
733758, 1, 1
733883, 1, 0
734008, 1, 0
734133, 1, 1
734258, 1, 0
734383, 1, 1
734508, 1, 0
734633, 1, 1
734758, 1, bit 1
734758, 1, 1
734883, 1, 0
735008, 1, 1
735133, 1, 0
735258, 1, 1
735383, 1, 0
735508, 1, 0
735633, 1, 1
735758, 1, 1
735883, 1, 0
736008, 1, 1
736133, 1, 0
736258, 1, 1
736384, 1, 0
736509, 1, bit 1
736509, 1, 1
736634, 1, 0
736759, 1, 1
736884, 1, 0
737009, 1, 1
737134, 1, 0
737259, 1, 0
737384, 1, 1
737509, 1, 1
737634, 1, 0
737759, 1, 1
737884, 1, 0
738009, 1, 1
738134, 1, 0
738259, 1, bit 1
738259, 1, 1
738384, 1, 0
738509, 1, 1
738634, 1, 0
738759, 1, 1
738884, 1, 0
739009, 1, 0
739134, 1, 1
739259, 1, 1
739384, 1, 0
739509, 1, 1
739634, 1, 0
739759, 1, 1
739884, 1, 0
740009, 1, bit 1
740009, 1, 1
740134, 1, 0
740259, 1, 1
740384, 1, 0
740509, 1, 1
740634, 1, 0
740759, 1, 0
740884, 1, 1
741009, 1, 1
741134, 1, 0
741259, 1, 1
741384, 1, 0
741509, 1, 1
741634, 1, 0
741760, 1, bit 1
741760, 1, 1
741885, 1, 0
742010, 1, 1
742135, 1, 0
742260, 1, 1
742385, 1, 0
742510, 1, 0
742635, 1, 1
742760, 1, 1
742885, 1, 0
743010, 1, 1
743135, 1, 0
743260, 1, 1
743385, 1, 0
743510, 1, bit 1
743510, 1, 1
743635, 1, 0
743760, 1, 1
743885, 1, 0
744010, 1, 1
744135, 1, 0
744260, 1, 0
744385, 1, 1
744510, 1, 1
744635, 1, 0
744760, 1, 1
744885, 1, 0
745010, 1, 1
745135, 1, 0
745260, 1, bit 1
745260, 1, 1
745385, 1, 0
745510, 1, 1
745635, 1, 0
745760, 1, 1
745885, 1, 0
746010, 1, 0
746135, 1, 1
746260, 1, 1
746385, 1, 0
746510, 1, 1
746635, 1, 0
746760, 1, 1
746885, 1, 0
747010, 1, bit 1
747010, 1, 1
747136, 1, 0
747261, 1, 1
747386, 1, 0
747511, 1, 1
747636, 1, 0
747761, 1, 0
747886, 1, 1
748011, 1, 1
748136, 1, 0
748261, 1, 1
748386, 1, 0
748511, 1, 1
748636, 1, 0
748761, 1, bit 1
748761, 1, 1
748886, 1, 0
749011, 1, 1
749136, 1, 0
749261, 1, 1
749386, 1, 0
749511, 1, 0
749636, 1, 1
749761, 1, 1
749886, 1, 0
750011, 1, 1
750136, 1, 0
750261, 1, 1
750386, 1, 0
750511, 1, bit 0
750511, 1, 0
750636, 1, 1
750761, 1, 0
750886, 1, 1
751011, 1, 0
751136, 1, 1
751261, 1, 1
751386, 1, 0
751511, 1, 0
751636, 1, 1
751761, 1, 0
751886, 1, 1
752011, 1, 0
752136, 1, 1
752261, 1, bit 0
752261, 1, 0
752386, 1, 1
752512, 1, 0
752637, 1, 1
752762, 1, 0
752887, 1, 1
753012, 1, 1
753137, 1, 0
753262, 1, 0
753387, 1, 1
753512, 1, 0
753637, 1, 1
753762, 1, 0
753887, 1, 1
754012, 1, bit 0
754012, 1, 0
754137, 1, 1
754262, 1, 0
754387, 1, 1
754512, 1, 0
754637, 1, 1
754762, 1, 1
754887, 1, 0
755012, 1, 0
755137, 1, 1
755262, 1, 0
755387, 1, 1
755512, 1, 0
755637, 1, 1
755762, 1, bit 0
755762, 1, 0
755887, 1, 1
756012, 1, 0
756137, 1, 1
756262, 1, 0
756387, 1, 1
756512, 1, 1
756637, 1, 0
756762, 1, 0
756887, 1, 1
757012, 1, 0
757137, 1, 1
757262, 1, 0
757387, 1, 1
757512, 1, bit 0
757512, 1, 0
757637, 1, 1
757762, 1, 0
757888, 1, 1
758013, 1, 0
758138, 1, 1
758263, 1, 1
758388, 1, 0
758513, 1, 0
758638, 1, 1
758763, 1, 0
758888, 1, 1
759013, 1, 0
759138, 1, 1
759263, 1, bit 1
759263, 1, 1
759388, 1, 0
759513, 1, 1
759638, 1, 0
759763, 1, 1
759888, 1, 0
760013, 1, 0
760138, 1, 1
760263, 1, 1
760388, 1, 0
760513, 1, 1
760638, 1, 0
760763, 1, 1
760888, 1, 0
761013, 1, bit 1
761013, 1, 1
761138, 1, 0
761263, 1, 1
761388, 1, 0
761513, 1, 1
761638, 1, 0
761763, 1, 0
761888, 1, 1
762013, 1, 1
762138, 1, 0
762263, 1, 1
762388, 1, 0
762513, 1, 1
762638, 1, 0
762763, 1, bit 1
762763, 1, 1
762888, 1, 0
763013, 1, 1
763138, 1, 0
763264, 1, 1
763389, 1, 0
763514, 1, 0
763639, 1, 1
763764, 1, 1
763889, 1, 0
764014, 1, 1
764139, 1, 0
764264, 1, 1
764389, 1, 0
