125 100 2 7 16
(2, 20, 9, 10.00), (code 4)
(3, 258, 4, 10.00), (code 1)
START
778792, 0, prem 0
778792, 0, 0
778917, 0, 0
779042, 0, 0
779167, 0, 0
779292, 0, 0
779417, 0, 0
779542, 0, 0
779667, 0, 0
779792, 0, 0
779917, 0, 0
780042, 0, 0
780167, 0, 0
780292, 0, 0
780417, 0, 0
780542, 0, 0
780667, 0, 0
780792, 0, 1
780917, 0, 1
781042, 0, 1
781167, 0, 1
781292, 0, 1
781417, 0, 1
781542, 0, 1
781667, 0, 1
781792, 0, 1
781917, 0, 1
782042, 0, 1
782167, 0, 1
782292, 0, 1
782417, 0, 1
782542, 0, 1
782667, 0, 1
782792, 0, prem 0
782792, 0, 0
782917, 0, 0
783042, 0, 0
783167, 0, 0
783292, 0, 0
783417, 0, 0
783542, 0, 0
783667, 0, 0
783792, 0, 0
783917, 0, 0
784043, 0, 0
784168, 0, 0
784293, 0, 0
784418, 0, 0
784543, 0, 0
784668, 0, 0
784793, 0, 1
784918, 0, 1
785043, 0, 1
785168, 0, 1
785293, 0, 1
785418, 0, 1
785543, 0, 1
785668, 0, 1
785793, 0, 1
785918, 0, 1
786043, 0, 1
786168, 0, 1
786293, 0, 1
786418, 0, 1
786543, 0, 1
786668, 0, 1
786793, 0, prem 0
786796, 0, 0
786918, 0, 0
787043, 0, 0
787168, 0, 0
787293, 0, 0
787418, 0, 0
787543, 0, 0
787668, 0, 0
787793, 0, 0
787918, 0, 0
788043, 0, 0
788168, 0, 0
788293, 0, 0
788418, 0, 0
788543, 0, 0
788668, 0, 0
788793, 0, 1
788918, 0, 1
789043, 0, 1
789168, 0, 1
789293, 0, 1
789419, 0, 1
789544, 0, 1
789669, 0, 1
789794, 0, 1
789919, 0, 1
790044, 0, 1
790169, 0, 1
790294, 0, 1
790419, 0, 1
790544, 0, 1
790669, 0, 1
790794, 0, prem 0
790794, 0, 0
790919, 0, 0
791044, 0, 0
791169, 0, 0
791294, 0, 0
791419, 0, 0
791544, 0, 0
791669, 0, 0
791794, 0, 0
791919, 0, 0
792044, 0, 0
792169, 0, 0
792294, 0, 0
792419, 0, 0
792544, 0, 0
792669, 0, 0
792794, 0, 1
792919, 0, 1
793044, 0, 1
793169, 0, 1
793294, 0, 1
793419, 0, 1
793544, 0, 1
793669, 0, 1
793794, 0, 1
793919, 0, 1
794044, 0, 1
794169, 0, 1
794294, 0, 1
794419, 0, 1
794544, 0, 1
794669, 0, 1
794795, 0, prem 1
794795, 0, 1
794920, 0, 1
795045, 0, 1
795170, 0, 1
795295, 0, 1
795420, 0, 1
795545, 0, 1
795670, 0, 1
795795, 0, 1
795920, 0, 1
796045, 0, 1
796170, 0, 1
796295, 0, 1
796420, 0, 1
796545, 0, 1
796670, 0, 1
796795, 0, 0
796920, 0, 0
797045, 0, 0
797170, 0, 0
797295, 0, 0
797420, 0, 0
797545, 0, 0
797670, 0, 0
797795, 0, 0
797920, 0, 0
798045, 0, 0
798170, 0, 0
798295, 0, 0
798420, 0, 0
798545, 0, 0
798670, 0, 0
798795, 0, prem 0
798795, 0, 0
798920, 0, 0
799045, 0, 0
799170, 0, 0
799295, 0, 0
799420, 0, 0
799545, 0, 0
799670, 0, 0
799795, 0, 0
799920, 0, 0
800045, 0, 0
800171, 0, 0
800296, 0, 0
800421, 0, 0
800546, 0, 0
800671, 0, 0
800796, 0, 1
800921, 0, 1
801046, 0, 1
801171, 0, 1
801296, 0, 1
801421, 0, 1
801546, 0, 1
801671, 0, 1
801796, 0, 1
801921, 0, 1
802046, 0, 1
802171, 0, 1
802296, 0, 1
802421, 0, 1
802546, 0, 1
802671, 0, 1
802796, 0, prem 1
802796, 0, 1
802921, 0, 1
803046, 0, 1
803171, 0, 1
803296, 0, 1
803421, 0, 1
803546, 0, 1
803671, 0, 1
803796, 0, 1
803921, 0, 1
804046, 0, 1
804171, 0, 1
804296, 0, 1
804421, 0, 1
804546, 0, 1
804671, 0, 1
804796, 0, 0
804921, 0, 0
805046, 0, 0
805171, 0, 0
805296, 0, 0
805421, 0, 0
805547, 0, 0
805672, 0, 0
805797, 0, 0
805922, 0, 0
806047, 0, 0
806172, 0, 0
806297, 0, 0
806422, 0, 0
806547, 0, 0
806672, 0, 0
806797, 0, bit 1
806797, 0, 0
806922, 0, 1
807047, 0, 0
807172, 0, 1
807297, 0, 0
807422, 0, 1
807547, 0, 0
807672, 0, 1
807797, 0, 1
807922, 0, 0
807925, 1, prem 1
807925, 1, 1
808047, 0, 0
808050, 1, 1
808172, 0, 1
808175, 1, 1
808297, 0, 1
808300, 1, 1
808422, 0, 0
808425, 1, 1
808547, 0, bit 0
808547, 0, 1
808550, 1, 1
808672, 0, 0
808675, 1, 1
808797, 0, 1
808800, 1, 1
808922, 0, 0
808925, 1, 1
809047, 0, 1
809050, 1, 1
809172, 0, 0
809175, 1, 1
809297, 0, 1
809300, 1, 1
809422, 0, 0
809425, 1, 1
809547, 0, 0
809550, 1, 1
809672, 0, 1
809675, 1, 1
809797, 0, 1
809800, 1, 1
809922, 0, 0
809925, 1, 0
810047, 0, 0
810050, 1, 0
810172, 0, 1
810175, 1, 0
810297, 0, bit 1
810297, 0, 0
810300, 1, 0
810422, 0, 1
810425, 1, 0
810547, 0, 0
810550, 1, 0
810672, 0, 1
810675, 1, 0
810797, 0, 0
810800, 1, 0
810923, 0, 1
810925, 1, 0
811048, 0, 0
811051, 1, 0
811173, 0, 1
811176, 1, 0
811298, 0, 1
811301, 1, 0
811423, 0, 0
811426, 1, 0
811548, 0, 0
811551, 1, 0
811673, 0, 1
811676, 1, 0
811798, 0, 1
811801, 1, 0
811923, 0, 0
811926, 1, prem 1
811926, 1, 1
812048, 0, bit 1
812048, 0, 0
812051, 1, 1
812173, 0, 1
812176, 1, 1
812298, 0, 0
812301, 1, 1
812423, 0, 1
812426, 1, 1
812548, 0, 0
812551, 1, 1
812673, 0, 1
812676, 1, 1
812798, 0, 0
812801, 1, 1
812923, 0, 1
812926, 1, 1
813048, 0, 1
813051, 1, 1
813173, 0, 0
813176, 1, 1
813298, 0, 0
813301, 1, 1
813423, 0, 1
813426, 1, 1
813548, 0, 1
813551, 1, 1
813673, 0, 0
813676, 1, 1
813798, 0, bit 0
813798, 0, 1
813801, 1, 1
813923, 0, 0
813926, 1, 0
814048, 0, 1
814051, 1, 0
814173, 0, 0
814176, 1, 0
814298, 0, 1
814301, 1, 0
814423, 0, 0
814426, 1, 0
814548, 0, 1
814551, 1, 0
814673, 0, 0
814676, 1, 0
814798, 0, 0
814801, 1, 0
814923, 0, 1
814926, 1, 0
815048, 0, 1
815051, 1, 0
815173, 0, 0
815176, 1, 0
815298, 0, 0
815301, 1, 0
815423, 0, 1
815426, 1, 0
815548, 0, bit 1
815548, 0, 0
815551, 1, 0
815673, 0, 1
815676, 1, 0
815798, 0, 0
815801, 1, 0
815923, 0, 1
815926, 1, prem 0
815926, 1, 0
816048, 0, 0
816051, 1, 0
816173, 0, 1
816176, 1, 0
816299, 0, 0
816301, 1, 0
816424, 0, 1
816427, 1, 0
816549, 0, 1
816552, 1, 0
816674, 0, 0
816677, 1, 0
816799, 0, 0
816802, 1, 0
816924, 0, 1
816927, 1, 0
817049, 0, 1
817052, 1, 0
817174, 0, 0
817177, 1, 0
817299, 0, bit 1
817299, 0, 0
817302, 1, 0
817424, 0, 1
817427, 1, 0
817549, 0, 0
817552, 1, 0
817674, 0, 1
817677, 1, 0
817799, 0, 0
817802, 1, 0
817924, 0, 1
817927, 1, 1
818049, 0, 0
818052, 1, 1
818174, 0, 1
818177, 1, 1
818299, 0, 1
818302, 1, 1
818424, 0, 0
818427, 1, 1
818549, 0, 0
818552, 1, 1
818674, 0, 1
818677, 1, 1
818799, 0, 1
818802, 1, 1
818924, 0, 0
818927, 1, 1
819049, 0, bit 0
819049, 0, 1
819052, 1, 1
819174, 0, 0
819177, 1, 1
819299, 0, 1
819302, 1, 1
819424, 0, 0
819427, 1, 1
819549, 0, 1
819552, 1, 1
819674, 0, 0
819677, 1, 1
819799, 0, 1
819802, 1, 1
819924, 0, 0
819927, 1, prem 0
819927, 1, 0
820049, 0, 0
820052, 1, 0
820174, 0, 1
820177, 1, 0
820299, 0, 1
820302, 1, 0
820424, 0, 0
820427, 1, 0
820549, 0, 0
820552, 1, 0
820674, 0, 1
820677, 1, 0
820799, 0, bit 0
820799, 0, 1
820802, 1, 0
820924, 0, 0
820927, 1, 0
821049, 0, 1
821052, 1, 0
821174, 0, 0
821177, 1, 0
821299, 0, 1
821302, 1, 0
821424, 0, 0
821427, 1, 0
821549, 0, 1
821552, 1, 0
821675, 0, 0
821677, 1, 0
821800, 0, 0
821803, 1, 0
821925, 0, 1
821928, 1, 1
822050, 0, 1
822053, 1, 1
822175, 0, 0
822178, 1, 1
822300, 0, 0
822303, 1, 1
822425, 0, 1
822428, 1, 1
822550, 0, bit 0
822550, 0, 1
822553, 1, 1
822675, 0, 0
822678, 1, 1
822800, 0, 1
822803, 1, 1
822925, 0, 0
822928, 1, 1
823050, 0, 1
823053, 1, 1
823175, 0, 0
823178, 1, 1
823300, 0, 1
823303, 1, 1
823425, 0, 0
823428, 1, 1
823550, 0, 0
823553, 1, 1
823675, 0, 1
823678, 1, 1
823800, 0, 1
823803, 1, 1
823925, 0, 0
823928, 1, prem 0
823928, 1, 0
824050, 0, 0
824053, 1, 0
824175, 0, 1
824178, 1, 0
824300, 0, bit 1
824300, 0, 0
824303, 1, 0
824425, 0, 1
824428, 1, 0
824550, 0, 0
824553, 1, 0
824675, 0, 1
824678, 1, 0
824800, 0, 0
824803, 1, 0
824925, 0, 1
824928, 1, 0
825050, 0, 0
825053, 1, 0
825175, 0, 1
825178, 1, 0
825300, 0, 1
825303, 1, 0
825425, 0, 0
825428, 1, 0
825550, 0, 0
825553, 1, 0
825675, 0, 1
825678, 1, 0
825800, 0, 1
825803, 1, 0
825925, 0, 0
825928, 1, 1
826050, 0, bit 0
826050, 0, 1
826053, 1, 1
826175, 0, 0
826178, 1, 1
826300, 0, 1
826303, 1, 1
826425, 0, 0
826428, 1, 1
826550, 0, 1
826553, 1, 1
826675, 0, 0
826678, 1, 1
826800, 0, 1
826803, 1, 1
826925, 0, 0
826928, 1, 1
827051, 0, 0
827053, 1, 1
827176, 0, 1
827179, 1, 1
827301, 0, 1
827304, 1, 1
827426, 0, 0
827429, 1, 1
827551, 0, 0
827554, 1, 1
827676, 0, 1
827679, 1, 1
827801, 0, bit 1
827801, 0, 0
827804, 1, 1
827926, 0, 1
827929, 1, prem 0
827929, 1, 0
828051, 0, 0
828054, 1, 0
828176, 0, 1
828179, 1, 0
828301, 0, 0
828304, 1, 0
828426, 0, 1
828429, 1, 0
828551, 0, 0
828554, 1, 0
828676, 0, 1
828679, 1, 0
828801, 0, 1
828804, 1, 0
828926, 0, 0
828929, 1, 0
829051, 0, 0
829054, 1, 0
829176, 0, 1
829179, 1, 0
829301, 0, 1
829304, 1, 0
829426, 0, 0
829429, 1, 0
829551, 0, bit 0
829551, 0, 1
829554, 1, 0
829676, 0, 0
829679, 1, 0
829801, 0, 1
829804, 1, 0
829926, 0, 0
829929, 1, 1
830051, 0, 1
830054, 1, 1
830176, 0, 0
830179, 1, 1
830301, 0, 1
830304, 1, 1
830426, 0, 0
830429, 1, 1
830551, 0, 0
830554, 1, 1
830676, 0, 1
830679, 1, 1
830801, 0, 1
830804, 1, 1
830926, 0, 0
830929, 1, 1
831051, 0, 0
831054, 1, 1
831176, 0, 1
831179, 1, 1
831301, 0, bit 1
831301, 0, 0
831304, 1, 1
831426, 0, 1
831429, 1, 1
831551, 0, 0
831554, 1, 1
831676, 0, 1
831679, 1, 1
831801, 0, 0
831804, 1, 1
831926, 0, 1
831929, 1, prem 0
831929, 1, 0
832051, 0, 0
832054, 1, 0
832176, 0, 1
832179, 1, 0
832301, 0, 1
832304, 1, 0
832427, 0, 0
832429, 1, 0
832552, 0, 0
832555, 1, 0
832677, 0, 1
832680, 1, 0
832802, 0, 1
832805, 1, 0
832927, 0, 0
832930, 1, 0
833052, 0, bit 1
833052, 0, 0
833055, 1, 0
833177, 0, 1
833180, 1, 0
833302, 0, 0
833305, 1, 0
833427, 0, 1
833430, 1, 0
833552, 0, 0
833555, 1, 0
833677, 0, 1
833680, 1, 0
833802, 0, 0
833805, 1, 0
833927, 0, 1
833930, 1, 1
834052, 0, 1
834055, 1, 1
834177, 0, 0
834180, 1, 1
834302, 0, 0
834305, 1, 1
834427, 0, 1
834430, 1, 1
834552, 0, 1
834555, 1, 1
834677, 0, 0
834680, 1, 1
834802, 0, bit 1
834802, 0, 0
834805, 1, 1
834927, 0, 1
834930, 1, 1
835052, 0, 0
835055, 1, 1
835177, 0, 1
835180, 1, 1
835302, 0, 0
835305, 1, 1
835427, 0, 1
835430, 1, 1
835552, 0, 0
835555, 1, 1
835677, 0, 1
835680, 1, 1
835802, 0, 1
835805, 1, 1
835927, 0, 0
835930, 1, bit 1
835930, 1, 1
836052, 0, 0
836056, 1, 0
836177, 0, 1
836182, 1, 1
836302, 0, 1
836307, 1, 0
836427, 0, 0
836432, 1, 0
836552, 0, bit 0
836552, 0, 1
836557, 1, 1
836677, 0, 0
836682, 1, 0
836802, 0, 1
836807, 1, 1
836927, 0, 0
836932, 1, 0
837052, 0, 1
837057, 1, 1
837177, 0, 0
837182, 1, 0
837302, 0, 1
837307, 1, 1
837427, 0, 0
837432, 1, 0
837552, 0, 0
837557, 1, 1
837677, 0, 1
837682, 1, bit 1
837682, 1, 1
837803, 0, 1
837807, 1, 0
837928, 0, 0
837932, 1, 1
838053, 0, 0
838057, 1, 0
838178, 0, 1
838182, 1, 0
838303, 0, bit 1
838303, 0, 0
838307, 1, 1
838428, 0, 1
838432, 1, 0
838553, 0, 0
838557, 1, 1
838678, 0, 1
838682, 1, 0
838803, 0, 0
838807, 1, 1
838928, 0, 1
838932, 1, 0
839053, 0, 0
839057, 1, 1
839178, 0, 1
839182, 1, 0
839303, 0, 1
839307, 1, 1
839428, 0, 0
839432, 1, bit 1
839432, 1, 1
839553, 0, 0
839557, 1, 0
839678, 0, 1
839682, 1, 1
839803, 0, 1
839808, 1, 0
839928, 0, 0
839933, 1, 0
840053, 0, bit 1
840053, 0, 0
840058, 1, 1
840178, 0, 1
840183, 1, 0
840303, 0, 0
840308, 1, 1
840428, 0, 1
840433, 1, 0
840553, 0, 0
840558, 1, 1
840678, 0, 1
840683, 1, 0
840803, 0, 0
840808, 1, 1
840928, 0, 1
840933, 1, 0
841053, 0, 1
841058, 1, 1
841178, 0, 0
841183, 1, bit 1
841183, 1, 1
841303, 0, 0
841308, 1, 0
841428, 0, 1
841433, 1, 1
841553, 0, 1
841558, 1, 0
841678, 0, 0
841683, 1, 0
841803, 0, bit 1
841803, 0, 0
841808, 1, 1
841928, 0, 1
841933, 1, 0
842053, 0, 0
842058, 1, 1
842178, 0, 1
842183, 1, 0
842303, 0, 0
842308, 1, 1
842428, 0, 1
842433, 1, 0
842553, 0, 0
842558, 1, 1
842678, 0, 1
842683, 1, 0
842803, 0, 1
842808, 1, 1
842928, 0, 0
842933, 1, bit 1
842933, 1, 1
843053, 0, 0
843058, 1, 0
843179, 0, 1
843183, 1, 1
843304, 0, 1
843308, 1, 0
843429, 0, 0
843433, 1, 0
843554, 0, bit 0
843554, 0, 1
843558, 1, 1
843679, 0, 0
843683, 1, 0
843804, 0, 1
843808, 1, 1
843929, 0, 0
843933, 1, 0
844054, 0, 1
844058, 1, 1
844179, 0, 0
844183, 1, 0
844304, 0, 1
844308, 1, 1
844429, 0, 0
844433, 1, 0
844554, 0, 0
844558, 1, 1
844679, 0, 1
844683, 1, bit 1
844683, 1, 1
844804, 0, 1
844808, 1, 0
844929, 0, 0
844933, 1, 1
845054, 0, 0
845058, 1, 0
845179, 0, 1
845184, 1, 0
845304, 0, bit 1
845304, 0, 0
845309, 1, 1
845429, 0, 1
845434, 1, 0
845554, 0, 0
845559, 1, 1
845679, 0, 1
845684, 1, 0
845804, 0, 0
845809, 1, 1
845929, 0, 1
845934, 1, 0
846054, 0, 0
846059, 1, 1
846179, 0, 1
846184, 1, 0
846304, 0, 1
846309, 1, 1
846429, 0, 0
846434, 1, bit 0
846434, 1, 0
846554, 0, 0
846559, 1, 1
846679, 0, 1
846684, 1, 0
846804, 0, 1
846809, 1, 1
846929, 0, 0
846934, 1, 1
847054, 0, bit 1
847054, 0, 0
847059, 1, 0
847179, 0, 1
847184, 1, 1
847304, 0, 0
847309, 1, 0
847429, 0, 1
847434, 1, 1
847554, 0, 0
847559, 1, 0
847679, 0, 1
847684, 1, 1
847804, 0, 0
847809, 1, 0
847929, 0, 1
847934, 1, 1
848054, 0, 1
848059, 1, 0
848179, 0, 0
848184, 1, bit 0
848184, 1, 0
848304, 0, 0
848309, 1, 1
848429, 0, 1
848434, 1, 0
848555, 0, 1
848559, 1, 1
848680, 0, 0
848684, 1, 1
848805, 0, bit 1
848805, 0, 0
848809, 1, 0
848930, 0, 1
848934, 1, 1
849055, 0, 0
849059, 1, 0
849180, 0, 1
849184, 1, 1
849305, 0, 0
849309, 1, 0
849430, 0, 1
849434, 1, 1
849555, 0, 0
849559, 1, 0
849680, 0, 1
849684, 1, 1
849805, 0, 1
849809, 1, 0
849930, 0, 0
849934, 1, bit 1
849934, 1, 1
850055, 0, 0
850059, 1, 0
850180, 0, 1
850184, 1, 1
850305, 0, 1
850309, 1, 0
850430, 0, 0
850434, 1, 0
850555, 0, bit 1
850555, 0, 0
850560, 1, 1
850680, 0, 1
850685, 1, 0
850805, 0, 0
850810, 1, 1
850930, 0, 1
850935, 1, 0
851055, 0, 0
851060, 1, 1
851180, 0, 1
851185, 1, 0
851305, 0, 0
851310, 1, 1
851430, 0, 1
851435, 1, 0
851555, 0, 1
851560, 1, 1
851680, 0, 0
851685, 1, bit 1
851685, 1, 1
851805, 0, 0
851810, 1, 0
851930, 0, 1
851935, 1, 1
852055, 0, 1
852060, 1, 0
852180, 0, 0
852185, 1, 0
852305, 0, bit 1
852305, 0, 0
852310, 1, 1
852430, 0, 1
852435, 1, 0
852555, 0, 0
852560, 1, 1
852680, 0, 1
852685, 1, 0
852805, 0, 0
852810, 1, 1
852930, 0, 1
852935, 1, 0
853055, 0, 0
853060, 1, 1
853180, 0, 1
853185, 1, 0
853305, 0, 1
853310, 1, 1
853430, 0, 0
853435, 1, bit 1
853435, 1, 1
853555, 0, 0
853560, 1, 0
853680, 0, 1
853685, 1, 1
853805, 0, 1
853810, 1, 0
853931, 0, 0
853935, 1, 0
854056, 0, bit 0
854056, 0, 1
854060, 1, 1
854181, 0, 0
854185, 1, 0
854306, 0, 1
854310, 1, 1
854431, 0, 0
854435, 1, 0
854556, 0, 1
854560, 1, 1
854681, 0, 0
854685, 1, 0
854806, 0, 1
854810, 1, 1
854931, 0, 0
854935, 1, 0
855056, 0, 0
855060, 1, 1
855181, 0, 1
855185, 1, bit 0
855185, 1, 0
855306, 0, 1
855310, 1, 1
855431, 0, 0
855435, 1, 0
855556, 0, 0
855560, 1, 1
855681, 0, 1
855685, 1, 1
855806, 0, bit 0
855806, 0, 1
855810, 1, 0
855931, 0, 0
855936, 1, 1
856056, 0, 1
856061, 1, 0
856181, 0, 0
856186, 1, 1
856306, 0, 1
856311, 1, 0
856431, 0, 0
856436, 1, 1
856556, 0, 1
856561, 1, 0
856681, 0, 0
856686, 1, 1
856806, 0, 0
856811, 1, 0
856931, 0, 1
856936, 1, bit 1
856936, 1, 1
857056, 0, 1
857061, 1, 0
857181, 0, 0
857186, 1, 1
857306, 0, 0
857311, 1, 0
857431, 0, 1
857436, 1, 0
857556, 0, bit 1
857556, 0, 0
857561, 1, 1
857681, 0, 1
857686, 1, 0
857806, 0, 0
857811, 1, 1
857931, 0, 1
857936, 1, 0
858056, 0, 0
858061, 1, 1
858181, 0, 1
858186, 1, 0
858306, 0, 0
858311, 1, 1
858431, 0, 1
858436, 1, 0
858556, 0, 1
858561, 1, 1
858681, 0, 0
858686, 1, bit 0
858686, 1, 0
858806, 0, 0
858811, 1, 1
858931, 0, 1
858936, 1, 0
859056, 0, 1
859061, 1, 1
859181, 0, 0
859186, 1, 1
859307, 0, bit 0
859307, 0, 1
859311, 1, 0
859432, 0, 0
859436, 1, 1
859557, 0, 1
859561, 1, 0
859682, 0, 0
859686, 1, 1
859807, 0, 1
859811, 1, 0
859932, 0, 0
859936, 1, 1
860057, 0, 1
860061, 1, 0
860182, 0, 0
860186, 1, 1
860307, 0, 0
860311, 1, 0
860432, 0, 1
860436, 1, bit 1
860436, 1, 1
860557, 0, 1
860561, 1, 0
860682, 0, 0
860686, 1, 1
860807, 0, 0
860811, 1, 0
860932, 0, 1
860936, 1, 0
861057, 0, bit 0
861057, 0, 1
861061, 1, 1
861182, 0, 0
861193, 1, 0
861307, 0, 1
861318, 1, 1
861432, 0, 0
861443, 1, 0
861557, 0, 1
861568, 1, 1
861682, 0, 0
861693, 1, 0
861807, 0, 1
861818, 1, 1
861932, 0, 0
861943, 1, 0
862057, 0, 0
862068, 1, 1
862182, 0, 1
862193, 1, bit 0
862193, 1, 0
862307, 0, 1
862318, 1, 1
862432, 0, 0
862443, 1, 0
862557, 0, 0
862568, 1, 1
862682, 0, 1
862693, 1, 1
862807, 0, bit 1
862807, 0, 0
862818, 1, 0
862932, 0, 1
862943, 1, 1
863057, 0, 0
863068, 1, 0
863182, 0, 1
863193, 1, 1
863307, 0, 0
863318, 1, 0
863432, 0, 1
863443, 1, 1
863557, 0, 0
863568, 1, 0
863682, 0, 1
863693, 1, 1
863807, 0, 1
863818, 1, 0
863932, 0, 0
863943, 1, bit 0
863943, 1, 0
864057, 0, 0
864068, 1, 1
864182, 0, 1
864193, 1, 0
864307, 0, 1
864318, 1, 1
864432, 0, 0
864443, 1, 1
864557, 0, bit 0
864557, 0, 1
864568, 1, 0
864683, 0, 0
864693, 1, 1
864808, 0, 1
864818, 1, 0
864933, 0, 0
864943, 1, 1
865058, 0, 1
865068, 1, 0
865183, 0, 0
865193, 1, 1
865308, 0, 1
865318, 1, 0
865433, 0, 0
865443, 1, 1
865558, 0, 0
865568, 1, 0
865683, 0, 1
865693, 1, bit 1
865693, 1, 1
865808, 0, 1
865818, 1, 0
865933, 0, 0
865943, 1, 1
866058, 0, 0
866068, 1, 0
866183, 0, 1
866193, 1, 0
866308, 0, bit 1
866308, 0, 0
866318, 1, 1
866433, 0, 1
866443, 1, 0
866558, 0, 0
866568, 1, 1
866683, 0, 1
866693, 1, 0
866808, 0, 0
866818, 1, 1
866933, 0, 1
866944, 1, 0
867058, 0, 0
867069, 1, 1
867183, 0, 1
867194, 1, 0
867308, 0, 1
867319, 1, 1
867433, 0, 0
867444, 1, bit 0
867447, 1, 0
867558, 0, 0
867569, 1, 1
867683, 0, 1
867694, 1, 0
867808, 0, 1
867819, 1, 1
867933, 0, 0
867944, 1, 1
868058, 0, bit 0
868058, 0, 1
868069, 1, 0
868183, 0, 0
868194, 1, 1
868308, 0, 1
868319, 1, 0
868433, 0, 0
868444, 1, 1
868558, 0, 1
868569, 1, 0
868683, 0, 0
868694, 1, 1
868808, 0, 1
868819, 1, 0
868933, 0, 0
868944, 1, 1
869058, 0, 0
869069, 1, 0
869183, 0, 1
869194, 1, bit 1
869194, 1, 1
869308, 0, 1
869319, 1, 0
869433, 0, 0
869444, 1, 1
869558, 0, 0
869569, 1, 0
869683, 0, 1
869694, 1, 0
869808, 0, bit 0
869808, 0, 1
869819, 1, 1
869933, 0, 0
869944, 1, 0
870059, 0, 1
870069, 1, 1
870184, 0, 0
870194, 1, 0
870309, 0, 1
870319, 1, 1
870434, 0, 0
870444, 1, 0
870559, 0, 1
870569, 1, 1
870684, 0, 0
870694, 1, 0
870809, 0, 0
870819, 1, 1
870934, 0, 1
870944, 1, bit 1
870944, 1, 1
871059, 0, 1
871069, 1, 0
871184, 0, 0
871194, 1, 1
871309, 0, 0
871319, 1, 0
871434, 0, 1
871444, 1, 0
871559, 0, bit 1
871559, 0, 0
871569, 1, 1
871684, 0, 1
871694, 1, 0
871809, 0, 0
871819, 1, 1
871934, 0, 1
871944, 1, 0
872059, 0, 0
872069, 1, 1
872184, 0, 1
872194, 1, 0
872309, 0, 0
872320, 1, 1
872434, 0, 1
872445, 1, 0
872559, 0, 1
872570, 1, 1
872684, 0, 0
872695, 1, bit 0
872695, 1, 0
872809, 0, 0
872820, 1, 1
872934, 0, 1
872945, 1, 0
873059, 0, 1
873070, 1, 1
873184, 0, 0
873195, 1, 1
873309, 0, bit 0
873309, 0, 1
873320, 1, 0
873434, 0, 0
873445, 1, 1
873559, 0, 1
873570, 1, 0
873684, 0, 0
873695, 1, 1
873809, 0, 1
873820, 1, 0
873934, 0, 0
873945, 1, 1
874059, 0, 1
874070, 1, 0
874184, 0, 0
874195, 1, 1
874309, 0, 0
874320, 1, 0
874434, 0, 1
874445, 1, bit 0
874445, 1, 0
874559, 0, 1
874570, 1, 1
874684, 0, 0
874695, 1, 0
874809, 0, 0
874820, 1, 1
874934, 0, 1
874945, 1, 1
875059, 0, bit 0
875059, 0, 1
875070, 1, 0
875184, 0, 0
875195, 1, 1
875309, 0, 1
875320, 1, 0
875435, 0, 0
875445, 1, 1
875560, 0, 1
875570, 1, 0
875685, 0, 0
875695, 1, 1
875810, 0, 1
875820, 1, 0
875935, 0, 0
875945, 1, 1
876060, 0, 0
876070, 1, 0
876185, 0, 1
876195, 1, bit 1
876195, 1, 1
876310, 0, 1
876320, 1, 0
876435, 0, 0
876445, 1, 1
876560, 0, 0
876570, 1, 0
876685, 0, 1
876695, 1, 0
876810, 0, bit 0
876810, 0, 1
876820, 1, 1
876935, 0, 0
876945, 1, 0
877060, 0, 1
877070, 1, 1
877185, 0, 0
877195, 1, 0
877310, 0, 1
877320, 1, 1
877435, 0, 0
877445, 1, 0
877560, 0, 1
877570, 1, 1
877685, 0, 0
877696, 1, 0
877810, 0, 0
877821, 1, 1
877935, 0, 1
877946, 1, bit 0
877949, 1, 0
878060, 0, 1
878071, 1, 1
878185, 0, 0
878196, 1, 0
878310, 0, 0
878321, 1, 1
878435, 0, 1
878446, 1, 1
878560, 0, bit 0
878560, 0, 1
878571, 1, 0
878685, 0, 0
878696, 1, 1
878810, 0, 1
878821, 1, 0
878935, 0, 0
878946, 1, 1
879060, 0, 1
879071, 1, 0
879185, 0, 0
879196, 1, 1
879310, 0, 1
879321, 1, 0
879435, 0, 0
879446, 1, 1
879560, 0, 0
879571, 1, 0
879685, 0, 1
879696, 1, bit 1
879696, 1, 1
879810, 0, 1
879821, 1, 0
879935, 0, 0
879946, 1, 1
880060, 0, 0
880071, 1, 0
880185, 0, 1
880196, 1, 0
880310, 0, bit 1
880310, 0, 0
880321, 1, 1
880435, 0, 1
880446, 1, 0
880560, 0, 0
880571, 1, 1
880685, 0, 1
880696, 1, 0
880811, 0, 0
880821, 1, 1
880936, 0, 1
880946, 1, 0
881061, 0, 0
881071, 1, 1
881186, 0, 1
881196, 1, 0
881311, 0, 1
881321, 1, 1
881436, 0, 0
881446, 1, bit 0
881446, 1, 0
881561, 0, 0
881571, 1, 1
881686, 0, 1
881696, 1, 0
881811, 0, 1
881821, 1, 1
881936, 0, 0
881946, 1, 1
882061, 0, bit 0
882061, 0, 1
882071, 1, 0
882186, 0, 0
882196, 1, 1
882311, 0, 1
882321, 1, 0
882436, 0, 0
882446, 1, 1
882561, 0, 1
882571, 1, 0
882686, 0, 0
882696, 1, 1
882811, 0, 1
882821, 1, 0
882936, 0, 0
882946, 1, 1
883061, 0, 0
883072, 1, 0
883186, 0, 1
883197, 1, bit 1
883197, 1, 1
883311, 0, 1
883322, 1, 0
883436, 0, 0
883447, 1, 1
883561, 0, 0
883572, 1, 0
883686, 0, 1
883697, 1, 0
883811, 0, bit 1
883811, 0, 0
883822, 1, 1
883936, 0, 1
883947, 1, 0
884061, 0, 0
884072, 1, 1
884186, 0, 1
884197, 1, 0
884311, 0, 0
884322, 1, 1
884436, 0, 1
884447, 1, 0
884561, 0, 0
884572, 1, 1
884686, 0, 1
884697, 1, 0
884811, 0, 1
884822, 1, 1
884936, 0, 0
884947, 1, bit 0
884947, 1, 0
885061, 0, 0
885072, 1, 1
885186, 0, 1
885197, 1, 0
885311, 0, 1
885322, 1, 1
885436, 0, 0
885447, 1, 1
885561, 0, bit 0
885561, 0, 1
885572, 1, 0
885686, 0, 0
885697, 1, 1
885811, 0, 1
885822, 1, 0
885936, 0, 0
885947, 1, 1
886061, 0, 1
886072, 1, 0
886187, 0, 0
886197, 1, 1
886312, 0, 1
886322, 1, 0
886437, 0, 0
886447, 1, 1
886562, 0, 0
886572, 1, 0
886687, 0, 1
886697, 1, bit 1
886697, 1, 1
886812, 0, 1
886822, 1, 0
886937, 0, 0
886947, 1, 1
887062, 0, 0
887072, 1, 0
887187, 0, 1
887197, 1, 0
887312, 0, bit 1
887312, 0, 0
887322, 1, 1
887437, 0, 1
887447, 1, 0
887562, 0, 0
887572, 1, 1
887687, 0, 1
887697, 1, 0
887812, 0, 0
887822, 1, 1
887937, 0, 1
887947, 1, 0
888062, 0, 0
888072, 1, 1
888187, 0, 1
888197, 1, 0
888312, 0, 1
888322, 1, 1
888437, 0, 0
888448, 1, bit 0
888448, 1, 0
888562, 0, 0
888573, 1, 1
888687, 0, 1
888698, 1, 0
888812, 0, 1
888823, 1, 1
888937, 0, 0
888948, 1, 1
889062, 0, bit 0
889062, 0, 1
889073, 1, 0
889187, 0, 0
889198, 1, 1
889312, 0, 1
889323, 1, 0
889437, 0, 0
889448, 1, 1
889562, 0, 1
889573, 1, 0
889687, 0, 0
889698, 1, 1
889812, 0, 1
889823, 1, 0
889937, 0, 0
889948, 1, 1
890062, 0, 0
890073, 1, 0
890187, 0, 1
890198, 1, bit 1
890198, 1, 1
890312, 0, 1
890323, 1, 0
890437, 0, 0
890448, 1, 1
890562, 0, 0
890573, 1, 0
890687, 0, 1
890698, 1, 0
890812, 0, bit 0
890812, 0, 1
890823, 1, 1
890937, 0, 0
890948, 1, 0
891062, 0, 1
891073, 1, 1
891187, 0, 0
891198, 1, 0
891312, 0, 1
891323, 1, 1
891437, 0, 0
891448, 1, 0
891563, 0, 1
891573, 1, 1
891688, 0, 0
891698, 1, 0
891813, 0, 0
891823, 1, 1
891938, 0, 1
891948, 1, bit 0
891948, 1, 0
892063, 0, 1
892073, 1, 1
892188, 0, 0
892198, 1, 0
892313, 0, 0
892323, 1, 1
892438, 0, 1
892448, 1, 1
892563, 0, bit 0
892563, 0, 1
892573, 1, 0
892688, 0, 0
892698, 1, 1
892813, 0, 1
892823, 1, 0
892938, 0, 0
892948, 1, 1
893063, 0, 1
893073, 1, 0
893188, 0, 0
893198, 1, 1
893313, 0, 1
893323, 1, 0
893438, 0, 0
893448, 1, 1
893563, 0, 0
893573, 1, 0
893688, 0, 1
893698, 1, bit 0
893698, 1, 0
893813, 0, 1
893824, 1, 1
893938, 0, 0
893949, 1, 0
894063, 0, 0
894074, 1, 1
894188, 0, 1
894199, 1, 1
894313, 0, bit 1
894313, 0, 0
894324, 1, 0
894438, 0, 1
894449, 1, 1
894563, 0, 0
894574, 1, 0
894688, 0, 1
894699, 1, 1
894813, 0, 0
894824, 1, 0
894938, 0, 1
894949, 1, 1
895063, 0, 0
895074, 1, 0
895188, 0, 1
895199, 1, 1
895313, 0, 1
895324, 1, 0
895438, 0, 0
895449, 1, bit 1
895449, 1, 1
895563, 0, 0
895574, 1, 0
895688, 0, 1
895699, 1, 1
895813, 0, 1
895824, 1, 0
895938, 0, 0
895949, 1, 0
896063, 0, bit 1
896063, 0, 0
896074, 1, 1
896188, 0, 1
896199, 1, 0
896313, 0, 0
896324, 1, 1
896438, 0, 1
896449, 1, 0
896563, 0, 0
896574, 1, 1
896688, 0, 1
896699, 1, 0
896813, 0, 0
896824, 1, 1
896939, 0, 1
896949, 1, 0
897064, 0, 1
897074, 1, 1
897189, 0, 0
897199, 1, bit 1
897199, 1, 1
897314, 0, 0
897324, 1, 0
897439, 0, 1
897449, 1, 1
897564, 0, 1
897574, 1, 0
897689, 0, 0
897699, 1, 0
897814, 0, bit 0
897814, 0, 1
897824, 1, 1
897939, 0, 0
897949, 1, 0
898064, 0, 1
898074, 1, 1
898189, 0, 0
898199, 1, 0
898314, 0, 1
898324, 1, 1
898439, 0, 0
898449, 1, 0
898564, 0, 1
898574, 1, 1
898689, 0, 0
898699, 1, 0
898814, 0, 0
898824, 1, 1
898939, 0, 1
898949, 1, bit 0
898949, 1, 0
899064, 0, 1
899074, 1, 1
899189, 0, 0
899200, 1, 0
899314, 0, 0
899325, 1, 1
899439, 0, 1
899450, 1, 1
899564, 0, bit 1
899564, 0, 0
899575, 1, 0
899689, 0, 1
899700, 1, 1
899814, 0, 0
899825, 1, 0
899939, 0, 1
899950, 1, 1
900064, 0, 0
900075, 1, 0
900189, 0, 1
900200, 1, 1
900314, 0, 0
900325, 1, 0
900439, 0, 1
900450, 1, 1
900564, 0, 1
900575, 1, 0
900689, 0, 0
900700, 1, bit 0
900700, 1, 0
900814, 0, 0
900825, 1, 1
900939, 0, 1
900950, 1, 0
901064, 0, 1
901075, 1, 1
901189, 0, 0
901200, 1, 1
901314, 0, bit 1
901314, 0, 0
901325, 1, 0
901439, 0, 1
901450, 1, 1
901564, 0, 0
901575, 1, 0
901689, 0, 1
901700, 1, 1
901814, 0, 0
901825, 1, 0
901939, 0, 1
901950, 1, 1
902064, 0, 0
902075, 1, 0
902189, 0, 1
902200, 1, 1
902315, 0, 1
902325, 1, 0
902440, 0, 0
902450, 1, bit 0
902450, 1, 0
902565, 0, 0
902575, 1, 1
902690, 0, 1
902700, 1, 0
902815, 0, 1
902825, 1, 1
902940, 0, 0
902950, 1, 1
903065, 0, bit 0
903068, 0, 1
903075, 1, 0
903190, 0, 0
903200, 1, 1
903315, 0, 1
903325, 1, 0
903440, 0, 0
903450, 1, 1
903565, 0, 1
903575, 1, 0
903690, 0, 0
903700, 1, 1
903815, 0, 1
903825, 1, 0
903940, 0, 0
903950, 1, 1
904065, 0, 0
904075, 1, 0
904190, 0, 1
904200, 1, bit 1
904200, 1, 1
904315, 0, 1
904325, 1, 0
904440, 0, 0
904450, 1, 1
904565, 0, 0
904576, 1, 0
904690, 0, 1
904701, 1, 0
904815, 0, bit 0
904815, 0, 1
904826, 1, 1
904940, 0, 0
904951, 1, 0
905065, 0, 1
905076, 1, 1
905190, 0, 0
905201, 1, 0
905315, 0, 1
905326, 1, 1
905440, 0, 0
905451, 1, 0
905565, 0, 1
905576, 1, 1
905690, 0, 0
905701, 1, 0
905815, 0, 0
905826, 1, 1
905940, 0, 1
905951, 1, bit 1
905951, 1, 1
906065, 0, 1
906076, 1, 0
906190, 0, 0
906201, 1, 1
906315, 0, 0
906326, 1, 0
906440, 0, 1
906451, 1, 0
906565, 0, bit 0
906565, 0, 1
906576, 1, 1
906690, 0, 0
906701, 1, 0
906815, 0, 1
906826, 1, 1
906940, 0, 0
906951, 1, 0
907065, 0, 1
907076, 1, 1
907190, 0, 0
907201, 1, 0
907315, 0, 1
907326, 1, 1
907440, 0, 0
907451, 1, 0
907565, 0, 0
907576, 1, 1
907691, 0, 1
907701, 1, bit 1
907701, 1, 1
907816, 0, 1
907826, 1, 0
907941, 0, 0
907951, 1, 1
908066, 0, 0
908076, 1, 0
908191, 0, 1
908201, 1, 0
908316, 0, bit 0
908316, 0, 1
908326, 1, 1
908441, 0, 0
908451, 1, 0
908566, 0, 1
908576, 1, 1
908691, 0, 0
908701, 1, 0
908816, 0, 1
908826, 1, 1
908941, 0, 0
908951, 1, 0
909066, 0, 1
909076, 1, 1
909191, 0, 0
909201, 1, 0
909316, 0, 0
909326, 1, 1
909441, 0, 1
909451, 1, bit 0
909451, 1, 0
909566, 0, 1
909576, 1, 1
909691, 0, 0
909701, 1, 0
909816, 0, 0
909826, 1, 1
909941, 0, 1
909952, 1, 1
910066, 0, bit 0
910066, 0, 1
910077, 1, 0
910191, 0, 0
910202, 1, 1
910316, 0, 1
910327, 1, 0
910441, 0, 0
910452, 1, 1
910566, 0, 1
910577, 1, 0
910691, 0, 0
910702, 1, 1
910816, 0, 1
910827, 1, 0
910941, 0, 0
910952, 1, 1
911066, 0, 0
911077, 1, 0
911191, 0, 1
911202, 1, bit 1
911202, 1, 1
911316, 0, 1
911327, 1, 0
911441, 0, 0
911452, 1, 1
911566, 0, 0
911577, 1, 0
911691, 0, 1
911702, 1, 0
911816, 0, bit 0
911816, 0, 1
911827, 1, 1
911941, 0, 0
911952, 1, 0
912066, 0, 1
912077, 1, 1
912191, 0, 0
912202, 1, 0
912316, 0, 1
912327, 1, 1
912441, 0, 0
912452, 1, 0
912566, 0, 1
912577, 1, 1
912691, 0, 0
912702, 1, 0
912816, 0, 0
912827, 1, 1
912941, 0, 1
912952, 1, bit 0
912952, 1, 0
913067, 0, 1
913077, 1, 1
913192, 0, 0
913202, 1, 0
913317, 0, 0
913327, 1, 1
913442, 0, 1
913452, 1, 1
913567, 0, bit 0
913570, 0, 1
913577, 1, 0
913692, 0, 0
913702, 1, 1
913817, 0, 1
913827, 1, 0
913942, 0, 0
913952, 1, 1
914067, 0, 1
914077, 1, 0
914192, 0, 0
914202, 1, 1
914317, 0, 1
914327, 1, 0
914442, 0, 0
914452, 1, 1
914567, 0, 0
914577, 1, 0
914692, 0, 1
914702, 1, bit 0
914702, 1, 0
914817, 0, 1
914827, 1, 1
914942, 0, 0
914952, 1, 0
915067, 0, 0
915077, 1, 1
915192, 0, 1
915202, 1, 1
915317, 0, bit 0
915317, 0, 1
915328, 1, 0
915442, 0, 0
915453, 1, 1
915567, 0, 1
915578, 1, 0
915692, 0, 0
915703, 1, 1
915817, 0, 1
915828, 1, 0
915942, 0, 0
915953, 1, 1
916067, 0, 1
916078, 1, 0
916192, 0, 0
916203, 1, 1
916317, 0, 0
916328, 1, 0
916442, 0, 1
916453, 1, bit 1
916453, 1, 1
916567, 0, 1
916578, 1, 0
916692, 0, 0
916703, 1, 1
916817, 0, 0
916828, 1, 0
916942, 0, 1
916953, 1, 0
917067, 0, bit 1
917067, 0, 0
917078, 1, 1
917192, 0, 1
917203, 1, 0
917317, 0, 0
917328, 1, 1
917442, 0, 1
917453, 1, 0
917567, 0, 0
917578, 1, 1
917692, 0, 1
917703, 1, 0
917817, 0, 0
917828, 1, 1
917942, 0, 1
917953, 1, 0
918067, 0, 1
918078, 1, 1
918192, 0, 0
918203, 1, bit 1
918203, 1, 1
918317, 0, 0
918328, 1, 0
918443, 0, 1
918453, 1, 1
918568, 0, 1
918578, 1, 0
918693, 0, 0
918703, 1, 0
918818, 0, bit 0
918818, 0, 1
918828, 1, 1
918943, 0, 0
918953, 1, 0
919068, 0, 1
919078, 1, 1
919193, 0, 0
919203, 1, 0
919318, 0, 1
919328, 1, 1
919443, 0, 0
919453, 1, 0
919568, 0, 1
919578, 1, 1
919693, 0, 0
919703, 1, 0
919818, 0, 0
919828, 1, 1
919943, 0, 1
919953, 1, bit 1
919953, 1, 1
920068, 0, 1
920078, 1, 0
920193, 0, 0
920203, 1, 1
920318, 0, 0
920328, 1, 0
920443, 0, 1
920453, 1, 0
920568, 0, bit 1
920568, 0, 0
920578, 1, 1
920693, 0, 1
920704, 1, 0
920818, 0, 0
920829, 1, 1
920943, 0, 1
920954, 1, 0
921068, 0, 0
921079, 1, 1
921193, 0, 1
921204, 1, 0
921318, 0, 0
921329, 1, 1
921443, 0, 1
921454, 1, 0
921568, 0, 1
921579, 1, 1
921693, 0, 0
921704, 1, bit 0
921704, 1, 0
921818, 0, 0
921829, 1, 1
921943, 0, 1
921954, 1, 0
922068, 0, 1
922079, 1, 1
922193, 0, 0
922204, 1, 1
922318, 0, bit 1
922318, 0, 0
922329, 1, 0
922443, 0, 1
922454, 1, 1
922568, 0, 0
922579, 1, 0
922693, 0, 1
922704, 1, 1
922818, 0, 0
922829, 1, 0
922943, 0, 1
922954, 1, 1
923068, 0, 0
923079, 1, 0
923193, 0, 1
923204, 1, 1
923318, 0, 1
923329, 1, 0
923443, 0, 0
923454, 1, bit 0
923454, 1, 0
923568, 0, 0
923579, 1, 1
923693, 0, 1
923704, 1, 0
923819, 0, 1
923829, 1, 1
923944, 0, 0
923954, 1, 1
924069, 0, bit 1
924069, 0, 0
924079, 1, 0
924194, 0, 1
924204, 1, 1
924319, 0, 0
924329, 1, 0
924444, 0, 1
924454, 1, 1
924569, 0, 0
924579, 1, 0
924694, 0, 1
924704, 1, 1
924819, 0, 0
924829, 1, 0
924944, 0, 1
924954, 1, 1
925069, 0, 1
925079, 1, 0
925194, 0, 0
925204, 1, bit 0
925204, 1, 0
925319, 0, 0
925329, 1, 1
925444, 0, 1
925454, 1, 0
925569, 0, 1
925579, 1, 1
925694, 0, 0
925704, 1, 1
925819, 0, bit 0
925819, 0, 1
925829, 1, 0
925944, 0, 0
925954, 1, 1
926069, 0, 1
926080, 1, 0
926194, 0, 0
926205, 1, 1
926319, 0, 1
926330, 1, 0
926444, 0, 0
926455, 1, 1
926569, 0, 1
926580, 1, 0
926694, 0, 0
926705, 1, 1
926819, 0, 0
926830, 1, 0
926944, 0, 1
926955, 1, bit 1
926955, 1, 1
927069, 0, 1
927080, 1, 0
927194, 0, 0
927205, 1, 1
927319, 0, 0
927330, 1, 0
927444, 0, 1
927455, 1, 0
927569, 0, bit 0
927569, 0, 1
927580, 1, 1
927694, 0, 0
927705, 1, 0
927819, 0, 1
927830, 1, 1
927944, 0, 0
927955, 1, 0
928069, 0, 1
928080, 1, 1
928194, 0, 0
928205, 1, 0
928319, 0, 1
928330, 1, 1
928444, 0, 0
928455, 1, 0
928569, 0, 0
928580, 1, 1
928694, 0, 1
928705, 1, bit 1
928705, 1, 1
928819, 0, 1
928830, 1, 0
928944, 0, 0
928955, 1, 1
929069, 0, 0
929080, 1, 0
929195, 0, 1
929205, 1, 0
929320, 0, bit 1
929320, 0, 0
929330, 1, 1
929445, 0, 1
929455, 1, 0
929570, 0, 0
929580, 1, 1
929695, 0, 1
929705, 1, 0
929820, 0, 0
929830, 1, 1
929945, 0, 1
929955, 1, 0
930070, 0, 0
930080, 1, 1
930195, 0, 1
930205, 1, 0
930320, 0, 1
930330, 1, 1
930445, 0, 0
930455, 1, bit 0
930455, 1, 0
930570, 0, 0
930580, 1, 1
930695, 0, 1
930705, 1, 0
930820, 0, 1
930830, 1, 1
930945, 0, 0
930955, 1, 1
931070, 0, bit 0
931070, 0, 1
931080, 1, 0
931195, 0, 0
931205, 1, 1
931320, 0, 1
931330, 1, 0
931445, 0, 0
931456, 1, 1
931570, 0, 1
931581, 1, 0
931695, 0, 0
931706, 1, 1
931820, 0, 1
931831, 1, 0
931945, 0, 0
931956, 1, 1
932070, 0, 0
932081, 1, 0
932195, 0, 1
932206, 1, bit 0
932206, 1, 0
932320, 0, 1
932331, 1, 1
932445, 0, 0
932456, 1, 0
932570, 0, 0
932581, 1, 1
932695, 0, 1
932706, 1, 1
932820, 0, bit 0
932820, 0, 1
932831, 1, 0
932945, 0, 0
932956, 1, 1
933070, 0, 1
933081, 1, 0
933195, 0, 0
933206, 1, 1
933320, 0, 1
933331, 1, 0
933445, 0, 0
933456, 1, 1
933570, 0, 1
933581, 1, 0
933695, 0, 0
933706, 1, 1
933820, 0, 0
933831, 1, 0
933945, 0, 1
933956, 1, bit 1
933956, 1, 1
934070, 0, 1
934081, 1, 0
934195, 0, 0
934206, 1, 1
934320, 0, 0
934331, 1, 0
934445, 0, 1
934456, 1, 0
934571, 0, bit 0
934571, 0, 1
934581, 1, 1
934696, 0, 0
934706, 1, 0
934821, 0, 1
934831, 1, 1
934946, 0, 0
934956, 1, 0
935071, 0, 1
935081, 1, 1
935196, 0, 0
935206, 1, 0
935321, 0, 1
935331, 1, 1
935446, 0, 0
935456, 1, 0
935571, 0, 0
935581, 1, 1
935696, 0, 1
935706, 1, bit 0
935706, 1, 0
935821, 0, 1
935831, 1, 1
935946, 0, 0
935956, 1, 0
936071, 0, 0
936081, 1, 1
936196, 0, 1
936206, 1, 1
936321, 0, bit 1
936321, 0, 0
936331, 1, 0
936446, 0, 1
936456, 1, 1
936571, 0, 0
936581, 1, 0
936696, 0, 1
936706, 1, 1
936821, 0, 0
936832, 1, 0
936946, 0, 1
936957, 1, 1
937071, 0, 0
937082, 1, 0
937196, 0, 1
937207, 1, 1
937321, 0, 1
937332, 1, 0
937446, 0, 0
937457, 1, bit 0
937457, 1, 0
937571, 0, 0
937582, 1, 1
937696, 0, 1
937707, 1, 0
937821, 0, 1
937832, 1, 1
937946, 0, 0
937957, 1, 1
938071, 0, bit 0
938071, 0, 1
938082, 1, 0
938196, 0, 0
938207, 1, 1
938321, 0, 1
938332, 1, 0
938446, 0, 0
938457, 1, 1
938571, 0, 1
938582, 1, 0
938696, 0, 0
938707, 1, 1
938821, 0, 1
938832, 1, 0
938946, 0, 0
938957, 1, 1
939071, 0, 0
939082, 1, 0
939196, 0, 1
939207, 1, bit 0
939207, 1, 0
939321, 0, 1
939332, 1, 1
939446, 0, 0
939457, 1, 0
939571, 0, 0
939582, 1, 1
939696, 0, 1
939707, 1, 1
939821, 0, bit 0
939821, 0, 1
939832, 1, 0
939947, 0, 0
939957, 1, 1
940072, 0, 1
940082, 1, 0
940197, 0, 0
940207, 1, 1
940322, 0, 1
940332, 1, 0
940447, 0, 0
940457, 1, 1
940572, 0, 1
940582, 1, 0
940697, 0, 0
940707, 1, 1
940822, 0, 0
940832, 1, 0
940947, 0, 1
940957, 1, bit 0
940957, 1, 0
941072, 0, 1
941082, 1, 1
941197, 0, 0
941207, 1, 0
941322, 0, 0
941332, 1, 1
941447, 0, 1
941457, 1, 1
941572, 0, bit 1
941572, 0, 0
941582, 1, 0
941697, 0, 1
941707, 1, 1
941822, 0, 0
941832, 1, 0
941947, 0, 1
941957, 1, 1
942072, 0, 0
942082, 1, 0
942197, 0, 1
942208, 1, 1
942322, 0, 0
942333, 1, 0
942447, 0, 1
942458, 1, 1
942572, 0, 1
942583, 1, 0
942697, 0, 0
942708, 1, bit 0
942708, 1, 0
942822, 0, 0
942833, 1, 1
942947, 0, 1
942958, 1, 0
943072, 0, 1
943083, 1, 1
943197, 0, 0
943208, 1, 1
943322, 0, bit 1
943322, 0, 0
943333, 1, 0
943447, 0, 1
943458, 1, 1
943572, 0, 0
943583, 1, 0
943697, 0, 1
943708, 1, 1
943822, 0, 0
943833, 1, 0
943947, 0, 1
943958, 1, 1
944072, 0, 0
944083, 1, 0
944197, 0, 1
944208, 1, 1
944322, 0, 1
944333, 1, 0
944447, 0, 0
944458, 1, bit 1
944458, 1, 1
944572, 0, 0
944583, 1, 0
944697, 0, 1
944708, 1, 1
944822, 0, 1
944833, 1, 0
944947, 0, 0
944958, 1, 0
945072, 0, bit 0
945072, 0, 1
945083, 1, 1
945197, 0, 0
945208, 1, 0
945323, 0, 1
945333, 1, 1
945448, 0, 0
945458, 1, 0
945573, 0, 1
945583, 1, 1
945698, 0, 0
945708, 1, 0
945823, 0, 1
945833, 1, 1
945948, 0, 0
945958, 1, 0
946073, 0, 0
946083, 1, 1
946198, 0, 1
946208, 1, bit 1
946208, 1, 1
946323, 0, 1
946333, 1, 0
946448, 0, 0
946458, 1, 1
946573, 0, 0
946583, 1, 0
946698, 0, 1
946708, 1, 0
946823, 0, bit 1
946823, 0, 0
946833, 1, 1
946948, 0, 1
946958, 1, 0
947073, 0, 0
947083, 1, 1
947198, 0, 1
947208, 1, 0
947323, 0, 0
947333, 1, 1
947448, 0, 1
947458, 1, 0
947573, 0, 0
947584, 1, 1
947698, 0, 1
947709, 1, 0
947823, 0, 1
947834, 1, 1
947948, 0, 0
947959, 1, bit 0
947959, 1, 0
948073, 0, 0
948084, 1, 1
948198, 0, 1
948209, 1, 0
948323, 0, 1
948334, 1, 1
948448, 0, 0
948459, 1, 1
948573, 0, bit 0
948573, 0, 1
948584, 1, 0
948698, 0, 0
948709, 1, 1
948823, 0, 1
948834, 1, 0
948948, 0, 0
948959, 1, 1
949073, 0, 1
949084, 1, 0
949198, 0, 0
949209, 1, 1
949323, 0, 1
949334, 1, 0
949448, 0, 0
949459, 1, 1
949573, 0, 0
949584, 1, 0
949698, 0, 1
949709, 1, bit 1
949709, 1, 1
949823, 0, 1
949834, 1, 0
949948, 0, 0
949959, 1, 1
950073, 0, 0
950084, 1, 0
950198, 0, 1
950209, 1, 0
950323, 0, bit 1
950323, 0, 0
950334, 1, 1
950448, 0, 1
950459, 1, 0
950573, 0, 0
950584, 1, 1
950699, 0, 1
950709, 1, 0
950824, 0, 0
950834, 1, 1
950949, 0, 1
950959, 1, 0
951074, 0, 0
951084, 1, 1
951199, 0, 1
951209, 1, 0
951324, 0, 1
951334, 1, 1
951449, 0, 0
951459, 1, bit 0
951459, 1, 0
951574, 0, 0
951584, 1, 1
951699, 0, 1
951709, 1, 0
951824, 0, 1
951834, 1, 1
951949, 0, 0
951959, 1, 1
952074, 0, bit 0
952074, 0, 1
952084, 1, 0
952199, 0, 0
952209, 1, 1
952324, 0, 1
952334, 1, 0
952449, 0, 0
952459, 1, 1
952574, 0, 1
952584, 1, 0
952699, 0, 0
952709, 1, 1
952824, 0, 1
952834, 1, 0
952949, 0, 0
952960, 1, 1
953074, 0, 0
953085, 1, 0
953199, 0, 1
953210, 1, bit 1
953210, 1, 1
953324, 0, 1
953335, 1, 0
953449, 0, 0
953460, 1, 1
953574, 0, 0
953585, 1, 0
953699, 0, 1
953710, 1, 0
953824, 0, bit 1
953824, 0, 0
953835, 1, 1
953949, 0, 1
953960, 1, 0
954074, 0, 0
954085, 1, 1
954199, 0, 1
954210, 1, 0
954324, 0, 0
954335, 1, 1
954449, 0, 1
954460, 1, 0
954574, 0, 0
954585, 1, 1
954699, 0, 1
954710, 1, 0
954824, 0, 1
954835, 1, 1
954949, 0, 0
954960, 1, bit 0
954960, 1, 0
955074, 0, 0
955085, 1, 1
955199, 0, 1
955210, 1, 0
955324, 0, 1
955335, 1, 1
955449, 0, 0
955460, 1, 1
955574, 0, bit 0
955574, 0, 1
955585, 1, 0
955699, 0, 0
955710, 1, 1
955824, 0, 1
955835, 1, 0
955949, 0, 0
955960, 1, 1
956075, 0, 1
956085, 1, 0
956200, 0, 0
956210, 1, 1
956325, 0, 1
956335, 1, 0
956450, 0, 0
956460, 1, 1
956575, 0, 0
956585, 1, 0
956700, 0, 1
956710, 1, bit 1
956710, 1, 1
956825, 0, 1
956835, 1, 0
956950, 0, 0
956960, 1, 1
957075, 0, 0
957085, 1, 0
957200, 0, 1
957210, 1, 0
957325, 0, bit 0
957325, 0, 1
957335, 1, 1
957450, 0, 0
957460, 1, 0
957575, 0, 1
957585, 1, 1
957700, 0, 0
957710, 1, 0
957825, 0, 1
957835, 1, 1
957950, 0, 0
957960, 1, 0
958075, 0, 1
958085, 1, 1
958200, 0, 0
958210, 1, 0
958325, 0, 0
958336, 1, 1
958450, 0, 1
958461, 1, bit 1
958461, 1, 1
958575, 0, 1
958586, 1, 0
958700, 0, 0
958711, 1, 1
958825, 0, 0
958836, 1, 0
958950, 0, 1
958961, 1, 0
959075, 0, bit 0
959075, 0, 1
959086, 1, 1
959200, 0, 0
959211, 1, 0
959325, 0, 1
959336, 1, 1
959450, 0, 0
959461, 1, 0
959575, 0, 1
959586, 1, 1
959700, 0, 0
959711, 1, 0
959825, 0, 1
959836, 1, 1
959950, 0, 0
959961, 1, 0
960075, 0, 0
960086, 1, 1
960200, 0, 1
960211, 1, bit 1
960211, 1, 1
960325, 0, 1
960336, 1, 0
960450, 0, 0
960461, 1, 1
960575, 0, 0
960586, 1, 0
960700, 0, 1
960711, 1, 0
960825, 0, bit 0
960825, 0, 1
960836, 1, 1
960950, 0, 0
960961, 1, 0
961075, 0, 1
961086, 1, 1
961200, 0, 0
961211, 1, 0
961325, 0, 1
961336, 1, 1
961451, 0, 0
961461, 1, 0
961576, 0, 1
961586, 1, 1
961701, 0, 0
961711, 1, 0
961826, 0, 0
961836, 1, 1
961951, 0, 1
961961, 1, bit 1
961961, 1, 1
962076, 0, 1
962086, 1, 0
962201, 0, 0
962211, 1, 1
962326, 0, 0
962336, 1, 0
962451, 0, 1
962461, 1, 0
962576, 0, bit 1
962576, 0, 0
962586, 1, 1
962701, 0, 1
962711, 1, 0
962826, 0, 0
962836, 1, 1
962951, 0, 1
962961, 1, 0
963076, 0, 0
963086, 1, 1
963201, 0, 1
963211, 1, 0
963326, 0, 0
963336, 1, 1
963451, 0, 1
963461, 1, 0
963576, 0, 1
963586, 1, 1
963701, 0, 0
963712, 1, bit 0
963712, 1, 0
963826, 0, 0
963837, 1, 1
963951, 0, 1
963962, 1, 0
964076, 0, 1
964087, 1, 1
964201, 0, 0
964212, 1, 1
964326, 0, bit 0
964326, 0, 1
964337, 1, 0
964451, 0, 0
964462, 1, 1
964576, 0, 1
964587, 1, 0
964701, 0, 0
964712, 1, 1
964826, 0, 1
964837, 1, 0
964951, 0, 0
964962, 1, 1
965076, 0, 1
965087, 1, 0
965201, 0, 0
965212, 1, 1
965326, 0, 0
965337, 1, 0
965451, 0, 1
965462, 1, bit 0
965462, 1, 0
965576, 0, 1
965587, 1, 1
965701, 0, 0
965712, 1, 0
965826, 0, 0
965837, 1, 1
965951, 0, 1
965962, 1, 1
966076, 0, bit 1
966076, 0, 0
966087, 1, 0
966201, 0, 1
966212, 1, 1
966326, 0, 0
966337, 1, 0
966451, 0, 1
966462, 1, 1
966576, 0, 0
966587, 1, 0
966701, 0, 1
966712, 1, 1
966827, 0, 0
966837, 1, 0
966952, 0, 1
966962, 1, 1
967077, 0, 1
967087, 1, 0
967202, 0, 0
967212, 1, bit 1
967212, 1, 1
967327, 0, 0
967337, 1, 0
967452, 0, 1
967462, 1, 1
967577, 0, 1
967587, 1, 0
967702, 0, 0
967712, 1, 0
967827, 0, bit 1
967827, 0, 0
967837, 1, 1
967952, 0, 1
967962, 1, 0
968077, 0, 0
968087, 1, 1
968202, 0, 1
968212, 1, 0
968327, 0, 0
968337, 1, 1
968452, 0, 1
968462, 1, 0
968577, 0, 0
968587, 1, 1
968702, 0, 1
968712, 1, 0
968827, 0, 1
968837, 1, 1
968952, 0, 0
968962, 1, bit 0
968962, 1, 0
969077, 0, 0
969088, 1, 1
969202, 0, 1
969213, 1, 0
969327, 0, 1
969338, 1, 1
969452, 0, 0
969463, 1, 1
969577, 0, bit 1
969577, 0, 0
969588, 1, 0
969702, 0, 1
969713, 1, 1
969827, 0, 0
969838, 1, 0
969952, 0, 1
969963, 1, 1
970077, 0, 0
970088, 1, 0
970202, 0, 1
970213, 1, 1
970327, 0, 0
970338, 1, 0
970452, 0, 1
970463, 1, 1
970577, 0, 1
970588, 1, 0
970702, 0, 0
970713, 1, bit 1
970713, 1, 1
970827, 0, 0
970838, 1, 0
970952, 0, 1
970963, 1, 1
971077, 0, 1
971088, 1, 0
971202, 0, 0
971213, 1, 0
971327, 0, bit 0
971327, 0, 1
971338, 1, 1
971452, 0, 0
971463, 1, 0
971577, 0, 1
971588, 1, 1
971702, 0, 0
971713, 1, 0
971827, 0, 1
971838, 1, 1
971952, 0, 0
971963, 1, 0
972077, 0, 1
972088, 1, 1
972203, 0, 0
972213, 1, 0
972328, 0, 0
972338, 1, 1
972453, 0, 1
972463, 1, bit 1
972463, 1, 1
972578, 0, 1
972588, 1, 0
972703, 0, 0
972713, 1, 1
972828, 0, 0
972838, 1, 0
972953, 0, 1
972963, 1, 0
973078, 0, bit 0
973078, 0, 1
973088, 1, 1
973203, 0, 0
973213, 1, 0
973328, 0, 1
973338, 1, 1
973453, 0, 0
973463, 1, 0
973578, 0, 1
973588, 1, 1
973703, 0, 0
973713, 1, 0
973828, 0, 1
973838, 1, 1
973953, 0, 0
973963, 1, 0
974078, 0, 0
974088, 1, 1
974203, 0, 1
974213, 1, bit 0
974213, 1, 0
974328, 0, 1
974338, 1, 1
974453, 0, 0
974464, 1, 0
974578, 0, 0
974589, 1, 1
974703, 0, 1
974714, 1, 1
974828, 0, bit 1
974828, 0, 0
974839, 1, 0
974953, 0, 1
974964, 1, 1
975078, 0, 0
975089, 1, 0
975203, 0, 1
975214, 1, 1
975328, 0, 0
975339, 1, 0
975453, 0, 1
975464, 1, 1
975578, 0, 0
975589, 1, 0
975703, 0, 1
975714, 1, 1
975828, 0, 1
975839, 1, 0
975953, 0, 0
975964, 1, bit 1
975964, 1, 1
976078, 0, 0
976089, 1, 0
976203, 0, 1
976214, 1, 1
976328, 0, 1
976339, 1, 0
976453, 0, 0
976464, 1, 0
976578, 0, bit 1
976578, 0, 0
976589, 1, 1
976703, 0, 1
976714, 1, 0
976828, 0, 0
976839, 1, 1
976953, 0, 1
976964, 1, 0
977078, 0, 0
977089, 1, 1
977203, 0, 1
977214, 1, 0
977328, 0, 0
977339, 1, 1
977453, 0, 1
977464, 1, 0
977579, 0, 1
977589, 1, 1
977704, 0, 0
977714, 1, bit 1
977714, 1, 1
977829, 0, 0
977839, 1, 0
977954, 0, 1
977964, 1, 1
978079, 0, 1
978089, 1, 0
978204, 0, 0
978214, 1, 0
978329, 0, bit 1
978329, 0, 0
978339, 1, 1
978454, 0, 1
978464, 1, 0
978579, 0, 0
978589, 1, 1
978704, 0, 1
978714, 1, 0
978829, 0, 0
978839, 1, 1
978954, 0, 1
978964, 1, 0
979079, 0, 0
979089, 1, 1
979204, 0, 1
979214, 1, 0
979329, 0, 1
979339, 1, 1
979454, 0, 0
979464, 1, bit 1
979464, 1, 1
979579, 0, 0
979589, 1, 0
979704, 0, 1
979714, 1, 1
979829, 0, 1
979840, 1, 0
979954, 0, 0
979965, 1, 0
980079, 0, bit 1
980079, 0, 0
980090, 1, 1
980204, 0, 1
980215, 1, 0
980329, 0, 0
980340, 1, 1
980454, 0, 1
980465, 1, 0
980579, 0, 0
980590, 1, 1
980704, 0, 1
980715, 1, 0
980829, 0, 0
980840, 1, 1
980954, 0, 1
980965, 1, 0
981079, 0, 1
981090, 1, 1
981204, 0, 0
981215, 1, bit 1
981215, 1, 1
981329, 0, 0
981340, 1, 0
981454, 0, 1
981465, 1, 1
981579, 0, 1
981590, 1, 0
981704, 0, 0
981715, 1, 0
981840, 1, 1
981965, 1, 0
982090, 1, 1
982215, 1, 0
982340, 1, 1
982465, 1, 0
982590, 1, 1
982715, 1, 0
982840, 1, 1
982965, 1, bit 1
982965, 1, 1
983090, 1, 0
983215, 1, 1
983340, 1, 0
983465, 1, 0
983590, 1, 1
983715, 1, 0
983840, 1, 1
983965, 1, 0
984090, 1, 1
984215, 1, 0
984340, 1, 1
984465, 1, 0
984590, 1, 1
984715, 1, bit 1
984715, 1, 1
984840, 1, 0
984965, 1, 1
985090, 1, 0
985216, 1, 0
985341, 1, 1
985466, 1, 0
985591, 1, 1
985716, 1, 0
985841, 1, 1
985966, 1, 0
986091, 1, 1
986216, 1, 0
986341, 1, 1
986466, 1, bit 1
986466, 1, 1
986591, 1, 0
986716, 1, 1
986841, 1, 0
986966, 1, 0
987091, 1, 1
987216, 1, 0
987341, 1, 1
987466, 1, 0
987591, 1, 1
987716, 1, 0
987841, 1, 1
987966, 1, 0
988091, 1, 1
988216, 1, bit 1
988216, 1, 1
988341, 1, 0
988466, 1, 1
988591, 1, 0
988716, 1, 0
988841, 1, 1
988966, 1, 0
989091, 1, 1
989216, 1, 0
989341, 1, 1
989466, 1, 0
989591, 1, 1
989716, 1, 0
989841, 1, 1
989966, 1, bit 0
989966, 1, 0
990091, 1, 1
990216, 1, 0
990341, 1, 1
990466, 1, 1
990592, 1, 0
990717, 1, 1
990842, 1, 0
990967, 1, 1
991092, 1, 0
991217, 1, 1
991342, 1, 0
991467, 1, 1
991592, 1, 0
991717, 1, bit 0
991717, 1, 0
991842, 1, 1
991967, 1, 0
992092, 1, 1
992217, 1, 1
992342, 1, 0
992467, 1, 1
992592, 1, 0
992717, 1, 1
992842, 1, 0
992967, 1, 1
993092, 1, 0
993217, 1, 1
993342, 1, 0
993467, 1, bit 0
993467, 1, 0
993592, 1, 1
993717, 1, 0
993842, 1, 1
993967, 1, 1
994092, 1, 0
994217, 1, 1
994342, 1, 0
994467, 1, 1
994592, 1, 0
994717, 1, 1
994842, 1, 0
994967, 1, 1
995092, 1, 0
995217, 1, bit 0
995217, 1, 0
995342, 1, 1
995467, 1, 0
995592, 1, 1
995717, 1, 1
995842, 1, 0
995968, 1, 1
996093, 1, 0
996218, 1, 1
996343, 1, 0
996468, 1, 1
996593, 1, 0
996718, 1, 1
996843, 1, 0
996968, 1, bit 0
996968, 1, 0
997093, 1, 1
997218, 1, 0
997343, 1, 1
997468, 1, 1
997593, 1, 0
997718, 1, 1
997843, 1, 0
997968, 1, 1
998093, 1, 0
998218, 1, 1
998343, 1, 0
998468, 1, 1
998593, 1, 0
998718, 1, bit 1
998718, 1, 1
998843, 1, 0
998968, 1, 1
999093, 1, 0
999218, 1, 0
999343, 1, 1
999468, 1, 0
999593, 1, 1
999718, 1, 0
999843, 1, 1
999968, 1, 0
1000093, 1, 1
1000218, 1, 0
1000343, 1, 1
1000468, 1, bit 0
1000468, 1, 0
1000593, 1, 1
1000718, 1, 0
1000843, 1, 1
1000968, 1, 1
1001093, 1, 0
1001218, 1, 1
1001344, 1, 0
1001469, 1, 1
1001594, 1, 0
1001719, 1, 1
1001844, 1, 0
1001969, 1, 1
1002094, 1, 0
1002219, 1, bit 1
1002219, 1, 1
1002344, 1, 0
1002469, 1, 1
1002594, 1, 0
1002719, 1, 0
1002844, 1, 1
1002969, 1, 0
1003094, 1, 1
1003219, 1, 0
1003344, 1, 1
1003469, 1, 0
1003594, 1, 1
1003719, 1, 0
1003844, 1, 1
1003969, 1, bit 0
1003969, 1, 0
1004094, 1, 1
1004219, 1, 0
1004344, 1, 1
1004469, 1, 1
1004594, 1, 0
1004719, 1, 1
1004844, 1, 0
1004969, 1, 1
1005094, 1, 0
1005219, 1, 1
1005344, 1, 0
1005469, 1, 1
1005594, 1, 0
1005719, 1, bit 0
1005719, 1, 0
1005844, 1, 1
1005969, 1, 0
1006094, 1, 1
1006219, 1, 1
1006344, 1, 0
1006469, 1, 1
1006594, 1, 0
1006720, 1, 1
1006845, 1, 0
1006970, 1, 1
1007095, 1, 0
1007220, 1, 1
1007345, 1, 0
1007470, 1, bit 0
1007470, 1, 0
1007595, 1, 1
1007720, 1, 0
1007845, 1, 1
1007970, 1, 1
1008095, 1, 0
1008220, 1, 1
1008345, 1, 0
1008470, 1, 1
1008595, 1, 0
1008720, 1, 1
1008845, 1, 0
1008970, 1, 1
1009095, 1, 0
1009220, 1, bit 1
1009220, 1, 1
1009345, 1, 0
1009470, 1, 1
1009595, 1, 0
1009720, 1, 0
1009845, 1, 1
1009970, 1, 0
1010095, 1, 1
1010220, 1, 0
1010345, 1, 1
1010470, 1, 0
1010595, 1, 1
1010720, 1, 0
1010845, 1, 1
