125 100 2 7 16
(3, 20, 12, 10.00), (code 0)
(4, 258, 7, 10.00), (code 3)
START
39797, 0, prem 0
39797, 0, 0
39922, 0, 0
40047, 0, 0
40172, 0, 0
40297, 0, 0
40422, 0, 0
40547, 0, 0
40672, 0, 0
40797, 0, 0
40922, 0, 0
41047, 0, 0
41172, 0, 0
41297, 0, 0
41422, 0, 0
41547, 0, 0
41672, 0, 0
41797, 0, 1
41922, 0, 1
42047, 0, 1
42172, 0, 1
42297, 0, 1
42422, 0, 1
42547, 0, 1
42672, 0, 1
42797, 0, 1
42923, 0, 1
43048, 0, 1
43173, 0, 1
43298, 0, 1
43423, 0, 1
43548, 0, 1
43673, 0, 1
43798, 0, prem 1
43798, 0, 1
43923, 0, 1
44048, 0, 1
44173, 0, 1
44298, 0, 1
44423, 0, 1
44548, 0, 1
44673, 0, 1
44798, 0, 1
44923, 0, 1
45048, 0, 1
45173, 0, 1
45298, 0, 1
45423, 0, 1
45548, 0, 1
45673, 0, 1
45798, 0, 0
45923, 0, 0
46048, 0, 0
46173, 0, 0
46298, 0, 0
46423, 0, 0
46548, 0, 0
46673, 0, 0
46798, 0, 0
46923, 0, 0
47048, 0, 0
47173, 0, 0
47298, 0, 0
47423, 0, 0
47548, 0, 0
47673, 0, 0
47798, 0, prem 1
47798, 0, 1
47923, 0, 1
48048, 0, 1
48173, 0, 1
48299, 0, 1
48424, 0, 1
48549, 0, 1
48674, 0, 1
48799, 0, 1
48924, 0, 1
49049, 0, 1
49174, 0, 1
49299, 0, 1
49424, 0, 1
49549, 0, 1
49674, 0, 1
49799, 0, 0
49924, 0, 0
50049, 0, 0
50174, 0, 0
50299, 0, 0
50424, 0, 0
50549, 0, 0
50674, 0, 0
50799, 0, 0
50924, 0, 0
51049, 0, 0
51174, 0, 0
51299, 0, 0
51424, 0, 0
51549, 0, 0
51674, 0, 0
51799, 0, prem 1
51799, 0, 1
51924, 0, 1
52049, 0, 1
52174, 0, 1
52299, 0, 1
52424, 0, 1
52549, 0, 1
52674, 0, 1
52799, 0, 1
52924, 0, 1
53049, 0, 1
53174, 0, 1
53299, 0, 1
53424, 0, 1
53549, 0, 1
53675, 0, 1
53800, 0, 0
53925, 0, 0
54050, 0, 0
54175, 0, 0
54300, 0, 0
54425, 0, 0
54550, 0, 0
54675, 0, 0
54800, 0, 0
54925, 0, 0
55050, 0, 0
55175, 0, 0
55300, 0, 0
55425, 0, 0
55550, 0, 0
55675, 0, 0
55800, 0, prem 1
55800, 0, 1
55925, 0, 1
56050, 0, 1
56175, 0, 1
56300, 0, 1
56425, 0, 1
56550, 0, 1
56675, 0, 1
56800, 0, 1
56925, 0, 1
57050, 0, 1
57175, 0, 1
57300, 0, 1
57425, 0, 1
57550, 0, 1
57675, 0, 1
57800, 0, 0
57925, 0, 0
58050, 0, 0
58175, 0, 0
58300, 0, 0
58425, 0, 0
58550, 0, 0
58675, 0, 0
58800, 0, 0
58925, 0, 0
59051, 0, 0
59176, 0, 0
59301, 0, 0
59426, 0, 0
59551, 0, 0
59676, 0, 0
59801, 0, prem 0
59801, 0, 0
59926, 0, 0
60051, 0, 0
60176, 0, 0
60301, 0, 0
60426, 0, 0
60551, 0, 0
60676, 0, 0
60801, 0, 0
60926, 0, 0
61051, 0, 0
61176, 0, 0
61301, 0, 0
61426, 0, 0
61551, 0, 0
61676, 0, 0
61801, 0, 1
61926, 0, 1
62051, 0, 1
62176, 0, 1
62301, 0, 1
62426, 0, 1
62551, 0, 1
62676, 0, 1
62801, 0, 1
62926, 0, 1
63051, 0, 1
63176, 0, 1
63301, 0, 1
63426, 0, 1
63551, 0, 1
63676, 0, 1
63801, 0, prem 0
63801, 0, 0
63926, 0, 0
64051, 0, 0
64176, 0, 0
64301, 0, 0
64427, 0, 0
64552, 0, 0
64677, 0, 0
64802, 0, 0
64927, 0, 0
65052, 0, 0
65177, 0, 0
65302, 0, 0
65427, 0, 0
65552, 0, 0
65677, 0, 0
65802, 0, 1
65927, 0, 1
66052, 0, 1
66177, 0, 1
66302, 0, 1
66427, 0, 1
66552, 0, 1
66677, 0, 1
66802, 0, 1
66927, 0, 1
67052, 0, 1
67177, 0, 1
67302, 0, 1
67427, 0, 1
67552, 0, 1
67677, 0, 1
67802, 0, bit 1
67802, 0, 0
67927, 0, 1
68052, 0, 1
68177, 0, 0
68302, 0, 1
68427, 0, 0
68552, 0, 1
68677, 0, 0
68802, 0, 1
68927, 0, 0
68932, 1, prem 1
68932, 1, 1
69052, 0, 0
69057, 1, 1
69177, 0, 1
69182, 1, 1
69302, 0, 0
69307, 1, 1
69427, 0, 1
69432, 1, 1
69552, 0, bit 0
69552, 0, 1
69557, 1, 1
69677, 0, 0
69682, 1, 1
69803, 0, 0
69807, 1, 1
69928, 0, 1
69932, 1, 1
70053, 0, 0
70057, 1, 1
70178, 0, 1
70182, 1, 1
70303, 0, 0
70307, 1, 1
70428, 0, 1
70432, 1, 1
70553, 0, 0
70557, 1, 1
70678, 0, 1
70682, 1, 1
70803, 0, 1
70807, 1, 1
70928, 0, 0
70932, 1, 0
71053, 0, 1
71057, 1, 0
71178, 0, 0
71182, 1, 0
71303, 0, bit 0
71303, 0, 1
71307, 1, 0
71428, 0, 0
71432, 1, 0
71553, 0, 0
71557, 1, 0
71678, 0, 1
71682, 1, 0
71803, 0, 0
71808, 1, 0
71928, 0, 1
71933, 1, 0
72053, 0, 0
72058, 1, 0
72178, 0, 1
72183, 1, 0
72303, 0, 0
72308, 1, 0
72428, 0, 1
72433, 1, 0
72553, 0, 1
72558, 1, 0
72678, 0, 0
72683, 1, 0
72803, 0, 1
72808, 1, 0
72928, 0, 0
72933, 1, prem 1
72933, 1, 1
73053, 0, bit 1
73053, 0, 0
73058, 1, 1
73178, 0, 1
73183, 1, 1
73303, 0, 1
73308, 1, 1
73428, 0, 0
73433, 1, 1
73553, 0, 1
73558, 1, 1
73678, 0, 0
73683, 1, 1
73803, 0, 1
73808, 1, 1
73928, 0, 0
73933, 1, 1
74053, 0, 1
74058, 1, 1
74178, 0, 0
74183, 1, 1
74303, 0, 0
74308, 1, 1
74428, 0, 1
74433, 1, 1
74553, 0, 0
74558, 1, 1
74678, 0, 1
74683, 1, 1
74803, 0, bit 0
74803, 0, 1
74808, 1, 1
74928, 0, 0
74933, 1, 0
75053, 0, 0
75058, 1, 0
75179, 0, 1
75183, 1, 0
75304, 0, 0
75308, 1, 0
75429, 0, 1
75433, 1, 0
75554, 0, 0
75558, 1, 0
75679, 0, 1
75683, 1, 0
75804, 0, 0
75808, 1, 0
75929, 0, 1
75933, 1, 0
76054, 0, 1
76058, 1, 0
76179, 0, 0
76183, 1, 0
76304, 0, 1
76308, 1, 0
76429, 0, 0
76433, 1, 0
76554, 0, bit 0
76554, 0, 1
76558, 1, 0
76679, 0, 0
76683, 1, 0
76804, 0, 0
76808, 1, 0
76929, 0, 1
76933, 1, prem 1
76933, 1, 1
77054, 0, 0
77058, 1, 1
77179, 0, 1
77184, 1, 1
77304, 0, 0
77309, 1, 1
77429, 0, 1
77434, 1, 1
77554, 0, 0
77559, 1, 1
77679, 0, 1
77684, 1, 1
77804, 0, 1
77809, 1, 1
77929, 0, 0
77934, 1, 1
78054, 0, 1
78059, 1, 1
78179, 0, 0
78184, 1, 1
78304, 0, bit 1
78304, 0, 0
78309, 1, 1
78429, 0, 1
78434, 1, 1
78554, 0, 1
78559, 1, 1
78679, 0, 0
78684, 1, 1
78804, 0, 1
78809, 1, 1
78929, 0, 0
78934, 1, 0
79054, 0, 1
79059, 1, 0
79179, 0, 0
79184, 1, 0
79304, 0, 1
79309, 1, 0
79429, 0, 0
79434, 1, 0
79554, 0, 0
79559, 1, 0
79679, 0, 1
79684, 1, 0
79804, 0, 0
79809, 1, 0
79929, 0, 1
79934, 1, 0
80054, 0, bit 1
80054, 0, 0
80059, 1, 0
80179, 0, 1
80184, 1, 0
80304, 0, 1
80309, 1, 0
80429, 0, 0
80434, 1, 0
80555, 0, 1
80559, 1, 0
80680, 0, 0
80684, 1, 0
80805, 0, 1
80809, 1, 0
80930, 0, 0
80934, 1, prem 0
80934, 1, 0
81055, 0, 1
81059, 1, 0
81180, 0, 0
81184, 1, 0
81305, 0, 0
81309, 1, 0
81430, 0, 1
81434, 1, 0
81555, 0, 0
81559, 1, 0
81680, 0, 1
81684, 1, 0
81805, 0, bit 0
81805, 0, 1
81809, 1, 0
81930, 0, 0
81934, 1, 0
82055, 0, 0
82059, 1, 0
82180, 0, 1
82184, 1, 0
82305, 0, 0
82309, 1, 0
82430, 0, 1
82434, 1, 0
82555, 0, 0
82560, 1, 0
82680, 0, 1
82685, 1, 0
82805, 0, 0
82810, 1, 0
82930, 0, 1
82935, 1, 1
83055, 0, 1
83060, 1, 1
83180, 0, 0
83185, 1, 1
83305, 0, 1
83310, 1, 1
83430, 0, 0
83435, 1, 1
83555, 0, bit 0
83555, 0, 1
83560, 1, 1
83680, 0, 0
83685, 1, 1
83805, 0, 0
83810, 1, 1
83930, 0, 1
83935, 1, 1
84055, 0, 0
84060, 1, 1
84180, 0, 1
84185, 1, 1
84305, 0, 0
84310, 1, 1
84430, 0, 1
84435, 1, 1
84555, 0, 0
84560, 1, 1
84680, 0, 1
84685, 1, 1
84805, 0, 1
84810, 1, 1
84930, 0, 0
84935, 1, prem 1
84935, 1, 1
85055, 0, 1
85060, 1, 1
85180, 0, 0
85185, 1, 1
85305, 0, bit 1
85305, 0, 0
85310, 1, 1
85430, 0, 1
85435, 1, 1
85555, 0, 1
85560, 1, 1
85680, 0, 0
85685, 1, 1
85805, 0, 1
85810, 1, 1
85931, 0, 0
85935, 1, 1
86056, 0, 1
86060, 1, 1
86181, 0, 0
86185, 1, 1
86306, 0, 1
86310, 1, 1
86431, 0, 0
86435, 1, 1
86556, 0, 0
86560, 1, 1
86681, 0, 1
86685, 1, 1
86806, 0, 0
86810, 1, 1
86931, 0, 1
86935, 1, 0
87056, 0, bit 1
87056, 0, 0
87060, 1, 0
87181, 0, 1
87185, 1, 0
87306, 0, 1
87310, 1, 0
87431, 0, 0
87435, 1, 0
87556, 0, 1
87560, 1, 0
87681, 0, 0
87685, 1, 0
87806, 0, 1
87810, 1, 0
87931, 0, 0
87936, 1, 0
88056, 0, 1
88061, 1, 0
88181, 0, 0
88186, 1, 0
88306, 0, 0
88311, 1, 0
88431, 0, 1
88436, 1, 0
88556, 0, 0
88561, 1, 0
88681, 0, 1
88686, 1, 0
88806, 0, bit 0
88809, 0, 1
88811, 1, 0
88931, 0, 0
88936, 1, prem 1
88936, 1, 1
89056, 0, 0
89061, 1, 1
89181, 0, 1
89186, 1, 1
89306, 0, 0
89311, 1, 1
89431, 0, 1
89436, 1, 1
89556, 0, 0
89561, 1, 1
89681, 0, 1
89686, 1, 1
89806, 0, 0
89811, 1, 1
89931, 0, 1
89936, 1, 1
90056, 0, 1
90061, 1, 1
90181, 0, 0
90186, 1, 1
90306, 0, 1
90311, 1, 1
90431, 0, 0
90436, 1, 1
90556, 0, bit 0
90556, 0, 1
90561, 1, 1
90681, 0, 0
90686, 1, 1
90806, 0, 0
90811, 1, 1
90931, 0, 1
90936, 1, 0
91056, 0, 0
91061, 1, 0
91181, 0, 1
91186, 1, 0
91307, 0, 0
91311, 1, 0
91432, 0, 1
91436, 1, 0
91557, 0, 0
91561, 1, 0
91682, 0, 1
91686, 1, 0
91807, 0, 1
91811, 1, 0
91932, 0, 0
91936, 1, 0
92057, 0, 1
92061, 1, 0
92182, 0, 0
92186, 1, 0
92307, 0, bit 0
92307, 0, 1
92311, 1, 0
92432, 0, 0
92436, 1, 0
92557, 0, 0
92561, 1, 0
92682, 0, 1
92686, 1, 0
92807, 0, 0
92811, 1, 0
92932, 0, 1
92936, 1, prem 1
92936, 1, 1
93057, 0, 0
93061, 1, 1
93182, 0, 1
93186, 1, 1
93307, 0, 0
93312, 1, 1
93432, 0, 1
93437, 1, 1
93557, 0, 1
93562, 1, 1
93682, 0, 0
93687, 1, 1
93807, 0, 1
93812, 1, 1
93932, 0, 0
93937, 1, 1
94057, 0, bit 1
94057, 0, 0
94062, 1, 1
94182, 0, 1
94187, 1, 1
94307, 0, 1
94312, 1, 1
94432, 0, 0
94437, 1, 1
94557, 0, 1
94562, 1, 1
94682, 0, 0
94687, 1, 1
94807, 0, 1
94812, 1, 1
94932, 0, 0
94937, 1, 0
95057, 0, 1
95062, 1, 0
95182, 0, 0
95187, 1, 0
95307, 0, 0
95312, 1, 0
95432, 0, 1
95437, 1, 0
95557, 0, 0
95562, 1, 0
95682, 0, 1
95687, 1, 0
95807, 0, bit 0
95807, 0, 1
95812, 1, 0
95932, 0, 0
95937, 1, 0
96057, 0, 0
96062, 1, 0
96182, 0, 1
96187, 1, 0
96307, 0, 0
96312, 1, 0
96432, 0, 1
96437, 1, 0
96557, 0, 0
96562, 1, 0
96683, 0, 1
96687, 1, 0
96808, 0, 0
96812, 1, 0
96933, 0, 1
96937, 1, bit 1
96937, 1, 1
97058, 0, 1
97062, 1, 0
97183, 0, 0
97187, 1, 1
97308, 0, 1
97312, 1, 0
97433, 0, 0
97437, 1, 1
97558, 0, bit 0
97558, 0, 1
97562, 1, 0
97683, 0, 0
97687, 1, 0
97808, 0, 0
97812, 1, 1
97933, 0, 1
97937, 1, 1
98058, 0, 0
98062, 1, 0
98183, 0, 1
98187, 1, 1
98308, 0, 0
98312, 1, 0
98433, 0, 1
98437, 1, 1
98558, 0, 0
98562, 1, 0
98683, 0, 1
98688, 1, bit 1
98688, 1, 1
98808, 0, 1
98813, 1, 0
98933, 0, 0
98938, 1, 1
99058, 0, 1
99063, 1, 0
99183, 0, 0
99188, 1, 1
99308, 0, bit 1
99308, 0, 0
99313, 1, 0
99433, 0, 1
99438, 1, 0
99558, 0, 1
99563, 1, 1
99683, 0, 0
99688, 1, 1
99808, 0, 1
99813, 1, 0
99933, 0, 0
99938, 1, 1
100058, 0, 1
100063, 1, 0
100183, 0, 0
100188, 1, 1
100308, 0, 1
100313, 1, 0
100433, 0, 0
100438, 1, bit 1
100438, 1, 1
100558, 0, 0
100563, 1, 0
100683, 0, 1
100688, 1, 1
100808, 0, 0
100813, 1, 0
100933, 0, 1
100938, 1, 1
101058, 0, bit 1
101058, 0, 0
101063, 1, 0
101183, 0, 1
101188, 1, 0
101308, 0, 1
101313, 1, 1
101433, 0, 0
101438, 1, 1
101558, 0, 1
101563, 1, 0
101683, 0, 0
101688, 1, 1
101808, 0, 1
101813, 1, 0
101933, 0, 0
101938, 1, 1
102059, 0, 1
102063, 1, 0
102184, 0, 0
102188, 1, bit 0
102188, 1, 0
102309, 0, 0
102313, 1, 1
102434, 0, 1
102438, 1, 0
102559, 0, 0
102563, 1, 1
102684, 0, 1
102688, 1, 0
102809, 0, bit 0
102809, 0, 1
102813, 1, 1
102934, 0, 0
102938, 1, 1
103059, 0, 0
103063, 1, 0
103184, 0, 1
103188, 1, 0
103309, 0, 0
103313, 1, 1
103434, 0, 1
103438, 1, 0
103559, 0, 0
103563, 1, 1
103684, 0, 1
103688, 1, 0
103809, 0, 0
103813, 1, 1
103934, 0, 1
103938, 1, bit 0
103938, 1, 0
104059, 0, 1
104064, 1, 1
104184, 0, 0
104189, 1, 0
104309, 0, 1
104314, 1, 1
104434, 0, 0
104439, 1, 0
104559, 0, bit 1
104559, 0, 0
104564, 1, 1
104684, 0, 1
104689, 1, 1
104809, 0, 1
104814, 1, 0
104934, 0, 0
104939, 1, 0
105059, 0, 1
105064, 1, 1
105184, 0, 0
105189, 1, 0
105309, 0, 1
105314, 1, 1
105434, 0, 0
105439, 1, 0
105559, 0, 1
105564, 1, 1
105684, 0, 0
105689, 1, bit 1
105689, 1, 1
105809, 0, 0
105814, 1, 0
105934, 0, 1
105939, 1, 1
106059, 0, 0
106064, 1, 0
106184, 0, 1
106189, 1, 1
106309, 0, bit 0
106309, 0, 1
106314, 1, 0
106434, 0, 0
106439, 1, 0
106559, 0, 0
106564, 1, 1
106684, 0, 1
106689, 1, 1
106809, 0, 0
106814, 1, 0
106934, 0, 1
106939, 1, 1
107059, 0, 0
107064, 1, 0
107184, 0, 1
107189, 1, 1
107309, 0, 0
107314, 1, 0
107435, 0, 1
107439, 1, bit 0
107439, 1, 0
107560, 0, 1
107564, 1, 1
107685, 0, 0
107689, 1, 0
107810, 0, 1
107814, 1, 1
107935, 0, 0
107939, 1, 0
108060, 0, bit 0
108060, 0, 1
108064, 1, 1
108185, 0, 0
108189, 1, 1
108310, 0, 0
108314, 1, 0
108435, 0, 1
108439, 1, 0
108560, 0, 0
108564, 1, 1
108685, 0, 1
108689, 1, 0
108810, 0, 0
108814, 1, 1
108935, 0, 1
108939, 1, 0
109060, 0, 0
109064, 1, 1
109185, 0, 1
109189, 1, bit 0
109189, 1, 0
109310, 0, 1
109314, 1, 1
109435, 0, 0
109440, 1, 0
109560, 0, 1
109565, 1, 1
109685, 0, 0
109690, 1, 0
109810, 0, bit 0
109810, 0, 1
109815, 1, 1
109935, 0, 0
109940, 1, 1
110060, 0, 0
110065, 1, 0
110185, 0, 1
110190, 1, 0
110310, 0, 0
110315, 1, 1
110435, 0, 1
110440, 1, 0
110560, 0, 0
110565, 1, 1
110685, 0, 1
110690, 1, 0
110810, 0, 0
110815, 1, 1
110935, 0, 1
110940, 1, bit 1
110940, 1, 1
111060, 0, 1
111065, 1, 0
111185, 0, 0
111190, 1, 1
111310, 0, 1
111315, 1, 0
111435, 0, 0
111440, 1, 1
111560, 0, bit 1
111560, 0, 0
111565, 1, 0
111685, 0, 1
111690, 1, 0
111810, 0, 1
111815, 1, 1
111935, 0, 0
111940, 1, 1
112060, 0, 1
112065, 1, 0
112185, 0, 0
112190, 1, 1
112310, 0, 1
112315, 1, 0
112435, 0, 0
112440, 1, 1
112560, 0, 1
112565, 1, 0
112685, 0, 0
112690, 1, bit 1
112690, 1, 1
112811, 0, 0
112815, 1, 0
112936, 0, 1
112940, 1, 1
113061, 0, 0
113065, 1, 0
113186, 0, 1
113190, 1, 1
113311, 0, bit 1
113311, 0, 0
113315, 1, 0
113436, 0, 1
113440, 1, 0
113561, 0, 1
113565, 1, 1
113686, 0, 0
113690, 1, 1
113811, 0, 1
113815, 1, 0
113936, 0, 0
113940, 1, 1
114061, 0, 1
114065, 1, 0
114186, 0, 0
114190, 1, 1
114311, 0, 1
114315, 1, 0
114436, 0, 0
114440, 1, bit 1
114440, 1, 1
114561, 0, 0
114565, 1, 0
114686, 0, 1
114690, 1, 1
114811, 0, 0
114816, 1, 0
114936, 0, 1
114941, 1, 1
115061, 0, bit 0
115061, 0, 1
115066, 1, 0
115186, 0, 0
115191, 1, 0
115311, 0, 0
115316, 1, 1
115436, 0, 1
115441, 1, 1
115561, 0, 0
115566, 1, 0
115686, 0, 1
115691, 1, 1
115811, 0, 0
115816, 1, 0
115936, 0, 1
115941, 1, 1
116061, 0, 0
116066, 1, 0
116186, 0, 1
116191, 1, bit 0
116191, 1, 0
116311, 0, 1
116316, 1, 1
116436, 0, 0
116441, 1, 0
116561, 0, 1
116566, 1, 1
116686, 0, 0
116691, 1, 0
116811, 0, bit 0
116811, 0, 1
116816, 1, 1
116936, 0, 0
116941, 1, 1
117061, 0, 0
117066, 1, 0
117186, 0, 1
117191, 1, 0
117311, 0, 0
117316, 1, 1
117436, 0, 1
117441, 1, 0
117561, 0, 0
117566, 1, 1
117686, 0, 1
117691, 1, 0
117811, 0, 0
117816, 1, 1
117936, 0, 1
117941, 1, bit 1
117941, 1, 1
118061, 0, 1
118066, 1, 0
118187, 0, 0
118191, 1, 1
118312, 0, 1
118316, 1, 0
118437, 0, 0
118441, 1, 1
118562, 0, bit 1
118562, 0, 0
118566, 1, 0
118687, 0, 1
118691, 1, 0
118812, 0, 1
118816, 1, 1
118937, 0, 0
118941, 1, 1
119062, 0, 1
119066, 1, 0
119187, 0, 0
119191, 1, 1
119312, 0, 1
119316, 1, 0
119437, 0, 0
119441, 1, 1
119562, 0, 1
119566, 1, 0
119687, 0, 0
119691, 1, bit 0
119691, 1, 0
119812, 0, 0
119816, 1, 1
119937, 0, 1
119941, 1, 0
120062, 0, 0
120066, 1, 1
120187, 0, 1
120192, 1, 0
120312, 0, bit 0
120312, 0, 1
120317, 1, 1
120437, 0, 0
120442, 1, 1
120562, 0, 0
120567, 1, 0
120687, 0, 1
120692, 1, 0
120812, 0, 0
120817, 1, 1
120937, 0, 1
120942, 1, 0
121062, 0, 0
121067, 1, 1
121187, 0, 1
121192, 1, 0
121312, 0, 0
121317, 1, 1
121437, 0, 1
121442, 1, bit 0
121442, 1, 0
121562, 0, 1
121567, 1, 1
121687, 0, 0
121692, 1, 0
121812, 0, 1
121817, 1, 1
121937, 0, 0
121942, 1, 0
122062, 0, bit 0
122062, 0, 1
122067, 1, 1
122187, 0, 0
122192, 1, 1
122312, 0, 0
122317, 1, 0
122437, 0, 1
122442, 1, 0
122562, 0, 0
122567, 1, 1
122687, 0, 1
122692, 1, 0
122812, 0, 0
122817, 1, 1
122937, 0, 1
122942, 1, 0
123062, 0, 0
123067, 1, 1
123187, 0, 1
123192, 1, bit 0
123195, 1, 0
123312, 0, 1
123317, 1, 1
123437, 0, 0
123442, 1, 0
123563, 0, 1
123567, 1, 1
123688, 0, 0
123692, 1, 0
123813, 0, bit 1
123813, 0, 0
123817, 1, 1
123938, 0, 1
123942, 1, 1
124063, 0, 1
124067, 1, 0
124188, 0, 0
124192, 1, 0
124313, 0, 1
124317, 1, 1
124438, 0, 0
124442, 1, 0
124563, 0, 1
124567, 1, 1
124688, 0, 0
124692, 1, 0
124813, 0, 1
124817, 1, 1
124938, 0, 0
124942, 1, bit 1
124942, 1, 1
125063, 0, 0
125067, 1, 0
125188, 0, 1
125192, 1, 1
125313, 0, 0
125323, 1, 0
125438, 0, 1
125448, 1, 1
125563, 0, bit 1
125563, 0, 0
125573, 1, 0
125688, 0, 1
125698, 1, 0
125813, 0, 1
125824, 1, 1
125938, 0, 0
125949, 1, 1
126063, 0, 1
126074, 1, 0
126188, 0, 0
126199, 1, 1
126313, 0, 1
126324, 1, 0
126438, 0, 0
126449, 1, 1
126563, 0, 1
126574, 1, 0
126688, 0, 0
126699, 1, bit 1
126699, 1, 1
126813, 0, 0
126824, 1, 0
126938, 0, 1
126949, 1, 1
127063, 0, 0
127074, 1, 0
127188, 0, 1
127199, 1, 1
127313, 0, bit 0
127313, 0, 1
127324, 1, 0
127438, 0, 0
127449, 1, 0
127563, 0, 0
127574, 1, 1
127688, 0, 1
127699, 1, 1
127813, 0, 0
127824, 1, 0
127938, 0, 1
127949, 1, 1
128063, 0, 0
128074, 1, 0
128188, 0, 1
128199, 1, 1
128313, 0, 0
128324, 1, 0
128438, 0, 1
128449, 1, bit 1
128449, 1, 1
128563, 0, 1
128574, 1, 0
128688, 0, 0
128699, 1, 1
128813, 0, 1
128824, 1, 0
128939, 0, 0
128949, 1, 1
129064, 0, bit 0
129064, 0, 1
129074, 1, 0
129189, 0, 0
129199, 1, 0
129314, 0, 0
129324, 1, 1
129439, 0, 1
129449, 1, 1
129564, 0, 0
129574, 1, 0
129689, 0, 1
129699, 1, 1
129814, 0, 0
129824, 1, 0
129939, 0, 1
129949, 1, 1
130064, 0, 0
130074, 1, 0
130189, 0, 1
130199, 1, bit 1
130199, 1, 1
130314, 0, 1
130324, 1, 0
130439, 0, 0
130449, 1, 1
130564, 0, 1
130574, 1, 0
130689, 0, 0
130699, 1, 1
130814, 0, bit 1
130814, 0, 0
130824, 1, 0
130939, 0, 1
130949, 1, 0
131064, 0, 1
131074, 1, 1
131189, 0, 0
131200, 1, 1
131314, 0, 1
131325, 1, 0
131439, 0, 0
131450, 1, 1
131564, 0, 1
131575, 1, 0
131689, 0, 0
131700, 1, 1
131814, 0, 1
131825, 1, 0
131939, 0, 0
131950, 1, bit 1
131950, 1, 1
132064, 0, 0
132075, 1, 0
132189, 0, 1
132200, 1, 1
132314, 0, 0
132325, 1, 0
132439, 0, 1
132450, 1, 1
132564, 0, bit 1
132564, 0, 0
132575, 1, 0
132689, 0, 1
132700, 1, 0
132814, 0, 1
132825, 1, 1
132939, 0, 0
132950, 1, 1
133064, 0, 1
133075, 1, 0
133189, 0, 0
133200, 1, 1
133314, 0, 1
133325, 1, 0
133439, 0, 0
133450, 1, 1
133564, 0, 1
133575, 1, 0
133689, 0, 0
133700, 1, bit 0
133703, 1, 0
133814, 0, 0
133825, 1, 1
133939, 0, 1
133950, 1, 0
134064, 0, 0
134075, 1, 1
134189, 0, 1
134200, 1, 0
134315, 0, bit 0
134315, 0, 1
134325, 1, 1
134440, 0, 0
134450, 1, 1
134565, 0, 0
134575, 1, 0
134690, 0, 1
134700, 1, 0
134815, 0, 0
134825, 1, 1
134940, 0, 1
134950, 1, 0
135065, 0, 0
135075, 1, 1
135190, 0, 1
135200, 1, 0
135315, 0, 0
135325, 1, 1
135440, 0, 1
135450, 1, bit 0
135450, 1, 0
135565, 0, 1
135575, 1, 1
135690, 0, 0
135700, 1, 0
135815, 0, 1
135825, 1, 1
135940, 0, 0
135950, 1, 0
136065, 0, bit 0
136065, 0, 1
136075, 1, 1
136190, 0, 0
136200, 1, 1
136315, 0, 0
136325, 1, 0
136440, 0, 1
136450, 1, 0
136565, 0, 0
136576, 1, 1
136690, 0, 1
136701, 1, 0
136815, 0, 0
136826, 1, 1
136940, 0, 1
136951, 1, 0
137065, 0, 0
137076, 1, 1
137190, 0, 1
137201, 1, bit 0
137201, 1, 0
137315, 0, 1
137326, 1, 1
137440, 0, 0
137451, 1, 0
137565, 0, 1
137576, 1, 1
137690, 0, 0
137701, 1, 0
137815, 0, bit 0
137815, 0, 1
137826, 1, 1
137940, 0, 0
137951, 1, 1
138065, 0, 0
138076, 1, 0
138190, 0, 1
138201, 1, 0
138315, 0, 0
138326, 1, 1
138440, 0, 1
138451, 1, 0
138565, 0, 0
138576, 1, 1
138690, 0, 1
138701, 1, 0
138815, 0, 0
138826, 1, 1
138940, 0, 1
138951, 1, bit 0
138951, 1, 0
139065, 0, 1
139076, 1, 1
139190, 0, 0
139201, 1, 0
139315, 0, 1
139326, 1, 1
139440, 0, 0
139451, 1, 0
139565, 0, bit 1
139565, 0, 0
139576, 1, 1
139691, 0, 1
139701, 1, 1
139816, 0, 1
139826, 1, 0
139941, 0, 0
139951, 1, 0
140066, 0, 1
140076, 1, 1
140191, 0, 0
140201, 1, 0
140316, 0, 1
140326, 1, 1
140441, 0, 0
140451, 1, 0
140566, 0, 1
140576, 1, 1
140691, 0, 0
140701, 1, bit 0
140701, 1, 0
140816, 0, 0
140826, 1, 1
140941, 0, 1
140951, 1, 0
141066, 0, 0
141076, 1, 1
141191, 0, 1
141201, 1, 0
141316, 0, bit 0
141316, 0, 1
141326, 1, 1
141441, 0, 0
141451, 1, 1
141566, 0, 0
141576, 1, 0
141691, 0, 1
141701, 1, 0
141816, 0, 0
141826, 1, 1
141941, 0, 1
141952, 1, 0
142066, 0, 0
142077, 1, 1
142191, 0, 1
142202, 1, 0
142316, 0, 0
142327, 1, 1
142441, 0, 1
142452, 1, bit 0
142452, 1, 0
142566, 0, 1
142577, 1, 1
142691, 0, 0
142702, 1, 0
142816, 0, 1
142827, 1, 1
142941, 0, 0
142952, 1, 0
143066, 0, bit 0
143066, 0, 1
143077, 1, 1
143191, 0, 0
143202, 1, 1
143316, 0, 0
143327, 1, 0
143441, 0, 1
143452, 1, 0
143566, 0, 0
143577, 1, 1
143691, 0, 1
143702, 1, 0
143816, 0, 0
143827, 1, 1
143941, 0, 1
143952, 1, 0
144066, 0, 0
144077, 1, 1
144191, 0, 1
144202, 1, bit 0
144202, 1, 0
144316, 0, 1
144327, 1, 1
144441, 0, 0
144452, 1, 0
144566, 0, 1
144577, 1, 1
144691, 0, 0
144702, 1, 0
144816, 0, bit 0
144816, 0, 1
144827, 1, 1
144941, 0, 0
144952, 1, 1
145067, 0, 0
145077, 1, 0
145192, 0, 1
145202, 1, 0
145317, 0, 0
145327, 1, 1
145442, 0, 1
145452, 1, 0
145567, 0, 0
145577, 1, 1
145692, 0, 1
145702, 1, 0
145817, 0, 0
145827, 1, 1
145942, 0, 1
145952, 1, bit 0
145952, 1, 0
146067, 0, 1
146077, 1, 1
146192, 0, 0
146202, 1, 0
146317, 0, 1
146327, 1, 1
146442, 0, 0
146452, 1, 0
146567, 0, bit 1
146567, 0, 0
146577, 1, 1
146692, 0, 1
146702, 1, 1
146817, 0, 1
146827, 1, 0
146942, 0, 0
146952, 1, 0
147067, 0, 1
147077, 1, 1
147192, 0, 0
147202, 1, 0
147317, 0, 1
147328, 1, 1
147442, 0, 0
147453, 1, 0
147567, 0, 1
147578, 1, 1
147692, 0, 0
147703, 1, bit 1
147703, 1, 1
147817, 0, 0
147828, 1, 0
147942, 0, 1
147953, 1, 1
148067, 0, 0
148078, 1, 0
148192, 0, 1
148203, 1, 1
148317, 0, bit 0
148317, 0, 1
148328, 1, 0
148442, 0, 0
148453, 1, 0
148567, 0, 0
148578, 1, 1
148692, 0, 1
148703, 1, 1
148817, 0, 0
148828, 1, 0
148942, 0, 1
148953, 1, 1
149067, 0, 0
149078, 1, 0
149192, 0, 1
149203, 1, 1
149317, 0, 0
149328, 1, 0
149442, 0, 1
149453, 1, bit 1
149453, 1, 1
149567, 0, 1
149578, 1, 0
149692, 0, 0
149703, 1, 1
149817, 0, 1
149828, 1, 0
149942, 0, 0
149953, 1, 1
150067, 0, bit 0
150067, 0, 1
150078, 1, 0
150192, 0, 0
150203, 1, 0
150317, 0, 0
150328, 1, 1
150443, 0, 1
150453, 1, 1
150568, 0, 0
150578, 1, 0
150693, 0, 1
150703, 1, 1
150818, 0, 0
150828, 1, 0
150943, 0, 1
150953, 1, 1
151068, 0, 0
151078, 1, 0
151193, 0, 1
151203, 1, bit 1
151203, 1, 1
151318, 0, 1
151328, 1, 0
151443, 0, 0
151453, 1, 1
151568, 0, 1
151578, 1, 0
151693, 0, 0
151703, 1, 1
151818, 0, bit 0
151818, 0, 1
151828, 1, 0
151943, 0, 0
151953, 1, 0
152068, 0, 0
152078, 1, 1
152193, 0, 1
152203, 1, 1
152318, 0, 0
152328, 1, 0
152443, 0, 1
152453, 1, 1
152568, 0, 0
152578, 1, 0
152693, 0, 1
152704, 1, 1
152818, 0, 0
152829, 1, 0
152943, 0, 1
152954, 1, bit 0
152954, 1, 0
153068, 0, 1
153079, 1, 1
153193, 0, 0
153204, 1, 0
153318, 0, 1
153329, 1, 1
153443, 0, 0
153454, 1, 0
153568, 0, bit 1
153568, 0, 0
153579, 1, 1
153693, 0, 1
153704, 1, 1
153818, 0, 1
153829, 1, 0
153943, 0, 0
153954, 1, 0
154068, 0, 1
154079, 1, 1
154193, 0, 0
154204, 1, 0
154318, 0, 1
154329, 1, 1
154443, 0, 0
154454, 1, 0
154568, 0, 1
154579, 1, 1
154693, 0, 0
154704, 1, bit 1
154704, 1, 1
154818, 0, 0
154829, 1, 0
154943, 0, 1
154954, 1, 1
155068, 0, 0
155079, 1, 0
155193, 0, 1
155204, 1, 1
155318, 0, bit 0
155318, 0, 1
155329, 1, 0
155443, 0, 0
155454, 1, 0
155568, 0, 0
155579, 1, 1
155693, 0, 1
155704, 1, 1
155819, 0, 0
155829, 1, 0
155944, 0, 1
155954, 1, 1
156069, 0, 0
156079, 1, 0
156194, 0, 1
156204, 1, 1
156319, 0, 0
156329, 1, 0
156444, 0, 1
156454, 1, bit 0
156454, 1, 0
156569, 0, 1
156579, 1, 1
156694, 0, 0
156704, 1, 0
156819, 0, 1
156829, 1, 1
156944, 0, 0
156954, 1, 0
157069, 0, bit 1
157069, 0, 0
157079, 1, 1
157194, 0, 1
157204, 1, 1
157319, 0, 1
157329, 1, 0
157444, 0, 0
157454, 1, 0
157569, 0, 1
157579, 1, 1
157694, 0, 0
157704, 1, 0
157819, 0, 1
157829, 1, 1
157944, 0, 0
157954, 1, 0
158069, 0, 1
158080, 1, 1
158194, 0, 0
158205, 1, bit 0
158205, 1, 0
158319, 0, 0
158330, 1, 1
158444, 0, 1
158455, 1, 0
158569, 0, 0
158580, 1, 1
158694, 0, 1
158705, 1, 0
158819, 0, bit 0
158822, 0, 1
158830, 1, 1
158944, 0, 0
158955, 1, 1
159069, 0, 0
159080, 1, 0
159194, 0, 1
159205, 1, 0
159319, 0, 0
159330, 1, 1
159444, 0, 1
159455, 1, 0
159569, 0, 0
159580, 1, 1
159694, 0, 1
159705, 1, 0
159819, 0, 0
159830, 1, 1
159944, 0, 1
159955, 1, bit 1
159955, 1, 1
160069, 0, 1
160080, 1, 0
160194, 0, 0
160205, 1, 1
160319, 0, 1
160330, 1, 0
160444, 0, 0
160455, 1, 1
160569, 0, bit 1
160569, 0, 0
160580, 1, 0
160694, 0, 1
160705, 1, 0
160819, 0, 1
160830, 1, 1
160944, 0, 0
160955, 1, 1
161069, 0, 1
161080, 1, 0
161195, 0, 0
161205, 1, 1
161320, 0, 1
161330, 1, 0
161445, 0, 0
161455, 1, 1
161570, 0, 1
161580, 1, 0
161695, 0, 0
161705, 1, bit 1
161705, 1, 1
161820, 0, 0
161830, 1, 0
161945, 0, 1
161955, 1, 1
162070, 0, 0
162080, 1, 0
162195, 0, 1
162205, 1, 1
162320, 0, bit 0
162320, 0, 1
162330, 1, 0
162445, 0, 0
162455, 1, 0
162570, 0, 0
162580, 1, 1
162695, 0, 1
162705, 1, 1
162820, 0, 0
162830, 1, 0
162945, 0, 1
162955, 1, 1
163070, 0, 0
163080, 1, 0
163195, 0, 1
163205, 1, 1
163320, 0, 0
163330, 1, 0
163445, 0, 1
163456, 1, bit 0
163456, 1, 0
163570, 0, 1
163581, 1, 1
163695, 0, 0
163706, 1, 0
163820, 0, 1
163831, 1, 1
163945, 0, 0
163956, 1, 0
164070, 0, bit 1
164070, 0, 0
164081, 1, 1
164195, 0, 1
164206, 1, 1
164320, 0, 1
164331, 1, 0
164445, 0, 0
164456, 1, 0
164570, 0, 1
164581, 1, 1
164695, 0, 0
164706, 1, 0
164820, 0, 1
164831, 1, 1
164945, 0, 0
164956, 1, 0
165070, 0, 1
165081, 1, 1
165195, 0, 0
165206, 1, bit 0
165206, 1, 0
165320, 0, 0
165331, 1, 1
165445, 0, 1
165456, 1, 0
165570, 0, 0
165581, 1, 1
165695, 0, 1
165706, 1, 0
165820, 0, bit 0
165820, 0, 1
165831, 1, 1
165945, 0, 0
165956, 1, 1
166070, 0, 0
166081, 1, 0
166195, 0, 1
166206, 1, 0
166320, 0, 0
166331, 1, 1
166445, 0, 1
166456, 1, 0
166571, 0, 0
166581, 1, 1
166696, 0, 1
166706, 1, 0
166821, 0, 0
166831, 1, 1
166946, 0, 1
166956, 1, bit 1
166956, 1, 1
167071, 0, 1
167081, 1, 0
167196, 0, 0
167206, 1, 1
167321, 0, 1
167331, 1, 0
167446, 0, 0
167456, 1, 1
167571, 0, bit 0
167571, 0, 1
167581, 1, 0
167696, 0, 0
167706, 1, 0
167821, 0, 0
167831, 1, 1
167946, 0, 1
167956, 1, 1
168071, 0, 0
168081, 1, 0
168196, 0, 1
168206, 1, 1
168321, 0, 0
168331, 1, 0
168446, 0, 1
168456, 1, 1
168571, 0, 0
168581, 1, 0
168696, 0, 1
168706, 1, bit 0
168706, 1, 0
168821, 0, 1
168832, 1, 1
168946, 0, 0
168957, 1, 0
169071, 0, 1
169082, 1, 1
169196, 0, 0
169207, 1, 0
169321, 0, bit 0
169324, 0, 1
169332, 1, 1
169446, 0, 0
169457, 1, 1
169571, 0, 0
169582, 1, 0
169696, 0, 1
169707, 1, 0
169821, 0, 0
169832, 1, 1
169946, 0, 1
169957, 1, 0
170071, 0, 0
170082, 1, 1
170196, 0, 1
170207, 1, 0
170321, 0, 0
170332, 1, 1
170446, 0, 1
170457, 1, bit 0
170457, 1, 0
170571, 0, 1
170582, 1, 1
170696, 0, 0
170707, 1, 0
170821, 0, 1
170832, 1, 1
170946, 0, 0
170957, 1, 0
171071, 0, bit 0
171071, 0, 1
171082, 1, 1
171196, 0, 0
171207, 1, 1
171321, 0, 0
171332, 1, 0
171446, 0, 1
171457, 1, 0
171571, 0, 0
171582, 1, 1
171696, 0, 1
171707, 1, 0
171821, 0, 0
171832, 1, 1
171947, 0, 1
171957, 1, 0
172072, 0, 0
172082, 1, 1
172197, 0, 1
172207, 1, bit 1
172207, 1, 1
172322, 0, 1
172332, 1, 0
172447, 0, 0
172457, 1, 1
172572, 0, 1
172582, 1, 0
172697, 0, 0
172707, 1, 1
172822, 0, bit 0
172822, 0, 1
172832, 1, 0
172947, 0, 0
172957, 1, 0
173072, 0, 0
173082, 1, 1
173197, 0, 1
173207, 1, 1
173322, 0, 0
173332, 1, 0
173447, 0, 1
173457, 1, 1
173572, 0, 0
173582, 1, 0
173697, 0, 1
173707, 1, 1
173822, 0, 0
173832, 1, 0
173947, 0, 1
173957, 1, bit 0
173957, 1, 0
174072, 0, 1
174082, 1, 1
174197, 0, 0
174208, 1, 0
174322, 0, 1
174333, 1, 1
174447, 0, 0
174458, 1, 0
174572, 0, bit 1
174572, 0, 0
174583, 1, 1
174697, 0, 1
174708, 1, 1
174822, 0, 1
174833, 1, 0
174947, 0, 0
174958, 1, 0
175072, 0, 1
175083, 1, 1
175197, 0, 0
175208, 1, 0
175322, 0, 1
175333, 1, 1
175447, 0, 0
175458, 1, 0
175572, 0, 1
175583, 1, 1
175697, 0, 0
175708, 1, bit 1
175708, 1, 1
175822, 0, 0
175833, 1, 0
175947, 0, 1
175958, 1, 1
176072, 0, 0
176083, 1, 0
176197, 0, 1
176208, 1, 1
176322, 0, bit 1
176322, 0, 0
176333, 1, 0
176447, 0, 1
176458, 1, 0
176572, 0, 1
176583, 1, 1
176697, 0, 0
176708, 1, 1
176822, 0, 1
176833, 1, 0
176947, 0, 0
176958, 1, 1
177072, 0, 1
177083, 1, 0
177197, 0, 0
177208, 1, 1
177323, 0, 1
177333, 1, 0
177448, 0, 0
177458, 1, bit 1
177458, 1, 1
177573, 0, 0
177583, 1, 0
177698, 0, 1
177708, 1, 1
177823, 0, 0
177833, 1, 0
177948, 0, 1
177958, 1, 1
178073, 0, bit 0
178073, 0, 1
178083, 1, 0
178198, 0, 0
178208, 1, 0
178323, 0, 0
178333, 1, 1
178448, 0, 1
178458, 1, 1
178573, 0, 0
178583, 1, 0
178698, 0, 1
178708, 1, 1
178823, 0, 0
178833, 1, 0
178948, 0, 1
178958, 1, 1
179073, 0, 0
179083, 1, 0
179198, 0, 1
179208, 1, bit 1
179208, 1, 1
179323, 0, 1
179333, 1, 0
179448, 0, 0
179458, 1, 1
179573, 0, 1
179584, 1, 0
179698, 0, 0
179709, 1, 1
179823, 0, bit 0
179823, 0, 1
179834, 1, 0
179948, 0, 0
179959, 1, 0
180073, 0, 0
180084, 1, 1
180198, 0, 1
180209, 1, 1
180323, 0, 0
180334, 1, 0
180448, 0, 1
180459, 1, 1
180573, 0, 0
180584, 1, 0
180698, 0, 1
180709, 1, 1
180823, 0, 0
180834, 1, 0
180948, 0, 1
180959, 1, bit 0
180959, 1, 0
181073, 0, 1
181084, 1, 1
181198, 0, 0
181209, 1, 0
181323, 0, 1
181334, 1, 1
181448, 0, 0
181459, 1, 0
181573, 0, bit 0
181573, 0, 1
181584, 1, 1
181698, 0, 0
181709, 1, 1
181823, 0, 0
181834, 1, 0
181948, 0, 1
181959, 1, 0
182073, 0, 0
182084, 1, 1
182198, 0, 1
182209, 1, 0
182323, 0, 0
182334, 1, 1
182448, 0, 1
182459, 1, 0
182573, 0, 0
182584, 1, 1
182699, 0, 1
182709, 1, bit 1
182709, 1, 1
182824, 0, 1
182834, 1, 0
182949, 0, 0
182959, 1, 1
183074, 0, 1
183084, 1, 0
183199, 0, 0
183209, 1, 1
183324, 0, bit 0
183324, 0, 1
183334, 1, 0
183449, 0, 0
183459, 1, 0
183574, 0, 0
183584, 1, 1
183699, 0, 1
183709, 1, 1
183824, 0, 0
183834, 1, 0
183949, 0, 1
183959, 1, 1
184074, 0, 0
184084, 1, 0
184199, 0, 1
184209, 1, 1
184324, 0, 0
184334, 1, 0
184449, 0, 1
184459, 1, bit 1
184459, 1, 1
184574, 0, 1
184584, 1, 0
184699, 0, 0
184709, 1, 1
184824, 0, 1
184834, 1, 0
184949, 0, 0
184960, 1, 1
185074, 0, bit 0
185074, 0, 1
185085, 1, 0
185199, 0, 0
185210, 1, 0
185324, 0, 0
185335, 1, 1
185449, 0, 1
185460, 1, 1
185574, 0, 0
185585, 1, 0
185699, 0, 1
185710, 1, 1
185824, 0, 0
185835, 1, 0
185949, 0, 1
185960, 1, 1
186074, 0, 0
186085, 1, 0
186199, 0, 1
186210, 1, bit 1
186210, 1, 1
186324, 0, 1
186335, 1, 0
186449, 0, 0
186460, 1, 1
186574, 0, 1
186585, 1, 0
186699, 0, 0
186710, 1, 1
186824, 0, bit 1
186824, 0, 0
186835, 1, 0
186949, 0, 1
186960, 1, 0
187074, 0, 1
187085, 1, 1
187199, 0, 0
187210, 1, 1
187324, 0, 1
187335, 1, 0
187449, 0, 0
187460, 1, 1
187574, 0, 1
187585, 1, 0
187699, 0, 0
187710, 1, 1
187824, 0, 1
187835, 1, 0
187949, 0, 0
187960, 1, bit 0
187960, 1, 0
188075, 0, 0
188085, 1, 1
188200, 0, 1
188210, 1, 0
188325, 0, 0
188335, 1, 1
188450, 0, 1
188460, 1, 0
188575, 0, bit 0
188575, 0, 1
188585, 1, 1
188700, 0, 0
188710, 1, 1
188825, 0, 0
188835, 1, 0
188950, 0, 1
188960, 1, 0
189075, 0, 0
189085, 1, 1
189200, 0, 1
189210, 1, 0
189325, 0, 0
189335, 1, 1
189450, 0, 1
189460, 1, 0
189575, 0, 0
189585, 1, 1
189700, 0, 1
189710, 1, bit 1
189710, 1, 1
189825, 0, 1
189835, 1, 0
189950, 0, 0
189960, 1, 1
190075, 0, 1
190085, 1, 0
190200, 0, 0
190210, 1, 1
190325, 0, bit 1
190325, 0, 0
190336, 1, 0
190450, 0, 1
190461, 1, 0
190575, 0, 1
190586, 1, 1
190700, 0, 0
190711, 1, 1
190825, 0, 1
190836, 1, 0
190950, 0, 0
190961, 1, 1
191075, 0, 1
191086, 1, 0
191200, 0, 0
191211, 1, 1
191325, 0, 1
191336, 1, 0
191450, 0, 0
191461, 1, bit 0
191461, 1, 0
191575, 0, 0
191586, 1, 1
191700, 0, 1
191711, 1, 0
191825, 0, 0
191836, 1, 1
191950, 0, 1
191961, 1, 0
192075, 0, bit 1
192075, 0, 0
192086, 1, 1
192200, 0, 1
192211, 1, 1
192325, 0, 1
192336, 1, 0
192450, 0, 0
192461, 1, 0
192575, 0, 1
192586, 1, 1
192700, 0, 0
192711, 1, 0
192825, 0, 1
192836, 1, 1
192950, 0, 0
192961, 1, 0
193075, 0, 1
193086, 1, 1
193200, 0, 0
193211, 1, bit 1
193211, 1, 1
193325, 0, 0
193336, 1, 0
193451, 0, 1
193461, 1, 1
193576, 0, 0
193586, 1, 0
193701, 0, 1
193711, 1, 1
193826, 0, bit 1
193826, 0, 0
193836, 1, 0
193951, 0, 1
193961, 1, 0
194076, 0, 1
194086, 1, 1
194201, 0, 0
194211, 1, 1
194326, 0, 1
194336, 1, 0
194451, 0, 0
194461, 1, 1
194576, 0, 1
194586, 1, 0
194701, 0, 0
194711, 1, 1
194826, 0, 1
194836, 1, 0
194951, 0, 0
194961, 1, bit 1
194961, 1, 1
195076, 0, 0
195086, 1, 0
195201, 0, 1
195211, 1, 1
195326, 0, 0
195336, 1, 0
195451, 0, 1
195461, 1, 1
195576, 0, bit 0
195576, 0, 1
195586, 1, 0
195701, 0, 0
195712, 1, 0
195826, 0, 0
195837, 1, 1
195951, 0, 1
195962, 1, 1
196076, 0, 0
196087, 1, 0
196201, 0, 1
196212, 1, 1
196326, 0, 0
196337, 1, 0
196451, 0, 1
196462, 1, 1
196576, 0, 0
196587, 1, 0
196701, 0, 1
196712, 1, bit 0
196712, 1, 0
196826, 0, 1
196837, 1, 1
196951, 0, 0
196962, 1, 0
197076, 0, 1
197087, 1, 1
197201, 0, 0
197212, 1, 0
197326, 0, bit 0
197326, 0, 1
197337, 1, 1
197451, 0, 0
197462, 1, 1
197576, 0, 0
197587, 1, 0
197701, 0, 1
197712, 1, 0
197826, 0, 0
197837, 1, 1
197951, 0, 1
197962, 1, 0
198076, 0, 0
198087, 1, 1
198201, 0, 1
198212, 1, 0
198326, 0, 0
198337, 1, 1
198451, 0, 1
198462, 1, bit 0
198462, 1, 0
198576, 0, 1
198587, 1, 1
198701, 0, 0
198712, 1, 0
198827, 0, 1
198837, 1, 1
198952, 0, 0
198962, 1, 0
199077, 0, bit 1
199077, 0, 0
199087, 1, 1
199202, 0, 1
199212, 1, 1
199327, 0, 1
199337, 1, 0
199452, 0, 0
199462, 1, 0
199577, 0, 1
199587, 1, 1
199702, 0, 0
199712, 1, 0
199827, 0, 1
199837, 1, 1
199952, 0, 0
199962, 1, 0
200077, 0, 1
200087, 1, 1
200202, 0, 0
200212, 1, bit 1
200212, 1, 1
200327, 0, 0
200337, 1, 0
200452, 0, 1
200462, 1, 1
200577, 0, 0
200587, 1, 0
200702, 0, 1
200712, 1, 1
200827, 0, bit 0
200827, 0, 1
200837, 1, 0
200952, 0, 0
200962, 1, 0
201077, 0, 0
201088, 1, 1
201202, 0, 1
201213, 1, 1
201327, 0, 0
201338, 1, 0
201452, 0, 1
201463, 1, 1
201577, 0, 0
201588, 1, 0
201702, 0, 1
201713, 1, 1
201827, 0, 0
201838, 1, 0
201952, 0, 1
201963, 1, bit 0
201963, 1, 0
202077, 0, 1
202088, 1, 1
202202, 0, 0
202213, 1, 0
202327, 0, 1
202338, 1, 1
202452, 0, 0
202463, 1, 0
202577, 0, bit 1
202577, 0, 0
202588, 1, 1
202702, 0, 1
202713, 1, 1
202827, 0, 1
202838, 1, 0
202952, 0, 0
202963, 1, 0
203077, 0, 1
203088, 1, 1
203202, 0, 0
203213, 1, 0
203327, 0, 1
203338, 1, 1
203452, 0, 0
203463, 1, 0
203577, 0, 1
203588, 1, 1
203702, 0, 0
203713, 1, bit 1
203713, 1, 1
203827, 0, 0
203838, 1, 0
203952, 0, 1
203963, 1, 1
204077, 0, 0
204088, 1, 0
204203, 0, 1
204213, 1, 1
204328, 0, bit 0
204328, 0, 1
204338, 1, 0
204453, 0, 0
204463, 1, 0
204578, 0, 0
204588, 1, 1
204703, 0, 1
204713, 1, 1
204828, 0, 0
204838, 1, 0
204953, 0, 1
204963, 1, 1
205078, 0, 0
205088, 1, 0
205203, 0, 1
205213, 1, 1
205328, 0, 0
205338, 1, 0
205453, 0, 1
205463, 1, bit 1
205463, 1, 1
205578, 0, 1
205588, 1, 0
205703, 0, 0
205713, 1, 1
205828, 0, 1
205838, 1, 0
205953, 0, 0
205963, 1, 1
206078, 0, bit 0
206078, 0, 1
206088, 1, 0
206203, 0, 0
206213, 1, 0
206328, 0, 0
206338, 1, 1
206453, 0, 1
206464, 1, 1
206578, 0, 0
206589, 1, 0
206703, 0, 1
206714, 1, 1
206828, 0, 0
206839, 1, 0
206953, 0, 1
206964, 1, 1
207078, 0, 0
207089, 1, 0
207203, 0, 1
207214, 1, bit 1
207214, 1, 1
207328, 0, 1
207339, 1, 0
207453, 0, 0
207464, 1, 1
207578, 0, 1
207589, 1, 0
207703, 0, 0
207714, 1, 1
207828, 0, bit 0
207828, 0, 1
207839, 1, 0
207953, 0, 0
207964, 1, 0
208078, 0, 0
208089, 1, 1
208203, 0, 1
208214, 1, 1
208328, 0, 0
208339, 1, 0
208453, 0, 1
208464, 1, 1
208578, 0, 0
208589, 1, 0
208703, 0, 1
208714, 1, 1
208828, 0, 0
208839, 1, 0
208953, 0, 1
208964, 1, bit 1
208964, 1, 1
209078, 0, 1
209089, 1, 0
209203, 0, 0
209214, 1, 1
209328, 0, 1
209339, 1, 0
209453, 0, 0
209464, 1, 1
209579, 0, bit 1
209579, 0, 0
209589, 1, 0
209704, 0, 1
209714, 1, 0
209829, 0, 1
209839, 1, 1
209954, 0, 0
209964, 1, 1
210079, 0, 1
210089, 1, 0
210204, 0, 0
210214, 1, 1
210329, 0, 1
210339, 1, 0
210454, 0, 0
210464, 1, 1
210579, 0, 1
210589, 1, 0
210704, 0, 0
210714, 1, bit 1
210714, 1, 1
210829, 0, 0
210839, 1, 0
210954, 0, 1
210964, 1, 1
211079, 0, 0
211089, 1, 0
211204, 0, 1
211214, 1, 1
211329, 0, bit 0
211329, 0, 1
211339, 1, 0
211454, 0, 0
211464, 1, 0
211579, 0, 0
211589, 1, 1
211704, 0, 1
211714, 1, 1
211829, 0, 0
211840, 1, 0
211954, 0, 1
211965, 1, 1
212079, 0, 0
212090, 1, 0
212204, 0, 1
212215, 1, 1
212329, 0, 0
212340, 1, 0
212454, 0, 1
212465, 1, bit 0
212465, 1, 0
212579, 0, 1
212590, 1, 1
212704, 0, 0
212715, 1, 0
212829, 0, 1
212840, 1, 1
212954, 0, 0
212965, 1, 0
213079, 0, bit 1
213079, 0, 0
213090, 1, 1
213204, 0, 1
213215, 1, 1
213329, 0, 1
213340, 1, 0
213454, 0, 0
213465, 1, 0
213579, 0, 1
213590, 1, 1
213704, 0, 0
213715, 1, 0
213829, 0, 1
213840, 1, 1
213954, 0, 0
213965, 1, 0
214079, 0, 1
214090, 1, 1
214204, 0, 0
214215, 1, bit 0
214215, 1, 0
214329, 0, 0
214340, 1, 1
214454, 0, 1
214465, 1, 0
214579, 0, 0
214590, 1, 1
214704, 0, 1
214715, 1, 0
214829, 0, bit 0
214829, 0, 1
214840, 1, 1
214955, 0, 0
214965, 1, 1
215080, 0, 0
215090, 1, 0
215205, 0, 1
215215, 1, 0
215330, 0, 0
215340, 1, 1
215455, 0, 1
215465, 1, 0
215580, 0, 0
215590, 1, 1
215705, 0, 1
215715, 1, 0
215830, 0, 0
215840, 1, 1
215955, 0, 1
215965, 1, bit 1
215965, 1, 1
216080, 0, 1
216090, 1, 0
216205, 0, 0
216215, 1, 1
216330, 0, 1
216340, 1, 0
216455, 0, 0
216465, 1, 1
216580, 0, bit 1
216580, 0, 0
216590, 1, 0
216705, 0, 1
216715, 1, 0
216830, 0, 1
216840, 1, 1
216955, 0, 0
216965, 1, 1
217080, 0, 1
217090, 1, 0
217205, 0, 0
217216, 1, 1
217330, 0, 1
217341, 1, 0
217455, 0, 0
217466, 1, 1
217580, 0, 1
217591, 1, 0
217705, 0, 0
217716, 1, bit 1
217716, 1, 1
217830, 0, 0
217841, 1, 0
217955, 0, 1
217966, 1, 1
218080, 0, 0
218091, 1, 0
218205, 0, 1
218216, 1, 1
218330, 0, bit 1
218330, 0, 0
218341, 1, 0
218455, 0, 1
218466, 1, 0
218580, 0, 1
218591, 1, 1
218705, 0, 0
218716, 1, 1
218830, 0, 1
218841, 1, 0
218955, 0, 0
218966, 1, 1
219080, 0, 1
219091, 1, 0
219205, 0, 0
219216, 1, 1
219330, 0, 1
219341, 1, 0
219455, 0, 0
219466, 1, bit 1
219466, 1, 1
219580, 0, 0
219591, 1, 0
219705, 0, 1
219716, 1, 1
219830, 0, 0
219841, 1, 0
219955, 0, 1
219966, 1, 1
220080, 0, bit 0
220080, 0, 1
220091, 1, 0
220205, 0, 0
220216, 1, 0
220331, 0, 0
220341, 1, 1
220456, 0, 1
220466, 1, 1
220581, 0, 0
220591, 1, 0
220706, 0, 1
220716, 1, 1
220831, 0, 0
220841, 1, 0
220956, 0, 1
220966, 1, 1
221081, 0, 0
221091, 1, 0
221206, 0, 1
221216, 1, bit 0
221216, 1, 0
221331, 0, 1
221341, 1, 1
221456, 0, 0
221466, 1, 0
221581, 0, 1
221591, 1, 1
221706, 0, 0
221716, 1, 0
221831, 0, bit 0
221831, 0, 1
221841, 1, 1
221956, 0, 0
221966, 1, 1
222081, 0, 0
222091, 1, 0
222206, 0, 1
222216, 1, 0
222331, 0, 0
222341, 1, 1
222456, 0, 1
222466, 1, 0
222581, 0, 0
222592, 1, 1
222706, 0, 1
222717, 1, 0
222831, 0, 0
222842, 1, 1
222956, 0, 1
222967, 1, bit 0
222967, 1, 0
223081, 0, 1
223092, 1, 1
223206, 0, 0
223217, 1, 0
223331, 0, 1
223342, 1, 1
223456, 0, 0
223467, 1, 0
223581, 0, bit 1
223581, 0, 0
223592, 1, 1
223706, 0, 1
223717, 1, 1
223831, 0, 1
223842, 1, 0
223956, 0, 0
223967, 1, 0
224081, 0, 1
224092, 1, 1
224206, 0, 0
224217, 1, 0
224331, 0, 1
224342, 1, 1
224456, 0, 0
224467, 1, 0
224581, 0, 1
224592, 1, 1
224706, 0, 0
224717, 1, bit 1
224717, 1, 1
224831, 0, 0
224842, 1, 0
224956, 0, 1
224967, 1, 1
225081, 0, 0
225092, 1, 0
225206, 0, 1
225217, 1, 1
225331, 0, bit 1
225331, 0, 0
225342, 1, 0
225456, 0, 1
225467, 1, 0
225581, 0, 1
225592, 1, 1
225707, 0, 0
225717, 1, 1
225832, 0, 1
225842, 1, 0
225957, 0, 0
225967, 1, 1
226082, 0, 1
226092, 1, 0
226207, 0, 0
226217, 1, 1
226332, 0, 1
226342, 1, 0
226457, 0, 0
226467, 1, bit 0
226467, 1, 0
226582, 0, 0
226592, 1, 1
226707, 0, 1
226717, 1, 0
226832, 0, 0
226842, 1, 1
226957, 0, 1
226967, 1, 0
227082, 0, bit 1
227082, 0, 0
227092, 1, 1
227207, 0, 1
227217, 1, 1
227332, 0, 1
227342, 1, 0
227457, 0, 0
227467, 1, 0
227582, 0, 1
227592, 1, 1
227707, 0, 0
227717, 1, 0
227832, 0, 1
227842, 1, 1
227957, 0, 0
227968, 1, 0
228082, 0, 1
228093, 1, 1
228207, 0, 0
228218, 1, bit 0
228218, 1, 0
228332, 0, 0
228343, 1, 1
228457, 0, 1
228468, 1, 0
228582, 0, 0
228593, 1, 1
228707, 0, 1
228718, 1, 0
228832, 0, bit 0
228832, 0, 1
228843, 1, 1
228957, 0, 0
228968, 1, 1
229082, 0, 0
229093, 1, 0
229207, 0, 1
229218, 1, 0
229332, 0, 0
229343, 1, 1
229457, 0, 1
229468, 1, 0
229582, 0, 0
229593, 1, 1
229707, 0, 1
229718, 1, 0
229832, 0, 0
229843, 1, 1
229957, 0, 1
229968, 1, bit 0
229968, 1, 0
230082, 0, 1
230093, 1, 1
230207, 0, 0
230218, 1, 0
230332, 0, 1
230343, 1, 1
230457, 0, 0
230468, 1, 0
230582, 0, bit 0
230582, 0, 1
230593, 1, 1
230707, 0, 0
230718, 1, 1
230832, 0, 0
230843, 1, 0
230957, 0, 1
230968, 1, 0
231083, 0, 0
231093, 1, 1
231208, 0, 1
231218, 1, 0
231333, 0, 0
231343, 1, 1
231458, 0, 1
231468, 1, 0
231583, 0, 0
231593, 1, 1
231708, 0, 1
231718, 1, bit 1
231718, 1, 1
231833, 0, 1
231843, 1, 0
231958, 0, 0
231968, 1, 1
232083, 0, 1
232093, 1, 0
232208, 0, 0
232218, 1, 1
232333, 0, bit 1
232333, 0, 0
232343, 1, 0
232458, 0, 1
232468, 1, 0
232583, 0, 1
232593, 1, 1
232708, 0, 0
232718, 1, 1
232833, 0, 1
232843, 1, 0
232958, 0, 0
232968, 1, 1
233083, 0, 1
233093, 1, 0
233208, 0, 0
233218, 1, 1
233333, 0, 1
233344, 1, 0
233458, 0, 0
233469, 1, bit 1
233469, 1, 1
233583, 0, 0
233594, 1, 0
233708, 0, 1
233719, 1, 1
233833, 0, 0
233844, 1, 0
233958, 0, 1
233969, 1, 1
234083, 0, bit 1
234083, 0, 0
234094, 1, 0
234208, 0, 1
234219, 1, 0
234333, 0, 1
234344, 1, 1
234458, 0, 0
234469, 1, 1
234583, 0, 1
234594, 1, 0
234708, 0, 0
234719, 1, 1
234833, 0, 1
234844, 1, 0
234958, 0, 0
234969, 1, 1
235083, 0, 1
235094, 1, 0
235208, 0, 0
235219, 1, bit 0
235219, 1, 0
235333, 0, 0
235344, 1, 1
235458, 0, 1
235469, 1, 0
235583, 0, 0
235594, 1, 1
235708, 0, 1
235719, 1, 0
235833, 0, bit 0
235833, 0, 1
235844, 1, 1
235958, 0, 0
235969, 1, 1
236083, 0, 0
236094, 1, 0
236208, 0, 1
236219, 1, 0
236333, 0, 0
236344, 1, 1
236459, 0, 1
236469, 1, 0
236584, 0, 0
236594, 1, 1
236709, 0, 1
236719, 1, 0
236834, 0, 0
236844, 1, 1
236959, 0, 1
236969, 1, bit 1
236969, 1, 1
237084, 0, 1
237094, 1, 0
237209, 0, 0
237219, 1, 1
237334, 0, 1
237344, 1, 0
237459, 0, 0
237469, 1, 1
237584, 0, bit 0
237584, 0, 1
237594, 1, 0
237709, 0, 0
237719, 1, 0
237834, 0, 0
237844, 1, 1
237959, 0, 1
237969, 1, 1
238084, 0, 0
238094, 1, 0
238209, 0, 1
238219, 1, 1
238334, 0, 0
238344, 1, 0
238459, 0, 1
238469, 1, 1
238584, 0, 0
238594, 1, 0
238709, 0, 1
238720, 1, bit 1
238720, 1, 1
238834, 0, 1
238845, 1, 0
238959, 0, 0
238970, 1, 1
239084, 0, 1
239095, 1, 0
239209, 0, 0
239220, 1, 1
239334, 0, bit 0
239334, 0, 1
239345, 1, 0
239459, 0, 0
239470, 1, 0
239584, 0, 0
239595, 1, 1
239709, 0, 1
239720, 1, 1
239834, 0, 0
239845, 1, 0
239959, 0, 1
239970, 1, 1
240084, 0, 0
240095, 1, 0
240209, 0, 1
240220, 1, 1
240334, 0, 0
240345, 1, 0
240459, 0, 1
240470, 1, bit 0
240473, 1, 0
240584, 0, 1
240595, 1, 1
240709, 0, 0
240720, 1, 0
240834, 0, 1
240845, 1, 1
240959, 0, 0
240970, 1, 0
241084, 0, bit 1
241084, 0, 0
241095, 1, 1
241209, 0, 1
241220, 1, 1
241334, 0, 1
241345, 1, 0
241459, 0, 0
241470, 1, 0
241584, 0, 1
241595, 1, 1
241709, 0, 0
241720, 1, 0
241835, 0, 1
241845, 1, 1
241960, 0, 0
241970, 1, 0
242085, 0, 1
242095, 1, 1
242210, 0, 0
242220, 1, bit 0
242220, 1, 0
242335, 0, 0
242345, 1, 1
242460, 0, 1
242470, 1, 0
242585, 0, 0
242595, 1, 1
242710, 0, 1
242720, 1, 0
242845, 1, 1
242970, 1, 1
243095, 1, 0
243220, 1, 0
243345, 1, 1
243470, 1, 0
243595, 1, 1
243720, 1, 0
243845, 1, 1
243970, 1, bit 1
243970, 1, 1
244096, 1, 0
244221, 1, 1
244346, 1, 0
244471, 1, 1
244596, 1, 0
244721, 1, 0
244846, 1, 1
244971, 1, 1
245096, 1, 0
245221, 1, 1
245346, 1, 0
245471, 1, 1
245596, 1, 0
245721, 1, bit 0
245721, 1, 0
245846, 1, 1
245971, 1, 0
246096, 1, 1
246221, 1, 0
246346, 1, 1
246471, 1, 1
246596, 1, 0
246721, 1, 0
246846, 1, 1
246971, 1, 0
247096, 1, 1
247221, 1, 0
247346, 1, 1
247471, 1, bit 1
247471, 1, 1
247596, 1, 0
247721, 1, 1
247846, 1, 0
247971, 1, 1
248096, 1, 0
248221, 1, 0
248346, 1, 1
248471, 1, 1
248596, 1, 0
248721, 1, 1
248846, 1, 0
248971, 1, 1
249096, 1, 0
249221, 1, bit 0
249221, 1, 0
249346, 1, 1
249472, 1, 0
249597, 1, 1
249722, 1, 0
249847, 1, 1
249972, 1, 1
250097, 1, 0
250222, 1, 0
250347, 1, 1
250472, 1, 0
250597, 1, 1
250722, 1, 0
250847, 1, 1
250972, 1, bit 1
250972, 1, 1
251097, 1, 0
251222, 1, 1
251347, 1, 0
251472, 1, 1
251597, 1, 0
251722, 1, 0
251847, 1, 1
251972, 1, 1
252097, 1, 0
252222, 1, 1
252347, 1, 0
252472, 1, 1
252597, 1, 0
252722, 1, bit 1
252722, 1, 1
252847, 1, 0
252972, 1, 1
253097, 1, 0
253222, 1, 1
253347, 1, 0
253472, 1, 0
253597, 1, 1
253722, 1, 1
253847, 1, 0
253972, 1, 1
254097, 1, 0
254222, 1, 1
254347, 1, 0
254472, 1, bit 1
254472, 1, 1
254597, 1, 0
254722, 1, 1
254848, 1, 0
254973, 1, 1
255098, 1, 0
255223, 1, 0
255348, 1, 1
255473, 1, 1
255598, 1, 0
255723, 1, 1
255848, 1, 0
255973, 1, 1
256098, 1, 0
256223, 1, bit 1
256223, 1, 1
256348, 1, 0
256473, 1, 1
256598, 1, 0
256723, 1, 1
256848, 1, 0
256973, 1, 0
257098, 1, 1
257223, 1, 1
257348, 1, 0
257473, 1, 1
257598, 1, 0
257723, 1, 1
257848, 1, 0
257973, 1, bit 1
257973, 1, 1
258098, 1, 0
258223, 1, 1
258348, 1, 0
258473, 1, 1
258598, 1, 0
258723, 1, 0
258848, 1, 1
258973, 1, 1
259098, 1, 0
259223, 1, 1
259348, 1, 0
259473, 1, 1
259598, 1, 0
259723, 1, bit 1
259723, 1, 1
259848, 1, 0
259973, 1, 1
260098, 1, 0
260224, 1, 1
260349, 1, 0
260474, 1, 0
260599, 1, 1
260724, 1, 1
260849, 1, 0
260974, 1, 1
261099, 1, 0
261224, 1, 1
261349, 1, 0
261474, 1, bit 1
261474, 1, 1
261599, 1, 0
261724, 1, 1
261849, 1, 0
261974, 1, 1
262099, 1, 0
262224, 1, 0
262349, 1, 1
262474, 1, 1
262599, 1, 0
262724, 1, 1
262849, 1, 0
262974, 1, 1
263099, 1, 0
263224, 1, bit 0
263224, 1, 0
263349, 1, 1
263474, 1, 0
263599, 1, 1
263724, 1, 0
263849, 1, 1
263974, 1, 1
264099, 1, 0
264224, 1, 0
264349, 1, 1
264474, 1, 0
264599, 1, 1
264724, 1, 0
264849, 1, 1
264974, 1, bit 1
264974, 1, 1
265099, 1, 0
265224, 1, 1
265349, 1, 0
265474, 1, 1
265600, 1, 0
265725, 1, 0
265850, 1, 1
265975, 1, 1
266100, 1, 0
266225, 1, 1
266350, 1, 0
266475, 1, 1
266600, 1, 0
266725, 1, bit 0
266725, 1, 0
266850, 1, 1
266975, 1, 0
267100, 1, 1
267225, 1, 0
267350, 1, 1
267475, 1, 1
267600, 1, 0
267725, 1, 0
267850, 1, 1
267975, 1, 0
268100, 1, 1
268225, 1, 0
268350, 1, 1
268475, 1, bit 1
268475, 1, 1
268600, 1, 0
268725, 1, 1
268850, 1, 0
268975, 1, 1
269100, 1, 0
269225, 1, 0
269350, 1, 1
269475, 1, 1
269600, 1, 0
269725, 1, 1
269850, 1, 0
269975, 1, 1
270100, 1, 0
270225, 1, bit 0
270225, 1, 0
270350, 1, 1
270475, 1, 0
270600, 1, 1
270725, 1, 0
270850, 1, 1
270976, 1, 1
271101, 1, 0
271226, 1, 0
271351, 1, 1
271476, 1, 0
271601, 1, 1
271726, 1, 0
271851, 1, 1
