125 100 2 7 16
(3, 20, 11, 10.00), (code 0)
(4, 258, 12, 10.00), (code 6)
START
3492639, 0, prem 0
3492639, 0, 0
3492764, 0, 0
3492889, 0, 0
3493014, 0, 0
3493139, 0, 0
3493264, 0, 0
3493389, 0, 0
3493514, 0, 0
3493639, 0, 0
3493764, 0, 0
3493889, 0, 0
3494014, 0, 0
3494139, 0, 0
3494264, 0, 0
3494389, 0, 0
3494514, 0, 0
3494639, 0, 1
3494764, 0, 1
3494889, 0, 1
3495014, 0, 1
3495139, 0, 1
3495264, 0, 1
3495389, 0, 1
3495514, 0, 1
3495639, 0, 1
3495764, 0, 1
3495889, 0, 1
3496014, 0, 1
3496139, 0, 1
3496264, 0, 1
3496389, 0, 1
3496514, 0, 1
3496639, 0, prem 1
3496639, 0, 1
3496764, 0, 1
3496889, 0, 1
3497014, 0, 1
3497139, 0, 1
3497264, 0, 1
3497389, 0, 1
3497515, 0, 1
3497640, 0, 1
3497765, 0, 1
3497890, 0, 1
3498015, 0, 1
3498140, 0, 1
3498265, 0, 1
3498390, 0, 1
3498515, 0, 1
3498640, 0, 0
3498765, 0, 0
3498890, 0, 0
3499015, 0, 0
3499140, 0, 0
3499265, 0, 0
3499390, 0, 0
3499515, 0, 0
3499640, 0, 0
3499765, 0, 0
3499890, 0, 0
3500015, 0, 0
3500140, 0, 0
3500265, 0, 0
3500390, 0, 0
3500515, 0, 0
3500640, 0, prem 1
3500640, 0, 1
3500765, 0, 1
3500890, 0, 1
3501015, 0, 1
3501140, 0, 1
3501265, 0, 1
3501390, 0, 1
3501515, 0, 1
3501640, 0, 1
3501765, 0, 1
3501890, 0, 1
3502015, 0, 1
3502140, 0, 1
3502265, 0, 1
3502390, 0, 1
3502515, 0, 1
3502640, 0, 0
3502765, 0, 0
3502891, 0, 0
3503016, 0, 0
3503141, 0, 0
3503266, 0, 0
3503391, 0, 0
3503516, 0, 0
3503641, 0, 0
3503766, 0, 0
3503891, 0, 0
3504016, 0, 0
3504141, 0, 0
3504266, 0, 0
3504391, 0, 0
3504516, 0, 0
3504641, 0, prem 1
3504641, 0, 1
3504766, 0, 1
3504891, 0, 1
3505016, 0, 1
3505141, 0, 1
3505266, 0, 1
3505391, 0, 1
3505516, 0, 1
3505641, 0, 1
3505766, 0, 1
3505891, 0, 1
3506016, 0, 1
3506141, 0, 1
3506266, 0, 1
3506391, 0, 1
3506516, 0, 1
3506641, 0, 0
3506766, 0, 0
3506891, 0, 0
3507016, 0, 0
3507141, 0, 0
3507266, 0, 0
3507391, 0, 0
3507516, 0, 0
3507641, 0, 0
3507766, 0, 0
3507891, 0, 0
3508016, 0, 0
3508141, 0, 0
3508267, 0, 0
3508392, 0, 0
3508517, 0, 0
3508642, 0, prem 1
3508642, 0, 1
3508767, 0, 1
3508892, 0, 1
3509017, 0, 1
3509142, 0, 1
3509267, 0, 1
3509392, 0, 1
3509517, 0, 1
3509642, 0, 1
3509767, 0, 1
3509892, 0, 1
3510017, 0, 1
3510142, 0, 1
3510267, 0, 1
3510392, 0, 1
3510517, 0, 1
3510642, 0, 0
3510767, 0, 0
3510892, 0, 0
3511017, 0, 0
3511142, 0, 0
3511267, 0, 0
3511392, 0, 0
3511517, 0, 0
3511642, 0, 0
3511767, 0, 0
3511892, 0, 0
3512017, 0, 0
3512142, 0, 0
3512267, 0, 0
3512392, 0, 0
3512517, 0, 0
3512642, 0, prem 0
3512642, 0, 0
3512767, 0, 0
3512892, 0, 0
3513017, 0, 0
3513142, 0, 0
3513267, 0, 0
3513392, 0, 0
3513517, 0, 0
3513643, 0, 0
3513768, 0, 0
3513893, 0, 0
3514018, 0, 0
3514143, 0, 0
3514268, 0, 0
3514393, 0, 0
3514518, 0, 0
3514643, 0, 1
3514768, 0, 1
3514893, 0, 1
3515018, 0, 1
3515143, 0, 1
3515268, 0, 1
3515393, 0, 1
3515518, 0, 1
3515643, 0, 1
3515768, 0, 1
3515893, 0, 1
3516018, 0, 1
3516143, 0, 1
3516268, 0, 1
3516393, 0, 1
3516518, 0, 1
3516643, 0, prem 0
3516643, 0, 0
3516768, 0, 0
3516893, 0, 0
3517018, 0, 0
3517143, 0, 0
3517268, 0, 0
3517393, 0, 0
3517518, 0, 0
3517643, 0, 0
3517768, 0, 0
3517893, 0, 0
3518018, 0, 0
3518143, 0, 0
3518268, 0, 0
3518393, 0, 0
3518518, 0, 0
3518643, 0, 1
3518768, 0, 1
3518893, 0, 1
3519019, 0, 1
3519144, 0, 1
3519269, 0, 1
3519394, 0, 1
3519519, 0, 1
3519644, 0, 1
3519769, 0, 1
3519894, 0, 1
3520019, 0, 1
3520144, 0, 1
3520269, 0, 1
3520394, 0, 1
3520519, 0, 1
3520644, 0, bit 1
3520647, 0, 0
3520769, 0, 1
3520894, 0, 1
3521019, 0, 0
3521144, 0, 1
3521269, 0, 0
3521394, 0, 1
3521519, 0, 0
3521644, 0, 1
3521769, 0, 0
3521894, 0, 0
3522019, 0, 1
3522144, 0, 0
3522269, 0, 1
3522394, 0, bit 1
3522394, 0, 0
3522519, 0, 1
3522522, 1, prem 0
3522522, 1, 0
3522644, 0, 1
3522647, 1, 0
3522769, 0, 0
3522772, 1, 0
3522894, 0, 1
3522897, 1, 0
3523019, 0, 0
3523022, 1, 0
3523144, 0, 1
3523147, 1, 0
3523269, 0, 0
3523272, 1, 0
3523394, 0, 1
3523397, 1, 0
3523519, 0, 0
3523522, 1, 0
3523644, 0, 0
3523647, 1, 0
3523769, 0, 1
3523772, 1, 0
3523894, 0, 0
3523897, 1, 0
3524019, 0, 1
3524022, 1, 0
3524144, 0, bit 1
3524144, 0, 0
3524147, 1, 0
3524269, 0, 1
3524272, 1, 0
3524395, 0, 1
3524397, 1, 0
3524520, 0, 0
3524523, 1, 1
3524645, 0, 1
3524648, 1, 1
3524770, 0, 0
3524773, 1, 1
3524895, 0, 1
3524898, 1, 1
3525020, 0, 0
3525023, 1, 1
3525145, 0, 1
3525148, 1, 1
3525270, 0, 0
3525273, 1, 1
3525395, 0, 0
3525398, 1, 1
3525520, 0, 1
3525523, 1, 1
3525645, 0, 0
3525648, 1, 1
3525770, 0, 1
3525773, 1, 1
3525895, 0, bit 0
3525895, 0, 1
3525898, 1, 1
3526020, 0, 0
3526023, 1, 1
3526145, 0, 0
3526148, 1, 1
3526270, 0, 1
3526273, 1, 1
3526395, 0, 0
3526398, 1, 1
3526520, 0, 1
3526523, 1, prem 0
3526523, 1, 0
3526645, 0, 0
3526648, 1, 0
3526770, 0, 1
3526773, 1, 0
3526895, 0, 0
3526898, 1, 0
3527020, 0, 1
3527023, 1, 0
3527145, 0, 1
3527148, 1, 0
3527270, 0, 0
3527273, 1, 0
3527395, 0, 1
3527398, 1, 0
3527520, 0, 0
3527523, 1, 0
3527645, 0, bit 0
3527645, 0, 1
3527648, 1, 0
3527770, 0, 0
3527773, 1, 0
3527895, 0, 0
3527898, 1, 0
3528020, 0, 1
3528023, 1, 0
3528145, 0, 0
3528148, 1, 0
3528270, 0, 1
3528273, 1, 0
3528395, 0, 0
3528398, 1, 0
3528520, 0, 1
3528523, 1, 1
3528645, 0, 0
3528648, 1, 1
3528770, 0, 1
3528773, 1, 1
3528895, 0, 1
3528898, 1, 1
3529020, 0, 0
3529023, 1, 1
3529145, 0, 1
3529148, 1, 1
3529270, 0, 0
3529273, 1, 1
3529395, 0, bit 1
3529395, 0, 0
3529398, 1, 1
3529520, 0, 1
3529523, 1, 1
3529645, 0, 1
3529648, 1, 1
3529771, 0, 0
3529773, 1, 1
3529896, 0, 1
3529899, 1, 1
3530021, 0, 0
3530024, 1, 1
3530146, 0, 1
3530149, 1, 1
3530271, 0, 0
3530274, 1, 1
3530396, 0, 1
3530399, 1, 1
3530521, 0, 0
3530524, 1, prem 1
3530524, 1, 1
3530646, 0, 0
3530649, 1, 1
3530771, 0, 1
3530774, 1, 1
3530896, 0, 0
3530899, 1, 1
3531021, 0, 1
3531024, 1, 1
3531146, 0, bit 0
3531146, 0, 1
3531149, 1, 1
3531271, 0, 0
3531274, 1, 1
3531396, 0, 0
3531399, 1, 1
3531521, 0, 1
3531524, 1, 1
3531646, 0, 0
3531649, 1, 1
3531771, 0, 1
3531774, 1, 1
3531896, 0, 0
3531899, 1, 1
3532021, 0, 1
3532024, 1, 1
3532146, 0, 0
3532149, 1, 1
3532271, 0, 1
3532274, 1, 1
3532396, 0, 1
3532399, 1, 1
3532521, 0, 0
3532524, 1, 0
3532646, 0, 1
3532649, 1, 0
3532771, 0, 0
3532774, 1, 0
3532896, 0, bit 1
3532896, 0, 0
3532899, 1, 0
3533021, 0, 1
3533024, 1, 0
3533146, 0, 1
3533149, 1, 0
3533271, 0, 0
3533274, 1, 0
3533396, 0, 1
3533399, 1, 0
3533521, 0, 0
3533524, 1, 0
3533646, 0, 1
3533649, 1, 0
3533771, 0, 0
3533774, 1, 0
3533896, 0, 1
3533899, 1, 0
3534021, 0, 0
3534024, 1, 0
3534146, 0, 0
3534149, 1, 0
3534271, 0, 1
3534274, 1, 0
3534396, 0, 0
3534399, 1, 0
3534521, 0, 1
3534524, 1, prem 0
3534524, 1, 0
3534646, 0, bit 0
3534646, 0, 1
3534649, 1, 0
3534771, 0, 0
3534774, 1, 0
3534896, 0, 0
3534899, 1, 0
3535021, 0, 1
3535024, 1, 0
3535147, 0, 0
3535149, 1, 0
3535272, 0, 1
3535275, 1, 0
3535397, 0, 0
3535400, 1, 0
3535522, 0, 1
3535525, 1, 0
3535647, 0, 0
3535650, 1, 0
3535772, 0, 1
3535775, 1, 0
3535897, 0, 1
3535900, 1, 0
3536022, 0, 0
3536025, 1, 0
3536147, 0, 1
3536150, 1, 0
3536272, 0, 0
3536275, 1, 0
3536397, 0, bit 1
3536397, 0, 0
3536400, 1, 0
3536522, 0, 1
3536525, 1, 1
3536647, 0, 1
3536650, 1, 1
3536772, 0, 0
3536775, 1, 1
3536897, 0, 1
3536900, 1, 1
3537022, 0, 0
3537025, 1, 1
3537147, 0, 1
3537150, 1, 1
3537272, 0, 0
3537275, 1, 1
3537397, 0, 1
3537400, 1, 1
3537522, 0, 0
3537525, 1, 1
3537647, 0, 0
3537650, 1, 1
3537772, 0, 1
3537775, 1, 1
3537897, 0, 0
3537900, 1, 1
3538022, 0, 1
3538025, 1, 1
3538147, 0, bit 1
3538147, 0, 0
3538150, 1, 1
3538272, 0, 1
3538275, 1, 1
3538397, 0, 1
3538400, 1, 1
3538522, 0, 0
3538525, 1, prem 0
3538525, 1, 0
3538647, 0, 1
3538650, 1, 0
3538772, 0, 0
3538775, 1, 0
3538897, 0, 1
3538900, 1, 0
3539022, 0, 0
3539025, 1, 0
3539147, 0, 1
3539150, 1, 0
3539272, 0, 0
3539275, 1, 0
3539397, 0, 0
3539400, 1, 0
3539522, 0, 1
3539525, 1, 0
3539647, 0, 0
3539650, 1, 0
3539772, 0, 1
3539775, 1, 0
3539897, 0, bit 0
3539897, 0, 1
3539900, 1, 0
3540022, 0, 0
3540025, 1, 0
3540147, 0, 0
3540150, 1, 0
3540272, 0, 1
3540275, 1, 0
3540397, 0, 0
3540400, 1, 0
3540523, 0, 1
3540525, 1, 1
3540648, 0, 0
3540651, 1, 1
3540773, 0, 1
3540776, 1, 1
3540898, 0, 0
3540901, 1, 1
3541023, 0, 1
3541026, 1, 1
3541148, 0, 1
3541151, 1, 1
3541273, 0, 0
3541276, 1, 1
3541398, 0, 1
3541401, 1, 1
3541523, 0, 0
3541526, 1, 1
3541648, 0, bit 1
3541648, 0, 0
3541651, 1, 1
3541773, 0, 1
3541776, 1, 1
3541898, 0, 1
3541901, 1, 1
3542023, 0, 0
3542026, 1, 1
3542148, 0, 1
3542151, 1, 1
3542273, 0, 0
3542276, 1, 1
3542398, 0, 1
3542401, 1, 1
3542523, 0, 0
3542526, 1, prem 1
3542526, 1, 1
3542648, 0, 1
3542651, 1, 1
3542773, 0, 0
3542776, 1, 1
3542898, 0, 0
3542901, 1, 1
3543023, 0, 1
3543026, 1, 1
3543148, 0, 0
3543151, 1, 1
3543273, 0, 1
3543276, 1, 1
3543398, 0, bit 1
3543398, 0, 0
3543401, 1, 1
3543523, 0, 1
3543526, 1, 1
3543648, 0, 1
3543651, 1, 1
3543773, 0, 0
3543776, 1, 1
3543898, 0, 1
3543901, 1, 1
3544023, 0, 0
3544026, 1, 1
3544148, 0, 1
3544151, 1, 1
3544273, 0, 0
3544276, 1, 1
3544398, 0, 1
3544401, 1, 1
3544523, 0, 0
3544526, 1, 0
3544648, 0, 0
3544651, 1, 0
3544773, 0, 1
3544776, 1, 0
3544898, 0, 0
3544901, 1, 0
3545023, 0, 1
3545026, 1, 0
3545148, 0, bit 0
3545148, 0, 1
3545151, 1, 0
3545273, 0, 0
3545276, 1, 0
3545398, 0, 0
3545401, 1, 0
3545523, 0, 1
3545526, 1, 0
3545648, 0, 0
3545651, 1, 0
3545773, 0, 1
3545776, 1, 0
3545899, 0, 0
3545901, 1, 0
3546024, 0, 1
3546027, 1, 0
3546149, 0, 0
3546152, 1, 0
3546274, 0, 1
3546277, 1, 0
3546399, 0, 1
3546402, 1, 0
3546524, 0, 0
3546527, 1, prem 0
3546527, 1, 0
3546649, 0, 1
3546652, 1, 0
3546774, 0, 0
3546777, 1, 0
3546899, 0, bit 0
3546899, 0, 1
3546902, 1, 0
3547024, 0, 0
3547027, 1, 0
3547149, 0, 0
3547152, 1, 0
3547274, 0, 1
3547277, 1, 0
3547399, 0, 0
3547402, 1, 0
3547524, 0, 1
3547527, 1, 0
3547649, 0, 0
3547652, 1, 0
3547774, 0, 1
3547777, 1, 0
3547899, 0, 0
3547902, 1, 0
3548024, 0, 1
3548027, 1, 0
3548149, 0, 1
3548152, 1, 0
3548274, 0, 0
3548277, 1, 0
3548399, 0, 1
3548402, 1, 0
3548524, 0, 0
3548527, 1, 1
3548649, 0, bit 0
3548649, 0, 1
3548652, 1, 1
3548774, 0, 0
3548777, 1, 1
3548899, 0, 0
3548902, 1, 1
3549024, 0, 1
3549027, 1, 1
3549149, 0, 0
3549152, 1, 1
3549274, 0, 1
3549277, 1, 1
3549399, 0, 0
3549402, 1, 1
3549524, 0, 1
3549528, 1, 1
3549649, 0, 0
3549654, 1, 1
3549774, 0, 1
3549779, 1, 1
3549899, 0, 1
3549904, 1, 1
3550024, 0, 0
3550029, 1, 1
3550149, 0, 1
3550154, 1, 1
3550274, 0, 0
3550279, 1, 1
3550399, 0, bit 0
3550399, 0, 1
3550404, 1, 1
3550524, 0, 0
3550529, 1, bit 1
3550529, 1, 0
3550649, 0, 0
3550654, 1, 1
3550774, 0, 1
3550779, 1, 0
3550899, 0, 0
3550904, 1, 1
3551024, 0, 1
3551029, 1, 1
3551149, 0, 0
3551154, 1, 0
3551275, 0, 1
3551279, 1, 0
3551400, 0, 0
3551404, 1, 1
3551525, 0, 1
3551529, 1, 0
3551650, 0, 1
3551654, 1, 1
3551775, 0, 0
3551779, 1, 1
3551900, 0, 1
3551904, 1, 0
3552025, 0, 0
3552029, 1, 0
3552150, 0, bit 1
3552150, 0, 0
3552154, 1, 1
3552275, 0, 1
3552279, 1, bit 1
3552279, 1, 0
3552400, 0, 1
3552404, 1, 1
3552525, 0, 0
3552529, 1, 0
3552650, 0, 1
3552654, 1, 1
3552775, 0, 0
3552779, 1, 1
3552900, 0, 1
3552904, 1, 0
3553025, 0, 0
3553029, 1, 0
3553150, 0, 1
3553154, 1, 1
3553275, 0, 0
3553280, 1, 0
3553400, 0, 0
3553405, 1, 1
3553525, 0, 1
3553530, 1, 1
3553650, 0, 0
3553655, 1, 0
3553775, 0, 1
3553780, 1, 0
3553900, 0, bit 0
3553900, 0, 1
3553905, 1, 1
3554025, 0, 0
3554030, 1, bit 0
3554030, 1, 1
3554150, 0, 0
3554155, 1, 0
3554275, 0, 1
3554280, 1, 1
3554400, 0, 0
3554405, 1, 0
3554525, 0, 1
3554530, 1, 0
3554650, 0, 0
3554655, 1, 1
3554775, 0, 1
3554780, 1, 1
3554900, 0, 0
3554905, 1, 0
3555025, 0, 1
3555030, 1, 1
3555150, 0, 1
3555155, 1, 0
3555275, 0, 0
3555280, 1, 0
3555400, 0, 1
3555405, 1, 1
3555525, 0, 0
3555530, 1, 1
3555650, 0, bit 1
3555650, 0, 0
3555655, 1, 0
3555775, 0, 1
3555780, 1, bit 1
3555780, 1, 0
3555900, 0, 1
3555905, 1, 1
3556025, 0, 0
3556030, 1, 0
3556150, 0, 1
3556155, 1, 1
3556275, 0, 0
3556280, 1, 1
3556400, 0, 1
3556405, 1, 0
3556525, 0, 0
3556530, 1, 0
3556651, 0, 1
3556655, 1, 1
3556776, 0, 0
3556780, 1, 0
3556901, 0, 0
3556905, 1, 1
3557026, 0, 1
3557030, 1, 1
3557151, 0, 0
3557155, 1, 0
3557276, 0, 1
3557280, 1, 0
3557401, 0, bit 0
3557404, 0, 1
3557405, 1, 1
3557526, 0, 0
3557530, 1, bit 0
3557530, 1, 1
3557651, 0, 0
3557655, 1, 0
3557776, 0, 1
3557780, 1, 1
3557901, 0, 0
3557905, 1, 0
3558026, 0, 1
3558030, 1, 0
3558151, 0, 0
3558155, 1, 1
3558276, 0, 1
3558280, 1, 1
3558401, 0, 0
3558405, 1, 0
3558526, 0, 1
3558530, 1, 1
3558651, 0, 1
3558656, 1, 0
3558776, 0, 0
3558781, 1, 0
3558901, 0, 1
3558906, 1, 1
3559026, 0, 0
3559031, 1, 1
3559151, 0, bit 0
3559151, 0, 1
3559156, 1, 0
3559276, 0, 0
3559281, 1, bit 1
3559281, 1, 0
3559401, 0, 0
3559406, 1, 1
3559526, 0, 1
3559531, 1, 0
3559651, 0, 0
3559656, 1, 1
3559776, 0, 1
3559781, 1, 1
3559901, 0, 0
3559906, 1, 0
3560026, 0, 1
3560031, 1, 0
3560151, 0, 0
3560156, 1, 1
3560276, 0, 1
3560281, 1, 0
3560401, 0, 1
3560406, 1, 1
3560526, 0, 0
3560531, 1, 1
3560651, 0, 1
3560656, 1, 0
3560776, 0, 0
3560781, 1, 0
3560901, 0, bit 0
3560901, 0, 1
3560906, 1, 1
3561026, 0, 0
3561031, 1, bit 0
3561031, 1, 1
3561151, 0, 0
3561156, 1, 0
3561276, 0, 1
3561281, 1, 1
3561401, 0, 0
3561406, 1, 0
3561526, 0, 1
3561531, 1, 0
3561651, 0, 0
3561656, 1, 1
3561776, 0, 1
3561781, 1, 1
3561901, 0, 0
3561906, 1, 0
3562027, 0, 1
3562031, 1, 1
3562152, 0, 1
3562156, 1, 0
3562277, 0, 0
3562281, 1, 0
3562402, 0, 1
3562406, 1, 1
3562527, 0, 0
3562531, 1, 1
3562652, 0, bit 0
3562652, 0, 1
3562656, 1, 0
3562777, 0, 0
3562781, 1, bit 1
3562781, 1, 0
3562902, 0, 0
3562906, 1, 1
3563027, 0, 1
3563031, 1, 0
3563152, 0, 0
3563156, 1, 1
3563277, 0, 1
3563281, 1, 1
3563402, 0, 0
3563406, 1, 0
3563527, 0, 1
3563531, 1, 0
3563652, 0, 0
3563656, 1, 1
3563777, 0, 1
3563781, 1, 0
3563902, 0, 1
3563906, 1, 1
3564027, 0, 0
3564032, 1, 1
3564152, 0, 1
3564157, 1, 0
3564277, 0, 0
3564282, 1, 0
3564402, 0, bit 1
3564402, 0, 0
3564407, 1, 1
3564527, 0, 1
3564532, 1, bit 0
3564532, 1, 1
3564652, 0, 1
3564657, 1, 0
3564777, 0, 0
3564782, 1, 1
3564902, 0, 1
3564907, 1, 0
3565027, 0, 0
3565032, 1, 0
3565152, 0, 1
3565157, 1, 1
3565277, 0, 0
3565282, 1, 1
3565402, 0, 1
3565407, 1, 0
3565527, 0, 0
3565532, 1, 1
3565652, 0, 0
3565657, 1, 0
3565777, 0, 1
3565782, 1, 0
3565902, 0, 0
3565907, 1, 1
3566027, 0, 1
3566032, 1, 1
3566152, 0, bit 0
3566152, 0, 1
3566157, 1, 0
3566277, 0, 0
3566282, 1, bit 1
3566282, 1, 0
3566402, 0, 0
3566407, 1, 1
3566527, 0, 1
3566532, 1, 0
3566652, 0, 0
3566657, 1, 1
3566777, 0, 1
3566782, 1, 1
3566902, 0, 0
3566907, 1, 0
3567027, 0, 1
3567032, 1, 0
3567152, 0, 0
3567157, 1, 1
3567277, 0, 1
3567282, 1, 0
3567403, 0, 1
3567407, 1, 1
3567528, 0, 0
3567532, 1, 1
3567653, 0, 1
3567657, 1, 0
3567778, 0, 0
3567782, 1, 0
3567903, 0, bit 1
3567903, 0, 0
3567907, 1, 1
3568028, 0, 1
3568032, 1, bit 1
3568032, 1, 0
3568153, 0, 1
3568157, 1, 1
3568278, 0, 0
3568282, 1, 0
3568403, 0, 1
3568407, 1, 1
3568528, 0, 0
3568532, 1, 1
3568653, 0, 1
3568657, 1, 0
3568778, 0, 0
3568782, 1, 0
3568903, 0, 1
3568907, 1, 1
3569028, 0, 0
3569032, 1, 0
3569153, 0, 0
3569157, 1, 1
3569278, 0, 1
3569282, 1, 1
3569403, 0, 0
3569408, 1, 0
3569528, 0, 1
3569533, 1, 0
3569653, 0, bit 0
3569653, 0, 1
3569658, 1, 1
3569778, 0, 0
3569783, 1, bit 1
3569783, 1, 0
3569903, 0, 0
3569908, 1, 1
3570028, 0, 1
3570033, 1, 0
3570153, 0, 0
3570158, 1, 1
3570278, 0, 1
3570283, 1, 1
3570403, 0, 0
3570408, 1, 0
3570528, 0, 1
3570533, 1, 0
3570653, 0, 0
3570658, 1, 1
3570778, 0, 1
3570783, 1, 0
3570903, 0, 1
3570908, 1, 1
3571028, 0, 0
3571033, 1, 1
3571153, 0, 1
3571158, 1, 0
3571278, 0, 0
3571283, 1, 0
3571403, 0, bit 1
3571403, 0, 0
3571408, 1, 1
3571528, 0, 1
3571533, 1, bit 0
3571533, 1, 1
3571653, 0, 1
3571658, 1, 0
3571778, 0, 0
3571783, 1, 1
3571903, 0, 1
3571908, 1, 0
3572028, 0, 0
3572033, 1, 0
3572153, 0, 1
3572158, 1, 1
3572278, 0, 0
3572283, 1, 1
3572403, 0, 1
3572408, 1, 0
3572528, 0, 0
3572533, 1, 1
3572653, 0, 0
3572658, 1, 0
3572779, 0, 1
3572783, 1, 0
3572904, 0, 0
3572908, 1, 1
3573029, 0, 1
3573033, 1, 1
3573154, 0, bit 1
3573154, 0, 0
3573158, 1, 0
3573279, 0, 1
3573283, 1, bit 0
3573283, 1, 1
3573404, 0, 1
3573408, 1, 0
3573529, 0, 0
3573533, 1, 1
3573654, 0, 1
3573658, 1, 0
3573779, 0, 0
3573783, 1, 0
3573904, 0, 1
3573908, 1, 1
3574029, 0, 0
3574033, 1, 1
3574154, 0, 1
3574158, 1, 0
3574279, 0, 0
3574283, 1, 1
3574404, 0, 0
3574408, 1, 0
3574529, 0, 1
3574533, 1, 0
3574654, 0, 0
3574658, 1, 1
3574779, 0, 1
3574784, 1, 1
3574904, 0, bit 0
3574904, 0, 1
3574909, 1, 0
3575029, 0, 0
3575034, 1, bit 0
3575034, 1, 1
3575154, 0, 0
3575159, 1, 0
3575279, 0, 1
3575284, 1, 1
3575404, 0, 0
3575409, 1, 0
3575529, 0, 1
3575534, 1, 0
3575654, 0, 0
3575659, 1, 1
3575779, 0, 1
3575784, 1, 1
3575904, 0, 0
3575909, 1, 0
3576029, 0, 1
3576034, 1, 1
3576154, 0, 1
3576159, 1, 0
3576279, 0, 0
3576284, 1, 0
3576404, 0, 1
3576409, 1, 1
3576529, 0, 0
3576534, 1, 1
3576654, 0, bit 0
3576654, 0, 1
3576659, 1, 0
3576779, 0, 0
3576784, 1, bit 0
3576784, 1, 1
3576904, 0, 0
3576909, 1, 0
3577029, 0, 1
3577034, 1, 1
3577154, 0, 0
3577159, 1, 0
3577279, 0, 1
3577284, 1, 0
3577404, 0, 0
3577409, 1, 1
3577529, 0, 1
3577534, 1, 1
3577654, 0, 0
3577659, 1, 0
3577779, 0, 1
3577784, 1, 1
3577904, 0, 1
3577909, 1, 0
3578029, 0, 0
3578034, 1, 0
3578155, 0, 1
3578159, 1, 1
3578280, 0, 0
3578284, 1, 1
3578405, 0, bit 0
3578405, 0, 1
3578409, 1, 0
3578530, 0, 0
3578534, 1, bit 0
3578534, 1, 1
3578655, 0, 0
3578659, 1, 0
3578780, 0, 1
3578784, 1, 1
3578905, 0, 0
3578909, 1, 0
3579030, 0, 1
3579034, 1, 0
3579155, 0, 0
3579159, 1, 1
3579280, 0, 1
3579284, 1, 1
3579405, 0, 0
3579409, 1, 0
3579530, 0, 1
3579534, 1, 1
3579655, 0, 1
3579659, 1, 0
3579780, 0, 0
3579784, 1, 0
3579905, 0, 1
3579909, 1, 1
3580030, 0, 0
3580034, 1, 1
3580155, 0, bit 0
3580155, 0, 1
3580160, 1, 0
3580280, 0, 0
3580285, 1, bit 0
3580285, 1, 1
3580405, 0, 0
3580410, 1, 0
3580530, 0, 1
3580535, 1, 1
3580655, 0, 0
3580660, 1, 0
3580780, 0, 1
3580785, 1, 0
3580905, 0, 0
3580910, 1, 1
3581030, 0, 1
3581035, 1, 1
3581155, 0, 0
3581160, 1, 0
3581280, 0, 1
3581285, 1, 1
3581405, 0, 1
3581410, 1, 0
3581530, 0, 0
3581535, 1, 0
3581655, 0, 1
3581660, 1, 1
3581780, 0, 0
3581785, 1, 1
3581905, 0, bit 0
3581905, 0, 1
3581910, 1, 0
3582030, 0, 0
3582035, 1, bit 1
3582035, 1, 0
3582155, 0, 0
3582160, 1, 1
3582280, 0, 1
3582285, 1, 0
3582405, 0, 0
3582410, 1, 1
3582530, 0, 1
3582535, 1, 1
3582655, 0, 0
3582660, 1, 0
3582780, 0, 1
3582785, 1, 0
3582905, 0, 0
3582910, 1, 1
3583030, 0, 1
3583035, 1, 0
3583155, 0, 1
3583160, 1, 1
3583280, 0, 0
3583285, 1, 1
3583405, 0, 1
3583410, 1, 0
3583531, 0, 0
3583535, 1, 0
3583656, 0, bit 1
3583656, 0, 0
3583660, 1, 1
3583781, 0, 1
3583785, 1, bit 0
3583785, 1, 1
3583906, 0, 1
3583910, 1, 0
3584031, 0, 0
3584035, 1, 1
3584156, 0, 1
3584160, 1, 0
3584281, 0, 0
3584285, 1, 0
3584406, 0, 1
3584410, 1, 1
3584531, 0, 0
3584535, 1, 1
3584656, 0, 1
3584660, 1, 0
3584781, 0, 0
3584785, 1, 1
3584906, 0, 0
3584910, 1, 0
3585031, 0, 1
3585035, 1, 0
3585156, 0, 0
3585160, 1, 1
3585281, 0, 1
3585285, 1, 1
3585406, 0, bit 0
3585406, 0, 1
3585410, 1, 0
3585531, 0, 0
3585536, 1, bit 0
3585536, 1, 1
3585656, 0, 0
3585661, 1, 0
3585781, 0, 1
3585786, 1, 1
3585906, 0, 0
3585911, 1, 0
3586031, 0, 1
3586036, 1, 0
3586156, 0, 0
3586161, 1, 1
3586281, 0, 1
3586286, 1, 1
3586406, 0, 0
3586411, 1, 0
3586531, 0, 1
3586536, 1, 1
3586656, 0, 1
3586661, 1, 0
3586781, 0, 0
3586786, 1, 0
3586906, 0, 1
3586911, 1, 1
3587031, 0, 0
3587036, 1, 1
3587156, 0, bit 1
3587156, 0, 0
3587161, 1, 0
3587281, 0, 1
3587286, 1, bit 0
3587286, 1, 1
3587406, 0, 1
3587411, 1, 0
3587531, 0, 0
3587536, 1, 1
3587656, 0, 1
3587661, 1, 0
3587781, 0, 0
3587786, 1, 0
3587906, 0, 1
3587911, 1, 1
3588031, 0, 0
3588036, 1, 1
3588156, 0, 1
3588161, 1, 0
3588281, 0, 0
3588286, 1, 1
3588406, 0, 0
3588411, 1, 0
3588531, 0, 1
3588536, 1, 0
3588656, 0, 0
3588661, 1, 1
3588781, 0, 1
3588786, 1, 1
3588907, 0, bit 1
3588907, 0, 0
3588911, 1, 0
3589032, 0, 1
3589036, 1, bit 1
3589036, 1, 0
3589157, 0, 1
3589161, 1, 1
3589282, 0, 0
3589286, 1, 0
3589407, 0, 1
3589411, 1, 1
3589532, 0, 0
3589536, 1, 1
3589657, 0, 1
3589661, 1, 0
3589782, 0, 0
3589786, 1, 0
3589907, 0, 1
3589911, 1, 1
3590032, 0, 0
3590036, 1, 0
3590157, 0, 0
3590161, 1, 1
3590282, 0, 1
3590286, 1, 1
3590407, 0, 0
3590411, 1, 0
3590532, 0, 1
3590536, 1, 0
3590657, 0, bit 0
3590660, 0, 1
3590661, 1, 1
3590782, 0, 0
3590786, 1, bit 1
3590786, 1, 0
3590907, 0, 0
3590912, 1, 1
3591032, 0, 1
3591037, 1, 0
3591157, 0, 0
3591162, 1, 1
3591282, 0, 1
3591287, 1, 1
3591407, 0, 0
3591412, 1, 0
3591532, 0, 1
3591537, 1, 0
3591657, 0, 0
3591662, 1, 1
3591782, 0, 1
3591787, 1, 0
3591907, 0, 1
3591912, 1, 1
3592032, 0, 0
3592037, 1, 1
3592157, 0, 1
3592162, 1, 0
3592282, 0, 0
3592287, 1, 0
3592407, 0, bit 0
3592407, 0, 1
3592412, 1, 1
3592532, 0, 0
3592537, 1, bit 0
3592537, 1, 1
3592657, 0, 0
3592662, 1, 0
3592782, 0, 1
3592787, 1, 1
3592907, 0, 0
3592912, 1, 0
3593032, 0, 1
3593037, 1, 0
3593157, 0, 0
3593162, 1, 1
3593282, 0, 1
3593287, 1, 1
3593407, 0, 0
3593412, 1, 0
3593532, 0, 1
3593537, 1, 1
3593657, 0, 1
3593662, 1, 0
3593782, 0, 0
3593787, 1, 0
3593907, 0, 1
3593912, 1, 1
3594032, 0, 0
3594037, 1, 1
3594157, 0, bit 0
3594157, 0, 1
3594162, 1, 0
3594283, 0, 0
3594287, 1, bit 0
3594287, 1, 1
3594408, 0, 0
3594412, 1, 0
3594533, 0, 1
3594537, 1, 1
3594658, 0, 0
3594662, 1, 0
3594783, 0, 1
3594787, 1, 0
3594908, 0, 0
3594912, 1, 1
3595033, 0, 1
3595037, 1, 1
3595158, 0, 0
3595162, 1, 0
3595283, 0, 1
3595287, 1, 1
3595408, 0, 1
3595412, 1, 0
3595533, 0, 0
3595537, 1, 0
3595658, 0, 1
3595662, 1, 1
3595783, 0, 0
3595787, 1, 1
3595908, 0, bit 1
3595908, 0, 0
3595912, 1, 0
3596033, 0, 1
3596037, 1, bit 0
3596037, 1, 1
3596158, 0, 1
3596162, 1, 0
3596283, 0, 0
3596288, 1, 1
3596408, 0, 1
3596413, 1, 0
3596533, 0, 0
3596538, 1, 0
3596658, 0, 1
3596663, 1, 1
3596783, 0, 0
3596788, 1, 1
3596908, 0, 1
3596913, 1, 0
3597033, 0, 0
3597038, 1, 1
3597158, 0, 0
3597163, 1, 0
3597283, 0, 1
3597288, 1, 0
3597408, 0, 0
3597413, 1, 1
3597533, 0, 1
3597538, 1, 1
3597658, 0, bit 0
3597658, 0, 1
3597663, 1, 0
3597783, 0, 0
3597788, 1, bit 0
3597788, 1, 1
3597908, 0, 0
3597913, 1, 0
3598033, 0, 1
3598038, 1, 1
3598158, 0, 0
3598163, 1, 0
3598283, 0, 1
3598288, 1, 0
3598408, 0, 0
3598413, 1, 1
3598533, 0, 1
3598538, 1, 1
3598658, 0, 0
3598663, 1, 0
3598783, 0, 1
3598788, 1, 1
3598908, 0, 1
3598913, 1, 0
3599033, 0, 0
3599038, 1, 0
3599158, 0, 1
3599163, 1, 1
3599283, 0, 0
3599288, 1, 1
3599408, 0, bit 0
3599408, 0, 1
3599413, 1, 0
3599533, 0, 0
3599538, 1, bit 0
3599538, 1, 1
3599659, 0, 0
3599663, 1, 0
3599784, 0, 1
3599788, 1, 1
3599909, 0, 0
3599913, 1, 0
3600034, 0, 1
3600038, 1, 0
3600159, 0, 0
3600163, 1, 1
3600284, 0, 1
3600288, 1, 1
3600409, 0, 0
3600413, 1, 0
3600534, 0, 1
3600538, 1, 1
3600659, 0, 1
3600663, 1, 0
3600784, 0, 0
3600788, 1, 0
3600909, 0, 1
3600913, 1, 1
3601034, 0, 0
3601038, 1, 1
3601159, 0, bit 0
3601159, 0, 1
3601163, 1, 0
3601284, 0, 0
3601288, 1, bit 1
3601288, 1, 0
3601409, 0, 0
3601413, 1, 1
3601534, 0, 1
3601538, 1, 0
3601659, 0, 0
3601664, 1, 1
3601784, 0, 1
3601789, 1, 1
3601909, 0, 0
3601914, 1, 0
3602034, 0, 1
3602039, 1, 0
3602159, 0, 0
3602164, 1, 1
3602284, 0, 1
3602289, 1, 0
3602409, 0, 1
3602414, 1, 1
3602534, 0, 0
3602539, 1, 1
3602659, 0, 1
3602664, 1, 0
3602784, 0, 0
3602789, 1, 0
3602909, 0, bit 0
3602909, 0, 1
3602914, 1, 1
3603034, 0, 0
3603039, 1, bit 0
3603039, 1, 1
3603159, 0, 0
3603164, 1, 0
3603284, 0, 1
3603289, 1, 1
3603409, 0, 0
3603414, 1, 0
3603534, 0, 1
3603539, 1, 0
3603659, 0, 0
3603664, 1, 1
3603784, 0, 1
3603789, 1, 1
3603909, 0, 0
3603914, 1, 0
3604034, 0, 1
3604039, 1, 1
3604159, 0, 1
3604164, 1, 0
3604284, 0, 0
3604289, 1, 0
3604409, 0, 1
3604414, 1, 1
3604534, 0, 0
3604539, 1, 1
3604659, 0, bit 0
3604659, 0, 1
3604664, 1, 0
3604784, 0, 0
3604789, 1, bit 0
3604789, 1, 1
3604909, 0, 0
3604914, 1, 0
3605035, 0, 1
3605039, 1, 1
3605160, 0, 0
3605164, 1, 0
3605285, 0, 1
3605289, 1, 0
3605410, 0, 0
3605414, 1, 1
3605535, 0, 1
3605539, 1, 1
3605660, 0, 0
3605664, 1, 0
3605785, 0, 1
3605789, 1, 1
3605910, 0, 1
3605914, 1, 0
3606035, 0, 0
3606039, 1, 0
3606160, 0, 1
3606164, 1, 1
3606285, 0, 0
3606289, 1, 1
3606410, 0, bit 0
3606410, 0, 1
3606414, 1, 0
3606535, 0, 0
3606539, 1, bit 1
3606539, 1, 0
3606660, 0, 0
3606664, 1, 1
3606785, 0, 1
3606789, 1, 0
3606910, 0, 0
3606914, 1, 1
3607035, 0, 1
3607040, 1, 1
3607160, 0, 0
3607165, 1, 0
3607285, 0, 1
3607290, 1, 0
3607410, 0, 0
3607415, 1, 1
3607535, 0, 1
3607540, 1, 0
3607660, 0, 1
3607665, 1, 1
3607785, 0, 0
3607790, 1, 1
3607910, 0, 1
3607915, 1, 0
3608035, 0, 0
3608040, 1, 0
3608160, 0, bit 1
3608160, 0, 0
3608165, 1, 1
3608285, 0, 1
3608290, 1, bit 0
3608290, 1, 1
3608410, 0, 1
3608415, 1, 0
3608535, 0, 0
3608540, 1, 1
3608660, 0, 1
3608665, 1, 0
3608785, 0, 0
3608790, 1, 0
3608910, 0, 1
3608915, 1, 1
3609035, 0, 0
3609040, 1, 1
3609160, 0, 1
3609165, 1, 0
3609285, 0, 0
3609290, 1, 1
3609410, 0, 0
3609415, 1, 0
3609535, 0, 1
3609540, 1, 0
3609660, 0, 0
3609665, 1, 1
3609785, 0, 1
3609790, 1, 1
3609910, 0, bit 0
3609910, 0, 1
3609915, 1, 0
3610035, 0, 0
3610040, 1, bit 1
3610040, 1, 0
3610160, 0, 0
3610165, 1, 1
3610285, 0, 1
3610290, 1, 0
3610411, 0, 0
3610415, 1, 1
3610536, 0, 1
3610540, 1, 1
3610661, 0, 0
3610665, 1, 0
3610786, 0, 1
3610790, 1, 0
3610911, 0, 0
3610915, 1, 1
3611036, 0, 1
3611040, 1, 0
3611161, 0, 1
3611165, 1, 1
3611286, 0, 0
3611290, 1, 1
3611411, 0, 1
3611415, 1, 0
3611536, 0, 0
3611540, 1, 0
3611661, 0, bit 0
3611661, 0, 1
3611665, 1, 1
3611786, 0, 0
3611790, 1, bit 0
3611790, 1, 1
3611911, 0, 0
3611915, 1, 0
3612036, 0, 1
3612040, 1, 1
3612161, 0, 0
3612165, 1, 0
3612286, 0, 1
3612290, 1, 0
3612411, 0, 0
3612416, 1, 1
3612536, 0, 1
3612541, 1, 1
3612661, 0, 0
3612666, 1, 0
3612786, 0, 1
3612791, 1, 1
3612911, 0, 1
3612916, 1, 0
3613036, 0, 0
3613041, 1, 0
3613161, 0, 1
3613166, 1, 1
3613286, 0, 0
3613291, 1, 1
3613411, 0, bit 0
3613411, 0, 1
3613416, 1, 0
3613536, 0, 0
3613541, 1, bit 0
3613541, 1, 1
3613661, 0, 0
3613666, 1, 0
3613786, 0, 1
3613791, 1, 1
3613911, 0, 0
3613916, 1, 0
3614036, 0, 1
3614041, 1, 0
3614161, 0, 0
3614166, 1, 1
3614286, 0, 1
3614291, 1, 1
3614411, 0, 0
3614416, 1, 0
3614536, 0, 1
3614541, 1, 1
3614661, 0, 1
3614666, 1, 0
3614786, 0, 0
3614791, 1, 0
3614911, 0, 1
3614916, 1, 1
3615036, 0, 0
3615041, 1, 1
3615161, 0, bit 0
3615161, 0, 1
3615166, 1, 0
3615286, 0, 0
3615291, 1, bit 1
3615291, 1, 0
3615411, 0, 0
3615416, 1, 1
3615536, 0, 1
3615541, 1, 0
3615661, 0, 0
3615666, 1, 1
3615787, 0, 1
3615791, 1, 1
3615912, 0, 0
3615916, 1, 0
3616037, 0, 1
3616041, 1, 0
3616162, 0, 0
3616166, 1, 1
3616287, 0, 1
3616291, 1, 0
3616412, 0, 1
3616416, 1, 1
3616537, 0, 0
3616541, 1, 1
3616662, 0, 1
3616666, 1, 0
3616787, 0, 0
3616791, 1, 0
3616912, 0, bit 1
3616912, 0, 0
3616916, 1, 1
3617037, 0, 1
3617041, 1, bit 1
3617041, 1, 0
3617162, 0, 1
3617166, 1, 1
3617287, 0, 0
3617291, 1, 0
3617412, 0, 1
3617416, 1, 1
3617537, 0, 0
3617541, 1, 1
3617662, 0, 1
3617666, 1, 0
3617787, 0, 0
3617792, 1, 0
3617912, 0, 1
3617917, 1, 1
3618037, 0, 0
3618042, 1, 0
3618162, 0, 0
3618167, 1, 1
3618287, 0, 1
3618292, 1, 1
3618412, 0, 0
3618417, 1, 0
3618537, 0, 1
3618542, 1, 0
3618662, 0, bit 1
3618662, 0, 0
3618667, 1, 1
3618787, 0, 1
3618792, 1, bit 1
3618792, 1, 0
3618912, 0, 1
3618917, 1, 1
3619037, 0, 0
3619042, 1, 0
3619162, 0, 1
3619167, 1, 1
3619287, 0, 0
3619292, 1, 1
3619412, 0, 1
3619417, 1, 0
3619537, 0, 0
3619542, 1, 0
3619662, 0, 1
3619667, 1, 1
3619787, 0, 0
3619792, 1, 0
3619912, 0, 0
3619917, 1, 1
3620037, 0, 1
3620042, 1, 1
3620162, 0, 0
3620167, 1, 0
3620287, 0, 1
3620292, 1, 0
3620412, 0, bit 1
3620412, 0, 0
3620417, 1, 1
3620537, 0, 1
3620542, 1, bit 0
3620542, 1, 1
3620662, 0, 1
3620667, 1, 0
3620787, 0, 0
3620792, 1, 1
3620912, 0, 1
3620917, 1, 0
3621037, 0, 0
3621042, 1, 0
3621163, 0, 1
3621167, 1, 1
3621288, 0, 0
3621292, 1, 1
3621413, 0, 1
3621417, 1, 0
3621538, 0, 0
3621542, 1, 1
3621663, 0, 0
3621667, 1, 0
3621788, 0, 1
3621792, 1, 0
3621913, 0, 0
3621917, 1, 1
3622038, 0, 1
3622042, 1, 1
3622163, 0, bit 1
3622163, 0, 0
3622167, 1, 0
3622288, 0, 1
3622292, 1, bit 0
3622292, 1, 1
3622413, 0, 1
3622417, 1, 0
3622538, 0, 0
3622542, 1, 1
3622663, 0, 1
3622667, 1, 0
3622788, 0, 0
3622792, 1, 0
3622913, 0, 1
3622917, 1, 1
3623038, 0, 0
3623042, 1, 1
3623163, 0, 1
3623168, 1, 0
3623288, 0, 0
3623293, 1, 1
3623413, 0, 0
3623418, 1, 0
3623538, 0, 1
3623543, 1, 0
3623663, 0, 0
3623668, 1, 1
3623788, 0, 1
3623793, 1, 1
3623913, 0, bit 1
3623916, 0, 0
3623918, 1, 0
3624038, 0, 1
3624043, 1, bit 0
3624043, 1, 1
3624163, 0, 1
3624168, 1, 0
3624288, 0, 0
3624293, 1, 1
3624413, 0, 1
3624418, 1, 0
3624538, 0, 0
3624543, 1, 0
3624663, 0, 1
3624668, 1, 1
3624788, 0, 0
3624793, 1, 1
3624913, 0, 1
3624918, 1, 0
3625038, 0, 0
3625043, 1, 1
3625163, 0, 0
3625168, 1, 0
3625288, 0, 1
3625293, 1, 0
3625413, 0, 0
3625418, 1, 1
3625538, 0, 1
3625543, 1, 1
3625663, 0, bit 0
3625663, 0, 1
3625668, 1, 0
3625788, 0, 0
3625793, 1, bit 1
3625796, 1, 0
3625913, 0, 0
3625918, 1, 1
3626038, 0, 1
3626043, 1, 0
3626163, 0, 0
3626168, 1, 1
3626288, 0, 1
3626293, 1, 1
3626413, 0, 0
3626418, 1, 0
3626539, 0, 1
3626543, 1, 0
3626664, 0, 0
3626668, 1, 1
3626789, 0, 1
3626793, 1, 0
3626914, 0, 1
3626918, 1, 1
3627039, 0, 0
3627043, 1, 1
3627164, 0, 1
3627168, 1, 0
3627289, 0, 0
3627293, 1, 0
3627414, 0, bit 0
3627414, 0, 1
3627418, 1, 1
3627539, 0, 0
3627543, 1, bit 1
3627543, 1, 0
3627664, 0, 0
3627668, 1, 1
3627789, 0, 1
3627793, 1, 0
3627914, 0, 0
3627918, 1, 1
3628039, 0, 1
3628043, 1, 1
3628164, 0, 0
3628168, 1, 0
3628289, 0, 1
3628293, 1, 0
3628414, 0, 0
3628418, 1, 1
3628539, 0, 1
3628544, 1, 0
3628664, 0, 1
3628669, 1, 1
3628789, 0, 0
3628794, 1, 1
3628914, 0, 1
3628919, 1, 0
3629039, 0, 0
3629044, 1, 0
3629164, 0, bit 1
3629164, 0, 0
3629169, 1, 1
3629289, 0, 1
3629294, 1, bit 0
3629294, 1, 1
3629414, 0, 1
3629419, 1, 0
3629539, 0, 0
3629544, 1, 1
3629664, 0, 1
3629669, 1, 0
3629789, 0, 0
3629794, 1, 0
3629914, 0, 1
3629919, 1, 1
3630039, 0, 0
3630044, 1, 1
3630164, 0, 1
3630169, 1, 0
3630289, 0, 0
3630294, 1, 1
3630414, 0, 0
3630419, 1, 0
3630539, 0, 1
3630544, 1, 0
3630664, 0, 0
3630669, 1, 1
3630789, 0, 1
3630794, 1, 1
3630914, 0, bit 0
3630914, 0, 1
3630919, 1, 0
3631039, 0, 0
3631044, 1, bit 1
3631044, 1, 0
3631164, 0, 0
3631169, 1, 1
3631289, 0, 1
3631294, 1, 0
3631414, 0, 0
3631419, 1, 1
3631539, 0, 1
3631544, 1, 1
3631664, 0, 0
3631669, 1, 0
3631789, 0, 1
3631794, 1, 0
3631915, 0, 0
3631919, 1, 1
3632040, 0, 1
3632044, 1, 0
3632165, 0, 1
3632169, 1, 1
3632290, 0, 0
3632294, 1, 1
3632415, 0, 1
3632419, 1, 0
3632540, 0, 0
3632544, 1, 0
3632665, 0, bit 0
3632665, 0, 1
3632669, 1, 1
3632790, 0, 0
3632794, 1, bit 1
3632794, 1, 0
3632915, 0, 0
3632919, 1, 1
3633040, 0, 1
3633044, 1, 0
3633165, 0, 0
3633169, 1, 1
3633290, 0, 1
3633294, 1, 1
3633415, 0, 0
3633419, 1, 0
3633540, 0, 1
3633544, 1, 0
3633665, 0, 0
3633675, 1, 1
3633790, 0, 1
3633800, 1, 0
3633915, 0, 1
3633925, 1, 1
3634040, 0, 0
3634050, 1, 1
3634165, 0, 1
3634176, 1, 0
3634290, 0, 0
3634301, 1, 0
3634415, 0, bit 0
3634415, 0, 1
3634426, 1, 1
3634540, 0, 0
3634551, 1, bit 1
3634551, 1, 0
3634665, 0, 0
3634676, 1, 1
3634790, 0, 1
3634801, 1, 0
3634915, 0, 0
3634926, 1, 1
3635040, 0, 1
3635051, 1, 1
3635165, 0, 0
3635176, 1, 0
3635290, 0, 1
3635301, 1, 0
3635415, 0, 0
3635426, 1, 1
3635540, 0, 1
3635551, 1, 0
3635665, 0, 1
3635676, 1, 1
3635790, 0, 0
3635801, 1, 1
3635915, 0, 1
3635926, 1, 0
3636040, 0, 0
3636051, 1, 0
3636165, 0, bit 0
3636165, 0, 1
3636176, 1, 1
3636290, 0, 0
3636301, 1, bit 1
3636301, 1, 0
3636415, 0, 0
3636426, 1, 1
3636540, 0, 1
3636551, 1, 0
3636665, 0, 0
3636676, 1, 1
3636790, 0, 1
3636801, 1, 1
3636915, 0, 0
3636926, 1, 0
3637040, 0, 1
3637051, 1, 0
3637165, 0, 0
3637176, 1, 1
3637291, 0, 1
3637301, 1, 0
3637416, 0, 1
3637426, 1, 1
3637541, 0, 0
3637551, 1, 1
3637666, 0, 1
3637676, 1, 0
3637791, 0, 0
3637801, 1, 0
3637916, 0, bit 1
3637916, 0, 0
3637926, 1, 1
3638041, 0, 1
3638051, 1, bit 1
3638051, 1, 0
3638166, 0, 1
3638176, 1, 1
3638291, 0, 0
3638301, 1, 0
3638416, 0, 1
3638426, 1, 1
3638541, 0, 0
3638551, 1, 1
3638666, 0, 1
3638676, 1, 0
3638791, 0, 0
3638801, 1, 0
3638916, 0, 1
3638926, 1, 1
3639041, 0, 0
3639051, 1, 0
3639166, 0, 0
3639176, 1, 1
3639291, 0, 1
3639301, 1, 1
3639416, 0, 0
3639426, 1, 0
3639541, 0, 1
3639552, 1, 0
3639666, 0, bit 1
3639666, 0, 0
3639677, 1, 1
3639791, 0, 1
3639802, 1, bit 1
3639802, 1, 0
3639916, 0, 1
3639927, 1, 1
3640041, 0, 0
3640052, 1, 0
3640166, 0, 1
3640177, 1, 1
3640291, 0, 0
3640302, 1, 1
3640416, 0, 1
3640427, 1, 0
3640541, 0, 0
3640552, 1, 0
3640666, 0, 1
3640677, 1, 1
3640791, 0, 0
3640802, 1, 0
3640916, 0, 0
3640927, 1, 1
3641041, 0, 1
3641052, 1, 1
3641166, 0, 0
3641177, 1, 0
3641291, 0, 1
3641302, 1, 0
3641416, 0, bit 1
3641416, 0, 0
3641427, 1, 1
3641541, 0, 1
3641552, 1, bit 0
3641552, 1, 1
3641666, 0, 1
3641677, 1, 0
3641791, 0, 0
3641802, 1, 1
3641916, 0, 1
3641927, 1, 0
3642041, 0, 0
3642052, 1, 0
3642166, 0, 1
3642177, 1, 1
3642291, 0, 0
3642302, 1, 1
3642416, 0, 1
3642427, 1, 0
3642541, 0, 0
3642552, 1, 1
3642667, 0, 0
3642677, 1, 0
3642792, 0, 1
3642802, 1, 0
3642917, 0, 0
3642927, 1, 1
3643042, 0, 1
3643052, 1, 1
3643167, 0, bit 0
3643167, 0, 1
3643177, 1, 0
3643292, 0, 0
3643302, 1, bit 1
3643302, 1, 0
3643417, 0, 0
3643427, 1, 1
3643542, 0, 1
3643552, 1, 0
3643667, 0, 0
3643677, 1, 1
3643792, 0, 1
3643802, 1, 1
3643917, 0, 0
3643927, 1, 0
3644042, 0, 1
3644052, 1, 0
3644167, 0, 0
3644177, 1, 1
3644292, 0, 1
3644302, 1, 0
3644417, 0, 1
3644427, 1, 1
3644542, 0, 0
3644552, 1, 1
3644667, 0, 1
3644677, 1, 0
3644792, 0, 0
3644802, 1, 0
3644917, 0, bit 1
3644917, 0, 0
3644928, 1, 1
3645042, 0, 1
3645053, 1, bit 1
3645053, 1, 0
3645167, 0, 1
3645178, 1, 1
3645292, 0, 0
3645303, 1, 0
3645417, 0, 1
3645428, 1, 1
3645542, 0, 0
3645553, 1, 1
3645667, 0, 1
3645678, 1, 0
3645792, 0, 0
3645803, 1, 0
3645917, 0, 1
3645928, 1, 1
3646042, 0, 0
3646053, 1, 0
3646167, 0, 0
3646178, 1, 1
3646292, 0, 1
3646303, 1, 1
3646417, 0, 0
3646428, 1, 0
3646542, 0, 1
3646553, 1, 0
3646667, 0, bit 1
3646667, 0, 0
3646678, 1, 1
3646792, 0, 1
3646803, 1, bit 0
3646803, 1, 1
3646917, 0, 1
3646928, 1, 0
3647042, 0, 0
3647053, 1, 1
3647167, 0, 1
3647178, 1, 0
3647292, 0, 0
3647303, 1, 0
3647417, 0, 1
3647428, 1, 1
3647542, 0, 0
3647553, 1, 1
3647667, 0, 1
3647678, 1, 0
3647792, 0, 0
3647803, 1, 1
3647917, 0, 0
3647928, 1, 0
3648043, 0, 1
3648053, 1, 0
3648168, 0, 0
3648178, 1, 1
3648293, 0, 1
3648303, 1, 1
3648418, 0, bit 0
3648418, 0, 1
3648428, 1, 0
3648543, 0, 0
3648553, 1, bit 1
3648553, 1, 0
3648668, 0, 0
3648678, 1, 1
3648793, 0, 1
3648803, 1, 0
3648918, 0, 0
3648928, 1, 1
3649043, 0, 1
3649053, 1, 1
3649168, 0, 0
3649178, 1, 0
3649293, 0, 1
3649303, 1, 0
3649418, 0, 0
3649428, 1, 1
3649543, 0, 1
3649553, 1, 0
3649668, 0, 1
3649678, 1, 1
3649793, 0, 0
3649803, 1, 1
3649918, 0, 1
3649928, 1, 0
3650043, 0, 0
3650053, 1, 0
3650168, 0, bit 0
3650168, 0, 1
3650178, 1, 1
3650293, 0, 0
3650304, 1, bit 0
3650304, 1, 1
3650418, 0, 0
3650429, 1, 0
3650543, 0, 1
3650554, 1, 1
3650668, 0, 0
3650679, 1, 0
3650793, 0, 1
3650804, 1, 0
3650918, 0, 0
3650929, 1, 1
3651043, 0, 1
3651054, 1, 1
3651168, 0, 0
3651179, 1, 0
3651293, 0, 1
3651304, 1, 1
3651418, 0, 1
3651429, 1, 0
3651543, 0, 0
3651554, 1, 0
3651668, 0, 1
3651679, 1, 1
3651793, 0, 0
3651804, 1, 1
3651918, 0, bit 0
3651918, 0, 1
3651929, 1, 0
3652043, 0, 0
3652054, 1, bit 1
3652054, 1, 0
3652168, 0, 0
3652179, 1, 1
3652293, 0, 1
3652304, 1, 0
3652418, 0, 0
3652429, 1, 1
3652543, 0, 1
3652554, 1, 1
3652668, 0, 0
3652679, 1, 0
3652793, 0, 1
3652804, 1, 0
3652918, 0, 0
3652929, 1, 1
3653043, 0, 1
3653054, 1, 0
3653168, 0, 1
3653179, 1, 1
3653293, 0, 0
3653304, 1, 1
3653419, 0, 1
3653429, 1, 0
3653544, 0, 0
3653554, 1, 0
3653669, 0, bit 1
3653669, 0, 0
3653679, 1, 1
3653794, 0, 1
3653804, 1, bit 1
3653804, 1, 0
3653919, 0, 1
3653929, 1, 1
3654044, 0, 0
3654054, 1, 0
3654169, 0, 1
3654179, 1, 1
3654294, 0, 0
3654304, 1, 1
3654419, 0, 1
3654429, 1, 0
3654544, 0, 0
3654554, 1, 0
3654669, 0, 1
3654679, 1, 1
3654794, 0, 0
3654804, 1, 0
3654919, 0, 0
3654929, 1, 1
3655044, 0, 1
3655054, 1, 1
3655169, 0, 0
3655179, 1, 0
3655294, 0, 1
3655304, 1, 0
3655419, 0, bit 1
3655419, 0, 0
3655429, 1, 1
3655544, 0, 1
3655554, 1, bit 0
3655554, 1, 1
3655669, 0, 1
3655680, 1, 0
3655794, 0, 0
3655805, 1, 1
3655919, 0, 1
3655930, 1, 0
3656044, 0, 0
3656055, 1, 0
3656169, 0, 1
3656180, 1, 1
3656294, 0, 0
3656305, 1, 1
3656419, 0, 1
3656430, 1, 0
3656544, 0, 0
3656555, 1, 1
3656669, 0, 0
3656680, 1, 0
3656794, 0, 1
3656805, 1, 0
3656919, 0, 0
3656930, 1, 1
3657044, 0, 1
3657055, 1, 1
3657169, 0, bit 1
3657172, 0, 0
3657180, 1, 0
3657294, 0, 1
3657305, 1, bit 1
3657305, 1, 0
3657419, 0, 1
3657430, 1, 1
3657544, 0, 0
3657555, 1, 0
3657669, 0, 1
3657680, 1, 1
3657794, 0, 0
3657805, 1, 1
3657919, 0, 1
3657930, 1, 0
3658044, 0, 0
3658055, 1, 0
3658169, 0, 1
3658180, 1, 1
3658294, 0, 0
3658305, 1, 0
3658419, 0, 0
3658430, 1, 1
3658544, 0, 1
3658555, 1, 1
3658669, 0, 0
3658680, 1, 0
3658795, 0, 1
3658805, 1, 0
3658920, 0, bit 0
3658920, 0, 1
3658930, 1, 1
3659045, 0, 0
3659055, 1, bit 0
3659058, 1, 1
3659170, 0, 0
3659180, 1, 0
3659295, 0, 1
3659305, 1, 1
3659420, 0, 0
3659430, 1, 0
3659545, 0, 1
3659555, 1, 0
3659670, 0, 0
3659680, 1, 1
3659795, 0, 1
3659805, 1, 1
3659920, 0, 0
3659930, 1, 0
3660045, 0, 1
3660055, 1, 1
3660170, 0, 1
3660180, 1, 0
3660295, 0, 0
3660305, 1, 0
3660420, 0, 1
3660430, 1, 1
3660545, 0, 0
3660555, 1, 1
3660670, 0, bit 0
3660670, 0, 1
3660680, 1, 0
3660795, 0, 0
3660805, 1, bit 0
3660805, 1, 1
3660920, 0, 0
3660930, 1, 0
3661045, 0, 1
3661056, 1, 1
3661170, 0, 0
3661181, 1, 0
3661295, 0, 1
3661306, 1, 0
3661420, 0, 0
3661431, 1, 1
3661545, 0, 1
3661556, 1, 1
3661670, 0, 0
3661681, 1, 0
3661795, 0, 1
3661806, 1, 1
3661920, 0, 1
3661931, 1, 0
3662045, 0, 0
3662056, 1, 0
3662170, 0, 1
3662181, 1, 1
3662295, 0, 0
3662306, 1, 1
3662420, 0, bit 0
3662420, 0, 1
3662431, 1, 0
3662545, 0, 0
3662556, 1, bit 1
3662556, 1, 0
3662670, 0, 0
3662681, 1, 1
3662795, 0, 1
3662806, 1, 0
3662920, 0, 0
3662931, 1, 1
3663045, 0, 1
3663056, 1, 1
3663170, 0, 0
3663181, 1, 0
3663295, 0, 1
3663306, 1, 0
3663420, 0, 0
3663431, 1, 1
3663545, 0, 1
3663556, 1, 0
3663670, 0, 1
3663681, 1, 1
3663795, 0, 0
3663806, 1, 1
3663920, 0, 1
3663931, 1, 0
3664045, 0, 0
3664056, 1, 0
3664171, 0, bit 1
3664171, 0, 0
3664181, 1, 1
3664296, 0, 1
3664306, 1, bit 1
3664306, 1, 0
3664421, 0, 1
3664431, 1, 1
3664546, 0, 0
3664556, 1, 0
3664671, 0, 1
3664681, 1, 1
3664796, 0, 0
3664806, 1, 1
3664921, 0, 1
3664931, 1, 0
3665046, 0, 0
3665056, 1, 0
3665171, 0, 1
3665181, 1, 1
3665296, 0, 0
3665306, 1, 0
3665421, 0, 0
3665431, 1, 1
3665546, 0, 1
3665556, 1, 1
3665671, 0, 0
3665681, 1, 0
3665796, 0, 1
3665806, 1, 0
3665921, 0, bit 1
3665921, 0, 0
3665931, 1, 1
3666046, 0, 1
3666056, 1, bit 0
3666056, 1, 1
3666171, 0, 1
3666181, 1, 0
3666296, 0, 0
3666306, 1, 1
3666421, 0, 1
3666432, 1, 0
3666546, 0, 0
3666557, 1, 0
3666671, 0, 1
3666682, 1, 1
3666796, 0, 0
3666807, 1, 1
3666921, 0, 1
3666932, 1, 0
3667046, 0, 0
3667057, 1, 1
3667171, 0, 0
3667182, 1, 0
3667296, 0, 1
3667307, 1, 0
3667421, 0, 0
3667432, 1, 1
3667546, 0, 1
3667557, 1, 1
3667671, 0, bit 1
3667671, 0, 0
3667682, 1, 0
3667796, 0, 1
3667807, 1, bit 0
3667807, 1, 1
3667921, 0, 1
3667932, 1, 0
3668046, 0, 0
3668057, 1, 1
3668171, 0, 1
3668182, 1, 0
3668296, 0, 0
3668307, 1, 0
3668421, 0, 1
3668432, 1, 1
3668546, 0, 0
3668557, 1, 1
3668671, 0, 1
3668682, 1, 0
3668796, 0, 0
3668807, 1, 1
3668921, 0, 0
3668932, 1, 0
3669046, 0, 1
3669057, 1, 0
3669171, 0, 0
3669182, 1, 1
3669296, 0, 1
3669307, 1, 1
3669421, 0, bit 0
3669421, 0, 1
3669432, 1, 0
3669547, 0, 0
3669557, 1, bit 0
3669557, 1, 1
3669672, 0, 0
3669682, 1, 0
3669797, 0, 1
3669807, 1, 1
3669922, 0, 0
3669932, 1, 0
3670047, 0, 1
3670057, 1, 0
3670172, 0, 0
3670182, 1, 1
3670297, 0, 1
3670307, 1, 1
3670422, 0, 0
3670432, 1, 0
3670547, 0, 1
3670557, 1, 1
3670672, 0, 1
3670682, 1, 0
3670797, 0, 0
3670807, 1, 0
3670922, 0, 1
3670932, 1, 1
3671047, 0, 0
3671057, 1, 1
3671172, 0, bit 0
3671172, 0, 1
3671182, 1, 0
3671297, 0, 0
3671307, 1, bit 0
3671307, 1, 1
3671422, 0, 0
3671432, 1, 0
3671547, 0, 1
3671557, 1, 1
3671672, 0, 0
3671682, 1, 0
3671797, 0, 1
3671808, 1, 0
3671922, 0, 0
3671933, 1, 1
3672047, 0, 1
3672058, 1, 1
3672172, 0, 0
3672183, 1, 0
3672297, 0, 1
3672308, 1, 1
3672422, 0, 1
3672433, 1, 0
3672547, 0, 0
3672558, 1, 0
3672672, 0, 1
3672683, 1, 1
3672797, 0, 0
3672808, 1, 1
3672922, 0, bit 1
3672922, 0, 0
3672933, 1, 0
3673047, 0, 1
3673058, 1, bit 0
3673058, 1, 1
3673172, 0, 1
3673183, 1, 0
3673297, 0, 0
3673308, 1, 1
3673422, 0, 1
3673433, 1, 0
3673547, 0, 0
3673558, 1, 0
3673672, 0, 1
3673683, 1, 1
3673797, 0, 0
3673808, 1, 1
3673922, 0, 1
3673933, 1, 0
3674047, 0, 0
3674058, 1, 1
3674172, 0, 0
3674183, 1, 0
3674297, 0, 1
3674308, 1, 0
3674422, 0, 0
3674433, 1, 1
3674547, 0, 1
3674558, 1, 1
3674672, 0, bit 0
3674672, 0, 1
3674683, 1, 0
3674797, 0, 0
3674808, 1, bit 0
3674808, 1, 1
3674923, 0, 0
3674933, 1, 0
3675048, 0, 1
3675058, 1, 1
3675173, 0, 0
3675183, 1, 0
3675298, 0, 1
3675308, 1, 0
3675423, 0, 0
3675433, 1, 1
3675548, 0, 1
3675558, 1, 1
3675673, 0, 0
3675683, 1, 0
3675798, 0, 1
3675808, 1, 1
3675923, 0, 1
3675933, 1, 0
3676048, 0, 0
3676058, 1, 0
3676173, 0, 1
3676183, 1, 1
3676298, 0, 0
3676308, 1, 1
3676423, 0, bit 1
3676423, 0, 0
3676433, 1, 0
3676548, 0, 1
3676558, 1, bit 1
3676558, 1, 0
3676673, 0, 1
3676683, 1, 1
3676798, 0, 0
3676808, 1, 0
3676923, 0, 1
3676933, 1, 1
3677048, 0, 0
3677058, 1, 1
3677173, 0, 1
3677184, 1, 0
3677298, 0, 0
3677309, 1, 0
3677423, 0, 1
3677434, 1, 1
3677548, 0, 0
3677559, 1, 0
3677673, 0, 0
3677684, 1, 1
3677798, 0, 1
3677809, 1, 1
3677923, 0, 0
3677934, 1, 0
3678048, 0, 1
3678059, 1, 0
3678173, 0, bit 1
3678173, 0, 0
3678184, 1, 1
3678298, 0, 1
3678309, 1, bit 1
3678309, 1, 0
3678423, 0, 1
3678434, 1, 1
3678548, 0, 0
3678559, 1, 0
3678673, 0, 1
3678684, 1, 1
3678798, 0, 0
3678809, 1, 1
3678923, 0, 1
3678934, 1, 0
3679048, 0, 0
3679059, 1, 0
3679173, 0, 1
3679184, 1, 1
3679298, 0, 0
3679309, 1, 0
3679423, 0, 0
3679434, 1, 1
3679548, 0, 1
3679559, 1, 1
3679673, 0, 0
3679684, 1, 0
3679798, 0, 1
3679809, 1, 0
3679923, 0, bit 1
3679923, 0, 0
3679934, 1, 1
3680048, 0, 1
3680059, 1, bit 1
3680059, 1, 0
3680173, 0, 1
3680184, 1, 1
3680299, 0, 0
3680309, 1, 0
3680424, 0, 1
3680434, 1, 1
3680549, 0, 0
3680559, 1, 1
3680674, 0, 1
3680684, 1, 0
3680799, 0, 0
3680809, 1, 0
3680924, 0, 1
3680934, 1, 1
3681049, 0, 0
3681059, 1, 0
3681174, 0, 0
3681184, 1, 1
3681299, 0, 1
3681309, 1, 1
3681424, 0, 0
3681434, 1, 0
3681549, 0, 1
3681559, 1, 0
3681674, 0, bit 1
3681674, 0, 0
3681684, 1, 1
3681799, 0, 1
3681809, 1, bit 1
3681809, 1, 0
3681924, 0, 1
3681934, 1, 1
3682049, 0, 0
3682059, 1, 0
3682174, 0, 1
3682184, 1, 1
3682299, 0, 0
3682309, 1, 1
3682424, 0, 1
3682434, 1, 0
3682549, 0, 0
3682560, 1, 0
3682674, 0, 1
3682685, 1, 1
3682799, 0, 0
3682810, 1, 0
3682924, 0, 0
3682935, 1, 1
3683049, 0, 1
3683060, 1, 1
3683174, 0, 0
3683185, 1, 0
3683299, 0, 1
3683310, 1, 0
3683424, 0, bit 1
3683424, 0, 0
3683435, 1, 1
3683549, 0, 1
3683560, 1, bit 1
3683560, 1, 0
3683674, 0, 1
3683685, 1, 1
3683799, 0, 0
3683810, 1, 0
3683924, 0, 1
3683935, 1, 1
3684049, 0, 0
3684060, 1, 1
3684174, 0, 1
3684185, 1, 0
3684299, 0, 0
3684310, 1, 0
3684424, 0, 1
3684435, 1, 1
3684549, 0, 0
3684560, 1, 0
3684674, 0, 0
3684685, 1, 1
3684799, 0, 1
3684810, 1, 1
3684924, 0, 0
3684935, 1, 0
3685049, 0, 1
3685060, 1, 0
3685174, 0, bit 1
3685174, 0, 0
3685185, 1, 1
3685299, 0, 1
3685310, 1, bit 0
3685310, 1, 1
3685424, 0, 1
3685435, 1, 0
3685549, 0, 0
3685560, 1, 1
3685675, 0, 1
3685685, 1, 0
3685800, 0, 0
3685810, 1, 0
3685925, 0, 1
3685935, 1, 1
3686050, 0, 0
3686060, 1, 1
3686175, 0, 1
3686185, 1, 0
3686300, 0, 0
3686310, 1, 1
3686425, 0, 0
3686435, 1, 0
3686550, 0, 1
3686560, 1, 0
3686675, 0, 0
3686685, 1, 1
3686800, 0, 1
3686810, 1, 1
3686925, 0, bit 0
3686925, 0, 1
3686935, 1, 0
3687050, 0, 0
3687060, 1, bit 1
3687060, 1, 0
3687175, 0, 0
3687185, 1, 1
3687300, 0, 1
3687310, 1, 0
3687425, 0, 0
3687435, 1, 1
3687550, 0, 1
3687560, 1, 1
3687675, 0, 0
3687685, 1, 0
3687800, 0, 1
3687810, 1, 0
3687925, 0, 0
3687936, 1, 1
3688050, 0, 1
3688061, 1, 0
3688175, 0, 1
3688186, 1, 1
3688300, 0, 0
3688311, 1, 1
3688425, 0, 1
3688436, 1, 0
3688550, 0, 0
3688561, 1, 0
3688675, 0, bit 1
3688675, 0, 0
3688686, 1, 1
3688800, 0, 1
3688811, 1, bit 1
3688811, 1, 0
3688925, 0, 1
3688936, 1, 1
3689050, 0, 0
3689061, 1, 0
3689175, 0, 1
3689186, 1, 1
3689300, 0, 0
3689311, 1, 1
3689425, 0, 1
3689436, 1, 0
3689550, 0, 0
3689561, 1, 0
3689675, 0, 1
3689686, 1, 1
3689800, 0, 0
3689811, 1, 0
3689925, 0, 0
3689936, 1, 1
3690050, 0, 1
3690061, 1, 1
3690175, 0, 0
3690186, 1, 0
3690300, 0, 1
3690311, 1, 0
3690425, 0, bit 0
3690428, 0, 1
3690436, 1, 1
3690550, 0, 0
3690561, 1, bit 1
3690561, 1, 0
3690675, 0, 0
3690686, 1, 1
3690800, 0, 1
3690811, 1, 0
3690925, 0, 0
3690936, 1, 1
3691051, 0, 1
3691061, 1, 1
3691176, 0, 0
3691186, 1, 0
3691301, 0, 1
3691311, 1, 0
3691426, 0, 0
3691436, 1, 1
3691551, 0, 1
3691561, 1, 0
3691676, 0, 1
3691686, 1, 1
3691801, 0, 0
3691811, 1, 1
3691926, 0, 1
3691936, 1, 0
3692051, 0, 0
3692061, 1, 0
3692176, 0, bit 0
3692176, 0, 1
3692186, 1, 1
3692301, 0, 0
3692311, 1, bit 1
3692314, 1, 0
3692426, 0, 0
3692436, 1, 1
3692551, 0, 1
3692561, 1, 0
3692676, 0, 0
3692686, 1, 1
3692801, 0, 1
3692811, 1, 1
3692926, 0, 0
3692936, 1, 0
3693051, 0, 1
3693061, 1, 0
3693176, 0, 0
3693186, 1, 1
3693301, 0, 1
3693312, 1, 0
3693426, 0, 1
3693437, 1, 1
3693551, 0, 0
3693562, 1, 1
3693676, 0, 1
3693687, 1, 0
3693801, 0, 0
3693812, 1, 0
3693926, 0, bit 1
3693926, 0, 0
3693937, 1, 1
3694051, 0, 1
3694062, 1, bit 0
3694062, 1, 1
3694176, 0, 1
3694187, 1, 0
3694301, 0, 0
3694312, 1, 1
3694426, 0, 1
3694437, 1, 0
3694551, 0, 0
3694562, 1, 0
3694676, 0, 1
3694687, 1, 1
3694801, 0, 0
3694812, 1, 1
3694926, 0, 1
3694937, 1, 0
3695051, 0, 0
3695062, 1, 1
3695176, 0, 0
3695187, 1, 0
3695301, 0, 1
3695312, 1, 0
3695426, 0, 0
3695437, 1, 1
3695551, 0, 1
3695562, 1, 1
3695687, 1, 0
3695812, 1, bit 1
3695812, 1, 0
3695937, 1, 1
3696062, 1, 0
3696187, 1, 1
3696312, 1, 1
3696437, 1, 0
3696562, 1, 0
3696687, 1, 1
3696812, 1, 0
3696937, 1, 1
3697062, 1, 1
3697187, 1, 0
3697312, 1, 0
3697437, 1, 1
3697562, 1, bit 0
3697562, 1, 1
3697687, 1, 0
3697812, 1, 1
3697937, 1, 0
3698062, 1, 0
3698187, 1, 1
3698312, 1, 1
3698437, 1, 0
3698562, 1, 1
3698688, 1, 0
3698813, 1, 0
3698938, 1, 1
3699063, 1, 1
3699188, 1, 0
3699313, 1, bit 1
3699313, 1, 0
3699438, 1, 1
3699563, 1, 0
3699688, 1, 1
3699813, 1, 1
3699938, 1, 0
3700063, 1, 0
3700188, 1, 1
3700313, 1, 0
3700438, 1, 1
3700563, 1, 1
3700688, 1, 0
3700813, 1, 0
3700938, 1, 1
3701063, 1, bit 0
3701063, 1, 1
3701188, 1, 0
3701313, 1, 1
3701438, 1, 0
3701563, 1, 0
3701688, 1, 1
3701813, 1, 1
3701938, 1, 0
3702063, 1, 1
3702188, 1, 0
3702313, 1, 0
3702438, 1, 1
3702563, 1, 1
3702688, 1, 0
3702813, 1, bit 1
3702813, 1, 0
3702938, 1, 1
3703063, 1, 0
3703188, 1, 1
3703313, 1, 1
3703438, 1, 0
3703563, 1, 0
3703688, 1, 1
3703813, 1, 0
3703938, 1, 1
3704064, 1, 1
3704189, 1, 0
3704314, 1, 0
3704439, 1, 1
3704564, 1, bit 1
3704564, 1, 0
3704689, 1, 1
3704814, 1, 0
3704939, 1, 1
3705064, 1, 1
3705189, 1, 0
3705314, 1, 0
3705439, 1, 1
3705564, 1, 0
3705689, 1, 1
3705814, 1, 1
3705939, 1, 0
3706064, 1, 0
3706189, 1, 1
3706314, 1, bit 0
3706314, 1, 1
3706439, 1, 0
3706564, 1, 1
3706689, 1, 0
3706814, 1, 0
3706939, 1, 1
3707064, 1, 1
3707189, 1, 0
3707314, 1, 1
3707439, 1, 0
3707564, 1, 0
3707689, 1, 1
3707814, 1, 1
3707939, 1, 0
3708064, 1, bit 0
3708064, 1, 1
3708189, 1, 0
3708314, 1, 1
3708439, 1, 0
3708564, 1, 0
3708689, 1, 1
3708814, 1, 1
3708939, 1, 0
3709064, 1, 1
3709189, 1, 0
3709314, 1, 0
3709440, 1, 1
3709565, 1, 1
3709690, 1, 0
3709815, 1, bit 0
3709815, 1, 1
3709940, 1, 0
3710065, 1, 1
3710190, 1, 0
3710315, 1, 0
3710440, 1, 1
3710565, 1, 1
3710690, 1, 0
3710815, 1, 1
3710940, 1, 0
3711065, 1, 0
3711190, 1, 1
3711315, 1, 1
3711440, 1, 0
3711565, 1, bit 1
3711565, 1, 0
3711690, 1, 1
3711815, 1, 0
3711940, 1, 1
3712065, 1, 1
3712190, 1, 0
3712315, 1, 0
3712440, 1, 1
3712565, 1, 0
3712690, 1, 1
3712815, 1, 1
3712940, 1, 0
3713065, 1, 0
3713190, 1, 1
3713315, 1, bit 0
3713315, 1, 1
3713440, 1, 0
3713565, 1, 1
3713690, 1, 0
3713815, 1, 0
3713940, 1, 1
3714065, 1, 1
3714190, 1, 0
3714315, 1, 1
3714440, 1, 0
3714565, 1, 0
3714690, 1, 1
3714816, 1, 1
3714941, 1, 0
3715066, 1, bit 1
3715066, 1, 0
3715191, 1, 1
3715316, 1, 0
3715441, 1, 1
3715566, 1, 1
3715691, 1, 0
3715816, 1, 0
3715941, 1, 1
3716066, 1, 0
3716191, 1, 1
3716316, 1, 1
3716441, 1, 0
3716566, 1, 0
3716691, 1, 1
3716816, 1, bit 1
3716816, 1, 0
3716941, 1, 1
3717066, 1, 0
3717191, 1, 1
3717316, 1, 1
3717441, 1, 0
3717566, 1, 0
3717691, 1, 1
3717816, 1, 0
3717941, 1, 1
3718066, 1, 1
3718191, 1, 0
3718316, 1, 0
3718441, 1, 1
3718566, 1, bit 0
3718566, 1, 1
3718691, 1, 0
3718816, 1, 1
3718941, 1, 0
3719066, 1, 0
3719191, 1, 1
3719316, 1, 1
3719441, 1, 0
3719566, 1, 1
3719691, 1, 0
3719816, 1, 0
3719941, 1, 1
3720066, 1, 1
3720192, 1, 0
3720317, 1, bit 1
3720317, 1, 0
3720442, 1, 1
3720567, 1, 0
3720692, 1, 1
3720817, 1, 1
3720942, 1, 0
3721067, 1, 0
3721192, 1, 1
3721317, 1, 0
3721442, 1, 1
3721567, 1, 1
3721692, 1, 0
3721817, 1, 0
3721942, 1, 1
3722067, 1, bit 0
3722067, 1, 1
3722192, 1, 0
3722317, 1, 1
3722442, 1, 0
3722567, 1, 0
3722692, 1, 1
3722817, 1, 1
3722942, 1, 0
3723067, 1, 1
3723192, 1, 0
3723317, 1, 0
3723442, 1, 1
3723567, 1, 1
3723692, 1, 0
3723817, 1, bit 1
3723817, 1, 0
3723942, 1, 1
3724067, 1, 0
3724192, 1, 1
3724317, 1, 1
3724442, 1, 0
3724567, 1, 0
3724692, 1, 1
3724817, 1, 0
3724942, 1, 1
3725067, 1, 1
3725192, 1, 0
3725317, 1, 0
3725442, 1, 1
