175 100 4 7 16
(2, 20, 11, 10.00), (code 0)
(3, 258, 3, 10.00), (code 5)
(4, 496, 0, 10.00), (code 1)
(5, 734, 7, 10.00), (code 6)
START
1738657, 0, prem 0
1738657, 0, 0
1738832, 0, 0
1739008, 0, 0
1739183, 0, 0
1739358, 0, 0
1739533, 0, 0
1739708, 0, 0
1739883, 0, 0
1740058, 0, 0
1740233, 0, 0
1740408, 0, 0
1740583, 0, 0
1740758, 0, 0
1740933, 0, 0
1741108, 0, 0
1741283, 0, 0
1741458, 0, 1
1741633, 0, 1
1741808, 0, 1
1741983, 0, 1
1742158, 0, 1
1742333, 0, 1
1742508, 0, 1
1742683, 0, 1
1742858, 0, 1
1743033, 0, 1
1743208, 0, 1
1743383, 0, 1
1743558, 0, 1
1743733, 0, 1
1743908, 0, 1
1744083, 0, 1
1744258, 0, prem 1
1744258, 0, 1
1744433, 0, 1
1744608, 0, 1
1744783, 0, 1
1744958, 0, 1
1745133, 0, 1
1745308, 0, 1
1745483, 0, 1
1745658, 0, 1
1745833, 0, 1
1746008, 0, 1
1746183, 0, 1
1746358, 0, 1
1746533, 0, 1
1746708, 0, 1
1746883, 0, 1
1747058, 0, 0
1747233, 0, 0
1747408, 0, 0
1747584, 0, 0
1747759, 0, 0
1747934, 0, 0
1748109, 0, 0
1748284, 0, 0
1748459, 0, 0
1748634, 0, 0
1748809, 0, 0
1748984, 0, 0
1749159, 0, 0
1749334, 0, 0
1749509, 0, 0
1749684, 0, 0
1749859, 0, prem 1
1749859, 0, 1
1750034, 0, 1
1750209, 0, 1
1750384, 0, 1
1750559, 0, 1
1750734, 0, 1
1750909, 0, 1
1751084, 0, 1
1751259, 0, 1
1751434, 0, 1
1751609, 0, 1
1751784, 0, 1
1751959, 0, 1
1752134, 0, 1
1752309, 0, 1
1752484, 0, 1
1752659, 0, 0
1752834, 0, 0
1753009, 0, 0
1753184, 0, 0
1753359, 0, 0
1753534, 0, 0
1753709, 0, 0
1753884, 0, 0
1754059, 0, 0
1754234, 0, 0
1754409, 0, 0
1754584, 0, 0
1754759, 0, 0
1754934, 0, 0
1755109, 0, 0
1755284, 0, 0
1755459, 0, prem 1
1755459, 0, 1
1755634, 0, 1
1755809, 0, 1
1755984, 0, 1
1756160, 0, 1
1756335, 0, 1
1756510, 0, 1
1756685, 0, 1
1756860, 0, 1
1757035, 0, 1
1757210, 0, 1
1757385, 0, 1
1757560, 0, 1
1757735, 0, 1
1757910, 0, 1
1758085, 0, 1
1758260, 0, 0
1758435, 0, 0
1758610, 0, 0
1758785, 0, 0
1758960, 0, 0
1759135, 0, 0
1759310, 0, 0
1759485, 0, 0
1759660, 0, 0
1759835, 0, 0
1760010, 0, 0
1760185, 0, 0
1760360, 0, 0
1760535, 0, 0
1760710, 0, 0
1760885, 0, 0
1761060, 0, prem 1
1761060, 0, 1
1761235, 0, 1
1761410, 0, 1
1761585, 0, 1
1761760, 0, 1
1761935, 0, 1
1762110, 0, 1
1762285, 0, 1
1762460, 0, 1
1762635, 0, 1
1762810, 0, 1
1762985, 0, 1
1763160, 0, 1
1763335, 0, 1
1763510, 0, 1
1763685, 0, 1
1763860, 0, 0
1764035, 0, 0
1764210, 0, 0
1764385, 0, 0
1764560, 0, 0
1764736, 0, 0
1764911, 0, 0
1765086, 0, 0
1765261, 0, 0
1765436, 0, 0
1765611, 0, 0
1765786, 0, 0
1765961, 0, 0
1766136, 0, 0
1766311, 0, 0
1766486, 0, 0
1766661, 0, prem 0
1766661, 0, 0
1766836, 0, 0
1767011, 0, 0
1767186, 0, 0
1767361, 0, 0
1767536, 0, 0
1767711, 0, 0
1767886, 0, 0
1768061, 0, 0
1768236, 0, 0
1768411, 0, 0
1768586, 0, 0
1768761, 0, 0
1768936, 0, 0
1769111, 0, 0
1769286, 0, 0
1769461, 0, 1
1769636, 0, 1
1769811, 0, 1
1769986, 0, 1
1770161, 0, 1
1770336, 0, 1
1770511, 0, 1
1770686, 0, 1
1770861, 0, 1
1771036, 0, 1
1771211, 0, 1
1771386, 0, 1
1771561, 0, 1
1771736, 0, 1
1771911, 0, 1
1772086, 0, 1
1772261, 0, prem 0
1772261, 0, 0
1772436, 0, 0
1772611, 0, 0
1772786, 0, 0
1772961, 0, 0
1773136, 0, 0
1773312, 0, 0
1773487, 0, 0
1773662, 0, 0
1773837, 0, 0
1774012, 0, 0
1774187, 0, 0
1774362, 0, 0
1774537, 0, 0
1774712, 0, 0
1774887, 0, 0
1775062, 0, 1
1775237, 0, 1
1775412, 0, 1
1775587, 0, 1
1775762, 0, 1
1775937, 0, 1
1776112, 0, 1
1776287, 0, 1
1776462, 0, 1
1776637, 0, 1
1776812, 0, 1
1776987, 0, 1
1777162, 0, 1
1777337, 0, 1
1777512, 0, 1
1777687, 0, 1
1777862, 0, bit 1
1777862, 0, 0
1778037, 0, 1
1778212, 0, 1
1778387, 0, 0
1778562, 0, 1
1778737, 0, 0
1778912, 0, 1
1778916, 1, prem 1
1778916, 1, 1
1779087, 0, 0
1779091, 1, 1
1779262, 0, 1
1779266, 1, 1
1779437, 0, 0
1779441, 1, 1
1779612, 0, 0
1779616, 1, 1
1779787, 0, 1
1779791, 1, 1
1779962, 0, 0
1779966, 1, 1
1780137, 0, 1
1780141, 1, 1
1780312, 0, bit 0
1780312, 0, 1
1780316, 1, 1
1780487, 0, 0
1780491, 1, 1
1780662, 0, 0
1780666, 1, 1
1780837, 0, 1
1780841, 1, 1
1781012, 0, 0
1781016, 1, 1
1781187, 0, 1
1781191, 1, 1
1781362, 0, 0
1781366, 1, 1
1781537, 0, 1
1781541, 1, 1
1781712, 0, 0
1781716, 1, 0
1781888, 0, 1
1781891, 1, 0
1782063, 0, 1
1782066, 1, 0
1782238, 0, 0
1782241, 1, 0
1782413, 0, 1
1782416, 1, 0
1782588, 0, 0
1782591, 1, 0
1782763, 0, bit 1
1782763, 0, 0
1782766, 1, 0
1782938, 0, 1
1782941, 1, 0
1783113, 0, 1
1783116, 1, 0
1783288, 0, 0
1783291, 1, 0
1783463, 0, 1
1783467, 1, 0
1783638, 0, 0
1783642, 1, 0
1783813, 0, 1
1783817, 1, 0
1783988, 0, 0
1783992, 1, 0
1784163, 0, 1
1784167, 1, 0
1784338, 0, 0
1784342, 1, 0
1784513, 0, 0
1784517, 1, prem 0
1784517, 1, 0
1784688, 0, 1
1784692, 1, 0
1784863, 0, 0
1784867, 1, 0
1785038, 0, 1
1785042, 1, 0
1785213, 0, bit 0
1785213, 0, 1
1785217, 1, 0
1785388, 0, 0
1785392, 1, 0
1785563, 0, 0
1785567, 1, 0
1785738, 0, 1
1785742, 1, 0
1785913, 0, 0
1785917, 1, 0
1786088, 0, 1
1786092, 1, 0
1786263, 0, 0
1786267, 1, 0
1786438, 0, 1
1786442, 1, 0
1786613, 0, 0
1786617, 1, 0
1786788, 0, 1
1786792, 1, 0
1786963, 0, 1
1786967, 1, 0
1787138, 0, 0
1787142, 1, 0
1787313, 0, 1
1787317, 1, 1
1787488, 0, 0
1787492, 1, 1
1787663, 0, bit 1
1787663, 0, 0
1787667, 1, 1
1787838, 0, 1
1787842, 1, 1
1788013, 0, 1
1788017, 1, 1
1788188, 0, 0
1788192, 1, 1
1788363, 0, 1
1788367, 1, 1
1788538, 0, 0
1788542, 1, 1
1788713, 0, 1
1788717, 1, 1
1788888, 0, 0
1788892, 1, 1
1789063, 0, 1
1789067, 1, 1
1789238, 0, 0
1789242, 1, 1
1789413, 0, 0
1789417, 1, 1
1789588, 0, 1
1789592, 1, 1
1789763, 0, 0
1789767, 1, 1
1789938, 0, 1
1789942, 1, 1
1790113, 0, bit 0
1790113, 0, 1
1790117, 1, prem 1
1790117, 1, 1
1790288, 0, 0
1790292, 1, 1
1790464, 0, 0
1790467, 1, 1
1790639, 0, 1
1790642, 1, 1
1790814, 0, 0
1790817, 1, 1
1790989, 0, 1
1790992, 1, 1
1791164, 0, 0
1791167, 1, 1
1791339, 0, 1
1791342, 1, 1
1791514, 0, 0
1791517, 1, 1
1791689, 0, 1
1791692, 1, 1
1791864, 0, 1
1791867, 1, 1
1792039, 0, 0
1792043, 1, 1
1792214, 0, 1
1792218, 1, 1
1792389, 0, 0
1792393, 1, 1
1792564, 0, bit 1
1792564, 0, 0
1792568, 1, 1
1792739, 0, 1
1792743, 1, 1
1792914, 0, 1
1792918, 1, 0
1793089, 0, 0
1793093, 1, 0
1793264, 0, 1
1793268, 1, 0
1793439, 0, 0
1793443, 1, 0
1793614, 0, 1
1793618, 1, 0
1793789, 0, 0
1793793, 1, 0
1793964, 0, 1
1793968, 1, 0
1794139, 0, 0
1794143, 1, 0
1794314, 0, 0
1794318, 1, 0
1794489, 0, 1
1794493, 1, 0
1794664, 0, 0
1794668, 1, 0
1794839, 0, 1
1794843, 1, 0
1795014, 0, bit 1
1795014, 0, 0
1795018, 1, 0
1795189, 0, 1
1795193, 1, 0
1795364, 0, 1
1795368, 1, 0
1795539, 0, 0
1795543, 1, 0
1795714, 0, 1
1795718, 1, prem 1
1795718, 1, 1
1795889, 0, 0
1795893, 1, 1
1796064, 0, 1
1796068, 1, 1
1796239, 0, 0
1796243, 1, 1
1796414, 0, 1
1796418, 1, 1
1796589, 0, 0
1796593, 1, 1
1796764, 0, 0
1796768, 1, 1
1796939, 0, 1
1796943, 1, 1
1797114, 0, 0
1797118, 1, 1
1797289, 0, 1
1797293, 1, 1
1797464, 0, bit 1
1797464, 0, 0
1797468, 1, 1
1797639, 0, 1
1797643, 1, 1
1797814, 0, 1
1797818, 1, 1
1797989, 0, 0
1797993, 1, 1
1798164, 0, 1
1798168, 1, 1
1798339, 0, 0
1798343, 1, 1
1798514, 0, 1
1798518, 1, 0
1798689, 0, 0
1798693, 1, 0
1798864, 0, 1
1798868, 1, 0
1799040, 0, 0
1799043, 1, 0
1799215, 0, 0
1799218, 1, 0
1799390, 0, 1
1799393, 1, 0
1799565, 0, 0
1799568, 1, 0
1799740, 0, 1
1799743, 1, 0
1799915, 0, bit 1
1799915, 0, 0
1799918, 1, 0
1800090, 0, 1
1800093, 1, 0
1800265, 0, 1
1800268, 1, 0
1800440, 0, 0
1800443, 1, 0
1800615, 0, 1
1800619, 1, 0
1800790, 0, 0
1800794, 1, 0
1800965, 0, 1
1800969, 1, 0
1801140, 0, 0
1801144, 1, 0
1801315, 0, 1
1801319, 1, prem 0
1801319, 1, 0
1801490, 0, 0
1801494, 1, 0
1801665, 0, 0
1801669, 1, 0
1801840, 0, 1
1801844, 1, 0
1802015, 0, 0
1802019, 1, 0
1802190, 0, 1
1802194, 1, 0
1802365, 0, bit 0
1802365, 0, 1
1802369, 1, 0
1802540, 0, 0
1802544, 1, 0
1802715, 0, 0
1802719, 1, 0
1802890, 0, 1
1802894, 1, 0
1803065, 0, 0
1803069, 1, 0
1803240, 0, 1
1803244, 1, 0
1803415, 0, 0
1803419, 1, 0
1803590, 0, 1
1803594, 1, 0
1803765, 0, 0
1803769, 1, 0
1803940, 0, 1
1803944, 1, 0
1804115, 0, 1
1804119, 1, 1
1804290, 0, 0
1804294, 1, 1
1804465, 0, 1
1804469, 1, 1
1804640, 0, 0
1804644, 1, 1
1804815, 0, bit 0
1804815, 0, 1
1804819, 1, 1
1804990, 0, 0
1804994, 1, 1
1805165, 0, 0
1805169, 1, 1
1805340, 0, 1
1805344, 1, 1
1805515, 0, 0
1805519, 1, 1
1805690, 0, 1
1805694, 1, 1
1805865, 0, 0
1805869, 1, 1
1806040, 0, 1
1806044, 1, 1
1806215, 0, 0
1806219, 1, 1
1806390, 0, 1
1806394, 1, 1
1806565, 0, 1
1806569, 1, 1
1806740, 0, 0
1806744, 1, 1
1806915, 0, 1
1806919, 1, prem 0
1806919, 1, 0
1807090, 0, 0
1807094, 1, 0
1807265, 0, bit 0
1807265, 0, 1
1807269, 1, 0
1807440, 0, 0
1807444, 1, 0
1807616, 0, 0
1807619, 1, 0
1807791, 0, 1
1807794, 1, 0
1807966, 0, 0
1807969, 1, 0
1808141, 0, 1
1808144, 1, 0
1808316, 0, 0
1808319, 1, 0
1808491, 0, 1
1808494, 1, 0
1808666, 0, 0
1808669, 1, 0
1808841, 0, 1
1808844, 1, 0
1809016, 0, 1
1809019, 1, 0
1809191, 0, 0
1809195, 1, 0
1809366, 0, 1
1809370, 1, 0
1809541, 0, 0
1809545, 1, 0
1809716, 0, bit 1
1809716, 0, 0
1809720, 1, 1
1809891, 0, 1
1809895, 1, 1
1810066, 0, 1
1810070, 1, 1
1810241, 0, 0
1810245, 1, 1
1810416, 0, 1
1810420, 1, 1
1810591, 0, 0
1810595, 1, 1
1810766, 0, 1
1810770, 1, 1
1810941, 0, 0
1810945, 1, 1
1811116, 0, 1
1811120, 1, 1
1811291, 0, 0
1811295, 1, 1
1811466, 0, 0
1811470, 1, 1
1811641, 0, 1
1811645, 1, 1
1811816, 0, 0
1811820, 1, 1
1811991, 0, 1
1811995, 1, 1
1812166, 0, bit 0
1812166, 0, 1
1812170, 1, 1
1812341, 0, 0
1812345, 1, 1
1812516, 0, 0
1812520, 1, prem 1
1812520, 1, 1
1812691, 0, 1
1812695, 1, 1
1812866, 0, 0
1812870, 1, 1
1813041, 0, 1
1813045, 1, 1
1813216, 0, 0
1813220, 1, 1
1813391, 0, 1
1813395, 1, 1
1813566, 0, 0
1813570, 1, 1
1813741, 0, 1
1813745, 1, 1
1813916, 0, 1
1813920, 1, 1
1814091, 0, 0
1814095, 1, 1
1814266, 0, 1
1814270, 1, 1
1814441, 0, 0
1814445, 1, 1
1814616, 0, bit 0
1814616, 0, 1
1814620, 1, 1
1814791, 0, 0
1814795, 1, 1
1814966, 0, 0
1814970, 1, 1
1815141, 0, 1
1815145, 1, 1
1815316, 0, 0
1815320, 1, 0
1815491, 0, 1
1815495, 1, 0
1815666, 0, 0
1815670, 1, 0
1815841, 0, 1
1815845, 1, 0
1816016, 0, 0
1816020, 1, 0
1816192, 0, 1
1816195, 1, 0
1816367, 0, 1
1816370, 1, 0
1816542, 0, 0
1816545, 1, 0
1816717, 0, 1
1816720, 1, 0
1816892, 0, 0
1816895, 1, 0
1817067, 0, bit 0
1817067, 0, 1
1817070, 1, 0
1817242, 0, 0
1817245, 1, 0
1817417, 0, 0
1817420, 1, 0
1817592, 0, 1
1817595, 1, 0
1817767, 0, 0
1817771, 1, 0
1817942, 0, 1
1817946, 1, 0
1818117, 0, 0
1818121, 1, bit 1
1818121, 1, 1
1818292, 0, 1
1818296, 1, 0
1818467, 0, 0
1818471, 1, 0
1818642, 0, 1
1818646, 1, 1
1818817, 0, 1
1818821, 1, 1
1818992, 0, 0
1818996, 1, 0
1819167, 0, 1
1819171, 1, 1
1819342, 0, 0
1819346, 1, 0
1819517, 0, bit 0
1819517, 0, 1
1819521, 1, 0
1819692, 0, 0
1819696, 1, 1
1819867, 0, 0
1819871, 1, 0
1820042, 0, 1
1820046, 1, 1
1820050, 2, prem 1
1820050, 2, 1
1820217, 0, 0
1820221, 1, 1
1820225, 2, 1
1820392, 0, 1
1820396, 1, 0
1820400, 2, 1
1820567, 0, 0
1820571, 1, bit 0
1820571, 1, 0
1820575, 2, 1
1820742, 0, 1
1820746, 1, 1
1820750, 2, 1
1820917, 0, 0
1820921, 1, 1
1820925, 2, 1
1821092, 0, 1
1821096, 1, 0
1821100, 2, 1
1821267, 0, 1
1821271, 1, 0
1821275, 2, 1
1821442, 0, 0
1821446, 1, 1
1821450, 2, 1
1821617, 0, 1
1821621, 1, 0
1821625, 2, 1
1821792, 0, 0
1821796, 1, 1
1821800, 2, 1
1821967, 0, bit 0
1821967, 0, 1
1821971, 1, 1
1821975, 2, 1
1822142, 0, 0
1822146, 1, 0
1822150, 2, 1
1822317, 0, 0
1822321, 1, 1
1822325, 2, 1
1822492, 0, 1
1822496, 1, 0
1822500, 2, 1
1822667, 0, 0
1822671, 1, 0
1822675, 2, 1
1822842, 0, 1
1822846, 1, 1
1822850, 2, 0
1823017, 0, 0
1823021, 1, bit 1
1823021, 1, 1
1823025, 2, 0
1823192, 0, 1
1823196, 1, 0
1823200, 2, 0
1823367, 0, 0
1823371, 1, 0
1823375, 2, 0
1823542, 0, 1
1823546, 1, 1
1823550, 2, 0
1823717, 0, 1
1823721, 1, 1
1823725, 2, 0
1823892, 0, 0
1823896, 1, 0
1823900, 2, 0
1824067, 0, 1
1824071, 1, 1
1824075, 2, 0
1824242, 0, 0
1824246, 1, 0
1824250, 2, 0
1824417, 0, bit 1
1824417, 0, 0
1824421, 1, 0
1824425, 2, 0
1824592, 0, 1
1824596, 1, 1
1824600, 2, 0
1824768, 0, 1
1824771, 1, 0
1824775, 2, 0
1824943, 0, 0
1824946, 1, 1
1824950, 2, 0
1825118, 0, 1
1825121, 1, 1
1825125, 2, 0
1825293, 0, 0
1825296, 1, 0
1825300, 2, 0
1825468, 0, 1
1825471, 1, bit 0
1825474, 1, 0
1825475, 2, 0
1825643, 0, 0
1825646, 1, 1
1825650, 2, prem 1
1825650, 2, 1
1825818, 0, 1
1825821, 1, 1
1825825, 2, 1
1825993, 0, 0
1825996, 1, 0
1826000, 2, 1
1826168, 0, 0
1826171, 1, 0
1826176, 2, 1
1826343, 0, 1
1826347, 1, 1
1826351, 2, 1
1826518, 0, 0
1826522, 1, 0
1826526, 2, 1
1826693, 0, 1
1826697, 1, 1
1826701, 2, 1
1826868, 0, bit 1
1826868, 0, 0
1826872, 1, 1
1826876, 2, 1
1827043, 0, 1
1827047, 1, 0
1827051, 2, 1
1827218, 0, 1
1827222, 1, 1
1827226, 2, 1
1827393, 0, 0
1827397, 1, 0
1827401, 2, 1
1827568, 0, 1
1827572, 1, 0
1827576, 2, 1
1827743, 0, 0
1827747, 1, 1
1827751, 2, 1
1827918, 0, 1
1827922, 1, bit 1
1827922, 1, 1
1827926, 2, 1
1828093, 0, 0
1828097, 1, 0
1828101, 2, 1
1828268, 0, 1
1828272, 1, 0
1828276, 2, 1
1828443, 0, 0
1828447, 1, 1
1828451, 2, 0
1828618, 0, 0
1828622, 1, 1
1828626, 2, 0
1828793, 0, 1
1828797, 1, 0
1828801, 2, 0
1828968, 0, 0
1828972, 1, 1
1828976, 2, 0
1829143, 0, 1
1829147, 1, 0
1829151, 2, 0
1829318, 0, bit 0
1829318, 0, 1
1829322, 1, 0
1829326, 2, 0
1829493, 0, 0
1829497, 1, 1
1829501, 2, 0
1829668, 0, 0
1829672, 1, 0
1829676, 2, 0
1829843, 0, 1
1829847, 1, 1
1829851, 2, 0
1830018, 0, 0
1830022, 1, 1
1830026, 2, 0
1830193, 0, 1
1830197, 1, 0
1830201, 2, 0
1830368, 0, 0
1830372, 1, bit 0
1830372, 1, 0
1830376, 2, 0
1830543, 0, 1
1830547, 1, 1
1830551, 2, 0
1830718, 0, 0
1830722, 1, 1
1830726, 2, 0
1830893, 0, 1
1830897, 1, 0
1830901, 2, 0
1831068, 0, 1
1831072, 1, 0
1831076, 2, 0
1831243, 0, 0
1831247, 1, 1
1831251, 2, prem 0
1831251, 2, 0
1831418, 0, 1
1831422, 1, 0
1831426, 2, 0
1831593, 0, 0
1831597, 1, 1
1831601, 2, 0
1831768, 0, bit 1
1831768, 0, 0
1831772, 1, 1
1831776, 2, 0
1831943, 0, 1
1831947, 1, 0
1831951, 2, 0
1832118, 0, 1
1832122, 1, 1
1832126, 2, 0
1832293, 0, 0
1832297, 1, 0
1832301, 2, 0
1832468, 0, 1
1832472, 1, 0
1832476, 2, 0
1832643, 0, 0
1832647, 1, 1
1832651, 2, 0
1832818, 0, 1
1832822, 1, bit 1
1832825, 1, 1
1832826, 2, 0
1832993, 0, 0
1832997, 1, 0
1833001, 2, 0
1833168, 0, 1
1833172, 1, 0
1833176, 2, 0
1833344, 0, 0
1833347, 1, 1
1833351, 2, 0
1833519, 0, 0
1833522, 1, 1
1833526, 2, 0
1833694, 0, 1
1833697, 1, 0
1833701, 2, 0
1833869, 0, 0
1833872, 1, 1
1833876, 2, 0
1834044, 0, 1
1834047, 1, 0
1834051, 2, 1
1834219, 0, bit 1
1834219, 0, 0
1834222, 1, 0
1834226, 2, 1
1834394, 0, 1
1834397, 1, 1
1834401, 2, 1
1834569, 0, 1
1834572, 1, 0
1834576, 2, 1
1834744, 0, 0
1834747, 1, 1
1834752, 2, 1
1834919, 0, 1
1834923, 1, 1
1834927, 2, 1
1835094, 0, 0
1835098, 1, 0
1835102, 2, 1
1835269, 0, 1
1835273, 1, bit 0
1835273, 1, 0
1835277, 2, 1
1835444, 0, 0
1835448, 1, 1
1835452, 2, 1
1835619, 0, 1
1835623, 1, 1
1835627, 2, 1
1835794, 0, 0
1835798, 1, 0
1835802, 2, 1
1835969, 0, 0
1835973, 1, 0
1835977, 2, 1
1836144, 0, 1
1836148, 1, 1
1836152, 2, 1
1836319, 0, 0
1836323, 1, 0
1836327, 2, 1
1836494, 0, 1
1836498, 1, 1
1836502, 2, 1
1836669, 0, bit 1
1836673, 0, 0
1836673, 1, 1
1836677, 2, 1
1836844, 0, 1
1836848, 1, 0
1836852, 2, prem 0
1836852, 2, 0
1837019, 0, 1
1837023, 1, 1
1837027, 2, 0
1837194, 0, 0
1837198, 1, 0
1837202, 2, 0
1837369, 0, 1
1837373, 1, 0
1837377, 2, 0
1837544, 0, 0
1837548, 1, 1
1837552, 2, 0
1837719, 0, 1
1837723, 1, bit 1
1837723, 1, 1
1837727, 2, 0
1837894, 0, 0
1837898, 1, 0
1837902, 2, 0
1838069, 0, 1
1838073, 1, 0
1838077, 2, 0
1838244, 0, 0
1838248, 1, 1
1838252, 2, 0
1838419, 0, 0
1838430, 1, 1
1838431, 2, 0
1838594, 0, 1
1838605, 1, 0
1838606, 2, 0
1838769, 0, 0
1838780, 1, 1
1838781, 2, 0
1838944, 0, 1
1838955, 1, 0
1838956, 2, 0
1839119, 0, bit 1
1839119, 0, 0
1839130, 1, 0
1839131, 2, 0
1839294, 0, 1
1839305, 1, 1
1839306, 2, 0
1839469, 0, 1
1839480, 1, 0
1839481, 2, 0
1839644, 0, 0
1839655, 1, 1
1839656, 2, 1
1839819, 0, 1
1839830, 1, 1
1839831, 2, 1
1839994, 0, 0
1840005, 1, 0
1840006, 2, 1
1840169, 0, 1
1840180, 1, bit 0
1840180, 1, 0
1840181, 2, 1
1840344, 0, 0
1840355, 1, 1
1840356, 2, 1
1840519, 0, 1
1840530, 1, 1
1840531, 2, 1
1840694, 0, 0
1840705, 1, 0
1840706, 2, 1
1840869, 0, 0
1840880, 1, 0
1840881, 2, 1
1841044, 0, 1
1841055, 1, 1
1841056, 2, 1
1841219, 0, 0
1841230, 1, 0
1841231, 2, 1
1841394, 0, 1
1841405, 1, 1
1841406, 2, 1
1841569, 0, bit 1
1841569, 0, 0
1841580, 1, 1
1841581, 2, 1
1841744, 0, 1
1841755, 1, 0
1841756, 2, 1
1841920, 0, 1
1841930, 1, 1
1841931, 2, 1
1842095, 0, 0
1842105, 1, 0
1842106, 2, 1
1842270, 0, 1
1842280, 1, 0
1842281, 2, 1
1842445, 0, 0
1842455, 1, 1
1842456, 2, prem 0
1842456, 2, 0
1842620, 0, 1
1842630, 1, bit 1
1842630, 1, 1
1842631, 2, 0
1842795, 0, 0
1842805, 1, 0
1842806, 2, 0
1842970, 0, 1
1842980, 1, 0
1842981, 2, 0
1843145, 0, 0
1843155, 1, 1
1843156, 2, 0
1843320, 0, 0
1843330, 1, 1
1843331, 2, 0
1843495, 0, 1
1843505, 1, 0
1843506, 2, 0
1843670, 0, 0
1843680, 1, 1
1843681, 2, 0
1843845, 0, 1
1843855, 1, 0
1843856, 2, 0
1844020, 0, bit 0
1844023, 0, 1
1844030, 1, 0
1844031, 2, 0
1844195, 0, 0
1844205, 1, 1
1844206, 2, 0
1844370, 0, 0
1844380, 1, 0
1844381, 2, 0
1844545, 0, 1
1844555, 1, 1
1844556, 2, 0
1844720, 0, 0
1844730, 1, 1
1844731, 2, 0
1844895, 0, 1
1844905, 1, 0
1844907, 2, 0
1845070, 0, 0
1845080, 1, bit 1
1845080, 1, 1
1845082, 2, 0
1845245, 0, 1
1845255, 1, 0
1845257, 2, 1
1845420, 0, 0
1845430, 1, 0
1845432, 2, 1
1845595, 0, 1
1845605, 1, 1
1845607, 2, 1
1845770, 0, 1
1845780, 1, 1
1845782, 2, 1
1845945, 0, 0
1845955, 1, 0
1845957, 2, 1
1846120, 0, 1
1846130, 1, 1
1846132, 2, 1
1846295, 0, 0
1846305, 1, 0
1846307, 2, 1
1846470, 0, bit 1
1846470, 0, 0
1846480, 1, 0
1846482, 2, 1
1846645, 0, 1
1846656, 1, 1
1846657, 2, 1
1846820, 0, 1
1846831, 1, 0
1846832, 2, 1
1846995, 0, 0
1847006, 1, 1
1847007, 2, 1
1847170, 0, 1
1847181, 1, 1
1847182, 2, 1
1847345, 0, 0
1847356, 1, 0
1847357, 2, 1
1847520, 0, 1
1847531, 1, bit 1
1847531, 1, 1
1847532, 2, 1
1847695, 0, 0
1847706, 1, 0
1847707, 2, 1
1847870, 0, 1
1847881, 1, 0
1847882, 2, 1
1848045, 0, 0
1848056, 1, 1
1848057, 2, prem 0
1848057, 2, 0
1848220, 0, 0
1848231, 1, 1
1848232, 2, 0
1848395, 0, 1
1848406, 1, 0
1848407, 2, 0
1848570, 0, 0
1848581, 1, 1
1848582, 2, 0
1848745, 0, 1
1848756, 1, 0
1848757, 2, 0
1848920, 0, bit 0
1848920, 0, 1
1848931, 1, 0
1848932, 2, 0
1849095, 0, 0
1849106, 1, 1
1849107, 2, 0
1849270, 0, 0
1849281, 1, 0
1849282, 2, 0
1849445, 0, 1
1849456, 1, 1
1849457, 2, 0
1849620, 0, 0
1849631, 1, 1
1849632, 2, 0
1849795, 0, 1
1849806, 1, 0
1849807, 2, 0
1849970, 0, 0
1849981, 1, bit 0
1849981, 1, 0
1849982, 2, 0
1850145, 0, 1
1850156, 1, 1
1850157, 2, 0
1850320, 0, 0
1850331, 1, 1
1850332, 2, 0
1850496, 0, 1
1850506, 1, 0
1850507, 2, 0
1850671, 0, 1
1850681, 1, 0
1850682, 2, 0
1850846, 0, 0
1850856, 1, 1
1850857, 2, 1
1851021, 0, 1
1851031, 1, 0
1851032, 2, 1
1851196, 0, 0
1851206, 1, 1
1851207, 2, 1
1851371, 0, bit 0
1851371, 0, 1
1851381, 1, 1
1851384, 2, 1
1851546, 0, 0
1851556, 1, 0
1851559, 2, 1
1851721, 0, 0
1851731, 1, 1
1851734, 2, 1
1851896, 0, 1
1851906, 1, 0
1851909, 2, 1
1852071, 0, 0
1852081, 1, 0
1852084, 2, 1
1852246, 0, 1
1852256, 1, 1
1852259, 2, 1
1852421, 0, 0
1852431, 1, bit 1
1852431, 1, 1
1852434, 2, 1
1852596, 0, 1
1852606, 1, 0
1852609, 2, 1
1852771, 0, 0
1852781, 1, 0
1852784, 2, 1
1852946, 0, 1
1852956, 1, 1
1852959, 2, 1
1853121, 0, 1
1853131, 1, 1
1853134, 2, 1
1853296, 0, 0
1853306, 1, 0
1853309, 2, 1
1853471, 0, 1
1853481, 1, 1
1853484, 2, 1
1853646, 0, 0
1853656, 1, 0
1853659, 2, prem 0
1853659, 2, 0
1853821, 0, bit 0
1853821, 0, 1
1853831, 1, 0
1853834, 2, 0
1853996, 0, 0
1854006, 1, 1
1854009, 2, 0
1854171, 0, 0
1854181, 1, 0
1854184, 2, 0
1854346, 0, 1
1854356, 1, 1
1854359, 2, 0
1854521, 0, 0
1854531, 1, 1
1854534, 2, 0
1854696, 0, 1
1854706, 1, 0
1854709, 2, 0
1854871, 0, 0
1854881, 1, bit 0
1854881, 1, 0
1854884, 2, 0
1855046, 0, 1
1855056, 1, 1
1855059, 2, 0
1855221, 0, 0
1855232, 1, 1
1855234, 2, 0
1855396, 0, 1
1855407, 1, 0
1855409, 2, 0
1855571, 0, 1
1855582, 1, 0
1855584, 2, 0
1855746, 0, 0
1855757, 1, 1
1855759, 2, 0
1855921, 0, 1
1855932, 1, 0
1855934, 2, 0
1856096, 0, 0
1856107, 1, 1
1856109, 2, 0
1856271, 0, bit 0
1856271, 0, 1
1856282, 1, 1
1856284, 2, 0
1856446, 0, 0
1856457, 1, 0
1856459, 2, 1
1856621, 0, 0
1856632, 1, 1
1856634, 2, 1
1856796, 0, 1
1856807, 1, 0
1856809, 2, 1
1856971, 0, 0
1856982, 1, 0
1856985, 2, 1
1857146, 0, 1
1857157, 1, 1
1857160, 2, 1
1857321, 0, 0
1857332, 1, bit 0
1857332, 1, 0
1857335, 2, 1
1857496, 0, 1
1857507, 1, 1
1857510, 2, 1
1857671, 0, 0
1857682, 1, 1
1857685, 2, 1
1857846, 0, 1
1857857, 1, 0
1857860, 2, 1
1858021, 0, 1
1858032, 1, 0
1858035, 2, 1
1858196, 0, 0
1858207, 1, 1
1858210, 2, 1
1858371, 0, 1
1858382, 1, 0
1858385, 2, 1
1858546, 0, 0
1858557, 1, 1
1858560, 2, 1
1858721, 0, bit 1
1858721, 0, 0
1858732, 1, 1
1858735, 2, 1
1858896, 0, 1
1858907, 1, 0
1858910, 2, 1
1859072, 0, 1
1859082, 1, 1
1859085, 2, 1
1859247, 0, 0
1859257, 1, 0
1859260, 2, bit 1
1859260, 2, 1
1859422, 0, 1
1859432, 1, 0
1859435, 2, 0
1859597, 0, 0
1859607, 1, 1
1859610, 2, 1
1859772, 0, 1
1859782, 1, bit 1
1859782, 1, 1
1859785, 2, 0
1859947, 0, 0
1859957, 1, 0
1859960, 2, 0
1860122, 0, 1
1860132, 1, 0
1860135, 2, 1
1860297, 0, 0
1860307, 1, 1
1860310, 2, 0
1860472, 0, 0
1860482, 1, 1
1860485, 2, 1
1860647, 0, 1
1860657, 1, 0
1860660, 2, 0
1860822, 0, 0
1860832, 1, 1
1860835, 2, 1
1860997, 0, 1
1861007, 1, 0
1861010, 2, 0
1861172, 0, bit 0
1861172, 0, 1
1861182, 1, 0
1861185, 2, 1
1861347, 0, 0
1861357, 1, 1
1861360, 2, 0
1861522, 0, 0
1861532, 1, 0
1861535, 2, 1
1861697, 0, 1
1861707, 1, 1
1861710, 2, bit 1
1861710, 2, 1
1861872, 0, 0
1861882, 1, 1
1861885, 2, 0
1862047, 0, 1
1862057, 1, 0
1862060, 2, 1
1862222, 0, 0
1862232, 1, bit 0
1862232, 1, 0
1862235, 2, 0
1862397, 0, 1
1862407, 1, 1
1862410, 2, 0
1862572, 0, 0
1862582, 1, 1
1862585, 2, 1
1862747, 0, 1
1862757, 1, 0
1862760, 2, 0
1862922, 0, 1
1862932, 1, 0
1862935, 2, 1
1862939, 3, prem 0
1862939, 3, 0
1863097, 0, 0
1863107, 1, 1
1863110, 2, 0
1863114, 3, 0
1863272, 0, 1
1863282, 1, 0
1863285, 2, 1
1863289, 3, 0
1863447, 0, 0
1863457, 1, 1
1863460, 2, 0
1863464, 3, 0
1863622, 0, bit 1
1863622, 0, 0
1863632, 1, 1
1863635, 2, 1
1863639, 3, 0
1863797, 0, 1
1863808, 1, 0
1863810, 2, 0
1863814, 3, 0
1863972, 0, 1
1863983, 1, 1
1863985, 2, 1
1863989, 3, 0
1864147, 0, 0
1864158, 1, 0
1864160, 2, bit 0
1864160, 2, 0
1864164, 3, 0
1864322, 0, 1
1864333, 1, 0
1864335, 2, 1
1864339, 3, 0
1864497, 0, 0
1864508, 1, 1
1864510, 2, 0
1864514, 3, 0
1864672, 0, 1
1864683, 1, bit 1
1864683, 1, 1
1864685, 2, 1
1864689, 3, 0
1864847, 0, 0
1864858, 1, 0
1864860, 2, 1
1864864, 3, 0
1865022, 0, 1
1865033, 1, 0
1865035, 2, 0
1865039, 3, 0
1865197, 0, 0
1865208, 1, 1
1865210, 2, 1
1865214, 3, 0
1865372, 0, 0
1865383, 1, 1
1865385, 2, 0
1865389, 3, 0
1865547, 0, 1
1865558, 1, 0
1865560, 2, 1
1865564, 3, 0
1865722, 0, 0
1865733, 1, 1
1865735, 2, 0
1865739, 3, 1
1865897, 0, 1
1865908, 1, 0
1865910, 2, 1
1865914, 3, 1
1866072, 0, bit 0
1866072, 0, 1
1866083, 1, 0
1866085, 2, 0
1866089, 3, 1
1866247, 0, 0
1866258, 1, 1
1866260, 2, 1
1866264, 3, 1
1866422, 0, 0
1866433, 1, 0
1866435, 2, 0
1866439, 3, 1
1866597, 0, 1
1866608, 1, 1
1866610, 2, bit 1
1866610, 2, 1
1866614, 3, 1
1866772, 0, 0
1866783, 1, 1
1866785, 2, 0
1866789, 3, 1
1866947, 0, 1
1866958, 1, 0
1866960, 2, 1
1866964, 3, 1
1867122, 0, 0
1867133, 1, bit 0
1867133, 1, 0
1867136, 2, 0
1867139, 3, 1
1867297, 0, 1
1867308, 1, 1
1867311, 2, 0
1867314, 3, 1
1867472, 0, 0
1867483, 1, 1
1867486, 2, 1
1867489, 3, 1
1867648, 0, 1
1867658, 1, 0
1867661, 2, 0
1867664, 3, 1
1867823, 0, 1
1867833, 1, 0
1867836, 2, 1
1867839, 3, 1
1867998, 0, 0
1868008, 1, 1
1868011, 2, 0
1868014, 3, 1
1868173, 0, 1
1868183, 1, 0
1868186, 2, 1
1868189, 3, 1
1868348, 0, 0
1868358, 1, 1
1868361, 2, 0
1868364, 3, 1
1868523, 0, bit 0
1868523, 0, 1
1868533, 1, 1
1868536, 2, 1
1868539, 3, prem 0
1868539, 3, 0
1868698, 0, 0
1868708, 1, 0
1868711, 2, 0
1868715, 3, 0
1868873, 0, 0
1868883, 1, 1
1868886, 2, 1
1868890, 3, 0
1869048, 0, 1
1869058, 1, 0
1869061, 2, bit 1
1869061, 2, 1
1869065, 3, 0
1869223, 0, 0
1869233, 1, 0
1869236, 2, 0
1869240, 3, 0
1869398, 0, 1
1869408, 1, 1
1869411, 2, 1
1869415, 3, 0
1869573, 0, 0
1869583, 1, bit 0
1869583, 1, 0
1869586, 2, 0
1869590, 3, 0
1869748, 0, 1
1869758, 1, 1
1869761, 2, 0
1869765, 3, 0
1869923, 0, 0
1869933, 1, 1
1869936, 2, 1
1869940, 3, 0
1870098, 0, 1
1870108, 1, 0
1870111, 2, 0
1870115, 3, 0
1870273, 0, 1
1870283, 1, 0
1870286, 2, 1
1870290, 3, 0
1870448, 0, 0
1870458, 1, 1
1870461, 2, 0
1870465, 3, 0
1870623, 0, 1
1870633, 1, 0
1870636, 2, 1
1870640, 3, 0
1870798, 0, 0
1870808, 1, 1
1870811, 2, 0
1870815, 3, 0
1870973, 0, bit 0
1870973, 0, 1
1870983, 1, 1
1870986, 2, 1
1870990, 3, 0
1871148, 0, 0
1871158, 1, 0
1871161, 2, 0
1871165, 3, 0
1871323, 0, 0
1871333, 1, 1
1871336, 2, 1
1871340, 3, 1
1871498, 0, 1
1871508, 1, 0
1871511, 2, bit 0
1871511, 2, 0
1871515, 3, 1
1871673, 0, 0
1871683, 1, 0
1871686, 2, 1
1871690, 3, 1
1871848, 0, 1
1871858, 1, 1
1871861, 2, 0
1871865, 3, 1
1872023, 0, 0
1872033, 1, bit 1
1872033, 1, 1
1872036, 2, 1
1872040, 3, 1
1872198, 0, 1
1872208, 1, 0
1872211, 2, 1
1872215, 3, 1
1872373, 0, 0
1872384, 1, 0
1872386, 2, 0
1872390, 3, 1
1872548, 0, 1
1872559, 1, 1
1872561, 2, 1
1872565, 3, 1
1872723, 0, 1
1872734, 1, 1
1872736, 2, 0
1872740, 3, 1
1872898, 0, 0
1872909, 1, 0
1872911, 2, 1
1872915, 3, 1
1873073, 0, 1
1873084, 1, 1
1873086, 2, 0
1873090, 3, 1
1873248, 0, 0
1873259, 1, 0
1873261, 2, 1
1873265, 3, 1
1873423, 0, bit 1
1873423, 0, 0
1873434, 1, 0
1873436, 2, 0
1873440, 3, 1
1873598, 0, 1
1873609, 1, 1
1873611, 2, 1
1873615, 3, 1
1873773, 0, 1
1873784, 1, 0
1873786, 2, 0
1873790, 3, 1
1873948, 0, 0
1873959, 1, 1
1873961, 2, bit 0
1873961, 2, 0
1873965, 3, 1
1874123, 0, 1
1874134, 1, 1
1874136, 2, 1
1874140, 3, prem 1
1874140, 3, 1
1874298, 0, 0
1874309, 1, 0
1874311, 2, 0
1874315, 3, 1
1874473, 0, 1
1874484, 1, bit 0
1874484, 1, 0
1874486, 2, 1
1874490, 3, 1
1874648, 0, 0
1874659, 1, 1
1874661, 2, 1
1874665, 3, 1
1874823, 0, 1
1874834, 1, 1
1874836, 2, 0
1874840, 3, 1
1874998, 0, 0
1875009, 1, 0
1875011, 2, 1
1875015, 3, 1
1875173, 0, 0
1875184, 1, 0
1875186, 2, 0
1875190, 3, 1
1875348, 0, 1
1875359, 1, 1
1875361, 2, 1
1875365, 3, 1
1875523, 0, 0
1875534, 1, 0
1875536, 2, 0
1875540, 3, 1
1875698, 0, 1
1875709, 1, 1
1875712, 2, 1
1875715, 3, 1
1875873, 0, bit 1
1875873, 0, 0
1875884, 1, 1
1875887, 2, 0
1875890, 3, 1
1876048, 0, 1
1876059, 1, 0
1876062, 2, 1
1876065, 3, 1
1876224, 0, 1
1876234, 1, 1
1876237, 2, 0
1876240, 3, 1
1876399, 0, 0
1876409, 1, 0
1876412, 2, bit 1
1876412, 2, 1
1876415, 3, 1
1876574, 0, 1
1876584, 1, 0
1876587, 2, 0
1876590, 3, 1
1876749, 0, 0
1876759, 1, 1
1876762, 2, 1
1876765, 3, 1
1876924, 0, 1
1876934, 1, bit 1
1876934, 1, 1
1876937, 2, 0
1876940, 3, 0
1877099, 0, 0
1877109, 1, 0
1877112, 2, 0
1877115, 3, 0
1877274, 0, 1
1877284, 1, 0
1877287, 2, 1
1877291, 3, 0
1877449, 0, 0
1877459, 1, 1
1877462, 2, 0
1877466, 3, 0
1877624, 0, 0
1877634, 1, 1
1877637, 2, 1
1877641, 3, 0
1877799, 0, 1
1877809, 1, 0
1877812, 2, 0
1877816, 3, 0
1877974, 0, 0
1877984, 1, 1
1877987, 2, 1
1877991, 3, 0
1878149, 0, 1
1878159, 1, 0
1878162, 2, 0
1878166, 3, 0
1878324, 0, bit 0
1878324, 0, 1
1878334, 1, 0
1878337, 2, 1
1878341, 3, 0
1878499, 0, 0
1878509, 1, 1
1878512, 2, 0
1878516, 3, 0
1878674, 0, 0
1878684, 1, 0
1878687, 2, 1
1878691, 3, 0
1878849, 0, 1
1878859, 1, 1
1878862, 2, bit 0
1878862, 2, 0
1878866, 3, 0
1879024, 0, 0
1879034, 1, 1
1879037, 2, 1
1879041, 3, 0
1879199, 0, 1
1879209, 1, 0
1879212, 2, 0
1879216, 3, 0
1879374, 0, 0
1879384, 1, bit 0
1879384, 1, 0
1879387, 2, 1
1879391, 3, 0
1879549, 0, 1
1879559, 1, 1
1879562, 2, 1
1879566, 3, 0
1879724, 0, 0
1879734, 1, 1
1879737, 2, 0
1879741, 3, prem 0
1879741, 3, 0
1879899, 0, 1
1879909, 1, 0
1879912, 2, 1
1879916, 3, 0
1880074, 0, 1
1880084, 1, 0
1880087, 2, 0
1880091, 3, 0
1880249, 0, 0
1880259, 1, 1
1880262, 2, 1
1880266, 3, 0
1880424, 0, 1
1880434, 1, 0
1880437, 2, 0
1880441, 3, 0
1880599, 0, 0
1880609, 1, 1
1880612, 2, 1
1880616, 3, 0
1880774, 0, bit 1
1880774, 0, 0
1880784, 1, 1
1880787, 2, 0
1880791, 3, 0
1880949, 0, 1
1880960, 1, 0
1880962, 2, 1
1880966, 3, 0
1881124, 0, 1
1881135, 1, 1
1881137, 2, 0
1881141, 3, 0
1881299, 0, 0
1881310, 1, 0
1881312, 2, bit 0
1881312, 2, 0
1881316, 3, 0
1881474, 0, 1
1881485, 1, 0
1881487, 2, 1
1881491, 3, 0
1881649, 0, 0
1881660, 1, 1
1881662, 2, 0
1881666, 3, 0
1881824, 0, 1
1881835, 1, bit 0
1881835, 1, 0
1881837, 2, 1
1881841, 3, 0
1881999, 0, 0
1882010, 1, 1
1882012, 2, 1
1882016, 3, 0
1882174, 0, 1
1882185, 1, 1
1882187, 2, 0
1882191, 3, 0
1882349, 0, 0
1882360, 1, 0
1882362, 2, 1
1882366, 3, 0
1882524, 0, 0
1882535, 1, 0
1882537, 2, 0
1882541, 3, 1
1882699, 0, 1
1882710, 1, 1
1882712, 2, 1
1882716, 3, 1
1882874, 0, 0
1882885, 1, 0
1882887, 2, 0
1882891, 3, 1
1883049, 0, 1
1883060, 1, 1
1883062, 2, 1
1883066, 3, 1
1883224, 0, bit 0
1883224, 0, 1
1883235, 1, 1
1883237, 2, 0
1883241, 3, 1
1883399, 0, 0
1883410, 1, 0
1883412, 2, 1
1883416, 3, 1
1883574, 0, 0
1883585, 1, 1
1883587, 2, 0
1883591, 3, 1
1883749, 0, 1
1883760, 1, 0
1883762, 2, bit 0
1883762, 2, 0
1883766, 3, 1
1883924, 0, 0
1883935, 1, 0
1883937, 2, 1
1883941, 3, 1
1884099, 0, 1
1884110, 1, 1
1884112, 2, 0
1884116, 3, 1
1884274, 0, 0
1884285, 1, bit 0
1884285, 1, 0
1884288, 2, 1
1884291, 3, 1
1884449, 0, 1
1884460, 1, 1
1884463, 2, 1
1884466, 3, 1
1884624, 0, 0
1884635, 1, 1
1884638, 2, 0
1884641, 3, 1
1884800, 0, 1
1884810, 1, 0
1884813, 2, 1
1884816, 3, 1
1884975, 0, 1
1884985, 1, 0
1884988, 2, 0
1884991, 3, 1
1885150, 0, 0
1885160, 1, 1
1885163, 2, 1
1885166, 3, 1
1885325, 0, 1
1885335, 1, 0
1885338, 2, 0
1885341, 3, prem 0
1885341, 3, 0
1885500, 0, 0
1885510, 1, 1
1885513, 2, 1
1885516, 3, 0
1885675, 0, bit 1
1885675, 0, 0
1885685, 1, 1
1885688, 2, 0
1885691, 3, 0
1885850, 0, 1
1885860, 1, 0
1885863, 2, 1
1885867, 3, 0
1886025, 0, 1
1886035, 1, 1
1886038, 2, 0
1886042, 3, 0
1886200, 0, 0
1886210, 1, 0
1886213, 2, bit 0
1886213, 2, 0
1886217, 3, 0
1886375, 0, 1
1886385, 1, 0
1886388, 2, 1
1886392, 3, 0
1886550, 0, 0
1886560, 1, 1
1886563, 2, 0
1886567, 3, 0
1886725, 0, 1
1886735, 1, bit 1
1886735, 1, 1
1886738, 2, 1
1886742, 3, 0
1886900, 0, 0
1886910, 1, 0
1886913, 2, 1
1886917, 3, 0
1887075, 0, 1
1887085, 1, 0
1887088, 2, 0
1887092, 3, 0
1887250, 0, 0
1887260, 1, 1
1887263, 2, 1
1887267, 3, 0
1887425, 0, 0
1887435, 1, 1
1887438, 2, 0
1887442, 3, 0
1887600, 0, 1
1887610, 1, 0
1887613, 2, 1
1887617, 3, 0
1887775, 0, 0
1887785, 1, 1
1887788, 2, 0
1887792, 3, 0
1887950, 0, 1
1887960, 1, 0
1887963, 2, 1
1887967, 3, 0
1888125, 0, bit 0
1888125, 0, 1
1888135, 1, 0
1888138, 2, 0
1888142, 3, 1
1888300, 0, 0
1888310, 1, 1
1888313, 2, 1
1888317, 3, 1
1888475, 0, 0
1888485, 1, 0
1888488, 2, 0
1888492, 3, 1
1888650, 0, 1
1888660, 1, 1
1888663, 2, bit 0
1888663, 2, 0
1888667, 3, 1
1888825, 0, 0
1888835, 1, 1
1888845, 2, 1
1888846, 3, 1
1889000, 0, 1
1889010, 1, 0
1889020, 2, 0
1889021, 3, 1
1889175, 0, 0
1889185, 1, bit 0
1889185, 1, 0
1889195, 2, 1
1889196, 3, 1
1889350, 0, 1
1889360, 1, 1
1889370, 2, 1
1889371, 3, 1
1889525, 0, 0
1889536, 1, 1
1889545, 2, 0
1889546, 3, 1
1889700, 0, 1
1889711, 1, 0
1889720, 2, 1
1889721, 3, 1
1889875, 0, 1
1889886, 1, 0
1889895, 2, 0
1889896, 3, 1
1890050, 0, 0
1890061, 1, 1
1890070, 2, 1
1890071, 3, 1
1890225, 0, 1
1890236, 1, 0
1890245, 2, 0
1890248, 3, 1
1890400, 0, 0
1890411, 1, 1
1890420, 2, 1
1890423, 3, 1
1890575, 0, bit 1
1890575, 0, 0
1890586, 1, 1
1890595, 2, 0
1890598, 3, 1
1890750, 0, 1
1890761, 1, 0
1890770, 2, 1
1890774, 3, 1
1890925, 0, 1
1890936, 1, 1
1890945, 2, 0
1890949, 3, prem 1
1890949, 3, 1
1891100, 0, 0
1891111, 1, 0
1891120, 2, bit 0
1891120, 2, 0
1891124, 3, 1
1891275, 0, 1
1891286, 1, 0
1891295, 2, 1
1891299, 3, 1
1891450, 0, 0
1891461, 1, 1
1891470, 2, 0
1891474, 3, 1
1891625, 0, 1
1891636, 1, bit 1
1891639, 1, 1
1891645, 2, 1
1891649, 3, 1
1891800, 0, 0
1891811, 1, 0
1891820, 2, 1
1891824, 3, 1
1891975, 0, 1
1891986, 1, 0
1891995, 2, 0
1891999, 3, 1
1892150, 0, 0
1892161, 1, 1
1892170, 2, 1
1892174, 3, 1
1892325, 0, 0
1892336, 1, 1
1892345, 2, 0
1892349, 3, 1
1892500, 0, 1
1892511, 1, 0
1892520, 2, 1
1892524, 3, 1
1892675, 0, 0
1892686, 1, 1
1892695, 2, 0
1892699, 3, 1
1892850, 0, 1
1892861, 1, 0
1892870, 2, 1
1892874, 3, 1
1893025, 0, bit 0
1893025, 0, 1
1893036, 1, 0
1893045, 2, 0
1893049, 3, 1
1893200, 0, 0
1893211, 1, 1
1893220, 2, 1
1893224, 3, 1
1893376, 0, 0
1893386, 1, 0
1893395, 2, 0
1893399, 3, 1
1893551, 0, 1
1893561, 1, 1
1893570, 2, bit 1
1893570, 2, 1
1893574, 3, 1
1893726, 0, 0
1893736, 1, 1
1893745, 2, 0
1893749, 3, 0
1893901, 0, 1
1893911, 1, 0
1893920, 2, 1
1893924, 3, 0
1894076, 0, 0
1894086, 1, bit 0
1894086, 1, 0
1894095, 2, 0
1894099, 3, 0
1894251, 0, 1
1894261, 1, 1
1894270, 2, 0
1894274, 3, 0
1894426, 0, 0
1894436, 1, 1
1894445, 2, 1
1894449, 3, 0
1894601, 0, 1
1894611, 1, 0
1894620, 2, 0
1894624, 3, 0
1894776, 0, 1
1894786, 1, 0
1894795, 2, 1
1894799, 3, 0
1894951, 0, 0
1894961, 1, 1
1894970, 2, 0
1894974, 3, 0
1895126, 0, 1
1895136, 1, 0
1895145, 2, 1
1895149, 3, 0
1895301, 0, 0
1895311, 1, 1
1895320, 2, 0
1895324, 3, 0
1895476, 0, bit 0
1895476, 0, 1
1895486, 1, 1
1895495, 2, 1
1895499, 3, 0
1895651, 0, 0
1895661, 1, 0
1895670, 2, 0
1895674, 3, 0
1895826, 0, 0
1895836, 1, 1
1895845, 2, 1
1895849, 3, 0
1896001, 0, 1
1896011, 1, 0
1896020, 2, bit 1
1896020, 2, 1
1896024, 3, 0
1896176, 0, 0
1896186, 1, 0
1896195, 2, 0
1896199, 3, 0
1896351, 0, 1
1896361, 1, 1
1896370, 2, 1
1896374, 3, 0
1896526, 0, 0
1896536, 1, bit 1
1896536, 1, 1
1896545, 2, 0
1896549, 3, prem 0
1896549, 3, 0
1896701, 0, 1
1896711, 1, 0
1896720, 2, 0
1896724, 3, 0
1896876, 0, 0
1896886, 1, 0
1896895, 2, 1
1896899, 3, 0
1897051, 0, 1
1897061, 1, 1
1897070, 2, 0
1897074, 3, 0
1897226, 0, 1
1897236, 1, 1
1897245, 2, 1
1897249, 3, 0
1897401, 0, 0
1897411, 1, 0
1897420, 2, 0
1897424, 3, 0
1897576, 0, 1
1897586, 1, 1
1897595, 2, 1
1897600, 3, 0
1897751, 0, 0
1897761, 1, 0
1897771, 2, 0
1897775, 3, 0
1897926, 0, bit 1
1897926, 0, 0
1897936, 1, 0
1897946, 2, 1
1897950, 3, 0
1898101, 0, 1
1898112, 1, 1
1898121, 2, 0
1898125, 3, 0
1898276, 0, 1
1898287, 1, 0
1898296, 2, 1
1898300, 3, 0
1898451, 0, 0
1898462, 1, 1
1898471, 2, bit 0
1898471, 2, 0
1898475, 3, 0
1898626, 0, 1
1898637, 1, 1
1898646, 2, 1
1898650, 3, 0
1898801, 0, 0
1898812, 1, 0
1898821, 2, 0
1898825, 3, 0
1898976, 0, 1
1898987, 1, bit 1
1898987, 1, 1
1898996, 2, 1
1899000, 3, 0
1899151, 0, 0
1899162, 1, 0
1899171, 2, 1
1899175, 3, 0
1899326, 0, 1
1899337, 1, 0
1899346, 2, 0
1899350, 3, 1
1899501, 0, 0
1899512, 1, 1
1899521, 2, 1
1899525, 3, 1
1899676, 0, 0
1899687, 1, 1
1899696, 2, 0
1899700, 3, 1
1899851, 0, 1
1899862, 1, 0
1899871, 2, 1
1899875, 3, 1
1900026, 0, 0
1900037, 1, 1
1900046, 2, 0
1900050, 3, 1
1900201, 0, 1
1900212, 1, 0
1900221, 2, 1
1900225, 3, 1
1900376, 0, bit 1
1900376, 0, 0
1900387, 1, 0
1900396, 2, 0
1900400, 3, 1
1900551, 0, 1
1900562, 1, 1
1900571, 2, 1
1900575, 3, 1
1900726, 0, 1
1900737, 1, 0
1900746, 2, 0
1900750, 3, 1
1900901, 0, 0
1900912, 1, 1
1900921, 2, bit 0
1900921, 2, 0
1900925, 3, 1
1901076, 0, 1
1901087, 1, 1
1901096, 2, 1
1901100, 3, 1
1901251, 0, 0
1901262, 1, 0
1901271, 2, 0
1901275, 3, 1
1901426, 0, 1
1901437, 1, bit 0
1901437, 1, 0
1901446, 2, 1
1901450, 3, 1
1901601, 0, 0
1901612, 1, 1
1901621, 2, 1
1901625, 3, 1
1901776, 0, 1
1901787, 1, 1
1901796, 2, 0
1901800, 3, 1
1901952, 0, 0
1901962, 1, 0
1901971, 2, 1
1901975, 3, 1
1902127, 0, 0
1902137, 1, 0
1902146, 2, 0
1902150, 3, bit 1
1902150, 3, 0
1902302, 0, 1
1902312, 1, 1
1902321, 2, 1
1902325, 3, 1
1902477, 0, 0
1902487, 1, 0
1902496, 2, 0
1902500, 3, 0
1902652, 0, 1
1902662, 1, 1
1902671, 2, 1
1902675, 3, 1
1902827, 0, bit 0
1902827, 0, 1
1902837, 1, 1
1902846, 2, 0
1902850, 3, 1
1903002, 0, 0
1903012, 1, 0
1903021, 2, 1
1903025, 3, 0
1903177, 0, 0
1903187, 1, 1
1903196, 2, 0
1903200, 3, 0
1903352, 0, 1
1903362, 1, 0
1903371, 2, bit 0
1903371, 2, 0
1903375, 3, 1
1903527, 0, 0
1903537, 1, 0
1903546, 2, 1
1903550, 3, 0
1903702, 0, 1
1903712, 1, 1
1903721, 2, 0
1903725, 3, 1
1903877, 0, 0
1903887, 1, bit 1
1903887, 1, 1
1903896, 2, 1
1903900, 3, 1
1904052, 0, 1
1904062, 1, 0
1904071, 2, 1
1904075, 3, 0
1904227, 0, 0
1904237, 1, 0
1904246, 2, 0
1904250, 3, 0
1904402, 0, 1
1904412, 1, 1
1904421, 2, 1
1904425, 3, 1
1904577, 0, 1
1904587, 1, 1
1904596, 2, 0
1904600, 3, bit 0
1904600, 3, 1
1904752, 0, 0
1904762, 1, 0
1904771, 2, 1
1904775, 3, 0
1904927, 0, 1
1904937, 1, 1
1904946, 2, 0
1904950, 3, 1
1905102, 0, 0
1905112, 1, 0
1905121, 2, 1
1905125, 3, 0
1905277, 0, bit 0
1905277, 0, 1
1905287, 1, 0
1905296, 2, 0
1905300, 3, 0
1905452, 0, 0
1905462, 1, 1
1905471, 2, 1
1905475, 3, 1
1905627, 0, 0
1905637, 1, 0
1905646, 2, 0
1905650, 3, 1
1905802, 0, 1
1905812, 1, 1
1905821, 2, bit 1
1905821, 2, 1
1905825, 3, 0
1905977, 0, 0
1905987, 1, 1
1905996, 2, 0
1906000, 3, 1
1906152, 0, 1
1906162, 1, 0
1906171, 2, 1
1906176, 3, 0
1906327, 0, 0
1906337, 1, bit 0
1906337, 1, 0
1906347, 2, 0
1906351, 3, 0
1906502, 0, 1
1906512, 1, 1
1906522, 2, 0
1906526, 3, 1
1906677, 0, 0
1906688, 1, 1
1906697, 2, 1
1906701, 3, 1
1906852, 0, 1
1906863, 1, 0
1906872, 2, 0
1906876, 3, 0
1907027, 0, 1
1907038, 1, 0
1907047, 2, 1
1907051, 3, bit 0
1907051, 3, 1
1907202, 0, 0
1907213, 1, 1
1907222, 2, 0
1907226, 3, 0
1907377, 0, 1
1907388, 1, 0
1907397, 2, 1
1907401, 3, 1
1907552, 0, 0
1907563, 1, 1
1907572, 2, 0
1907576, 3, 0
1907727, 0, bit 1
1907727, 0, 0
1907738, 1, 1
1907747, 2, 1
1907751, 3, 0
1907902, 0, 1
1907913, 1, 0
1907922, 2, 0
1907926, 3, 1
1908077, 0, 1
1908088, 1, 1
1908097, 2, 1
1908101, 3, 1
1908252, 0, 0
1908263, 1, 0
1908272, 2, bit 0
1908272, 2, 0
1908276, 3, 0
1908427, 0, 1
1908438, 1, 0
1908447, 2, 1
1908451, 3, 1
1908602, 0, 0
1908613, 1, 1
1908622, 2, 0
1908626, 3, 0
1908777, 0, 1
1908788, 1, bit 1
1908788, 1, 1
1908797, 2, 1
1908801, 3, 0
1908952, 0, 0
1908963, 1, 0
1908972, 2, 1
1908976, 3, 1
1909127, 0, 1
1909138, 1, 0
1909147, 2, 0
1909151, 3, 1
1909302, 0, 0
1909313, 1, 1
1909322, 2, 1
1909326, 3, 0
1909477, 0, 0
1909488, 1, 1
1909497, 2, 0
1909501, 3, bit 1
1909505, 3, 0
1909652, 0, 1
1909663, 1, 0
1909672, 2, 1
1909676, 3, 1
1909827, 0, 0
1909838, 1, 1
1909847, 2, 0
1909851, 3, 0
1910002, 0, 1
1910013, 1, 0
1910022, 2, 1
1910026, 3, 1
1910177, 0, bit 0
1910177, 0, 1
1910188, 1, 0
1910197, 2, 0
1910201, 3, 1
1910352, 0, 0
1910363, 1, 1
1910372, 2, 1
1910376, 3, 0
1910528, 0, 0
1910538, 1, 0
1910547, 2, 0
1910551, 3, 0
1910703, 0, 1
1910713, 1, 1
1910722, 2, bit 1
1910722, 2, 1
1910726, 3, 1
1910878, 0, 0
1910888, 1, 1
1910897, 2, 0
1910901, 3, 0
1911053, 0, 1
1911063, 1, 0
1911072, 2, 1
1911076, 3, 1
1911228, 0, 0
1911238, 1, bit 0
1911238, 1, 0
1911247, 2, 0
1911251, 3, 1
1911403, 0, 1
1911413, 1, 1
1911422, 2, 0
1911426, 3, 0
1911578, 0, 0
1911588, 1, 1
1911597, 2, 1
1911601, 3, 0
1911753, 0, 1
1911763, 1, 0
1911772, 2, 0
1911776, 3, 1
1911928, 0, 1
1911938, 1, 0
1911947, 2, 1
1911951, 3, bit 1
1911951, 3, 0
1912103, 0, 0
1912113, 1, 1
1912122, 2, 0
1912126, 3, 1
1912278, 0, 1
1912288, 1, 0
1912297, 2, 1
1912301, 3, 0
1912453, 0, 0
1912463, 1, 1
1912472, 2, 0
1912476, 3, 1
1912628, 0, bit 1
1912628, 0, 0
1912638, 1, 1
1912647, 2, 1
1912651, 3, 1
1912803, 0, 1
1912813, 1, 0
1912822, 2, 0
1912826, 3, 0
1912978, 0, 1
1912988, 1, 1
1912997, 2, 1
1913001, 3, 0
1913153, 0, 0
1913163, 1, 0
1913172, 2, bit 0
1913172, 2, 0
1913176, 3, 1
1913328, 0, 1
1913338, 1, 0
1913347, 2, 1
1913351, 3, 0
1913503, 0, 0
1913513, 1, 1
1913522, 2, 0
1913526, 3, 1
1913678, 0, 1
1913688, 1, bit 0
1913691, 1, 0
1913697, 2, 1
1913701, 3, 1
1913853, 0, 0
1913863, 1, 1
1913872, 2, 1
1913876, 3, 0
1914028, 0, 1
1914038, 1, 1
1914047, 2, 0
1914051, 3, 0
1914203, 0, 0
1914213, 1, 0
1914222, 2, 1
1914226, 3, 1
1914378, 0, 0
1914388, 1, 0
1914397, 2, 0
1914401, 3, bit 0
1914401, 3, 1
1914553, 0, 1
1914563, 1, 1
1914572, 2, 1
1914576, 3, 0
1914728, 0, 0
1914738, 1, 0
1914747, 2, 0
1914752, 3, 1
1914903, 0, 1
1914913, 1, 1
1914923, 2, 1
1914927, 3, 0
1915078, 0, bit 1
1915081, 0, 0
1915088, 1, 1
1915098, 2, 0
1915102, 3, 0
1915253, 0, 1
1915264, 1, 0
1915273, 2, 1
1915277, 3, 1
1915428, 0, 1
1915439, 1, 1
1915448, 2, 0
1915452, 3, 1
1915603, 0, 0
1915614, 1, 0
1915623, 2, bit 0
1915623, 2, 0
1915627, 3, 0
1915778, 0, 1
1915789, 1, 0
1915798, 2, 1
1915802, 3, 1
1915953, 0, 0
1915964, 1, 1
1915973, 2, 0
1915977, 3, 0
1916128, 0, 1
1916139, 1, bit 0
1916139, 1, 0
1916148, 2, 1
1916152, 3, 0
1916303, 0, 0
1916314, 1, 1
1916323, 2, 1
1916327, 3, 1
1916478, 0, 1
1916489, 1, 1
1916498, 2, 0
1916502, 3, 1
1916653, 0, 0
1916664, 1, 0
1916673, 2, 1
1916677, 3, 0
1916828, 0, 0
1916839, 1, 0
1916848, 2, 0
1916852, 3, bit 1
1916852, 3, 0
1917003, 0, 1
1917014, 1, 1
1917023, 2, 1
1917027, 3, 1
1917178, 0, 0
1917189, 1, 0
1917198, 2, 0
1917202, 3, 0
1917353, 0, 1
1917364, 1, 1
1917373, 2, 1
1917377, 3, 1
1917528, 0, bit 1
1917528, 0, 0
1917539, 1, 1
1917548, 2, 0
1917552, 3, 1
1917703, 0, 1
1917714, 1, 0
1917723, 2, 1
1917727, 3, 0
1917878, 0, 1
1917889, 1, 1
1917898, 2, 0
1917902, 3, 0
1918053, 0, 0
1918064, 1, 0
1918073, 2, bit 1
1918073, 2, 1
1918077, 3, 1
1918228, 0, 1
1918239, 1, 0
1918248, 2, 0
1918252, 3, 0
1918403, 0, 0
1918414, 1, 1
1918423, 2, 1
1918427, 3, 1
1918578, 0, 1
1918589, 1, bit 1
1918589, 1, 1
1918598, 2, 0
1918602, 3, 1
1918753, 0, 0
1918764, 1, 0
1918773, 2, 0
1918777, 3, 0
1918928, 0, 1
1918939, 1, 0
1918948, 2, 1
1918952, 3, 0
1919104, 0, 0
1919114, 1, 1
1919123, 2, 0
1919127, 3, 1
1919279, 0, 0
1919289, 1, 1
1919298, 2, 1
1919302, 3, bit 0
1919302, 3, 1
1919454, 0, 1
1919464, 1, 0
1919473, 2, 0
1919477, 3, 0
1919629, 0, 0
1919639, 1, 1
1919648, 2, 1
1919652, 3, 1
1919804, 0, 1
1919814, 1, 0
1919823, 2, 0
1919827, 3, 0
1919979, 0, bit 0
1919979, 0, 1
1919989, 1, 0
1919998, 2, 1
1920002, 3, 0
1920154, 0, 0
1920164, 1, 1
1920173, 2, 0
1920177, 3, 1
1920329, 0, 0
1920339, 1, 0
1920348, 2, 1
1920352, 3, 1
1920504, 0, 1
1920514, 1, 1
1920523, 2, bit 1
1920526, 2, 1
1920527, 3, 0
1920679, 0, 0
1920689, 1, 1
1920698, 2, 0
1920702, 3, 1
1920854, 0, 1
1920864, 1, 0
1920873, 2, 1
1920877, 3, 0
1921029, 0, 0
1921039, 1, bit 1
1921039, 1, 1
1921048, 2, 0
1921052, 3, 0
1921204, 0, 1
1921214, 1, 0
1921223, 2, 0
1921227, 3, 1
1921379, 0, 0
1921389, 1, 0
1921398, 2, 1
1921402, 3, 1
1921554, 0, 1
1921564, 1, 1
1921573, 2, 0
1921577, 3, 0
1921729, 0, 1
1921739, 1, 1
1921748, 2, 1
1921752, 3, bit 0
1921752, 3, 1
1921904, 0, 0
1921914, 1, 0
1921923, 2, 0
1921927, 3, 0
1922079, 0, 1
1922089, 1, 1
1922098, 2, 1
1922102, 3, 1
1922254, 0, 0
1922264, 1, 0
1922273, 2, 0
1922277, 3, 0
1922429, 0, bit 1
1922429, 0, 0
1922439, 1, 0
1922448, 2, 1
1922452, 3, 0
1922604, 0, 1
1922614, 1, 1
1922623, 2, 0
1922627, 3, 1
1922779, 0, 1
1922789, 1, 0
1922798, 2, 1
1922802, 3, 1
1922954, 0, 0
1922964, 1, 1
1922973, 2, bit 1
1922973, 2, 1
1922977, 3, 0
1923129, 0, 1
1923139, 1, 1
1923148, 2, 0
1923152, 3, 1
1923304, 0, 0
1923314, 1, 0
1923323, 2, 1
1923328, 3, 0
1923479, 0, 1
1923489, 1, bit 1
1923489, 1, 1
1923499, 2, 0
1923503, 3, 0
1923654, 0, 0
1923664, 1, 0
1923674, 2, 0
1923678, 3, 1
1923829, 0, 1
1923840, 1, 0
1923849, 2, 1
1923853, 3, 1
1924004, 0, 0
1924015, 1, 1
1924024, 2, 0
1924028, 3, 0
1924179, 0, 0
1924190, 1, 1
1924199, 2, 1
1924203, 3, bit 1
1924203, 3, 0
1924354, 0, 1
1924365, 1, 0
1924374, 2, 0
1924378, 3, 1
1924529, 0, 0
1924540, 1, 1
1924549, 2, 1
1924553, 3, 0
1924704, 0, 1
1924715, 1, 0
1924724, 2, 0
1924728, 3, 1
1924879, 0, bit 0
1924879, 0, 1
1924890, 1, 0
1924899, 2, 1
1924903, 3, 1
1925054, 0, 0
1925065, 1, 1
1925074, 2, 0
1925078, 3, 0
1925229, 0, 0
1925240, 1, 0
1925249, 2, 1
1925253, 3, 0
1925404, 0, 1
1925415, 1, 1
1925424, 2, bit 0
1925424, 2, 0
1925428, 3, 1
1925579, 0, 0
1925590, 1, 1
1925599, 2, 1
1925603, 3, 0
1925754, 0, 1
1925765, 1, 0
1925774, 2, 0
1925778, 3, 1
1925929, 0, 0
1925940, 1, bit 1
1925940, 1, 1
1925949, 2, 1
1925953, 3, 1
1926104, 0, 1
1926115, 1, 0
1926124, 2, 1
1926128, 3, 0
1926279, 0, 0
1926290, 1, 0
1926299, 2, 0
1926303, 3, 0
1926454, 0, 1
1926465, 1, 1
1926474, 2, 1
1926478, 3, 1
1926629, 0, 1
1926640, 1, 1
1926649, 2, 0
1926653, 3, bit 0
1926653, 3, 1
1926804, 0, 0
1926815, 1, 0
1926824, 2, 1
1926828, 3, 0
1926979, 0, 1
1926990, 1, 1
1926999, 2, 0
1927003, 3, 1
1927154, 0, 0
1927165, 1, 0
1927174, 2, 1
1927178, 3, 0
1927329, 0, bit 1
1927329, 0, 0
1927340, 1, 0
1927349, 2, 0
1927353, 3, 0
1927504, 0, 1
1927515, 1, 1
1927524, 2, 1
1927528, 3, 1
1927680, 0, 1
1927690, 1, 0
1927699, 2, 0
1927703, 3, 1
1927855, 0, 0
1927865, 1, 1
1927874, 2, bit 1
1927874, 2, 1
1927878, 3, 0
1928030, 0, 1
1928040, 1, 1
1928049, 2, 0
1928053, 3, 1
1928205, 0, 0
1928215, 1, 0
1928224, 2, 1
1928228, 3, 0
1928380, 0, 1
1928390, 1, bit 0
1928390, 1, 0
1928399, 2, 0
1928403, 3, 0
1928555, 0, 0
1928565, 1, 1
1928574, 2, 0
1928578, 3, 1
1928730, 0, 1
1928740, 1, 1
1928749, 2, 1
1928753, 3, 1
1928905, 0, 0
1928915, 1, 0
1928924, 2, 0
1928928, 3, 0
1929080, 0, 0
1929090, 1, 0
1929099, 2, 1
1929103, 3, bit 0
1929103, 3, 1
1929255, 0, 1
1929265, 1, 1
1929274, 2, 0
1929278, 3, 0
1929430, 0, 0
1929440, 1, 0
1929449, 2, 1
1929453, 3, 1
1929605, 0, 1
1929615, 1, 1
1929624, 2, 0
1929628, 3, 0
1929780, 0, bit 1
1929780, 0, 0
1929790, 1, 1
1929799, 2, 1
1929803, 3, 0
1929955, 0, 1
1929965, 1, 0
1929974, 2, 0
1929978, 3, 1
1930130, 0, 1
1930140, 1, 1
1930149, 2, 1
1930153, 3, 1
1930305, 0, 0
1930315, 1, 0
1930324, 2, bit 1
1930324, 2, 1
1930328, 3, 0
1930480, 0, 1
1930490, 1, 0
1930499, 2, 0
1930503, 3, 1
1930655, 0, 0
1930665, 1, 1
1930674, 2, 1
1930678, 3, 0
1930830, 0, 1
1930840, 1, bit 0
1930840, 1, 0
1930849, 2, 0
1930853, 3, 0
1931005, 0, 0
1931015, 1, 1
1931024, 2, 0
1931028, 3, 1
1931180, 0, 1
1931190, 1, 1
1931199, 2, 1
1931203, 3, 1
1931355, 0, 0
1931365, 1, 0
1931374, 2, 0
1931378, 3, 0
1931530, 0, 0
1931540, 1, 0
1931549, 2, 1
1931553, 3, bit 0
1931553, 3, 1
1931705, 0, 1
1931715, 1, 1
1931724, 2, 0
1931728, 3, 0
1931880, 0, 0
1931890, 1, 0
1931899, 2, 1
1931904, 3, 1
1932055, 0, 1
1932065, 1, 1
1932075, 2, 0
1932079, 3, 0
1932230, 0, bit 1
1932230, 0, 0
1932240, 1, 1
1932250, 2, 1
1932254, 3, 0
1932405, 0, 1
1932416, 1, 0
1932425, 2, 0
1932429, 3, 1
1932580, 0, 1
1932591, 1, 1
1932600, 2, 1
1932604, 3, 1
1932755, 0, 0
1932766, 1, 0
1932775, 2, bit 1
1932775, 2, 1
1932786, 3, 0
1932930, 0, 1
1932941, 1, 0
1932950, 2, 0
1932961, 3, 1
1933105, 0, 0
1933116, 1, 1
1933125, 2, 1
1933136, 3, 0
1933280, 0, 1
1933291, 1, bit 0
1933291, 1, 0
1933300, 2, 0
1933312, 3, 0
1933455, 0, 0
1933466, 1, 1
1933475, 2, 0
1933487, 3, 1
1933630, 0, 1
1933641, 1, 1
1933650, 2, 1
1933662, 3, 1
1933805, 0, 0
1933816, 1, 0
1933825, 2, 0
1933837, 3, 0
1933980, 0, 0
1933991, 1, 0
1934000, 2, 1
1934012, 3, bit 1
1934012, 3, 0
1934155, 0, 1
1934166, 1, 1
1934175, 2, 0
1934187, 3, 1
1934330, 0, 0
1934341, 1, 0
1934350, 2, 1
1934362, 3, 0
1934505, 0, 1
1934516, 1, 1
1934525, 2, 0
1934537, 3, 1
1934680, 0, bit 0
1934680, 0, 1
1934691, 1, 1
1934700, 2, 1
1934712, 3, 1
1934855, 0, 0
1934866, 1, 0
1934875, 2, 0
1934887, 3, 0
1935030, 0, 0
1935041, 1, 1
1935050, 2, 1
1935062, 3, 0
1935205, 0, 1
1935216, 1, 0
1935225, 2, bit 0
1935225, 2, 0
1935237, 3, 1
1935380, 0, 0
1935391, 1, 0
1935400, 2, 1
1935412, 3, 0
1935555, 0, 1
1935566, 1, 1
1935575, 2, 0
1935587, 3, 1
1935730, 0, 0
1935741, 1, bit 0
1935741, 1, 0
1935750, 2, 1
1935762, 3, 1
1935905, 0, 1
1935916, 1, 1
1935925, 2, 1
1935937, 3, 0
1936080, 0, 0
1936091, 1, 1
1936100, 2, 0
1936112, 3, 0
1936256, 0, 1
1936266, 1, 0
1936275, 2, 1
1936287, 3, 1
1936431, 0, 1
1936441, 1, 0
1936450, 2, 0
1936462, 3, bit 1
1936462, 3, 0
1936606, 0, 0
1936616, 1, 1
1936625, 2, 1
1936637, 3, 1
1936781, 0, 1
1936791, 1, 0
1936800, 2, 0
1936812, 3, 0
1936956, 0, 0
1936966, 1, 1
1936975, 2, 1
1936987, 3, 1
1937131, 0, bit 1
1937131, 0, 0
1937141, 1, 1
1937150, 2, 0
1937162, 3, 1
1937306, 0, 1
1937316, 1, 0
1937325, 2, 1
1937337, 3, 0
1937481, 0, 1
1937491, 1, 1
1937500, 2, 0
1937512, 3, 0
1937656, 0, 0
1937666, 1, 0
1937675, 2, bit 1
1937675, 2, 1
1937687, 3, 1
1937831, 0, 1
1937841, 1, 0
1937850, 2, 0
1937862, 3, 0
1938006, 0, 0
1938016, 1, 1
1938025, 2, 1
1938037, 3, 1
1938181, 0, 1
1938191, 1, bit 1
1938191, 1, 1
1938200, 2, 0
1938212, 3, 1
1938356, 0, 0
1938366, 1, 0
1938375, 2, 0
1938387, 3, 0
1938531, 0, 1
1938541, 1, 0
1938550, 2, 1
1938562, 3, 0
1938706, 0, 0
1938716, 1, 1
1938725, 2, 0
1938737, 3, 1
1938881, 0, 0
1938891, 1, 1
1938900, 2, 1
1938912, 3, bit 0
1938912, 3, 1
1939056, 0, 1
1939066, 1, 0
1939075, 2, 0
1939087, 3, 0
1939231, 0, 0
1939241, 1, 1
1939250, 2, 1
1939262, 3, 1
1939406, 0, 1
1939416, 1, 0
1939425, 2, 0
1939437, 3, 0
1939581, 0, bit 0
1939581, 0, 1
1939591, 1, 0
1939600, 2, 1
1939612, 3, 0
1939756, 0, 0
1939766, 1, 1
1939775, 2, 0
1939787, 3, 1
1939931, 0, 0
1939941, 1, 0
1939950, 2, 1
1939962, 3, 1
1940106, 0, 1
1940116, 1, 1
1940125, 2, bit 1
1940125, 2, 1
1940137, 3, 0
1940281, 0, 0
1940291, 1, 1
1940300, 2, 0
1940312, 3, 1
1940456, 0, 1
1940466, 1, 0
1940475, 2, 1
1940487, 3, 0
1940631, 0, 0
1940641, 1, bit 0
1940641, 1, 0
1940651, 2, 0
1940662, 3, 0
1940806, 0, 1
1940816, 1, 1
1940826, 2, 0
1940837, 3, 1
1940981, 0, 0
1940992, 1, 1
1941001, 2, 1
1941012, 3, 1
1941156, 0, 1
1941167, 1, 0
1941176, 2, 0
1941187, 3, 0
1941331, 0, 1
1941342, 1, 0
1941351, 2, 1
1941362, 3, bit 0
1941362, 3, 1
1941506, 0, 0
1941517, 1, 1
1941526, 2, 0
1941537, 3, 0
1941681, 0, 1
1941692, 1, 0
1941701, 2, 1
1941712, 3, 1
1941856, 0, 0
1941867, 1, 1
1941876, 2, 0
1941888, 3, 0
1942031, 0, bit 1
1942031, 0, 0
1942042, 1, 1
1942051, 2, 1
1942063, 3, 0
1942206, 0, 1
1942217, 1, 0
1942226, 2, 0
1942238, 3, 1
1942381, 0, 1
1942392, 1, 1
1942401, 2, 1
1942413, 3, 1
1942556, 0, 0
1942567, 1, 0
1942576, 2, bit 0
1942576, 2, 0
1942588, 3, 0
1942731, 0, 1
1942742, 1, 0
1942751, 2, 1
1942763, 3, 1
1942906, 0, 0
1942917, 1, 1
1942926, 2, 0
1942938, 3, 0
1943081, 0, 1
1943092, 1, bit 1
1943092, 1, 1
1943101, 2, 1
1943113, 3, 0
1943256, 0, 0
1943267, 1, 0
1943276, 2, 1
1943288, 3, 1
1943431, 0, 1
1943442, 1, 0
1943451, 2, 0
1943463, 3, 1
1943606, 0, 0
1943617, 1, 1
1943626, 2, 1
1943638, 3, 0
1943781, 0, 0
1943792, 1, 1
1943801, 2, 0
1943813, 3, bit 1
1943813, 3, 0
1943956, 0, 1
1943967, 1, 0
1943976, 2, 1
1943988, 3, 1
1944131, 0, 0
1944142, 1, 1
1944151, 2, 0
1944163, 3, 0
1944306, 0, 1
1944317, 1, 0
1944326, 2, 1
1944338, 3, 1
1944481, 0, bit 1
1944481, 0, 0
1944492, 1, 0
1944501, 2, 0
1944513, 3, 1
1944656, 0, 1
1944667, 1, 1
1944676, 2, 1
1944688, 3, 0
1944832, 0, 1
1944842, 1, 0
1944851, 2, 0
1944863, 3, 0
1945007, 0, 0
1945017, 1, 1
1945026, 2, bit 0
1945026, 2, 0
1945038, 3, 1
1945182, 0, 1
1945192, 1, 1
1945201, 2, 1
1945213, 3, 0
1945357, 0, 0
1945367, 1, 0
1945376, 2, 0
1945388, 3, 1
1945532, 0, 1
1945542, 1, bit 0
1945542, 1, 0
1945551, 2, 1
1945563, 3, 1
1945707, 0, 0
1945717, 1, 1
1945726, 2, 1
1945738, 3, 0
1945882, 0, 1
1945892, 1, 1
1945901, 2, 0
1945913, 3, 0
1946057, 0, 0
1946067, 1, 0
1946076, 2, 1
1946088, 3, 1
1946232, 0, 0
1946242, 1, 0
1946251, 2, 0
1946263, 3, bit 1
1946263, 3, 0
1946407, 0, 1
1946417, 1, 1
1946426, 2, 1
1946438, 3, 1
1946582, 0, 0
1946592, 1, 0
1946601, 2, 0
1946613, 3, 0
1946757, 0, 1
1946767, 1, 1
1946776, 2, 1
1946788, 3, 1
1946932, 0, bit 1
1946932, 0, 0
1946942, 1, 1
1946951, 2, 0
1946963, 3, 1
1947107, 0, 1
1947117, 1, 0
1947126, 2, 1
1947138, 3, 0
1947282, 0, 1
1947292, 1, 1
1947301, 2, 0
1947313, 3, 0
1947457, 0, 0
1947467, 1, 0
1947476, 2, bit 0
1947476, 2, 0
1947488, 3, 1
1947632, 0, 1
1947642, 1, 0
1947651, 2, 1
1947663, 3, 0
1947807, 0, 0
1947817, 1, 1
1947826, 2, 0
1947838, 3, 1
1947982, 0, 1
1947992, 1, bit 1
1947992, 1, 1
1948001, 2, 1
1948013, 3, 1
1948157, 0, 0
1948167, 1, 0
1948176, 2, 1
1948188, 3, 0
1948332, 0, 1
1948342, 1, 0
1948351, 2, 0
1948363, 3, 0
1948507, 0, 0
1948517, 1, 1
1948526, 2, 1
1948538, 3, 1
1948682, 0, 0
1948692, 1, 1
1948701, 2, 0
1948713, 3, bit 1
1948713, 3, 0
1948857, 0, 1
1948867, 1, 0
1948876, 2, 1
1948888, 3, 1
1949032, 0, 0
1949042, 1, 1
1949051, 2, 0
1949063, 3, 0
1949207, 0, 1
1949217, 1, 0
1949227, 2, 1
1949238, 3, 1
1949382, 0, bit 0
1949382, 0, 1
1949392, 1, 0
1949402, 2, 0
1949413, 3, 1
1949557, 0, 0
1949568, 1, 1
1949577, 2, 1
1949588, 3, 0
1949732, 0, 0
1949743, 1, 0
1949752, 2, 0
1949763, 3, 0
1949907, 0, 1
1949918, 1, 1
1949927, 2, bit 0
1949927, 2, 0
1949938, 3, 1
1950082, 0, 0
1950093, 1, 1
1950102, 2, 1
1950113, 3, 0
1950257, 0, 1
1950268, 1, 0
1950277, 2, 0
1950288, 3, 1
1950432, 0, 0
1950443, 1, bit 1
1950443, 1, 1
1950452, 2, 1
1950464, 3, 1
1950607, 0, 1
1950618, 1, 0
1950627, 2, 1
1950639, 3, 0
1950782, 0, 0
1950793, 1, 0
1950802, 2, 0
1950814, 3, 0
1950957, 0, 1
1950968, 1, 1
1950977, 2, 1
1950989, 3, 1
1951132, 0, 1
1951143, 1, 1
1951152, 2, 0
1951164, 3, bit 0
1951164, 3, 1
1951307, 0, 0
1951318, 1, 0
1951327, 2, 1
1951339, 3, 0
1951482, 0, 1
1951493, 1, 1
1951502, 2, 0
1951514, 3, 1
1951657, 0, 0
1951668, 1, 0
1951677, 2, 1
1951689, 3, 0
1951832, 0, bit 0
1951832, 0, 1
1951843, 1, 0
1951852, 2, 0
1951864, 3, 0
1952007, 0, 0
1952018, 1, 1
1952027, 2, 1
1952039, 3, 1
1952182, 0, 0
1952193, 1, 0
1952202, 2, 0
1952214, 3, 1
1952357, 0, 1
1952368, 1, 1
1952377, 2, bit 1
1952377, 2, 1
1952389, 3, 0
1952532, 0, 0
1952543, 1, 1
1952552, 2, 0
1952564, 3, 1
1952707, 0, 1
1952718, 1, 0
1952727, 2, 1
1952739, 3, 0
1952882, 0, 0
1952893, 1, bit 0
1952893, 1, 0
1952902, 2, 0
1952914, 3, 0
1953057, 0, 1
1953068, 1, 1
1953077, 2, 0
1953089, 3, 1
1953232, 0, 0
1953243, 1, 1
1953252, 2, 1
1953264, 3, 1
1953408, 0, 1
1953418, 1, 0
1953427, 2, 0
1953439, 3, 0
1953583, 0, 1
1953593, 1, 0
1953602, 2, 1
1953614, 3, bit 1
1953614, 3, 0
1953758, 0, 0
1953768, 1, 1
1953777, 2, 0
1953789, 3, 1
1953933, 0, 1
1953943, 1, 0
1953952, 2, 1
1953964, 3, 0
1954108, 0, 0
1954118, 1, 1
1954127, 2, 0
1954139, 3, 1
1954283, 0, bit 1
1954283, 0, 0
1954293, 1, 1
1954302, 2, 1
1954314, 3, 1
1954458, 0, 1
1954468, 1, 0
1954477, 2, 0
1954489, 3, 0
1954633, 0, 1
1954643, 1, 1
1954652, 2, 1
1954664, 3, 0
1954808, 0, 0
1954818, 1, 0
1954827, 2, bit 0
1954827, 2, 0
1954839, 3, 1
1954983, 0, 1
1954993, 1, 0
1955002, 2, 1
1955014, 3, 0
1955158, 0, 0
1955168, 1, 1
1955177, 2, 0
1955189, 3, 1
1955333, 0, 1
1955343, 1, bit 1
1955343, 1, 1
1955352, 2, 1
1955364, 3, 1
1955508, 0, 0
1955518, 1, 0
1955527, 2, 1
1955539, 3, 0
1955683, 0, 1
1955693, 1, 0
1955702, 2, 0
1955714, 3, 0
1955858, 0, 0
1955868, 1, 1
1955877, 2, 1
1955889, 3, 1
1956033, 0, 0
1956043, 1, 1
1956052, 2, 0
1956064, 3, bit 1
1956067, 3, 0
1956208, 0, 1
1956218, 1, 0
1956227, 2, 1
1956239, 3, 1
1956383, 0, 0
1956393, 1, 1
1956402, 2, 0
1956414, 3, 0
1956558, 0, 1
1956568, 1, 0
1956577, 2, 1
1956589, 3, 1
1956733, 0, bit 0
1956733, 0, 1
1956743, 1, 0
1956752, 2, 0
1956764, 3, 1
1956908, 0, 0
1956918, 1, 1
1956927, 2, 1
1956939, 3, 0
1957083, 0, 0
1957093, 1, 0
1957102, 2, 0
1957114, 3, 0
1957258, 0, 1
1957268, 1, 1
1957277, 2, bit 1
1957277, 2, 1
1957289, 3, 1
1957433, 0, 0
1957443, 1, 1
1957452, 2, 0
1957464, 3, 0
1957608, 0, 1
1957618, 1, 0
1957627, 2, 1
1957639, 3, 1
1957783, 0, 0
1957793, 1, bit 1
1957793, 1, 1
1957803, 2, 0
1957814, 3, 1
1957958, 0, 1
1957968, 1, 0
1957978, 2, 0
1957989, 3, 0
1958133, 0, 0
1958144, 1, 0
1958153, 2, 1
1958164, 3, 0
1958308, 0, 1
1958319, 1, 1
1958328, 2, 0
1958339, 3, 1
1958483, 0, 1
1958494, 1, 1
1958503, 2, 1
1958514, 3, bit 1
1958514, 3, 0
1958658, 0, 0
1958669, 1, 0
1958678, 2, 0
1958689, 3, 1
1958833, 0, 1
1958844, 1, 1
1958853, 2, 1
1958864, 3, 0
1959008, 0, 0
1959019, 1, 0
1959028, 2, 0
1959040, 3, 1
1959183, 0, bit 0
1959183, 0, 1
1959194, 1, 0
1959203, 2, 1
1959215, 3, 1
1959358, 0, 0
1959369, 1, 1
1959378, 2, 0
1959390, 3, 0
1959533, 0, 0
1959544, 1, 0
1959553, 2, 1
1959565, 3, 0
1959708, 0, 1
1959719, 1, 1
1959728, 2, bit 0
1959728, 2, 0
1959740, 3, 1
1959883, 0, 0
1959894, 1, 1
1959903, 2, 1
1959915, 3, 0
1960058, 0, 1
1960069, 1, 0
1960078, 2, 0
1960090, 3, 1
1960233, 0, 0
1960244, 1, bit 1
1960247, 1, 1
1960253, 2, 1
1960265, 3, 1
1960408, 0, 1
1960419, 1, 0
1960428, 2, 1
1960440, 3, 0
1960583, 0, 0
1960594, 1, 0
1960603, 2, 0
1960615, 3, 0
1960758, 0, 1
1960769, 1, 1
1960778, 2, 1
1960790, 3, 1
1960933, 0, 1
1960944, 1, 1
1960953, 2, 0
1960965, 3, bit 1
1960965, 3, 0
1961108, 0, 0
1961119, 1, 0
1961128, 2, 1
1961140, 3, 1
1961283, 0, 1
1961294, 1, 1
1961303, 2, 0
1961315, 3, 0
1961458, 0, 0
1961469, 1, 0
1961478, 2, 1
1961490, 3, 1
1961633, 0, bit 0
1961636, 0, 1
1961644, 1, 0
1961653, 2, 0
1961665, 3, 1
1961808, 0, 0
1961819, 1, 1
1961828, 2, 1
1961840, 3, 0
1961984, 0, 0
1961994, 1, 0
1962003, 2, 0
1962015, 3, 0
1962159, 0, 1
1962169, 1, 1
1962178, 2, bit 1
1962178, 2, 1
1962190, 3, 1
1962334, 0, 0
1962344, 1, 1
1962353, 2, 0
1962365, 3, 0
1962509, 0, 1
1962519, 1, 0
1962528, 2, 1
1962540, 3, 1
1962684, 0, 0
1962694, 1, bit 1
1962694, 1, 1
1962703, 2, 0
1962715, 3, 1
1962859, 0, 1
1962869, 1, 0
1962878, 2, 0
1962890, 3, 0
1963034, 0, 0
1963044, 1, 0
1963053, 2, 1
1963065, 3, 0
1963209, 0, 1
1963219, 1, 1
1963228, 2, 0
1963240, 3, 1
1963384, 0, 1
1963394, 1, 1
1963403, 2, 1
1963415, 3, bit 0
1963415, 3, 1
1963559, 0, 0
1963569, 1, 0
1963578, 2, 0
1963590, 3, 0
1963734, 0, 1
1963744, 1, 1
1963753, 2, 1
1963765, 3, 1
1963909, 0, 0
1963919, 1, 0
1963928, 2, 0
1963940, 3, 0
1964084, 0, bit 0
1964084, 0, 1
1964094, 1, 0
1964103, 2, 1
1964115, 3, 0
1964259, 0, 0
1964269, 1, 1
1964278, 2, 0
1964290, 3, 1
1964434, 0, 0
1964444, 1, 0
1964453, 2, 1
1964465, 3, 1
1964609, 0, 1
1964619, 1, 1
1964628, 2, bit 0
1964628, 2, 0
1964640, 3, 0
1964784, 0, 0
1964794, 1, 1
1964803, 2, 1
1964815, 3, 1
1964959, 0, 1
1964969, 1, 0
1964978, 2, 0
1964990, 3, 0
1965134, 0, 0
1965144, 1, bit 1
1965144, 1, 1
1965153, 2, 1
1965165, 3, 0
1965309, 0, 1
1965319, 1, 0
1965328, 2, 1
1965340, 3, 1
1965484, 0, 0
1965494, 1, 0
1965503, 2, 0
1965515, 3, 1
1965659, 0, 1
1965669, 1, 1
1965678, 2, 1
1965690, 3, 0
1965834, 0, 1
1965844, 1, 1
1965853, 2, 0
1965865, 3, bit 0
1965865, 3, 1
1966009, 0, 0
1966019, 1, 0
1966028, 2, 1
1966040, 3, 0
1966184, 0, 1
1966194, 1, 1
1966203, 2, 0
1966215, 3, 1
1966359, 0, 0
1966369, 1, 0
1966379, 2, 1
1966390, 3, 0
1966534, 0, bit 0
1966534, 0, 1
1966544, 1, 0
1966554, 2, 0
1966565, 3, 0
1966709, 0, 0
1966720, 1, 1
1966729, 2, 1
1966740, 3, 1
1966884, 0, 0
1966895, 1, 0
1966904, 2, 0
1966915, 3, 1
1967059, 0, 1
1967070, 1, 1
1967079, 2, bit 1
1967082, 2, 1
1967090, 3, 0
1967234, 0, 0
1967245, 1, 1
1967254, 2, 0
1967265, 3, 1
1967409, 0, 1
1967420, 1, 0
1967429, 2, 1
1967440, 3, 0
1967584, 0, 0
1967595, 1, bit 1
1967595, 1, 1
1967604, 2, 0
1967616, 3, 0
1967759, 0, 1
1967770, 1, 0
1967779, 2, 0
1967791, 3, 1
1967934, 0, 0
1967945, 1, 0
1967954, 2, 1
1967966, 3, 1
1968109, 0, 1
1968120, 1, 1
1968129, 2, 0
1968141, 3, 0
1968284, 0, 1
1968295, 1, 1
1968304, 2, 1
1968316, 3, bit 0
1968316, 3, 1
1968459, 0, 0
1968470, 1, 0
1968479, 2, 0
1968491, 3, 0
1968634, 0, 1
1968645, 1, 1
1968654, 2, 1
1968666, 3, 1
1968809, 0, 0
1968820, 1, 0
1968829, 2, 0
1968841, 3, 0
1968984, 0, bit 0
1968984, 0, 1
1968995, 1, 0
1969004, 2, 1
1969016, 3, 0
1969159, 0, 0
1969170, 1, 1
1969179, 2, 0
1969191, 3, 1
1969334, 0, 0
1969345, 1, 0
1969354, 2, 1
1969366, 3, 1
1969509, 0, 1
1969520, 1, 1
1969529, 2, bit 1
1969529, 2, 1
1969541, 3, 0
1969684, 0, 0
1969695, 1, 1
1969704, 2, 0
1969716, 3, 1
1969859, 0, 1
1969870, 1, 0
1969879, 2, 1
1969891, 3, 0
1970034, 0, 0
1970045, 1, bit 0
1970045, 1, 0
1970054, 2, 0
1970066, 3, 0
1970209, 0, 1
1970220, 1, 1
1970229, 2, 0
1970241, 3, 1
1970384, 0, 0
1970395, 1, 1
1970404, 2, 1
1970416, 3, 1
1970560, 0, 1
1970570, 1, 0
1970579, 2, 0
1970591, 3, 0
1970735, 0, 1
1970745, 1, 0
1970754, 2, 1
1970766, 3, bit 0
1970766, 3, 1
1970910, 0, 0
1970920, 1, 1
1970929, 2, 0
1970941, 3, 0
1971085, 0, 1
1971095, 1, 0
1971104, 2, 1
1971116, 3, 1
1971260, 0, 0
1971270, 1, 1
1971279, 2, 0
1971291, 3, 0
1971435, 0, bit 1
1971435, 0, 0
1971445, 1, 1
1971454, 2, 1
1971466, 3, 0
1971610, 0, 1
1971620, 1, 0
1971629, 2, 0
1971641, 3, 1
1971785, 0, 1
1971795, 1, 1
1971804, 2, 1
1971816, 3, 1
1971960, 0, 0
1971970, 1, 0
1971979, 2, bit 1
1971979, 2, 1
1971991, 3, 0
1972135, 0, 1
1972145, 1, 0
1972154, 2, 0
1972166, 3, 1
1972310, 0, 0
1972320, 1, 1
1972329, 2, 1
1972341, 3, 0
1972485, 0, 1
1972495, 1, bit 1
1972495, 1, 1
1972504, 2, 0
1972516, 3, 0
1972660, 0, 0
1972670, 1, 0
1972679, 2, 0
1972691, 3, 1
1972835, 0, 1
1972845, 1, 0
1972854, 2, 1
1972866, 3, 1
1973010, 0, 0
1973020, 1, 1
1973029, 2, 0
1973041, 3, 0
1973185, 0, 0
1973195, 1, 1
1973204, 2, 1
1973216, 3, bit 1
1973216, 3, 0
1973360, 0, 1
1973370, 1, 0
1973379, 2, 0
1973391, 3, 1
1973535, 0, 0
1973545, 1, 1
1973554, 2, 1
1973566, 3, 0
1973710, 0, 1
1973720, 1, 0
1973729, 2, 0
1973741, 3, 1
1973885, 0, bit 1
1973885, 0, 0
1973895, 1, 0
1973904, 2, 1
1973916, 3, 1
1974060, 0, 1
1974070, 1, 1
1974079, 2, 0
1974091, 3, 0
1974235, 0, 1
1974245, 1, 0
1974254, 2, 1
1974266, 3, 0
1974410, 0, 0
1974420, 1, 1
1974429, 2, bit 1
1974429, 2, 1
1974441, 3, 1
1974585, 0, 1
1974595, 1, 1
1974604, 2, 0
1974616, 3, 0
1974760, 0, 0
1974770, 1, 0
1974779, 2, 1
1974791, 3, 1
1974935, 0, 1
1974945, 1, bit 0
1974945, 1, 0
1974955, 2, 0
1974966, 3, 1
1975110, 0, 0
1975120, 1, 1
1975130, 2, 0
1975141, 3, 0
1975285, 0, 1
1975296, 1, 1
1975305, 2, 1
1975316, 3, 0
1975460, 0, 0
1975471, 1, 0
1975480, 2, 0
1975491, 3, 1
1975635, 0, 0
1975646, 1, 0
1975655, 2, 1
1975666, 3, bit 0
1975666, 3, 1
1975810, 0, 1
1975821, 1, 1
1975830, 2, 0
1975841, 3, 0
1975985, 0, 0
1975996, 1, 0
1976005, 2, 1
1976016, 3, 1
1976160, 0, 1
1976171, 1, 1
1976180, 2, 0
1976192, 3, 0
1976335, 0, bit 1
1976335, 0, 0
1976346, 1, 1
1976355, 2, 1
1976367, 3, 0
1976510, 0, 1
1976521, 1, 0
1976530, 2, 0
1976542, 3, 1
1976685, 0, 1
1976696, 1, 1
1976705, 2, 1
1976717, 3, 1
1976860, 0, 0
1976871, 1, 0
1976880, 2, bit 1
1976880, 2, 1
1976892, 3, 0
1977035, 0, 1
1977046, 1, 0
1977055, 2, 0
1977067, 3, 1
1977210, 0, 0
1977221, 1, 1
1977230, 2, 1
1977242, 3, 0
1977385, 0, 1
1977396, 1, bit 0
1977396, 1, 0
1977405, 2, 0
1977417, 3, 0
1977560, 0, 0
1977571, 1, 1
1977580, 2, 0
1977592, 3, 1
1977735, 0, 1
1977746, 1, 1
1977755, 2, 1
1977767, 3, 1
1977910, 0, 0
1977921, 1, 0
1977930, 2, 0
1977942, 3, 0
1978085, 0, 0
1978096, 1, 0
1978105, 2, 1
1978117, 3, bit 1
1978117, 3, 0
1978260, 0, 1
1978271, 1, 1
1978280, 2, 0
1978292, 3, 1
1978435, 0, 0
1978446, 1, 0
1978455, 2, 1
1978467, 3, 0
1978610, 0, 1
1978621, 1, 1
1978630, 2, 0
1978642, 3, 1
1978785, 0, bit 1
1978785, 0, 0
1978796, 1, 1
1978805, 2, 1
1978817, 3, 1
1978960, 0, 1
1978971, 1, 0
1978980, 2, 0
1978992, 3, 0
1979136, 0, 1
1979146, 1, 1
1979155, 2, 1
1979167, 3, 0
1979311, 0, 0
1979321, 1, 0
1979330, 2, bit 1
1979330, 2, 1
1979342, 3, 1
1979486, 0, 1
1979496, 1, 0
1979505, 2, 0
1979517, 3, 0
1979661, 0, 0
1979671, 1, 1
1979680, 2, 1
1979692, 3, 1
1979836, 0, 1
1979846, 1, bit 0
1979846, 1, 0
1979855, 2, 0
1979867, 3, 1
1980011, 0, 0
1980021, 1, 1
1980030, 2, 0
1980042, 3, 0
1980186, 0, 1
1980196, 1, 1
1980205, 2, 1
1980217, 3, 0
1980361, 0, 0
1980371, 1, 0
1980380, 2, 0
1980392, 3, 1
1980536, 0, 0
1980546, 1, 0
1980555, 2, 1
1980567, 3, bit 0
1980567, 3, 1
1980711, 0, 1
1980721, 1, 1
1980730, 2, 0
1980742, 3, 0
1980886, 0, 0
1980896, 1, 0
1980905, 2, 1
1980917, 3, 1
1981061, 0, 1
1981071, 1, 1
1981080, 2, 0
1981092, 3, 0
1981236, 0, bit 1
1981236, 0, 0
1981246, 1, 1
1981255, 2, 1
1981267, 3, 0
1981411, 0, 1
1981421, 1, 0
1981430, 2, 0
1981442, 3, 1
1981586, 0, 1
1981596, 1, 1
1981605, 2, 1
1981617, 3, 1
1981761, 0, 0
1981771, 1, 0
1981780, 2, bit 0
1981780, 2, 0
1981792, 3, 0
1981936, 0, 1
1981946, 1, 0
1981955, 2, 1
1981967, 3, 1
1982111, 0, 0
1982121, 1, 1
1982130, 2, 0
1982142, 3, 0
1982286, 0, 1
1982296, 1, bit 0
1982296, 1, 0
1982305, 2, 1
1982317, 3, 0
1982461, 0, 0
1982471, 1, 1
1982480, 2, 1
1982492, 3, 1
1982636, 0, 1
1982646, 1, 1
1982655, 2, 0
1982667, 3, 1
1982811, 0, 0
1982821, 1, 0
1982830, 2, 1
1982842, 3, 0
1982986, 0, 0
1982996, 1, 0
1983005, 2, 0
1983017, 3, bit 0
1983017, 3, 1
1983161, 0, 1
1983171, 1, 1
1983180, 2, 1
1983192, 3, 0
1983336, 0, 0
1983346, 1, 0
1983355, 2, 0
1983367, 3, 1
1983511, 0, 1
1983521, 1, 1
1983531, 2, 1
1983542, 3, 0
1983686, 0, bit 0
1983686, 0, 1
1983696, 1, 1
1983706, 2, 0
1983717, 3, 0
1983861, 0, 0
1983872, 1, 0
1983881, 2, 1
1983892, 3, 1
1984036, 0, 0
1984047, 1, 1
1984056, 2, 0
1984067, 3, 1
1984211, 0, 1
1984222, 1, 0
1984231, 2, bit 0
1984231, 2, 0
1984242, 3, 0
1984386, 0, 0
1984397, 1, 0
1984406, 2, 1
1984417, 3, 1
1984561, 0, 1
1984572, 1, 1
1984581, 2, 0
1984592, 3, 0
1984736, 0, 0
1984747, 1, bit 0
1984747, 1, 0
1984756, 2, 1
1984768, 3, 0
1984911, 0, 1
1984922, 1, 1
1984931, 2, 1
1984943, 3, 1
1985086, 0, 0
1985097, 1, 1
1985106, 2, 0
1985118, 3, 1
1985261, 0, 1
1985272, 1, 0
1985281, 2, 1
1985293, 3, 0
1985436, 0, 1
1985447, 1, 0
1985456, 2, 0
1985468, 3, bit 1
1985468, 3, 0
1985611, 0, 0
1985622, 1, 1
1985631, 2, 1
1985643, 3, 1
1985786, 0, 1
1985797, 1, 0
1985806, 2, 0
1985818, 3, 0
1985961, 0, 0
1985972, 1, 1
1985981, 2, 1
1985993, 3, 1
1986136, 0, bit 0
1986136, 0, 1
1986147, 1, 1
1986156, 2, 0
1986168, 3, 1
1986311, 0, 0
1986322, 1, 0
1986331, 2, 1
1986343, 3, 0
1986486, 0, 0
1986497, 1, 1
1986506, 2, 0
1986518, 3, 0
1986661, 0, 1
1986672, 1, 0
1986681, 2, bit 1
1986681, 2, 1
1986693, 3, 1
1986836, 0, 0
1986847, 1, 0
1986856, 2, 0
1986868, 3, 0
1987011, 0, 1
1987022, 1, 1
1987031, 2, 1
1987043, 3, 1
1987186, 0, 0
1987197, 1, bit 1
1987197, 1, 1
1987206, 2, 0
1987218, 3, 1
1987361, 0, 1
1987372, 1, 0
1987381, 2, 0
1987393, 3, 0
1987536, 0, 0
1987547, 1, 0
1987556, 2, 1
1987568, 3, 0
1987712, 0, 1
1987722, 1, 1
1987731, 2, 0
1987743, 3, 1
1987887, 0, 1
1987897, 1, 1
1987906, 2, 1
1987918, 3, bit 0
1987918, 3, 1
1988062, 0, 0
1988072, 1, 0
1988081, 2, 0
1988093, 3, 0
1988237, 0, 1
1988247, 1, 1
1988256, 2, 1
1988268, 3, 1
1988412, 0, 0
1988422, 1, 0
1988431, 2, 0
1988443, 3, 0
1988587, 0, bit 1
1988587, 0, 0
1988597, 1, 0
1988606, 2, 1
1988618, 3, 0
1988762, 0, 1
1988772, 1, 1
1988781, 2, 0
1988793, 3, 1
1988937, 0, 1
1988947, 1, 0
1988956, 2, 1
1988968, 3, 1
1989112, 0, 0
1989122, 1, 1
1989131, 2, bit 1
1989131, 2, 1
1989143, 3, 0
1989287, 0, 1
1989297, 1, 1
1989306, 2, 0
1989318, 3, 1
1989462, 0, 0
1989472, 1, 0
1989481, 2, 1
1989493, 3, 0
1989637, 0, 1
1989647, 1, bit 1
1989647, 1, 1
1989656, 2, 0
1989668, 3, 0
1989812, 0, 0
1989822, 1, 0
1989831, 2, 0
1989843, 3, 1
1989987, 0, 1
1989997, 1, 0
1990006, 2, 1
1990018, 3, 1
1990162, 0, 0
1990172, 1, 1
1990181, 2, 0
1990193, 3, 0
1990337, 0, 0
1990347, 1, 1
1990356, 2, 1
1990368, 3, bit 1
1990368, 3, 0
1990512, 0, 1
1990522, 1, 0
1990531, 2, 0
1990543, 3, 1
1990687, 0, 0
1990697, 1, 1
1990706, 2, 1
1990718, 3, 0
1990862, 0, 1
1990872, 1, 0
1990881, 2, 0
1990893, 3, 1
1991037, 0, bit 0
1991037, 0, 1
1991047, 1, 0
1991056, 2, 1
1991068, 3, 1
1991212, 0, 0
1991222, 1, 1
1991231, 2, 0
1991243, 3, 0
1991387, 0, 0
1991397, 1, 0
1991406, 2, 1
1991418, 3, 0
1991562, 0, 1
1991572, 1, 1
1991581, 2, bit 0
1991581, 2, 0
1991593, 3, 1
1991737, 0, 0
1991747, 1, 1
1991756, 2, 1
1991768, 3, 0
1991912, 0, 1
1991922, 1, 0
1991931, 2, 0
1991943, 3, 1
1992087, 0, 0
1992097, 1, bit 0
1992097, 1, 0
1992107, 2, 1
1992118, 3, 1
1992262, 0, 1
1992272, 1, 1
1992282, 2, 1
1992293, 3, 0
1992437, 0, 0
1992448, 1, 1
1992457, 2, 0
1992468, 3, 0
1992612, 0, 1
1992623, 1, 0
1992632, 2, 1
1992643, 3, 1
1992787, 0, 1
1992798, 1, 0
1992807, 2, 0
1992818, 3, bit 1
1992818, 3, 0
1992962, 0, 0
1992973, 1, 1
1992982, 2, 1
1992993, 3, 1
1993137, 0, 1
1993148, 1, 0
1993157, 2, 0
1993168, 3, 0
1993312, 0, 0
1993323, 1, 1
1993332, 2, 1
1993344, 3, 1
1993487, 0, bit 1
1993487, 0, 0
1993498, 1, 1
1993507, 2, 0
1993519, 3, 1
1993662, 0, 1
1993673, 1, 0
1993682, 2, 1
1993694, 3, 0
1993837, 0, 1
1993848, 1, 1
1993857, 2, 0
1993869, 3, 0
1994012, 0, 0
1994023, 1, 0
1994032, 2, bit 0
1994032, 2, 0
1994044, 3, 1
1994187, 0, 1
1994198, 1, 0
1994207, 2, 1
1994219, 3, 0
1994362, 0, 0
1994373, 1, 1
1994382, 2, 0
1994394, 3, 1
1994537, 0, 1
1994548, 1, bit 1
1994548, 1, 1
1994557, 2, 1
1994569, 3, 1
1994712, 0, 0
1994723, 1, 0
1994732, 2, 1
1994744, 3, 0
1994887, 0, 1
1994898, 1, 0
1994907, 2, 0
1994919, 3, 0
1995062, 0, 0
1995073, 1, 1
1995082, 2, 1
1995094, 3, 1
1995237, 0, 0
1995248, 1, 1
1995257, 2, 0
1995269, 3, bit 1
1995269, 3, 0
1995412, 0, 1
1995423, 1, 0
1995432, 2, 1
1995444, 3, 1
1995587, 0, 0
1995598, 1, 1
1995607, 2, 0
1995619, 3, 0
1995762, 0, 1
1995773, 1, 0
1995782, 2, 1
1995794, 3, 1
1995937, 0, bit 0
1995937, 0, 1
1995948, 1, 0
1995957, 2, 0
1995969, 3, 1
1996112, 0, 0
1996123, 1, 1
1996132, 2, 1
1996144, 3, 0
1996288, 0, 0
1996298, 1, 0
1996307, 2, 0
1996319, 3, 0
1996463, 0, 1
1996473, 1, 1
1996482, 2, bit 0
1996482, 2, 0
1996494, 3, 1
1996638, 0, 0
1996648, 1, 1
1996657, 2, 1
1996669, 3, 0
1996813, 0, 1
1996823, 1, 0
1996832, 2, 0
1996844, 3, 1
1996988, 0, 0
1996998, 1, bit 1
1996998, 1, 1
1997007, 2, 1
1997019, 3, 1
1997163, 0, 1
1997173, 1, 0
1997182, 2, 1
1997194, 3, 0
1997338, 0, 0
1997348, 1, 0
1997357, 2, 0
1997369, 3, 0
1997513, 0, 1
1997523, 1, 1
1997532, 2, 1
1997544, 3, 1
1997688, 0, 1
1997698, 1, 1
1997707, 2, 0
1997719, 3, bit 0
1997719, 3, 1
1997863, 0, 0
1997873, 1, 0
1997882, 2, 1
1997894, 3, 0
1998038, 0, 1
1998048, 1, 1
1998057, 2, 0
1998069, 3, 1
1998213, 0, 0
1998223, 1, 0
1998232, 2, 1
1998244, 3, 0
1998388, 0, bit 0
1998388, 0, 1
1998398, 1, 0
1998407, 2, 0
1998419, 3, 0
1998563, 0, 0
1998573, 1, 1
1998582, 2, 1
1998594, 3, 1
1998738, 0, 0
1998748, 1, 0
1998757, 2, 0
1998769, 3, 1
1998913, 0, 1
1998923, 1, 1
1998932, 2, bit 1
1998932, 2, 1
1998944, 3, 0
1999088, 0, 0
1999098, 1, 1
1999107, 2, 0
1999119, 3, 1
1999263, 0, 1
1999273, 1, 0
1999282, 2, 1
1999294, 3, 0
1999438, 0, 0
1999448, 1, bit 1
1999448, 1, 1
1999457, 2, 0
1999469, 3, 0
1999613, 0, 1
1999623, 1, 0
1999632, 2, 0
1999644, 3, 1
1999788, 0, 0
1999798, 1, 0
1999807, 2, 1
1999819, 3, 1
1999963, 0, 1
1999973, 1, 1
1999982, 2, 0
1999994, 3, 0
2000138, 0, 1
2000148, 1, 1
2000157, 2, 1
2000169, 3, bit 1
2000169, 3, 0
2000313, 0, 0
2000323, 1, 0
2000332, 2, 0
2000344, 3, 1
2000488, 0, 1
2000498, 1, 1
2000507, 2, 1
2000519, 3, 0
2000663, 0, 0
2000673, 1, 0
2000683, 2, 0
2000694, 3, 1
2000838, 0, bit 0
2000838, 0, 1
2000848, 1, 0
2000858, 2, 1
2000869, 3, 1
2001013, 0, 0
2001024, 1, 1
2001033, 2, 0
2001044, 3, 0
2001188, 0, 0
2001199, 1, 0
2001208, 2, 1
2001219, 3, 0
2001363, 0, 1
2001374, 1, 1
2001383, 2, bit 0
2001383, 2, 0
2001394, 3, 1
2001538, 0, 0
2001549, 1, 1
2001558, 2, 1
2001569, 3, 0
2001713, 0, 1
2001724, 1, 0
2001733, 2, 0
2001744, 3, 1
2001888, 0, 0
2001899, 1, bit 0
2001899, 1, 0
2001908, 2, 1
2001920, 3, 1
2002063, 0, 1
2002074, 1, 1
2002083, 2, 1
2002095, 3, 0
2002238, 0, 0
2002249, 1, 1
2002258, 2, 0
2002270, 3, 0
2002413, 0, 1
2002424, 1, 0
2002433, 2, 1
2002445, 3, 1
2002588, 0, 1
2002599, 1, 0
2002608, 2, 0
2002620, 3, bit 0
2002620, 3, 1
2002763, 0, 0
2002774, 1, 1
2002783, 2, 1
2002795, 3, 0
2002938, 0, 1
2002949, 1, 0
2002958, 2, 0
2002970, 3, 1
2003113, 0, 0
2003124, 1, 1
2003133, 2, 1
2003145, 3, 0
2003288, 0, bit 0
2003288, 0, 1
2003299, 1, 1
2003308, 2, 0
2003320, 3, 0
2003463, 0, 0
2003474, 1, 0
2003483, 2, 1
2003495, 3, 1
2003638, 0, 0
2003649, 1, 1
2003658, 2, 0
2003670, 3, 1
2003813, 0, 1
2003824, 1, 0
2003833, 2, bit 1
2003833, 2, 1
2003845, 3, 0
2003988, 0, 0
2003999, 1, 0
2004008, 2, 0
2004020, 3, 1
2004163, 0, 1
2004174, 1, 1
2004183, 2, 1
2004195, 3, 0
2004338, 0, 0
2004349, 1, bit 1
2004349, 1, 1
2004358, 2, 0
2004370, 3, 0
2004513, 0, 1
2004524, 1, 0
2004533, 2, 0
2004545, 3, 1
2004688, 0, 0
2004699, 1, 0
2004708, 2, 1
2004720, 3, 1
2004864, 0, 1
2004874, 1, 1
2004883, 2, 0
2004895, 3, 0
2005039, 0, 1
2005049, 1, 1
2005058, 2, 1
2005070, 3, bit 1
2005070, 3, 0
2005214, 0, 0
2005224, 1, 0
2005233, 2, 0
2005245, 3, 1
2005389, 0, 1
2005399, 1, 1
2005408, 2, 1
2005420, 3, 0
2005564, 0, 0
2005574, 1, 0
2005583, 2, 0
2005595, 3, 1
2005739, 0, bit 1
2005739, 0, 0
2005749, 1, 0
2005758, 2, 1
2005770, 3, 1
2005914, 0, 1
2005924, 1, 1
2005933, 2, 0
2005945, 3, 0
2006089, 0, 1
2006099, 1, 0
2006108, 2, 1
2006120, 3, 0
2006264, 0, 0
2006274, 1, 1
2006283, 2, bit 1
2006283, 2, 1
2006295, 3, 1
2006439, 0, 1
2006449, 1, 1
2006458, 2, 0
2006470, 3, 0
2006614, 0, 0
2006624, 1, 0
2006633, 2, 1
2006645, 3, 1
2006789, 0, 1
2006799, 1, bit 0
2006802, 1, 0
2006808, 2, 0
2006820, 3, 1
2006964, 0, 0
2006974, 1, 1
2006983, 2, 0
2006995, 3, 0
2007139, 0, 1
2007149, 1, 1
2007158, 2, 1
2007170, 3, 0
2007314, 0, 0
2007324, 1, 0
2007333, 2, 0
2007345, 3, 1
2007489, 0, 0
2007499, 1, 0
2007508, 2, 1
2007520, 3, bit 1
2007520, 3, 0
2007664, 0, 1
2007674, 1, 1
2007683, 2, 0
2007695, 3, 1
2007839, 0, 0
2007849, 1, 0
2007858, 2, 1
2007870, 3, 0
2008014, 0, 1
2008024, 1, 1
2008033, 2, 0
2008045, 3, 1
2008189, 0, bit 1
2008189, 0, 0
2008199, 1, 1
2008208, 2, 1
2008220, 3, 1
2008364, 0, 1
2008374, 1, 0
2008383, 2, 0
2008395, 3, 0
2008539, 0, 1
2008549, 1, 1
2008558, 2, 1
2008570, 3, 0
2008714, 0, 0
2008724, 1, 0
2008733, 2, bit 0
2008733, 2, 0
2008745, 3, 1
2008889, 0, 1
2008899, 1, 0
2008908, 2, 1
2008920, 3, 0
2009064, 0, 0
2009074, 1, 1
2009083, 2, 0
2009095, 3, 1
2009239, 0, 1
2009249, 1, bit 1
2009249, 1, 1
2009259, 2, 1
2009270, 3, 1
2009414, 0, 0
2009424, 1, 0
2009434, 2, 1
2009445, 3, 0
2009589, 0, 1
2009600, 1, 0
2009609, 2, 0
2009620, 3, 0
2009764, 0, 0
2009775, 1, 1
2009784, 2, 1
2009795, 3, 1
2009939, 0, 0
2009950, 1, 1
2009959, 2, 0
2009970, 3, bit 1
2009970, 3, 0
2010114, 0, 1
2010125, 1, 0
2010134, 2, 1
2010145, 3, 1
2010289, 0, 0
2010300, 1, 1
2010309, 2, 0
2010320, 3, 0
2010464, 0, 1
2010475, 1, 0
2010484, 2, 1
2010496, 3, 1
2010639, 0, bit 1
2010639, 0, 0
2010650, 1, 0
2010659, 2, 0
2010671, 3, 1
2010814, 0, 1
2010825, 1, 1
2010834, 2, 1
2010846, 3, 0
2010989, 0, 1
2011000, 1, 0
2011009, 2, 0
2011021, 3, 0
2011164, 0, 0
2011175, 1, 1
2011184, 2, bit 1
2011184, 2, 1
2011196, 3, 1
2011339, 0, 1
2011350, 1, 1
2011359, 2, 0
2011371, 3, 0
2011514, 0, 0
2011525, 1, 0
2011534, 2, 1
2011546, 3, 1
2011689, 0, 1
2011700, 1, bit 0
2011700, 1, 0
2011709, 2, 0
2011721, 3, 1
2011864, 0, 0
2011875, 1, 1
2011884, 2, 0
2011896, 3, 0
2012039, 0, 1
2012050, 1, 1
2012059, 2, 1
2012071, 3, 0
2012214, 0, 0
2012225, 1, 0
2012234, 2, 0
2012246, 3, 1
2012389, 0, 0
2012400, 1, 0
2012409, 2, 1
2012421, 3, bit 0
2012421, 3, 1
2012564, 0, 1
2012575, 1, 1
2012584, 2, 0
2012596, 3, 0
2012739, 0, 0
2012750, 1, 0
2012759, 2, 1
2012771, 3, 1
2012914, 0, 1
2012925, 1, 1
2012934, 2, 0
2012946, 3, 0
2013089, 0, bit 1
2013089, 0, 0
2013100, 1, 1
2013109, 2, 1
2013121, 3, 0
2013264, 0, 1
2013275, 1, 0
2013284, 2, 0
2013296, 3, 1
2013440, 0, 1
2013450, 1, 1
2013459, 2, 1
2013471, 3, 1
2013615, 0, 0
2013625, 1, 0
2013634, 2, bit 0
2013637, 2, 0
2013646, 3, 0
2013790, 0, 1
2013800, 1, 0
2013809, 2, 1
2013821, 3, 1
2013965, 0, 0
2013975, 1, 1
2013984, 2, 0
2013996, 3, 0
2014140, 0, 1
2014150, 1, bit 1
2014150, 1, 1
2014159, 2, 1
2014171, 3, 0
2014315, 0, 0
2014325, 1, 0
2014334, 2, 1
2014346, 3, 1
2014490, 0, 1
2014500, 1, 0
2014509, 2, 0
2014521, 3, 1
2014665, 0, 0
2014675, 1, 1
2014684, 2, 1
2014696, 3, 0
2014840, 0, 0
2014850, 1, 1
2014859, 2, 0
2014871, 3, bit 0
2014871, 3, 1
2015015, 0, 1
2015025, 1, 0
2015034, 2, 1
2015046, 3, 0
2015190, 0, 0
2015200, 1, 1
2015209, 2, 0
2015221, 3, 1
2015365, 0, 1
2015375, 1, 0
2015384, 2, 1
2015396, 3, 0
2015540, 0, bit 1
2015540, 0, 0
2015550, 1, 0
2015559, 2, 0
2015571, 3, 0
2015715, 0, 1
2015725, 1, 1
2015734, 2, 1
2015746, 3, 1
2015890, 0, 1
2015900, 1, 0
2015909, 2, 0
2015921, 3, 1
2016065, 0, 0
2016075, 1, 1
2016084, 2, bit 0
2016084, 2, 0
2016096, 3, 0
2016240, 0, 1
2016250, 1, 1
2016259, 2, 1
2016271, 3, 1
2016415, 0, 0
2016425, 1, 0
2016434, 2, 0
2016446, 3, 0
2016590, 0, 1
2016600, 1, bit 0
2016600, 1, 0
2016609, 2, 1
2016621, 3, 0
2016765, 0, 0
2016775, 1, 1
2016784, 2, 1
2016796, 3, 1
2016940, 0, 1
2016950, 1, 1
2016959, 2, 0
2016971, 3, 1
2017115, 0, 0
2017125, 1, 0
2017134, 2, 1
2017146, 3, 0
2017290, 0, 0
2017300, 1, 0
2017309, 2, 0
2017321, 3, bit 0
2017321, 3, 1
2017465, 0, 1
2017475, 1, 1
2017484, 2, 1
2017496, 3, 0
2017640, 0, 0
2017650, 1, 0
2017659, 2, 0
2017671, 3, 1
2017815, 0, 1
2017825, 1, 1
2017835, 2, 1
2017846, 3, 0
2017990, 0, bit 0
2017990, 0, 1
2018000, 1, 1
2018010, 2, 0
2018021, 3, 0
2018165, 0, 0
2018176, 1, 0
2018185, 2, 1
2018196, 3, 1
2018340, 0, 0
2018351, 1, 1
2018360, 2, 0
2018371, 3, 1
2018515, 0, 1
2018526, 1, 0
2018535, 2, bit 1
2018535, 2, 1
2018546, 3, 0
2018690, 0, 0
2018701, 1, 0
2018710, 2, 0
2018721, 3, 1
2018865, 0, 1
2018876, 1, 1
2018885, 2, 1
2018896, 3, 0
2019040, 0, 0
2019051, 1, bit 0
2019051, 1, 0
2019060, 2, 0
2019072, 3, 0
2019215, 0, 1
2019226, 1, 1
2019235, 2, 0
2019247, 3, 1
2019390, 0, 0
2019401, 1, 1
2019410, 2, 1
2019422, 3, 1
2019565, 0, 1
2019576, 1, 0
2019585, 2, 0
2019597, 3, 0
2019740, 0, 1
2019751, 1, 0
2019760, 2, 1
2019772, 3, bit 1
2019772, 3, 0
2019915, 0, 0
2019926, 1, 1
2019935, 2, 0
2019947, 3, 1
2020090, 0, 1
2020101, 1, 0
2020110, 2, 1
2020122, 3, 0
2020265, 0, 0
2020276, 1, 1
2020285, 2, 0
2020297, 3, 1
2020440, 0, bit 1
2020440, 0, 0
2020451, 1, 1
2020460, 2, 1
2020472, 3, 1
2020615, 0, 1
2020626, 1, 0
2020635, 2, 0
2020647, 3, 0
2020790, 0, 1
2020801, 1, 1
2020810, 2, 1
2020822, 3, 0
2020965, 0, 0
2020976, 1, 0
2020985, 2, bit 1
2020985, 2, 1
2020997, 3, 1
2021140, 0, 1
2021151, 1, 0
2021160, 2, 0
2021172, 3, 0
2021315, 0, 0
2021326, 1, 1
2021335, 2, 1
2021347, 3, 1
2021490, 0, 1
2021501, 1, bit 1
2021501, 1, 1
2021510, 2, 0
2021522, 3, 1
2021665, 0, 0
2021676, 1, 0
2021685, 2, 0
2021697, 3, 0
2021840, 0, 1
2021851, 1, 0
2021860, 2, 1
2021872, 3, 0
2022016, 0, 0
2022026, 1, 1
2022035, 2, 0
2022047, 3, 1
2022191, 0, 0
2022201, 1, 1
2022210, 2, 1
2022222, 3, bit 1
2022222, 3, 0
2022366, 0, 1
2022376, 1, 0
2022385, 2, 0
2022397, 3, 1
2022541, 0, 0
2022551, 1, 1
2022560, 2, 1
2022572, 3, 0
2022716, 0, 1
2022726, 1, 0
2022735, 2, 0
2022747, 3, 1
2022901, 1, 0
2022910, 2, 1
2022922, 3, 1
2023076, 1, 1
2023085, 2, 0
2023097, 3, 0
2023251, 1, 0
2023260, 2, 1
2023272, 3, 0
2023426, 1, 1
2023435, 2, bit 1
2023438, 2, 1
2023447, 3, 1
2023601, 1, 1
2023610, 2, 0
2023622, 3, 0
2023776, 1, 0
2023785, 2, 1
2023797, 3, 1
2023951, 1, bit 0
2023951, 1, 0
2023960, 2, 0
2023972, 3, 1
2024126, 1, 1
2024135, 2, 0
2024147, 3, 0
2024301, 1, 1
2024310, 2, 1
2024322, 3, 0
2024476, 1, 0
2024485, 2, 0
2024497, 3, 1
2024651, 1, 0
2024660, 2, 1
2024672, 3, bit 1
2024672, 3, 0
2024826, 1, 1
2024835, 2, 0
2024847, 3, 1
2025001, 1, 0
2025010, 2, 1
2025022, 3, 0
2025176, 1, 1
2025185, 2, 0
2025197, 3, 1
2025351, 1, 1
2025360, 2, 1
2025372, 3, 1
2025526, 1, 0
2025535, 2, 0
2025547, 3, 0
2025701, 1, 1
2025710, 2, 1
2025722, 3, 0
2025876, 1, 0
2025885, 2, bit 0
2025885, 2, 0
2025897, 3, 1
2026051, 1, 0
2026060, 2, 1
2026072, 3, 0
2026226, 1, 1
2026235, 2, 0
2026247, 3, 1
2026401, 1, bit 0
2026401, 1, 0
2026411, 2, 1
2026422, 3, 1
2026576, 1, 1
2026586, 2, 1
2026597, 3, 0
2026752, 1, 1
2026761, 2, 0
2026772, 3, 0
2026927, 1, 0
2026936, 2, 1
2026947, 3, 1
2027102, 1, 0
2027111, 2, 0
2027122, 3, bit 0
2027122, 3, 1
2027277, 1, 1
2027286, 2, 1
2027297, 3, 0
2027452, 1, 0
2027461, 2, 0
2027472, 3, 1
2027627, 1, 1
2027636, 2, 1
2027648, 3, 0
2027802, 1, 1
2027811, 2, 0
2027823, 3, 0
2027977, 1, 0
2027986, 2, 1
2027998, 3, 1
2028152, 1, 1
2028161, 2, 0
2028173, 3, 1
2028327, 1, 0
2028336, 2, bit 1
2028336, 2, 1
2028348, 3, 0
2028502, 1, 0
2028511, 2, 0
2028523, 3, 1
2028677, 1, 1
2028686, 2, 1
2028698, 3, 0
2028852, 1, bit 0
2028852, 1, 0
2028861, 2, 0
2028873, 3, 0
2029027, 1, 1
2029036, 2, 0
2029048, 3, 1
2029202, 1, 1
2029211, 2, 1
2029223, 3, 1
2029377, 1, 0
2029386, 2, 0
2029398, 3, 0
2029552, 1, 0
2029561, 2, 1
2029573, 3, bit 0
2029573, 3, 1
2029727, 1, 1
2029736, 2, 0
2029748, 3, 0
2029902, 1, 0
2029911, 2, 1
2029923, 3, 1
2030077, 1, 1
2030086, 2, 0
2030098, 3, 0
2030252, 1, 1
2030261, 2, 1
2030273, 3, 0
2030427, 1, 0
2030436, 2, 0
2030448, 3, 1
2030602, 1, 1
2030611, 2, 1
2030623, 3, 1
2030777, 1, 0
2030786, 2, bit 0
2030786, 2, 0
2030798, 3, 0
2030952, 1, 0
2030961, 2, 1
2030973, 3, 1
2031127, 1, 1
2031136, 2, 0
2031148, 3, 0
2031302, 1, bit 1
2031302, 1, 1
2031311, 2, 1
2031323, 3, 0
2031477, 1, 0
2031486, 2, 1
2031498, 3, 1
2031652, 1, 0
2031661, 2, 0
2031673, 3, 1
2031827, 1, 1
2031836, 2, 1
2031848, 3, 0
2032002, 1, 1
2032011, 2, 0
2032023, 3, bit 0
2032023, 3, 1
2032177, 1, 0
2032186, 2, 1
2032198, 3, 0
2032352, 1, 1
2032361, 2, 0
2032373, 3, 1
2032527, 1, 0
2032536, 2, 1
2032548, 3, 0
2032702, 1, 0
2032711, 2, 0
2032723, 3, 0
2032877, 1, 1
2032886, 2, 1
2032898, 3, 1
2033052, 1, 0
2033061, 2, 0
2033073, 3, 1
2033227, 1, 1
2033236, 2, bit 0
2033236, 2, 0
2033248, 3, 0
2033402, 1, 1
2033411, 2, 1
2033423, 3, 1
2033577, 1, 0
2033586, 2, 0
2033598, 3, 0
2033752, 1, bit 0
2033752, 1, 0
2033761, 2, 1
2033773, 3, 0
2033927, 1, 1
2033936, 2, 1
2033948, 3, 1
2034102, 1, 1
2034111, 2, 0
2034123, 3, 1
2034277, 1, 0
2034286, 2, 1
2034298, 3, 0
2034452, 1, 0
2034461, 2, 0
2034473, 3, bit 1
2034473, 3, 0
2034627, 1, 1
2034636, 2, 1
2034648, 3, 1
2034802, 1, 0
2034811, 2, 0
2034823, 3, 0
2034977, 1, 1
2034987, 2, 1
2034998, 3, 1
2035152, 1, 1
2035162, 2, 0
2035173, 3, 1
2035328, 1, 0
2035337, 2, 1
2035348, 3, 0
2035503, 1, 1
2035512, 2, 0
2035523, 3, 0
2035678, 1, 0
2035687, 2, bit 1
2035687, 2, 1
2035698, 3, 1
2035853, 1, 0
2035862, 2, 0
2035873, 3, 0
2036028, 1, 1
2036037, 2, 1
2036048, 3, 1
2036203, 1, bit 1
2036206, 1, 1
2036212, 2, 0
2036224, 3, 1
2036378, 1, 0
2036387, 2, 0
2036399, 3, 0
2036553, 1, 0
2036562, 2, 1
2036574, 3, 0
2036728, 1, 1
2036737, 2, 0
2036749, 3, 1
2036903, 1, 1
2036912, 2, 1
2036924, 3, bit 0
2036924, 3, 1
2037078, 1, 0
2037087, 2, 0
2037099, 3, 0
2037253, 1, 1
2037262, 2, 1
2037274, 3, 1
2037428, 1, 0
2037437, 2, 0
2037449, 3, 0
2037603, 1, 0
2037612, 2, 1
2037624, 3, 0
2037778, 1, 1
2037787, 2, 0
2037799, 3, 1
2037953, 1, 0
2037962, 2, 1
2037974, 3, 1
2038128, 1, 1
2038137, 2, bit 0
2038137, 2, 0
2038149, 3, 0
2038303, 1, 1
2038312, 2, 1
2038324, 3, 1
2038478, 1, 0
2038487, 2, 0
2038499, 3, 0
2038653, 1, bit 1
2038653, 1, 1
2038662, 2, 1
2038674, 3, 0
2038828, 1, 0
2038837, 2, 1
2038849, 3, 1
2039003, 1, 0
2039012, 2, 0
2039024, 3, 1
2039178, 1, 1
2039187, 2, 1
2039199, 3, 0
2039353, 1, 1
2039362, 2, 0
2039374, 3, bit 0
2039374, 3, 1
2039528, 1, 0
2039537, 2, 1
2039549, 3, 0
2039703, 1, 1
2039712, 2, 0
2039724, 3, 1
2039878, 1, 0
2039887, 2, 1
2039899, 3, 0
2040053, 1, 0
2040062, 2, 0
2040074, 3, 0
2040228, 1, 1
2040237, 2, 1
2040249, 3, 1
2040403, 1, 0
2040412, 2, 0
2040424, 3, 1
2040578, 1, 1
2040587, 2, bit 1
2040587, 2, 1
2040599, 3, 0
2040753, 1, 1
2040762, 2, 0
2040774, 3, 1
2040928, 1, 0
2040937, 2, 1
2040949, 3, 0
2041103, 1, bit 0
2041103, 1, 0
2041112, 2, 0
2041124, 3, 0
2041278, 1, 1
2041287, 2, 0
2041299, 3, 1
2041453, 1, 1
2041462, 2, 1
2041474, 3, 1
2041628, 1, 0
2041637, 2, 0
2041649, 3, 0
2041803, 1, 0
2041812, 2, 1
2041824, 3, bit 0
2041824, 3, 1
2041978, 1, 1
2041987, 2, 0
2041999, 3, 0
2042153, 1, 0
2042162, 2, 1
2042174, 3, 1
2042328, 1, 1
2042337, 2, 0
2042349, 3, 0
2042503, 1, 1
2042512, 2, 1
2042524, 3, 0
2042678, 1, 0
2042687, 2, 0
2042699, 3, 1
2042853, 1, 1
2042862, 2, 1
2042874, 3, 1
2043028, 1, 0
2043037, 2, bit 0
2043037, 2, 0
2043049, 3, 0
2043203, 1, 0
2043212, 2, 1
2043224, 3, 1
2043378, 1, 1
2043387, 2, 0
2043399, 3, 0
2043553, 1, bit 1
2043556, 1, 1
2043563, 2, 1
2043574, 3, 0
2043728, 1, 0
2043738, 2, 1
2043749, 3, 1
2043904, 1, 0
2043913, 2, 0
2043924, 3, 1
2044079, 1, 1
2044088, 2, 1
2044099, 3, 0
2044254, 1, 1
2044263, 2, 0
2044274, 3, bit 0
2044274, 3, 1
2044429, 1, 0
2044438, 2, 1
2044449, 3, 0
2044604, 1, 1
2044613, 2, 0
2044624, 3, 1
2044779, 1, 0
2044788, 2, 1
2044800, 3, 0
2044954, 1, 0
2044963, 2, 0
2044975, 3, 0
2045129, 1, 1
2045138, 2, 1
2045150, 3, 1
2045304, 1, 0
2045313, 2, 0
2045325, 3, 1
2045479, 1, 1
2045488, 2, bit 0
2045488, 2, 0
2045500, 3, 0
2045654, 1, 1
2045663, 2, 1
2045675, 3, 1
2045829, 1, 0
2045838, 2, 0
2045850, 3, 0
2046004, 1, bit 0
2046004, 1, 0
2046013, 2, 1
2046025, 3, 0
2046179, 1, 1
2046188, 2, 1
2046200, 3, 1
2046354, 1, 1
2046363, 2, 0
2046375, 3, 1
2046529, 1, 0
2046538, 2, 1
2046550, 3, 0
2046704, 1, 0
2046713, 2, 0
2046725, 3, bit 1
2046725, 3, 0
2046879, 1, 1
2046888, 2, 1
2046900, 3, 1
2047054, 1, 0
2047063, 2, 0
2047075, 3, 0
2047229, 1, 1
2047238, 2, 1
2047250, 3, 1
2047404, 1, 1
2047413, 2, 0
2047425, 3, 1
2047579, 1, 0
2047588, 2, 1
2047600, 3, 0
2047754, 1, 1
2047763, 2, 0
2047775, 3, 0
2047929, 1, 0
2047938, 2, bit 1
2047938, 2, 1
2047950, 3, 1
2048104, 1, 0
2048113, 2, 0
2048125, 3, 0
2048279, 1, 1
2048288, 2, 1
2048300, 3, 1
2048454, 1, bit 1
2048454, 1, 1
2048463, 2, 0
2048475, 3, 1
2048629, 1, 0
2048638, 2, 0
2048650, 3, 0
2048804, 1, 0
2048813, 2, 1
2048825, 3, 0
2048979, 1, 1
2048988, 2, 0
2049000, 3, 1
2049154, 1, 1
2049163, 2, 1
2049175, 3, bit 0
2049175, 3, 1
2049329, 1, 0
2049338, 2, 0
2049350, 3, 0
2049504, 1, 1
2049513, 2, 1
2049525, 3, 1
2049679, 1, 0
2049688, 2, 0
2049700, 3, 0
2049854, 1, 0
2049863, 2, 1
2049875, 3, 0
2050029, 1, 1
2050038, 2, 0
2050050, 3, 1
2050204, 1, 0
2050213, 2, 1
2050225, 3, 1
2050379, 1, 1
2050388, 2, bit 1
2050388, 2, 1
2050400, 3, 0
2050554, 1, 1
2050563, 2, 0
2050575, 3, 1
2050729, 1, 0
2050738, 2, 1
2050750, 3, 0
2050904, 1, bit 0
2050904, 1, 0
2050913, 2, 0
2050925, 3, 0
2051079, 1, 1
2051088, 2, 0
2051100, 3, 1
2051254, 1, 1
2051263, 2, 1
2051275, 3, 1
2051429, 1, 0
2051438, 2, 0
2051450, 3, 0
2051604, 1, 0
2051613, 2, 1
2051625, 3, bit 0
2051625, 3, 1
2051779, 1, 1
2051788, 2, 0
2051800, 3, 0
2051954, 1, 0
2051963, 2, 1
2051975, 3, 1
2052129, 1, 1
2052139, 2, 0
2052150, 3, 0
2052304, 1, 1
2052314, 2, 1
2052325, 3, 0
2052480, 1, 0
2052489, 2, 0
2052500, 3, 1
2052655, 1, 1
2052664, 2, 1
2052675, 3, 1
2052830, 1, 0
2052839, 2, bit 1
2052839, 2, 1
2052850, 3, 0
2053005, 1, 0
2053014, 2, 0
2053025, 3, 1
2053180, 1, 1
2053189, 2, 1
2053200, 3, 0
2053355, 1, bit 0
2053355, 1, 0
2053364, 2, 0
2053376, 3, 0
2053530, 1, 1
2053539, 2, 0
2053551, 3, 1
2053705, 1, 1
2053714, 2, 1
2053726, 3, 1
2053880, 1, 0
2053889, 2, 0
2053901, 3, 0
2054055, 1, 0
2054064, 2, 1
2054076, 3, bit 0
2054076, 3, 1
2054230, 1, 1
2054239, 2, 0
2054251, 3, 0
2054405, 1, 0
2054414, 2, 1
2054426, 3, 1
2054580, 1, 1
2054589, 2, 0
2054601, 3, 0
2054755, 1, 1
2054764, 2, 1
2054776, 3, 0
2054930, 1, 0
2054939, 2, 0
2054951, 3, 1
2055105, 1, 1
2055114, 2, 1
2055126, 3, 1
2055280, 1, 0
2055289, 2, bit 1
2055289, 2, 1
2055301, 3, 0
2055455, 1, 0
2055464, 2, 0
2055476, 3, 1
2055630, 1, 1
2055639, 2, 1
2055651, 3, 0
2055805, 1, bit 0
2055805, 1, 0
2055814, 2, 0
2055826, 3, 0
2055980, 1, 1
2055989, 2, 0
2056001, 3, 1
2056155, 1, 1
2056164, 2, 1
2056176, 3, 1
2056330, 1, 0
2056339, 2, 0
2056351, 3, 0
2056505, 1, 0
2056514, 2, 1
2056526, 3, bit 0
2056526, 3, 1
2056680, 1, 1
2056689, 2, 0
2056701, 3, 0
2056855, 1, 0
2056864, 2, 1
2056876, 3, 1
2057030, 1, 1
2057039, 2, 0
2057051, 3, 0
2057205, 1, 1
2057214, 2, 1
2057226, 3, 0
2057380, 1, 0
2057389, 2, 0
2057401, 3, 1
2057555, 1, 1
2057564, 2, 1
2057576, 3, 1
2057730, 1, 0
2057739, 2, bit 1
2057739, 2, 1
2057751, 3, 0
2057905, 1, 0
2057914, 2, 0
2057926, 3, 1
2058080, 1, 1
2058089, 2, 1
2058101, 3, 0
2058255, 1, bit 0
2058255, 1, 0
2058264, 2, 0
2058276, 3, 0
2058430, 1, 1
2058439, 2, 0
2058451, 3, 1
2058605, 1, 1
2058614, 2, 1
2058626, 3, 1
2058780, 1, 0
2058789, 2, 0
2058801, 3, 0
2058955, 1, 0
2058964, 2, 1
2058976, 3, bit 1
2058976, 3, 0
2059130, 1, 1
2059139, 2, 0
2059151, 3, 1
2059305, 1, 0
2059314, 2, 1
2059326, 3, 0
2059480, 1, 1
2059489, 2, 0
2059501, 3, 1
2059655, 1, 1
2059664, 2, 1
2059676, 3, 1
2059830, 1, 0
2059839, 2, 0
2059851, 3, 0
2060005, 1, 1
2060014, 2, 1
2060026, 3, 0
2060180, 1, 0
2060189, 2, bit 0
2060189, 2, 0
2060201, 3, 1
2060355, 1, 0
2060364, 2, 1
2060376, 3, 0
2060530, 1, 1
2060539, 2, 0
2060551, 3, 1
2060705, 1, bit 0
2060705, 1, 0
2060715, 2, 1
2060726, 3, 1
2060880, 1, 1
2060890, 2, 1
2060901, 3, 0
2061056, 1, 1
2061065, 2, 0
2061076, 3, 0
2061231, 1, 0
2061240, 2, 1
2061251, 3, 1
2061406, 1, 0
2061415, 2, 0
2061426, 3, bit 0
2061426, 3, 1
2061581, 1, 1
2061590, 2, 1
2061601, 3, 0
2061756, 1, 0
2061765, 2, 0
2061776, 3, 1
2061931, 1, 1
2061940, 2, 1
2061952, 3, 0
2062106, 1, 1
2062115, 2, 0
2062127, 3, 0
2062281, 1, 0
2062290, 2, 1
2062302, 3, 1
2062456, 1, 1
2062465, 2, 0
2062477, 3, 1
2062631, 1, 0
2062640, 2, bit 0
2062640, 2, 0
2062652, 3, 0
2062806, 1, 0
2062815, 2, 1
2062827, 3, 1
2062981, 1, 1
2062990, 2, 0
2063002, 3, 0
2063165, 2, 1
2063177, 3, 0
2063340, 2, 1
2063352, 3, 1
2063515, 2, 0
2063527, 3, 1
2063690, 2, 1
2063702, 3, 0
2063865, 2, 0
2063877, 3, bit 0
2063880, 3, 1
2064040, 2, 1
2064052, 3, 0
2064215, 2, 0
2064227, 3, 1
2064390, 2, 1
2064402, 3, 0
2064565, 2, 0
2064577, 3, 0
2064740, 2, 1
2064752, 3, 1
2064915, 2, 0
2064927, 3, 1
2065090, 2, bit 0
2065090, 2, 0
2065102, 3, 0
2065265, 2, 1
2065277, 3, 1
2065440, 2, 0
2065452, 3, 0
2065615, 2, 1
2065627, 3, 0
2065790, 2, 1
2065802, 3, 1
2065965, 2, 0
2065977, 3, 1
2066140, 2, 1
2066152, 3, 0
2066315, 2, 0
2066327, 3, bit 1
2066327, 3, 0
2066490, 2, 1
2066502, 3, 1
2066665, 2, 0
2066677, 3, 0
2066840, 2, 1
2066852, 3, 1
2067015, 2, 0
2067027, 3, 1
2067190, 2, 1
2067202, 3, 0
2067365, 2, 0
2067377, 3, 0
2067540, 2, bit 0
2067540, 2, 0
2067552, 3, 1
2067715, 2, 1
2067727, 3, 0
2067890, 2, 0
2067902, 3, 1
2068065, 2, 1
2068077, 3, 1
2068240, 2, 1
2068252, 3, 0
2068415, 2, 0
2068427, 3, 0
2068590, 2, 1
2068602, 3, 1
2068765, 2, 0
2068777, 3, bit 0
2068777, 3, 1
2068940, 2, 1
2068952, 3, 0
2069115, 2, 0
2069127, 3, 1
2069291, 2, 1
2069302, 3, 0
2069466, 2, 0
2069477, 3, 0
2069641, 2, 1
2069652, 3, 1
2069816, 2, 0
2069827, 3, 1
2069991, 2, bit 0
2069991, 2, 0
2070002, 3, 0
2070166, 2, 1
2070177, 3, 1
2070341, 2, 0
2070352, 3, 0
2070516, 2, 1
2070528, 3, 0
2070691, 2, 1
2070703, 3, 1
2070866, 2, 0
2070878, 3, 1
2071041, 2, 1
2071053, 3, 0
2071216, 2, 0
2071228, 3, bit 1
2071228, 3, 0
2071391, 2, 1
2071403, 3, 1
2071566, 2, 0
2071578, 3, 0
2071741, 2, 1
2071753, 3, 1
2071916, 2, 0
2071928, 3, 1
2072091, 2, 1
2072103, 3, 0
2072266, 2, 0
2072278, 3, 0
2072441, 2, bit 1
2072441, 2, 1
2072453, 3, 1
2072616, 2, 0
2072628, 3, 0
2072791, 2, 1
2072803, 3, 1
2072966, 2, 0
2072978, 3, 1
2073141, 2, 0
2073153, 3, 0
2073316, 2, 1
2073328, 3, 0
2073491, 2, 0
2073503, 3, 1
2073666, 2, 1
2073678, 3, bit 1
2073678, 3, 0
2073841, 2, 0
2073853, 3, 1
2074016, 2, 1
2074028, 3, 0
2074191, 2, 0
2074203, 3, 1
2074366, 2, 1
2074378, 3, 1
2074541, 2, 0
2074553, 3, 0
2074716, 2, 1
2074728, 3, 0
2074891, 2, bit 1
2074894, 2, 1
2074903, 3, 1
2075066, 2, 0
2075078, 3, 0
2075241, 2, 1
2075253, 3, 1
2075416, 2, 0
2075428, 3, 1
2075591, 2, 0
2075603, 3, 0
2075766, 2, 1
2075778, 3, 0
2075941, 2, 0
2075953, 3, 1
2076116, 2, 1
2076128, 3, bit 0
2076128, 3, 1
2076291, 2, 0
2076303, 3, 0
2076466, 2, 1
2076478, 3, 1
2076641, 2, 0
2076653, 3, 0
2076816, 2, 1
2076828, 3, 0
2076991, 2, 0
2077003, 3, 1
2077166, 2, 1
2077178, 3, 1
2077341, 2, bit 1
2077341, 2, 1
2077353, 3, 0
2077516, 2, 0
2077528, 3, 1
2077691, 2, 1
2077703, 3, 0
2077867, 2, 0
2077878, 3, 0
2078042, 2, 0
2078053, 3, 1
2078217, 2, 1
2078228, 3, 1
2078392, 2, 0
2078403, 3, 0
2078567, 2, 1
2078578, 3, bit 1
2078578, 3, 0
2078742, 2, 0
2078753, 3, 1
2078917, 2, 1
2078928, 3, 0
2079092, 2, 0
2079104, 3, 1
2079267, 2, 1
2079279, 3, 1
2079442, 2, 0
2079454, 3, 0
2079617, 2, 1
2079629, 3, 0
2079792, 2, bit 1
2079792, 2, 1
2079804, 3, 1
2079967, 2, 0
2079979, 3, 0
2080142, 2, 1
2080154, 3, 1
2080317, 2, 0
2080329, 3, 1
2080492, 2, 0
2080504, 3, 0
2080667, 2, 1
2080679, 3, 0
2080842, 2, 0
2080854, 3, 1
2081017, 2, 1
2081029, 3, bit 1
2081029, 3, 0
2081192, 2, 0
2081204, 3, 1
2081367, 2, 1
2081379, 3, 0
2081542, 2, 0
2081554, 3, 1
2081717, 2, 1
2081729, 3, 1
2081892, 2, 0
2081904, 3, 0
2082067, 2, 1
2082079, 3, 0
2082242, 2, bit 1
2082242, 2, 1
2082254, 3, 1
2082417, 2, 0
2082429, 3, 0
2082592, 2, 1
2082604, 3, 1
2082767, 2, 0
2082779, 3, 1
2082942, 2, 0
2082954, 3, 0
2083117, 2, 1
2083129, 3, 0
2083292, 2, 0
2083304, 3, 1
2083467, 2, 1
2083479, 3, bit 0
2083479, 3, 1
2083642, 2, 0
2083654, 3, 0
2083817, 2, 1
2083829, 3, 1
2083992, 2, 0
2084004, 3, 0
2084167, 2, 1
2084179, 3, 0
2084342, 2, 0
2084354, 3, 1
2084517, 2, 1
2084529, 3, 1
2084692, 2, bit 0
2084692, 2, 0
2084704, 3, 0
2084867, 2, 1
2084879, 3, 1
2085042, 2, 0
2085054, 3, 0
2085217, 2, 1
2085229, 3, 0
2085392, 2, 1
2085404, 3, 1
2085567, 2, 0
2085579, 3, 1
2085742, 2, 1
2085754, 3, 0
2085917, 2, 0
2085929, 3, bit 0
2085929, 3, 1
2086092, 2, 1
2086104, 3, 0
2086267, 2, 0
2086279, 3, 1
2086443, 2, 1
2086454, 3, 0
2086618, 2, 0
2086629, 3, 0
2086793, 2, 1
2086804, 3, 1
2086968, 2, 0
2086979, 3, 1
2087143, 2, bit 0
2087143, 2, 0
2087154, 3, 0
2087318, 2, 1
2087329, 3, 1
2087493, 2, 0
2087504, 3, 0
2087668, 2, 1
2087680, 3, 0
2087843, 2, 1
2087855, 3, 1
2088018, 2, 0
2088030, 3, 1
2088193, 2, 1
2088205, 3, 0
2088368, 2, 0
2088380, 3, bit 1
2088380, 3, 0
2088543, 2, 1
2088555, 3, 1
2088718, 2, 0
2088730, 3, 0
2088893, 2, 1
2088905, 3, 1
2089068, 2, 0
2089080, 3, 1
2089243, 2, 1
2089255, 3, 0
2089418, 2, 0
2089430, 3, 0
2089593, 2, bit 1
2089593, 2, 1
2089605, 3, 1
2089768, 2, 0
2089780, 3, 0
2089943, 2, 1
2089955, 3, 1
2090118, 2, 0
2090130, 3, 1
2090293, 2, 0
2090305, 3, 0
2090468, 2, 1
2090480, 3, 0
2090643, 2, 0
2090655, 3, 1
2090818, 2, 1
2090830, 3, bit 0
2090830, 3, 1
2090993, 2, 0
2091005, 3, 0
2091168, 2, 1
2091180, 3, 1
2091343, 2, 0
2091355, 3, 0
2091518, 2, 1
2091530, 3, 0
2091693, 2, 0
2091705, 3, 1
2091868, 2, 1
2091880, 3, 1
2092043, 2, bit 0
2092043, 2, 0
2092055, 3, 0
2092218, 2, 1
2092230, 3, 1
2092393, 2, 0
2092405, 3, 0
2092568, 2, 1
2092580, 3, 0
2092743, 2, 1
2092755, 3, 1
2092918, 2, 0
2092930, 3, 1
2093093, 2, 1
2093105, 3, 0
2093268, 2, 0
2093280, 3, bit 0
2093280, 3, 1
2093443, 2, 1
2093455, 3, 0
2093618, 2, 0
2093630, 3, 1
2093793, 2, 1
2093805, 3, 0
2093968, 2, 0
2093980, 3, 0
2094143, 2, 1
2094155, 3, 1
2094318, 2, 0
2094330, 3, 1
2094493, 2, bit 1
2094493, 2, 1
2094505, 3, 0
2094668, 2, 0
2094680, 3, 1
2094843, 2, 1
2094855, 3, 0
2095019, 2, 0
2095030, 3, 0
2095194, 2, 0
2095205, 3, 1
2095369, 2, 1
2095380, 3, 1
2095544, 2, 0
2095555, 3, 0
2095719, 2, 1
2095730, 3, bit 1
2095730, 3, 0
2095894, 2, 0
2095905, 3, 1
2096069, 2, 1
2096080, 3, 0
2096244, 2, 0
2096256, 3, 1
2096419, 2, 1
2096431, 3, 1
2096594, 2, 0
2096606, 3, 0
2096769, 2, 1
2096781, 3, 0
2096944, 2, bit 1
2096944, 2, 1
2096956, 3, 1
2097119, 2, 0
2097131, 3, 0
2097294, 2, 1
2097306, 3, 1
2097469, 2, 0
2097481, 3, 1
2097644, 2, 0
2097656, 3, 0
2097819, 2, 1
2097831, 3, 0
2097994, 2, 0
2098006, 3, 1
2098169, 2, 1
2098181, 3, bit 0
2098181, 3, 1
2098344, 2, 0
2098356, 3, 0
2098519, 2, 1
2098531, 3, 1
2098694, 2, 0
2098706, 3, 0
2098869, 2, 1
2098881, 3, 0
2099044, 2, 0
2099056, 3, 1
2099219, 2, 1
2099231, 3, 1
2099394, 2, bit 0
2099394, 2, 0
2099406, 3, 0
2099569, 2, 1
2099581, 3, 1
2099744, 2, 0
2099756, 3, 0
2099919, 2, 1
2099931, 3, 0
2100094, 2, 1
2100106, 3, 1
2100269, 2, 0
2100281, 3, 1
2100444, 2, 1
2100456, 3, 0
2100619, 2, 0
2100631, 3, bit 1
2100631, 3, 0
2100794, 2, 1
2100806, 3, 1
2100969, 2, 0
2100981, 3, 0
2101144, 2, 1
2101156, 3, 1
2101319, 2, 0
2101331, 3, 1
2101494, 2, 1
2101506, 3, 0
2101669, 2, 0
2101681, 3, 0
2101844, 2, bit 0
2101844, 2, 0
2101856, 3, 1
2102019, 2, 1
2102031, 3, 0
2102194, 2, 0
2102206, 3, 1
2102369, 2, 1
2102381, 3, 1
2102544, 2, 1
2102556, 3, 0
2102719, 2, 0
2102731, 3, 0
2102894, 2, 1
2102906, 3, 1
2103069, 2, 0
2103081, 3, bit 1
2103081, 3, 0
2103244, 2, 1
2103256, 3, 1
2103419, 2, 0
2103431, 3, 0
2103595, 2, 1
2103606, 3, 1
2103770, 2, 0
2103781, 3, 1
2103945, 2, 1
2103956, 3, 0
2104120, 2, 0
2104131, 3, 0
2104306, 3, 1
2104481, 3, 0
2104656, 3, 1
2104832, 3, 1
2105007, 3, 0
2105182, 3, 0
2105357, 3, 1
2105532, 3, bit 1
2105532, 3, 0
2105707, 3, 1
2105882, 3, 0
2106057, 3, 1
2106232, 3, 1
2106407, 3, 0
2106582, 3, 0
2106757, 3, 1
2106932, 3, 0
2107107, 3, 1
2107282, 3, 1
2107457, 3, 0
2107632, 3, 0
2107807, 3, 1
2107982, 3, bit 1
2107982, 3, 0
2108157, 3, 1
2108332, 3, 0
2108507, 3, 1
2108682, 3, 1
2108857, 3, 0
2109032, 3, 0
2109207, 3, 1
2109382, 3, 0
2109557, 3, 1
2109732, 3, 1
2109907, 3, 0
2110082, 3, 0
2110257, 3, 1
2110432, 3, bit 0
2110432, 3, 1
2110607, 3, 0
2110782, 3, 1
2110957, 3, 0
2111132, 3, 0
2111307, 3, 1
2111482, 3, 1
2111657, 3, 0
2111832, 3, 1
2112007, 3, 0
2112182, 3, 0
2112357, 3, 1
2112532, 3, 1
2112707, 3, 0
2112882, 3, bit 1
2112882, 3, 0
2113057, 3, 1
2113232, 3, 0
2113408, 3, 1
2113583, 3, 1
2113758, 3, 0
2113933, 3, 0
2114108, 3, 1
2114283, 3, 0
2114458, 3, 1
2114633, 3, 1
2114808, 3, 0
2114983, 3, 0
2115158, 3, 1
2115333, 3, bit 1
2115333, 3, 0
2115508, 3, 1
2115683, 3, 0
2115858, 3, 1
2116033, 3, 1
2116208, 3, 0
2116383, 3, 0
2116558, 3, 1
2116733, 3, 0
2116908, 3, 1
2117083, 3, 1
2117258, 3, 0
2117433, 3, 0
2117608, 3, 1
2117783, 3, bit 0
2117783, 3, 1
2117958, 3, 0
2118133, 3, 1
2118308, 3, 0
2118483, 3, 0
2118658, 3, 1
2118833, 3, 1
2119008, 3, 0
2119183, 3, 1
2119358, 3, 0
2119533, 3, 0
2119708, 3, 1
2119883, 3, 1
2120058, 3, 0
2120233, 3, bit 1
2120233, 3, 0
2120408, 3, 1
2120583, 3, 0
2120758, 3, 1
2120933, 3, 1
2121108, 3, 0
2121283, 3, 0
2121458, 3, 1
2121633, 3, 0
2121808, 3, 1
2121984, 3, 1
2122159, 3, 0
2122334, 3, 0
2122509, 3, 1
2122684, 3, bit 0
2122684, 3, 1
2122859, 3, 0
2123034, 3, 1
2123209, 3, 0
2123384, 3, 0
2123559, 3, 1
2123734, 3, 1
2123909, 3, 0
2124084, 3, 1
2124259, 3, 0
2124434, 3, 0
2124609, 3, 1
2124784, 3, 1
2124959, 3, 0
2125134, 3, bit 0
2125134, 3, 1
2125309, 3, 0
2125484, 3, 1
2125659, 3, 0
2125834, 3, 0
2126009, 3, 1
2126184, 3, 1
2126359, 3, 0
2126534, 3, 1
2126709, 3, 0
2126884, 3, 0
2127059, 3, 1
2127234, 3, 1
2127409, 3, 0
2127584, 3, bit 0
2127584, 3, 1
2127759, 3, 0
2127934, 3, 1
2128109, 3, 0
2128284, 3, 0
2128459, 3, 1
2128634, 3, 1
2128809, 3, 0
2128984, 3, 1
2129159, 3, 0
2129334, 3, 0
2129509, 3, 1
2129684, 3, 1
2129859, 3, 0
2130034, 3, bit 0
2130034, 3, 1
2130209, 3, 0
2130384, 3, 1
2130560, 3, 0
2130735, 3, 0
2130910, 3, 1
2131085, 3, 1
2131260, 3, 0
2131435, 3, 1
2131610, 3, 0
2131785, 3, 0
2131960, 3, 1
2132135, 3, 1
2132310, 3, 0
2132485, 3, bit 1
2132485, 3, 0
2132660, 3, 1
2132835, 3, 0
2133010, 3, 1
2133185, 3, 1
2133360, 3, 0
2133535, 3, 0
2133710, 3, 1
2133885, 3, 0
2134060, 3, 1
2134235, 3, 1
2134410, 3, 0
2134585, 3, 0
2134760, 3, 1
2134935, 3, bit 1
2134935, 3, 0
2135110, 3, 1
2135285, 3, 0
2135460, 3, 1
2135635, 3, 1
2135810, 3, 0
2135985, 3, 0
2136160, 3, 1
2136335, 3, 0
2136510, 3, 1
2136685, 3, 1
2136860, 3, 0
2137035, 3, 0
2137210, 3, 1
2137385, 3, bit 0
2137385, 3, 1
2137560, 3, 0
2137735, 3, 1
2137910, 3, 0
2138085, 3, 0
2138260, 3, 1
2138435, 3, 1
2138610, 3, 0
2138785, 3, 1
2138960, 3, 0
2139136, 3, 0
2139311, 3, 1
2139486, 3, 1
2139661, 3, 0
2139836, 3, bit 1
2139836, 3, 0
2140011, 3, 1
2140186, 3, 0
2140361, 3, 1
2140536, 3, 1
2140711, 3, 0
2140886, 3, 0
2141061, 3, 1
2141236, 3, 0
2141411, 3, 1
2141586, 3, 1
2141761, 3, 0
2141936, 3, 0
2142111, 3, 1
2142286, 3, bit 0
2142286, 3, 1
2142461, 3, 0
2142636, 3, 1
2142811, 3, 0
2142986, 3, 0
2143161, 3, 1
2143336, 3, 1
2143511, 3, 0
2143686, 3, 1
2143861, 3, 0
2144036, 3, 0
2144211, 3, 1
2144386, 3, 1
2144561, 3, 0
2144736, 3, bit 0
2144736, 3, 1
2144911, 3, 0
2145086, 3, 1
2145261, 3, 0
2145436, 3, 0
2145611, 3, 1
2145786, 3, 1
2145961, 3, 0
2146136, 3, 1
2146311, 3, 0
2146486, 3, 0
2146661, 3, 1
2146836, 3, 1
2147011, 3, 0
