175 100 4 7 16
(2, 20, 9, 10.00), (code 5)
(3, 258, 12, 10.00), (code 6)
(4, 496, 3, 10.00), (code 0)
(5, 734, 3, 10.00), (code 3)
START
464502, 0, prem 1
464502, 0, 1
464677, 0, 1
464852, 0, 1
465027, 0, 1
465202, 0, 1
465377, 0, 1
465552, 0, 1
465727, 0, 1
465902, 0, 1
466077, 0, 1
466252, 0, 1
466427, 0, 1
466603, 0, 1
466778, 0, 1
466953, 0, 1
467128, 0, 1
467303, 0, 0
467478, 0, 0
467653, 0, 0
467828, 0, 0
468003, 0, 0
468178, 0, 0
468353, 0, 0
468528, 0, 0
468703, 0, 0
468878, 0, 0
469053, 0, 0
469228, 0, 0
469403, 0, 0
469578, 0, 0
469753, 0, 0
469928, 0, 0
470103, 0, prem 0
470103, 0, 0
470278, 0, 0
470453, 0, 0
470628, 0, 0
470803, 0, 0
470978, 0, 0
471153, 0, 0
471328, 0, 0
471503, 0, 0
471678, 0, 0
471853, 0, 0
472028, 0, 0
472203, 0, 0
472378, 0, 0
472553, 0, 0
472728, 0, 0
472903, 0, 1
473078, 0, 1
473253, 0, 1
473428, 0, 1
473603, 0, 1
473778, 0, 1
473953, 0, 1
474128, 0, 1
474303, 0, 1
474478, 0, 1
474653, 0, 1
474828, 0, 1
475003, 0, 1
475179, 0, 1
475354, 0, 1
475529, 0, 1
475704, 0, prem 1
475704, 0, 1
475879, 0, 1
476054, 0, 1
476229, 0, 1
476404, 0, 1
476579, 0, 1
476754, 0, 1
476929, 0, 1
477104, 0, 1
477279, 0, 1
477454, 0, 1
477629, 0, 1
477804, 0, 1
477979, 0, 1
478154, 0, 1
478329, 0, 1
478504, 0, 0
478679, 0, 0
478854, 0, 0
479029, 0, 0
479204, 0, 0
479379, 0, 0
479554, 0, 0
479729, 0, 0
479904, 0, 0
480079, 0, 0
480254, 0, 0
480429, 0, 0
480604, 0, 0
480779, 0, 0
480954, 0, 0
481129, 0, 0
481304, 0, prem 1
481304, 0, 1
481479, 0, 1
481654, 0, 1
481829, 0, 1
482004, 0, 1
482179, 0, 1
482354, 0, 1
482529, 0, 1
482704, 0, 1
482879, 0, 1
483054, 0, 1
483229, 0, 1
483404, 0, 1
483579, 0, 1
483755, 0, 1
483930, 0, 1
484105, 0, 0
484280, 0, 0
484455, 0, 0
484630, 0, 0
484805, 0, 0
484980, 0, 0
485155, 0, 0
485330, 0, 0
485505, 0, 0
485680, 0, 0
485855, 0, 0
486030, 0, 0
486205, 0, 0
486380, 0, 0
486555, 0, 0
486730, 0, 0
486905, 0, prem 0
486905, 0, 0
487080, 0, 0
487255, 0, 0
487430, 0, 0
487605, 0, 0
487780, 0, 0
487955, 0, 0
488130, 0, 0
488305, 0, 0
488480, 0, 0
488655, 0, 0
488830, 0, 0
489005, 0, 0
489180, 0, 0
489355, 0, 0
489530, 0, 0
489705, 0, 1
489880, 0, 1
490055, 0, 1
490230, 0, 1
490405, 0, 1
490580, 0, 1
490755, 0, 1
490930, 0, 1
491105, 0, 1
491280, 0, 1
491455, 0, 1
491630, 0, 1
491805, 0, 1
491980, 0, 1
492155, 0, 1
492331, 0, 1
492506, 0, prem 0
492506, 0, 0
492681, 0, 0
492856, 0, 0
493031, 0, 0
493206, 0, 0
493381, 0, 0
493556, 0, 0
493731, 0, 0
493906, 0, 0
494081, 0, 0
494256, 0, 0
494431, 0, 0
494606, 0, 0
494781, 0, 0
494956, 0, 0
495131, 0, 0
495306, 0, 1
495481, 0, 1
495656, 0, 1
495831, 0, 1
496006, 0, 1
496181, 0, 1
496356, 0, 1
496531, 0, 1
496706, 0, 1
496881, 0, 1
497056, 0, 1
497231, 0, 1
497406, 0, 1
497581, 0, 1
497756, 0, 1
497931, 0, 1
498106, 0, prem 1
498106, 0, 1
498281, 0, 1
498456, 0, 1
498631, 0, 1
498806, 0, 1
498981, 0, 1
499156, 0, 1
499331, 0, 1
499506, 0, 1
499681, 0, 1
499856, 0, 1
500031, 0, 1
500206, 0, 1
500381, 0, 1
500556, 0, 1
500731, 0, 1
500907, 0, 0
501082, 0, 0
501257, 0, 0
501432, 0, 0
501607, 0, 0
501782, 0, 0
501957, 0, 0
502132, 0, 0
502307, 0, 0
502482, 0, 0
502657, 0, 0
502832, 0, 0
503007, 0, 0
503182, 0, 0
503357, 0, 0
503532, 0, 0
503707, 0, bit 1
503707, 0, 1
503882, 0, 0
504057, 0, 0
504232, 0, 1
504407, 0, 1
504582, 0, 0
504757, 0, 1
504932, 0, 0
505107, 0, 0
505282, 0, 1
505457, 0, 0
505632, 0, 1
505807, 0, 1
505982, 0, 0
506157, 0, bit 0
506157, 0, 0
506332, 0, 1
506507, 0, 1
506682, 0, 0
506686, 1, prem 0
506686, 1, 0
506857, 0, 0
506861, 1, 0
507032, 0, 1
507036, 1, 0
507207, 0, 0
507211, 1, 0
507382, 0, 1
507386, 1, 0
507557, 0, 1
507561, 1, 0
507732, 0, 0
507736, 1, 0
507907, 0, 1
507911, 1, 0
508082, 0, 0
508086, 1, 0
508257, 0, 0
508261, 1, 0
508432, 0, 1
508436, 1, 0
508607, 0, bit 1
508607, 0, 1
508611, 1, 0
508782, 0, 0
508786, 1, 0
508957, 0, 0
508961, 1, 0
509132, 0, 1
509136, 1, 0
509307, 0, 1
509312, 1, 0
509483, 0, 0
509487, 1, 1
509658, 0, 1
509662, 1, 1
509833, 0, 0
509837, 1, 1
510008, 0, 0
510012, 1, 1
510183, 0, 1
510187, 1, 1
510358, 0, 0
510362, 1, 1
510533, 0, 1
510537, 1, 1
510708, 0, 1
510712, 1, 1
510883, 0, 0
510887, 1, 1
511058, 0, bit 0
511058, 0, 0
511062, 1, 1
511233, 0, 1
511237, 1, 1
511408, 0, 1
511412, 1, 1
511583, 0, 0
511587, 1, 1
511758, 0, 0
511762, 1, 1
511933, 0, 1
511937, 1, 1
512108, 0, 0
512112, 1, 1
512283, 0, 1
512287, 1, prem 0
512287, 1, 0
512458, 0, 1
512462, 1, 0
512633, 0, 0
512637, 1, 0
512808, 0, 1
512812, 1, 0
512983, 0, 0
512987, 1, 0
513158, 0, 0
513162, 1, 0
513333, 0, 1
513337, 1, 0
513508, 0, bit 1
513508, 0, 1
513512, 1, 0
513683, 0, 0
513687, 1, 0
513858, 0, 0
513862, 1, 0
514033, 0, 1
514037, 1, 0
514208, 0, 1
514212, 1, 0
514383, 0, 0
514387, 1, 0
514558, 0, 1
514562, 1, 0
514733, 0, 0
514737, 1, 0
514908, 0, 0
514912, 1, 0
515083, 0, 1
515087, 1, 1
515258, 0, 0
515262, 1, 1
515433, 0, 1
515437, 1, 1
515608, 0, 1
515612, 1, 1
515783, 0, 0
515787, 1, 1
515958, 0, bit 1
515958, 0, 1
515962, 1, 1
516133, 0, 0
516137, 1, 1
516308, 0, 0
516312, 1, 1
516483, 0, 1
516487, 1, 1
516658, 0, 1
516662, 1, 1
516833, 0, 0
516837, 1, 1
517008, 0, 1
517012, 1, 1
517183, 0, 0
517187, 1, 1
517358, 0, 0
517362, 1, 1
517533, 0, 1
517537, 1, 1
517708, 0, 0
517712, 1, 1
517883, 0, 1
517888, 1, prem 1
517888, 1, 1
518059, 0, 1
518063, 1, 1
518234, 0, 0
518238, 1, 1
518409, 0, bit 1
518409, 0, 1
518413, 1, 1
518584, 0, 0
518588, 1, 1
518759, 0, 0
518763, 1, 1
518934, 0, 1
518938, 1, 1
519109, 0, 1
519113, 1, 1
519284, 0, 0
519288, 1, 1
519459, 0, 1
519463, 1, 1
519634, 0, 0
519638, 1, 1
519809, 0, 0
519813, 1, 1
519984, 0, 1
519988, 1, 1
520159, 0, 0
520163, 1, 1
520334, 0, 1
520338, 1, 1
520509, 0, 1
520513, 1, 1
520684, 0, 0
520688, 1, 0
520859, 0, bit 1
520859, 0, 1
520863, 1, 0
521034, 0, 0
521038, 1, 0
521209, 0, 0
521213, 1, 0
521384, 0, 1
521388, 1, 0
521559, 0, 1
521563, 1, 0
521734, 0, 0
521738, 1, 0
521909, 0, 1
521913, 1, 0
522084, 0, 0
522088, 1, 0
522259, 0, 0
522263, 1, 0
522434, 0, 1
522438, 1, 0
522609, 0, 0
522613, 1, 0
522784, 0, 1
522788, 1, 0
522959, 0, 1
522963, 1, 0
523134, 0, 0
523138, 1, 0
523309, 0, bit 1
523309, 0, 1
523313, 1, 0
523484, 0, 0
523488, 1, prem 0
523488, 1, 0
523659, 0, 0
523663, 1, 0
523834, 0, 1
523838, 1, 0
524009, 0, 1
524013, 1, 0
524184, 0, 0
524188, 1, 0
524359, 0, 1
524363, 1, 0
524534, 0, 0
524538, 1, 0
524709, 0, 0
524713, 1, 0
524884, 0, 1
524888, 1, 0
525059, 0, 0
525063, 1, 0
525234, 0, 1
525238, 1, 0
525409, 0, 1
525413, 1, 0
525584, 0, 0
525588, 1, 0
525759, 0, bit 0
525759, 0, 0
525763, 1, 0
525934, 0, 1
525938, 1, 0
526109, 0, 1
526113, 1, 0
526284, 0, 0
526288, 1, 1
526459, 0, 0
526464, 1, 1
526635, 0, 1
526639, 1, 1
526810, 0, 0
526814, 1, 1
526985, 0, 1
526989, 1, 1
527160, 0, 1
527164, 1, 1
527335, 0, 0
527339, 1, 1
527510, 0, 1
527514, 1, 1
527685, 0, 0
527689, 1, 1
527860, 0, 0
527864, 1, 1
528035, 0, 1
528039, 1, 1
528210, 0, bit 0
528210, 0, 0
528214, 1, 1
528385, 0, 1
528389, 1, 1
528560, 0, 1
528564, 1, 1
528735, 0, 0
528739, 1, 1
528910, 0, 0
528914, 1, 1
529085, 0, 1
529089, 1, prem 0
529089, 1, 0
529260, 0, 0
529264, 1, 0
529435, 0, 1
529439, 1, 0
529610, 0, 1
529614, 1, 0
529785, 0, 0
529789, 1, 0
529960, 0, 1
529964, 1, 0
530135, 0, 0
530139, 1, 0
530310, 0, 0
530314, 1, 0
530485, 0, 1
530489, 1, 0
530660, 0, bit 1
530660, 0, 1
530664, 1, 0
530835, 0, 0
530839, 1, 0
531010, 0, 0
531014, 1, 0
531185, 0, 1
531189, 1, 0
531360, 0, 1
531364, 1, 0
531535, 0, 0
531539, 1, 0
531710, 0, 1
531714, 1, 0
531885, 0, 0
531889, 1, 1
532060, 0, 0
532064, 1, 1
532235, 0, 1
532239, 1, 1
532410, 0, 0
532414, 1, 1
532585, 0, 1
532589, 1, 1
532760, 0, 1
532764, 1, 1
532935, 0, 0
532939, 1, 1
533110, 0, bit 0
533113, 0, 0
533114, 1, 1
533285, 0, 1
533289, 1, 1
533460, 0, 1
533464, 1, 1
533635, 0, 0
533639, 1, 1
533810, 0, 0
533814, 1, 1
533985, 0, 1
533989, 1, 1
534160, 0, 0
534164, 1, 1
534335, 0, 1
534339, 1, 1
534510, 0, 1
534514, 1, 1
534685, 0, 0
534689, 1, prem 1
534689, 1, 1
534860, 0, 1
534864, 1, 1
535035, 0, 0
535040, 1, 1
535211, 0, 0
535215, 1, 1
535386, 0, 1
535390, 1, 1
535561, 0, bit 1
535561, 0, 1
535565, 1, 1
535736, 0, 0
535740, 1, 1
535911, 0, 0
535915, 1, 1
536086, 0, 1
536090, 1, 1
536261, 0, 1
536265, 1, 1
536436, 0, 0
536440, 1, 1
536611, 0, 1
536615, 1, 1
536786, 0, 0
536790, 1, 1
536961, 0, 0
536965, 1, 1
537136, 0, 1
537140, 1, 1
537311, 0, 0
537315, 1, 1
537486, 0, 1
537490, 1, 0
537661, 0, 1
537665, 1, 0
537836, 0, 0
537840, 1, 0
538011, 0, bit 1
538011, 0, 1
538015, 1, 0
538186, 0, 0
538190, 1, 0
538361, 0, 0
538365, 1, 0
538536, 0, 1
538540, 1, 0
538711, 0, 1
538715, 1, 0
538886, 0, 0
538890, 1, 0
539061, 0, 1
539065, 1, 0
539236, 0, 0
539240, 1, 0
539411, 0, 0
539415, 1, 0
539586, 0, 1
539590, 1, 0
539761, 0, 0
539765, 1, 0
539936, 0, 1
539940, 1, 0
540111, 0, 1
540115, 1, 0
540286, 0, 0
540290, 1, prem 0
540290, 1, 0
540461, 0, bit 0
540461, 0, 0
540465, 1, 0
540636, 0, 1
540640, 1, 0
540811, 0, 1
540815, 1, 0
540986, 0, 0
540990, 1, 0
541161, 0, 0
541165, 1, 0
541336, 0, 1
541340, 1, 0
541511, 0, 0
541515, 1, 0
541686, 0, 1
541690, 1, 0
541861, 0, 1
541865, 1, 0
542036, 0, 0
542040, 1, 0
542211, 0, 1
542215, 1, 0
542386, 0, 0
542390, 1, 0
542561, 0, 0
542565, 1, 0
542736, 0, 1
542740, 1, 0
542911, 0, bit 1
542911, 0, 1
542915, 1, 0
543086, 0, 0
543090, 1, 1
543261, 0, 0
543265, 1, 1
543436, 0, 1
543440, 1, 1
543611, 0, 1
543616, 1, 1
543787, 0, 0
543791, 1, 1
543962, 0, 1
543966, 1, 1
544137, 0, 0
544141, 1, 1
544312, 0, 0
544316, 1, 1
544487, 0, 1
544491, 1, 1
544662, 0, 0
544666, 1, 1
544837, 0, 1
544841, 1, 1
545012, 0, 1
545016, 1, 1
545187, 0, 0
545191, 1, 1
545362, 0, bit 0
545362, 0, 0
545366, 1, 1
545537, 0, 1
545541, 1, 1
545712, 0, 1
545716, 1, 1
545887, 0, 0
545891, 1, bit 1
545891, 1, 0
546062, 0, 0
546066, 1, 1
546237, 0, 1
546241, 1, 0
546412, 0, 0
546416, 1, 1
546587, 0, 1
546591, 1, 1
546762, 0, 1
546766, 1, 0
546770, 2, prem 0
546770, 2, 0
546937, 0, 0
546941, 1, 0
546945, 2, 0
547112, 0, 1
547116, 1, 1
547120, 2, 0
547287, 0, 0
547291, 1, 0
547295, 2, 0
547462, 0, 0
547466, 1, 1
547470, 2, 0
547637, 0, 1
547641, 1, 1
547645, 2, 0
547812, 0, bit 1
547812, 0, 1
547816, 1, 0
547820, 2, 0
547987, 0, 0
547991, 1, 0
547995, 2, 0
548162, 0, 0
548166, 1, 1
548170, 2, 0
548337, 0, 1
548341, 1, bit 0
548341, 1, 1
548345, 2, 0
548512, 0, 1
548516, 1, 0
548520, 2, 0
548687, 0, 0
548691, 1, 1
548695, 2, 0
548862, 0, 1
548866, 1, 0
548870, 2, 0
549037, 0, 0
549041, 1, 0
549045, 2, 0
549212, 0, 0
549216, 1, 1
549220, 2, 0
549387, 0, 1
549391, 1, 1
549395, 2, 0
549562, 0, 0
549566, 1, 0
549570, 2, 1
549737, 0, 1
549741, 1, 1
549745, 2, 1
549912, 0, 1
549916, 1, 0
549920, 2, 1
550087, 0, 0
550091, 1, 0
550095, 2, 1
550262, 0, bit 0
550262, 0, 0
550266, 1, 1
550270, 2, 1
550437, 0, 1
550441, 1, 1
550445, 2, 1
550612, 0, 1
550616, 1, 0
550620, 2, 1
550787, 0, 0
550791, 1, bit 0
550791, 1, 1
550795, 2, 1
550962, 0, 0
550966, 1, 0
550970, 2, 1
551137, 0, 1
551141, 1, 1
551145, 2, 1
551312, 0, 0
551316, 1, 0
551320, 2, 1
551487, 0, 1
551491, 1, 0
551512, 2, 1
551662, 0, 1
551666, 1, 1
551687, 2, 1
551837, 0, 0
551841, 1, 1
551862, 2, 1
552012, 0, 1
552016, 1, 0
552037, 2, 1
552187, 0, 0
552192, 1, 1
552212, 2, 1
552363, 0, 0
552367, 1, 0
552387, 2, prem 1
552387, 2, 1
552538, 0, 1
552542, 1, 0
552562, 2, 1
552713, 0, bit 1
552713, 0, 1
552717, 1, 1
552737, 2, 1
552888, 0, 0
552892, 1, 1
552912, 2, 1
553063, 0, 0
553067, 1, 0
553088, 2, 1
553238, 0, 1
553242, 1, bit 0
553242, 1, 1
553263, 2, 1
553413, 0, 1
553417, 1, 0
553438, 2, 1
553588, 0, 0
553592, 1, 1
553613, 2, 1
553763, 0, 1
553767, 1, 0
553788, 2, 1
553938, 0, 0
553942, 1, 0
553963, 2, 1
554113, 0, 0
554117, 1, 1
554138, 2, 1
554288, 0, 1
554292, 1, 1
554313, 2, 1
554463, 0, 0
554467, 1, 0
554488, 2, 1
554638, 0, 1
554642, 1, 1
554663, 2, 1
554813, 0, 1
554817, 1, 0
554838, 2, 1
554988, 0, 0
554992, 1, 0
555013, 2, 1
555163, 0, bit 0
555163, 0, 0
555167, 1, 1
555188, 2, 0
555338, 0, 1
555342, 1, 1
555363, 2, 0
555513, 0, 1
555517, 1, 0
555538, 2, 0
555688, 0, 0
555692, 1, bit 1
555692, 1, 0
555713, 2, 0
555863, 0, 0
555867, 1, 1
555888, 2, 0
556038, 0, 1
556042, 1, 0
556063, 2, 0
556213, 0, 0
556217, 1, 1
556238, 2, 0
556388, 0, 1
556392, 1, 1
556413, 2, 0
556563, 0, 1
556567, 1, 0
556588, 2, 0
556738, 0, 0
556742, 1, 0
556763, 2, 0
556913, 0, 1
556917, 1, 1
556938, 2, 0
557088, 0, 0
557092, 1, 0
557113, 2, 0
557263, 0, 0
557267, 1, 1
557288, 2, 0
557438, 0, 1
557442, 1, 1
557463, 2, 0
557613, 0, bit 0
557613, 0, 0
557617, 1, 0
557638, 2, 0
557788, 0, 1
557792, 1, 0
557813, 2, 0
557963, 0, 1
557967, 1, 1
557988, 2, prem 1
557988, 2, 1
558138, 0, 0
558142, 1, bit 0
558142, 1, 1
558163, 2, 1
558313, 0, 0
558317, 1, 0
558338, 2, 1
558488, 0, 1
558492, 1, 1
558513, 2, 1
558663, 0, 0
558667, 1, 0
558688, 2, 1
558838, 0, 1
558842, 1, 0
558863, 2, 1
559013, 0, 1
559017, 1, 1
559038, 2, 1
559188, 0, 0
559192, 1, 1
559213, 2, 1
559363, 0, 1
559367, 1, 0
559388, 2, 1
559538, 0, 0
559542, 1, 1
559563, 2, 1
559713, 0, 0
559717, 1, 0
559738, 2, 1
559888, 0, 1
559892, 1, 0
559913, 2, 1
560063, 0, bit 0
560063, 0, 0
560067, 1, 1
560088, 2, 1
560238, 0, 1
560242, 1, 1
560263, 2, 1
560413, 0, 1
560417, 1, 0
560438, 2, 1
560588, 0, 0
560592, 1, bit 1
560592, 1, 0
560613, 2, 1
560763, 0, 0
560768, 1, 1
560788, 2, 0
560939, 0, 1
560943, 1, 0
560963, 2, 0
561114, 0, 0
561118, 1, 1
561138, 2, 0
561289, 0, 1
561293, 1, 1
561313, 2, 0
561464, 0, 1
561468, 1, 0
561488, 2, 0
561639, 0, 0
561643, 1, 0
561664, 2, 0
561814, 0, 1
561818, 1, 1
561839, 2, 0
561989, 0, 0
561993, 1, 0
562014, 2, 0
562164, 0, 0
562168, 1, 1
562189, 2, 0
562339, 0, 1
562343, 1, 1
562364, 2, 0
562514, 0, bit 1
562514, 0, 1
562518, 1, 0
562539, 2, 0
562689, 0, 0
562693, 1, 0
562714, 2, 0
562864, 0, 0
562868, 1, 1
562889, 2, 0
563039, 0, 1
563043, 1, bit 0
563043, 1, 1
563064, 2, 0
563214, 0, 1
563218, 1, 0
563239, 2, 0
563389, 0, 0
563393, 1, 1
563414, 2, 0
563564, 0, 1
563568, 1, 0
563589, 2, prem 1
563589, 2, 1
563739, 0, 0
563743, 1, 0
563764, 2, 1
563914, 0, 0
563918, 1, 1
563939, 2, 1
564089, 0, 1
564093, 1, 1
564114, 2, 1
564264, 0, 0
564268, 1, 0
564289, 2, 1
564439, 0, 1
564443, 1, 1
564464, 2, 1
564614, 0, 1
564618, 1, 0
564639, 2, 1
564789, 0, 0
564793, 1, 0
564814, 2, 1
564964, 0, bit 0
564964, 0, 0
564968, 1, 1
564989, 2, 1
565139, 0, 1
565143, 1, 1
565164, 2, 1
565314, 0, 1
565318, 1, 0
565339, 2, 1
565489, 0, 0
565493, 1, bit 0
565493, 1, 1
565514, 2, 1
565664, 0, 0
565668, 1, 0
565689, 2, 1
565839, 0, 1
565843, 1, 1
565864, 2, 1
566014, 0, 0
566018, 1, 0
566039, 2, 1
566189, 0, 1
566193, 1, 0
566214, 2, 1
566364, 0, 1
566368, 1, 1
566389, 2, 0
566539, 0, 0
566543, 1, 1
566564, 2, 0
566714, 0, 1
566718, 1, 0
566739, 2, 0
566889, 0, 0
566893, 1, 1
566914, 2, 0
567064, 0, 0
567068, 1, 0
567089, 2, 0
567239, 0, 1
567243, 1, 0
567264, 2, 0
567414, 0, bit 1
567417, 0, 1
567418, 1, 1
567439, 2, 0
567589, 0, 0
567593, 1, 1
567614, 2, 0
567764, 0, 0
567768, 1, 0
567789, 2, 0
567939, 0, 1
567943, 1, bit 0
567943, 1, 1
567964, 2, 0
568114, 0, 1
568118, 1, 0
568139, 2, 0
568289, 0, 0
568293, 1, 1
568314, 2, 0
568464, 0, 1
568468, 1, 0
568489, 2, 0
568639, 0, 0
568643, 1, 0
568664, 2, 0
568814, 0, 0
568818, 1, 1
568839, 2, 0
568989, 0, 1
568993, 1, 1
569014, 2, 0
569164, 0, 0
569168, 1, 0
569189, 2, prem 1
569189, 2, 1
569339, 0, 1
569350, 1, 1
569364, 2, 1
569515, 0, 1
569525, 1, 0
569539, 2, 1
569690, 0, 0
569700, 1, 0
569714, 2, 1
569865, 0, bit 1
569865, 0, 1
569875, 1, 1
569889, 2, 1
570040, 0, 0
570050, 1, 1
570064, 2, 1
570215, 0, 0
570225, 1, 0
570240, 2, 1
570390, 0, 1
570400, 1, bit 0
570400, 1, 1
570415, 2, 1
570565, 0, 1
570575, 1, 0
570590, 2, 1
570740, 0, 0
570750, 1, 1
570765, 2, 1
570915, 0, 1
570925, 1, 0
570940, 2, 1
571090, 0, 0
571100, 1, 0
571115, 2, 1
571265, 0, 0
571275, 1, 1
571290, 2, 1
571440, 0, 1
571450, 1, 1
571465, 2, 1
571615, 0, 0
571625, 1, 0
571640, 2, 1
571790, 0, 1
571800, 1, 1
571815, 2, 1
571965, 0, 1
571975, 1, 0
571990, 2, 0
572140, 0, 0
572150, 1, 0
572165, 2, 0
572315, 0, bit 0
572315, 0, 0
572325, 1, 1
572340, 2, 0
572490, 0, 1
572500, 1, 1
572515, 2, 0
572665, 0, 1
572675, 1, 0
572690, 2, 0
572840, 0, 0
572850, 1, bit 1
572850, 1, 0
572865, 2, 0
573015, 0, 0
573025, 1, 1
573040, 2, 0
573190, 0, 1
573200, 1, 0
573215, 2, 0
573365, 0, 0
573375, 1, 1
573390, 2, 0
573540, 0, 1
573550, 1, 1
573565, 2, 0
573715, 0, 1
573725, 1, 0
573740, 2, 0
573890, 0, 0
573900, 1, 0
573915, 2, 0
574065, 0, 1
574075, 1, 1
574090, 2, 0
574240, 0, 0
574251, 1, 0
574265, 2, 0
574415, 0, 0
574426, 1, 1
574440, 2, 0
574590, 0, 1
574601, 1, 1
574615, 2, 0
574765, 0, bit 0
574765, 0, 0
574776, 1, 0
574790, 2, prem 0
574790, 2, 0
574940, 0, 1
574951, 1, 0
574965, 2, 0
575115, 0, 1
575126, 1, 1
575140, 2, 0
575290, 0, 0
575301, 1, bit 0
575301, 1, 1
575315, 2, 0
575465, 0, 0
575476, 1, 0
575490, 2, 0
575640, 0, 1
575651, 1, 1
575665, 2, 0
575815, 0, 0
575826, 1, 0
575840, 2, 0
575990, 0, 1
576001, 1, 0
576015, 2, 0
576165, 0, 1
576176, 1, 1
576190, 2, 0
576340, 0, 0
576351, 1, 1
576365, 2, 0
576515, 0, 1
576526, 1, 0
576540, 2, 0
576690, 0, 0
576701, 1, 1
576715, 2, 0
576865, 0, 0
576876, 1, 0
576890, 2, 0
577040, 0, 1
577051, 1, 0
577065, 2, 0
577215, 0, bit 0
577215, 0, 0
577226, 1, 1
577240, 2, 0
577390, 0, 1
577401, 1, 1
577415, 2, 0
577565, 0, 1
577576, 1, 0
577590, 2, 1
577740, 0, 0
577751, 1, bit 1
577751, 1, 0
577765, 2, 1
577915, 0, 0
577926, 1, 1
577940, 2, 1
578091, 0, 1
578101, 1, 0
578115, 2, 1
578266, 0, 0
578276, 1, 1
578290, 2, 1
578441, 0, 1
578451, 1, 1
578465, 2, 1
578616, 0, 1
578626, 1, 0
578640, 2, 1
578791, 0, 0
578801, 1, 0
578816, 2, 1
578966, 0, 1
578976, 1, 1
578991, 2, 1
579141, 0, 0
579151, 1, 0
579166, 2, 1
579316, 0, 0
579326, 1, 1
579341, 2, 1
579491, 0, 1
579501, 1, 1
579516, 2, 1
579666, 0, bit 1
579666, 0, 1
579676, 1, 0
579691, 2, 1
579841, 0, 0
579851, 1, 0
579866, 2, 1
580016, 0, 0
580026, 1, 1
580041, 2, 1
580191, 0, 1
580201, 1, bit 0
580201, 1, 1
580216, 2, 1
580366, 0, 1
580376, 1, 0
580391, 2, prem 0
580391, 2, 0
580541, 0, 0
580551, 1, 1
580566, 2, 0
580716, 0, 1
580726, 1, 0
580741, 2, 0
580891, 0, 0
580901, 1, 0
580916, 2, 0
581066, 0, 0
581076, 1, 1
581091, 2, 0
581241, 0, 1
581251, 1, 1
581266, 2, 0
581416, 0, 0
581426, 1, 0
581441, 2, 0
581591, 0, 1
581601, 1, 1
581616, 2, 0
581766, 0, 1
581776, 1, 0
581791, 2, 0
581941, 0, 0
581951, 1, 0
581966, 2, 0
582116, 0, bit 1
582116, 0, 1
582126, 1, 1
582141, 2, 0
582291, 0, 0
582301, 1, 1
582316, 2, 0
582466, 0, 0
582476, 1, 0
582491, 2, 0
582641, 0, 1
582651, 1, bit 0
582651, 1, 1
582666, 2, 0
582816, 0, 1
582827, 1, 0
582841, 2, 0
582991, 0, 0
583002, 1, 1
583016, 2, 0
583166, 0, 1
583177, 1, 0
583191, 2, 1
583341, 0, 0
583352, 1, 0
583366, 2, 1
583516, 0, 0
583527, 1, 1
583541, 2, 1
583691, 0, 1
583702, 1, 1
583716, 2, 1
583866, 0, 0
583877, 1, 0
583891, 2, 1
584041, 0, 1
584052, 1, 1
584066, 2, 1
584216, 0, 1
584227, 1, 0
584241, 2, 1
584391, 0, 0
584402, 1, 0
584416, 2, 1
584566, 0, bit 1
584566, 0, 1
584577, 1, 1
584591, 2, 1
584741, 0, 0
584752, 1, 1
584766, 2, 1
584916, 0, 0
584927, 1, 0
584941, 2, 1
585091, 0, 1
585102, 1, bit 1
585102, 1, 0
585116, 2, 1
585266, 0, 1
585277, 1, 1
585291, 2, 1
585441, 0, 0
585452, 1, 0
585466, 2, 1
585616, 0, 1
585627, 1, 1
585641, 2, 1
585791, 0, 0
585802, 1, 1
585816, 2, 1
585966, 0, 0
585977, 1, 0
585991, 2, bit 1
585991, 2, 0
586141, 0, 1
586152, 1, 0
586166, 2, 1
586316, 0, 0
586327, 1, 1
586341, 2, 1
586491, 0, 1
586502, 1, 0
586516, 2, 0
586667, 0, 1
586677, 1, 1
586691, 2, 1
586842, 0, 0
586852, 1, 1
586866, 2, 0
587017, 0, bit 1
587017, 0, 1
587027, 1, 0
587041, 2, 1
587192, 0, 0
587202, 1, 0
587216, 2, 0
587367, 0, 0
587377, 1, 1
587392, 2, 1
587542, 0, 1
587552, 1, bit 0
587552, 1, 1
587567, 2, 0
587717, 0, 1
587727, 1, 0
587742, 2, 0
587892, 0, 0
587902, 1, 1
587917, 2, 1
588067, 0, 1
588077, 1, 0
588092, 2, 0
588242, 0, 0
588252, 1, 0
588267, 2, 1
588417, 0, 0
588427, 1, 1
588442, 2, bit 1
588442, 2, 0
588444, 3, prem 1
588444, 3, 1
588592, 0, 1
588602, 1, 1
588617, 2, 1
588619, 3, 1
588767, 0, 0
588777, 1, 0
588792, 2, 1
588794, 3, 1
588942, 0, 1
588952, 1, 1
588967, 2, 0
588969, 3, 1
589117, 0, 1
589127, 1, 0
589142, 2, 1
589144, 3, 1
589292, 0, 0
589302, 1, 0
589317, 2, 0
589319, 3, 1
589467, 0, bit 0
589467, 0, 0
589477, 1, 1
589492, 2, 1
589494, 3, 1
589642, 0, 1
589652, 1, 1
589667, 2, 0
589669, 3, 1
589817, 0, 1
589827, 1, 0
589842, 2, 1
589844, 3, 1
589992, 0, 0
590002, 1, bit 0
590002, 1, 1
590017, 2, 0
590019, 3, 1
590167, 0, 0
590177, 1, 0
590192, 2, 0
590194, 3, 1
590342, 0, 1
590352, 1, 1
590367, 2, 1
590370, 3, 1
590517, 0, 0
590527, 1, 0
590542, 2, 0
590545, 3, 1
590692, 0, 1
590702, 1, 0
590717, 2, 1
590720, 3, 1
590867, 0, 1
590877, 1, 1
590892, 2, bit 1
590892, 2, 0
590895, 3, 1
591042, 0, 0
591052, 1, 1
591067, 2, 1
591070, 3, 1
591217, 0, 1
591227, 1, 0
591242, 2, 1
591245, 3, 0
591392, 0, 0
591403, 1, 1
591417, 2, 0
591420, 3, 0
591567, 0, 0
591578, 1, 0
591592, 2, 1
591595, 3, 0
591742, 0, 1
591753, 1, 0
591767, 2, 0
591770, 3, 0
591917, 0, bit 0
591917, 0, 0
591928, 1, 1
591942, 2, 1
591945, 3, 0
592092, 0, 1
592103, 1, 1
592117, 2, 0
592120, 3, 0
592267, 0, 1
592278, 1, 0
592292, 2, 1
592295, 3, 0
592442, 0, 0
592453, 1, bit 1
592453, 1, 0
592467, 2, 0
592470, 3, 0
592617, 0, 0
592628, 1, 1
592642, 2, 0
592645, 3, 0
592792, 0, 1
592803, 1, 0
592817, 2, 1
592820, 3, 0
592967, 0, 0
592978, 1, 1
592992, 2, 0
592995, 3, 0
593142, 0, 1
593153, 1, 1
593167, 2, 1
593170, 3, 0
593317, 0, 1
593328, 1, 0
593342, 2, bit 0
593342, 2, 1
593345, 3, 0
593492, 0, 0
593503, 1, 0
593517, 2, 0
593520, 3, 0
593667, 0, 1
593678, 1, 1
593692, 2, 0
593695, 3, 0
593842, 0, 0
593853, 1, 0
593867, 2, 1
593870, 3, 0
594017, 0, 0
594028, 1, 1
594042, 2, 0
594045, 3, prem 1
594045, 3, 1
594192, 0, 1
594203, 1, 1
594217, 2, 1
594220, 3, 1
594367, 0, bit 1
594367, 0, 1
594378, 1, 0
594392, 2, 0
594395, 3, 1
594542, 0, 0
594553, 1, 0
594567, 2, 1
594570, 3, 1
594717, 0, 0
594728, 1, 1
594742, 2, 0
594745, 3, 1
594892, 0, 1
594903, 1, bit 1
594903, 1, 0
594917, 2, 1
594920, 3, 1
595067, 0, 1
595078, 1, 1
595092, 2, 1
595095, 3, 1
595243, 0, 0
595253, 1, 0
595267, 2, 0
595270, 3, 1
595418, 0, 1
595428, 1, 1
595442, 2, 1
595445, 3, 1
595593, 0, 0
595603, 1, 1
595617, 2, 0
595620, 3, 1
595768, 0, 0
595778, 1, 0
595792, 2, bit 0
595792, 2, 1
595795, 3, 1
595943, 0, 1
595953, 1, 0
595968, 2, 0
595970, 3, 1
596118, 0, 0
596128, 1, 1
596143, 2, 0
596145, 3, 1
596293, 0, 1
596303, 1, 0
596318, 2, 1
596321, 3, 1
596468, 0, 1
596478, 1, 1
596493, 2, 0
596496, 3, 1
596643, 0, 0
596653, 1, 1
596668, 2, 1
596671, 3, 1
596818, 0, bit 1
596818, 0, 1
596828, 1, 0
596843, 2, 0
596846, 3, 0
596993, 0, 0
597003, 1, 0
597018, 2, 1
597021, 3, 0
597168, 0, 0
597178, 1, 1
597193, 2, 0
597196, 3, 0
597343, 0, 1
597353, 1, bit 0
597353, 1, 1
597368, 2, 1
597371, 3, 0
597518, 0, 1
597528, 1, 0
597543, 2, 1
597547, 3, 0
597693, 0, 0
597703, 1, 1
597718, 2, 0
597722, 3, 0
597868, 0, 1
597878, 1, 0
597893, 2, 1
597897, 3, 0
598043, 0, 0
598053, 1, 0
598068, 2, 0
598072, 3, 0
598218, 0, 0
598228, 1, 1
598243, 2, bit 1
598243, 2, 0
598247, 3, 0
598393, 0, 1
598403, 1, 1
598418, 2, 1
598422, 3, 0
598568, 0, 0
598578, 1, 0
598593, 2, 1
598597, 3, 0
598743, 0, 1
598753, 1, 1
598768, 2, 0
598772, 3, 0
598918, 0, 1
598928, 1, 0
598943, 2, 1
598947, 3, 0
599093, 0, 0
599103, 1, 0
599118, 2, 0
599122, 3, 0
599268, 0, bit 1
599268, 0, 1
599278, 1, 1
599293, 2, 1
599297, 3, 0
599443, 0, 0
599453, 1, 1
599468, 2, 0
599472, 3, 0
599618, 0, 0
599628, 1, 0
599643, 2, 1
599647, 3, prem 1
599647, 3, 1
599793, 0, 1
599803, 1, bit 0
599803, 1, 1
599818, 2, 0
599822, 3, 1
599968, 0, 1
599979, 1, 0
599993, 2, 0
599997, 3, 1
600143, 0, 0
600154, 1, 1
600168, 2, 1
600172, 3, 1
600318, 0, 1
600329, 1, 0
600343, 2, 0
600347, 3, 1
600493, 0, 0
600504, 1, 0
600518, 2, 1
600522, 3, 1
600668, 0, 0
600679, 1, 1
600693, 2, bit 1
600693, 2, 0
600697, 3, 1
600843, 0, 1
600854, 1, 1
600868, 2, 1
600872, 3, 1
601018, 0, 0
601029, 1, 0
601043, 2, 1
601047, 3, 1
601193, 0, 1
601204, 1, 1
601218, 2, 0
601222, 3, 1
601368, 0, 1
601379, 1, 0
601393, 2, 1
601397, 3, 1
601543, 0, 0
601554, 1, 0
601568, 2, 0
601572, 3, 1
601718, 0, bit 1
601718, 0, 1
601729, 1, 1
601743, 2, 1
601747, 3, 1
601893, 0, 0
601904, 1, 1
601918, 2, 0
601922, 3, 1
602068, 0, 0
602079, 1, 0
602093, 2, 1
602097, 3, 1
602243, 0, 1
602254, 1, bit 1
602257, 1, 0
602268, 2, 0
602272, 3, 1
602418, 0, 1
602429, 1, 1
602443, 2, 0
602447, 3, 0
602593, 0, 0
602604, 1, 0
602618, 2, 1
602622, 3, 0
602768, 0, 1
602779, 1, 1
602793, 2, 0
602797, 3, 0
602943, 0, 0
602954, 1, 1
602968, 2, 1
602972, 3, 0
603118, 0, 0
603129, 1, 0
603143, 2, bit 0
603143, 2, 1
603147, 3, 0
603293, 0, 1
603304, 1, 0
603318, 2, 0
603322, 3, 0
603468, 0, 0
603479, 1, 1
603493, 2, 0
603497, 3, 0
603643, 0, 1
603654, 1, 0
603668, 2, 1
603672, 3, 0
603819, 0, 1
603829, 1, 1
603843, 2, 0
603847, 3, 0
603994, 0, 0
604004, 1, 1
604018, 2, 1
604022, 3, 0
604169, 0, bit 0
604169, 0, 0
604179, 1, 0
604193, 2, 0
604197, 3, 0
604344, 0, 1
604354, 1, 0
604368, 2, 1
604372, 3, 0
604519, 0, 1
604529, 1, 1
604544, 2, 0
604547, 3, 0
604694, 0, 0
604704, 1, bit 1
604704, 1, 0
604719, 2, 1
604722, 3, 0
604869, 0, 0
604879, 1, 1
604894, 2, 1
604897, 3, 0
605044, 0, 1
605054, 1, 0
605069, 2, 0
605072, 3, 0
605219, 0, 0
605229, 1, 1
605244, 2, 1
605247, 3, prem 0
605247, 3, 0
605394, 0, 1
605404, 1, 1
605419, 2, 0
605422, 3, 0
605569, 0, 1
605579, 1, 0
605594, 2, bit 0
605594, 2, 1
605597, 3, 0
605744, 0, 0
605754, 1, 0
605769, 2, 0
605772, 3, 0
605919, 0, 1
605929, 1, 1
605944, 2, 0
605947, 3, 0
606094, 0, 0
606104, 1, 0
606119, 2, 1
606123, 3, 0
606269, 0, 0
606279, 1, 1
606294, 2, 0
606298, 3, 0
606444, 0, 1
606454, 1, 1
606469, 2, 1
606473, 3, 0
606619, 0, bit 1
606619, 0, 1
606629, 1, 0
606644, 2, 0
606648, 3, 0
606794, 0, 0
606804, 1, 0
606819, 2, 1
606823, 3, 0
606969, 0, 0
606979, 1, 1
606994, 2, 0
606998, 3, 0
607144, 0, 1
607154, 1, bit 1
607154, 1, 0
607169, 2, 1
607173, 3, 0
607319, 0, 1
607329, 1, 1
607344, 2, 1
607348, 3, 0
607494, 0, 0
607504, 1, 0
607519, 2, 0
607523, 3, 0
607669, 0, 1
607679, 1, 1
607694, 2, 1
607698, 3, 0
607844, 0, 0
607854, 1, 1
607869, 2, 0
607873, 3, 0
608019, 0, 0
608029, 1, 0
608044, 2, bit 0
608044, 2, 1
608048, 3, 1
608194, 0, 1
608204, 1, 0
608219, 2, 0
608223, 3, 1
608369, 0, 0
608379, 1, 1
608394, 2, 0
608398, 3, 1
608544, 0, 1
608555, 1, 0
608569, 2, 1
608573, 3, 1
608719, 0, 1
608730, 1, 1
608744, 2, 0
608748, 3, 1
608894, 0, 0
608905, 1, 1
608919, 2, 1
608923, 3, 1
609069, 0, bit 0
609069, 0, 0
609080, 1, 0
609094, 2, 0
609098, 3, 1
609244, 0, 1
609255, 1, 0
609269, 2, 1
609273, 3, 1
609419, 0, 1
609430, 1, 1
609444, 2, 0
609448, 3, 1
609594, 0, 0
609605, 1, bit 1
609605, 1, 0
609619, 2, 1
609623, 3, 1
609769, 0, 0
609780, 1, 1
609794, 2, 1
609798, 3, 1
609944, 0, 1
609955, 1, 0
609969, 2, 0
609973, 3, 1
610119, 0, 0
610130, 1, 1
610144, 2, 1
610148, 3, 1
610294, 0, 1
610305, 1, 1
610319, 2, 0
610323, 3, 1
610469, 0, 1
610480, 1, 0
610494, 2, bit 0
610494, 2, 1
610498, 3, 1
610644, 0, 0
610655, 1, 0
610669, 2, 0
610673, 3, 1
610819, 0, 1
610830, 1, 1
610844, 2, 0
610848, 3, prem 1
610848, 3, 1
610994, 0, 0
611005, 1, 0
611019, 2, 1
611023, 3, 1
611169, 0, 0
611180, 1, 1
611194, 2, 0
611198, 3, 1
611344, 0, 1
611355, 1, 1
611369, 2, 1
611373, 3, 1
611519, 0, bit 1
611519, 0, 1
611530, 1, 0
611544, 2, 0
611548, 3, 1
611694, 0, 0
611705, 1, 0
611719, 2, 1
611723, 3, 1
611869, 0, 0
611880, 1, 1
611894, 2, 0
611898, 3, 1
612044, 0, 1
612055, 1, bit 1
612055, 1, 0
612069, 2, 1
612073, 3, 1
612219, 0, 1
612230, 1, 1
612244, 2, 1
612248, 3, 1
612395, 0, 0
612405, 1, 0
612419, 2, 0
612423, 3, 1
612570, 0, 1
612580, 1, 1
612594, 2, 1
612598, 3, 1
612745, 0, 0
612755, 1, 1
612769, 2, 0
612773, 3, 1
612920, 0, 0
612930, 1, 0
612944, 2, bit 1
612944, 2, 0
612948, 3, 1
613095, 0, 1
613105, 1, 0
613120, 2, 1
613123, 3, 1
613270, 0, 0
613280, 1, 1
613295, 2, 1
613298, 3, 1
613445, 0, 1
613455, 1, 0
613470, 2, 0
613473, 3, 1
613620, 0, 1
613630, 1, 1
613645, 2, 1
613648, 3, 0
613795, 0, 0
613805, 1, 1
613820, 2, 0
613823, 3, 0
613970, 0, bit 1
613970, 0, 1
613980, 1, 0
613995, 2, 1
613998, 3, 0
614145, 0, 0
614155, 1, 0
614170, 2, 0
614173, 3, 0
614320, 0, 0
614330, 1, 1
614345, 2, 1
614348, 3, 0
614495, 0, 1
614505, 1, bit 0
614505, 1, 1
614520, 2, 0
614523, 3, 0
614670, 0, 1
614680, 1, 0
614695, 2, 0
614699, 3, 0
614845, 0, 0
614855, 1, 1
614870, 2, 1
614874, 3, 0
615020, 0, 1
615030, 1, 0
615045, 2, 0
615049, 3, 0
615195, 0, 0
615205, 1, 0
615220, 2, 1
615224, 3, 0
615370, 0, 0
615380, 1, 1
615395, 2, bit 0
615395, 2, 1
615399, 3, 0
615545, 0, 1
615555, 1, 1
615570, 2, 0
615574, 3, 0
615720, 0, 0
615730, 1, 0
615745, 2, 0
615749, 3, 0
615895, 0, 1
615905, 1, 1
615920, 2, 1
615924, 3, 0
616070, 0, 1
616080, 1, 0
616095, 2, 0
616099, 3, 0
616245, 0, 0
616255, 1, 0
616270, 2, 1
616274, 3, 0
616420, 0, bit 0
616420, 0, 0
616430, 1, 1
616445, 2, 0
616449, 3, prem 1
616449, 3, 1
616595, 0, 1
616605, 1, 1
616620, 2, 1
616624, 3, 1
616770, 0, 1
616780, 1, 0
616795, 2, 0
616799, 3, 1
616945, 0, 0
616955, 1, bit 0
616955, 1, 1
616970, 2, 1
616974, 3, 1
617120, 0, 0
617131, 1, 0
617145, 2, 1
617149, 3, 1
617295, 0, 1
617306, 1, 1
617320, 2, 0
617324, 3, 1
617470, 0, 0
617481, 1, 0
617495, 2, 1
617499, 3, 1
617645, 0, 1
617656, 1, 0
617670, 2, 0
617674, 3, 1
617820, 0, 1
617831, 1, 1
617845, 2, bit 1
617845, 2, 0
617849, 3, 1
617995, 0, 0
618006, 1, 1
618020, 2, 1
618024, 3, 1
618170, 0, 1
618181, 1, 0
618195, 2, 1
618199, 3, 1
618345, 0, 0
618356, 1, 1
618370, 2, 0
618374, 3, 1
618520, 0, 0
618531, 1, 0
618545, 2, 1
618549, 3, 1
618695, 0, 1
618706, 1, 0
618720, 2, 0
618724, 3, 1
618870, 0, bit 1
618870, 0, 1
618881, 1, 1
618895, 2, 1
618899, 3, 1
619045, 0, 0
619056, 1, 1
619070, 2, 0
619074, 3, 1
619220, 0, 0
619231, 1, 0
619245, 2, 1
619249, 3, 0
619395, 0, 1
619406, 1, bit 0
619406, 1, 1
619420, 2, 0
619424, 3, 0
619570, 0, 1
619581, 1, 0
619595, 2, 0
619599, 3, 0
619745, 0, 0
619756, 1, 1
619770, 2, 1
619774, 3, 0
619920, 0, 1
619931, 1, 0
619945, 2, 0
619949, 3, 0
620095, 0, 0
620106, 1, 0
620120, 2, 1
620124, 3, 0
620270, 0, 0
620281, 1, 1
620295, 2, bit 1
620295, 2, 0
620299, 3, 0
620445, 0, 1
620456, 1, 1
620470, 2, 1
620474, 3, 0
620620, 0, 0
620631, 1, 0
620645, 2, 1
620649, 3, 0
620795, 0, 1
620806, 1, 1
620820, 2, 0
620824, 3, 0
620971, 0, 1
620981, 1, 0
620995, 2, 1
620999, 3, 0
621146, 0, 0
621156, 1, 0
621170, 2, 0
621174, 3, 0
621321, 0, bit 1
621321, 0, 1
621331, 1, 1
621345, 2, 1
621349, 3, 0
621496, 0, 0
621506, 1, 1
621520, 2, 0
621531, 3, 0
621671, 0, 0
621681, 1, 0
621696, 2, 1
621706, 3, 0
621846, 0, 1
621856, 1, bit 0
621856, 1, 1
621871, 2, 0
621881, 3, 0
622021, 0, 1
622031, 1, 0
622046, 2, 0
622056, 3, prem 1
622056, 3, 1
622196, 0, 0
622206, 1, 1
622221, 2, 1
622231, 3, 1
622371, 0, 1
622381, 1, 0
622396, 2, 0
622406, 3, 1
622546, 0, 0
622556, 1, 0
622571, 2, 1
622581, 3, 1
622721, 0, 0
622731, 1, 1
622746, 2, bit 0
622746, 2, 1
622756, 3, 1
622896, 0, 1
622906, 1, 1
622921, 2, 0
622931, 3, 1
623071, 0, 0
623081, 1, 0
623096, 2, 0
623106, 3, 1
623246, 0, 1
623256, 1, 1
623271, 2, 1
623281, 3, 1
623421, 0, 1
623431, 1, 0
623446, 2, 0
623456, 3, 1
623596, 0, 0
623606, 1, 0
623621, 2, 1
623631, 3, 1
623771, 0, bit 0
623771, 0, 0
623781, 1, 1
623796, 2, 0
623806, 3, 1
623946, 0, 1
623956, 1, 1
623971, 2, 1
623981, 3, 1
624121, 0, 1
624131, 1, 0
624146, 2, 0
624156, 3, 1
624296, 0, 0
624306, 1, bit 1
624306, 1, 0
624321, 2, 1
624331, 3, 1
624471, 0, 0
624481, 1, 1
624496, 2, 1
624506, 3, 1
624646, 0, 1
624656, 1, 0
624671, 2, 0
624681, 3, 1
624821, 0, 0
624831, 1, 1
624846, 2, 1
624856, 3, 0
624996, 0, 1
625006, 1, 1
625021, 2, 0
625031, 3, 0
625171, 0, 1
625181, 1, 0
625196, 2, bit 1
625196, 2, 0
625206, 3, 0
625346, 0, 0
625356, 1, 0
625371, 2, 1
625381, 3, 0
625521, 0, 1
625531, 1, 1
625546, 2, 1
625556, 3, 0
625696, 0, 0
625707, 1, 0
625721, 2, 0
625731, 3, 0
625871, 0, 0
625882, 1, 1
625896, 2, 1
625906, 3, 0
626046, 0, 1
626057, 1, 1
626071, 2, 0
626081, 3, 0
626221, 0, bit 0
626221, 0, 0
626232, 1, 0
626246, 2, 1
626256, 3, 0
626396, 0, 1
626407, 1, 0
626421, 2, 0
626432, 3, 0
626571, 0, 1
626582, 1, 1
626596, 2, 1
626607, 3, 0
626746, 0, 0
626757, 1, bit 0
626757, 1, 1
626771, 2, 0
626782, 3, 0
626921, 0, 0
626932, 1, 0
626946, 2, 0
626957, 3, 0
627096, 0, 1
627107, 1, 1
627121, 2, 1
627132, 3, 0
627271, 0, 0
627282, 1, 0
627296, 2, 0
627307, 3, 0
627446, 0, 1
627457, 1, 0
627471, 2, 1
627482, 3, 0
627621, 0, 1
627632, 1, 1
627646, 2, bit 0
627646, 2, 1
627657, 3, bit 1
627657, 3, 1
627796, 0, 0
627807, 1, 1
627821, 2, 0
627832, 3, 0
627971, 0, 1
627982, 1, 0
627996, 2, 0
628007, 3, 1
628146, 0, 0
628157, 1, 1
628171, 2, 1
628182, 3, 0
628321, 0, 0
628332, 1, 0
628346, 2, 0
628357, 3, 1
628496, 0, 1
628507, 1, 0
628521, 2, 1
628532, 3, 0
628671, 0, bit 1
628671, 0, 1
628682, 1, 1
628696, 2, 0
628707, 3, 0
628846, 0, 0
628857, 1, 1
628871, 2, 1
628882, 3, 1
629021, 0, 0
629032, 1, 0
629046, 2, 0
629057, 3, 1
629196, 0, 1
629207, 1, bit 0
629207, 1, 1
629221, 2, 1
629232, 3, 0
629371, 0, 1
629382, 1, 0
629396, 2, 1
629407, 3, 1
629547, 0, 0
629557, 1, 1
629571, 2, 0
629582, 3, 0
629722, 0, 1
629732, 1, 0
629746, 2, 1
629757, 3, 1
629897, 0, 0
629907, 1, 0
629921, 2, 0
629932, 3, 0
630072, 0, 0
630082, 1, 1
630096, 2, bit 0
630096, 2, 1
630107, 3, bit 0
630107, 3, 0
630247, 0, 1
630257, 1, 1
630272, 2, 0
630282, 3, 1
630422, 0, 0
630432, 1, 0
630447, 2, 0
630457, 3, 0
630597, 0, 1
630607, 1, 1
630622, 2, 1
630632, 3, 1
630772, 0, 1
630782, 1, 0
630797, 2, 0
630807, 3, 0
630947, 0, 0
630957, 1, 0
630972, 2, 1
630982, 3, 1
631122, 0, bit 0
631122, 0, 0
631132, 1, 1
631147, 2, 0
631157, 3, 1
631297, 0, 1
631307, 1, 1
631322, 2, 1
631332, 3, 0
631472, 0, 1
631482, 1, 0
631497, 2, 0
631507, 3, 0
631647, 0, 0
631657, 1, bit 1
631657, 1, 0
631672, 2, 1
631682, 3, 1
631822, 0, 0
631832, 1, 1
631847, 2, 1
631857, 3, 0
631997, 0, 1
632007, 1, 0
632022, 2, 0
632032, 3, 1
632172, 0, 0
632182, 1, 1
632197, 2, 1
632207, 3, 0
632347, 0, 1
632357, 1, 1
632372, 2, 0
632382, 3, 1
632522, 0, 1
632532, 1, 0
632547, 2, bit 1
632547, 2, 0
632557, 3, bit 0
632557, 3, 0
632697, 0, 0
632707, 1, 0
632722, 2, 1
632732, 3, 1
632872, 0, 1
632882, 1, 1
632897, 2, 1
632907, 3, 0
633047, 0, 0
633057, 1, 0
633072, 2, 0
633082, 3, 1
633222, 0, 0
633232, 1, 1
633247, 2, 1
633257, 3, 0
633397, 0, 1
633407, 1, 1
633422, 2, 0
633432, 3, 1
633572, 0, bit 1
633572, 0, 1
633582, 1, 0
633597, 2, 1
633607, 3, 1
633747, 0, 0
633757, 1, 0
633772, 2, 0
633782, 3, 0
633922, 0, 0
633932, 1, 1
633947, 2, 1
633957, 3, 0
634097, 0, 1
634107, 1, bit 1
634107, 1, 0
634122, 2, 0
634132, 3, 1
634272, 0, 1
634283, 1, 1
634297, 2, 0
634307, 3, 0
634447, 0, 0
634458, 1, 0
634472, 2, 1
634482, 3, 1
634622, 0, 1
634633, 1, 1
634647, 2, 0
634657, 3, 0
634797, 0, 0
634808, 1, 1
634822, 2, 1
634832, 3, 1
634972, 0, 0
634983, 1, 0
634997, 2, bit 1
634997, 2, 0
635008, 3, bit 0
635008, 3, 0
635147, 0, 1
635158, 1, 0
635172, 2, 1
635183, 3, 1
635322, 0, 0
635333, 1, 1
635347, 2, 1
635358, 3, 0
635497, 0, 1
635508, 1, 0
635522, 2, 0
635533, 3, 1
635672, 0, 1
635683, 1, 1
635697, 2, 1
635708, 3, 0
635847, 0, 0
635858, 1, 1
635872, 2, 0
635883, 3, 1
636022, 0, bit 0
636022, 0, 0
636033, 1, 0
636047, 2, 1
636058, 3, 1
636197, 0, 1
636208, 1, 0
636222, 2, 0
636233, 3, 0
636372, 0, 1
636383, 1, 1
636397, 2, 1
636408, 3, 0
636547, 0, 0
636558, 1, bit 0
636558, 1, 1
636572, 2, 0
636583, 3, 1
636722, 0, 0
636733, 1, 0
636747, 2, 0
636758, 3, 0
636897, 0, 1
636908, 1, 1
636922, 2, 1
636933, 3, 1
637072, 0, 0
637083, 1, 0
637097, 2, 0
637108, 3, 0
637247, 0, 1
637258, 1, 0
637272, 2, 1
637283, 3, 1
637422, 0, 1
637433, 1, 1
637447, 2, bit 0
637447, 2, 1
637458, 3, bit 0
637458, 3, 0
637597, 0, 0
637608, 1, 1
637622, 2, 0
637633, 3, 1
637772, 0, 1
637783, 1, 0
637797, 2, 0
637808, 3, 0
637947, 0, 0
637958, 1, 1
637972, 2, 1
637983, 3, 1
638123, 0, 0
638133, 1, 0
638147, 2, 0
638158, 3, 0
638298, 0, 1
638308, 1, 0
638322, 2, 1
638333, 3, 1
638473, 0, bit 1
638473, 0, 1
638483, 1, 1
638497, 2, 0
638508, 3, 1
638648, 0, 0
638658, 1, 1
638672, 2, 1
638683, 3, 0
638823, 0, 0
638833, 1, 0
638848, 2, 0
638858, 3, 0
638998, 0, 1
639008, 1, bit 1
639008, 1, 0
639023, 2, 1
639033, 3, 1
639173, 0, 1
639183, 1, 1
639198, 2, 1
639208, 3, 0
639348, 0, 0
639358, 1, 0
639373, 2, 0
639383, 3, 1
639523, 0, 1
639533, 1, 1
639548, 2, 1
639558, 3, 0
639698, 0, 0
639708, 1, 1
639723, 2, 0
639733, 3, 1
639873, 0, 0
639883, 1, 0
639898, 2, bit 0
639898, 2, 1
639908, 3, bit 1
639908, 3, 1
640048, 0, 1
640058, 1, 0
640073, 2, 0
640083, 3, 0
640223, 0, 0
640233, 1, 1
640248, 2, 0
640258, 3, 1
640398, 0, 1
640408, 1, 0
640423, 2, 1
640433, 3, 0
640573, 0, 1
640583, 1, 1
640598, 2, 0
640608, 3, 1
640748, 0, 0
640758, 1, 1
640773, 2, 1
640783, 3, 0
640923, 0, bit 0
640923, 0, 0
640933, 1, 0
640948, 2, 0
640958, 3, 0
641098, 0, 1
641108, 1, 0
641123, 2, 1
641133, 3, 1
641273, 0, 1
641283, 1, 1
641298, 2, 0
641308, 3, 1
641448, 0, 0
641458, 1, bit 0
641458, 1, 1
641473, 2, 1
641483, 3, 0
641623, 0, 0
641633, 1, 0
641648, 2, 1
641658, 3, 1
641798, 0, 1
641808, 1, 1
641823, 2, 0
641833, 3, 0
641973, 0, 0
641983, 1, 0
641998, 2, 1
642008, 3, 1
642148, 0, 1
642158, 1, 0
642173, 2, 0
642183, 3, 0
642323, 0, 1
642333, 1, 1
642348, 2, bit 1
642348, 2, 0
642358, 3, bit 1
642358, 3, 1
642498, 0, 0
642508, 1, 1
642523, 2, 1
642533, 3, 0
642673, 0, 1
642683, 1, 0
642698, 2, 1
642708, 3, 1
642848, 0, 0
642859, 1, 1
642873, 2, 0
642883, 3, 0
643023, 0, 0
643034, 1, 0
643048, 2, 1
643058, 3, 1
643198, 0, 1
643209, 1, 0
643223, 2, 0
643233, 3, 0
643373, 0, bit 0
643373, 0, 0
643384, 1, 1
643398, 2, 1
643408, 3, 0
643548, 0, 1
643559, 1, 1
643573, 2, 0
643584, 3, 1
643723, 0, 1
643734, 1, 0
643748, 2, 1
643759, 3, 1
643898, 0, 0
643909, 1, bit 1
643909, 1, 0
643923, 2, 0
643934, 3, 0
644073, 0, 0
644084, 1, 1
644098, 2, 0
644109, 3, 1
644248, 0, 1
644259, 1, 0
644273, 2, 1
644284, 3, 0
644423, 0, 0
644434, 1, 1
644448, 2, 0
644459, 3, 1
644598, 0, 1
644609, 1, 1
644623, 2, 1
644634, 3, 0
644773, 0, 1
644784, 1, 0
644798, 2, bit 0
644798, 2, 1
644809, 3, bit 0
644809, 3, 0
644948, 0, 0
644959, 1, 0
644973, 2, 0
644984, 3, 1
645123, 0, 1
645134, 1, 1
645148, 2, 0
645159, 3, 0
645298, 0, 0
645309, 1, 0
645323, 2, 1
645334, 3, 1
645473, 0, 0
645484, 1, 1
645498, 2, 0
645509, 3, 0
645648, 0, 1
645659, 1, 1
645673, 2, 1
645684, 3, 1
645823, 0, bit 0
645823, 0, 0
645834, 1, 0
645848, 2, 0
645859, 3, 1
645998, 0, 1
646009, 1, 0
646023, 2, 1
646034, 3, 0
646173, 0, 1
646184, 1, 1
646198, 2, 0
646209, 3, 0
646348, 0, 0
646359, 1, bit 1
646359, 1, 0
646373, 2, 1
646384, 3, 1
646523, 0, 0
646534, 1, 1
646548, 2, 1
646559, 3, 0
646699, 0, 1
646709, 1, 0
646723, 2, 0
646734, 3, 1
646874, 0, 0
646884, 1, 1
646898, 2, 1
646909, 3, 0
647049, 0, 1
647059, 1, 1
647073, 2, 0
647084, 3, 1
647224, 0, 1
647234, 1, 0
647248, 2, bit 1
647248, 2, 0
647259, 3, bit 1
647259, 3, 1
647399, 0, 0
647409, 1, 0
647424, 2, 1
647434, 3, 0
647574, 0, 1
647584, 1, 1
647599, 2, 1
647609, 3, 1
647749, 0, 0
647759, 1, 0
647774, 2, 0
647784, 3, 0
647924, 0, 0
647934, 1, 1
647949, 2, 1
647959, 3, 1
648099, 0, 1
648109, 1, 1
648124, 2, 0
648134, 3, 0
648274, 0, bit 1
648274, 0, 1
648284, 1, 0
648299, 2, 1
648309, 3, 0
648449, 0, 0
648459, 1, 0
648474, 2, 0
648484, 3, 1
648624, 0, 0
648634, 1, 1
648649, 2, 1
648659, 3, 1
648799, 0, 1
648809, 1, bit 1
648809, 1, 0
648824, 2, 0
648834, 3, 0
648974, 0, 1
648984, 1, 1
648999, 2, 0
649009, 3, 1
649149, 0, 0
649159, 1, 0
649174, 2, 1
649184, 3, 0
649324, 0, 1
649334, 1, 1
649349, 2, 0
649359, 3, 1
649499, 0, 0
649509, 1, 1
649524, 2, 1
649534, 3, 0
649674, 0, 0
649684, 1, 0
649699, 2, bit 1
649699, 2, 0
649709, 3, bit 0
649709, 3, 0
649849, 0, 1
649859, 1, 0
649874, 2, 1
649884, 3, 1
650024, 0, 0
650034, 1, 1
650049, 2, 1
650059, 3, 0
650199, 0, 1
650209, 1, 0
650224, 2, 0
650234, 3, 1
650374, 0, 1
650384, 1, 1
650399, 2, 1
650409, 3, 0
650549, 0, 0
650559, 1, 1
650574, 2, 0
650584, 3, 1
650724, 0, bit 0
650724, 0, 0
650734, 1, 0
650749, 2, 1
650759, 3, 1
650899, 0, 1
650909, 1, 0
650924, 2, 0
650934, 3, 0
651074, 0, 1
651084, 1, 1
651099, 2, 1
651109, 3, 0
651249, 0, 0
651259, 1, bit 1
651259, 1, 0
651274, 2, 0
651284, 3, 1
651424, 0, 0
651435, 1, 1
651449, 2, 0
651459, 3, 0
651599, 0, 1
651610, 1, 0
651624, 2, 1
651634, 3, 1
651774, 0, 0
651785, 1, 1
651799, 2, 0
651809, 3, 0
651949, 0, 1
651960, 1, 1
651974, 2, 1
651984, 3, 1
652124, 0, 1
652135, 1, 0
652149, 2, bit 1
652149, 2, 0
652160, 3, bit 1
652160, 3, 1
652299, 0, 0
652310, 1, 0
652324, 2, 1
652335, 3, 0
652474, 0, 1
652485, 1, 1
652499, 2, 1
652510, 3, 1
652649, 0, 0
652660, 1, 0
652674, 2, 0
652685, 3, 0
652824, 0, 0
652835, 1, 1
652849, 2, 1
652860, 3, 1
652999, 0, 1
653010, 1, 1
653024, 2, 0
653035, 3, 0
653174, 0, bit 0
653174, 0, 0
653185, 1, 0
653199, 2, 1
653210, 3, 0
653349, 0, 1
653360, 1, 0
653374, 2, 0
653385, 3, 1
653524, 0, 1
653535, 1, 1
653549, 2, 1
653560, 3, 1
653699, 0, 0
653710, 1, bit 0
653710, 1, 1
653724, 2, 0
653735, 3, 0
653874, 0, 0
653885, 1, 0
653899, 2, 0
653910, 3, 1
654049, 0, 1
654060, 1, 1
654074, 2, 1
654085, 3, 0
654224, 0, 0
654235, 1, 0
654249, 2, 0
654260, 3, 1
654399, 0, 1
654410, 1, 0
654424, 2, 1
654435, 3, 0
654574, 0, 1
654585, 1, 1
654599, 2, bit 1
654599, 2, 0
654610, 3, bit 1
654610, 3, 1
654749, 0, 0
654760, 1, 1
654774, 2, 1
654785, 3, 0
654924, 0, 1
654935, 1, 0
654949, 2, 1
654960, 3, 1
655099, 0, 0
655110, 1, 1
655124, 2, 0
655135, 3, 0
655275, 0, 0
655285, 1, 0
655299, 2, 1
655310, 3, 1
655450, 0, 1
655460, 1, 0
655474, 2, 0
655485, 3, 0
655625, 0, bit 1
655625, 0, 1
655635, 1, 1
655649, 2, 1
655660, 3, 0
655800, 0, 0
655810, 1, 1
655824, 2, 0
655835, 3, 1
655975, 0, 0
655985, 1, 0
656000, 2, 1
656010, 3, 1
656150, 0, 1
656160, 1, bit 0
656160, 1, 1
656175, 2, 0
656185, 3, 0
656325, 0, 1
656335, 1, 0
656350, 2, 0
656360, 3, 1
656500, 0, 0
656510, 1, 1
656525, 2, 1
656535, 3, 0
656675, 0, 1
656685, 1, 0
656700, 2, 0
656710, 3, 1
656850, 0, 0
656860, 1, 0
656875, 2, 1
656885, 3, 0
657025, 0, 0
657035, 1, 1
657050, 2, bit 1
657050, 2, 0
657060, 3, bit 1
657060, 3, 1
657200, 0, 1
657210, 1, 1
657225, 2, 1
657235, 3, 0
657375, 0, 0
657385, 1, 0
657400, 2, 1
657410, 3, 1
657550, 0, 1
657560, 1, 1
657575, 2, 0
657585, 3, 0
657725, 0, 1
657735, 1, 0
657750, 2, 1
657760, 3, 1
657900, 0, 0
657910, 1, 0
657925, 2, 0
657935, 3, 0
658075, 0, bit 1
658075, 0, 1
658085, 1, 1
658100, 2, 1
658110, 3, 0
658250, 0, 0
658260, 1, 1
658275, 2, 0
658285, 3, 1
658425, 0, 0
658435, 1, 0
658450, 2, 1
658460, 3, 1
658600, 0, 1
658610, 1, bit 1
658610, 1, 0
658625, 2, 0
658635, 3, 0
658775, 0, 1
658785, 1, 1
658800, 2, 0
658810, 3, 1
658950, 0, 0
658960, 1, 0
658975, 2, 1
658985, 3, 0
659125, 0, 1
659135, 1, 1
659150, 2, 0
659160, 3, 1
659300, 0, 0
659310, 1, 1
659325, 2, 1
659335, 3, 0
659475, 0, 0
659485, 1, 0
659500, 2, bit 1
659500, 2, 0
659510, 3, bit 1
659510, 3, 1
659650, 0, 1
659660, 1, 0
659675, 2, 1
659685, 3, 0
659825, 0, 0
659835, 1, 1
659850, 2, 1
659860, 3, 1
660000, 0, 1
660011, 1, 0
660025, 2, 0
660035, 3, 0
660175, 0, 1
660186, 1, 1
660200, 2, 1
660210, 3, 1
660350, 0, 0
660361, 1, 1
660375, 2, 0
660385, 3, 0
660525, 0, bit 1
660525, 0, 1
660536, 1, 0
660550, 2, 1
660560, 3, 0
660700, 0, 0
660711, 1, 0
660725, 2, 0
660736, 3, 1
660875, 0, 0
660886, 1, 1
660900, 2, 1
660911, 3, 1
661050, 0, 1
661061, 1, bit 0
661061, 1, 1
661075, 2, 0
661086, 3, 0
661225, 0, 1
661236, 1, 0
661250, 2, 0
661261, 3, 1
661400, 0, 0
661411, 1, 1
661425, 2, 1
661436, 3, 0
661575, 0, 1
661586, 1, 0
661600, 2, 0
661611, 3, 1
661750, 0, 0
661761, 1, 0
661775, 2, 1
661786, 3, 0
661925, 0, 0
661936, 1, 1
661950, 2, bit 0
661950, 2, 1
661961, 3, bit 0
661961, 3, 0
662100, 0, 1
662111, 1, 1
662125, 2, 0
662136, 3, 1
662275, 0, 0
662286, 1, 0
662300, 2, 0
662311, 3, 0
662450, 0, 1
662461, 1, 1
662475, 2, 1
662486, 3, 1
662625, 0, 1
662636, 1, 0
662650, 2, 0
662661, 3, 0
662800, 0, 0
662811, 1, 0
662825, 2, 1
662836, 3, 1
662975, 0, bit 0
662975, 0, 0
662986, 1, 1
663000, 2, 0
663011, 3, 1
663150, 0, 1
663161, 1, 1
663175, 2, 1
663186, 3, 0
663325, 0, 1
663336, 1, 0
663350, 2, 0
663361, 3, 0
663500, 0, 0
663511, 1, bit 0
663511, 1, 1
663525, 2, 1
663536, 3, 1
663675, 0, 0
663686, 1, 0
663700, 2, 1
663711, 3, 0
663851, 0, 1
663861, 1, 1
663875, 2, 0
663886, 3, 1
664026, 0, 0
664036, 1, 0
664050, 2, 1
664061, 3, 0
664201, 0, 1
664211, 1, 0
664225, 2, 0
664236, 3, 1
664376, 0, 1
664386, 1, 1
664400, 2, bit 0
664400, 2, 1
664411, 3, bit 0
664411, 3, 0
664551, 0, 0
664561, 1, 1
664576, 2, 0
664586, 3, 1
664726, 0, 1
664736, 1, 0
664751, 2, 0
664761, 3, 0
664901, 0, 0
664911, 1, 1
664926, 2, 1
664936, 3, 1
665076, 0, 0
665086, 1, 0
665101, 2, 0
665111, 3, 0
665251, 0, 1
665261, 1, 0
665276, 2, 1
665286, 3, 1
665426, 0, bit 0
665426, 0, 0
665436, 1, 1
665451, 2, 0
665461, 3, 1
665601, 0, 1
665611, 1, 1
665626, 2, 1
665636, 3, 0
665776, 0, 1
665786, 1, 0
665801, 2, 0
665811, 3, 0
665951, 0, 0
665961, 1, bit 1
665961, 1, 0
665976, 2, 1
665986, 3, 1
666126, 0, 0
666136, 1, 1
666151, 2, 1
666161, 3, 0
666301, 0, 1
666311, 1, 0
666326, 2, 0
666336, 3, 1
666476, 0, 0
666486, 1, 1
666501, 2, 1
666511, 3, 0
666651, 0, 1
666661, 1, 1
666676, 2, 0
666686, 3, 1
666826, 0, 1
666836, 1, 0
666851, 2, bit 0
666851, 2, 1
666861, 3, bit 1
666861, 3, 1
667001, 0, 0
667011, 1, 0
667026, 2, 0
667036, 3, 0
667176, 0, 1
667186, 1, 1
667201, 2, 0
667211, 3, 1
667351, 0, 0
667361, 1, 0
667376, 2, 1
667386, 3, 0
667526, 0, 0
667536, 1, 1
667551, 2, 0
667561, 3, 1
667701, 0, 1
667711, 1, 1
667726, 2, 1
667736, 3, 0
667876, 0, bit 0
667876, 0, 0
667886, 1, 0
667901, 2, 0
667911, 3, 0
668051, 0, 1
668061, 1, 0
668076, 2, 1
668086, 3, 1
668226, 0, 1
668236, 1, 1
668251, 2, 0
668261, 3, 1
668401, 0, 0
668411, 1, bit 0
668411, 1, 1
668426, 2, 1
668436, 3, 0
668576, 0, 0
668587, 1, 0
668601, 2, 1
668611, 3, 1
668751, 0, 1
668762, 1, 1
668776, 2, 0
668786, 3, 0
668926, 0, 0
668937, 1, 0
668951, 2, 1
668961, 3, 1
669101, 0, 1
669112, 1, 0
669126, 2, 0
669136, 3, 0
669276, 0, 1
669287, 1, 1
669301, 2, bit 1
669301, 2, 0
669312, 3, bit 1
669312, 3, 1
669451, 0, 0
669462, 1, 1
669476, 2, 1
669487, 3, 0
669626, 0, 1
669637, 1, 0
669651, 2, 1
669662, 3, 1
669801, 0, 0
669812, 1, 1
669826, 2, 0
669837, 3, 0
669976, 0, 0
669987, 1, 0
670001, 2, 1
670012, 3, 1
670151, 0, 1
670162, 1, 0
670176, 2, 0
670187, 3, 0
670326, 0, bit 0
670326, 0, 0
670337, 1, 1
670351, 2, 1
670362, 3, 0
670501, 0, 1
670512, 1, 1
670526, 2, 0
670537, 3, 1
670676, 0, 1
670687, 1, 0
670701, 2, 1
670712, 3, 1
670851, 0, 0
670862, 1, bit 0
670862, 1, 1
670876, 2, 0
670887, 3, 0
671026, 0, 0
671037, 1, 0
671051, 2, 0
671062, 3, 1
671201, 0, 1
671212, 1, 1
671226, 2, 1
671237, 3, 0
671376, 0, 0
671387, 1, 0
671401, 2, 0
671412, 3, 1
671551, 0, 1
671562, 1, 0
671576, 2, 1
671587, 3, 0
671726, 0, 1
671737, 1, 1
671751, 2, bit 1
671751, 2, 0
671762, 3, bit 1
671762, 3, 1
671901, 0, 0
671912, 1, 1
671926, 2, 1
671937, 3, 0
672076, 0, 1
672087, 1, 0
672101, 2, 1
672112, 3, 1
672251, 0, 0
672262, 1, 1
672276, 2, 0
672287, 3, 0
672427, 0, 0
672437, 1, 0
672451, 2, 1
672462, 3, 1
672602, 0, 1
672612, 1, 0
672626, 2, 0
672637, 3, 0
672777, 0, bit 0
672777, 0, 0
672787, 1, 1
672801, 2, 1
672812, 3, 0
672952, 0, 1
672962, 1, 1
672976, 2, 0
672987, 3, 1
673127, 0, 1
673137, 1, 0
673152, 2, 1
673162, 3, 1
673302, 0, 0
673312, 1, bit 1
673312, 1, 0
673327, 2, 0
673337, 3, 0
673477, 0, 0
673487, 1, 1
673502, 2, 0
673512, 3, 1
673652, 0, 1
673662, 1, 0
673677, 2, 1
673687, 3, 0
673827, 0, 0
673837, 1, 1
673852, 2, 0
673862, 3, 1
674002, 0, 1
674012, 1, 1
674027, 2, 1
674037, 3, 0
674177, 0, 1
674187, 1, 0
674202, 2, bit 0
674202, 2, 1
674212, 3, bit 0
674212, 3, 0
674352, 0, 0
674362, 1, 0
674377, 2, 0
674387, 3, 1
674527, 0, 1
674537, 1, 1
674552, 2, 0
674562, 3, 0
674702, 0, 0
674712, 1, 0
674727, 2, 1
674737, 3, 1
674877, 0, 0
674887, 1, 1
674902, 2, 0
674912, 3, 0
675052, 0, 1
675062, 1, 1
675077, 2, 1
675087, 3, 1
675227, 0, bit 0
675227, 0, 0
675237, 1, 0
675252, 2, 0
675262, 3, 1
675402, 0, 1
675412, 1, 0
675427, 2, 1
675437, 3, 0
675577, 0, 1
675587, 1, 1
675602, 2, 0
675612, 3, 0
675752, 0, 0
675762, 1, bit 0
675762, 1, 1
675777, 2, 1
675787, 3, 1
675927, 0, 0
675937, 1, 0
675952, 2, 1
675962, 3, 0
676102, 0, 1
676112, 1, 1
676127, 2, 0
676137, 3, 1
676277, 0, 0
676287, 1, 0
676302, 2, 1
676312, 3, 0
676452, 0, 1
676462, 1, 0
676477, 2, 0
676487, 3, 1
676627, 0, 1
676637, 1, 1
676652, 2, bit 0
676652, 2, 1
676662, 3, bit 1
676662, 3, 1
676802, 0, 0
676812, 1, 1
676827, 2, 0
676837, 3, 0
676977, 0, 1
676987, 1, 0
677002, 2, 0
677012, 3, 1
677152, 0, 0
677163, 1, 1
677177, 2, 1
677187, 3, 0
677327, 0, 0
677338, 1, 0
677352, 2, 0
677362, 3, 1
677502, 0, 1
677513, 1, 0
677527, 2, 1
677537, 3, 0
677677, 0, bit 0
677677, 0, 0
677688, 1, 1
677702, 2, 0
677712, 3, 0
677852, 0, 1
677863, 1, 1
677877, 2, 1
677888, 3, 1
678027, 0, 1
678038, 1, 0
678052, 2, 0
678063, 3, 1
678202, 0, 0
678213, 1, bit 0
678213, 1, 1
678227, 2, 1
678238, 3, 0
678377, 0, 0
678388, 1, 0
678402, 2, 1
678413, 3, 1
678552, 0, 1
678563, 1, 1
678577, 2, 0
678588, 3, 0
678727, 0, 0
678738, 1, 0
678752, 2, 1
678763, 3, 1
678902, 0, 1
678913, 1, 0
678927, 2, 0
678938, 3, 0
679077, 0, 1
679088, 1, 1
679102, 2, bit 0
679102, 2, 1
679113, 3, bit 1
679113, 3, 1
679252, 0, 0
679263, 1, 1
679277, 2, 0
679288, 3, 0
679427, 0, 1
679438, 1, 0
679452, 2, 0
679463, 3, 1
679602, 0, 0
679613, 1, 1
679627, 2, 1
679638, 3, 0
679777, 0, 0
679788, 1, 0
679802, 2, 0
679813, 3, 1
679952, 0, 1
679963, 1, 0
679977, 2, 1
679988, 3, 0
680127, 0, bit 1
680127, 0, 1
680138, 1, 1
680152, 2, 0
680163, 3, 0
680302, 0, 0
680313, 1, 1
680327, 2, 1
680338, 3, 1
680477, 0, 0
680488, 1, 0
680502, 2, 0
680513, 3, 1
680652, 0, 1
680663, 1, bit 1
680663, 1, 0
680677, 2, 1
680688, 3, 0
680827, 0, 1
680838, 1, 1
680852, 2, 1
680863, 3, 1
681003, 0, 0
681013, 1, 0
681027, 2, 0
681038, 3, 0
681178, 0, 1
681188, 1, 1
681202, 2, 1
681213, 3, 1
681353, 0, 0
681363, 1, 1
681377, 2, 0
681388, 3, 0
681528, 0, 0
681538, 1, 0
681552, 2, bit 1
681552, 2, 0
681563, 3, bit 1
681563, 3, 1
681703, 0, 1
681713, 1, 0
681728, 2, 1
681738, 3, 0
681878, 0, 0
681888, 1, 1
681903, 2, 1
681913, 3, 1
682053, 0, 1
682063, 1, 0
682078, 2, 0
682088, 3, 0
682228, 0, 1
682238, 1, 1
682253, 2, 1
682263, 3, 1
682403, 0, 0
682413, 1, 1
682428, 2, 0
682438, 3, 0
682578, 0, bit 1
682578, 0, 1
682588, 1, 0
682603, 2, 1
682613, 3, 0
682753, 0, 0
682763, 1, 0
682778, 2, 0
682788, 3, 1
682928, 0, 0
682938, 1, 1
682953, 2, 1
682963, 3, 1
683103, 0, 1
683113, 1, bit 0
683113, 1, 1
683128, 2, 0
683138, 3, 0
683278, 0, 1
683288, 1, 0
683303, 2, 0
683313, 3, 1
683453, 0, 0
683463, 1, 1
683478, 2, 1
683488, 3, 0
683628, 0, 1
683638, 1, 0
683653, 2, 0
683663, 3, 1
683803, 0, 0
683813, 1, 0
683828, 2, 1
683838, 3, 0
683978, 0, 0
683988, 1, 1
684003, 2, bit 0
684003, 2, 1
684013, 3, bit 0
684013, 3, 0
684153, 0, 1
684163, 1, 1
684178, 2, 0
684188, 3, 1
684328, 0, 0
684338, 1, 0
684353, 2, 0
684363, 3, 0
684503, 0, 1
684513, 1, 1
684528, 2, 1
684538, 3, 1
684678, 0, 1
684688, 1, 0
684703, 2, 0
684713, 3, 0
684853, 0, 0
684863, 1, 0
684878, 2, 1
684888, 3, 1
685028, 0, bit 1
685028, 0, 1
685038, 1, 1
685053, 2, 0
685063, 3, 1
685203, 0, 0
685213, 1, 1
685228, 2, 1
685238, 3, 0
685378, 0, 0
685388, 1, 0
685403, 2, 0
685413, 3, 0
685553, 0, 1
685563, 1, bit 0
685563, 1, 1
685578, 2, 1
685588, 3, 1
685728, 0, 1
685739, 1, 0
685753, 2, 1
685763, 3, 0
685903, 0, 0
685914, 1, 1
685928, 2, 0
685938, 3, 1
686078, 0, 1
686089, 1, 0
686103, 2, 1
686113, 3, 0
686253, 0, 0
686264, 1, 0
686278, 2, 0
686288, 3, 1
686428, 0, 0
686439, 1, 1
686453, 2, bit 1
686453, 2, 0
686464, 3, bit 0
686464, 3, 0
686603, 0, 1
686614, 1, 1
686628, 2, 1
686639, 3, 1
686778, 0, 0
686789, 1, 0
686803, 2, 1
686814, 3, 0
686953, 0, 1
686964, 1, 1
686978, 2, 0
686989, 3, 1
687128, 0, 1
687139, 1, 0
687153, 2, 1
687164, 3, 0
687303, 0, 0
687314, 1, 0
687328, 2, 0
687339, 3, 1
687478, 0, bit 0
687478, 0, 0
687489, 1, 1
687503, 2, 1
687514, 3, 1
687653, 0, 1
687664, 1, 1
687678, 2, 0
687689, 3, 0
687828, 0, 1
687839, 1, 0
687853, 2, 1
687864, 3, 0
688003, 0, 0
688014, 1, bit 1
688014, 1, 0
688028, 2, 0
688039, 3, 1
688178, 0, 0
688189, 1, 1
688203, 2, 0
688214, 3, 0
688353, 0, 1
688364, 1, 0
688378, 2, 1
688389, 3, 1
688528, 0, 0
688539, 1, 1
688553, 2, 0
688564, 3, 0
688703, 0, 1
688714, 1, 1
688728, 2, 1
688739, 3, 1
688878, 0, 1
688889, 1, 0
688903, 2, bit 0
688903, 2, 1
688914, 3, bit 1
688914, 3, 1
689053, 0, 0
689064, 1, 0
689078, 2, 0
689089, 3, 0
689228, 0, 1
689239, 1, 1
689253, 2, 0
689264, 3, 1
689403, 0, 0
689414, 1, 0
689428, 2, 1
689439, 3, 0
689579, 0, 0
689589, 1, 1
689603, 2, 0
689614, 3, 1
689754, 0, 1
689764, 1, 1
689778, 2, 1
689789, 3, 0
689929, 0, bit 0
689929, 0, 0
689939, 1, 0
689953, 2, 0
689964, 3, 0
690104, 0, 1
690114, 1, 0
690128, 2, 1
690139, 3, 1
690279, 0, 1
690289, 1, 1
690304, 2, 0
690314, 3, 1
690454, 0, 0
690464, 1, bit 0
690464, 1, 1
690479, 2, 1
690489, 3, 0
690629, 0, 0
690639, 1, 0
690654, 2, 1
690664, 3, 1
690804, 0, 1
690814, 1, 1
690829, 2, 0
690839, 3, 0
690979, 0, 0
690989, 1, 0
691004, 2, 1
691014, 3, 1
691154, 0, 1
691164, 1, 0
691179, 2, 0
691189, 3, 0
691329, 0, 1
691339, 1, 1
691354, 2, bit 1
691354, 2, 0
691364, 3, bit 0
691364, 3, 0
691504, 0, 0
691514, 1, 1
691529, 2, 1
691539, 3, 1
691679, 0, 1
691689, 1, 0
691704, 2, 1
691714, 3, 0
691854, 0, 0
691864, 1, 1
691879, 2, 0
691889, 3, 1
692029, 0, 0
692039, 1, 0
692054, 2, 1
692064, 3, 0
692204, 0, 1
692214, 1, 0
692229, 2, 0
692239, 3, 1
692379, 0, bit 0
692379, 0, 0
692389, 1, 1
692404, 2, 1
692414, 3, 1
692554, 0, 1
692564, 1, 1
692579, 2, 0
692589, 3, 0
692729, 0, 1
692739, 1, 0
692754, 2, 1
692764, 3, 0
692904, 0, 0
692914, 1, bit 1
692914, 1, 0
692929, 2, 0
692939, 3, 1
693079, 0, 0
693089, 1, 1
693104, 2, 0
693114, 3, 0
693254, 0, 1
693264, 1, 0
693279, 2, 1
693289, 3, 1
693429, 0, 0
693439, 1, 1
693454, 2, 0
693464, 3, 0
693604, 0, 1
693614, 1, 1
693629, 2, 1
693639, 3, 1
693779, 0, 1
693789, 1, 0
693804, 2, bit 1
693804, 2, 0
693814, 3, bit 0
693814, 3, 0
693954, 0, 0
693964, 1, 0
693979, 2, 1
693989, 3, 1
694129, 0, 1
694139, 1, 1
694154, 2, 1
694164, 3, 0
694304, 0, 0
694315, 1, 0
694329, 2, 0
694339, 3, 1
694479, 0, 0
694490, 1, 1
694504, 2, 1
694514, 3, 0
694654, 0, 1
694665, 1, 1
694679, 2, 0
694689, 3, 1
694829, 0, bit 1
694829, 0, 1
694840, 1, 0
694854, 2, 1
694864, 3, 1
695004, 0, 0
695015, 1, 0
695029, 2, 0
695040, 3, 0
695179, 0, 0
695190, 1, 1
695204, 2, 1
695215, 3, 0
695354, 0, 1
695365, 1, bit 1
695365, 1, 0
695379, 2, 0
695390, 3, 1
695529, 0, 1
695540, 1, 1
695554, 2, 0
695565, 3, 0
695704, 0, 0
695715, 1, 0
695729, 2, 1
695740, 3, 1
695879, 0, 1
695890, 1, 1
695904, 2, 0
695915, 3, 0
696054, 0, 0
696065, 1, 1
696079, 2, 1
696090, 3, 1
696229, 0, 0
696240, 1, 0
696254, 2, bit 1
696254, 2, 0
696265, 3, bit 0
696268, 3, 0
696404, 0, 1
696415, 1, 0
696429, 2, 1
696440, 3, 1
696579, 0, 0
696590, 1, 1
696604, 2, 1
696615, 3, 0
696754, 0, 1
696765, 1, 0
696779, 2, 0
696790, 3, 1
696929, 0, 1
696940, 1, 1
696954, 2, 1
696965, 3, 0
697104, 0, 0
697115, 1, 1
697129, 2, 0
697140, 3, 1
697279, 0, bit 0
697279, 0, 0
697290, 1, 0
697304, 2, 1
697315, 3, 1
697454, 0, 1
697465, 1, 0
697479, 2, 0
697490, 3, 0
697629, 0, 1
697640, 1, 1
697654, 2, 1
697665, 3, 0
697804, 0, 0
697815, 1, bit 0
697818, 1, 1
697829, 2, 0
697840, 3, 1
697979, 0, 0
697990, 1, 0
698004, 2, 0
698015, 3, 0
698155, 0, 1
698165, 1, 1
698179, 2, 1
698190, 3, 1
698330, 0, 0
698340, 1, 0
698354, 2, 0
698365, 3, 0
698505, 0, 1
698515, 1, 0
698529, 2, 1
698540, 3, 1
698680, 0, 1
698690, 1, 1
698704, 2, bit 1
698704, 2, 0
698715, 3, bit 1
698715, 3, 1
698855, 0, 0
698865, 1, 1
698880, 2, 1
698890, 3, 0
699030, 0, 1
699040, 1, 0
699055, 2, 1
699065, 3, 1
699205, 0, 0
699215, 1, 1
699230, 2, 0
699240, 3, 0
699380, 0, 0
699390, 1, 0
699405, 2, 1
699415, 3, 1
699555, 0, 1
699565, 1, 0
699580, 2, 0
699590, 3, 0
699730, 0, bit 0
699730, 0, 0
699740, 1, 1
699755, 2, 1
699765, 3, 0
699905, 0, 1
699915, 1, 1
699930, 2, 0
699940, 3, 1
700080, 0, 1
700090, 1, 0
700105, 2, 1
700115, 3, 1
700255, 0, 0
700265, 1, bit 0
700265, 1, 1
700280, 2, 0
700290, 3, 0
700430, 0, 0
700440, 1, 0
700455, 2, 0
700465, 3, 1
700605, 0, 1
700615, 1, 1
700630, 2, 1
700640, 3, 0
700780, 0, 0
700790, 1, 0
700805, 2, 0
700815, 3, 1
700955, 0, 1
700965, 1, 0
700980, 2, 1
700990, 3, 0
701130, 0, 1
701140, 1, 1
701155, 2, bit 0
701155, 2, 1
701165, 3, bit 1
701165, 3, 1
701305, 0, 0
701315, 1, 1
701330, 2, 0
701340, 3, 0
701480, 0, 1
701490, 1, 0
701505, 2, 0
701515, 3, 1
701655, 0, 0
701665, 1, 1
701680, 2, 1
701690, 3, 0
701830, 0, 0
701840, 1, 0
701855, 2, 0
701865, 3, 1
702005, 0, 1
702015, 1, 0
702030, 2, 1
702040, 3, 0
702180, 0, bit 1
702180, 0, 1
702190, 1, 1
702205, 2, 0
702215, 3, 0
702355, 0, 0
702365, 1, 1
702380, 2, 1
702390, 3, 1
702530, 0, 0
702540, 1, 0
702555, 2, 0
702565, 3, 1
702705, 0, 1
702715, 1, bit 1
702715, 1, 0
702730, 2, 1
702740, 3, 0
702880, 0, 1
702891, 1, 1
702905, 2, 1
702915, 3, 1
703055, 0, 0
703066, 1, 0
703080, 2, 0
703090, 3, 0
703230, 0, 1
703241, 1, 1
703255, 2, 1
703265, 3, 1
703405, 0, 0
703416, 1, 1
703430, 2, 0
703440, 3, 0
703580, 0, 0
703591, 1, 0
703605, 2, bit 0
703605, 2, 1
703616, 3, bit 1
703619, 3, 1
703755, 0, 1
703766, 1, 0
703780, 2, 0
703791, 3, 0
703930, 0, 0
703941, 1, 1
703955, 2, 0
703966, 3, 1
704105, 0, 1
704116, 1, 0
704130, 2, 1
704141, 3, 0
704280, 0, 1
704291, 1, 1
704305, 2, 0
704316, 3, 1
704455, 0, 0
704466, 1, 1
704480, 2, 1
704491, 3, 0
704630, 0, bit 0
704630, 0, 0
704641, 1, 0
704655, 2, 0
704666, 3, 0
704805, 0, 1
704816, 1, 0
704830, 2, 1
704841, 3, 1
704980, 0, 1
704991, 1, 1
705005, 2, 0
705016, 3, 1
705155, 0, 0
705166, 1, bit 1
705169, 1, 0
705180, 2, 1
705191, 3, 0
705330, 0, 0
705341, 1, 1
705355, 2, 1
705366, 3, 1
705505, 0, 1
705516, 1, 0
705530, 2, 0
705541, 3, 0
705680, 0, 0
705691, 1, 1
705705, 2, 1
705716, 3, 1
705855, 0, 1
705866, 1, 1
705880, 2, 0
705891, 3, 0
706030, 0, 1
706041, 1, 0
706055, 2, bit 0
706055, 2, 1
706066, 3, bit 0
706066, 3, 0
706205, 0, 0
706216, 1, 0
706230, 2, 0
706241, 3, 1
706380, 0, 1
706391, 1, 1
706405, 2, 0
706416, 3, 0
706555, 0, 0
706566, 1, 0
706580, 2, 1
706591, 3, 1
706731, 0, 0
706741, 1, 1
706755, 2, 0
706766, 3, 0
706906, 0, 1
706916, 1, 1
706930, 2, 1
706941, 3, 1
707081, 0, bit 1
707081, 0, 1
707091, 1, 0
707105, 2, 0
707116, 3, 1
707256, 0, 0
707266, 1, 0
707280, 2, 1
707291, 3, 0
707431, 0, 0
707441, 1, 1
707456, 2, 0
707466, 3, 0
707606, 0, 1
707616, 1, bit 1
707616, 1, 0
707631, 2, 1
707641, 3, 1
707781, 0, 1
707791, 1, 1
707806, 2, 1
707816, 3, 0
707956, 0, 0
707966, 1, 0
707981, 2, 0
707991, 3, 1
708131, 0, 1
708141, 1, 1
708156, 2, 1
708166, 3, 0
708306, 0, 0
708316, 1, 1
708331, 2, 0
708341, 3, 1
708481, 0, 0
708491, 1, 0
708506, 2, bit 0
708506, 2, 1
708516, 3, bit 0
708516, 3, 0
708656, 0, 1
708666, 1, 0
708681, 2, 0
708691, 3, 1
708831, 0, 0
708841, 1, 1
708856, 2, 0
708866, 3, 0
709006, 0, 1
709016, 1, 0
709031, 2, 1
709041, 3, 1
709181, 0, 1
709191, 1, 1
709206, 2, 0
709216, 3, 0
709356, 0, 0
709366, 1, 1
709381, 2, 1
709391, 3, 1
709531, 0, bit 1
709531, 0, 1
709541, 1, 0
709556, 2, 0
709566, 3, 1
709706, 0, 0
709716, 1, 0
709731, 2, 1
709741, 3, 0
709881, 0, 0
709891, 1, 1
709906, 2, 0
709916, 3, 0
710056, 0, 1
710066, 1, bit 1
710066, 1, 0
710081, 2, 1
710091, 3, 1
710231, 0, 1
710241, 1, 1
710256, 2, 1
710266, 3, 0
710406, 0, 0
710416, 1, 0
710431, 2, 0
710441, 3, 1
710581, 0, 1
710591, 1, 1
710606, 2, 1
710616, 3, 0
710756, 0, 0
710766, 1, 1
710781, 2, 0
710791, 3, 1
710931, 0, 0
710941, 1, 0
710956, 2, bit 1
710956, 2, 0
710966, 3, bit 0
710966, 3, 0
711106, 0, 1
711116, 1, 0
711131, 2, 1
711141, 3, 1
711281, 0, 0
711291, 1, 1
711306, 2, 1
711316, 3, 0
711456, 0, 1
711467, 1, 0
711481, 2, 0
711491, 3, 1
711631, 0, 1
711642, 1, 1
711656, 2, 1
711666, 3, 0
711806, 0, 0
711817, 1, 1
711831, 2, 0
711841, 3, 1
711981, 0, bit 1
711981, 0, 1
711992, 1, 0
712006, 2, 1
712016, 3, 1
712156, 0, 0
712167, 1, 0
712181, 2, 0
712192, 3, 0
712331, 0, 0
712342, 1, 1
712356, 2, 1
712367, 3, 0
712506, 0, 1
712517, 1, bit 0
712517, 1, 1
712531, 2, 0
712542, 3, 1
712681, 0, 1
712692, 1, 0
712706, 2, 0
712717, 3, 0
712856, 0, 0
712867, 1, 1
712881, 2, 1
712892, 3, 1
713031, 0, 1
713042, 1, 0
713056, 2, 0
713067, 3, 0
713206, 0, 0
713217, 1, 0
713231, 2, 1
713242, 3, 1
713381, 0, 0
713392, 1, 1
713406, 2, bit 0
713406, 2, 1
713417, 3, bit 0
713417, 3, 0
713556, 0, 1
713567, 1, 1
713581, 2, 0
713592, 3, 1
713731, 0, 0
713742, 1, 0
713756, 2, 0
713767, 3, 0
713906, 0, 1
713917, 1, 1
713931, 2, 1
713942, 3, 1
714081, 0, 1
714092, 1, 0
714106, 2, 0
714117, 3, 0
714256, 0, 0
714267, 1, 0
714281, 2, 1
714292, 3, 1
714431, 0, bit 0
714431, 0, 0
714442, 1, 1
714456, 2, 0
714467, 3, 1
714606, 0, 1
714617, 1, 1
714631, 2, 1
714642, 3, 0
714781, 0, 1
714792, 1, 0
714806, 2, 0
714817, 3, 0
714956, 0, 0
714967, 1, bit 0
714967, 1, 1
714981, 2, 1
714992, 3, 1
715131, 0, 0
715142, 1, 0
715156, 2, 1
715167, 3, 0
715307, 0, 1
715317, 1, 1
715331, 2, 0
715342, 3, 1
715482, 0, 0
715492, 1, 0
715506, 2, 1
715517, 3, 0
715657, 0, 1
715667, 1, 0
715681, 2, 0
715692, 3, 1
715832, 0, 1
715842, 1, 1
715856, 2, bit 1
715856, 2, 0
715867, 3, bit 0
715867, 3, 0
716007, 0, 0
716017, 1, 1
716032, 2, 1
716042, 3, 1
716182, 0, 1
716192, 1, 0
716207, 2, 1
716217, 3, 0
716357, 0, 0
716367, 1, 1
716382, 2, 0
716392, 3, 1
716532, 0, 0
716542, 1, 0
716557, 2, 1
716567, 3, 0
716707, 0, 1
716717, 1, 0
716732, 2, 0
716742, 3, 1
716882, 0, bit 1
716882, 0, 1
716892, 1, 1
716907, 2, 1
716917, 3, 1
717057, 0, 0
717067, 1, 1
717082, 2, 0
717092, 3, 0
717232, 0, 0
717242, 1, 0
717257, 2, 1
717267, 3, 0
717407, 0, 1
717417, 1, bit 1
717417, 1, 0
717432, 2, 0
717442, 3, 1
717582, 0, 1
717592, 1, 1
717607, 2, 0
717617, 3, 0
717757, 0, 0
717767, 1, 0
717782, 2, 1
717792, 3, 1
717932, 0, 1
717942, 1, 1
717957, 2, 0
717967, 3, 0
718107, 0, 0
718117, 1, 1
718132, 2, 1
718142, 3, 1
718282, 0, 0
718292, 1, 0
718307, 2, bit 0
718307, 2, 1
718317, 3, bit 1
718317, 3, 1
718457, 0, 1
718467, 1, 0
718482, 2, 0
718492, 3, 0
718632, 0, 0
718642, 1, 1
718657, 2, 0
718667, 3, 1
718807, 0, 1
718817, 1, 0
718832, 2, 1
718842, 3, 0
718982, 0, 1
718992, 1, 1
719007, 2, 0
719017, 3, 1
719157, 0, 0
719167, 1, 1
719182, 2, 1
719192, 3, 0
719332, 0, bit 0
719332, 0, 0
719342, 1, 0
719357, 2, 0
719367, 3, 0
719507, 0, 1
719517, 1, 0
719532, 2, 1
719542, 3, 1
719682, 0, 1
719692, 1, 1
719707, 2, 0
719717, 3, 1
719857, 0, 0
719867, 1, bit 0
719867, 1, 1
719882, 2, 1
719892, 3, 0
720032, 0, 0
720043, 1, 0
720057, 2, 1
720067, 3, 1
720207, 0, 1
720218, 1, 1
720232, 2, 0
720242, 3, 0
720382, 0, 0
720393, 1, 0
720407, 2, 1
720417, 3, 1
720557, 0, 1
720568, 1, 0
720582, 2, 0
720592, 3, 0
720732, 0, 1
720743, 1, 1
720757, 2, bit 0
720757, 2, 1
720768, 3, bit 0
720768, 3, 0
720907, 0, 0
720918, 1, 1
720932, 2, 0
720943, 3, 1
721082, 0, 1
721093, 1, 0
721107, 2, 0
721118, 3, 0
721257, 0, 0
721268, 1, 1
721282, 2, 1
721293, 3, 1
721432, 0, 0
721443, 1, 0
721457, 2, 0
721468, 3, 0
721607, 0, 1
721618, 1, 0
721632, 2, 1
721643, 3, 1
721782, 0, bit 1
721782, 0, 1
721793, 1, 1
721807, 2, 0
721818, 3, 1
721957, 0, 0
721968, 1, 1
721982, 2, 1
721993, 3, 0
722132, 0, 0
722143, 1, 0
722157, 2, 0
722168, 3, 0
722307, 0, 1
722318, 1, bit 0
722318, 1, 1
722332, 2, 1
722343, 3, 1
722482, 0, 1
722493, 1, 0
722507, 2, 1
722518, 3, 0
722657, 0, 0
722668, 1, 1
722682, 2, 0
722693, 3, 1
722832, 0, 1
722843, 1, 0
722857, 2, 1
722868, 3, 0
723007, 0, 0
723018, 1, 0
723032, 2, 0
723043, 3, 1
723182, 0, 0
723193, 1, 1
723207, 2, bit 0
723207, 2, 1
723218, 3, bit 0
723218, 3, 0
723357, 0, 1
723368, 1, 1
723382, 2, 0
723393, 3, 1
723532, 0, 0
723543, 1, 0
723557, 2, 0
723568, 3, 0
723707, 0, 1
723718, 1, 1
723732, 2, 1
723743, 3, 1
723883, 0, 1
723893, 1, 0
723907, 2, 0
723918, 3, 0
724058, 0, 0
724068, 1, 0
724082, 2, 1
724093, 3, 1
724233, 0, bit 0
724236, 0, 0
724243, 1, 1
724257, 2, 0
724268, 3, 1
724408, 0, 1
724418, 1, 1
724432, 2, 1
724443, 3, 0
724583, 0, 1
724593, 1, 0
724608, 2, 0
724618, 3, 0
724758, 0, 0
724768, 1, bit 1
724768, 1, 0
724783, 2, 1
724793, 3, 1
724933, 0, 0
724943, 1, 1
724958, 2, 1
724968, 3, 0
725108, 0, 1
725118, 1, 0
725133, 2, 0
725143, 3, 1
725283, 0, 0
725293, 1, 1
725308, 2, 1
725318, 3, 0
725458, 0, 1
725468, 1, 1
725483, 2, 0
725493, 3, 1
725633, 0, 1
725643, 1, 0
725658, 2, bit 0
725661, 2, 1
725668, 3, bit 0
725668, 3, 0
725808, 0, 0
725818, 1, 0
725833, 2, 0
725843, 3, 1
725983, 0, 1
725993, 1, 1
726008, 2, 0
726018, 3, 0
726158, 0, 0
726168, 1, 0
726183, 2, 1
726193, 3, 1
726333, 0, 0
726343, 1, 1
726358, 2, 0
726368, 3, 0
726508, 0, 1
726518, 1, 1
726533, 2, 1
726543, 3, 1
726683, 0, bit 0
726683, 0, 0
726693, 1, 0
726708, 2, 0
726718, 3, 1
726858, 0, 1
726868, 1, 0
726883, 2, 1
726893, 3, 0
727033, 0, 1
727043, 1, 1
727058, 2, 0
727068, 3, 0
727208, 0, 0
727218, 1, bit 1
727218, 1, 0
727233, 2, 1
727243, 3, 1
727383, 0, 0
727393, 1, 1
727408, 2, 1
727418, 3, 0
727558, 0, 1
727568, 1, 0
727583, 2, 0
727593, 3, 1
727733, 0, 0
727743, 1, 1
727758, 2, 1
727768, 3, 0
727908, 0, 1
727918, 1, 1
727933, 2, 0
727943, 3, 1
728083, 0, 1
728093, 1, 0
728108, 2, bit 0
728108, 2, 1
728118, 3, bit 0
728118, 3, 0
728258, 0, 0
728268, 1, 0
728283, 2, 0
728293, 3, 1
728433, 0, 1
728443, 1, 1
728458, 2, 0
728468, 3, 0
728608, 0, 0
728619, 1, 0
728633, 2, 1
728643, 3, 1
728783, 0, 0
728794, 1, 1
728808, 2, 0
728818, 3, 0
728958, 0, 1
728969, 1, 1
728983, 2, 1
728993, 3, 1
729133, 0, bit 1
729133, 0, 1
729144, 1, 0
729158, 2, 0
729168, 3, 1
729308, 0, 0
729319, 1, 0
729333, 2, 1
729344, 3, 0
729483, 0, 0
729494, 1, 1
729508, 2, 0
729519, 3, 0
729658, 0, 1
729669, 1, bit 0
729669, 1, 1
729683, 2, 1
729694, 3, 1
729833, 0, 1
729844, 1, 0
729858, 2, 1
729869, 3, 0
730008, 0, 0
730019, 1, 1
730033, 2, 0
730044, 3, 1
730183, 0, 1
730194, 1, 0
730208, 2, 1
730219, 3, 0
730358, 0, 0
730369, 1, 0
730383, 2, 0
730394, 3, 1
730533, 0, 0
730544, 1, 1
730558, 2, bit 1
730558, 2, 0
730569, 3, bit 1
730569, 3, 1
730708, 0, 1
730719, 1, 1
730733, 2, 1
730744, 3, 0
730883, 0, 0
730894, 1, 0
730908, 2, 1
730919, 3, 1
731058, 0, 1
731069, 1, 1
731083, 2, 0
731094, 3, 0
731233, 0, 1
731244, 1, 0
731258, 2, 1
731269, 3, 1
731408, 0, 0
731419, 1, 0
731433, 2, 0
731444, 3, 0
731583, 0, bit 0
731586, 0, 0
731594, 1, 1
731608, 2, 1
731619, 3, 0
731758, 0, 1
731769, 1, 1
731783, 2, 0
731794, 3, 1
731933, 0, 1
731944, 1, 0
731958, 2, 1
731969, 3, 1
732108, 0, 0
732119, 1, bit 1
732119, 1, 0
732133, 2, 0
732144, 3, 0
732283, 0, 0
732294, 1, 1
732308, 2, 0
732319, 3, 1
732459, 0, 1
732469, 1, 0
732483, 2, 1
732494, 3, 0
732634, 0, 0
732644, 1, 1
732658, 2, 0
732669, 3, 1
732809, 0, 1
732819, 1, 1
732833, 2, 1
732844, 3, 0
732984, 0, 1
732994, 1, 0
733008, 2, bit 1
733011, 2, 0
733019, 3, bit 1
733019, 3, 1
733159, 0, 0
733169, 1, 0
733184, 2, 1
733194, 3, 0
733334, 0, 1
733344, 1, 1
733359, 2, 1
733369, 3, 1
733509, 0, 0
733519, 1, 0
733534, 2, 0
733544, 3, 0
733684, 0, 0
733694, 1, 1
733709, 2, 1
733719, 3, 1
733859, 0, 1
733869, 1, 1
733884, 2, 0
733894, 3, 0
734034, 0, bit 1
734034, 0, 1
734044, 1, 0
734059, 2, 1
734069, 3, 0
734209, 0, 0
734219, 1, 0
734234, 2, 0
734244, 3, 1
734384, 0, 0
734394, 1, 1
734409, 2, 1
734419, 3, 1
734559, 0, 1
734569, 1, bit 0
734569, 1, 1
734584, 2, 0
734594, 3, 0
734734, 0, 1
734744, 1, 0
734759, 2, 0
734769, 3, 1
734909, 0, 0
734919, 1, 1
734934, 2, 1
734944, 3, 0
735084, 0, 1
735094, 1, 0
735109, 2, 0
735119, 3, 1
735259, 0, 0
735269, 1, 0
735284, 2, 1
735294, 3, 0
735434, 0, 0
735444, 1, 1
735459, 2, bit 0
735459, 2, 1
735469, 3, bit 1
735469, 3, 1
735609, 0, 1
735619, 1, 1
735634, 2, 0
735644, 3, 0
735784, 0, 0
735794, 1, 0
735809, 2, 0
735819, 3, 1
735959, 0, 1
735969, 1, 1
735984, 2, 1
735994, 3, 0
736134, 0, 1
736144, 1, 0
736159, 2, 0
736169, 3, 1
736309, 0, 0
736319, 1, 0
736334, 2, 1
736344, 3, 0
736484, 0, bit 0
736484, 0, 0
736494, 1, 1
736509, 2, 0
736519, 3, 0
736659, 0, 1
736669, 1, 1
736684, 2, 1
736694, 3, 1
736834, 0, 1
736844, 1, 0
736859, 2, 0
736869, 3, 1
737009, 0, 0
737019, 1, bit 0
737019, 1, 1
737034, 2, 1
737044, 3, 0
737184, 0, 0
737195, 1, 0
737209, 2, 1
737219, 3, 1
737359, 0, 1
737370, 1, 1
737384, 2, 0
737394, 3, 0
737534, 0, 0
737545, 1, 0
737559, 2, 1
737569, 3, 1
737709, 0, 1
737720, 1, 0
737734, 2, 0
737744, 3, 0
737884, 0, 1
737895, 1, 1
737909, 2, bit 1
737909, 2, 0
737920, 3, bit 1
737920, 3, 1
738059, 0, 0
738070, 1, 1
738084, 2, 1
738095, 3, 0
738234, 0, 1
738245, 1, 0
738259, 2, 1
738270, 3, 1
738409, 0, 0
738420, 1, 1
738434, 2, 0
738445, 3, 0
738584, 0, 0
738595, 1, 0
738609, 2, 1
738620, 3, 1
738759, 0, 1
738770, 1, 0
738784, 2, 0
738795, 3, 0
738934, 0, bit 0
738934, 0, 0
738945, 1, 1
738959, 2, 1
738970, 3, 0
739109, 0, 1
739120, 1, 1
739134, 2, 0
739145, 3, 1
739284, 0, 1
739295, 1, 0
739309, 2, 1
739320, 3, 1
739459, 0, 0
739470, 1, bit 1
739470, 1, 0
739484, 2, 0
739495, 3, 0
739634, 0, 0
739645, 1, 1
739659, 2, 0
739670, 3, 1
739809, 0, 1
739820, 1, 0
739834, 2, 1
739845, 3, 0
739984, 0, 0
739995, 1, 1
740009, 2, 0
740020, 3, 1
740159, 0, 1
740170, 1, 1
740184, 2, 1
740195, 3, 0
740334, 0, 1
740345, 1, 0
740359, 2, bit 0
740359, 2, 1
740370, 3, bit 0
740370, 3, 0
740509, 0, 0
740520, 1, 0
740534, 2, 0
740545, 3, 1
740684, 0, 1
740695, 1, 1
740709, 2, 0
740720, 3, 0
740859, 0, 0
740870, 1, 0
740884, 2, 1
740895, 3, 1
741035, 0, 0
741045, 1, 1
741059, 2, 0
741070, 3, 0
741210, 0, 1
741220, 1, 1
741234, 2, 1
741245, 3, 1
741385, 0, bit 0
741385, 0, 0
741395, 1, 0
741409, 2, 0
741420, 3, 1
741560, 0, 1
741570, 1, 0
741584, 2, 1
741595, 3, 0
741735, 0, 1
741745, 1, 1
741760, 2, 0
741770, 3, 0
741910, 0, 0
741920, 1, bit 0
741920, 1, 1
741935, 2, 1
741945, 3, 1
742085, 0, 0
742095, 1, 0
742110, 2, 1
742120, 3, 0
742260, 0, 1
742270, 1, 1
742285, 2, 0
742295, 3, 1
742435, 0, 0
742445, 1, 0
742460, 2, 1
742470, 3, 0
742610, 0, 1
742620, 1, 0
742635, 2, 0
742645, 3, 1
742785, 0, 1
742795, 1, 1
742810, 2, bit 0
742810, 2, 1
742820, 3, bit 1
742820, 3, 1
742960, 0, 0
742970, 1, 1
742985, 2, 0
742995, 3, 0
743135, 0, 1
743145, 1, 0
743160, 2, 0
743170, 3, 1
743310, 0, 0
743320, 1, 1
743335, 2, 1
743345, 3, 0
743485, 0, 0
743495, 1, 0
743510, 2, 0
743520, 3, 1
743660, 0, 1
743670, 1, 0
743685, 2, 1
743695, 3, 0
743835, 0, bit 1
743835, 0, 1
743845, 1, 1
743860, 2, 0
743870, 3, 0
744010, 0, 0
744020, 1, 1
744035, 2, 1
744045, 3, 1
744185, 0, 0
744195, 1, 0
744210, 2, 0
744220, 3, 1
744360, 0, 1
744370, 1, bit 1
744370, 1, 0
744385, 2, 1
744395, 3, 0
744535, 0, 1
744545, 1, 1
744560, 2, 1
744570, 3, 1
744710, 0, 0
744720, 1, 0
744735, 2, 0
744745, 3, 0
744885, 0, 1
744895, 1, 1
744910, 2, 1
744920, 3, 1
745060, 0, 0
745070, 1, 1
745085, 2, 0
745095, 3, 0
745235, 0, 0
745245, 1, 0
745260, 2, bit 0
745260, 2, 1
745270, 3, bit 0
745270, 3, 0
745410, 0, 1
745420, 1, 0
745435, 2, 0
745445, 3, 1
745585, 0, 0
745595, 1, 1
745610, 2, 0
745620, 3, 0
745760, 0, 1
745771, 1, 0
745785, 2, 1
745795, 3, 1
745935, 0, 1
745946, 1, 1
745960, 2, 0
745970, 3, 0
746110, 0, 0
746121, 1, 1
746135, 2, 1
746145, 3, 1
746285, 0, bit 1
746285, 0, 1
746296, 1, 0
746310, 2, 0
746320, 3, 1
746460, 0, 0
746471, 1, 0
746485, 2, 1
746496, 3, 0
746635, 0, 0
746646, 1, 1
746660, 2, 0
746671, 3, 0
746810, 0, 1
746821, 1, bit 0
746821, 1, 1
746835, 2, 1
746846, 3, 1
746985, 0, 1
746996, 1, 0
747010, 2, 1
747021, 3, 0
747160, 0, 0
747171, 1, 1
747185, 2, 0
747196, 3, 1
747335, 0, 1
747346, 1, 0
747360, 2, 1
747371, 3, 0
747510, 0, 0
747521, 1, 0
747535, 2, 0
747546, 3, 1
747685, 0, 0
747696, 1, 1
747710, 2, bit 1
747710, 2, 0
747721, 3, bit 1
747721, 3, 1
747860, 0, 1
747871, 1, 1
747885, 2, 1
747896, 3, 0
748035, 0, 0
748046, 1, 0
748060, 2, 1
748071, 3, 1
748210, 0, 1
748221, 1, 1
748235, 2, 0
748246, 3, 0
748385, 0, 1
748396, 1, 0
748410, 2, 1
748421, 3, 1
748560, 0, 0
748571, 1, 0
748585, 2, 0
748596, 3, 0
748746, 1, 1
748760, 2, 1
748771, 3, 0
748921, 1, 1
748935, 2, 0
748946, 3, 1
749096, 1, 0
749110, 2, 1
749121, 3, 1
749271, 1, bit 0
749271, 1, 1
749285, 2, 0
749296, 3, 0
749446, 1, 0
749460, 2, 0
749471, 3, 1
749621, 1, 1
749635, 2, 1
749646, 3, 0
749796, 1, 0
749810, 2, 0
749821, 3, 1
749971, 1, 0
749985, 2, 1
749996, 3, 0
750146, 1, 1
750160, 2, bit 1
750160, 2, 0
750171, 3, bit 1
750171, 3, 1
750321, 1, 1
750336, 2, 1
750346, 3, 0
750496, 1, 0
750511, 2, 1
750521, 3, 1
750671, 1, 1
750686, 2, 0
750696, 3, 0
750846, 1, 0
750861, 2, 1
750871, 3, 1
751021, 1, 0
751036, 2, 0
751046, 3, 0
751196, 1, 1
751211, 2, 1
751221, 3, 0
751371, 1, 1
751386, 2, 0
751396, 3, 1
751546, 1, 0
751561, 2, 1
751571, 3, 1
751721, 1, bit 0
751721, 1, 1
751736, 2, 0
751746, 3, 0
751896, 1, 0
751911, 2, 0
751921, 3, 1
752071, 1, 1
752086, 2, 1
752096, 3, 0
752246, 1, 0
752261, 2, 0
752271, 3, 1
752421, 1, 0
752436, 2, 1
752446, 3, 0
752596, 1, 1
752611, 2, bit 1
752611, 2, 0
752621, 3, bit 0
752621, 3, 0
752771, 1, 1
752786, 2, 1
752796, 3, 1
752946, 1, 0
752961, 2, 1
752971, 3, 0
753121, 1, 1
753136, 2, 0
753146, 3, 1
753296, 1, 0
753311, 2, 1
753321, 3, 0
753471, 1, 0
753486, 2, 0
753496, 3, 1
753646, 1, 1
753661, 2, 1
753671, 3, 1
753821, 1, 1
753836, 2, 0
753846, 3, 0
753996, 1, 0
754011, 2, 1
754021, 3, 0
754171, 1, bit 1
754171, 1, 0
754186, 2, 0
754196, 3, 1
754347, 1, 1
754361, 2, 0
754371, 3, 0
754522, 1, 0
754536, 2, 1
754546, 3, 1
754697, 1, 1
754711, 2, 0
754721, 3, 0
754872, 1, 1
754886, 2, 1
754896, 3, 1
755047, 1, 0
755061, 2, bit 0
755061, 2, 1
755072, 3, bit 0
755075, 3, 0
755222, 1, 0
755236, 2, 0
755247, 3, 1
755397, 1, 1
755411, 2, 0
755422, 3, 0
755572, 1, 0
755586, 2, 1
755597, 3, 1
755747, 1, 1
755761, 2, 0
755772, 3, 0
755922, 1, 1
755936, 2, 1
755947, 3, 1
756097, 1, 0
756111, 2, 0
756122, 3, 1
756272, 1, 0
756286, 2, 1
756297, 3, 0
756447, 1, 1
756461, 2, 0
756472, 3, 0
756622, 1, bit 0
756622, 1, 1
756636, 2, 1
756647, 3, 1
756797, 1, 0
756811, 2, 1
756822, 3, 0
756972, 1, 1
756986, 2, 0
756997, 3, 1
757147, 1, 0
757161, 2, 1
757172, 3, 0
757322, 1, 0
757336, 2, 0
757347, 3, 1
757497, 1, 1
757511, 2, bit 0
757511, 2, 1
757522, 3, bit 1
757522, 3, 1
757672, 1, 1
757686, 2, 0
757697, 3, 0
757847, 1, 0
757861, 2, 0
757872, 3, 1
758022, 1, 1
758036, 2, 1
758047, 3, 0
758197, 1, 0
758211, 2, 0
758222, 3, 1
758372, 1, 0
758386, 2, 1
758397, 3, 0
758547, 1, 1
758561, 2, 0
758572, 3, 0
758722, 1, 1
758736, 2, 1
758747, 3, 1
758897, 1, 0
758912, 2, 0
758922, 3, 1
759072, 1, bit 1
759072, 1, 0
759087, 2, 1
759097, 3, 0
759247, 1, 1
759262, 2, 1
759272, 3, 1
759422, 1, 0
759437, 2, 0
759447, 3, 0
759597, 1, 1
759612, 2, 1
759622, 3, 1
759772, 1, 1
759787, 2, 0
759797, 3, 0
759947, 1, 0
759962, 2, bit 1
759962, 2, 0
759972, 3, bit 0
759972, 3, 0
760122, 1, 0
760137, 2, 1
760147, 3, 1
760297, 1, 1
760312, 2, 1
760322, 3, 0
760472, 1, 0
760487, 2, 0
760497, 3, 1
760647, 1, 1
760662, 2, 1
760672, 3, 0
760822, 1, 1
760837, 2, 0
760847, 3, 1
760997, 1, 0
761012, 2, 1
761022, 3, 1
761172, 1, 0
761187, 2, 0
761197, 3, 0
761347, 1, 1
761362, 2, 1
761372, 3, 0
761522, 1, bit 0
761522, 1, 1
761537, 2, 0
761547, 3, 1
761697, 1, 0
761712, 2, 0
761722, 3, 0
761872, 1, 1
761887, 2, 1
761897, 3, 1
762047, 1, 0
762062, 2, 0
762072, 3, 0
762222, 1, 0
762237, 2, 1
762247, 3, 1
762397, 1, 1
762412, 2, bit 0
762412, 2, 1
762422, 3, bit 1
762422, 3, 1
762572, 1, 1
762587, 2, 0
762597, 3, 0
762747, 1, 0
762762, 2, 0
762772, 3, 1
762923, 1, 1
762937, 2, 1
762947, 3, 0
763098, 1, 0
763112, 2, 0
763122, 3, 1
763273, 1, 0
763287, 2, 1
763297, 3, 0
763448, 1, 1
763462, 2, 0
763472, 3, 0
763623, 1, 1
763637, 2, 1
763648, 3, 1
763798, 1, 0
763812, 2, 0
763823, 3, 1
763973, 1, bit 1
763973, 1, 0
763987, 2, 1
763998, 3, 0
764148, 1, 1
764162, 2, 1
764173, 3, 1
764323, 1, 0
764337, 2, 0
764348, 3, 0
764498, 1, 1
764512, 2, 1
764523, 3, 1
764673, 1, 1
764687, 2, 0
764698, 3, 0
764848, 1, 0
764862, 2, bit 1
764862, 2, 0
764873, 3, bit 1
764876, 3, 1
765023, 1, 0
765037, 2, 1
765048, 3, 0
765198, 1, 1
765212, 2, 1
765223, 3, 1
765373, 1, 0
765387, 2, 0
765398, 3, 0
765548, 1, 1
765562, 2, 1
765573, 3, 1
765723, 1, 1
765737, 2, 0
765748, 3, 0
765898, 1, 0
765912, 2, 1
765923, 3, 0
766073, 1, 0
766087, 2, 0
766098, 3, 1
766248, 1, 1
766262, 2, 1
766273, 3, 1
766423, 1, bit 1
766423, 1, 0
766437, 2, 0
766448, 3, 0
766598, 1, 1
766612, 2, 0
766623, 3, 1
766773, 1, 0
766787, 2, 1
766798, 3, 0
766948, 1, 1
766962, 2, 0
766973, 3, 1
767123, 1, 1
767137, 2, 1
767148, 3, 0
767298, 1, 0
767312, 2, bit 1
767312, 2, 0
767323, 3, bit 0
767323, 3, 0
767473, 1, 0
767488, 2, 1
767498, 3, 1
767648, 1, 1
767663, 2, 1
767673, 3, 0
767823, 1, 0
767838, 2, 0
767848, 3, 1
767998, 1, 1
768013, 2, 1
768023, 3, 0
768173, 1, 1
768188, 2, 0
768198, 3, 1
768348, 1, 0
768363, 2, 1
768373, 3, 1
768523, 1, 0
768538, 2, 0
768548, 3, 0
768698, 1, 1
768713, 2, 1
768723, 3, 0
768873, 1, bit 0
768876, 1, 1
768888, 2, 0
768898, 3, 1
769048, 1, 0
769063, 2, 0
769073, 3, 0
769223, 1, 1
769238, 2, 1
769248, 3, 1
769398, 1, 0
769413, 2, 0
769423, 3, 0
769573, 1, 0
769588, 2, 1
769598, 3, 1
769748, 1, 1
769763, 2, bit 0
769763, 2, 1
769773, 3, bit 1
769773, 3, 1
769923, 1, 1
769938, 2, 0
769948, 3, 0
770098, 1, 0
770113, 2, 0
770123, 3, 1
770273, 1, 1
770288, 2, 1
770298, 3, 0
770448, 1, 0
770463, 2, 0
770473, 3, 1
770623, 1, 0
770638, 2, 1
770648, 3, 0
770798, 1, 1
770813, 2, 0
770823, 3, 0
770973, 1, 1
770988, 2, 1
770998, 3, 1
771148, 1, 0
771163, 2, 0
771173, 3, 1
771323, 1, bit 0
771323, 1, 1
771338, 2, 1
771348, 3, 0
771499, 1, 0
771513, 2, 1
771523, 3, 1
771674, 1, 1
771688, 2, 0
771698, 3, 0
771849, 1, 0
771863, 2, 1
771873, 3, 1
772024, 1, 0
772038, 2, 0
772048, 3, 0
772199, 1, 1
772213, 2, bit 1
772213, 2, 0
772224, 3, bit 1
772224, 3, 1
772374, 1, 1
772388, 2, 1
772399, 3, 0
772549, 1, 0
772563, 2, 1
772574, 3, 1
772724, 1, 1
772738, 2, 0
772749, 3, 0
772899, 1, 0
772913, 2, 1
772924, 3, 1
773074, 1, 0
773088, 2, 0
773099, 3, 0
773249, 1, 1
773263, 2, 1
773274, 3, 0
773424, 1, 1
773438, 2, 0
773449, 3, 1
773599, 1, 0
773613, 2, 1
773624, 3, 1
773774, 1, bit 1
773774, 1, 0
773788, 2, 0
773799, 3, 0
773949, 1, 1
773963, 2, 0
773974, 3, 1
774124, 1, 0
774138, 2, 1
774149, 3, 0
774299, 1, 1
774313, 2, 0
774324, 3, 1
774474, 1, 1
774488, 2, 1
774499, 3, 0
774649, 1, 0
774663, 2, bit 0
774663, 2, 1
774674, 3, bit 0
774674, 3, 0
774824, 1, 0
774838, 2, 0
774849, 3, 1
774999, 1, 1
775013, 2, 0
775024, 3, 0
775174, 1, 0
775188, 2, 1
775199, 3, 1
775349, 1, 1
775363, 2, 0
775374, 3, 0
775524, 1, 1
775538, 2, 1
775549, 3, 1
775699, 1, 0
775713, 2, 0
775724, 3, 1
775874, 1, 0
775888, 2, 1
775899, 3, 0
776049, 1, 1
776064, 2, 0
776074, 3, 0
776224, 1, bit 1
776224, 1, 0
776239, 2, 1
776249, 3, 1
776399, 1, 1
776414, 2, 1
776424, 3, 0
776574, 1, 0
776589, 2, 0
776599, 3, 1
776749, 1, 1
776764, 2, 1
776774, 3, 0
776924, 1, 1
776939, 2, 0
776949, 3, 1
777099, 1, 0
777114, 2, bit 1
777114, 2, 0
777124, 3, bit 0
777124, 3, 0
777274, 1, 0
777289, 2, 1
777299, 3, 1
777449, 1, 1
777464, 2, 1
777474, 3, 0
777624, 1, 0
777639, 2, 0
777649, 3, 1
777799, 1, 1
777814, 2, 1
777824, 3, 0
777974, 1, 1
777989, 2, 0
777999, 3, 1
778149, 1, 0
778164, 2, 1
778174, 3, 1
778324, 1, 0
778339, 2, 0
778349, 3, 0
778499, 1, 1
778514, 2, 1
778524, 3, 0
778674, 1, bit 1
778677, 1, 0
778689, 2, 0
778699, 3, 1
778849, 1, 1
778864, 2, 0
778874, 3, 0
779024, 1, 0
779039, 2, 1
779049, 3, 1
779199, 1, 1
779214, 2, 0
779224, 3, 0
779374, 1, 1
779389, 2, 1
779399, 3, 1
779549, 1, 0
779564, 2, bit 1
779564, 2, 0
779574, 3, bit 0
779574, 3, 0
779724, 1, 0
779739, 2, 1
779749, 3, 1
779899, 1, 1
779914, 2, 1
779924, 3, 0
780075, 1, 0
780089, 2, 0
780099, 3, 1
780250, 1, 1
780264, 2, 1
780274, 3, 0
780425, 1, 1
780439, 2, 0
780449, 3, 1
780600, 1, 0
780614, 2, 1
780624, 3, 1
780775, 1, 0
780789, 2, 0
780800, 3, 0
780950, 1, 1
780964, 2, 1
780975, 3, 0
781125, 1, bit 0
781125, 1, 1
781139, 2, 0
781150, 3, 1
781300, 1, 0
781314, 2, 0
781325, 3, 0
781475, 1, 1
781489, 2, 1
781500, 3, 1
781650, 1, 0
781664, 2, 0
781675, 3, 0
781825, 1, 0
781839, 2, 1
781850, 3, 1
782000, 1, 1
782014, 2, bit 1
782014, 2, 0
782025, 3, bit 0
782025, 3, 0
782175, 1, 1
782189, 2, 1
782200, 3, 1
782350, 1, 0
782364, 2, 1
782375, 3, 0
782525, 1, 1
782539, 2, 0
782550, 3, 1
782700, 1, 0
782714, 2, 1
782725, 3, 0
782875, 1, 0
782889, 2, 0
782900, 3, 1
783050, 1, 1
783064, 2, 1
783075, 3, 1
783225, 1, 1
783239, 2, 0
783250, 3, 0
783400, 1, 0
783414, 2, 1
783425, 3, 0
783575, 1, bit 0
783575, 1, 1
783589, 2, 0
783600, 3, 1
783750, 1, 0
783764, 2, 0
783775, 3, 0
783925, 1, 1
783939, 2, 1
783950, 3, 1
784100, 1, 0
784114, 2, 0
784125, 3, 0
784275, 1, 0
784289, 2, 1
784300, 3, 1
784450, 1, 1
784464, 2, bit 0
784464, 2, 1
784475, 3, bit 0
784475, 3, 0
784625, 1, 1
784640, 2, 0
784650, 3, 1
784800, 1, 0
784815, 2, 0
784825, 3, 0
784975, 1, 1
784990, 2, 1
785000, 3, 1
785150, 1, 0
785165, 2, 0
785175, 3, 0
785325, 1, 0
785340, 2, 1
785350, 3, 1
785500, 1, 1
785515, 2, 0
785525, 3, 1
785675, 1, 1
785690, 2, 1
785700, 3, 0
785850, 1, 0
785865, 2, 0
785875, 3, 0
786025, 1, bit 0
786025, 1, 1
786040, 2, 1
786050, 3, 1
786200, 1, 0
786215, 2, 1
786225, 3, 0
786375, 1, 1
786390, 2, 0
786400, 3, 1
786550, 1, 0
786565, 2, 1
786575, 3, 0
786725, 1, 0
786740, 2, 0
786750, 3, 1
786900, 1, 1
786915, 2, bit 1
786915, 2, 0
786925, 3, bit 0
786925, 3, 0
787075, 1, 1
787090, 2, 1
787100, 3, 1
787250, 1, 0
787265, 2, 1
787275, 3, 0
787425, 1, 1
787440, 2, 0
787450, 3, 1
787600, 1, 0
787615, 2, 1
787625, 3, 0
787775, 1, 0
787790, 2, 0
787800, 3, 1
787950, 1, 1
787965, 2, 1
787975, 3, 1
788125, 1, 1
788140, 2, 0
788150, 3, 0
788300, 1, 0
788315, 2, 1
788325, 3, 0
788475, 1, bit 1
788478, 1, 0
788490, 2, 0
788500, 3, 1
788651, 1, 1
788665, 2, 0
788675, 3, 0
788826, 1, 0
788840, 2, 1
788850, 3, 1
789001, 1, 1
789015, 2, 0
789025, 3, 0
789176, 1, 1
789190, 2, 1
789200, 3, 1
789351, 1, 0
789365, 2, bit 0
789365, 2, 1
789376, 3, bit 0
789376, 3, 0
789526, 1, 0
789540, 2, 0
789551, 3, 1
789701, 1, 1
789715, 2, 0
789726, 3, 0
789876, 1, 0
789890, 2, 1
789901, 3, 1
790051, 1, 1
790065, 2, 0
790076, 3, 0
790226, 1, 1
790240, 2, 1
790251, 3, 1
790401, 1, 0
790415, 2, 0
790426, 3, 1
790576, 1, 0
790590, 2, 1
790601, 3, 0
790751, 1, 1
790765, 2, 0
790776, 3, 0
790940, 2, 1
790951, 3, 1
791115, 2, 1
791126, 3, 0
791290, 2, 0
791301, 3, 1
791465, 2, 1
791476, 3, 0
791640, 2, 0
791651, 3, 1
791815, 2, bit 0
791815, 2, 1
791826, 3, bit 1
791826, 3, 1
791990, 2, 0
792001, 3, 0
792165, 2, 0
792176, 3, 1
792340, 2, 1
792351, 3, 0
792515, 2, 0
792526, 3, 1
792690, 2, 1
792701, 3, 0
792865, 2, 0
792876, 3, 0
793040, 2, 1
793051, 3, 1
793216, 2, 0
793226, 3, 1
793391, 2, 1
793401, 3, 0
793566, 2, 1
793576, 3, 1
793741, 2, 0
793751, 3, 0
793916, 2, 1
793926, 3, 1
794091, 2, 0
794101, 3, 0
794266, 2, bit 1
794266, 2, 0
794276, 3, bit 1
794276, 3, 1
794441, 2, 1
794451, 3, 0
794616, 2, 1
794626, 3, 1
794791, 2, 0
794801, 3, 0
794966, 2, 1
794976, 3, 1
795141, 2, 0
795151, 3, 0
795316, 2, 1
795326, 3, 0
795491, 2, 0
795501, 3, 1
795666, 2, 1
795676, 3, 1
795841, 2, 0
795851, 3, 0
796016, 2, 0
796026, 3, 1
796191, 2, 1
796201, 3, 0
796366, 2, 0
796376, 3, 1
796541, 2, 1
796551, 3, 0
796716, 2, bit 0
796716, 2, 1
796726, 3, bit 1
796726, 3, 1
796891, 2, 0
796901, 3, 0
797066, 2, 0
797076, 3, 1
797241, 2, 1
797251, 3, 0
797416, 2, 0
797426, 3, 1
797591, 2, 1
797601, 3, 0
797766, 2, 0
797776, 3, 0
797941, 2, 1
797952, 3, 1
798116, 2, 0
798127, 3, 1
798291, 2, 1
798302, 3, 0
798466, 2, 1
798477, 3, 1
798641, 2, 0
798652, 3, 0
798816, 2, 1
798827, 3, 1
798991, 2, 0
799002, 3, 0
799166, 2, bit 0
799166, 2, 1
799177, 3, bit 1
799177, 3, 1
799341, 2, 0
799352, 3, 0
799516, 2, 0
799527, 3, 1
799691, 2, 1
799702, 3, 0
799866, 2, 0
799877, 3, 1
800041, 2, 1
800052, 3, 0
800216, 2, 0
800227, 3, 0
800391, 2, 1
800402, 3, 1
800566, 2, 0
800577, 3, 1
800741, 2, 1
800752, 3, 0
800916, 2, 1
800927, 3, 1
801091, 2, 0
801102, 3, 0
801266, 2, 1
801277, 3, 1
801441, 2, 0
801452, 3, 0
801616, 2, bit 1
801616, 2, 0
801627, 3, bit 0
801627, 3, 0
801792, 2, 1
801802, 3, 1
801967, 2, 1
801977, 3, 0
802142, 2, 0
802152, 3, 1
802317, 2, 1
802327, 3, 0
802492, 2, 0
802502, 3, 1
802667, 2, 1
802677, 3, 1
802842, 2, 0
802852, 3, 0
803017, 2, 1
803027, 3, 0
803192, 2, 0
803202, 3, 1
803367, 2, 0
803377, 3, 0
803542, 2, 1
803552, 3, 1
803717, 2, 0
803727, 3, 0
803892, 2, 1
803902, 3, 1
804067, 2, bit 0
804067, 2, 1
804077, 3, bit 1
804077, 3, 1
804242, 2, 0
804252, 3, 0
804417, 2, 0
804427, 3, 1
804592, 2, 1
804602, 3, 0
804767, 2, 0
804777, 3, 1
804942, 2, 1
804952, 3, 0
805117, 2, 0
805127, 3, 0
805292, 2, 1
805302, 3, 1
805467, 2, 0
805477, 3, 1
805642, 2, 1
805652, 3, 0
805817, 2, 1
805827, 3, 1
805992, 2, 0
806002, 3, 0
806167, 2, 1
806177, 3, 1
806342, 2, 0
806352, 3, 0
806517, 2, bit 1
806517, 2, 0
806528, 3, bit 0
806528, 3, 0
806692, 2, 1
806703, 3, 1
806867, 2, 1
806878, 3, 0
807042, 2, 0
807053, 3, 1
807217, 2, 1
807228, 3, 0
807392, 2, 0
807403, 3, 1
807567, 2, 1
807578, 3, 1
807742, 2, 0
807753, 3, 0
807917, 2, 1
807928, 3, 0
808092, 2, 0
808103, 3, 1
808267, 2, 0
808278, 3, 0
808442, 2, 1
808453, 3, 1
808617, 2, 0
808628, 3, 0
808792, 2, 1
808803, 3, 1
808967, 2, bit 1
808967, 2, 0
808978, 3, bit 1
808978, 3, 1
809142, 2, 1
809153, 3, 0
809317, 2, 1
809328, 3, 1
809492, 2, 0
809503, 3, 0
809667, 2, 1
809678, 3, 1
809842, 2, 0
809853, 3, 0
810017, 2, 1
810028, 3, 0
810192, 2, 0
810203, 3, 1
810368, 2, 1
810378, 3, 1
810543, 2, 0
810553, 3, 0
810718, 2, 0
810728, 3, 1
810893, 2, 1
810903, 3, 0
811068, 2, 0
811078, 3, 1
811243, 2, 1
811253, 3, 0
811418, 2, bit 1
811418, 2, 0
811428, 3, bit 1
811428, 3, 1
811593, 2, 1
811603, 3, 0
811768, 2, 1
811778, 3, 1
811943, 2, 0
811953, 3, 0
812118, 2, 1
812128, 3, 1
812293, 2, 0
812303, 3, 0
812468, 2, 1
812478, 3, 0
812643, 2, 0
812653, 3, 1
812818, 2, 1
812828, 3, 1
812993, 2, 0
813003, 3, 0
813168, 2, 0
813178, 3, 1
813343, 2, 1
813353, 3, 0
813518, 2, 0
813528, 3, 1
813693, 2, 1
813703, 3, 0
813868, 2, bit 0
813868, 2, 1
813878, 3, bit 1
813878, 3, 1
814043, 2, 0
814053, 3, 0
814218, 2, 0
814228, 3, 1
814393, 2, 1
814403, 3, 0
814568, 2, 0
814578, 3, 1
814743, 2, 1
814753, 3, 0
814918, 2, 0
814928, 3, 0
815093, 2, 1
815104, 3, 1
815268, 2, 0
815279, 3, 1
815443, 2, 1
815454, 3, 0
815618, 2, 1
815629, 3, 1
815793, 2, 0
815804, 3, 0
815968, 2, 1
815979, 3, 1
816143, 2, 0
816154, 3, 0
816318, 2, bit 0
816318, 2, 1
816329, 3, bit 1
816329, 3, 1
816493, 2, 0
816504, 3, 0
816668, 2, 0
816679, 3, 1
816843, 2, 1
816854, 3, 0
817018, 2, 0
817029, 3, 1
817193, 2, 1
817204, 3, 0
817368, 2, 0
817379, 3, 0
817543, 2, 1
817554, 3, 1
817718, 2, 0
817729, 3, 1
817893, 2, 1
817904, 3, 0
818068, 2, 1
818079, 3, 1
818243, 2, 0
818254, 3, 0
818418, 2, 1
818429, 3, 1
818593, 2, 0
818604, 3, 0
818768, 2, bit 0
818768, 2, 1
818779, 3, bit 0
818779, 3, 0
818944, 2, 0
818954, 3, 1
819119, 2, 0
819129, 3, 0
819294, 2, 1
819304, 3, 1
819469, 2, 0
819479, 3, 0
819644, 2, 1
819654, 3, 1
819819, 2, 0
819829, 3, 1
819994, 2, 1
820004, 3, 0
820169, 2, 0
820179, 3, 0
820344, 2, 1
820354, 3, 1
820519, 2, 1
820529, 3, 0
820694, 2, 0
820704, 3, 1
820869, 2, 1
820879, 3, 0
821044, 2, 0
821054, 3, 1
821219, 2, bit 1
821219, 2, 0
821229, 3, bit 0
821229, 3, 0
821394, 2, 1
821404, 3, 1
821569, 2, 1
821579, 3, 0
821744, 2, 0
821754, 3, 1
821919, 2, 1
821929, 3, 0
822094, 2, 0
822104, 3, 1
822269, 2, 1
822279, 3, 1
822444, 2, 0
822454, 3, 0
822619, 2, 1
822629, 3, 0
822794, 2, 0
822804, 3, 1
822969, 2, 0
822979, 3, 0
823144, 2, 1
823154, 3, 1
823319, 2, 0
823329, 3, 0
823494, 2, 1
823504, 3, 1
823669, 2, bit 0
823669, 2, 1
823680, 3, bit 1
823680, 3, 1
823844, 2, 0
823855, 3, 0
824019, 2, 0
824030, 3, 1
824194, 2, 1
824205, 3, 0
824369, 2, 0
824380, 3, 1
824544, 2, 1
824555, 3, 0
824719, 2, 0
824730, 3, 0
824894, 2, 1
824905, 3, 1
825069, 2, 0
825080, 3, 1
825244, 2, 1
825255, 3, 0
825419, 2, 1
825430, 3, 1
825594, 2, 0
825605, 3, 0
825769, 2, 1
825780, 3, 1
825944, 2, 0
825955, 3, 0
826119, 2, bit 0
826119, 2, 1
826130, 3, bit 0
826130, 3, 0
826294, 2, 0
826305, 3, 1
826469, 2, 0
826480, 3, 0
826644, 2, 1
826655, 3, 1
826819, 2, 0
826830, 3, 0
826994, 2, 1
827005, 3, 1
827169, 2, 0
827180, 3, 1
827344, 2, 1
827355, 3, 0
827520, 2, 0
827530, 3, 0
827695, 2, 1
827705, 3, 1
827870, 2, 1
827880, 3, 0
828045, 2, 0
828055, 3, 1
828220, 2, 1
828230, 3, 0
828395, 2, 0
828405, 3, 1
828570, 2, bit 1
828570, 2, 0
828580, 3, bit 1
828580, 3, 1
828745, 2, 1
828755, 3, 0
828920, 2, 1
828930, 3, 1
829095, 2, 0
829105, 3, 0
829270, 2, 1
829280, 3, 1
829445, 2, 0
829455, 3, 0
829620, 2, 1
829630, 3, 0
829795, 2, 0
829805, 3, 1
829970, 2, 1
829980, 3, 1
830145, 2, 0
830155, 3, 0
830320, 2, 0
830330, 3, 1
830495, 2, 1
830505, 3, 0
830670, 2, 0
830680, 3, 1
830845, 2, 1
830855, 3, 0
831030, 3, bit 0
831030, 3, 0
831205, 3, 1
831380, 3, 0
831555, 3, 1
831730, 3, 0
831905, 3, 1
832080, 3, 1
832256, 3, 0
832431, 3, 0
832606, 3, 1
832781, 3, 0
832956, 3, 1
833131, 3, 0
833306, 3, 1
833481, 3, bit 1
833481, 3, 1
833656, 3, 0
833831, 3, 1
834006, 3, 0
834181, 3, 1
834356, 3, 0
834531, 3, 0
834706, 3, 1
834881, 3, 1
835056, 3, 0
835231, 3, 1
835406, 3, 0
835581, 3, 1
835756, 3, 0
835931, 3, bit 1
835931, 3, 1
836106, 3, 0
836281, 3, 1
836456, 3, 0
836631, 3, 1
836806, 3, 0
836981, 3, 0
837156, 3, 1
837331, 3, 1
837506, 3, 0
837681, 3, 1
837856, 3, 0
838031, 3, 1
838206, 3, 0
838381, 3, bit 0
838381, 3, 0
838556, 3, 1
838731, 3, 0
838906, 3, 1
839081, 3, 0
839256, 3, 1
839431, 3, 1
839606, 3, 0
839781, 3, 0
839956, 3, 1
840131, 3, 0
840306, 3, 1
840481, 3, 0
840656, 3, 1
840832, 3, bit 1
840832, 3, 1
841007, 3, 0
841182, 3, 1
841357, 3, 0
841532, 3, 1
841707, 3, 0
841882, 3, 0
842057, 3, 1
842232, 3, 1
842407, 3, 0
842582, 3, 1
842757, 3, 0
842932, 3, 1
843107, 3, 0
843282, 3, bit 0
843285, 3, 0
843457, 3, 1
843632, 3, 0
843807, 3, 1
843982, 3, 0
844157, 3, 1
844332, 3, 1
844507, 3, 0
844682, 3, 0
844857, 3, 1
845032, 3, 0
845207, 3, 1
845382, 3, 0
845557, 3, 1
845732, 3, bit 1
845732, 3, 1
845907, 3, 0
846082, 3, 1
846257, 3, 0
846432, 3, 1
846607, 3, 0
846782, 3, 0
846957, 3, 1
847132, 3, 1
847307, 3, 0
847482, 3, 1
847657, 3, 0
847832, 3, 1
848007, 3, 0
848182, 3, bit 0
848182, 3, 0
848357, 3, 1
848532, 3, 0
848707, 3, 1
848882, 3, 0
849057, 3, 1
849232, 3, 1
849408, 3, 0
849583, 3, 0
849758, 3, 1
849933, 3, 0
850108, 3, 1
850283, 3, 0
850458, 3, 1
850633, 3, bit 0
850633, 3, 0
850808, 3, 1
850983, 3, 0
851158, 3, 1
851333, 3, 0
851508, 3, 1
851683, 3, 1
851858, 3, 0
852033, 3, 0
852208, 3, 1
852383, 3, 0
852558, 3, 1
852733, 3, 0
852908, 3, 1
853083, 3, bit 1
853083, 3, 1
853258, 3, 0
853433, 3, 1
853608, 3, 0
853783, 3, 1
853958, 3, 0
854133, 3, 0
854308, 3, 1
854483, 3, 1
854658, 3, 0
854833, 3, 1
855008, 3, 0
855183, 3, 1
855358, 3, 0
855533, 3, bit 0
855533, 3, 0
855708, 3, 1
855883, 3, 0
856058, 3, 1
856233, 3, 0
856408, 3, 1
856583, 3, 1
856758, 3, 0
856933, 3, 0
857108, 3, 1
857283, 3, 0
857458, 3, 1
857633, 3, 0
857808, 3, 1
857984, 3, bit 0
857984, 3, 0
858159, 3, 1
858334, 3, 0
858509, 3, 1
858684, 3, 0
858859, 3, 1
859034, 3, 1
859209, 3, 0
859384, 3, 0
859559, 3, 1
859734, 3, 0
859909, 3, 1
860084, 3, 0
860259, 3, 1
860434, 3, bit 0
860434, 3, 0
860609, 3, 1
860784, 3, 0
860959, 3, 1
861134, 3, 0
861309, 3, 1
861484, 3, 1
861659, 3, 0
861834, 3, 0
862009, 3, 1
862184, 3, 0
862359, 3, 1
862534, 3, 0
862709, 3, 1
862884, 3, bit 1
862884, 3, 1
863059, 3, 0
863234, 3, 1
863409, 3, 0
863584, 3, 1
863759, 3, 0
863934, 3, 0
864109, 3, 1
864284, 3, 1
864459, 3, 0
864634, 3, 1
864809, 3, 0
864984, 3, 1
865159, 3, 0
865334, 3, bit 1
865334, 3, 1
865509, 3, 0
865684, 3, 1
865859, 3, 0
866034, 3, 1
866209, 3, 0
866384, 3, 0
866560, 3, 1
866735, 3, 1
866910, 3, 0
867085, 3, 1
867260, 3, 0
867435, 3, 1
867610, 3, 0
867785, 3, bit 0
867785, 3, 0
867960, 3, 1
868135, 3, 0
868310, 3, 1
868485, 3, 0
868660, 3, 1
868835, 3, 1
869010, 3, 0
869185, 3, 0
869360, 3, 1
869535, 3, 0
869710, 3, 1
869885, 3, 0
870060, 3, 1
870235, 3, bit 0
870235, 3, 0
870410, 3, 1
870585, 3, 0
870760, 3, 1
870935, 3, 0
871110, 3, 1
871285, 3, 1
871460, 3, 0
871635, 3, 0
871810, 3, 1
871985, 3, 0
872160, 3, 1
872335, 3, 0
872510, 3, 1
