125 100 4 7 16
(2, 20, 13, 10.00), (code 2)
(3, 258, 6, 10.00), (code 0)
(4, 496, 8, 10.00), (code 4)
(5, 734, 2, 10.00), (code 3)
START
1876869, 0, prem 0
1876869, 0, 0
1876994, 0, 0
1877120, 0, 0
1877245, 0, 0
1877370, 0, 0
1877495, 0, 0
1877620, 0, 0
1877745, 0, 0
1877870, 0, 0
1877995, 0, 0
1878120, 0, 0
1878245, 0, 0
1878370, 0, 0
1878495, 0, 0
1878620, 0, 0
1878745, 0, 0
1878870, 0, 1
1878995, 0, 1
1879120, 0, 1
1879245, 0, 1
1879370, 0, 1
1879495, 0, 1
1879620, 0, 1
1879745, 0, 1
1879870, 0, 1
1879995, 0, 1
1880120, 0, 1
1880245, 0, 1
1880370, 0, 1
1880495, 0, 1
1880620, 0, 1
1880745, 0, 1
1880870, 0, prem 1
1880870, 0, 1
1880995, 0, 1
1881120, 0, 1
1881245, 0, 1
1881370, 0, 1
1881495, 0, 1
1881620, 0, 1
1881745, 0, 1
1881870, 0, 1
1881995, 0, 1
1882120, 0, 1
1882245, 0, 1
1882370, 0, 1
1882496, 0, 1
1882621, 0, 1
1882746, 0, 1
1882871, 0, 0
1882996, 0, 0
1883121, 0, 0
1883246, 0, 0
1883371, 0, 0
1883496, 0, 0
1883621, 0, 0
1883746, 0, 0
1883871, 0, 0
1883996, 0, 0
1884121, 0, 0
1884246, 0, 0
1884371, 0, 0
1884496, 0, 0
1884621, 0, 0
1884746, 0, 0
1884871, 0, prem 0
1884871, 0, 0
1884996, 0, 0
1885121, 0, 0
1885246, 0, 0
1885371, 0, 0
1885496, 0, 0
1885621, 0, 0
1885746, 0, 0
1885871, 0, 0
1885996, 0, 0
1886121, 0, 0
1886246, 0, 0
1886371, 0, 0
1886496, 0, 0
1886621, 0, 0
1886746, 0, 0
1886871, 0, 1
1886996, 0, 1
1887121, 0, 1
1887246, 0, 1
1887371, 0, 1
1887496, 0, 1
1887621, 0, 1
1887746, 0, 1
1887872, 0, 1
1887997, 0, 1
1888122, 0, 1
1888247, 0, 1
1888372, 0, 1
1888497, 0, 1
1888622, 0, 1
1888747, 0, 1
1888872, 0, prem 1
1888872, 0, 1
1888997, 0, 1
1889122, 0, 1
1889247, 0, 1
1889372, 0, 1
1889497, 0, 1
1889622, 0, 1
1889747, 0, 1
1889872, 0, 1
1889997, 0, 1
1890122, 0, 1
1890247, 0, 1
1890372, 0, 1
1890497, 0, 1
1890622, 0, 1
1890747, 0, 1
1890872, 0, 0
1890997, 0, 0
1891122, 0, 0
1891247, 0, 0
1891372, 0, 0
1891497, 0, 0
1891622, 0, 0
1891747, 0, 0
1891872, 0, 0
1891997, 0, 0
1892122, 0, 0
1892247, 0, 0
1892372, 0, 0
1892497, 0, 0
1892622, 0, 0
1892747, 0, 0
1892872, 0, prem 0
1892872, 0, 0
1892997, 0, 0
1893122, 0, 0
1893248, 0, 0
1893373, 0, 0
1893498, 0, 0
1893623, 0, 0
1893748, 0, 0
1893873, 0, 0
1893998, 0, 0
1894123, 0, 0
1894248, 0, 0
1894373, 0, 0
1894498, 0, 0
1894623, 0, 0
1894748, 0, 0
1894873, 0, 1
1894998, 0, 1
1895123, 0, 1
1895248, 0, 1
1895373, 0, 1
1895498, 0, 1
1895623, 0, 1
1895748, 0, 1
1895873, 0, 1
1895998, 0, 1
1896123, 0, 1
1896248, 0, 1
1896373, 0, 1
1896498, 0, 1
1896623, 0, 1
1896748, 0, 1
1896873, 0, prem 1
1896873, 0, 1
1896998, 0, 1
1897123, 0, 1
1897248, 0, 1
1897373, 0, 1
1897498, 0, 1
1897623, 0, 1
1897748, 0, 1
1897873, 0, 1
1897998, 0, 1
1898123, 0, 1
1898248, 0, 1
1898373, 0, 1
1898498, 0, 1
1898624, 0, 1
1898749, 0, 1
1898874, 0, 0
1898999, 0, 0
1899124, 0, 0
1899249, 0, 0
1899374, 0, 0
1899499, 0, 0
1899624, 0, 0
1899749, 0, 0
1899874, 0, 0
1899999, 0, 0
1900124, 0, 0
1900249, 0, 0
1900374, 0, 0
1900499, 0, 0
1900624, 0, 0
1900749, 0, 0
1900874, 0, prem 1
1900874, 0, 1
1900999, 0, 1
1901124, 0, 1
1901249, 0, 1
1901374, 0, 1
1901499, 0, 1
1901624, 0, 1
1901749, 0, 1
1901874, 0, 1
1901999, 0, 1
1902124, 0, 1
1902249, 0, 1
1902374, 0, 1
1902499, 0, 1
1902624, 0, 1
1902749, 0, 1
1902874, 0, 0
1902999, 0, 0
1903124, 0, 0
1903249, 0, 0
1903374, 0, 0
1903499, 0, 0
1903624, 0, 0
1903749, 0, 0
1903874, 0, 0
1904000, 0, 0
1904125, 0, 0
1904250, 0, 0
1904375, 0, 0
1904500, 0, 0
1904625, 0, 0
1904750, 0, 0
1904875, 0, bit 1
1904875, 0, 0
1905000, 0, 1
1905125, 0, 1
1905250, 0, 0
1905375, 0, 0
1905500, 0, 1
1905625, 0, 1
1905750, 0, 0
1905753, 1, prem 0
1905753, 1, 0
1905875, 0, 0
1905878, 1, 0
1906000, 0, 1
1906003, 1, 0
1906125, 0, 1
1906128, 1, 0
1906250, 0, 0
1906253, 1, 0
1906375, 0, 1
1906378, 1, 0
1906500, 0, 0
1906503, 1, 0
1906625, 0, bit 0
1906625, 0, 1
1906628, 1, 0
1906750, 0, 0
1906753, 1, 0
1906875, 0, 0
1906878, 1, 0
1907000, 0, 1
1907003, 1, 0
1907125, 0, 1
1907128, 1, 0
1907250, 0, 0
1907253, 1, 0
1907375, 0, 0
1907378, 1, 0
1907500, 0, 1
1907503, 1, 0
1907625, 0, 1
1907628, 1, 0
1907750, 0, 0
1907753, 1, 1
1907875, 0, 0
1907878, 1, 1
1908000, 0, 1
1908003, 1, 1
1908125, 0, 0
1908128, 1, 1
1908250, 0, 1
1908253, 1, 1
1908375, 0, bit 0
1908375, 0, 1
1908378, 1, 1
1908500, 0, 0
1908503, 1, 1
1908625, 0, 0
1908628, 1, 1
1908750, 0, 1
1908753, 1, 1
1908875, 0, 1
1908878, 1, 1
1909000, 0, 0
1909003, 1, 1
1909125, 0, 0
1909128, 1, 1
1909250, 0, 1
1909253, 1, 1
1909376, 0, 1
1909378, 1, 1
1909501, 0, 0
1909504, 1, 1
1909626, 0, 0
1909629, 1, 1
1909751, 0, 1
1909754, 1, prem 1
1909754, 1, 1
1909876, 0, 0
1909879, 1, 1
1910001, 0, 1
1910004, 1, 1
1910126, 0, bit 0
1910126, 0, 1
1910129, 1, 1
1910251, 0, 0
1910254, 1, 1
1910376, 0, 0
1910379, 1, 1
1910501, 0, 1
1910504, 1, 1
1910626, 0, 1
1910629, 1, 1
1910751, 0, 0
1910754, 1, 1
1910876, 0, 0
1910879, 1, 1
1911001, 0, 1
1911004, 1, 1
1911126, 0, 1
1911129, 1, 1
1911251, 0, 0
1911254, 1, 1
1911376, 0, 0
1911379, 1, 1
1911501, 0, 1
1911504, 1, 1
1911626, 0, 0
1911629, 1, 1
1911751, 0, 1
1911754, 1, 0
1911876, 0, bit 1
1911876, 0, 0
1911879, 1, 0
1912001, 0, 1
1912004, 1, 0
1912126, 0, 1
1912129, 1, 0
1912251, 0, 0
1912254, 1, 0
1912376, 0, 0
1912379, 1, 0
1912501, 0, 1
1912504, 1, 0
1912626, 0, 1
1912629, 1, 0
1912751, 0, 0
1912754, 1, 0
1912876, 0, 0
1912879, 1, 0
1913001, 0, 1
1913005, 1, 0
1913126, 0, 1
1913131, 1, 0
1913251, 0, 0
1913256, 1, 0
1913376, 0, 1
1913381, 1, 0
1913501, 0, 0
1913506, 1, 0
1913626, 0, bit 0
1913626, 0, 1
1913631, 1, 0
1913751, 0, 0
1913756, 1, prem 1
1913756, 1, 1
1913876, 0, 0
1913881, 1, 1
1914001, 0, 1
1914006, 1, 1
1914126, 0, 1
1914131, 1, 1
1914251, 0, 0
1914256, 1, 1
1914376, 0, 0
1914381, 1, 1
1914501, 0, 1
1914506, 1, 1
1914626, 0, 1
1914631, 1, 1
1914752, 0, 0
1914756, 1, 1
1914877, 0, 0
1914881, 1, 1
1915002, 0, 1
1915006, 1, 1
1915127, 0, 0
1915131, 1, 1
1915252, 0, 1
1915256, 1, 1
1915377, 0, bit 1
1915377, 0, 0
1915381, 1, 1
1915502, 0, 1
1915506, 1, 1
1915627, 0, 1
1915631, 1, 1
1915752, 0, 0
1915756, 1, 0
1915877, 0, 0
1915881, 1, 0
1916002, 0, 1
1916006, 1, 0
1916127, 0, 1
1916131, 1, 0
1916252, 0, 0
1916256, 1, 0
1916377, 0, 0
1916381, 1, 0
1916502, 0, 1
1916506, 1, 0
1916627, 0, 1
1916631, 1, 0
1916752, 0, 0
1916756, 1, 0
1916877, 0, 1
1916881, 1, 0
1917002, 0, 0
1917006, 1, 0
1917127, 0, bit 1
1917127, 0, 0
1917131, 1, 0
1917252, 0, 1
1917256, 1, 0
1917377, 0, 1
1917381, 1, 0
1917502, 0, 0
1917506, 1, 0
1917627, 0, 0
1917631, 1, 0
1917752, 0, 1
1917756, 1, prem 1
1917756, 1, 1
1917877, 0, 1
1917881, 1, 1
1918002, 0, 0
1918006, 1, 1
1918127, 0, 0
1918131, 1, 1
1918252, 0, 1
1918256, 1, 1
1918377, 0, 1
1918381, 1, 1
1918502, 0, 0
1918507, 1, 1
1918627, 0, 1
1918632, 1, 1
1918752, 0, 0
1918757, 1, 1
1918877, 0, bit 1
1918877, 0, 0
1918882, 1, 1
1919002, 0, 1
1919007, 1, 1
1919127, 0, 1
1919132, 1, 1
1919252, 0, 0
1919257, 1, 1
1919377, 0, 0
1919382, 1, 1
1919502, 0, 1
1919507, 1, 1
1919627, 0, 1
1919632, 1, 1
1919752, 0, 0
1919757, 1, 0
1919877, 0, 0
1919882, 1, 0
1920002, 0, 1
1920007, 1, 0
1920128, 0, 1
1920132, 1, 0
1920253, 0, 0
1920257, 1, 0
1920378, 0, 1
1920382, 1, 0
1920503, 0, 0
1920507, 1, 0
1920628, 0, bit 0
1920628, 0, 1
1920632, 1, 0
1920753, 0, 0
1920757, 1, 0
1920878, 0, 0
1920882, 1, 0
1921003, 0, 1
1921007, 1, 0
1921128, 0, 1
1921132, 1, 0
1921253, 0, 0
1921257, 1, 0
1921378, 0, 0
1921382, 1, 0
1921503, 0, 1
1921507, 1, 0
1921628, 0, 1
1921632, 1, 0
1921753, 0, 0
1921757, 1, prem 1
1921757, 1, 1
1921878, 0, 0
1921882, 1, 1
1922003, 0, 1
1922007, 1, 1
1922128, 0, 0
1922132, 1, 1
1922253, 0, 1
1922257, 1, 1
1922378, 0, bit 1
1922378, 0, 0
1922382, 1, 1
1922503, 0, 1
1922507, 1, 1
1922628, 0, 1
1922632, 1, 1
1922753, 0, 0
1922757, 1, 1
1922878, 0, 0
1922882, 1, 1
1923003, 0, 1
1923007, 1, 1
1923128, 0, 1
1923132, 1, 1
1923253, 0, 0
1923257, 1, 1
1923378, 0, 0
1923382, 1, 1
1923503, 0, 1
1923507, 1, 1
1923628, 0, 1
1923632, 1, 1
1923753, 0, 0
1923757, 1, 0
1923878, 0, 1
1923883, 1, 0
1924003, 0, 0
1924008, 1, 0
1924128, 0, bit 1
1924128, 0, 0
1924133, 1, 0
1924253, 0, 1
1924258, 1, 0
1924378, 0, 1
1924383, 1, 0
1924503, 0, 0
1924508, 1, 0
1924628, 0, 0
1924633, 1, 0
1924753, 0, 1
1924758, 1, 0
1924878, 0, 1
1924883, 1, 0
1925003, 0, 0
1925008, 1, 0
1925128, 0, 0
1925133, 1, 0
1925253, 0, 1
1925258, 1, 0
1925378, 0, 1
1925383, 1, 0
1925504, 0, 0
1925508, 1, 0
1925629, 0, 1
1925633, 1, 0
1925754, 0, 0
1925758, 1, prem 0
1925758, 1, 0
1925879, 0, bit 0
1925879, 0, 1
1925883, 1, 0
1926004, 0, 0
1926008, 1, 0
1926129, 0, 0
1926133, 1, 0
1926254, 0, 1
1926258, 1, 0
1926379, 0, 1
1926383, 1, 0
1926504, 0, 0
1926508, 1, 0
1926629, 0, 0
1926633, 1, 0
1926754, 0, 1
1926758, 1, 0
1926879, 0, 1
1926883, 1, 0
1927004, 0, 0
1927008, 1, 0
1927129, 0, 0
1927133, 1, 0
1927254, 0, 1
1927258, 1, 0
1927379, 0, 0
1927383, 1, 0
1927504, 0, 1
1927508, 1, 0
1927629, 0, bit 1
1927629, 0, 0
1927633, 1, 0
1927754, 0, 1
1927758, 1, 1
1927879, 0, 1
1927883, 1, 1
1928004, 0, 0
1928008, 1, 1
1928129, 0, 0
1928133, 1, 1
1928254, 0, 1
1928258, 1, 1
1928379, 0, 1
1928383, 1, 1
1928504, 0, 0
1928508, 1, 1
1928629, 0, 0
1928633, 1, 1
1928754, 0, 1
1928758, 1, 1
1928879, 0, 1
1928883, 1, 1
1929004, 0, 0
1929008, 1, 1
1929129, 0, 1
1929133, 1, 1
1929254, 0, 0
1929259, 1, 1
1929379, 0, bit 0
1929379, 0, 1
1929384, 1, 1
1929504, 0, 0
1929509, 1, 1
1929629, 0, 0
1929634, 1, 1
1929754, 0, 1
1929759, 1, prem 0
1929759, 1, 0
1929879, 0, 1
1929884, 1, 0
1930004, 0, 0
1930009, 1, 0
1930129, 0, 0
1930134, 1, 0
1930254, 0, 1
1930259, 1, 0
1930379, 0, 1
1930384, 1, 0
1930504, 0, 0
1930509, 1, 0
1930629, 0, 0
1930634, 1, 0
1930754, 0, 1
1930759, 1, 0
1930880, 0, 0
1930884, 1, 0
1931005, 0, 1
1931009, 1, 0
1931130, 0, bit 0
1931130, 0, 1
1931134, 1, 0
1931255, 0, 0
1931259, 1, 0
1931380, 0, 0
1931384, 1, 0
1931505, 0, 1
1931509, 1, 0
1931630, 0, 1
1931634, 1, 0
1931755, 0, 0
1931759, 1, 1
1931880, 0, 0
1931884, 1, 1
1932005, 0, 1
1932009, 1, 1
1932130, 0, 1
1932134, 1, 1
1932255, 0, 0
1932259, 1, 1
1932380, 0, 0
1932384, 1, 1
1932505, 0, 1
1932509, 1, 1
1932630, 0, 0
1932634, 1, 1
1932755, 0, 1
1932759, 1, 1
1932880, 0, bit 1
1932880, 0, 0
1932884, 1, 1
1933005, 0, 1
1933009, 1, 1
1933130, 0, 1
1933134, 1, 1
1933255, 0, 0
1933259, 1, 1
1933380, 0, 0
1933384, 1, 1
1933505, 0, 1
1933509, 1, 1
1933630, 0, 1
1933634, 1, 1
1933755, 0, 0
1933759, 1, bit 1
1933759, 1, 0
1933880, 0, 0
1933884, 1, 1
1934005, 0, 1
1934009, 1, 1
1934130, 0, 1
1934134, 1, 0
1934255, 0, 0
1934259, 1, 1
1934380, 0, 1
1934384, 1, 0
1934505, 0, 0
1934509, 1, 1
1934630, 0, bit 0
1934630, 0, 1
1934635, 1, 0
1934755, 0, 0
1934760, 1, 1
1934880, 0, 0
1934885, 1, 0
1935005, 0, 1
1935010, 1, 0
1935130, 0, 1
1935135, 1, 1
1935255, 0, 0
1935260, 1, 0
1935380, 0, 0
1935385, 1, 1
1935505, 0, 1
1935510, 1, bit 0
1935510, 1, 1
1935630, 0, 1
1935635, 1, 0
1935755, 0, 0
1935760, 1, 0
1935763, 2, prem 0
1935763, 2, 0
1935880, 0, 0
1935885, 1, 1
1935888, 2, 0
1936005, 0, 1
1936010, 1, 0
1936013, 2, 0
1936130, 0, 0
1936135, 1, 1
1936138, 2, 0
1936256, 0, 1
1936260, 1, 0
1936263, 2, 0
1936381, 0, bit 1
1936381, 0, 0
1936385, 1, 1
1936388, 2, 0
1936506, 0, 1
1936510, 1, 0
1936513, 2, 0
1936631, 0, 1
1936635, 1, 1
1936638, 2, 0
1936756, 0, 0
1936760, 1, 1
1936763, 2, 0
1936881, 0, 0
1936885, 1, 0
1936888, 2, 0
1937006, 0, 1
1937010, 1, 1
1937013, 2, 0
1937131, 0, 1
1937135, 1, 0
1937138, 2, 0
1937256, 0, 0
1937260, 1, bit 1
1937260, 1, 0
1937263, 2, 0
1937381, 0, 0
1937385, 1, 1
1937388, 2, 0
1937506, 0, 1
1937510, 1, 1
1937513, 2, 0
1937631, 0, 1
1937635, 1, 0
1937638, 2, 0
1937756, 0, 0
1937760, 1, 1
1937763, 2, 1
1937881, 0, 1
1937885, 1, 0
1937888, 2, 1
1938006, 0, 0
1938010, 1, 1
1938013, 2, 1
1938131, 0, bit 0
1938131, 0, 1
1938135, 1, 0
1938138, 2, 1
1938256, 0, 0
1938260, 1, 1
1938263, 2, 1
1938381, 0, 0
1938385, 1, 0
1938388, 2, 1
1938506, 0, 1
1938510, 1, 0
1938513, 2, 1
1938631, 0, 1
1938635, 1, 1
1938638, 2, 1
1938756, 0, 0
1938760, 1, 0
1938763, 2, 1
1938881, 0, 0
1938885, 1, 1
1938888, 2, 1
1939006, 0, 1
1939010, 1, bit 1
1939010, 1, 0
1939013, 2, 1
1939131, 0, 1
1939135, 1, 1
1939138, 2, 1
1939256, 0, 0
1939260, 1, 1
1939263, 2, 1
1939381, 0, 0
1939385, 1, 0
1939388, 2, 1
1939506, 0, 1
1939510, 1, 1
1939513, 2, 1
1939631, 0, 0
1939635, 1, 0
1939638, 2, 1
1939756, 0, 1
1939760, 1, 1
1939763, 2, prem 0
1939763, 2, 0
1939881, 0, bit 1
1939881, 0, 0
1939885, 1, 0
1939888, 2, 0
1940006, 0, 1
1940011, 1, 1
1940013, 2, 0
1940131, 0, 1
1940136, 1, 0
1940139, 2, 0
1940256, 0, 0
1940261, 1, 0
1940264, 2, 0
1940381, 0, 0
1940386, 1, 1
1940389, 2, 0
1940506, 0, 1
1940511, 1, 0
1940514, 2, 0
1940631, 0, 1
1940636, 1, 1
1940639, 2, 0
1940756, 0, 0
1940761, 1, bit 1
1940761, 1, 0
1940764, 2, 0
1940881, 0, 0
1940886, 1, 1
1940889, 2, 0
1941006, 0, 1
1941011, 1, 1
1941014, 2, 0
1941131, 0, 1
1941136, 1, 0
1941139, 2, 0
1941256, 0, 0
1941261, 1, 1
1941264, 2, 0
1941381, 0, 1
1941386, 1, 0
1941389, 2, 0
1941506, 0, 0
1941511, 1, 1
1941514, 2, 0
1941632, 0, bit 1
1941632, 0, 0
1941636, 1, 0
1941639, 2, 0
1941757, 0, 1
1941761, 1, 1
1941764, 2, 1
1941882, 0, 1
1941886, 1, 0
1941889, 2, 1
1942007, 0, 0
1942011, 1, 0
1942014, 2, 1
1942132, 0, 0
1942136, 1, 1
1942139, 2, 1
1942257, 0, 1
1942261, 1, 0
1942264, 2, 1
1942382, 0, 1
1942386, 1, 1
1942389, 2, 1
1942507, 0, 0
1942511, 1, bit 0
1942511, 1, 1
1942514, 2, 1
1942632, 0, 0
1942636, 1, 0
1942639, 2, 1
1942757, 0, 1
1942761, 1, 0
1942764, 2, 1
1942882, 0, 1
1942886, 1, 1
1942889, 2, 1
1943007, 0, 0
1943011, 1, 0
1943014, 2, 1
1943132, 0, 1
1943136, 1, 1
1943139, 2, 1
1943257, 0, 0
1943261, 1, 0
1943264, 2, 1
1943382, 0, bit 1
1943382, 0, 0
1943386, 1, 1
1943389, 2, 1
1943507, 0, 1
1943511, 1, 0
1943514, 2, 1
1943632, 0, 1
1943636, 1, 1
1943639, 2, 1
1943757, 0, 0
1943761, 1, 1
1943764, 2, prem 0
1943764, 2, 0
1943882, 0, 0
1943886, 1, 0
1943889, 2, 0
1944007, 0, 1
1944011, 1, 1
1944014, 2, 0
1944132, 0, 1
1944136, 1, 0
1944139, 2, 0
1944257, 0, 0
1944261, 1, bit 1
1944261, 1, 0
1944264, 2, 0
1944382, 0, 0
1944386, 1, 1
1944389, 2, 0
1944507, 0, 1
1944511, 1, 1
1944514, 2, 0
1944632, 0, 1
1944636, 1, 0
1944639, 2, 0
1944757, 0, 0
1944761, 1, 1
1944764, 2, 0
1944882, 0, 1
1944886, 1, 0
1944889, 2, 0
1945007, 0, 0
1945011, 1, 1
1945014, 2, 0
1945132, 0, bit 1
1945132, 0, 0
1945136, 1, 0
1945139, 2, 0
1945257, 0, 1
1945261, 1, 1
1945264, 2, 0
1945382, 0, 1
1945387, 1, 0
1945389, 2, 0
1945507, 0, 0
1945512, 1, 0
1945515, 2, 0
1945632, 0, 0
1945637, 1, 1
1945640, 2, 0
1945757, 0, 1
1945762, 1, 0
1945765, 2, 1
1945882, 0, 1
1945887, 1, 1
1945890, 2, 1
1946007, 0, 0
1946012, 1, bit 1
1946012, 1, 0
1946015, 2, 1
1946132, 0, 0
1946137, 1, 1
1946140, 2, 1
1946257, 0, 1
1946262, 1, 1
1946265, 2, 1
1946382, 0, 1
1946387, 1, 0
1946390, 2, 1
1946507, 0, 0
1946512, 1, 1
1946515, 2, 1
1946632, 0, 1
1946637, 1, 0
1946640, 2, 1
1946757, 0, 0
1946762, 1, 1
1946765, 2, 1
1946882, 0, bit 1
1946882, 0, 0
1946887, 1, 0
1946890, 2, 1
1947008, 0, 1
1947012, 1, 1
1947015, 2, 1
1947133, 0, 1
1947137, 1, 0
1947140, 2, 1
1947258, 0, 0
1947262, 1, 0
1947265, 2, 1
1947383, 0, 0
1947387, 1, 1
1947390, 2, 1
1947508, 0, 1
1947512, 1, 0
1947515, 2, 1
1947633, 0, 1
1947637, 1, 1
1947640, 2, 1
1947758, 0, 0
1947762, 1, bit 1
1947762, 1, 0
1947765, 2, prem 0
1947765, 2, 0
1947883, 0, 0
1947887, 1, 1
1947890, 2, 0
1948008, 0, 1
1948012, 1, 1
1948015, 2, 0
1948133, 0, 1
1948137, 1, 0
1948140, 2, 0
1948258, 0, 0
1948262, 1, 1
1948265, 2, 0
1948383, 0, 1
1948387, 1, 0
1948397, 2, 0
1948508, 0, 0
1948512, 1, 1
1948522, 2, 0
1948633, 0, bit 1
1948633, 0, 0
1948637, 1, 0
1948647, 2, 0
1948758, 0, 1
1948762, 1, 1
1948772, 2, 0
1948883, 0, 1
1948887, 1, 0
1948897, 2, 0
1949008, 0, 0
1949012, 1, 0
1949022, 2, 0
1949133, 0, 0
1949137, 1, 1
1949147, 2, 0
1949258, 0, 1
1949262, 1, 0
1949272, 2, 0
1949383, 0, 1
1949387, 1, 1
1949398, 2, 0
1949508, 0, 0
1949512, 1, bit 1
1949512, 1, 0
1949523, 2, 0
1949633, 0, 0
1949637, 1, 1
1949648, 2, 0
1949758, 0, 1
1949762, 1, 1
1949773, 2, 1
1949883, 0, 1
1949887, 1, 0
1949898, 2, 1
1950008, 0, 0
1950012, 1, 1
1950023, 2, 1
1950133, 0, 1
1950137, 1, 0
1950148, 2, 1
1950258, 0, 0
1950262, 1, 1
1950273, 2, 1
1950383, 0, bit 1
1950383, 0, 0
1950387, 1, 0
1950398, 2, 1
1950508, 0, 1
1950512, 1, 1
1950523, 2, 1
1950633, 0, 1
1950637, 1, 0
1950648, 2, 1
1950758, 0, 0
1950763, 1, 0
1950773, 2, 1
1950883, 0, 0
1950888, 1, 1
1950898, 2, 1
1951008, 0, 1
1951013, 1, 0
1951023, 2, 1
1951133, 0, 1
1951138, 1, 1
1951148, 2, 1
1951258, 0, 0
1951263, 1, bit 0
1951263, 1, 1
1951273, 2, 1
1951383, 0, 0
1951388, 1, 0
1951398, 2, 1
1951508, 0, 1
1951513, 1, 0
1951523, 2, 1
1951633, 0, 1
1951638, 1, 1
1951648, 2, 1
1951758, 0, 0
1951763, 1, 0
1951773, 2, prem 1
1951773, 2, 1
1951883, 0, 1
1951888, 1, 1
1951898, 2, 1
1952008, 0, 0
1952013, 1, 0
1952023, 2, 1
1952133, 0, bit 1
1952133, 0, 0
1952138, 1, 1
1952148, 2, 1
1952258, 0, 1
1952263, 1, 0
1952273, 2, 1
1952384, 0, 1
1952388, 1, 1
1952398, 2, 1
1952509, 0, 0
1952513, 1, 1
1952523, 2, 1
1952634, 0, 0
1952638, 1, 0
1952648, 2, 1
1952759, 0, 1
1952763, 1, 1
1952773, 2, 1
1952884, 0, 1
1952888, 1, 0
1952898, 2, 1
1953009, 0, 0
1953013, 1, bit 0
1953013, 1, 1
1953024, 2, 1
1953134, 0, 0
1953138, 1, 0
1953149, 2, 1
1953259, 0, 1
1953263, 1, 0
1953274, 2, 1
1953384, 0, 1
1953388, 1, 1
1953399, 2, 1
1953509, 0, 0
1953513, 1, 0
1953524, 2, 1
1953634, 0, 1
1953638, 1, 1
1953649, 2, 1
1953759, 0, 0
1953763, 1, 0
1953774, 2, 0
1953884, 0, bit 0
1953884, 0, 1
1953888, 1, 1
1953899, 2, 0
1954009, 0, 0
1954013, 1, 0
1954024, 2, 0
1954134, 0, 0
1954138, 1, 1
1954149, 2, 0
1954259, 0, 1
1954263, 1, 1
1954274, 2, 0
1954384, 0, 1
1954388, 1, 0
1954399, 2, 0
1954509, 0, 0
1954513, 1, 1
1954524, 2, 0
1954634, 0, 0
1954638, 1, 0
1954649, 2, 0
1954759, 0, 1
1954763, 1, bit 1
1954763, 1, 0
1954774, 2, 0
1954884, 0, 1
1954888, 1, 1
1954899, 2, 0
1955009, 0, 0
1955013, 1, 1
1955024, 2, 0
1955134, 0, 0
1955138, 1, 0
1955149, 2, 0
1955259, 0, 1
1955263, 1, 1
1955274, 2, 0
1955384, 0, 0
1955388, 1, 0
1955399, 2, 0
1955509, 0, 1
1955513, 1, 1
1955524, 2, 0
1955634, 0, bit 0
1955634, 0, 1
1955638, 1, 0
1955649, 2, 0
1955759, 0, 0
1955763, 1, 1
1955774, 2, prem 0
1955774, 2, 0
1955884, 0, 0
1955888, 1, 0
1955899, 2, 0
1956009, 0, 1
1956013, 1, 0
1956024, 2, 0
1956134, 0, 1
1956139, 1, 1
1956149, 2, 0
1956259, 0, 0
1956264, 1, 0
1956274, 2, 0
1956384, 0, 0
1956389, 1, 1
1956399, 2, 0
1956509, 0, 1
1956514, 1, bit 0
1956514, 1, 1
1956524, 2, 0
1956634, 0, 1
1956639, 1, 0
1956649, 2, 0
1956759, 0, 0
1956764, 1, 0
1956774, 2, 0
1956884, 0, 0
1956889, 1, 1
1956899, 2, 0
1957009, 0, 1
1957014, 1, 0
1957024, 2, 0
1957134, 0, 0
1957139, 1, 1
1957149, 2, 0
1957259, 0, 1
1957264, 1, 0
1957274, 2, 0
1957384, 0, bit 1
1957384, 0, 0
1957389, 1, 1
1957399, 2, 0
1957509, 0, 1
1957514, 1, 0
1957524, 2, 0
1957634, 0, 1
1957639, 1, 1
1957649, 2, 0
1957760, 0, 0
1957764, 1, 1
1957774, 2, 1
1957885, 0, 0
1957889, 1, 0
1957899, 2, 1
1958010, 0, 1
1958014, 1, 1
1958024, 2, 1
1958135, 0, 1
1958139, 1, 0
1958149, 2, 1
1958260, 0, 0
1958264, 1, bit 1
1958264, 1, 0
1958274, 2, 1
1958385, 0, 0
1958389, 1, 1
1958400, 2, 1
1958510, 0, 1
1958514, 1, 1
1958525, 2, 1
1958635, 0, 1
1958639, 1, 0
1958650, 2, 1
1958760, 0, 0
1958764, 1, 1
1958775, 2, 1
1958885, 0, 1
1958889, 1, 0
1958900, 2, 1
1959010, 0, 0
1959014, 1, 1
1959025, 2, 1
1959135, 0, bit 0
1959135, 0, 1
1959139, 1, 0
1959150, 2, 1
1959260, 0, 0
1959264, 1, 1
1959275, 2, 1
1959385, 0, 0
1959389, 1, 0
1959400, 2, 1
1959510, 0, 1
1959514, 1, 0
1959525, 2, 1
1959635, 0, 1
1959639, 1, 1
1959650, 2, 1
1959760, 0, 0
1959764, 1, 0
1959775, 2, prem 1
1959775, 2, 1
1959885, 0, 0
1959889, 1, 1
1959900, 2, 1
1960010, 0, 1
1960014, 1, bit 0
1960014, 1, 1
1960025, 2, 1
1960135, 0, 1
1960139, 1, 0
1960150, 2, 1
1960260, 0, 0
1960264, 1, 0
1960275, 2, 1
1960385, 0, 0
1960389, 1, 1
1960400, 2, 1
1960510, 0, 1
1960514, 1, 0
1960525, 2, 1
1960635, 0, 0
1960639, 1, 1
1960650, 2, 1
1960760, 0, 1
1960764, 1, 0
1960775, 2, 1
1960885, 0, bit 0
1960885, 0, 1
1960889, 1, 1
1960900, 2, 1
1961010, 0, 0
1961014, 1, 0
1961025, 2, 1
1961135, 0, 0
1961139, 1, 1
1961150, 2, 1
1961260, 0, 1
1961264, 1, 1
1961275, 2, 1
1961385, 0, 1
1961389, 1, 0
1961400, 2, 1
1961510, 0, 0
1961515, 1, 1
1961525, 2, 1
1961635, 0, 0
1961640, 1, 0
1961650, 2, 1
1961760, 0, 1
1961765, 1, bit 0
1961765, 1, 1
1961775, 2, 0
1961885, 0, 1
1961890, 1, 0
1961900, 2, 0
1962010, 0, 0
1962015, 1, 0
1962025, 2, 0
1962135, 0, 0
1962140, 1, 1
1962150, 2, 0
1962260, 0, 1
1962265, 1, 0
1962275, 2, 0
1962385, 0, 0
1962390, 1, 1
1962400, 2, 0
1962510, 0, 1
1962515, 1, 0
1962525, 2, 0
1962635, 0, bit 0
1962635, 0, 1
1962640, 1, 1
1962650, 2, 0
1962760, 0, 0
1962765, 1, 0
1962775, 2, 0
1962885, 0, 0
1962890, 1, 1
1962900, 2, 0
1963010, 0, 1
1963015, 1, 1
1963025, 2, 0
1963136, 0, 1
1963140, 1, 0
1963150, 2, 0
1963261, 0, 0
1963265, 1, 1
1963275, 2, 0
1963386, 0, 0
1963390, 1, 0
1963400, 2, 0
1963511, 0, 1
1963515, 1, bit 1
1963515, 1, 0
1963525, 2, 0
1963636, 0, 1
1963640, 1, 1
1963650, 2, 0
1963761, 0, 0
1963765, 1, 1
1963776, 2, bit 1
1963776, 2, 0
1963886, 0, 0
1963890, 1, 0
1963901, 2, 1
1964011, 0, 1
1964015, 1, 1
1964026, 2, 0
1964136, 0, 0
1964140, 1, 0
1964151, 2, 1
1964261, 0, 1
1964265, 1, 1
1964276, 2, 0
1964386, 0, bit 1
1964386, 0, 0
1964390, 1, 0
1964401, 2, 1
1964511, 0, 1
1964515, 1, 1
1964526, 2, 0
1964636, 0, 1
1964640, 1, 0
1964651, 2, 1
1964761, 0, 0
1964765, 1, 0
1964776, 2, 1
1964780, 3, prem 1
1964780, 3, 1
1964886, 0, 0
1964890, 1, 1
1964901, 2, 0
1964905, 3, 1
1965011, 0, 1
1965015, 1, 0
1965026, 2, 0
1965030, 3, 1
1965136, 0, 1
1965140, 1, 1
1965151, 2, 1
1965155, 3, 1
1965261, 0, 0
1965265, 1, bit 1
1965265, 1, 0
1965276, 2, 1
1965280, 3, 1
1965386, 0, 0
1965390, 1, 1
1965401, 2, 0
1965405, 3, 1
1965511, 0, 1
1965515, 1, 1
1965526, 2, bit 1
1965526, 2, 0
1965530, 3, 1
1965636, 0, 1
1965640, 1, 0
1965651, 2, 1
1965655, 3, 1
1965761, 0, 0
1965765, 1, 1
1965776, 2, 0
1965780, 3, 1
1965886, 0, 1
1965890, 1, 0
1965901, 2, 1
1965905, 3, 1
1966011, 0, 0
1966015, 1, 1
1966026, 2, 0
1966030, 3, 1
1966136, 0, bit 1
1966136, 0, 0
1966140, 1, 0
1966151, 2, 1
1966155, 3, 1
1966261, 0, 1
1966265, 1, 1
1966276, 2, 0
1966280, 3, 1
1966386, 0, 1
1966390, 1, 0
1966401, 2, 1
1966405, 3, 1
1966511, 0, 0
1966515, 1, 0
1966526, 2, 1
1966530, 3, 1
1966636, 0, 0
1966640, 1, 1
1966651, 2, 0
1966655, 3, 1
1966761, 0, 1
1966765, 1, 0
1966776, 2, 0
1966780, 3, 0
1966886, 0, 1
1966891, 1, 1
1966901, 2, 1
1966905, 3, 0
1967011, 0, 0
1967016, 1, bit 0
1967016, 1, 1
1967026, 2, 1
1967030, 3, 0
1967136, 0, 0
1967141, 1, 0
1967151, 2, 0
1967155, 3, 0
1967261, 0, 1
1967266, 1, 0
1967276, 2, bit 1
1967276, 2, 0
1967280, 3, 0
1967386, 0, 1
1967391, 1, 1
1967401, 2, 1
1967405, 3, 0
1967511, 0, 0
1967516, 1, 0
1967526, 2, 0
1967531, 3, 0
1967636, 0, 1
1967641, 1, 1
1967651, 2, 1
1967656, 3, 0
1967761, 0, 0
1967766, 1, 0
1967776, 2, 0
1967781, 3, 0
1967886, 0, bit 0
1967886, 0, 1
1967891, 1, 1
1967901, 2, 1
1967906, 3, 0
1968011, 0, 0
1968016, 1, 0
1968026, 2, 0
1968031, 3, 0
1968136, 0, 0
1968141, 1, 1
1968151, 2, 1
1968156, 3, 0
1968261, 0, 1
1968266, 1, 1
1968276, 2, 1
1968281, 3, 0
1968386, 0, 1
1968391, 1, 0
1968401, 2, 0
1968406, 3, 0
1968512, 0, 0
1968516, 1, 1
1968526, 2, 0
1968531, 3, 0
1968637, 0, 0
1968641, 1, 0
1968651, 2, 1
1968656, 3, 0
1968762, 0, 1
1968766, 1, bit 1
1968766, 1, 0
1968776, 2, 1
1968781, 3, prem 1
1968781, 3, 1
1968887, 0, 1
1968891, 1, 1
1968901, 2, 0
1968906, 3, 1
1969012, 0, 0
1969016, 1, 1
1969026, 2, bit 0
1969026, 2, 1
1969031, 3, 1
1969137, 0, 0
1969141, 1, 0
1969152, 2, 0
1969156, 3, 1
1969262, 0, 1
1969266, 1, 1
1969277, 2, 1
1969281, 3, 1
1969387, 0, 0
1969391, 1, 0
1969402, 2, 0
1969406, 3, 1
1969512, 0, 1
1969516, 1, 1
1969527, 2, 1
1969531, 3, 1
1969637, 0, bit 0
1969637, 0, 1
1969641, 1, 0
1969652, 2, 0
1969656, 3, 1
1969762, 0, 0
1969766, 1, 1
1969777, 2, 1
1969781, 3, 1
1969887, 0, 0
1969891, 1, 0
1969902, 2, 0
1969906, 3, 1
1970012, 0, 1
1970016, 1, 0
1970027, 2, 0
1970031, 3, 1
1970137, 0, 1
1970141, 1, 1
1970152, 2, 1
1970156, 3, 1
1970262, 0, 0
1970266, 1, 0
1970277, 2, 1
1970281, 3, 1
1970387, 0, 0
1970391, 1, 1
1970402, 2, 0
1970406, 3, 1
1970512, 0, 1
1970516, 1, bit 0
1970516, 1, 1
1970527, 2, 0
1970531, 3, 1
1970637, 0, 1
1970641, 1, 0
1970652, 2, 1
1970656, 3, 1
1970762, 0, 0
1970766, 1, 0
1970777, 2, bit 1
1970777, 2, 0
1970781, 3, 0
1970887, 0, 0
1970891, 1, 1
1970902, 2, 1
1970906, 3, 0
1971012, 0, 1
1971016, 1, 0
1971027, 2, 0
1971031, 3, 0
1971137, 0, 0
1971141, 1, 1
1971152, 2, 1
1971156, 3, 0
1971262, 0, 1
1971266, 1, 0
1971277, 2, 0
1971281, 3, 0
1971387, 0, bit 1
1971387, 0, 0
1971391, 1, 1
1971402, 2, 1
1971406, 3, 0
1971512, 0, 1
1971516, 1, 0
1971527, 2, 0
1971531, 3, 0
1971637, 0, 1
1971641, 1, 1
1971652, 2, 1
1971656, 3, 0
1971762, 0, 0
1971766, 1, 1
1971777, 2, 1
1971781, 3, 0
1971887, 0, 0
1971891, 1, 0
1971902, 2, 0
1971906, 3, 0
1972012, 0, 1
1972016, 1, 1
1972027, 2, 0
1972031, 3, 0
1972137, 0, 1
1972141, 1, 0
1972152, 2, 1
1972156, 3, 0
1972262, 0, 0
1972267, 1, bit 0
1972267, 1, 1
1972277, 2, 1
1972281, 3, 0
1972387, 0, 0
1972392, 1, 0
1972402, 2, 0
1972406, 3, 0
1972512, 0, 1
1972517, 1, 0
1972527, 2, bit 0
1972527, 2, 1
1972531, 3, 0
1972637, 0, 1
1972642, 1, 1
1972652, 2, 0
1972656, 3, 0
1972762, 0, 0
1972767, 1, 0
1972777, 2, 1
1972781, 3, prem 1
1972781, 3, 1
1972887, 0, 1
1972892, 1, 1
1972902, 2, 0
1972907, 3, 1
1973012, 0, 0
1973017, 1, 0
1973027, 2, 1
1973032, 3, 1
1973137, 0, bit 1
1973137, 0, 0
1973142, 1, 1
1973152, 2, 0
1973157, 3, 1
1973262, 0, 1
1973267, 1, 0
1973277, 2, 1
1973282, 3, 1
1973387, 0, 1
1973392, 1, 1
1973402, 2, 0
1973407, 3, 1
1973512, 0, 0
1973517, 1, 1
1973527, 2, 0
1973532, 3, 1
1973637, 0, 0
1973642, 1, 0
1973652, 2, 1
1973657, 3, 1
1973762, 0, 1
1973767, 1, 1
1973777, 2, 1
1973782, 3, 1
1973888, 0, 1
1973892, 1, 0
1973902, 2, 0
1973907, 3, 1
1974013, 0, 0
1974017, 1, bit 0
1974017, 1, 1
1974027, 2, 0
1974032, 3, 1
1974138, 0, 0
1974142, 1, 0
1974152, 2, 1
1974157, 3, 1
1974263, 0, 1
1974267, 1, 0
1974277, 2, bit 0
1974280, 2, 1
1974282, 3, 1
1974388, 0, 1
1974392, 1, 1
1974402, 2, 0
1974407, 3, 1
1974513, 0, 0
1974517, 1, 0
1974528, 2, 1
1974532, 3, 1
1974638, 0, 1
1974642, 1, 1
1974653, 2, 0
1974657, 3, 1
1974763, 0, 0
1974767, 1, 0
1974778, 2, 1
1974782, 3, 0
1974888, 0, bit 0
1974888, 0, 1
1974892, 1, 1
1974903, 2, 0
1974907, 3, 0
1975013, 0, 0
1975017, 1, 0
1975028, 2, 1
1975032, 3, 0
1975138, 0, 0
1975142, 1, 1
1975153, 2, 0
1975157, 3, 0
1975263, 0, 1
1975267, 1, 1
1975278, 2, 0
1975282, 3, 0
1975388, 0, 1
1975392, 1, 0
1975403, 2, 1
1975407, 3, 0
1975513, 0, 0
1975517, 1, 1
1975528, 2, 1
1975532, 3, 0
1975638, 0, 0
1975642, 1, 0
1975653, 2, 0
1975657, 3, 0
1975763, 0, 1
1975767, 1, bit 0
1975767, 1, 1
1975778, 2, 0
1975782, 3, 0
1975888, 0, 1
1975892, 1, 0
1975903, 2, 1
1975907, 3, 0
1976013, 0, 0
1976017, 1, 0
1976028, 2, bit 0
1976028, 2, 1
1976032, 3, 0
1976138, 0, 0
1976142, 1, 1
1976153, 2, 0
1976157, 3, 0
1976263, 0, 1
1976267, 1, 0
1976278, 2, 1
1976282, 3, 0
1976388, 0, 0
1976392, 1, 1
1976403, 2, 0
1976407, 3, 0
1976513, 0, 1
1976517, 1, 0
1976528, 2, 1
1976532, 3, 0
1976638, 0, bit 1
1976638, 0, 0
1976642, 1, 1
1976653, 2, 0
1976657, 3, 0
1976763, 0, 1
1976767, 1, 0
1976778, 2, 1
1976782, 3, prem 0
1976782, 3, 0
1976888, 0, 1
1976892, 1, 1
1976903, 2, 0
1976907, 3, 0
1977013, 0, 0
1977017, 1, 1
1977028, 2, 0
1977032, 3, 0
1977138, 0, 0
1977142, 1, 0
1977153, 2, 1
1977157, 3, 0
1977263, 0, 1
1977267, 1, 1
1977278, 2, 1
1977282, 3, 0
1977388, 0, 1
1977392, 1, 0
1977403, 2, 0
1977407, 3, 0
1977513, 0, 0
1977517, 1, bit 0
1977517, 1, 1
1977528, 2, 0
1977532, 3, 0
1977638, 0, 0
1977643, 1, 0
1977653, 2, 1
1977657, 3, 0
1977763, 0, 1
1977768, 1, 0
1977778, 2, bit 0
1977778, 2, 1
1977782, 3, 0
1977888, 0, 1
1977893, 1, 1
1977903, 2, 0
1977907, 3, 0
1978013, 0, 0
1978018, 1, 0
1978028, 2, 1
1978032, 3, 0
1978138, 0, 1
1978143, 1, 1
1978153, 2, 0
1978157, 3, 0
1978263, 0, 0
1978268, 1, 0
1978278, 2, 1
1978283, 3, 0
1978388, 0, bit 0
1978388, 0, 1
1978393, 1, 1
1978403, 2, 0
1978408, 3, 0
1978513, 0, 0
1978518, 1, 0
1978528, 2, 1
1978533, 3, 0
1978638, 0, 0
1978643, 1, 1
1978653, 2, 0
1978658, 3, 0
1978763, 0, 1
1978768, 1, 1
1978778, 2, 0
1978783, 3, 1
1978888, 0, 1
1978893, 1, 0
1978903, 2, 1
1978908, 3, 1
1979013, 0, 0
1979018, 1, 1
1979028, 2, 1
1979033, 3, 1
1979138, 0, 0
1979143, 1, 0
1979153, 2, 0
1979158, 3, 1
1979264, 0, 1
1979268, 1, bit 1
1979271, 1, 0
1979278, 2, 0
1979283, 3, 1
1979389, 0, 1
1979393, 1, 1
1979403, 2, 1
1979408, 3, 1
1979514, 0, 0
1979518, 1, 1
1979528, 2, bit 1
1979528, 2, 0
1979533, 3, 1
1979639, 0, 0
1979643, 1, 0
1979653, 2, 1
1979658, 3, 1
1979764, 0, 1
1979768, 1, 1
1979778, 2, 0
1979783, 3, 1
1979889, 0, 0
1979893, 1, 0
1979904, 2, 1
1979908, 3, 1
1980014, 0, 1
1980018, 1, 1
1980029, 2, 0
1980033, 3, 1
1980139, 0, bit 0
1980139, 0, 1
1980143, 1, 0
1980154, 2, 1
1980158, 3, 1
1980264, 0, 0
1980268, 1, 1
1980279, 2, 0
1980283, 3, 1
1980389, 0, 0
1980393, 1, 0
1980404, 2, 1
1980408, 3, 1
1980514, 0, 1
1980518, 1, 0
1980529, 2, 1
1980533, 3, 1
1980639, 0, 1
1980643, 1, 1
1980654, 2, 0
1980658, 3, 1
1980764, 0, 0
1980768, 1, 0
1980779, 2, 0
1980783, 3, prem 1
1980783, 3, 1
1980889, 0, 0
1980893, 1, 1
1980904, 2, 1
1980908, 3, 1
1981014, 0, 1
1981018, 1, bit 0
1981018, 1, 1
1981029, 2, 1
1981033, 3, 1
1981139, 0, 1
1981143, 1, 0
1981154, 2, 0
1981158, 3, 1
1981264, 0, 0
1981268, 1, 0
1981279, 2, bit 1
1981279, 2, 0
1981283, 3, 1
1981389, 0, 0
1981393, 1, 1
1981404, 2, 1
1981408, 3, 1
1981514, 0, 1
1981518, 1, 0
1981529, 2, 0
1981533, 3, 1
1981639, 0, 0
1981643, 1, 1
1981654, 2, 1
1981658, 3, 1
1981764, 0, 1
1981768, 1, 0
1981779, 2, 0
1981783, 3, 1
1981889, 0, bit 1
1981889, 0, 0
1981893, 1, 1
1981904, 2, 1
1981908, 3, 1
1982014, 0, 1
1982018, 1, 0
1982029, 2, 0
1982033, 3, 1
1982139, 0, 1
1982143, 1, 1
1982154, 2, 1
1982158, 3, 1
1982264, 0, 0
1982268, 1, 1
1982279, 2, 1
1982283, 3, 1
1982389, 0, 0
1982393, 1, 0
1982404, 2, 0
1982408, 3, 1
1982514, 0, 1
1982518, 1, 1
1982529, 2, 0
1982533, 3, 1
1982639, 0, 1
1982643, 1, 0
1982654, 2, 1
1982658, 3, 1
1982764, 0, 0
1982768, 1, bit 0
1982768, 1, 1
1982779, 2, 1
1982783, 3, 0
1982889, 0, 0
1982893, 1, 0
1982904, 2, 0
1982908, 3, 0
1983014, 0, 1
1983019, 1, 0
1983029, 2, bit 0
1983029, 2, 1
1983033, 3, 0
1983139, 0, 1
1983144, 1, 1
1983154, 2, 0
1983158, 3, 0
1983264, 0, 0
1983269, 1, 0
1983279, 2, 1
1983283, 3, 0
1983389, 0, 1
1983394, 1, 1
1983404, 2, 0
1983408, 3, 0
1983514, 0, 0
1983519, 1, 0
1983529, 2, 1
1983533, 3, 0
1983639, 0, bit 0
1983639, 0, 1
1983644, 1, 1
1983654, 2, 0
1983659, 3, 0
1983764, 0, 0
1983769, 1, 0
1983779, 2, 1
1983784, 3, 0
1983889, 0, 0
1983894, 1, 1
1983904, 2, 0
1983909, 3, 0
1984014, 0, 1
1984019, 1, 1
1984029, 2, 0
1984034, 3, 0
1984139, 0, 1
1984144, 1, 0
1984154, 2, 1
1984159, 3, 0
1984264, 0, 0
1984269, 1, 1
1984279, 2, 1
1984284, 3, 0
1984389, 0, 0
1984394, 1, 0
1984404, 2, 0
1984409, 3, 0
1984514, 0, 1
1984519, 1, bit 0
1984519, 1, 1
1984529, 2, 0
1984534, 3, 0
1984640, 0, 1
1984644, 1, 0
1984654, 2, 1
1984659, 3, 0
1984765, 0, 0
1984769, 1, 0
1984779, 2, bit 0
1984779, 2, 1
1984784, 3, prem 1
1984784, 3, 1
1984890, 0, 0
1984894, 1, 1
1984904, 2, 0
1984909, 3, 1
1985015, 0, 1
1985019, 1, 0
1985029, 2, 1
1985034, 3, 1
1985140, 0, 0
1985144, 1, 1
1985154, 2, 0
1985159, 3, 1
1985265, 0, 1
1985269, 1, 0
1985280, 2, 1
1985284, 3, 1
1985390, 0, bit 0
1985390, 0, 1
1985394, 1, 1
1985405, 2, 0
1985409, 3, 1
1985515, 0, 0
1985519, 1, 0
1985530, 2, 1
1985534, 3, 1
1985640, 0, 0
1985644, 1, 1
1985655, 2, 0
1985659, 3, 1
1985765, 0, 1
1985769, 1, 1
1985780, 2, 0
1985784, 3, 1
1985890, 0, 1
1985894, 1, 0
1985905, 2, 1
1985909, 3, 1
1986015, 0, 0
1986019, 1, 1
1986030, 2, 1
1986034, 3, 1
1986140, 0, 0
1986144, 1, 0
1986155, 2, 0
1986159, 3, 1
1986265, 0, 1
1986269, 1, bit 0
1986269, 1, 1
1986280, 2, 0
1986284, 3, 1
1986390, 0, 1
1986394, 1, 0
1986405, 2, 1
1986409, 3, 1
1986515, 0, 0
1986519, 1, 0
1986530, 2, bit 0
1986530, 2, 1
1986534, 3, 1
1986640, 0, 0
1986644, 1, 1
1986655, 2, 0
1986659, 3, 1
1986765, 0, 1
1986769, 1, 0
1986780, 2, 1
1986784, 3, 0
1986890, 0, 0
1986894, 1, 1
1986905, 2, 0
1986909, 3, 0
1987015, 0, 1
1987019, 1, 0
1987030, 2, 1
1987034, 3, 0
1987140, 0, bit 0
1987140, 0, 1
1987144, 1, 1
1987155, 2, 0
1987159, 3, 0
1987265, 0, 0
1987269, 1, 0
1987280, 2, 1
1987284, 3, 0
1987390, 0, 0
1987394, 1, 1
1987405, 2, 0
1987409, 3, 0
1987515, 0, 1
1987519, 1, 1
1987530, 2, 0
1987534, 3, 0
1987640, 0, 1
1987644, 1, 0
1987655, 2, 1
1987659, 3, 0
1987765, 0, 0
1987769, 1, 1
1987780, 2, 1
1987784, 3, 0
1987890, 0, 0
1987894, 1, 0
1987905, 2, 0
1987909, 3, 0
1988015, 0, 1
1988019, 1, bit 1
1988019, 1, 0
1988030, 2, 0
1988034, 3, 0
1988140, 0, 1
1988144, 1, 1
1988155, 2, 1
1988159, 3, 0
1988265, 0, 0
1988269, 1, 1
1988280, 2, bit 1
1988280, 2, 0
1988284, 3, 0
1988390, 0, 0
1988395, 1, 0
1988405, 2, 1
1988409, 3, 0
1988515, 0, 1
1988520, 1, 1
1988530, 2, 0
1988534, 3, 0
1988640, 0, 0
1988645, 1, 0
1988655, 2, 1
1988659, 3, 0
1988765, 0, 1
1988770, 1, 1
1988780, 2, 0
1988784, 3, prem 1
1988784, 3, 1
1988890, 0, bit 0
1988890, 0, 1
1988895, 1, 0
1988905, 2, 1
1988909, 3, 1
1989015, 0, 0
1989020, 1, 1
1989030, 2, 0
1989035, 3, 1
1989140, 0, 0
1989145, 1, 0
1989155, 2, 1
1989160, 3, 1
1989265, 0, 1
1989270, 1, 0
1989280, 2, 1
1989285, 3, 1
1989390, 0, 1
1989395, 1, 1
1989405, 2, 0
1989410, 3, 1
1989515, 0, 0
1989520, 1, 0
1989530, 2, 0
1989535, 3, 1
1989640, 0, 0
1989645, 1, 1
1989655, 2, 1
1989660, 3, 1
1989765, 0, 1
1989770, 1, bit 0
1989770, 1, 1
1989780, 2, 1
1989785, 3, 1
1989890, 0, 1
1989895, 1, 0
1989905, 2, 0
1989910, 3, 1
1990016, 0, 0
1990020, 1, 0
1990030, 2, bit 1
1990030, 2, 0
1990035, 3, 1
1990141, 0, 0
1990145, 1, 1
1990155, 2, 1
1990160, 3, 1
1990266, 0, 1
1990270, 1, 0
1990280, 2, 0
1990285, 3, 1
1990391, 0, 0
1990395, 1, 1
1990405, 2, 1
1990410, 3, 1
1990516, 0, 1
1990520, 1, 0
1990530, 2, 0
1990535, 3, 1
1990641, 0, bit 1
1990641, 0, 0
1990645, 1, 1
1990656, 2, 1
1990660, 3, 1
1990766, 0, 1
1990770, 1, 0
1990781, 2, 0
1990785, 3, 0
1990891, 0, 1
1990895, 1, 1
1990906, 2, 1
1990910, 3, 0
1991016, 0, 0
1991020, 1, 1
1991031, 2, 1
1991035, 3, 0
1991141, 0, 0
1991145, 1, 0
1991156, 2, 0
1991160, 3, 0
1991266, 0, 1
1991270, 1, 1
1991281, 2, 0
1991285, 3, 0
1991391, 0, 1
1991395, 1, 0
1991406, 2, 1
1991410, 3, 0
1991516, 0, 0
1991520, 1, bit 0
1991520, 1, 1
1991531, 2, 1
1991535, 3, 0
1991641, 0, 0
1991645, 1, 0
1991656, 2, 0
1991660, 3, 0
1991766, 0, 1
1991770, 1, 0
1991781, 2, bit 1
1991781, 2, 0
1991785, 3, 0
1991891, 0, 1
1991895, 1, 1
1991906, 2, 1
1991910, 3, 0
1992016, 0, 0
1992020, 1, 0
1992031, 2, 0
1992035, 3, 0
1992141, 0, 1
1992145, 1, 1
1992156, 2, 1
1992160, 3, 0
1992266, 0, 0
1992270, 1, 0
1992281, 2, 0
1992285, 3, 0
1992391, 0, bit 1
1992391, 0, 0
1992395, 1, 1
1992406, 2, 1
1992410, 3, 0
1992516, 0, 1
1992520, 1, 0
1992531, 2, 0
1992535, 3, 0
1992641, 0, 1
1992645, 1, 1
1992656, 2, 1
1992660, 3, 0
1992766, 0, 0
1992770, 1, 1
1992781, 2, 1
1992785, 3, bit 1
1992785, 3, 1
1992891, 0, 0
1992895, 1, 0
1992906, 2, 0
1992910, 3, 0
1993016, 0, 1
1993020, 1, 1
1993031, 2, 0
1993035, 3, 1
1993141, 0, 1
1993145, 1, 0
1993156, 2, 1
1993160, 3, 0
1993266, 0, 0
1993270, 1, bit 0
1993270, 1, 1
1993281, 2, 1
1993285, 3, 1
1993391, 0, 0
1993395, 1, 0
1993406, 2, 0
1993410, 3, 0
1993516, 0, 1
1993520, 1, 0
1993531, 2, bit 1
1993531, 2, 0
1993535, 3, 0
1993641, 0, 1
1993645, 1, 1
1993656, 2, 1
1993660, 3, 1
1993766, 0, 0
1993771, 1, 0
1993781, 2, 0
1993785, 3, 1
1993891, 0, 1
1993896, 1, 1
1993906, 2, 1
1993910, 3, 0
1994016, 0, 0
1994021, 1, 0
1994031, 2, 0
1994035, 3, 1
1994141, 0, bit 1
1994141, 0, 0
1994146, 1, 1
1994156, 2, 1
1994160, 3, 0
1994266, 0, 1
1994271, 1, 0
1994281, 2, 0
1994285, 3, 1
1994391, 0, 1
1994396, 1, 1
1994406, 2, 1
1994411, 3, 0
1994516, 0, 0
1994521, 1, 1
1994531, 2, 1
1994536, 3, bit 0
1994536, 3, 0
1994641, 0, 0
1994646, 1, 0
1994656, 2, 0
1994661, 3, 1
1994766, 0, 1
1994771, 1, 1
1994781, 2, 0
1994786, 3, 0
1994891, 0, 1
1994896, 1, 0
1994906, 2, 1
1994911, 3, 1
1995016, 0, 0
1995021, 1, bit 1
1995021, 1, 0
1995031, 2, 1
1995036, 3, 0
1995141, 0, 0
1995146, 1, 1
1995156, 2, 0
1995161, 3, 1
1995266, 0, 1
1995271, 1, 1
1995281, 2, bit 1
1995281, 2, 0
1995286, 3, 1
1995392, 0, 1
1995396, 1, 0
1995406, 2, 1
1995411, 3, 0
1995517, 0, 0
1995521, 1, 1
1995531, 2, 0
1995536, 3, 0
1995642, 0, 1
1995646, 1, 0
1995656, 2, 1
1995661, 3, 1
1995767, 0, 0
1995771, 1, 1
1995781, 2, 0
1995786, 3, 0
1995892, 0, bit 0
1995892, 0, 1
1995896, 1, 0
1995906, 2, 1
1995911, 3, 1
1996017, 0, 0
1996021, 1, 1
1996032, 2, 0
1996036, 3, 0
1996142, 0, 0
1996146, 1, 0
1996157, 2, 1
1996161, 3, 1
1996267, 0, 1
1996271, 1, 0
1996282, 2, 1
1996286, 3, bit 1
1996286, 3, 1
1996392, 0, 1
1996396, 1, 1
1996407, 2, 0
1996411, 3, 0
1996517, 0, 0
1996521, 1, 0
1996532, 2, 0
1996536, 3, 1
1996642, 0, 0
1996646, 1, 1
1996657, 2, 1
1996661, 3, 0
1996767, 0, 1
1996771, 1, bit 1
1996771, 1, 0
1996782, 2, 1
1996786, 3, 1
1996892, 0, 1
1996896, 1, 1
1996907, 2, 0
1996911, 3, 0
1997017, 0, 0
1997021, 1, 1
1997032, 2, bit 0
1997032, 2, 1
1997036, 3, 0
1997142, 0, 0
1997146, 1, 0
1997157, 2, 0
1997161, 3, 1
1997267, 0, 1
1997271, 1, 1
1997282, 2, 1
1997286, 3, 1
1997392, 0, 0
1997396, 1, 0
1997407, 2, 0
1997411, 3, 0
1997517, 0, 1
1997521, 1, 1
1997532, 2, 1
1997536, 3, 1
1997642, 0, bit 0
1997642, 0, 1
1997646, 1, 0
1997657, 2, 0
1997661, 3, 0
1997767, 0, 0
1997771, 1, 1
1997782, 2, 1
1997786, 3, 1
1997892, 0, 0
1997896, 1, 0
1997907, 2, 0
1997911, 3, 0
1998017, 0, 1
1998021, 1, 0
1998032, 2, 0
1998036, 3, bit 1
1998036, 3, 1
1998142, 0, 1
1998146, 1, 1
1998157, 2, 1
1998161, 3, 0
1998267, 0, 0
1998271, 1, 0
1998282, 2, 1
1998286, 3, 1
1998392, 0, 0
1998396, 1, 1
1998407, 2, 0
1998411, 3, 0
1998517, 0, 1
1998521, 1, bit 0
1998521, 1, 1
1998532, 2, 0
1998536, 3, 1
1998642, 0, 1
1998646, 1, 0
1998657, 2, 1
1998661, 3, 0
1998767, 0, 0
1998771, 1, 0
1998782, 2, bit 1
1998782, 2, 0
1998786, 3, 0
1998892, 0, 0
1998896, 1, 1
1998907, 2, 1
1998911, 3, 1
1999017, 0, 1
1999021, 1, 0
1999032, 2, 0
1999036, 3, 1
1999142, 0, 0
1999147, 1, 1
1999157, 2, 1
1999161, 3, 0
1999267, 0, 1
1999272, 1, 0
1999282, 2, 0
1999286, 3, 1
1999392, 0, bit 1
1999392, 0, 0
1999397, 1, 1
1999407, 2, 1
1999411, 3, 0
1999517, 0, 1
1999522, 1, 0
1999532, 2, 0
1999536, 3, 1
1999642, 0, 1
1999647, 1, 1
1999657, 2, 1
1999661, 3, 0
1999767, 0, 0
1999772, 1, 1
1999782, 2, 1
1999787, 3, bit 0
1999787, 3, 0
1999892, 0, 0
1999897, 1, 0
1999907, 2, 0
1999912, 3, 1
2000017, 0, 1
2000022, 1, 1
2000032, 2, 0
2000037, 3, 0
2000142, 0, 1
2000147, 1, 0
2000157, 2, 1
2000162, 3, 1
2000267, 0, 0
2000272, 1, bit 0
2000272, 1, 1
2000282, 2, 1
2000287, 3, 0
2000392, 0, 0
2000397, 1, 0
2000407, 2, 0
2000412, 3, 1
2000517, 0, 1
2000522, 1, 0
2000532, 2, bit 0
2000532, 2, 1
2000537, 3, 1
2000642, 0, 1
2000647, 1, 1
2000657, 2, 0
2000662, 3, 0
2000768, 0, 0
2000772, 1, 0
2000782, 2, 1
2000787, 3, 0
2000893, 0, 1
2000897, 1, 1
2000907, 2, 0
2000912, 3, 1
2001018, 0, 0
2001022, 1, 0
2001032, 2, 1
2001037, 3, 0
2001143, 0, bit 1
2001143, 0, 0
2001147, 1, 1
2001157, 2, 0
2001162, 3, 1
2001268, 0, 1
2001272, 1, 0
2001282, 2, 1
2001287, 3, 0
2001393, 0, 1
2001397, 1, 1
2001408, 2, 0
2001412, 3, 1
2001518, 0, 0
2001522, 1, 1
2001533, 2, 0
2001537, 3, bit 0
2001537, 3, 0
2001643, 0, 0
2001647, 1, 0
2001658, 2, 1
2001662, 3, 1
2001768, 0, 1
2001772, 1, 1
2001783, 2, 1
2001787, 3, 0
2001893, 0, 1
2001897, 1, 0
2001908, 2, 0
2001912, 3, 1
2002018, 0, 0
2002022, 1, bit 1
2002022, 1, 0
2002033, 2, 0
2002037, 3, 0
2002143, 0, 0
2002147, 1, 1
2002158, 2, 1
2002162, 3, 1
2002268, 0, 1
2002272, 1, 1
2002283, 2, bit 0
2002283, 2, 1
2002287, 3, 1
2002393, 0, 1
2002397, 1, 0
2002408, 2, 0
2002412, 3, 0
2002518, 0, 0
2002522, 1, 1
2002533, 2, 1
2002537, 3, 0
2002643, 0, 1
2002647, 1, 0
2002658, 2, 0
2002662, 3, 1
2002768, 0, 0
2002772, 1, 1
2002783, 2, 1
2002787, 3, 0
2002893, 0, bit 1
2002896, 0, 0
2002897, 1, 0
2002908, 2, 0
2002912, 3, 1
2003018, 0, 1
2003022, 1, 1
2003033, 2, 1
2003037, 3, 0
2003143, 0, 1
2003147, 1, 0
2003158, 2, 0
2003162, 3, 1
2003268, 0, 0
2003272, 1, 0
2003283, 2, 0
2003287, 3, bit 1
2003287, 3, 1
2003393, 0, 0
2003397, 1, 1
2003408, 2, 1
2003412, 3, 0
2003518, 0, 1
2003522, 1, 0
2003533, 2, 1
2003537, 3, 1
2003643, 0, 1
2003647, 1, 1
2003658, 2, 0
2003662, 3, 0
2003768, 0, 0
2003772, 1, bit 1
2003772, 1, 0
2003783, 2, 0
2003787, 3, 1
2003893, 0, 0
2003897, 1, 1
2003908, 2, 1
2003912, 3, 0
2004018, 0, 1
2004022, 1, 1
2004033, 2, bit 1
2004033, 2, 0
2004037, 3, 0
2004143, 0, 1
2004147, 1, 0
2004158, 2, 1
2004162, 3, 1
2004268, 0, 0
2004272, 1, 1
2004283, 2, 0
2004287, 3, 1
2004393, 0, 1
2004397, 1, 0
2004408, 2, 1
2004412, 3, 0
2004518, 0, 0
2004523, 1, 1
2004533, 2, 0
2004537, 3, 1
2004643, 0, bit 1
2004643, 0, 0
2004648, 1, 0
2004658, 2, 1
2004662, 3, 0
2004768, 0, 1
2004773, 1, 1
2004783, 2, 0
2004787, 3, 1
2004893, 0, 1
2004898, 1, 0
2004908, 2, 1
2004912, 3, 0
2005018, 0, 0
2005023, 1, 0
2005033, 2, 1
2005037, 3, bit 0
2005037, 3, 0
2005143, 0, 0
2005148, 1, 1
2005158, 2, 0
2005163, 3, 1
2005268, 0, 1
2005273, 1, 0
2005283, 2, 0
2005288, 3, 0
2005393, 0, 1
2005398, 1, 1
2005408, 2, 1
2005413, 3, 1
2005518, 0, 0
2005523, 1, bit 1
2005523, 1, 0
2005533, 2, 1
2005538, 3, 0
2005643, 0, 0
2005648, 1, 1
2005658, 2, 0
2005663, 3, 1
2005768, 0, 1
2005773, 1, 1
2005783, 2, bit 1
2005786, 2, 0
2005788, 3, 1
2005893, 0, 1
2005898, 1, 0
2005908, 2, 1
2005913, 3, 0
2006018, 0, 0
2006023, 1, 1
2006033, 2, 0
2006038, 3, 0
2006144, 0, 1
2006148, 1, 0
2006158, 2, 1
2006163, 3, 1
2006269, 0, 0
2006273, 1, 1
2006283, 2, 0
2006288, 3, 0
2006394, 0, bit 0
2006394, 0, 1
2006398, 1, 0
2006408, 2, 1
2006413, 3, 1
2006519, 0, 0
2006523, 1, 1
2006533, 2, 0
2006538, 3, 0
2006644, 0, 0
2006648, 1, 0
2006658, 2, 1
2006663, 3, 1
2006769, 0, 1
2006773, 1, 0
2006784, 2, 1
2006788, 3, bit 0
2006788, 3, 0
2006894, 0, 1
2006898, 1, 1
2006909, 2, 0
2006913, 3, 1
2007019, 0, 0
2007023, 1, 0
2007034, 2, 0
2007038, 3, 0
2007144, 0, 0
2007148, 1, 1
2007159, 2, 1
2007163, 3, 1
2007269, 0, 1
2007273, 1, bit 0
2007273, 1, 1
2007284, 2, 1
2007288, 3, 0
2007394, 0, 1
2007398, 1, 0
2007409, 2, 0
2007413, 3, 1
2007519, 0, 0
2007523, 1, 0
2007534, 2, bit 0
2007534, 2, 1
2007538, 3, 1
2007644, 0, 0
2007648, 1, 1
2007659, 2, 0
2007663, 3, 0
2007769, 0, 1
2007773, 1, 0
2007784, 2, 1
2007788, 3, 0
2007894, 0, 0
2007898, 1, 1
2007909, 2, 0
2007913, 3, 1
2008019, 0, 1
2008023, 1, 0
2008034, 2, 1
2008038, 3, 0
2008144, 0, bit 0
2008144, 0, 1
2008148, 1, 1
2008159, 2, 0
2008163, 3, 1
2008269, 0, 0
2008273, 1, 0
2008284, 2, 1
2008288, 3, 0
2008394, 0, 0
2008398, 1, 1
2008409, 2, 0
2008413, 3, 1
2008519, 0, 1
2008523, 1, 1
2008534, 2, 0
2008538, 3, bit 0
2008538, 3, 0
2008644, 0, 1
2008648, 1, 0
2008659, 2, 1
2008663, 3, 1
2008769, 0, 0
2008773, 1, 1
2008784, 2, 1
2008788, 3, 0
2008894, 0, 0
2008898, 1, 0
2008909, 2, 0
2008913, 3, 1
2009019, 0, 1
2009023, 1, bit 1
2009023, 1, 0
2009034, 2, 0
2009038, 3, 0
2009144, 0, 1
2009148, 1, 1
2009159, 2, 1
2009163, 3, 1
2009269, 0, 0
2009273, 1, 1
2009284, 2, bit 0
2009284, 2, 1
2009288, 3, 1
2009394, 0, 0
2009398, 1, 0
2009409, 2, 0
2009413, 3, 0
2009519, 0, 1
2009523, 1, 1
2009534, 2, 1
2009538, 3, 0
2009644, 0, 0
2009648, 1, 0
2009659, 2, 0
2009663, 3, 1
2009769, 0, 1
2009773, 1, 1
2009784, 2, 1
2009788, 3, 0
2009894, 0, bit 1
2009894, 0, 0
2009899, 1, 0
2009909, 2, 0
2009913, 3, 1
2010019, 0, 1
2010024, 1, 1
2010034, 2, 1
2010038, 3, 0
2010144, 0, 1
2010149, 1, 0
2010159, 2, 0
2010163, 3, 1
2010269, 0, 0
2010274, 1, 0
2010284, 2, 0
2010288, 3, bit 0
2010288, 3, 0
2010394, 0, 0
2010399, 1, 1
2010409, 2, 1
2010413, 3, 1
2010519, 0, 1
2010524, 1, 0
2010534, 2, 1
2010539, 3, 0
2010644, 0, 1
2010649, 1, 1
2010659, 2, 0
2010664, 3, 1
2010769, 0, 0
2010774, 1, bit 1
2010774, 1, 0
2010784, 2, 0
2010789, 3, 0
2010894, 0, 0
2010899, 1, 1
2010909, 2, 1
2010914, 3, 1
2011019, 0, 1
2011024, 1, 1
2011034, 2, bit 1
2011034, 2, 0
2011039, 3, 1
2011144, 0, 1
2011149, 1, 0
2011159, 2, 1
2011164, 3, 0
2011269, 0, 0
2011274, 1, 1
2011284, 2, 0
2011289, 3, 0
2011394, 0, 1
2011399, 1, 0
2011409, 2, 1
2011414, 3, 1
2011520, 0, 0
2011524, 1, 1
2011534, 2, 0
2011539, 3, 0
2011645, 0, bit 1
2011645, 0, 0
2011649, 1, 0
2011659, 2, 1
2011664, 3, 1
2011770, 0, 1
2011774, 1, 1
2011784, 2, 0
2011789, 3, 0
2011895, 0, 1
2011899, 1, 0
2011909, 2, 1
2011914, 3, 1
2012020, 0, 0
2012024, 1, 0
2012034, 2, 1
2012039, 3, bit 0
2012039, 3, 0
2012145, 0, 0
2012149, 1, 1
2012160, 2, 0
2012164, 3, 1
2012270, 0, 1
2012274, 1, 0
2012285, 2, 0
2012289, 3, 0
2012395, 0, 1
2012399, 1, 1
2012410, 2, 1
2012414, 3, 1
2012520, 0, 0
2012524, 1, bit 0
2012524, 1, 1
2012535, 2, 1
2012539, 3, 0
2012645, 0, 0
2012649, 1, 0
2012660, 2, 0
2012664, 3, 1
2012770, 0, 1
2012774, 1, 0
2012785, 2, bit 0
2012785, 2, 1
2012789, 3, 1
2012895, 0, 1
2012899, 1, 1
2012910, 2, 0
2012914, 3, 0
2013020, 0, 0
2013024, 1, 0
2013035, 2, 1
2013039, 3, 0
2013145, 0, 1
2013149, 1, 1
2013160, 2, 0
2013164, 3, 1
2013270, 0, 0
2013274, 1, 0
2013285, 2, 1
2013289, 3, 0
2013395, 0, bit 1
2013395, 0, 0
2013399, 1, 1
2013410, 2, 0
2013414, 3, 1
2013520, 0, 1
2013524, 1, 0
2013535, 2, 1
2013539, 3, 0
2013645, 0, 1
2013649, 1, 1
2013660, 2, 0
2013664, 3, 1
2013770, 0, 0
2013774, 1, 1
2013785, 2, 0
2013789, 3, bit 1
2013789, 3, 1
2013895, 0, 0
2013899, 1, 0
2013910, 2, 1
2013914, 3, 0
2014020, 0, 1
2014024, 1, 1
2014035, 2, 1
2014039, 3, 1
2014145, 0, 1
2014149, 1, 0
2014160, 2, 0
2014164, 3, 0
2014270, 0, 0
2014274, 1, bit 1
2014274, 1, 0
2014285, 2, 0
2014289, 3, 1
2014395, 0, 0
2014399, 1, 1
2014410, 2, 1
2014414, 3, 0
2014520, 0, 1
2014524, 1, 1
2014535, 2, bit 0
2014535, 2, 1
2014539, 3, 0
2014645, 0, 1
2014649, 1, 0
2014660, 2, 0
2014664, 3, 1
2014770, 0, 0
2014774, 1, 1
2014785, 2, 1
2014789, 3, 1
2014895, 0, 1
2014899, 1, 0
2014910, 2, 0
2014914, 3, 0
2015020, 0, 0
2015024, 1, 1
2015035, 2, 1
2015039, 3, 1
2015145, 0, bit 1
2015145, 0, 0
2015149, 1, 0
2015160, 2, 0
2015164, 3, 0
2015270, 0, 1
2015275, 1, 1
2015285, 2, 1
2015289, 3, 1
2015395, 0, 1
2015400, 1, 0
2015410, 2, 0
2015414, 3, 0
2015520, 0, 0
2015525, 1, 0
2015535, 2, 0
2015539, 3, bit 0
2015549, 3, 0
2015645, 0, 0
2015650, 1, 1
2015660, 2, 1
2015664, 3, 1
2015770, 0, 1
2015775, 1, 0
2015785, 2, 1
2015789, 3, 0
2015895, 0, 1
2015900, 1, 1
2015910, 2, 0
2015915, 3, 1
2016020, 0, 0
2016025, 1, bit 0
2016025, 1, 1
2016035, 2, 0
2016040, 3, 0
2016145, 0, 0
2016150, 1, 0
2016160, 2, 1
2016165, 3, 1
2016270, 0, 1
2016275, 1, 0
2016285, 2, bit 1
2016285, 2, 0
2016290, 3, 1
2016395, 0, 1
2016400, 1, 1
2016410, 2, 1
2016415, 3, 0
2016520, 0, 0
2016525, 1, 0
2016535, 2, 0
2016540, 3, 0
2016645, 0, 1
2016650, 1, 1
2016660, 2, 1
2016665, 3, 1
2016770, 0, 0
2016775, 1, 0
2016785, 2, 0
2016790, 3, 0
2016896, 0, bit 1
2016896, 0, 0
2016900, 1, 1
2016910, 2, 1
2016915, 3, 1
2017021, 0, 1
2017025, 1, 0
2017035, 2, 0
2017040, 3, 0
2017146, 0, 1
2017150, 1, 1
2017160, 2, 1
2017165, 3, 1
2017271, 0, 0
2017275, 1, 1
2017285, 2, 1
2017290, 3, bit 0
2017290, 3, 0
2017396, 0, 0
2017400, 1, 0
2017410, 2, 0
2017415, 3, 1
2017521, 0, 1
2017525, 1, 1
2017536, 2, 0
2017540, 3, 0
2017646, 0, 1
2017650, 1, 0
2017661, 2, 1
2017665, 3, 1
2017771, 0, 0
2017775, 1, bit 1
2017775, 1, 0
2017786, 2, 1
2017790, 3, 0
2017896, 0, 0
2017900, 1, 1
2017911, 2, 0
2017915, 3, 1
2018021, 0, 1
2018025, 1, 1
2018036, 2, bit 1
2018036, 2, 0
2018040, 3, 1
2018146, 0, 1
2018150, 1, 0
2018161, 2, 1
2018165, 3, 0
2018271, 0, 0
2018275, 1, 1
2018286, 2, 0
2018290, 3, 0
2018396, 0, 1
2018400, 1, 0
2018411, 2, 1
2018415, 3, 1
2018521, 0, 0
2018525, 1, 1
2018536, 2, 0
2018540, 3, 0
2018646, 0, bit 1
2018646, 0, 0
2018650, 1, 0
2018661, 2, 1
2018665, 3, 1
2018771, 0, 1
2018775, 1, 1
2018786, 2, 0
2018790, 3, 0
2018896, 0, 1
2018900, 1, 0
2018911, 2, 1
2018915, 3, 1
2019021, 0, 0
2019025, 1, 0
2019036, 2, 1
2019040, 3, bit 0
2019040, 3, 0
2019146, 0, 0
2019150, 1, 1
2019161, 2, 0
2019165, 3, 1
2019271, 0, 1
2019275, 1, 0
2019286, 2, 0
2019290, 3, 0
2019396, 0, 1
2019400, 1, 1
2019411, 2, 1
2019415, 3, 1
2019521, 0, 0
2019525, 1, bit 0
2019528, 1, 1
2019536, 2, 1
2019540, 3, 0
2019646, 0, 0
2019650, 1, 0
2019661, 2, 0
2019665, 3, 1
2019771, 0, 1
2019775, 1, 0
2019786, 2, bit 0
2019786, 2, 1
2019790, 3, 1
2019896, 0, 1
2019900, 1, 1
2019911, 2, 0
2019915, 3, 0
2020021, 0, 0
2020025, 1, 0
2020036, 2, 1
2020040, 3, 0
2020146, 0, 1
2020150, 1, 1
2020161, 2, 0
2020165, 3, 1
2020271, 0, 0
2020275, 1, 0
2020286, 2, 1
2020290, 3, 0
2020396, 0, bit 0
2020396, 0, 1
2020400, 1, 1
2020411, 2, 0
2020415, 3, 1
2020521, 0, 0
2020525, 1, 0
2020536, 2, 1
2020540, 3, 0
2020646, 0, 0
2020651, 1, 1
2020661, 2, 0
2020665, 3, 1
2020771, 0, 1
2020776, 1, 1
2020786, 2, 0
2020790, 3, bit 1
2020790, 3, 1
2020896, 0, 1
2020901, 1, 0
2020911, 2, 1
2020915, 3, 0
2021021, 0, 0
2021026, 1, 1
2021036, 2, 1
2021040, 3, 1
2021146, 0, 0
2021151, 1, 0
2021161, 2, 0
2021165, 3, 0
2021271, 0, 1
2021276, 1, bit 1
2021276, 1, 0
2021286, 2, 0
2021291, 3, 1
2021396, 0, 1
2021401, 1, 1
2021411, 2, 1
2021416, 3, 0
2021521, 0, 0
2021526, 1, 1
2021536, 2, bit 1
2021536, 2, 0
2021541, 3, 0
2021646, 0, 0
2021651, 1, 0
2021661, 2, 1
2021666, 3, 1
2021771, 0, 1
2021776, 1, 1
2021786, 2, 0
2021791, 3, 1
2021896, 0, 0
2021901, 1, 0
2021911, 2, 1
2021916, 3, 0
2022021, 0, 1
2022026, 1, 1
2022036, 2, 0
2022041, 3, 1
2022146, 0, bit 0
2022146, 0, 1
2022151, 1, 0
2022161, 2, 1
2022166, 3, 0
2022272, 0, 0
2022276, 1, 1
2022286, 2, 0
2022291, 3, 1
2022397, 0, 0
2022401, 1, 0
2022411, 2, 1
2022416, 3, 0
2022522, 0, 1
2022526, 1, 0
2022536, 2, 1
2022541, 3, bit 0
2022541, 3, 0
2022647, 0, 1
2022651, 1, 1
2022661, 2, 0
2022666, 3, 1
2022772, 0, 0
2022776, 1, 0
2022786, 2, 0
2022791, 3, 0
2022897, 0, 0
2022901, 1, 1
2022912, 2, 1
2022916, 3, 1
2023022, 0, 1
2023026, 1, bit 1
2023026, 1, 0
2023037, 2, 1
2023041, 3, 0
2023147, 0, 1
2023151, 1, 1
2023162, 2, 0
2023166, 3, 1
2023272, 0, 0
2023276, 1, 1
2023287, 2, bit 0
2023287, 2, 1
2023291, 3, 1
2023397, 0, 0
2023401, 1, 0
2023412, 2, 0
2023416, 3, 0
2023522, 0, 1
2023526, 1, 1
2023537, 2, 1
2023541, 3, 0
2023647, 0, 0
2023651, 1, 0
2023662, 2, 0
2023666, 3, 1
2023772, 0, 1
2023776, 1, 1
2023787, 2, 1
2023791, 3, 0
2023897, 0, bit 1
2023897, 0, 0
2023901, 1, 0
2023912, 2, 0
2023916, 3, 1
2024022, 0, 1
2024026, 1, 1
2024037, 2, 1
2024041, 3, 0
2024147, 0, 1
2024151, 1, 0
2024162, 2, 0
2024166, 3, 1
2024272, 0, 0
2024276, 1, 0
2024287, 2, 0
2024291, 3, bit 0
2024291, 3, 0
2024397, 0, 0
2024401, 1, 1
2024412, 2, 1
2024416, 3, 1
2024522, 0, 1
2024526, 1, 0
2024537, 2, 1
2024541, 3, 0
2024647, 0, 1
2024651, 1, 1
2024662, 2, 0
2024666, 3, 1
2024772, 0, 0
2024776, 1, bit 0
2024776, 1, 1
2024787, 2, 0
2024791, 3, 0
2024897, 0, 0
2024901, 1, 0
2024912, 2, 1
2024916, 3, 1
2025022, 0, 1
2025026, 1, 0
2025037, 2, bit 0
2025037, 2, 1
2025041, 3, 1
2025147, 0, 1
2025151, 1, 1
2025162, 2, 0
2025166, 3, 0
2025272, 0, 0
2025276, 1, 0
2025287, 2, 1
2025291, 3, 0
2025397, 0, 1
2025401, 1, 1
2025412, 2, 0
2025416, 3, 1
2025522, 0, 0
2025526, 1, 0
2025537, 2, 1
2025541, 3, 0
2025647, 0, bit 1
2025647, 0, 0
2025651, 1, 1
2025662, 2, 0
2025666, 3, 1
2025772, 0, 1
2025776, 1, 0
2025787, 2, 1
2025791, 3, 0
2025897, 0, 1
2025901, 1, 1
2025912, 2, 0
2025916, 3, 1
2026022, 0, 0
2026027, 1, 1
2026037, 2, 0
2026041, 3, bit 1
2026041, 3, 1
2026147, 0, 0
2026152, 1, 0
2026162, 2, 1
2026166, 3, 0
2026272, 0, 1
2026277, 1, 1
2026287, 2, 1
2026291, 3, 1
2026397, 0, 1
2026402, 1, 0
2026412, 2, 0
2026416, 3, 0
2026522, 0, 0
2026527, 1, bit 0
2026527, 1, 1
2026537, 2, 0
2026541, 3, 1
2026647, 0, 0
2026652, 1, 0
2026662, 2, 1
2026667, 3, 0
2026772, 0, 1
2026777, 1, 0
2026787, 2, bit 0
2026787, 2, 1
2026792, 3, 0
2026897, 0, 1
2026902, 1, 1
2026912, 2, 0
2026917, 3, 1
2027022, 0, 0
2027027, 1, 0
2027037, 2, 1
2027042, 3, 1
2027147, 0, 1
2027152, 1, 1
2027162, 2, 0
2027167, 3, 0
2027272, 0, 0
2027277, 1, 0
2027287, 2, 1
2027292, 3, 1
2027397, 0, bit 1
2027397, 0, 0
2027402, 1, 1
2027412, 2, 0
2027417, 3, 0
2027522, 0, 1
2027527, 1, 0
2027537, 2, 1
2027542, 3, 1
2027648, 0, 1
2027652, 1, 1
2027662, 2, 0
2027667, 3, 0
2027773, 0, 0
2027777, 1, 1
2027787, 2, 0
2027792, 3, bit 0
2027792, 3, 0
2027898, 0, 0
2027902, 1, 0
2027912, 2, 1
2027917, 3, 1
2028023, 0, 1
2028027, 1, 1
2028037, 2, 1
2028042, 3, 0
2028148, 0, 1
2028152, 1, 0
2028162, 2, 0
2028167, 3, 1
2028273, 0, 0
2028277, 1, bit 1
2028277, 1, 0
2028288, 2, 0
2028292, 3, 0
2028398, 0, 0
2028402, 1, 1
2028413, 2, 1
2028417, 3, 1
2028523, 0, 1
2028527, 1, 1
2028538, 2, bit 0
2028538, 2, 1
2028542, 3, 1
2028648, 0, 1
2028652, 1, 0
2028663, 2, 0
2028667, 3, 0
2028773, 0, 0
2028777, 1, 1
2028788, 2, 1
2028792, 3, 0
2028898, 0, 1
2028902, 1, 0
2028913, 2, 0
2028917, 3, 1
2029023, 0, 0
2029027, 1, 1
2029038, 2, 1
2029042, 3, 0
2029148, 0, bit 0
2029148, 0, 1
2029152, 1, 0
2029163, 2, 0
2029167, 3, 1
2029273, 0, 0
2029277, 1, 1
2029288, 2, 1
2029292, 3, 0
2029398, 0, 0
2029402, 1, 0
2029413, 2, 0
2029417, 3, 1
2029523, 0, 1
2029527, 1, 0
2029538, 2, 0
2029542, 3, bit 1
2029542, 3, 1
2029648, 0, 1
2029652, 1, 1
2029663, 2, 1
2029667, 3, 0
2029773, 0, 0
2029777, 1, 0
2029788, 2, 1
2029792, 3, 1
2029898, 0, 0
2029902, 1, 1
2029913, 2, 0
2029917, 3, 0
2030023, 0, 1
2030027, 1, bit 0
2030027, 1, 1
2030038, 2, 0
2030042, 3, 1
2030148, 0, 1
2030152, 1, 0
2030163, 2, 1
2030167, 3, 0
2030273, 0, 0
2030277, 1, 0
2030288, 2, bit 1
2030288, 2, 0
2030292, 3, 0
2030398, 0, 0
2030402, 1, 1
2030413, 2, 1
2030417, 3, 1
2030523, 0, 1
2030527, 1, 0
2030538, 2, 0
2030542, 3, 1
2030648, 0, 0
2030652, 1, 1
2030663, 2, 1
2030667, 3, 0
2030773, 0, 1
2030777, 1, 0
2030788, 2, 0
2030792, 3, 1
2030898, 0, bit 0
2030898, 0, 1
2030902, 1, 1
2030913, 2, 1
2030917, 3, 0
2031023, 0, 0
2031027, 1, 0
2031038, 2, 0
2031042, 3, 1
2031148, 0, 0
2031152, 1, 1
2031163, 2, 1
2031167, 3, 0
2031273, 0, 1
2031277, 1, 1
2031288, 2, 1
2031292, 3, bit 0
2031292, 3, 0
2031398, 0, 1
2031403, 1, 0
2031413, 2, 0
2031417, 3, 1
2031523, 0, 0
2031528, 1, 1
2031538, 2, 0
2031542, 3, 0
2031648, 0, 0
2031653, 1, 0
2031663, 2, 1
2031667, 3, 1
2031773, 0, 1
2031778, 1, bit 1
2031778, 1, 0
2031788, 2, 1
2031792, 3, 0
2031898, 0, 1
2031903, 1, 1
2031913, 2, 0
2031917, 3, 1
2032023, 0, 0
2032028, 1, 1
2032038, 2, bit 1
2032038, 2, 0
2032043, 3, 1
2032148, 0, 0
2032153, 1, 0
2032163, 2, 1
2032168, 3, 0
2032273, 0, 1
2032278, 1, 1
2032288, 2, 0
2032293, 3, 0
2032398, 0, 0
2032403, 1, 0
2032413, 2, 1
2032418, 3, 1
2032523, 0, 1
2032528, 1, 1
2032538, 2, 0
2032543, 3, 0
2032648, 0, bit 1
2032648, 0, 0
2032653, 1, 0
2032663, 2, 1
2032668, 3, 1
2032773, 0, 1
2032778, 1, 1
2032788, 2, 0
2032793, 3, 0
2032898, 0, 1
2032903, 1, 0
2032913, 2, 1
2032918, 3, 1
2033024, 0, 0
2033028, 1, 0
2033038, 2, 1
2033043, 3, bit 1
2033043, 3, 1
2033149, 0, 0
2033153, 1, 1
2033163, 2, 0
2033168, 3, 0
2033274, 0, 1
2033278, 1, 0
2033288, 2, 0
2033293, 3, 1
2033399, 0, 1
2033403, 1, 1
2033413, 2, 1
2033418, 3, 0
2033524, 0, 0
2033528, 1, bit 1
2033528, 1, 0
2033538, 2, 1
2033543, 3, 1
2033649, 0, 0
2033653, 1, 1
2033664, 2, 0
2033668, 3, 0
2033774, 0, 1
2033778, 1, 1
2033789, 2, bit 1
2033789, 2, 0
2033793, 3, 0
2033899, 0, 1
2033903, 1, 0
2033914, 2, 1
2033918, 3, 1
2034024, 0, 0
2034028, 1, 1
2034039, 2, 0
2034043, 3, 1
2034149, 0, 1
2034153, 1, 0
2034164, 2, 1
2034168, 3, 0
2034274, 0, 0
2034278, 1, 1
2034289, 2, 0
2034293, 3, 1
2034399, 0, bit 0
2034399, 0, 1
2034403, 1, 0
2034414, 2, 1
2034418, 3, 0
2034524, 0, 0
2034528, 1, 1
2034539, 2, 0
2034543, 3, 1
2034649, 0, 0
2034653, 1, 0
2034664, 2, 1
2034668, 3, 0
2034774, 0, 1
2034778, 1, 0
2034789, 2, 1
2034793, 3, bit 0
2034793, 3, 0
2034899, 0, 1
2034903, 1, 1
2034914, 2, 0
2034918, 3, 1
2035024, 0, 0
2035028, 1, 0
2035039, 2, 0
2035043, 3, 0
2035149, 0, 0
2035153, 1, 1
2035164, 2, 1
2035168, 3, 1
2035274, 0, 1
2035278, 1, bit 1
2035278, 1, 0
2035289, 2, 1
2035293, 3, 0
2035399, 0, 1
2035403, 1, 1
2035414, 2, 0
2035418, 3, 1
2035524, 0, 0
2035528, 1, 1
2035539, 2, bit 1
2035539, 2, 0
2035543, 3, 1
2035649, 0, 0
2035653, 1, 0
2035664, 2, 1
2035668, 3, 0
2035774, 0, 1
2035778, 1, 1
2035789, 2, 0
2035793, 3, 0
2035899, 0, 0
2035903, 1, 0
2035914, 2, 1
2035918, 3, 1
2036024, 0, 1
2036028, 1, 1
2036039, 2, 0
2036043, 3, 0
2036149, 0, bit 1
2036152, 0, 0
2036153, 1, 0
2036164, 2, 1
2036168, 3, 1
2036274, 0, 1
2036278, 1, 1
2036289, 2, 0
2036293, 3, 0
2036399, 0, 1
2036403, 1, 0
2036414, 2, 1
2036418, 3, 1
2036524, 0, 0
2036528, 1, 0
2036539, 2, 1
2036543, 3, bit 0
2036543, 3, 0
2036649, 0, 0
2036653, 1, 1
2036664, 2, 0
2036668, 3, 1
2036774, 0, 1
2036779, 1, 0
2036789, 2, 0
2036793, 3, 0
2036899, 0, 1
2036904, 1, 1
2036914, 2, 1
2036918, 3, 1
2037024, 0, 0
2037029, 1, bit 1
2037029, 1, 0
2037039, 2, 1
2037043, 3, 0
2037149, 0, 0
2037154, 1, 1
2037164, 2, 0
2037168, 3, 1
2037274, 0, 1
2037279, 1, 1
2037289, 2, bit 0
2037289, 2, 1
2037293, 3, 1
2037399, 0, 1
2037404, 1, 0
2037414, 2, 0
2037419, 3, 0
2037524, 0, 0
2037529, 1, 1
2037539, 2, 1
2037544, 3, 0
2037649, 0, 1
2037654, 1, 0
2037664, 2, 0
2037669, 3, 1
2037774, 0, 0
2037779, 1, 1
2037789, 2, 1
2037794, 3, 0
2037899, 0, bit 1
2037899, 0, 0
2037904, 1, 0
2037914, 2, 0
2037919, 3, 1
2038024, 0, 1
2038029, 1, 1
2038039, 2, 1
2038044, 3, 0
2038149, 0, 1
2038154, 1, 0
2038164, 2, 0
2038169, 3, 1
2038274, 0, 0
2038279, 1, 0
2038289, 2, 0
2038294, 3, bit 1
2038294, 3, 1
2038400, 0, 0
2038404, 1, 1
2038414, 2, 1
2038419, 3, 0
2038525, 0, 1
2038529, 1, 0
2038539, 2, 1
2038544, 3, 1
2038650, 0, 1
2038654, 1, 1
2038664, 2, 0
2038669, 3, 0
2038775, 0, 0
2038779, 1, bit 0
2038779, 1, 1
2038789, 2, 0
2038794, 3, 1
2038900, 0, 0
2038904, 1, 0
2038914, 2, 1
2038919, 3, 0
2039025, 0, 1
2039029, 1, 0
2039040, 2, bit 0
2039043, 2, 1
2039044, 3, 0
2039150, 0, 1
2039154, 1, 1
2039165, 2, 0
2039169, 3, 1
2039275, 0, 0
2039279, 1, 0
2039290, 2, 1
2039294, 3, 1
2039400, 0, 1
2039404, 1, 1
2039415, 2, 0
2039419, 3, 0
2039525, 0, 0
2039529, 1, 0
2039540, 2, 1
2039544, 3, 1
2039650, 0, bit 0
2039650, 0, 1
2039654, 1, 1
2039665, 2, 0
2039669, 3, 0
2039775, 0, 0
2039779, 1, 0
2039790, 2, 1
2039794, 3, 1
2039900, 0, 0
2039904, 1, 1
2039915, 2, 0
2039919, 3, 0
2040025, 0, 1
2040029, 1, 1
2040040, 2, 0
2040044, 3, bit 1
2040044, 3, 1
2040150, 0, 1
2040154, 1, 0
2040165, 2, 1
2040169, 3, 0
2040275, 0, 0
2040279, 1, 1
2040290, 2, 1
2040294, 3, 1
2040400, 0, 0
2040404, 1, 0
2040415, 2, 0
2040419, 3, 0
2040525, 0, 1
2040529, 1, bit 0
2040529, 1, 1
2040540, 2, 0
2040544, 3, 1
2040650, 0, 1
2040654, 1, 0
2040665, 2, 1
2040669, 3, 0
2040775, 0, 0
2040779, 1, 0
2040790, 2, bit 1
2040790, 2, 0
2040794, 3, 0
2040900, 0, 0
2040904, 1, 1
2040915, 2, 1
2040919, 3, 1
2041025, 0, 1
2041029, 1, 0
2041040, 2, 0
2041044, 3, 1
2041150, 0, 0
2041154, 1, 1
2041165, 2, 1
2041169, 3, 0
2041275, 0, 1
2041279, 1, 0
2041290, 2, 0
2041294, 3, 1
2041400, 0, bit 0
2041400, 0, 1
2041404, 1, 1
2041415, 2, 1
2041419, 3, 0
2041525, 0, 0
2041529, 1, 0
2041540, 2, 0
2041544, 3, 1
2041650, 0, 0
2041654, 1, 1
2041665, 2, 1
2041669, 3, 0
2041775, 0, 1
2041779, 1, 1
2041790, 2, 1
2041794, 3, bit 0
2041794, 3, 0
2041900, 0, 1
2041904, 1, 0
2041915, 2, 0
2041919, 3, 1
2042025, 0, 0
2042029, 1, 1
2042040, 2, 0
2042044, 3, 0
2042150, 0, 0
2042155, 1, 0
2042165, 2, 1
2042169, 3, 1
2042275, 0, 1
2042280, 1, bit 0
2042280, 1, 1
2042290, 2, 1
2042294, 3, 0
2042400, 0, 1
2042405, 1, 0
2042415, 2, 0
2042419, 3, 1
2042525, 0, 0
2042530, 1, 0
2042540, 2, bit 1
2042540, 2, 0
2042544, 3, 1
2042650, 0, 0
2042655, 1, 1
2042665, 2, 1
2042669, 3, 0
2042775, 0, 1
2042780, 1, 0
2042790, 2, 0
2042795, 3, 0
2042900, 0, 0
2042905, 1, 1
2042915, 2, 1
2042920, 3, 1
2043025, 0, 1
2043030, 1, 0
2043040, 2, 0
2043045, 3, 0
2043150, 0, bit 1
2043150, 0, 0
2043155, 1, 1
2043165, 2, 1
2043170, 3, 1
2043275, 0, 1
2043280, 1, 0
2043290, 2, 0
2043295, 3, 0
2043400, 0, 1
2043405, 1, 1
2043415, 2, 1
2043420, 3, 1
2043525, 0, 0
2043530, 1, 1
2043540, 2, 1
2043545, 3, bit 0
2043545, 3, 0
2043650, 0, 0
2043655, 1, 0
2043665, 2, 0
2043670, 3, 1
2043776, 0, 1
2043780, 1, 1
2043790, 2, 0
2043795, 3, 0
2043901, 0, 1
2043905, 1, 0
2043915, 2, 1
2043920, 3, 1
2044026, 0, 0
2044030, 1, bit 0
2044030, 1, 1
2044040, 2, 1
2044045, 3, 0
2044151, 0, 0
2044155, 1, 0
2044165, 2, 0
2044170, 3, 1
2044276, 0, 1
2044280, 1, 0
2044290, 2, bit 1
2044290, 2, 0
2044295, 3, 1
2044401, 0, 1
2044405, 1, 1
2044416, 2, 1
2044420, 3, 0
2044526, 0, 0
2044530, 1, 0
2044541, 2, 0
2044545, 3, 0
2044651, 0, 1
2044655, 1, 1
2044666, 2, 1
2044670, 3, 1
2044776, 0, 0
2044780, 1, 0
2044791, 2, 0
2044795, 3, 0
2044901, 0, bit 1
2044901, 0, 0
2044905, 1, 1
2044916, 2, 1
2044920, 3, 1
2045026, 0, 1
2045030, 1, 0
2045041, 2, 0
2045045, 3, 0
2045151, 0, 1
2045155, 1, 1
2045166, 2, 1
2045170, 3, 1
2045276, 0, 0
2045280, 1, 1
2045291, 2, 1
2045295, 3, bit 0
2045295, 3, 0
2045401, 0, 0
2045405, 1, 0
2045416, 2, 0
2045420, 3, 1
2045526, 0, 1
2045530, 1, 1
2045541, 2, 0
2045545, 3, 0
2045651, 0, 1
2045655, 1, 0
2045666, 2, 1
2045670, 3, 1
2045776, 0, 0
2045780, 1, bit 1
2045780, 1, 0
2045791, 2, 1
2045795, 3, 0
2045901, 0, 0
2045905, 1, 1
2045916, 2, 0
2045920, 3, 1
2046026, 0, 1
2046030, 1, 1
2046041, 2, bit 0
2046041, 2, 1
2046045, 3, 1
2046151, 0, 1
2046155, 1, 0
2046166, 2, 0
2046170, 3, 0
2046276, 0, 0
2046280, 1, 1
2046291, 2, 1
2046295, 3, 0
2046401, 0, 1
2046405, 1, 0
2046416, 2, 0
2046420, 3, 1
2046526, 0, 0
2046530, 1, 1
2046541, 2, 1
2046545, 3, 0
2046651, 0, bit 0
2046651, 0, 1
2046655, 1, 0
2046666, 2, 0
2046670, 3, 1
2046776, 0, 0
2046780, 1, 1
2046791, 2, 1
2046795, 3, 0
2046901, 0, 0
2046911, 1, 0
2046916, 2, 0
2046920, 3, 1
2047026, 0, 1
2047036, 1, 0
2047041, 2, 0
2047045, 3, bit 1
2047045, 3, 1
2047151, 0, 1
2047161, 1, 1
2047166, 2, 1
2047170, 3, 0
2047276, 0, 0
2047286, 1, 0
2047291, 2, 1
2047295, 3, 1
2047401, 0, 0
2047411, 1, 1
2047416, 2, 0
2047420, 3, 0
2047526, 0, 1
2047536, 1, bit 1
2047536, 1, 0
2047541, 2, 0
2047545, 3, 1
2047651, 0, 1
2047661, 1, 1
2047666, 2, 1
2047670, 3, 0
2047776, 0, 0
2047787, 1, 1
2047791, 2, bit 0
2047791, 2, 1
2047795, 3, 0
2047901, 0, 0
2047912, 1, 0
2047916, 2, 0
2047920, 3, 1
2048026, 0, 1
2048037, 1, 1
2048041, 2, 1
2048045, 3, 1
2048151, 0, 0
2048162, 1, 0
2048166, 2, 0
2048171, 3, 0
2048276, 0, 1
2048287, 1, 1
2048291, 2, 1
2048296, 3, 1
2048401, 0, bit 0
2048401, 0, 1
2048412, 1, 0
2048416, 2, 0
2048421, 3, 0
2048526, 0, 0
2048537, 1, 1
2048541, 2, 1
2048546, 3, 1
2048651, 0, 0
2048662, 1, 0
2048666, 2, 0
2048671, 3, 0
2048776, 0, 1
2048787, 1, 0
2048791, 2, 0
2048796, 3, bit 1
2048799, 3, 1
2048901, 0, 1
2048912, 1, 1
2048916, 2, 1
2048921, 3, 0
2049026, 0, 0
2049037, 1, 0
2049041, 2, 1
2049046, 3, 1
2049152, 0, 0
2049162, 1, 1
2049166, 2, 0
2049171, 3, 0
2049277, 0, 1
2049287, 1, bit 0
2049287, 1, 1
2049291, 2, 0
2049296, 3, 1
2049402, 0, 1
2049412, 1, 0
2049416, 2, 1
2049421, 3, 0
2049527, 0, 0
2049537, 1, 0
2049541, 2, bit 1
2049541, 2, 0
2049546, 3, 0
2049652, 0, 0
2049662, 1, 1
2049666, 2, 1
2049671, 3, 1
2049777, 0, 1
2049787, 1, 0
2049792, 2, 0
2049796, 3, 1
2049902, 0, 0
2049912, 1, 1
2049917, 2, 1
2049921, 3, 0
2050027, 0, 1
2050037, 1, 0
2050042, 2, 0
2050046, 3, 1
2050152, 0, bit 1
2050152, 0, 0
2050162, 1, 1
2050167, 2, 1
2050171, 3, 0
2050277, 0, 1
2050287, 1, 0
2050292, 2, 0
2050296, 3, 1
2050402, 0, 1
2050412, 1, 1
2050417, 2, 1
2050421, 3, 0
2050527, 0, 0
2050537, 1, 1
2050542, 2, 1
2050546, 3, bit 1
2050546, 3, 1
2050652, 0, 0
2050662, 1, 0
2050667, 2, 0
2050671, 3, 0
2050777, 0, 1
2050787, 1, 1
2050792, 2, 0
2050796, 3, 1
2050902, 0, 1
2050912, 1, 0
2050917, 2, 1
2050921, 3, 0
2051027, 0, 0
2051037, 1, bit 0
2051037, 1, 1
2051042, 2, 1
2051046, 3, 1
2051152, 0, 0
2051162, 1, 0
2051167, 2, 0
2051171, 3, 0
2051277, 0, 1
2051287, 1, 0
2051292, 2, bit 1
2051292, 2, 0
2051296, 3, 0
2051402, 0, 1
2051412, 1, 1
2051417, 2, 1
2051421, 3, 1
2051527, 0, 0
2051537, 1, 0
2051542, 2, 0
2051546, 3, 1
2051652, 0, 1
2051662, 1, 1
2051667, 2, 1
2051671, 3, 0
2051777, 0, 0
2051787, 1, 0
2051792, 2, 0
2051796, 3, 1
2051902, 0, bit 0
2051902, 0, 1
2051912, 1, 1
2051917, 2, 1
2051921, 3, 0
2052027, 0, 0
2052037, 1, 0
2052042, 2, 0
2052046, 3, 1
2052152, 0, 0
2052162, 1, 1
2052167, 2, 1
2052171, 3, 0
2052277, 0, 1
2052287, 1, 1
2052292, 2, 1
2052296, 3, bit 0
2052296, 3, 0
2052402, 0, 1
2052412, 1, 0
2052417, 2, 0
2052421, 3, 1
2052527, 0, 0
2052537, 1, 1
2052542, 2, 0
2052546, 3, 0
2052652, 0, 0
2052662, 1, 0
2052667, 2, 1
2052671, 3, 1
2052777, 0, 1
2052787, 1, bit 0
2052790, 1, 1
2052792, 2, 1
2052796, 3, 0
2052902, 0, 1
2052912, 1, 0
2052917, 2, 0
2052921, 3, 1
2053027, 0, 0
2053037, 1, 0
2053042, 2, bit 0
2053042, 2, 1
2053046, 3, 1
2053152, 0, 0
2053163, 1, 1
2053167, 2, 0
2053171, 3, 0
2053277, 0, 1
2053288, 1, 0
2053292, 2, 1
2053296, 3, 0
2053402, 0, 0
2053413, 1, 1
2053417, 2, 0
2053421, 3, 1
2053527, 0, 1
2053538, 1, 0
2053542, 2, 1
2053547, 3, 0
2053652, 0, bit 1
2053652, 0, 0
2053663, 1, 1
2053667, 2, 0
2053672, 3, 1
2053777, 0, 1
2053788, 1, 0
2053792, 2, 1
2053797, 3, 0
2053902, 0, 1
2053913, 1, 1
2053917, 2, 0
2053922, 3, 1
2054027, 0, 0
2054038, 1, 1
2054042, 2, 0
2054047, 3, bit 0
2054047, 3, 0
2054152, 0, 0
2054163, 1, 0
2054167, 2, 1
2054172, 3, 1
2054277, 0, 1
2054288, 1, 1
2054292, 2, 1
2054297, 3, 0
2054402, 0, 1
2054413, 1, 0
2054417, 2, 0
2054422, 3, 1
2054528, 0, 0
2054538, 1, bit 1
2054538, 1, 0
2054542, 2, 0
2054547, 3, 0
2054653, 0, 0
2054663, 1, 1
2054667, 2, 1
2054672, 3, 1
2054778, 0, 1
2054788, 1, 1
2054792, 2, bit 0
2054792, 2, 1
2054797, 3, 1
2054903, 0, 1
2054913, 1, 0
2054917, 2, 0
2054922, 3, 0
2055028, 0, 0
2055038, 1, 1
2055042, 2, 1
2055047, 3, 0
2055153, 0, 1
2055163, 1, 0
2055168, 2, 0
2055172, 3, 1
2055278, 0, 0
2055288, 1, 1
2055293, 2, 1
2055297, 3, 0
2055403, 0, bit 0
2055403, 0, 1
2055413, 1, 0
2055418, 2, 0
2055422, 3, 1
2055528, 0, 0
2055538, 1, 1
2055543, 2, 1
2055547, 3, 0
2055653, 0, 0
2055663, 1, 0
2055668, 2, 0
2055672, 3, 1
2055778, 0, 1
2055788, 1, 0
2055793, 2, 0
2055797, 3, bit 1
2055797, 3, 1
2055903, 0, 1
2055913, 1, 1
2055918, 2, 1
2055922, 3, 0
2056028, 0, 0
2056038, 1, 0
2056043, 2, 1
2056047, 3, 1
2056153, 0, 0
2056163, 1, 1
2056168, 2, 0
2056172, 3, 0
2056278, 0, 1
2056288, 1, bit 0
2056288, 1, 1
2056293, 2, 0
2056297, 3, 1
2056403, 0, 1
2056413, 1, 0
2056418, 2, 1
2056422, 3, 0
2056528, 0, 0
2056538, 1, 0
2056543, 2, bit 0
2056543, 2, 1
2056547, 3, 0
2056653, 0, 0
2056663, 1, 1
2056668, 2, 0
2056672, 3, 1
2056778, 0, 1
2056788, 1, 0
2056793, 2, 1
2056797, 3, 1
2056903, 0, 0
2056913, 1, 1
2056918, 2, 0
2056922, 3, 0
2057028, 0, 1
2057038, 1, 0
2057043, 2, 1
2057047, 3, 1
2057153, 0, bit 1
2057153, 0, 0
2057163, 1, 1
2057168, 2, 0
2057172, 3, 0
2057278, 0, 1
2057288, 1, 0
2057293, 2, 1
2057297, 3, 1
2057403, 0, 1
2057413, 1, 1
2057418, 2, 0
2057422, 3, 0
2057528, 0, 0
2057538, 1, 1
2057543, 2, 0
2057547, 3, bit 1
2057547, 3, 1
2057653, 0, 0
2057663, 1, 0
2057668, 2, 1
2057672, 3, 0
2057778, 0, 1
2057788, 1, 1
2057793, 2, 1
2057797, 3, 1
2057903, 0, 1
2057913, 1, 0
2057918, 2, 0
2057922, 3, 0
2058028, 0, 0
2058038, 1, bit 0
2058038, 1, 1
2058043, 2, 0
2058047, 3, 1
2058153, 0, 0
2058163, 1, 0
2058168, 2, 1
2058172, 3, 0
2058278, 0, 1
2058288, 1, 0
2058293, 2, bit 0
2058293, 2, 1
2058297, 3, 0
2058403, 0, 1
2058413, 1, 1
2058418, 2, 0
2058422, 3, 1
2058528, 0, 0
2058539, 1, 0
2058543, 2, 1
2058547, 3, 1
2058653, 0, 1
2058664, 1, 1
2058668, 2, 0
2058672, 3, 0
2058778, 0, 0
2058789, 1, 0
2058793, 2, 1
2058797, 3, 1
2058903, 0, bit 0
2058903, 0, 1
2058914, 1, 1
2058918, 2, 0
2058923, 3, 0
2059028, 0, 0
2059039, 1, 0
2059043, 2, 1
2059048, 3, 1
2059153, 0, 0
2059164, 1, 1
2059168, 2, 0
2059173, 3, 0
2059278, 0, 1
2059289, 1, 1
2059293, 2, 0
2059298, 3, bit 0
2059298, 3, 0
2059403, 0, 1
2059414, 1, 0
2059418, 2, 1
2059423, 3, 1
2059528, 0, 0
2059539, 1, 1
2059543, 2, 1
2059548, 3, 0
2059653, 0, 0
2059664, 1, 0
2059668, 2, 0
2059673, 3, 1
2059778, 0, 1
2059789, 1, bit 1
2059789, 1, 0
2059793, 2, 0
2059798, 3, 0
2059904, 0, 1
2059914, 1, 1
2059918, 2, 1
2059923, 3, 1
2060029, 0, 0
2060039, 1, 1
2060043, 2, bit 0
2060043, 2, 1
2060048, 3, 1
2060154, 0, 0
2060164, 1, 0
2060168, 2, 0
2060173, 3, 0
2060279, 0, 1
2060289, 1, 1
2060293, 2, 1
2060298, 3, 0
2060404, 0, 0
2060414, 1, 0
2060418, 2, 0
2060423, 3, 1
2060529, 0, 1
2060539, 1, 1
2060544, 2, 1
2060548, 3, 0
2060654, 0, bit 1
2060654, 0, 0
2060664, 1, 0
2060669, 2, 0
2060673, 3, 1
2060779, 0, 1
2060789, 1, 1
2060794, 2, 1
2060798, 3, 0
2060904, 0, 1
2060914, 1, 0
2060919, 2, 0
2060923, 3, 1
2061029, 0, 0
2061039, 1, 0
2061044, 2, 0
2061048, 3, bit 1
2061048, 3, 1
2061154, 0, 0
2061164, 1, 1
2061169, 2, 1
2061173, 3, 0
2061279, 0, 1
2061289, 1, 0
2061294, 2, 1
2061298, 3, 1
2061404, 0, 1
2061414, 1, 1
2061419, 2, 0
2061423, 3, 0
2061529, 0, 0
2061539, 1, bit 1
2061539, 1, 0
2061544, 2, 0
2061548, 3, 1
2061654, 0, 0
2061664, 1, 1
2061669, 2, 1
2061673, 3, 0
2061779, 0, 1
2061789, 1, 1
2061794, 2, bit 0
2061794, 2, 1
2061798, 3, 0
2061904, 0, 1
2061914, 1, 0
2061919, 2, 0
2061923, 3, 1
2062029, 0, 0
2062039, 1, 1
2062044, 2, 1
2062048, 3, 1
2062154, 0, 1
2062164, 1, 0
2062169, 2, 0
2062173, 3, 0
2062279, 0, 0
2062289, 1, 1
2062294, 2, 1
2062298, 3, 1
2062404, 0, bit 0
2062404, 0, 1
2062414, 1, 0
2062419, 2, 0
2062423, 3, 0
2062529, 0, 0
2062539, 1, 1
2062544, 2, 1
2062548, 3, 1
2062654, 0, 0
2062664, 1, 0
2062669, 2, 0
2062673, 3, 0
2062779, 0, 1
2062789, 1, 0
2062794, 2, 0
2062798, 3, bit 0
2062798, 3, 0
2062904, 0, 1
2062914, 1, 1
2062919, 2, 1
2062923, 3, 1
2063029, 0, 0
2063039, 1, 0
2063044, 2, 1
2063048, 3, 0
2063154, 0, 0
2063164, 1, 1
2063169, 2, 0
2063173, 3, 1
2063279, 0, 1
2063289, 1, bit 0
2063289, 1, 1
2063294, 2, 0
2063298, 3, 0
2063404, 0, 1
2063414, 1, 0
2063419, 2, 1
2063423, 3, 1
2063529, 0, 0
2063539, 1, 0
2063544, 2, bit 1
2063544, 2, 0
2063548, 3, 1
2063654, 0, 0
2063664, 1, 1
2063669, 2, 1
2063673, 3, 0
2063779, 0, 1
2063789, 1, 0
2063794, 2, 0
2063798, 3, 0
2063904, 0, 0
2063915, 1, 1
2063919, 2, 1
2063923, 3, 1
2064029, 0, 1
2064040, 1, 0
2064044, 2, 0
2064048, 3, 0
2064154, 0, bit 1
2064154, 0, 0
2064165, 1, 1
2064169, 2, 1
2064173, 3, 1
2064279, 0, 1
2064290, 1, 0
2064294, 2, 0
2064299, 3, 0
2064404, 0, 1
2064415, 1, 1
2064419, 2, 1
2064424, 3, 1
2064529, 0, 0
2064540, 1, 1
2064544, 2, 1
2064549, 3, bit 0
2064549, 3, 0
2064654, 0, 0
2064665, 1, 0
2064669, 2, 0
2064674, 3, 1
2064779, 0, 1
2064790, 1, 1
2064794, 2, 0
2064799, 3, 0
2064904, 0, 1
2064915, 1, 0
2064919, 2, 1
2064924, 3, 1
2065029, 0, 0
2065040, 1, bit 1
2065040, 1, 0
2065044, 2, 1
2065049, 3, 0
2065154, 0, 0
2065165, 1, 1
2065169, 2, 0
2065174, 3, 1
2065280, 0, 1
2065290, 1, 1
2065294, 2, bit 0
2065294, 2, 1
2065299, 3, 1
2065405, 0, 1
2065415, 1, 0
2065419, 2, 0
2065424, 3, 0
2065530, 0, 0
2065540, 1, 1
2065544, 2, 1
2065549, 3, 0
2065655, 0, 1
2065665, 1, 0
2065669, 2, 0
2065674, 3, 1
2065780, 0, 0
2065790, 1, 1
2065794, 2, 1
2065799, 3, 0
2065905, 0, bit 1
2065905, 0, 0
2065915, 1, 0
2065920, 2, 0
2065924, 3, 1
2066030, 0, 1
2066040, 1, 1
2066045, 2, 1
2066049, 3, 0
2066155, 0, 1
2066165, 1, 0
2066170, 2, 0
2066174, 3, 1
2066280, 0, 0
2066290, 1, 0
2066295, 2, 0
2066299, 3, bit 1
2066299, 3, 1
2066405, 0, 0
2066415, 1, 1
2066420, 2, 1
2066424, 3, 0
2066530, 0, 1
2066540, 1, 0
2066545, 2, 1
2066549, 3, 1
2066655, 0, 1
2066665, 1, 1
2066670, 2, 0
2066674, 3, 0
2066780, 0, 0
2066790, 1, bit 0
2066790, 1, 1
2066795, 2, 0
2066799, 3, 1
2066905, 0, 0
2066915, 1, 0
2066920, 2, 1
2066924, 3, 0
2067030, 0, 1
2067040, 1, 0
2067045, 2, bit 0
2067045, 2, 1
2067049, 3, 0
2067155, 0, 1
2067165, 1, 1
2067170, 2, 0
2067174, 3, 1
2067280, 0, 0
2067290, 1, 0
2067295, 2, 1
2067299, 3, 1
2067405, 0, 1
2067415, 1, 1
2067420, 2, 0
2067424, 3, 0
2067530, 0, 0
2067540, 1, 0
2067545, 2, 1
2067549, 3, 1
2067655, 0, bit 0
2067655, 0, 1
2067665, 1, 1
2067670, 2, 0
2067674, 3, 0
2067780, 0, 0
2067790, 1, 0
2067795, 2, 1
2067799, 3, 1
2067905, 0, 0
2067915, 1, 1
2067920, 2, 0
2067924, 3, 0
2068030, 0, 1
2068040, 1, 1
2068045, 2, 0
2068049, 3, bit 1
2068049, 3, 1
2068155, 0, 1
2068165, 1, 0
2068170, 2, 1
2068174, 3, 0
2068280, 0, 0
2068290, 1, 1
2068295, 2, 1
2068299, 3, 1
2068405, 0, 0
2068415, 1, 0
2068420, 2, 0
2068424, 3, 0
2068530, 0, 1
2068540, 1, bit 0
2068540, 1, 1
2068545, 2, 0
2068549, 3, 1
2068655, 0, 1
2068665, 1, 0
2068670, 2, 1
2068674, 3, 0
2068780, 0, 0
2068790, 1, 0
2068795, 2, bit 0
2068795, 2, 1
2068799, 3, 0
2068905, 0, 0
2068915, 1, 1
2068920, 2, 0
2068924, 3, 1
2069030, 0, 1
2069040, 1, 0
2069045, 2, 1
2069049, 3, 1
2069155, 0, 0
2069165, 1, 1
2069170, 2, 0
2069174, 3, 0
2069280, 0, 1
2069291, 1, 0
2069295, 2, 1
2069299, 3, 1
2069405, 0, bit 0
2069405, 0, 1
2069416, 1, 1
2069420, 2, 0
2069424, 3, 0
2069530, 0, 0
2069541, 1, 0
2069545, 2, 1
2069549, 3, 1
2069655, 0, 0
2069666, 1, 1
2069670, 2, 0
2069675, 3, 0
2069780, 0, 1
2069791, 1, 1
2069795, 2, 0
2069800, 3, bit 1
2069800, 3, 1
2069905, 0, 1
2069916, 1, 0
2069920, 2, 1
2069925, 3, 0
2070030, 0, 0
2070041, 1, 1
2070045, 2, 1
2070050, 3, 1
2070155, 0, 0
2070166, 1, 0
2070170, 2, 0
2070175, 3, 0
2070280, 0, 1
2070291, 1, bit 0
2070291, 1, 1
2070295, 2, 0
2070300, 3, 1
2070405, 0, 1
2070416, 1, 0
2070420, 2, 1
2070425, 3, 0
2070530, 0, 0
2070541, 1, 0
2070545, 2, bit 1
2070545, 2, 0
2070550, 3, 0
2070656, 0, 0
2070666, 1, 1
2070670, 2, 1
2070675, 3, 1
2070781, 0, 1
2070791, 1, 0
2070795, 2, 0
2070800, 3, 1
2070906, 0, 0
2070916, 1, 1
2070920, 2, 1
2070925, 3, 0
2071031, 0, 1
2071041, 1, 0
2071045, 2, 0
2071050, 3, 1
2071156, 0, bit 0
2071156, 0, 1
2071166, 1, 1
2071170, 2, 1
2071175, 3, 0
2071281, 0, 0
2071291, 1, 0
2071296, 2, 0
2071300, 3, 1
2071406, 0, 0
2071416, 1, 1
2071421, 2, 1
2071425, 3, 0
2071531, 0, 1
2071541, 1, 1
2071546, 2, 1
2071550, 3, bit 0
2071550, 3, 0
2071656, 0, 1
2071666, 1, 0
2071671, 2, 0
2071675, 3, 1
2071781, 0, 0
2071791, 1, 1
2071796, 2, 0
2071800, 3, 0
2071906, 0, 0
2071916, 1, 0
2071921, 2, 1
2071925, 3, 1
2072031, 0, 1
2072041, 1, bit 1
2072041, 1, 0
2072046, 2, 1
2072050, 3, 0
2072156, 0, 1
2072166, 1, 1
2072171, 2, 0
2072175, 3, 1
2072281, 0, 0
2072291, 1, 1
2072296, 2, bit 1
2072299, 2, 0
2072300, 3, 1
2072406, 0, 0
2072416, 1, 0
2072421, 2, 1
2072425, 3, 0
2072531, 0, 1
2072541, 1, 1
2072546, 2, 0
2072550, 3, 0
2072656, 0, 0
2072666, 1, 0
2072671, 2, 1
2072675, 3, 1
2072781, 0, 1
2072791, 1, 1
2072796, 2, 0
2072800, 3, 0
2072906, 0, bit 1
2072906, 0, 0
2072916, 1, 0
2072921, 2, 1
2072925, 3, 1
2073031, 0, 1
2073041, 1, 1
2073046, 2, 0
2073050, 3, 0
2073156, 0, 1
2073166, 1, 0
2073171, 2, 1
2073175, 3, 1
2073281, 0, 0
2073291, 1, 0
2073296, 2, 1
2073300, 3, bit 0
2073300, 3, 0
2073406, 0, 0
2073416, 1, 1
2073421, 2, 0
2073425, 3, 1
2073531, 0, 1
2073541, 1, 0
2073546, 2, 0
2073550, 3, 0
2073656, 0, 1
2073666, 1, 1
2073671, 2, 1
2073675, 3, 1
2073781, 0, 0
2073791, 1, bit 1
2073791, 1, 0
2073796, 2, 1
2073800, 3, 0
2073906, 0, 0
2073916, 1, 1
2073921, 2, 0
2073925, 3, 1
2074031, 0, 1
2074041, 1, 1
2074046, 2, bit 0
2074046, 2, 1
2074050, 3, 1
2074156, 0, 1
2074166, 1, 0
2074171, 2, 0
2074175, 3, 0
2074281, 0, 0
2074291, 1, 1
2074296, 2, 1
2074300, 3, 0
2074406, 0, 1
2074416, 1, 0
2074421, 2, 0
2074425, 3, 1
2074531, 0, 0
2074541, 1, 1
2074546, 2, 1
2074550, 3, 0
2074656, 0, bit 0
2074656, 0, 1
2074667, 1, 0
2074671, 2, 0
2074675, 3, 1
2074781, 0, 0
2074792, 1, 1
2074796, 2, 1
2074800, 3, 0
2074906, 0, 0
2074917, 1, 0
2074921, 2, 0
2074925, 3, 1
2075031, 0, 1
2075042, 1, 0
2075046, 2, 0
2075051, 3, bit 1
2075051, 3, 1
2075156, 0, 1
2075167, 1, 1
2075171, 2, 1
2075176, 3, 0
2075281, 0, 0
2075292, 1, 0
2075296, 2, 1
2075301, 3, 1
2075406, 0, 0
2075417, 1, 1
2075421, 2, 0
2075426, 3, 0
2075531, 0, 1
2075542, 1, bit 1
2075542, 1, 0
2075546, 2, 0
2075551, 3, 1
2075656, 0, 1
2075667, 1, 1
2075671, 2, 1
2075676, 3, 0
2075781, 0, 0
2075792, 1, 1
2075796, 2, bit 0
2075796, 2, 1
2075801, 3, 0
2075906, 0, 0
2075917, 1, 0
2075921, 2, 0
2075926, 3, 1
2076032, 0, 1
2076042, 1, 1
2076046, 2, 1
2076051, 3, 1
2076157, 0, 0
2076167, 1, 0
2076171, 2, 0
2076176, 3, 0
2076282, 0, 1
2076292, 1, 1
2076296, 2, 1
2076301, 3, 1
2076407, 0, bit 0
2076407, 0, 1
2076417, 1, 0
2076421, 2, 0
2076426, 3, 0
2076532, 0, 0
2076542, 1, 1
2076546, 2, 1
2076551, 3, 1
2076657, 0, 0
2076667, 1, 0
2076672, 2, 0
2076676, 3, 0
2076782, 0, 1
2076792, 1, 0
2076797, 2, 0
2076801, 3, bit 1
2076801, 3, 1
2076907, 0, 1
2076917, 1, 1
2076922, 2, 1
2076926, 3, 0
2077032, 0, 0
2077042, 1, 0
2077047, 2, 1
2077051, 3, 1
2077157, 0, 0
2077167, 1, 1
2077172, 2, 0
2077176, 3, 0
2077282, 0, 1
2077292, 1, bit 0
2077292, 1, 1
2077297, 2, 0
2077301, 3, 1
2077407, 0, 1
2077417, 1, 0
2077422, 2, 1
2077426, 3, 0
2077532, 0, 0
2077542, 1, 0
2077547, 2, bit 1
2077547, 2, 0
2077551, 3, 0
2077657, 0, 0
2077667, 1, 1
2077672, 2, 1
2077676, 3, 1
2077782, 0, 1
2077792, 1, 0
2077797, 2, 0
2077801, 3, 1
2077907, 0, 0
2077917, 1, 1
2077922, 2, 1
2077926, 3, 0
2078032, 0, 1
2078042, 1, 0
2078047, 2, 0
2078051, 3, 1
2078157, 0, bit 0
2078157, 0, 1
2078167, 1, 1
2078172, 2, 1
2078182, 3, 0
2078282, 0, 0
2078292, 1, 0
2078297, 2, 0
2078307, 3, 1
2078407, 0, 0
2078417, 1, 1
2078422, 2, 1
2078432, 3, 0
2078532, 0, 1
2078542, 1, 1
2078547, 2, 1
2078557, 3, bit 0
2078557, 3, 0
2078657, 0, 1
2078667, 1, 0
2078672, 2, 0
2078682, 3, 1
2078782, 0, 0
2078792, 1, 1
2078797, 2, 0
2078807, 3, 0
2078907, 0, 0
2078917, 1, 0
2078922, 2, 1
2078932, 3, 1
2079032, 0, 1
2079042, 1, bit 0
2079042, 1, 1
2079047, 2, 1
2079057, 3, 0
2079157, 0, 1
2079167, 1, 0
2079172, 2, 0
2079182, 3, 1
2079282, 0, 0
2079292, 1, 0
2079297, 2, bit 0
2079297, 2, 1
2079307, 3, 1
2079407, 0, 0
2079417, 1, 1
2079422, 2, 0
2079432, 3, 0
2079532, 0, 1
2079542, 1, 0
2079547, 2, 1
2079557, 3, 0
2079657, 0, 0
2079667, 1, 1
2079672, 2, 0
2079682, 3, 1
2079782, 0, 1
2079792, 1, 0
2079797, 2, 1
2079807, 3, 0
2079917, 1, 1
2079922, 2, 0
2079932, 3, 1
2080043, 1, 0
2080047, 2, 1
2080057, 3, 0
2080168, 1, 1
2080172, 2, 0
2080182, 3, 1
2080293, 1, 1
2080297, 2, 0
2080307, 3, bit 0
2080307, 3, 0
2080418, 1, 0
2080422, 2, 1
2080432, 3, 1
2080543, 1, 1
2080547, 2, 1
2080557, 3, 0
2080668, 1, 0
2080672, 2, 0
2080683, 3, 1
2080793, 1, bit 0
2080793, 1, 1
2080797, 2, 0
2080808, 3, 0
2080918, 1, 0
2080922, 2, 1
2080933, 3, 1
2081043, 1, 0
2081047, 2, bit 0
2081047, 2, 1
2081058, 3, 1
2081168, 1, 1
2081172, 2, 0
2081183, 3, 0
2081293, 1, 0
2081297, 2, 1
2081308, 3, 0
2081418, 1, 1
2081422, 2, 0
2081433, 3, 1
2081543, 1, 0
2081547, 2, 1
2081558, 3, 0
2081668, 1, 1
2081672, 2, 0
2081683, 3, 1
2081793, 1, 0
2081797, 2, 1
2081808, 3, 0
2081918, 1, 1
2081922, 2, 0
2081933, 3, 1
2082043, 1, 1
2082048, 2, 0
2082058, 3, bit 1
2082058, 3, 1
2082168, 1, 0
2082173, 2, 1
2082183, 3, 0
2082293, 1, 1
2082298, 2, 1
2082308, 3, 1
2082418, 1, 0
2082423, 2, 0
2082433, 3, 0
2082543, 1, bit 1
2082543, 1, 0
2082548, 2, 0
2082558, 3, 1
2082668, 1, 1
2082673, 2, 1
2082683, 3, 0
2082793, 1, 1
2082798, 2, bit 0
2082798, 2, 1
2082808, 3, 0
2082918, 1, 0
2082923, 2, 0
2082933, 3, 1
2083043, 1, 1
2083048, 2, 1
2083058, 3, 1
2083168, 1, 0
2083173, 2, 0
2083183, 3, 0
2083293, 1, 1
2083298, 2, 1
2083308, 3, 1
2083418, 1, 0
2083423, 2, 0
2083433, 3, 0
2083543, 1, 1
2083548, 2, 1
2083558, 3, 1
2083668, 1, 0
2083673, 2, 0
2083683, 3, 0
2083793, 1, 0
2083798, 2, 0
2083808, 3, bit 1
2083808, 3, 1
2083918, 1, 1
2083923, 2, 1
2083933, 3, 0
2084043, 1, 0
2084048, 2, 1
2084058, 3, 1
2084168, 1, 1
2084173, 2, 0
2084183, 3, 0
2084293, 1, bit 1
2084293, 1, 0
2084298, 2, 0
2084308, 3, 1
2084418, 1, 1
2084423, 2, 1
2084433, 3, 0
2084543, 1, 1
2084548, 2, bit 0
2084548, 2, 1
2084558, 3, 0
2084668, 1, 0
2084673, 2, 0
2084683, 3, 1
2084793, 1, 1
2084798, 2, 1
2084808, 3, 1
2084918, 1, 0
2084923, 2, 0
2084933, 3, 0
2085043, 1, 1
2085048, 2, 1
2085058, 3, 1
2085168, 1, 0
2085173, 2, 0
2085183, 3, 0
2085293, 1, 1
2085298, 2, 1
2085308, 3, 1
2085419, 1, 0
2085423, 2, 0
2085433, 3, 0
2085544, 1, 0
2085548, 2, 0
2085558, 3, bit 1
2085558, 3, 1
2085669, 1, 1
2085673, 2, 1
2085683, 3, 0
2085794, 1, 0
2085798, 2, 1
2085808, 3, 1
2085919, 1, 1
2085923, 2, 0
2085933, 3, 0
2086044, 1, bit 1
2086044, 1, 0
2086048, 2, 0
2086059, 3, 1
2086169, 1, 1
2086173, 2, 1
2086184, 3, 0
2086294, 1, 1
2086298, 2, bit 1
2086298, 2, 0
2086309, 3, 0
2086419, 1, 0
2086423, 2, 1
2086434, 3, 1
2086544, 1, 1
2086548, 2, 0
2086559, 3, 1
2086669, 1, 0
2086673, 2, 1
2086684, 3, 0
2086794, 1, 1
2086798, 2, 0
2086809, 3, 1
2086919, 1, 0
2086923, 2, 1
2086934, 3, 0
2087044, 1, 1
2087048, 2, 0
2087059, 3, 1
2087169, 1, 0
2087173, 2, 1
2087184, 3, 0
2087294, 1, 0
2087298, 2, 1
2087309, 3, bit 0
2087309, 3, 0
2087419, 1, 1
2087424, 2, 0
2087434, 3, 1
2087544, 1, 0
2087549, 2, 0
2087559, 3, 0
2087669, 1, 1
2087674, 2, 1
2087684, 3, 1
2087794, 1, bit 1
2087794, 1, 0
2087799, 2, 1
2087809, 3, 0
2087919, 1, 1
2087924, 2, 0
2087934, 3, 1
2088044, 1, 1
2088049, 2, bit 0
2088049, 2, 1
2088059, 3, 1
2088169, 1, 0
2088174, 2, 0
2088184, 3, 0
2088294, 1, 1
2088299, 2, 1
2088309, 3, 0
2088419, 1, 0
2088424, 2, 0
2088434, 3, 1
2088544, 1, 1
2088549, 2, 1
2088559, 3, 0
2088669, 1, 0
2088674, 2, 0
2088684, 3, 1
2088794, 1, 1
2088799, 2, 1
2088809, 3, 0
2088919, 1, 0
2088924, 2, 0
2088934, 3, 1
2089044, 1, 0
2089049, 2, 0
2089059, 3, bit 1
2089059, 3, 1
2089169, 1, 1
2089174, 2, 1
2089184, 3, 0
2089294, 1, 0
2089299, 2, 1
2089309, 3, 1
2089419, 1, 1
2089424, 2, 0
2089434, 3, 0
2089544, 1, bit 1
2089544, 1, 0
2089549, 2, 0
2089559, 3, 1
2089669, 1, 1
2089674, 2, 1
2089684, 3, 0
2089794, 1, 1
2089799, 2, bit 0
2089799, 2, 1
2089809, 3, 0
2089919, 1, 0
2089924, 2, 0
2089934, 3, 1
2090044, 1, 1
2090049, 2, 1
2090059, 3, 1
2090169, 1, 0
2090174, 2, 0
2090184, 3, 0
2090294, 1, 1
2090299, 2, 1
2090309, 3, 1
2090419, 1, 0
2090424, 2, 0
2090434, 3, 0
2090544, 1, 1
2090549, 2, 1
2090559, 3, 1
2090669, 1, 0
2090674, 2, 0
2090684, 3, 0
2090795, 1, 0
2090799, 2, 0
2090809, 3, bit 1
2090809, 3, 1
2090920, 1, 1
2090924, 2, 1
2090934, 3, 0
2091045, 1, 0
2091049, 2, 1
2091059, 3, 1
2091170, 1, 1
2091174, 2, 0
2091184, 3, 0
2091295, 1, bit 1
2091295, 1, 0
2091299, 2, 0
2091309, 3, 1
2091420, 1, 1
2091424, 2, 1
2091435, 3, 0
2091545, 1, 1
2091549, 2, bit 0
2091549, 2, 1
2091560, 3, 0
2091670, 1, 0
2091674, 2, 0
2091685, 3, 1
2091795, 1, 1
2091799, 2, 1
2091810, 3, 1
2091920, 1, 0
2091924, 2, 0
2091935, 3, 0
2092045, 1, 1
2092049, 2, 1
2092060, 3, 1
2092170, 1, 0
2092174, 2, 0
2092185, 3, 0
2092295, 1, 1
2092299, 2, 1
2092310, 3, 1
2092420, 1, 0
2092424, 2, 0
2092435, 3, 0
2092545, 1, 0
2092549, 2, 0
2092560, 3, bit 0
2092560, 3, 0
2092670, 1, 1
2092674, 2, 1
2092685, 3, 1
2092795, 1, 0
2092800, 2, 1
2092810, 3, 0
2092920, 1, 1
2092925, 2, 0
2092935, 3, 1
2093045, 1, bit 1
2093045, 1, 0
2093050, 2, 0
2093060, 3, 0
2093170, 1, 1
2093175, 2, 1
2093185, 3, 1
2093295, 1, 1
2093300, 2, bit 1
2093303, 2, 0
2093310, 3, 1
2093420, 1, 0
2093425, 2, 1
2093435, 3, 0
2093545, 1, 1
2093550, 2, 0
2093560, 3, 0
2093670, 1, 0
2093675, 2, 1
2093685, 3, 1
2093795, 1, 1
2093800, 2, 0
2093810, 3, 0
2093920, 1, 0
2093925, 2, 1
2093935, 3, 1
2094045, 1, 1
2094050, 2, 0
2094060, 3, 0
2094170, 1, 0
2094175, 2, 1
2094185, 3, 1
2094295, 1, 0
2094300, 2, 1
2094310, 3, bit 1
2094310, 3, 1
2094420, 1, 1
2094425, 2, 0
2094435, 3, 0
2094545, 1, 0
2094550, 2, 0
2094560, 3, 1
2094670, 1, 1
2094675, 2, 1
2094685, 3, 0
2094795, 1, bit 1
2094795, 1, 0
2094800, 2, 1
2094810, 3, 1
2094920, 1, 1
2094925, 2, 0
2094935, 3, 0
2095045, 1, 1
2095050, 2, bit 0
2095050, 2, 1
2095060, 3, 0
2095170, 1, 0
2095175, 2, 0
2095185, 3, 1
2095295, 1, 1
2095300, 2, 1
2095310, 3, 1
2095420, 1, 0
2095425, 2, 0
2095435, 3, 0
2095545, 1, 1
2095550, 2, 1
2095560, 3, 1
2095670, 1, 0
2095675, 2, 0
2095685, 3, 0
2095795, 1, 1
2095800, 2, 1
2095810, 3, 1
2095920, 1, 0
2095925, 2, 0
2095935, 3, 0
2096045, 1, 0
2096050, 2, 0
2096060, 3, bit 0
2096060, 3, 0
2096171, 1, 1
2096175, 2, 1
2096185, 3, 1
2096296, 1, 0
2096300, 2, 1
2096310, 3, 0
2096421, 1, 1
2096425, 2, 0
2096435, 3, 1
2096546, 1, bit 0
2096546, 1, 1
2096550, 2, 0
2096560, 3, 0
2096671, 1, 0
2096675, 2, 1
2096685, 3, 1
2096796, 1, 0
2096800, 2, bit 1
2096800, 2, 0
2096811, 3, 1
2096921, 1, 1
2096925, 2, 1
2096936, 3, 0
2097046, 1, 0
2097050, 2, 0
2097061, 3, 0
2097171, 1, 1
2097175, 2, 1
2097186, 3, 1
2097296, 1, 0
2097300, 2, 0
2097311, 3, 0
2097421, 1, 1
2097425, 2, 1
2097436, 3, 1
2097546, 1, 0
2097550, 2, 0
2097561, 3, 0
2097671, 1, 1
2097675, 2, 1
2097686, 3, 1
2097796, 1, 1
2097800, 2, 1
2097811, 3, bit 1
2097811, 3, 1
2097921, 1, 0
2097925, 2, 0
2097936, 3, 0
2098046, 1, 1
2098050, 2, 0
2098061, 3, 1
2098171, 1, 0
2098176, 2, 1
2098186, 3, 0
2098296, 1, bit 1
2098296, 1, 0
2098301, 2, 1
2098311, 3, 1
2098421, 1, 1
2098426, 2, 0
2098436, 3, 0
2098546, 1, 1
2098551, 2, bit 1
2098551, 2, 0
2098561, 3, 0
2098671, 1, 0
2098676, 2, 1
2098686, 3, 1
2098796, 1, 1
2098801, 2, 0
2098811, 3, 1
2098921, 1, 0
2098926, 2, 1
2098936, 3, 0
2099046, 1, 1
2099051, 2, 0
2099061, 3, 1
2099171, 1, 0
2099176, 2, 1
2099186, 3, 0
2099296, 1, 1
2099301, 2, 0
2099311, 3, 1
2099421, 1, 0
2099426, 2, 1
2099436, 3, 0
2099546, 1, 0
2099551, 2, 1
2099561, 3, bit 1
2099561, 3, 1
2099671, 1, 1
2099676, 2, 0
2099686, 3, 0
2099796, 1, 0
2099801, 2, 0
2099811, 3, 1
2099921, 1, 1
2099926, 2, 1
2099936, 3, 0
2100046, 1, bit 1
2100046, 1, 0
2100051, 2, 1
2100061, 3, 1
2100171, 1, 1
2100176, 2, 0
2100186, 3, 0
2100296, 1, 1
2100301, 2, bit 1
2100301, 2, 0
2100311, 3, 0
2100421, 1, 0
2100426, 2, 1
2100436, 3, 1
2100546, 1, 1
2100551, 2, 0
2100561, 3, 1
2100671, 1, 0
2100676, 2, 1
2100686, 3, 0
2100796, 1, 1
2100801, 2, 0
2100811, 3, 1
2100921, 1, 0
2100926, 2, 1
2100936, 3, 0
2101046, 1, 1
2101051, 2, 0
2101061, 3, 1
2101171, 1, 0
2101176, 2, 1
2101186, 3, 0
2101296, 1, 0
2101301, 2, 1
2101311, 3, bit 1
2101311, 3, 1
2101421, 1, 1
2101426, 2, 0
2101436, 3, 0
2101547, 1, 0
2101551, 2, 0
2101561, 3, 1
2101672, 1, 1
2101676, 2, 1
2101686, 3, 0
2101797, 1, bit 1
2101797, 1, 0
2101801, 2, 1
2101811, 3, 1
2101922, 1, 1
2101926, 2, 0
2101936, 3, 0
2102047, 1, 1
2102051, 2, bit 0
2102051, 2, 1
2102061, 3, 0
2102172, 1, 0
2102176, 2, 0
2102187, 3, 1
2102297, 1, 1
2102301, 2, 1
2102312, 3, 1
2102422, 1, 0
2102426, 2, 0
2102437, 3, 0
2102547, 1, 1
2102551, 2, 1
2102562, 3, 1
2102672, 1, 0
2102676, 2, 0
2102687, 3, 0
2102797, 1, 1
2102801, 2, 1
2102812, 3, 1
2102922, 1, 0
2102926, 2, 0
2102937, 3, 0
2103047, 1, 0
2103051, 2, 0
2103062, 3, bit 1
2103062, 3, 1
2103172, 1, 1
2103176, 2, 1
2103187, 3, 0
2103297, 1, 0
2103301, 2, 1
2103312, 3, 1
2103422, 1, 1
2103426, 2, 0
2103437, 3, 0
2103547, 1, bit 0
2103547, 1, 1
2103552, 2, 0
2103562, 3, 1
2103672, 1, 0
2103677, 2, 1
2103687, 3, 0
2103797, 1, 0
2103802, 2, bit 0
2103802, 2, 1
2103812, 3, 0
2103922, 1, 1
2103927, 2, 0
2103937, 3, 1
2104047, 1, 0
2104052, 2, 1
2104062, 3, 1
2104172, 1, 1
2104177, 2, 0
2104187, 3, 0
2104297, 1, 0
2104302, 2, 1
2104312, 3, 1
2104422, 1, 1
2104427, 2, 0
2104437, 3, 0
2104547, 1, 0
2104552, 2, 1
2104562, 3, 1
2104672, 1, 1
2104677, 2, 0
2104687, 3, 0
2104797, 1, 1
2104802, 2, 0
2104812, 3, bit 1
2104812, 3, 1
2104922, 1, 0
2104927, 2, 1
2104937, 3, 0
2105047, 1, 1
2105052, 2, 1
2105062, 3, 1
2105172, 1, 0
2105177, 2, 0
2105187, 3, 0
2105297, 1, bit 1
2105297, 1, 0
2105302, 2, 0
2105312, 3, 1
2105422, 1, 1
2105427, 2, 1
2105437, 3, 0
2105547, 1, 1
2105552, 2, bit 1
2105552, 2, 0
2105562, 3, 0
2105672, 1, 0
2105677, 2, 1
2105687, 3, 1
2105797, 1, 1
2105802, 2, 0
2105812, 3, 1
2105922, 1, 0
2105927, 2, 1
2105937, 3, 0
2106047, 1, 1
2106052, 2, 0
2106062, 3, 1
2106172, 1, 0
2106177, 2, 1
2106187, 3, 0
2106297, 1, 1
2106302, 2, 0
2106312, 3, 1
2106422, 1, 0
2106427, 2, 1
2106437, 3, 0
2106547, 1, 0
2106552, 2, 1
2106562, 3, bit 0
2106562, 3, 0
2106672, 1, 1
2106677, 2, 0
2106687, 3, 1
2106797, 1, 0
2106802, 2, 0
2106812, 3, 0
2106923, 1, 1
2106927, 2, 1
2106937, 3, 1
2107048, 1, bit 0
2107048, 1, 1
2107052, 2, 1
2107062, 3, 0
2107173, 1, 0
2107177, 2, 0
2107187, 3, 1
2107298, 1, 0
2107302, 2, bit 0
2107302, 2, 1
2107312, 3, 1
2107423, 1, 1
2107427, 2, 0
2107437, 3, 0
2107548, 1, 0
2107552, 2, 1
2107563, 3, 0
2107673, 1, 1
2107677, 2, 0
2107688, 3, 1
2107798, 1, 0
2107802, 2, 1
2107813, 3, 0
2107923, 1, 1
2107927, 2, 0
2107938, 3, 1
2108048, 1, 0
2108052, 2, 1
2108063, 3, 0
2108173, 1, 1
2108177, 2, 0
2108188, 3, 1
2108298, 1, 1
2108302, 2, 0
2108313, 3, bit 0
2108313, 3, 0
2108423, 1, 0
2108427, 2, 1
2108438, 3, 1
2108548, 1, 1
2108552, 2, 1
2108563, 3, 0
2108673, 1, 0
2108677, 2, 0
2108688, 3, 1
2108802, 2, 0
2108813, 3, 0
2108928, 2, 1
2108938, 3, 1
2109053, 2, bit 1
2109053, 2, 0
2109063, 3, 1
2109178, 2, 1
2109188, 3, 0
2109303, 2, 0
2109313, 3, 0
2109428, 2, 1
2109438, 3, 1
2109553, 2, 0
2109563, 3, 0
2109678, 2, 1
2109688, 3, 1
2109803, 2, 0
2109813, 3, 0
2109928, 2, 1
2109938, 3, 1
2110053, 2, 1
2110063, 3, bit 0
2110063, 3, 0
2110178, 2, 0
2110188, 3, 1
2110303, 2, 0
2110313, 3, 0
2110428, 2, 1
2110438, 3, 1
2110553, 2, 1
2110563, 3, 0
2110678, 2, 0
2110688, 3, 1
2110803, 2, bit 1
2110803, 2, 0
2110813, 3, 1
2110928, 2, 1
2110938, 3, 0
2111053, 2, 0
2111063, 3, 0
2111178, 2, 1
2111188, 3, 1
2111303, 2, 0
2111313, 3, 0
2111428, 2, 1
2111438, 3, 1
2111553, 2, 0
2111563, 3, 0
2111678, 2, 1
2111688, 3, 1
2111803, 2, 1
2111813, 3, bit 0
2111813, 3, 0
2111928, 2, 0
2111938, 3, 1
2112053, 2, 0
2112063, 3, 0
2112178, 2, 1
2112188, 3, 1
2112303, 2, 1
2112313, 3, 0
2112428, 2, 0
2112438, 3, 1
2112553, 2, bit 0
2112553, 2, 1
2112563, 3, 1
2112678, 2, 0
2112688, 3, 0
2112803, 2, 1
2112813, 3, 0
2112928, 2, 0
2112939, 3, 1
2113053, 2, 1
2113064, 3, 0
2113178, 2, 0
2113189, 3, 1
2113303, 2, 1
2113314, 3, 0
2113428, 2, 0
2113439, 3, 1
2113553, 2, 0
2113564, 3, bit 0
2113564, 3, 0
2113678, 2, 1
2113689, 3, 1
2113803, 2, 1
2113814, 3, 0
2113928, 2, 0
2113939, 3, 1
2114053, 2, 0
2114064, 3, 0
2114178, 2, 1
2114189, 3, 1
2114304, 2, bit 0
2114304, 2, 1
2114314, 3, 1
2114429, 2, 0
2114439, 3, 0
2114554, 2, 1
2114564, 3, 0
2114679, 2, 0
2114689, 3, 1
2114804, 2, 1
2114814, 3, 0
2114929, 2, 0
2114939, 3, 1
2115054, 2, 1
2115064, 3, 0
2115179, 2, 0
2115189, 3, 1
2115304, 2, 0
2115314, 3, bit 1
2115314, 3, 1
2115429, 2, 1
2115439, 3, 0
2115554, 2, 1
2115564, 3, 1
2115679, 2, 0
2115689, 3, 0
2115804, 2, 0
2115814, 3, 1
2115929, 2, 1
2115939, 3, 0
2116054, 2, bit 0
2116054, 2, 1
2116064, 3, 0
2116179, 2, 0
2116189, 3, 1
2116304, 2, 1
2116314, 3, 1
2116429, 2, 0
2116439, 3, 0
2116554, 2, 1
2116564, 3, 1
2116679, 2, 0
2116689, 3, 0
2116804, 2, 1
2116814, 3, 1
2116929, 2, 0
2116939, 3, 0
2117054, 2, 0
2117064, 3, bit 0
2117064, 3, 0
2117179, 2, 1
2117189, 3, 1
2117304, 2, 1
2117314, 3, 0
2117429, 2, 0
2117439, 3, 1
2117554, 2, 0
2117564, 3, 0
2117679, 2, 1
2117689, 3, 1
2117804, 2, bit 0
2117804, 2, 1
2117814, 3, 1
2117929, 2, 0
2117939, 3, 0
2118054, 2, 1
2118064, 3, 0
2118179, 2, 0
2118189, 3, 1
2118304, 2, 1
2118315, 3, 0
2118429, 2, 0
2118440, 3, 1
2118554, 2, 1
2118565, 3, 0
2118679, 2, 0
2118690, 3, 1
2118804, 2, 0
2118815, 3, bit 0
2118815, 3, 0
2118929, 2, 1
2118940, 3, 1
2119054, 2, 1
2119065, 3, 0
2119179, 2, 0
2119190, 3, 1
2119304, 2, 0
2119315, 3, 0
2119429, 2, 1
2119440, 3, 1
2119554, 2, bit 1
2119554, 2, 0
2119565, 3, 1
2119680, 2, 1
2119690, 3, 0
2119805, 2, 0
2119815, 3, 0
2119930, 2, 1
2119940, 3, 1
2120055, 2, 0
2120065, 3, 0
2120180, 2, 1
2120190, 3, 1
2120305, 2, 0
2120315, 3, 0
2120430, 2, 1
2120440, 3, 1
2120555, 2, 1
2120565, 3, bit 1
2120565, 3, 1
2120680, 2, 0
2120690, 3, 0
2120805, 2, 0
2120815, 3, 1
2120930, 2, 1
2120940, 3, 0
2121055, 2, 1
2121065, 3, 1
2121180, 2, 0
2121190, 3, 0
2121305, 2, bit 0
2121305, 2, 1
2121315, 3, 0
2121430, 2, 0
2121440, 3, 1
2121555, 2, 1
2121565, 3, 1
2121680, 2, 0
2121690, 3, 0
2121805, 2, 1
2121815, 3, 1
2121930, 2, 0
2121940, 3, 0
2122055, 2, 1
2122065, 3, 1
2122180, 2, 0
2122190, 3, 0
2122305, 2, 0
2122315, 3, bit 0
2122315, 3, 0
2122430, 2, 1
2122440, 3, 1
2122555, 2, 1
2122565, 3, 0
2122680, 2, 0
2122690, 3, 1
2122805, 2, 0
2122815, 3, 0
2122930, 2, 1
2122940, 3, 1
2123055, 2, bit 1
2123055, 2, 0
2123065, 3, 1
2123180, 2, 1
2123190, 3, 0
2123305, 2, 0
2123315, 3, 0
2123430, 2, 1
2123440, 3, 1
2123555, 2, 0
2123565, 3, 0
2123680, 2, 1
2123691, 3, 1
2123805, 2, 0
2123816, 3, 0
2123930, 2, 1
2123941, 3, 1
2124055, 2, 1
2124066, 3, bit 1
2124066, 3, 1
2124180, 2, 0
2124191, 3, 0
2124305, 2, 0
2124316, 3, 1
2124430, 2, 1
2124441, 3, 0
2124555, 2, 1
2124566, 3, 1
2124680, 2, 0
2124691, 3, 0
2124805, 2, bit 0
2124815, 2, 1
2124816, 3, 0
2124930, 2, 0
2124941, 3, 1
2125056, 2, 1
2125066, 3, 1
2125181, 2, 0
2125191, 3, 0
2125306, 2, 1
2125316, 3, 1
2125431, 2, 0
2125441, 3, 0
2125556, 2, 1
2125566, 3, 1
2125681, 2, 0
2125691, 3, 0
2125806, 2, 0
2125816, 3, bit 1
2125816, 3, 1
2125931, 2, 1
2125941, 3, 0
2126056, 2, 1
2126066, 3, 1
2126181, 2, 0
2126191, 3, 0
2126306, 2, 0
2126316, 3, 1
2126431, 2, 1
2126441, 3, 0
2126556, 2, bit 0
2126556, 2, 1
2126566, 3, 0
2126681, 2, 0
2126691, 3, 1
2126806, 2, 1
2126816, 3, 1
2126931, 2, 0
2126941, 3, 0
2127056, 2, 1
2127066, 3, 1
2127181, 2, 0
2127191, 3, 0
2127306, 2, 1
2127316, 3, 1
2127431, 2, 0
2127441, 3, 0
2127556, 2, 0
2127566, 3, bit 0
2127566, 3, 0
2127681, 2, 1
2127691, 3, 1
2127806, 2, 1
2127816, 3, 0
2127931, 2, 0
2127941, 3, 1
2128056, 2, 0
2128066, 3, 0
2128181, 2, 1
2128191, 3, 1
2128306, 2, bit 0
2128306, 2, 1
2128316, 3, 1
2128431, 2, 0
2128441, 3, 0
2128556, 2, 1
2128566, 3, 0
2128681, 2, 0
2128691, 3, 1
2128806, 2, 1
2128816, 3, 0
2128931, 2, 0
2128941, 3, 1
2129056, 2, 1
2129067, 3, 0
2129181, 2, 0
2129192, 3, 1
2129306, 2, 0
2129317, 3, bit 1
2129317, 3, 1
2129431, 2, 1
2129442, 3, 0
2129556, 2, 1
2129567, 3, 1
2129681, 2, 0
2129692, 3, 0
2129806, 2, 0
2129817, 3, 1
2129931, 2, 1
2129942, 3, 0
2130056, 2, bit 0
2130056, 2, 1
2130067, 3, 0
2130181, 2, 0
2130192, 3, 1
2130306, 2, 1
2130317, 3, 1
2130432, 2, 0
2130442, 3, 0
2130557, 2, 1
2130567, 3, 1
2130682, 2, 0
2130692, 3, 0
2130807, 2, 1
2130817, 3, 1
2130932, 2, 0
2130942, 3, 0
2131057, 2, 0
2131067, 3, bit 0
2131067, 3, 0
2131182, 2, 1
2131192, 3, 1
2131307, 2, 1
2131317, 3, 0
2131432, 2, 0
2131442, 3, 1
2131557, 2, 0
2131567, 3, 0
2131682, 2, 1
2131692, 3, 1
2131807, 2, bit 0
2131807, 2, 1
2131817, 3, 1
2131932, 2, 0
2131942, 3, 0
2132057, 2, 1
2132067, 3, 0
2132182, 2, 0
2132192, 3, 1
2132307, 2, 1
2132317, 3, 0
2132432, 2, 0
2132442, 3, 1
2132557, 2, 1
2132567, 3, 0
2132682, 2, 0
2132692, 3, 1
2132807, 2, 0
2132817, 3, bit 0
2132817, 3, 0
2132932, 2, 1
2132942, 3, 1
2133057, 2, 1
2133067, 3, 0
2133182, 2, 0
2133192, 3, 1
2133307, 2, 0
2133317, 3, 0
2133432, 2, 1
2133442, 3, 1
2133557, 2, bit 0
2133557, 2, 1
2133567, 3, 1
2133682, 2, 0
2133692, 3, 0
2133807, 2, 1
2133817, 3, 0
2133932, 2, 0
2133942, 3, 1
2134057, 2, 1
2134067, 3, 0
2134182, 2, 0
2134192, 3, 1
2134307, 2, 1
2134317, 3, 0
2134432, 2, 0
2134443, 3, 1
2134557, 2, 0
2134568, 3, bit 1
2134572, 3, 1
2134682, 2, 1
2134693, 3, 0
2134807, 2, 1
2134818, 3, 1
2134932, 2, 0
2134943, 3, 0
2135057, 2, 0
2135068, 3, 1
2135182, 2, 1
2135193, 3, 0
2135307, 2, bit 0
2135307, 2, 1
2135318, 3, 0
2135432, 2, 0
2135443, 3, 1
2135557, 2, 1
2135568, 3, 1
2135682, 2, 0
2135693, 3, 0
2135808, 2, 1
2135818, 3, 1
2135933, 2, 0
2135943, 3, 0
2136058, 2, 1
2136068, 3, 1
2136183, 2, 0
2136193, 3, 0
2136308, 2, 0
2136318, 3, bit 0
2136318, 3, 0
2136433, 2, 1
2136443, 3, 1
2136558, 2, 1
2136568, 3, 0
2136683, 2, 0
2136693, 3, 1
2136808, 2, 0
2136818, 3, 0
2136933, 2, 1
2136943, 3, 1
2137058, 2, bit 0
2137058, 2, 1
2137068, 3, 1
2137183, 2, 0
2137193, 3, 0
2137308, 2, 1
2137318, 3, 0
2137433, 2, 0
2137443, 3, 1
2137558, 2, 1
2137568, 3, 0
2137683, 2, 0
2137693, 3, 1
2137808, 2, 1
2137818, 3, 0
2137933, 2, 0
2137943, 3, 1
2138058, 2, 0
2138068, 3, bit 0
2138068, 3, 0
2138183, 2, 1
2138193, 3, 1
2138308, 2, 1
2138318, 3, 0
2138433, 2, 0
2138443, 3, 1
2138558, 2, 0
2138568, 3, 0
2138683, 2, 1
2138693, 3, 1
2138818, 3, 1
2138943, 3, 0
2139068, 3, 0
2139193, 3, 1
2139318, 3, 0
2139443, 3, 1
2139568, 3, 0
2139693, 3, 1
2139819, 3, bit 0
2139819, 3, 0
2139944, 3, 1
2140069, 3, 0
2140194, 3, 1
2140319, 3, 0
2140444, 3, 1
2140569, 3, 1
2140694, 3, 0
2140819, 3, 0
2140944, 3, 1
2141069, 3, 0
2141194, 3, 1
2141319, 3, 0
2141444, 3, 1
2141569, 3, bit 1
2141569, 3, 1
2141694, 3, 0
2141819, 3, 1
2141944, 3, 0
2142069, 3, 1
2142194, 3, 0
2142319, 3, 0
2142444, 3, 1
2142569, 3, 1
2142694, 3, 0
2142819, 3, 1
2142944, 3, 0
2143069, 3, 1
2143194, 3, 0
2143319, 3, bit 1
2143319, 3, 1
2143444, 3, 0
2143569, 3, 1
2143694, 3, 0
2143819, 3, 1
2143944, 3, 0
2144069, 3, 0
2144194, 3, 1
2144319, 3, 1
2144444, 3, 0
2144569, 3, 1
2144694, 3, 0
2144819, 3, 1
2144944, 3, 0
2145069, 3, bit 0
2145069, 3, 0
2145195, 3, 1
2145320, 3, 0
2145445, 3, 1
2145570, 3, 0
2145695, 3, 1
2145820, 3, 1
2145945, 3, 0
2146070, 3, 0
2146195, 3, 1
2146320, 3, 0
2146445, 3, 1
2146570, 3, 0
2146695, 3, 1
2146820, 3, bit 1
2146820, 3, 1
2146945, 3, 0
2147070, 3, 1
2147195, 3, 0
2147320, 3, 1
2147445, 3, 0
2147570, 3, 0
2147695, 3, 1
2147820, 3, 1
2147945, 3, 0
2148070, 3, 1
2148195, 3, 0
2148320, 3, 1
2148445, 3, 0
2148570, 3, bit 1
2148570, 3, 1
2148695, 3, 0
2148820, 3, 1
2148945, 3, 0
2149070, 3, 1
2149195, 3, 0
2149320, 3, 0
2149445, 3, 1
2149570, 3, 1
2149695, 3, 0
2149820, 3, 1
2149945, 3, 0
2150070, 3, 1
2150195, 3, 0
2150320, 3, bit 0
2150320, 3, 0
2150445, 3, 1
2150571, 3, 0
2150696, 3, 1
2150821, 3, 0
2150946, 3, 1
2151071, 3, 1
2151196, 3, 0
2151321, 3, 0
2151446, 3, 1
2151571, 3, 0
2151696, 3, 1
2151821, 3, 0
2151946, 3, 1
2152071, 3, bit 0
2152071, 3, 0
2152196, 3, 1
2152321, 3, 0
2152446, 3, 1
2152571, 3, 0
2152696, 3, 1
2152821, 3, 1
2152946, 3, 0
2153071, 3, 0
2153196, 3, 1
2153321, 3, 0
2153446, 3, 1
2153571, 3, 0
2153696, 3, 1
2153821, 3, bit 0
2153821, 3, 0
2153946, 3, 1
2154071, 3, 0
2154196, 3, 1
2154321, 3, 0
2154446, 3, 1
2154571, 3, 1
2154696, 3, 0
2154821, 3, 0
2154946, 3, 1
2155071, 3, 0
2155196, 3, 1
2155321, 3, 0
2155446, 3, 1
2155571, 3, bit 0
2155571, 3, 0
2155696, 3, 1
2155821, 3, 0
2155947, 3, 1
2156072, 3, 0
2156197, 3, 1
2156322, 3, 1
2156447, 3, 0
2156572, 3, 0
2156697, 3, 1
2156822, 3, 0
2156947, 3, 1
2157072, 3, 0
2157197, 3, 1
2157322, 3, bit 0
2157322, 3, 0
2157447, 3, 1
2157572, 3, 0
2157697, 3, 1
2157822, 3, 0
2157947, 3, 1
2158072, 3, 1
2158197, 3, 0
2158322, 3, 0
2158447, 3, 1
2158572, 3, 0
2158697, 3, 1
2158822, 3, 0
2158947, 3, 1
2159072, 3, bit 0
2159072, 3, 0
2159197, 3, 1
2159322, 3, 0
2159447, 3, 1
2159572, 3, 0
2159697, 3, 1
2159822, 3, 1
2159947, 3, 0
2160072, 3, 0
2160197, 3, 1
2160322, 3, 0
2160447, 3, 1
2160572, 3, 0
2160697, 3, 1
2160822, 3, bit 0
2160822, 3, 0
2160947, 3, 1
2161072, 3, 0
2161197, 3, 1
2161323, 3, 0
2161448, 3, 1
2161573, 3, 1
2161698, 3, 0
2161823, 3, 0
2161948, 3, 1
2162073, 3, 0
2162198, 3, 1
2162323, 3, 0
2162448, 3, 1
2162573, 3, bit 0
2162573, 3, 0
2162698, 3, 1
2162823, 3, 0
2162948, 3, 1
2163073, 3, 0
2163198, 3, 1
2163323, 3, 1
2163448, 3, 0
2163573, 3, 0
2163698, 3, 1
2163823, 3, 0
2163948, 3, 1
2164073, 3, 0
2164198, 3, 1
2164323, 3, bit 0
2164323, 3, 0
2164448, 3, 1
2164573, 3, 0
2164698, 3, 1
2164823, 3, 0
2164948, 3, 1
2165073, 3, 1
2165198, 3, 0
2165323, 3, 0
2165448, 3, 1
2165573, 3, 0
2165698, 3, 1
2165823, 3, 0
2165948, 3, 1
2166073, 3, bit 0
2166073, 3, 0
2166198, 3, 1
2166323, 3, 0
2166448, 3, 1
2166573, 3, 0
2166699, 3, 1
2166824, 3, 1
2166949, 3, 0
2167074, 3, 0
2167199, 3, 1
2167324, 3, 0
2167449, 3, 1
2167574, 3, 0
2167699, 3, 1
