175 100 1 7 16
(3, 20, 2, 10.00), (code 0)
START
39698, 0, prem 0
39698, 0, 0
39873, 0, 0
40048, 0, 0
40223, 0, 0
40398, 0, 0
40573, 0, 0
40748, 0, 0
40923, 0, 0
41098, 0, 0
41273, 0, 0
41448, 0, 0
41623, 0, 0
41798, 0, 0
41973, 0, 0
42148, 0, 0
42323, 0, 0
42498, 0, 1
42673, 0, 1
42848, 0, 1
43023, 0, 1
43198, 0, 1
43373, 0, 1
43548, 0, 1
43723, 0, 1
43898, 0, 1
44073, 0, 1
44248, 0, 1
44423, 0, 1
44598, 0, 1
44773, 0, 1
44948, 0, 1
45123, 0, 1
45298, 0, prem 1
45298, 0, 1
45473, 0, 1
45648, 0, 1
45824, 0, 1
45999, 0, 1
46174, 0, 1
46349, 0, 1
46524, 0, 1
46699, 0, 1
46874, 0, 1
47049, 0, 1
47224, 0, 1
47399, 0, 1
47574, 0, 1
47749, 0, 1
47924, 0, 1
48099, 0, 0
48274, 0, 0
48449, 0, 0
48624, 0, 0
48799, 0, 0
48974, 0, 0
49149, 0, 0
49324, 0, 0
49499, 0, 0
49674, 0, 0
49849, 0, 0
50024, 0, 0
50199, 0, 0
50374, 0, 0
50549, 0, 0
50724, 0, 0
50899, 0, prem 1
50899, 0, 1
51074, 0, 1
51249, 0, 1
51424, 0, 1
51599, 0, 1
51774, 0, 1
51949, 0, 1
52124, 0, 1
52299, 0, 1
52474, 0, 1
52649, 0, 1
52824, 0, 1
52999, 0, 1
53174, 0, 1
53349, 0, 1
53524, 0, 1
53699, 0, 0
53874, 0, 0
54049, 0, 0
54224, 0, 0
54400, 0, 0
54575, 0, 0
54750, 0, 0
54925, 0, 0
55100, 0, 0
55275, 0, 0
55450, 0, 0
55625, 0, 0
55800, 0, 0
55975, 0, 0
56150, 0, 0
56325, 0, 0
56500, 0, prem 1
56500, 0, 1
56675, 0, 1
56850, 0, 1
57025, 0, 1
57200, 0, 1
57375, 0, 1
57550, 0, 1
57725, 0, 1
57900, 0, 1
58075, 0, 1
58250, 0, 1
58425, 0, 1
58600, 0, 1
58775, 0, 1
58950, 0, 1
59125, 0, 1
59300, 0, 0
59475, 0, 0
59650, 0, 0
59825, 0, 0
60000, 0, 0
60175, 0, 0
60350, 0, 0
60525, 0, 0
60700, 0, 0
60875, 0, 0
61050, 0, 0
61225, 0, 0
61400, 0, 0
61575, 0, 0
61750, 0, 0
61925, 0, 0
62100, 0, prem 1
62100, 0, 1
62275, 0, 1
62450, 0, 1
62625, 0, 1
62800, 0, 1
62976, 0, 1
63151, 0, 1
63326, 0, 1
63501, 0, 1
63676, 0, 1
63851, 0, 1
64026, 0, 1
64201, 0, 1
64376, 0, 1
64551, 0, 1
64726, 0, 1
64901, 0, 0
65076, 0, 0
65251, 0, 0
65426, 0, 0
65601, 0, 0
65776, 0, 0
65951, 0, 0
66126, 0, 0
66301, 0, 0
66476, 0, 0
66651, 0, 0
66826, 0, 0
67001, 0, 0
67176, 0, 0
67351, 0, 0
67526, 0, 0
67701, 0, prem 0
67701, 0, 0
67876, 0, 0
68051, 0, 0
68226, 0, 0
68401, 0, 0
68576, 0, 0
68751, 0, 0
68926, 0, 0
69101, 0, 0
69276, 0, 0
69451, 0, 0
69626, 0, 0
69801, 0, 0
69976, 0, 0
70151, 0, 0
70326, 0, 0
70501, 0, 1
70676, 0, 1
70851, 0, 1
71026, 0, 1
71201, 0, 1
71376, 0, 1
71552, 0, 1
71727, 0, 1
71902, 0, 1
72077, 0, 1
72252, 0, 1
72427, 0, 1
72602, 0, 1
72777, 0, 1
72952, 0, 1
73127, 0, 1
73302, 0, prem 0
73302, 0, 0
73477, 0, 0
73652, 0, 0
73827, 0, 0
74002, 0, 0
74177, 0, 0
74352, 0, 0
74527, 0, 0
74702, 0, 0
74877, 0, 0
75052, 0, 0
75227, 0, 0
75402, 0, 0
75577, 0, 0
75752, 0, 0
75927, 0, 0
76102, 0, 1
76277, 0, 1
76452, 0, 1
76627, 0, 1
76802, 0, 1
76977, 0, 1
77152, 0, 1
77327, 0, 1
77502, 0, 1
77677, 0, 1
77852, 0, 1
78027, 0, 1
78202, 0, 1
78377, 0, 1
78552, 0, 1
78727, 0, 1
78902, 0, bit 1
78902, 0, 0
79077, 0, 1
79252, 0, 1
79427, 0, 0
79602, 0, 1
79777, 0, 0
79952, 0, 1
80128, 0, 0
80303, 0, 1
80478, 0, 0
80653, 0, 0
80828, 0, 1
81003, 0, 0
81178, 0, 1
81353, 0, bit 0
81353, 0, 1
81528, 0, 0
81703, 0, 0
81878, 0, 1
82053, 0, 0
82228, 0, 1
82403, 0, 0
82578, 0, 1
82753, 0, 0
82928, 0, 1
83103, 0, 1
83278, 0, 0
83453, 0, 1
83628, 0, 0
83803, 0, bit 1
83803, 0, 0
83978, 0, 1
84153, 0, 1
84328, 0, 0
84503, 0, 1
84678, 0, 0
84853, 0, 1
85028, 0, 0
85203, 0, 1
85378, 0, 0
85553, 0, 0
85728, 0, 1
85903, 0, 0
86078, 0, 1
86253, 0, bit 0
86253, 0, 1
86428, 0, 0
86603, 0, 0
86778, 0, 1
86953, 0, 0
87128, 0, 1
87303, 0, 0
87478, 0, 1
87653, 0, 0
87828, 0, 1
88003, 0, 1
88178, 0, 0
88353, 0, 1
88528, 0, 0
88704, 0, bit 1
88704, 0, 0
88879, 0, 1
89054, 0, 1
89229, 0, 0
89404, 0, 1
89579, 0, 0
89754, 0, 1
89929, 0, 0
90104, 0, 1
90279, 0, 0
90454, 0, 0
90629, 0, 1
90804, 0, 0
90979, 0, 1
91154, 0, bit 0
91157, 0, 1
91329, 0, 0
91504, 0, 0
91679, 0, 1
91854, 0, 0
92029, 0, 1
92204, 0, 0
92379, 0, 1
92554, 0, 0
92729, 0, 1
92904, 0, 1
93079, 0, 0
93254, 0, 1
93429, 0, 0
93604, 0, bit 1
93604, 0, 0
93779, 0, 1
93954, 0, 1
94129, 0, 0
94304, 0, 1
94479, 0, 0
94654, 0, 1
94829, 0, 0
95004, 0, 1
95179, 0, 0
95354, 0, 0
95529, 0, 1
95704, 0, 0
95879, 0, 1
96054, 0, bit 0
96054, 0, 1
96229, 0, 0
96404, 0, 0
96579, 0, 1
96754, 0, 0
96929, 0, 1
97104, 0, 0
97280, 0, 1
97455, 0, 0
97630, 0, 1
97805, 0, 1
97980, 0, 0
98155, 0, 1
98330, 0, 0
98505, 0, bit 0
98505, 0, 1
98680, 0, 0
98855, 0, 0
99030, 0, 1
99205, 0, 0
99380, 0, 1
99555, 0, 0
99730, 0, 1
99905, 0, 0
100080, 0, 1
100255, 0, 1
100430, 0, 0
100605, 0, 1
100780, 0, 0
100955, 0, bit 0
100955, 0, 1
101130, 0, 0
101305, 0, 0
101480, 0, 1
101655, 0, 0
101830, 0, 1
102005, 0, 0
102180, 0, 1
102355, 0, 0
102530, 0, 1
102705, 0, 1
102880, 0, 0
103055, 0, 1
103230, 0, 0
103405, 0, bit 1
103405, 0, 0
103580, 0, 1
103755, 0, 1
103930, 0, 0
104105, 0, 1
104280, 0, 0
104455, 0, 1
104630, 0, 0
104805, 0, 1
104980, 0, 0
105155, 0, 0
105330, 0, 1
105505, 0, 0
105680, 0, 1
105856, 0, bit 0
105856, 0, 1
106031, 0, 0
106206, 0, 0
106381, 0, 1
106556, 0, 0
106731, 0, 1
106906, 0, 0
107081, 0, 1
107256, 0, 0
107431, 0, 1
107606, 0, 1
107781, 0, 0
107956, 0, 1
108131, 0, 0
108306, 0, bit 1
108306, 0, 0
108481, 0, 1
108656, 0, 1
108831, 0, 0
109006, 0, 1
109181, 0, 0
109356, 0, 1
109531, 0, 0
109706, 0, 1
109881, 0, 0
110056, 0, 0
110231, 0, 1
110406, 0, 0
110581, 0, 1
110756, 0, bit 1
110756, 0, 0
110931, 0, 1
111106, 0, 1
111281, 0, 0
111456, 0, 1
111631, 0, 0
111806, 0, 1
111981, 0, 0
112156, 0, 1
112331, 0, 0
112506, 0, 0
112681, 0, 1
112856, 0, 0
113031, 0, 1
113206, 0, bit 1
113206, 0, 0
113381, 0, 1
113556, 0, 1
113731, 0, 0
113906, 0, 1
114081, 0, 0
114256, 0, 1
114432, 0, 0
114607, 0, 1
114782, 0, 0
114957, 0, 0
115132, 0, 1
115307, 0, 0
115482, 0, 1
115657, 0, bit 0
115657, 0, 1
115832, 0, 0
116007, 0, 0
116182, 0, 1
116357, 0, 0
116532, 0, 1
116707, 0, 0
116882, 0, 1
117057, 0, 0
117232, 0, 1
117407, 0, 1
117582, 0, 0
117757, 0, 1
117932, 0, 0
118107, 0, bit 1
118107, 0, 0
118282, 0, 1
118457, 0, 1
118632, 0, 0
118807, 0, 1
118982, 0, 0
119157, 0, 1
119332, 0, 0
119507, 0, 1
119682, 0, 0
119857, 0, 0
120032, 0, 1
120207, 0, 0
120382, 0, 1
120557, 0, bit 0
120557, 0, 1
120732, 0, 0
120907, 0, 0
121082, 0, 1
121257, 0, 0
121432, 0, 1
121607, 0, 0
121782, 0, 1
121957, 0, 0
122132, 0, 1
122307, 0, 1
122482, 0, 0
122657, 0, 1
122832, 0, 0
123008, 0, bit 0
123008, 0, 1
123183, 0, 0
123358, 0, 0
123533, 0, 1
123708, 0, 0
123883, 0, 1
124058, 0, 0
124233, 0, 1
124408, 0, 0
124583, 0, 1
124758, 0, 1
124933, 0, 0
125108, 0, 1
125283, 0, 0
125458, 0, bit 1
125458, 0, 0
125633, 0, 1
125808, 0, 1
125983, 0, 0
126158, 0, 1
126333, 0, 0
126508, 0, 1
126683, 0, 0
126858, 0, 1
127033, 0, 0
127208, 0, 0
127383, 0, 1
127558, 0, 0
127733, 0, 1
127908, 0, bit 1
127908, 0, 0
128083, 0, 1
128258, 0, 1
128433, 0, 0
128608, 0, 1
128783, 0, 0
128958, 0, 1
129133, 0, 0
129308, 0, 1
129483, 0, 0
129658, 0, 0
129833, 0, 1
130008, 0, 0
130183, 0, 1
130358, 0, bit 1
130358, 0, 0
130533, 0, 1
130708, 0, 1
130883, 0, 0
131058, 0, 1
131233, 0, 0
131408, 0, 1
131584, 0, 0
131759, 0, 1
131934, 0, 0
132109, 0, 0
132284, 0, 1
132459, 0, 0
132634, 0, 1
132809, 0, bit 0
132813, 0, 1
132984, 0, 0
133159, 0, 0
133334, 0, 1
133509, 0, 0
133684, 0, 1
133859, 0, 0
134034, 0, 1
134209, 0, 0
134384, 0, 1
134559, 0, 1
134734, 0, 0
134909, 0, 1
135084, 0, 0
135259, 0, bit 1
135259, 0, 0
135434, 0, 1
135609, 0, 1
135784, 0, 0
135959, 0, 1
136134, 0, 0
136309, 0, 1
136484, 0, 0
136659, 0, 1
136834, 0, 0
137009, 0, 0
137184, 0, 1
137359, 0, 0
137534, 0, 1
137709, 0, bit 1
137709, 0, 0
137884, 0, 1
138059, 0, 1
138234, 0, 0
138409, 0, 1
138584, 0, 0
138759, 0, 1
138934, 0, 0
139109, 0, 1
139284, 0, 0
139459, 0, 0
139634, 0, 1
139809, 0, 0
139984, 0, 1
140160, 0, bit 1
140160, 0, 0
140335, 0, 1
140510, 0, 1
140685, 0, 0
140860, 0, 1
141035, 0, 0
141210, 0, 1
141385, 0, 0
141560, 0, 1
141735, 0, 0
141910, 0, 0
142085, 0, 1
142260, 0, 0
142435, 0, 1
142610, 0, bit 1
142610, 0, 0
142785, 0, 1
142960, 0, 1
143135, 0, 0
143310, 0, 1
143485, 0, 0
143660, 0, 1
143835, 0, 0
144010, 0, 1
144185, 0, 0
144360, 0, 0
144535, 0, 1
144710, 0, 0
144885, 0, 1
145060, 0, bit 1
145060, 0, 0
145235, 0, 1
145410, 0, 1
145585, 0, 0
145760, 0, 1
145935, 0, 0
146110, 0, 1
146285, 0, 0
146460, 0, 1
146635, 0, 0
146810, 0, 0
146985, 0, 1
147160, 0, 0
147335, 0, 1
147510, 0, bit 1
147510, 0, 0
147685, 0, 1
147860, 0, 1
148035, 0, 0
148210, 0, 1
148385, 0, 0
148560, 0, 1
148736, 0, 0
148911, 0, 1
149086, 0, 0
149261, 0, 0
149436, 0, 1
149611, 0, 0
149786, 0, 1
149961, 0, bit 0
149961, 0, 1
150136, 0, 0
150311, 0, 0
150486, 0, 1
150661, 0, 0
150836, 0, 1
151011, 0, 0
151186, 0, 1
151361, 0, 0
151536, 0, 1
151711, 0, 1
151886, 0, 0
152061, 0, 1
152236, 0, 0
152411, 0, bit 1
152411, 0, 0
152586, 0, 1
152761, 0, 1
152936, 0, 0
153111, 0, 1
153286, 0, 0
153461, 0, 1
153636, 0, 0
153811, 0, 1
153986, 0, 0
154161, 0, 0
154336, 0, 1
154511, 0, 0
154686, 0, 1
154861, 0, bit 1
154861, 0, 0
155036, 0, 1
155211, 0, 1
155386, 0, 0
155561, 0, 1
155736, 0, 0
155911, 0, 1
156086, 0, 0
156261, 0, 1
156436, 0, 0
156611, 0, 0
156786, 0, 1
156961, 0, 0
157136, 0, 1
157312, 0, bit 0
157312, 0, 1
157487, 0, 0
157662, 0, 0
157837, 0, 1
158012, 0, 0
158187, 0, 1
158362, 0, 0
158537, 0, 1
158712, 0, 0
158887, 0, 1
159062, 0, 1
159237, 0, 0
159412, 0, 1
159587, 0, 0
159762, 0, bit 0
159762, 0, 1
159937, 0, 0
160112, 0, 0
160287, 0, 1
160462, 0, 0
160637, 0, 1
160812, 0, 0
160987, 0, 1
161162, 0, 0
161337, 0, 1
161512, 0, 1
161687, 0, 0
161862, 0, 1
162037, 0, 0
162212, 0, bit 0
162216, 0, 1
162387, 0, 0
162562, 0, 0
162737, 0, 1
162912, 0, 0
163087, 0, 1
163262, 0, 0
163437, 0, 1
163612, 0, 0
163787, 0, 1
163962, 0, 1
164137, 0, 0
164312, 0, 1
164487, 0, 0
164662, 0, bit 0
164662, 0, 1
164837, 0, 0
165012, 0, 0
165187, 0, 1
165362, 0, 0
165537, 0, 1
165712, 0, 0
165888, 0, 1
166063, 0, 0
166238, 0, 1
166413, 0, 1
166588, 0, 0
166763, 0, 1
166938, 0, 0
167113, 0, bit 0
167113, 0, 1
167288, 0, 0
167463, 0, 0
167638, 0, 1
167813, 0, 0
167988, 0, 1
168163, 0, 0
168338, 0, 1
168513, 0, 0
168688, 0, 1
168863, 0, 1
169038, 0, 0
169213, 0, 1
169388, 0, 0
169563, 0, bit 0
169563, 0, 1
169738, 0, 0
169913, 0, 0
170088, 0, 1
170263, 0, 0
170438, 0, 1
170613, 0, 0
170788, 0, 1
170963, 0, 0
171138, 0, 1
171313, 0, 1
171488, 0, 0
171663, 0, 1
171838, 0, 0
172013, 0, bit 1
172013, 0, 0
172188, 0, 1
172363, 0, 1
172538, 0, 0
172713, 0, 1
172888, 0, 0
173063, 0, 1
173238, 0, 0
173413, 0, 1
173588, 0, 0
173763, 0, 0
173938, 0, 1
174113, 0, 0
174288, 0, 1
174464, 0, bit 0
174464, 0, 1
174639, 0, 0
174814, 0, 0
174989, 0, 1
175164, 0, 0
175339, 0, 1
175514, 0, 0
175689, 0, 1
175864, 0, 0
176039, 0, 1
176214, 0, 1
176389, 0, 0
176564, 0, 1
176739, 0, 0
176914, 0, bit 1
176914, 0, 0
177089, 0, 1
177264, 0, 1
177439, 0, 0
177614, 0, 1
177789, 0, 0
177964, 0, 1
178139, 0, 0
178314, 0, 1
178489, 0, 0
178664, 0, 0
178839, 0, 1
179014, 0, 0
179189, 0, 1
179364, 0, bit 1
179364, 0, 0
179539, 0, 1
179714, 0, 1
179889, 0, 0
180064, 0, 1
180239, 0, 0
180414, 0, 1
180589, 0, 0
180764, 0, 1
180939, 0, 0
181114, 0, 0
181289, 0, 1
181464, 0, 0
181639, 0, 1
181814, 0, bit 0
181814, 0, 1
181989, 0, 0
182164, 0, 0
182339, 0, 1
182514, 0, 0
182689, 0, 1
182864, 0, 0
183040, 0, 1
183215, 0, 0
183390, 0, 1
183565, 0, 1
183740, 0, 0
183915, 0, 1
184090, 0, 0
184265, 0, bit 1
184265, 0, 0
184440, 0, 1
184615, 0, 1
184790, 0, 0
184965, 0, 1
185140, 0, 0
185315, 0, 1
185490, 0, 0
185665, 0, 1
185840, 0, 0
186015, 0, 0
186190, 0, 1
186365, 0, 0
186540, 0, 1
186715, 0, bit 0
186715, 0, 1
186890, 0, 0
187065, 0, 0
187240, 0, 1
187415, 0, 0
187590, 0, 1
187765, 0, 0
187940, 0, 1
188115, 0, 0
188290, 0, 1
188465, 0, 1
188640, 0, 0
188815, 0, 1
188990, 0, 0
189165, 0, bit 0
189165, 0, 1
189340, 0, 0
189515, 0, 0
189690, 0, 1
189865, 0, 0
190040, 0, 1
190215, 0, 0
190390, 0, 1
190565, 0, 0
190740, 0, 1
190915, 0, 1
191090, 0, 0
191265, 0, 1
191440, 0, 0
191616, 0, bit 0
191616, 0, 1
191791, 0, 0
191966, 0, 0
192141, 0, 1
192316, 0, 0
192491, 0, 1
192666, 0, 0
192841, 0, 1
193016, 0, 0
193191, 0, 1
193366, 0, 1
193541, 0, 0
193716, 0, 1
193891, 0, 0
194066, 0, bit 1
194066, 0, 0
194241, 0, 1
194416, 0, 1
194591, 0, 0
194766, 0, 1
194941, 0, 0
195116, 0, 1
195291, 0, 0
195466, 0, 1
195641, 0, 0
195816, 0, 0
195991, 0, 1
196166, 0, 0
196341, 0, 1
196516, 0, bit 0
196516, 0, 1
196691, 0, 0
196866, 0, 0
197041, 0, 1
197216, 0, 0
197391, 0, 1
197566, 0, 0
197741, 0, 1
197916, 0, 0
198091, 0, 1
198266, 0, 1
198441, 0, 0
198616, 0, 1
198791, 0, 0
198966, 0, bit 0
198966, 0, 1
199141, 0, 0
199316, 0, 0
199491, 0, 1
199666, 0, 0
199841, 0, 1
200016, 0, 0
200192, 0, 1
200367, 0, 0
200542, 0, 1
200717, 0, 1
200892, 0, 0
201067, 0, 1
201242, 0, 0
201417, 0, bit 1
201417, 0, 0
201592, 0, 1
201767, 0, 1
201942, 0, 0
202117, 0, 1
202292, 0, 0
202467, 0, 1
202642, 0, 0
202817, 0, 1
202992, 0, 0
203167, 0, 0
203342, 0, 1
203517, 0, 0
203692, 0, 1
203867, 0, bit 1
203867, 0, 0
204042, 0, 1
204217, 0, 1
204392, 0, 0
204567, 0, 1
204742, 0, 0
204917, 0, 1
205092, 0, 0
205267, 0, 1
205442, 0, 0
205617, 0, 0
205792, 0, 1
205967, 0, 0
206142, 0, 1
206317, 0, bit 0
206317, 0, 1
206492, 0, 0
206667, 0, 0
206842, 0, 1
207017, 0, 0
207192, 0, 1
207367, 0, 0
207542, 0, 1
207717, 0, 0
207892, 0, 1
208067, 0, 1
208242, 0, 0
208417, 0, 1
208592, 0, 0
208768, 0, bit 1
208768, 0, 0
208943, 0, 1
209118, 0, 1
209293, 0, 0
209468, 0, 1
209643, 0, 0
209818, 0, 1
209993, 0, 0
210168, 0, 1
210343, 0, 0
210518, 0, 0
210693, 0, 1
210868, 0, 0
211043, 0, 1
211218, 0, bit 1
211218, 0, 0
211393, 0, 1
211568, 0, 1
211743, 0, 0
211918, 0, 1
212093, 0, 0
212268, 0, 1
212443, 0, 0
212618, 0, 1
212793, 0, 0
212968, 0, 0
213143, 0, 1
213318, 0, 0
213493, 0, 1
213668, 0, bit 1
213668, 0, 0
213843, 0, 1
214018, 0, 1
214193, 0, 0
214368, 0, 1
214543, 0, 0
214718, 0, 1
214893, 0, 0
215068, 0, 1
215243, 0, 0
215418, 0, 0
215593, 0, 1
215768, 0, 0
215943, 0, 1
216118, 0, bit 0
216118, 0, 1
216293, 0, 0
216468, 0, 0
216643, 0, 1
216818, 0, 0
216993, 0, 1
217168, 0, 0
217344, 0, 1
217519, 0, 0
217694, 0, 1
217869, 0, 1
218044, 0, 0
218219, 0, 1
218394, 0, 0
218569, 0, bit 1
218569, 0, 0
218744, 0, 1
218919, 0, 1
219094, 0, 0
219269, 0, 1
219444, 0, 0
219619, 0, 1
219794, 0, 0
219969, 0, 1
220144, 0, 0
220319, 0, 0
220494, 0, 1
220669, 0, 0
220844, 0, 1
221019, 0, bit 1
221019, 0, 0
221194, 0, 1
221369, 0, 1
221544, 0, 0
221719, 0, 1
221894, 0, 0
222069, 0, 1
222244, 0, 0
222419, 0, 1
222594, 0, 0
222769, 0, 0
222944, 0, 1
223119, 0, 0
223294, 0, 1
223469, 0, bit 0
223469, 0, 1
223644, 0, 0
223819, 0, 0
223994, 0, 1
224169, 0, 0
224344, 0, 1
224519, 0, 0
224694, 0, 1
224869, 0, 0
225044, 0, 1
225219, 0, 1
225394, 0, 0
225569, 0, 1
225744, 0, 0
225920, 0, bit 0
225920, 0, 1
226095, 0, 0
226270, 0, 0
226445, 0, 1
226620, 0, 0
226795, 0, 1
226970, 0, 0
227145, 0, 1
227320, 0, 0
227495, 0, 1
227670, 0, 1
227845, 0, 0
228020, 0, 1
228195, 0, 0
228370, 0, bit 1
228370, 0, 0
228545, 0, 1
228720, 0, 1
228895, 0, 0
229070, 0, 1
229245, 0, 0
229420, 0, 1
229595, 0, 0
229770, 0, 1
229945, 0, 0
230120, 0, 0
230295, 0, 1
230470, 0, 0
230645, 0, 1
230820, 0, bit 0
230820, 0, 1
230995, 0, 0
231170, 0, 0
231345, 0, 1
231520, 0, 0
231695, 0, 1
231870, 0, 0
232045, 0, 1
232220, 0, 0
232395, 0, 1
232570, 0, 1
232745, 0, 0
232920, 0, 1
233095, 0, 0
233270, 0, bit 0
233270, 0, 1
233445, 0, 0
233620, 0, 0
233795, 0, 1
233970, 0, 0
234145, 0, 1
234320, 0, 0
234496, 0, 1
234671, 0, 0
234846, 0, 1
235021, 0, 1
235196, 0, 0
235371, 0, 1
235546, 0, 0
235721, 0, bit 1
235721, 0, 0
235896, 0, 1
236071, 0, 1
236246, 0, 0
236421, 0, 1
236596, 0, 0
236771, 0, 1
236946, 0, 0
237121, 0, 1
237296, 0, 0
237471, 0, 0
237646, 0, 1
237821, 0, 0
237996, 0, 1
238171, 0, bit 0
238171, 0, 1
238346, 0, 0
238521, 0, 0
238696, 0, 1
238871, 0, 0
239046, 0, 1
239221, 0, 0
239396, 0, 1
239571, 0, 0
239746, 0, 1
239921, 0, 1
240096, 0, 0
240271, 0, 1
240446, 0, 0
240621, 0, bit 1
240621, 0, 0
240796, 0, 1
240971, 0, 1
241146, 0, 0
241321, 0, 1
241496, 0, 0
241671, 0, 1
241846, 0, 0
242021, 0, 1
242196, 0, 0
242371, 0, 0
242546, 0, 1
242721, 0, 0
242896, 0, 1
243072, 0, bit 1
243072, 0, 0
243247, 0, 1
243422, 0, 1
243597, 0, 0
243772, 0, 1
243947, 0, 0
244122, 0, 1
244297, 0, 0
244472, 0, 1
244647, 0, 0
244822, 0, 0
244997, 0, 1
245172, 0, 0
245347, 0, 1
245522, 0, bit 1
245522, 0, 0
245697, 0, 1
245872, 0, 1
246047, 0, 0
246222, 0, 1
246397, 0, 0
246572, 0, 1
246747, 0, 0
246922, 0, 1
247097, 0, 0
247272, 0, 0
247447, 0, 1
247622, 0, 0
247797, 0, 1
247972, 0, bit 1
247972, 0, 0
248147, 0, 1
248322, 0, 1
248497, 0, 0
248672, 0, 1
248847, 0, 0
249022, 0, 1
249197, 0, 0
249372, 0, 1
249547, 0, 0
249722, 0, 0
249897, 0, 1
250072, 0, 0
250247, 0, 1
250422, 0, bit 0
250422, 0, 1
250597, 0, 0
250772, 0, 0
250947, 0, 1
251122, 0, 0
251297, 0, 1
251472, 0, 0
251648, 0, 1
251823, 0, 0
251998, 0, 1
252173, 0, 1
252348, 0, 0
252523, 0, 1
252698, 0, 0
252873, 0, bit 1
252873, 0, 0
253048, 0, 1
253223, 0, 1
253398, 0, 0
253573, 0, 1
253748, 0, 0
253923, 0, 1
254098, 0, 0
254273, 0, 1
254448, 0, 0
254623, 0, 0
254798, 0, 1
254973, 0, 0
255148, 0, 1
255323, 0, bit 0
255323, 0, 1
255498, 0, 0
255673, 0, 0
255848, 0, 1
256023, 0, 0
256198, 0, 1
256373, 0, 0
256548, 0, 1
256723, 0, 0
256898, 0, 1
257073, 0, 1
257248, 0, 0
257423, 0, 1
257598, 0, 0
257773, 0, bit 1
257773, 0, 0
257948, 0, 1
258123, 0, 1
258298, 0, 0
258473, 0, 1
258648, 0, 0
258823, 0, 1
258998, 0, 0
259173, 0, 1
259348, 0, 0
259523, 0, 0
259698, 0, 1
259873, 0, 0
260048, 0, 1
260224, 0, bit 1
260224, 0, 0
260399, 0, 1
260574, 0, 1
260749, 0, 0
260924, 0, 1
261099, 0, 0
261274, 0, 1
261449, 0, 0
261624, 0, 1
261799, 0, 0
261974, 0, 0
262149, 0, 1
262324, 0, 0
262499, 0, 1
262674, 0, bit 0
262674, 0, 1
262849, 0, 0
263024, 0, 0
263199, 0, 1
263374, 0, 0
263549, 0, 1
263724, 0, 0
263899, 0, 1
264074, 0, 0
264249, 0, 1
264424, 0, 1
264599, 0, 0
264774, 0, 1
264949, 0, 0
265124, 0, bit 0
265124, 0, 1
265299, 0, 0
265474, 0, 0
265649, 0, 1
265824, 0, 0
265999, 0, 1
266174, 0, 0
266349, 0, 1
266524, 0, 0
266699, 0, 1
266874, 0, 1
267049, 0, 0
267224, 0, 1
267399, 0, 0
267574, 0, bit 1
267574, 0, 0
267749, 0, 1
267924, 0, 1
268099, 0, 0
268274, 0, 1
268449, 0, 0
268624, 0, 1
268800, 0, 0
268975, 0, 1
269150, 0, 0
269325, 0, 0
269500, 0, 1
269675, 0, 0
269850, 0, 1
270025, 0, bit 0
270025, 0, 1
270200, 0, 0
270375, 0, 0
270550, 0, 1
270725, 0, 0
270900, 0, 1
271075, 0, 0
271250, 0, 1
271425, 0, 0
271600, 0, 1
271775, 0, 1
271950, 0, 0
272125, 0, 1
272300, 0, 0
272475, 0, bit 1
272475, 0, 0
272650, 0, 1
272825, 0, 1
273000, 0, 0
273175, 0, 1
273350, 0, 0
273525, 0, 1
273700, 0, 0
273875, 0, 1
274050, 0, 0
274225, 0, 0
274400, 0, 1
274575, 0, 0
274750, 0, 1
274925, 0, bit 1
274925, 0, 0
275100, 0, 1
275275, 0, 1
275450, 0, 0
275625, 0, 1
275800, 0, 0
275975, 0, 1
276150, 0, 0
276325, 0, 1
276500, 0, 0
276675, 0, 0
276850, 0, 1
277025, 0, 0
277200, 0, 1
277376, 0, bit 0
277376, 0, 1
277551, 0, 0
277726, 0, 0
277901, 0, 1
278076, 0, 0
278251, 0, 1
278426, 0, 0
278601, 0, 1
278776, 0, 0
278951, 0, 1
279126, 0, 1
279301, 0, 0
279476, 0, 1
279651, 0, 0
279826, 0, bit 0
279826, 0, 1
280001, 0, 0
280176, 0, 0
280351, 0, 1
280526, 0, 0
280701, 0, 1
280876, 0, 0
281051, 0, 1
281226, 0, 0
281401, 0, 1
281576, 0, 1
281751, 0, 0
281926, 0, 1
282101, 0, 0
282276, 0, bit 0
282276, 0, 1
282451, 0, 0
282626, 0, 0
282801, 0, 1
282976, 0, 0
283151, 0, 1
283326, 0, 0
283501, 0, 1
283676, 0, 0
283851, 0, 1
284026, 0, 1
284201, 0, 0
284376, 0, 1
284551, 0, 0
284726, 0, bit 0
284726, 0, 1
284901, 0, 0
285076, 0, 0
285251, 0, 1
285426, 0, 0
285601, 0, 1
285776, 0, 0
285952, 0, 1
286127, 0, 0
286302, 0, 1
286477, 0, 1
286652, 0, 0
286827, 0, 1
287002, 0, 0
287177, 0, bit 1
287177, 0, 0
287352, 0, 1
287527, 0, 1
287702, 0, 0
287877, 0, 1
288052, 0, 0
288227, 0, 1
288402, 0, 0
288577, 0, 1
288752, 0, 0
288927, 0, 0
289102, 0, 1
289277, 0, 0
289452, 0, 1
289627, 0, bit 0
289627, 0, 1
289802, 0, 0
289977, 0, 0
290152, 0, 1
290327, 0, 0
290502, 0, 1
290677, 0, 0
290852, 0, 1
291027, 0, 0
291202, 0, 1
291377, 0, 1
291552, 0, 0
291727, 0, 1
291902, 0, 0
292077, 0, bit 1
292077, 0, 0
292252, 0, 1
292427, 0, 1
292602, 0, 0
292777, 0, 1
292952, 0, 0
293127, 0, 1
293302, 0, 0
293477, 0, 1
293652, 0, 0
293827, 0, 0
294002, 0, 1
294177, 0, 0
294352, 0, 1
294528, 0, bit 1
294528, 0, 0
294703, 0, 1
294878, 0, 1
295053, 0, 0
295228, 0, 1
295403, 0, 0
295578, 0, 1
295753, 0, 0
295928, 0, 1
296103, 0, 0
296278, 0, 0
296453, 0, 1
296628, 0, 0
296803, 0, 1
296978, 0, bit 1
296981, 0, 0
297153, 0, 1
297328, 0, 1
297503, 0, 0
297678, 0, 1
297853, 0, 0
298028, 0, 1
298203, 0, 0
298378, 0, 1
298553, 0, 0
298728, 0, 0
298903, 0, 1
299078, 0, 0
299253, 0, 1
299428, 0, bit 1
299428, 0, 0
299603, 0, 1
299778, 0, 1
299953, 0, 0
300128, 0, 1
300303, 0, 0
300478, 0, 1
300653, 0, 0
300828, 0, 1
301003, 0, 0
301178, 0, 0
301353, 0, 1
301528, 0, 0
301703, 0, 1
301878, 0, bit 1
301878, 0, 0
302053, 0, 1
302228, 0, 1
302403, 0, 0
302578, 0, 1
302753, 0, 0
302928, 0, 1
303104, 0, 0
303279, 0, 1
303454, 0, 0
303629, 0, 0
303804, 0, 1
303979, 0, 0
304154, 0, 1
304329, 0, bit 1
304329, 0, 0
304504, 0, 1
304679, 0, 1
304854, 0, 0
305029, 0, 1
305204, 0, 0
305379, 0, 1
305554, 0, 0
305729, 0, 1
305904, 0, 0
306079, 0, 0
306254, 0, 1
306429, 0, 0
306604, 0, 1
306779, 0, bit 1
306779, 0, 0
306954, 0, 1
307129, 0, 1
307304, 0, 0
307479, 0, 1
307654, 0, 0
307829, 0, 1
308004, 0, 0
308179, 0, 1
308354, 0, 0
308529, 0, 0
308704, 0, 1
308879, 0, 0
309054, 0, 1
309229, 0, bit 1
309229, 0, 0
309404, 0, 1
309579, 0, 1
309754, 0, 0
309929, 0, 1
310104, 0, 0
310279, 0, 1
310454, 0, 0
310629, 0, 1
310804, 0, 0
310979, 0, 0
311154, 0, 1
311329, 0, 0
311504, 0, 1
311680, 0, bit 1
311680, 0, 0
311855, 0, 1
312030, 0, 1
312205, 0, 0
312380, 0, 1
312555, 0, 0
312730, 0, 1
312905, 0, 0
313080, 0, 1
313255, 0, 0
313430, 0, 0
313605, 0, 1
313780, 0, 0
313955, 0, 1
314130, 0, bit 1
314130, 0, 0
314305, 0, 1
314480, 0, 1
314655, 0, 0
314830, 0, 1
315005, 0, 0
315180, 0, 1
315355, 0, 0
315530, 0, 1
315705, 0, 0
315880, 0, 0
316055, 0, 1
316230, 0, 0
316405, 0, 1
316580, 0, bit 1
316580, 0, 0
316755, 0, 1
316930, 0, 1
317105, 0, 0
317280, 0, 1
317455, 0, 0
317630, 0, 1
317805, 0, 0
317980, 0, 1
318155, 0, 0
318330, 0, 0
318505, 0, 1
318680, 0, 0
318855, 0, 1
319030, 0, bit 1
319030, 0, 0
319205, 0, 1
319380, 0, 1
319555, 0, 0
319730, 0, 1
319905, 0, 0
320080, 0, 1
320256, 0, 0
320431, 0, 1
320606, 0, 0
320781, 0, 0
320956, 0, 1
321131, 0, 0
321306, 0, 1
321481, 0, bit 1
321481, 0, 0
321656, 0, 1
321831, 0, 1
322006, 0, 0
322181, 0, 1
322356, 0, 0
322531, 0, 1
322706, 0, 0
322881, 0, 1
323056, 0, 0
323231, 0, 0
323406, 0, 1
323581, 0, 0
323756, 0, 1
