125 100 3 7 16
(2, 20, 0, 10.00), (code 2)
(3, 258, 7, 10.00), (code 5)
(4, 496, 1, 10.00), (code 6)
START
1419591, 0, prem 0
1419591, 0, 0
1419716, 0, 0
1419841, 0, 0
1419966, 0, 0
1420091, 0, 0
1420216, 0, 0
1420341, 0, 0
1420466, 0, 0
1420591, 0, 0
1420716, 0, 0
1420841, 0, 0
1420966, 0, 0
1421091, 0, 0
1421216, 0, 0
1421341, 0, 0
1421466, 0, 0
1421591, 0, 1
1421716, 0, 1
1421841, 0, 1
1421966, 0, 1
1422091, 0, 1
1422216, 0, 1
1422341, 0, 1
1422466, 0, 1
1422592, 0, 1
1422717, 0, 1
1422842, 0, 1
1422967, 0, 1
1423092, 0, 1
1423217, 0, 1
1423342, 0, 1
1423467, 0, 1
1423592, 0, prem 1
1423592, 0, 1
1423717, 0, 1
1423842, 0, 1
1423967, 0, 1
1424092, 0, 1
1424217, 0, 1
1424342, 0, 1
1424467, 0, 1
1424592, 0, 1
1424717, 0, 1
1424842, 0, 1
1424967, 0, 1
1425092, 0, 1
1425217, 0, 1
1425342, 0, 1
1425467, 0, 1
1425592, 0, 0
1425717, 0, 0
1425842, 0, 0
1425967, 0, 0
1426092, 0, 0
1426217, 0, 0
1426342, 0, 0
1426467, 0, 0
1426592, 0, 0
1426717, 0, 0
1426842, 0, 0
1426967, 0, 0
1427092, 0, 0
1427217, 0, 0
1427342, 0, 0
1427467, 0, 0
1427592, 0, prem 0
1427592, 0, 0
1427717, 0, 0
1427842, 0, 0
1427968, 0, 0
1428093, 0, 0
1428218, 0, 0
1428343, 0, 0
1428468, 0, 0
1428593, 0, 0
1428718, 0, 0
1428843, 0, 0
1428968, 0, 0
1429093, 0, 0
1429218, 0, 0
1429343, 0, 0
1429468, 0, 0
1429593, 0, 1
1429718, 0, 1
1429843, 0, 1
1429968, 0, 1
1430093, 0, 1
1430218, 0, 1
1430343, 0, 1
1430468, 0, 1
1430593, 0, 1
1430718, 0, 1
1430843, 0, 1
1430968, 0, 1
1431093, 0, 1
1431218, 0, 1
1431343, 0, 1
1431468, 0, 1
1431593, 0, prem 1
1431593, 0, 1
1431718, 0, 1
1431843, 0, 1
1431968, 0, 1
1432093, 0, 1
1432218, 0, 1
1432343, 0, 1
1432468, 0, 1
1432593, 0, 1
1432718, 0, 1
1432843, 0, 1
1432968, 0, 1
1433093, 0, 1
1433218, 0, 1
1433344, 0, 1
1433469, 0, 1
1433594, 0, 0
1433719, 0, 0
1433844, 0, 0
1433969, 0, 0
1434094, 0, 0
1434219, 0, 0
1434344, 0, 0
1434469, 0, 0
1434594, 0, 0
1434719, 0, 0
1434844, 0, 0
1434969, 0, 0
1435094, 0, 0
1435219, 0, 0
1435344, 0, 0
1435469, 0, 0
1435594, 0, prem 0
1435594, 0, 0
1435719, 0, 0
1435844, 0, 0
1435969, 0, 0
1436094, 0, 0
1436219, 0, 0
1436344, 0, 0
1436469, 0, 0
1436594, 0, 0
1436719, 0, 0
1436844, 0, 0
1436969, 0, 0
1437094, 0, 0
1437219, 0, 0
1437344, 0, 0
1437469, 0, 0
1437594, 0, 1
1437719, 0, 1
1437844, 0, 1
1437969, 0, 1
1438094, 0, 1
1438219, 0, 1
1438344, 0, 1
1438469, 0, 1
1438594, 0, 1
1438720, 0, 1
1438845, 0, 1
1438970, 0, 1
1439095, 0, 1
1439220, 0, 1
1439345, 0, 1
1439470, 0, 1
1439595, 0, prem 1
1439595, 0, 1
1439720, 0, 1
1439845, 0, 1
1439970, 0, 1
1440095, 0, 1
1440220, 0, 1
1440345, 0, 1
1440470, 0, 1
1440595, 0, 1
1440720, 0, 1
1440845, 0, 1
1440970, 0, 1
1441095, 0, 1
1441220, 0, 1
1441345, 0, 1
1441470, 0, 1
1441595, 0, 0
1441720, 0, 0
1441845, 0, 0
1441970, 0, 0
1442095, 0, 0
1442220, 0, 0
1442345, 0, 0
1442470, 0, 0
1442595, 0, 0
1442720, 0, 0
1442845, 0, 0
1442970, 0, 0
1443095, 0, 0
1443220, 0, 0
1443345, 0, 0
1443470, 0, 0
1443595, 0, prem 1
1443595, 0, 1
1443720, 0, 1
1443845, 0, 1
1443970, 0, 1
1444096, 0, 1
1444221, 0, 1
1444346, 0, 1
1444471, 0, 1
1444596, 0, 1
1444721, 0, 1
1444846, 0, 1
1444971, 0, 1
1445096, 0, 1
1445221, 0, 1
1445346, 0, 1
1445471, 0, 1
1445596, 0, 0
1445721, 0, 0
1445846, 0, 0
1445971, 0, 0
1446096, 0, 0
1446221, 0, 0
1446346, 0, 0
1446471, 0, 0
1446596, 0, 0
1446721, 0, 0
1446846, 0, 0
1446971, 0, 0
1447096, 0, 0
1447221, 0, 0
1447346, 0, 0
1447471, 0, 0
1447596, 0, bit 1
1447596, 0, 0
1447721, 0, 1
1447846, 0, 1
1447971, 0, 0
1448096, 0, 0
1448221, 0, 1
1448346, 0, 1
1448471, 0, 0
1448596, 0, 0
1448721, 0, 1
1448846, 0, 1
1448971, 0, 0
1449096, 0, 1
1449221, 0, 0
1449346, 0, bit 0
1449346, 0, 1
1449472, 0, 0
1449597, 0, 0
1449722, 0, 1
1449847, 0, 1
1449972, 0, 0
1450097, 0, 0
1450222, 0, 1
1450226, 1, prem 1
1450226, 1, 1
1450347, 0, 1
1450351, 1, 1
1450472, 0, 0
1450476, 1, 1
1450597, 0, 0
1450601, 1, 1
1450722, 0, 1
1450726, 1, 1
1450847, 0, 0
1450851, 1, 1
1450972, 0, 1
1450976, 1, 1
1451097, 0, bit 0
1451097, 0, 1
1451101, 1, 1
1451222, 0, 0
1451226, 1, 1
1451347, 0, 0
1451351, 1, 1
1451472, 0, 1
1451476, 1, 1
1451597, 0, 1
1451601, 1, 1
1451722, 0, 0
1451726, 1, 1
1451847, 0, 0
1451851, 1, 1
1451972, 0, 1
1451976, 1, 1
1452097, 0, 1
1452101, 1, 1
1452222, 0, 0
1452226, 1, 0
1452347, 0, 0
1452351, 1, 0
1452472, 0, 1
1452476, 1, 0
1452597, 0, 0
1452601, 1, 0
1452722, 0, 1
1452726, 1, 0
1452847, 0, bit 1
1452847, 0, 0
1452851, 1, 0
1452972, 0, 1
1452976, 1, 0
1453097, 0, 1
1453101, 1, 0
1453222, 0, 0
1453227, 1, 0
1453347, 0, 0
1453352, 1, 0
1453472, 0, 1
1453477, 1, 0
1453597, 0, 1
1453602, 1, 0
1453722, 0, 0
1453727, 1, 0
1453847, 0, 0
1453852, 1, 0
1453972, 0, 1
1453977, 1, 0
1454097, 0, 1
1454102, 1, 0
1454222, 0, 0
1454227, 1, prem 0
1454227, 1, 0
1454347, 0, 1
1454352, 1, 0
1454472, 0, 0
1454477, 1, 0
1454597, 0, bit 0
1454597, 0, 1
1454602, 1, 0
1454722, 0, 0
1454727, 1, 0
1454848, 0, 0
1454852, 1, 0
1454973, 0, 1
1454977, 1, 0
1455098, 0, 1
1455102, 1, 0
1455223, 0, 0
1455227, 1, 0
1455348, 0, 0
1455352, 1, 0
1455473, 0, 1
1455477, 1, 0
1455598, 0, 1
1455602, 1, 0
1455723, 0, 0
1455727, 1, 0
1455848, 0, 0
1455852, 1, 0
1455973, 0, 1
1455977, 1, 0
1456098, 0, 0
1456102, 1, 0
1456223, 0, 1
1456227, 1, 1
1456348, 0, bit 1
1456348, 0, 0
1456352, 1, 1
1456473, 0, 1
1456477, 1, 1
1456598, 0, 1
1456602, 1, 1
1456723, 0, 0
1456727, 1, 1
1456848, 0, 0
1456852, 1, 1
1456973, 0, 1
1456977, 1, 1
1457098, 0, 1
1457102, 1, 1
1457223, 0, 0
1457227, 1, 1
1457348, 0, 0
1457352, 1, 1
1457473, 0, 1
1457477, 1, 1
1457598, 0, 1
1457602, 1, 1
1457723, 0, 0
1457727, 1, 1
1457848, 0, 1
1457852, 1, 1
1457973, 0, 0
1457977, 1, 1
1458098, 0, bit 1
1458098, 0, 0
1458102, 1, 1
1458223, 0, 1
1458227, 1, prem 1
1458227, 1, 1
1458348, 0, 1
1458352, 1, 1
1458473, 0, 0
1458477, 1, 1
1458598, 0, 0
1458603, 1, 1
1458723, 0, 1
1458728, 1, 1
1458848, 0, 1
1458853, 1, 1
1458973, 0, 0
1458978, 1, 1
1459098, 0, 0
1459103, 1, 1
1459223, 0, 1
1459228, 1, 1
1459348, 0, 1
1459353, 1, 1
1459473, 0, 0
1459478, 1, 1
1459598, 0, 1
1459603, 1, 1
1459723, 0, 0
1459728, 1, 1
1459848, 0, bit 1
1459848, 0, 0
1459853, 1, 1
1459973, 0, 1
1459978, 1, 1
1460098, 0, 1
1460103, 1, 1
1460224, 0, 0
1460228, 1, 0
1460349, 0, 0
1460353, 1, 0
1460474, 0, 1
1460478, 1, 0
1460599, 0, 1
1460603, 1, 0
1460724, 0, 0
1460728, 1, 0
1460849, 0, 0
1460853, 1, 0
1460974, 0, 1
1460978, 1, 0
1461099, 0, 1
1461103, 1, 0
1461224, 0, 0
1461228, 1, 0
1461349, 0, 1
1461353, 1, 0
1461474, 0, 0
1461478, 1, 0
1461599, 0, bit 0
1461599, 0, 1
1461603, 1, 0
1461724, 0, 0
1461728, 1, 0
1461849, 0, 0
1461853, 1, 0
1461974, 0, 1
1461978, 1, 0
1462099, 0, 1
1462103, 1, 0
1462224, 0, 0
1462228, 1, prem 1
1462228, 1, 1
1462349, 0, 0
1462353, 1, 1
1462474, 0, 1
1462478, 1, 1
1462599, 0, 1
1462603, 1, 1
1462724, 0, 0
1462728, 1, 1
1462849, 0, 0
1462853, 1, 1
1462974, 0, 1
1462978, 1, 1
1463099, 0, 0
1463103, 1, 1
1463224, 0, 1
1463228, 1, 1
1463349, 0, bit 1
1463349, 0, 0
1463353, 1, 1
1463474, 0, 1
1463478, 1, 1
1463599, 0, 1
1463603, 1, 1
1463724, 0, 0
1463728, 1, 1
1463849, 0, 0
1463853, 1, 1
1463974, 0, 1
1463979, 1, 1
1464099, 0, 1
1464104, 1, 1
1464224, 0, 0
1464229, 1, 0
1464349, 0, 0
1464354, 1, 0
1464474, 0, 1
1464479, 1, 0
1464599, 0, 1
1464604, 1, 0
1464724, 0, 0
1464729, 1, 0
1464849, 0, 1
1464854, 1, 0
1464974, 0, 0
1464979, 1, 0
1465099, 0, bit 0
1465099, 0, 1
1465104, 1, 0
1465224, 0, 0
1465229, 1, 0
1465349, 0, 0
1465354, 1, 0
1465474, 0, 1
1465479, 1, 0
1465600, 0, 1
1465604, 1, 0
1465725, 0, 0
1465729, 1, 0
1465850, 0, 0
1465854, 1, 0
1465975, 0, 1
1465979, 1, 0
1466100, 0, 1
1466104, 1, 0
1466225, 0, 0
1466229, 1, prem 0
1466229, 1, 0
1466350, 0, 0
1466354, 1, 0
1466475, 0, 1
1466479, 1, 0
1466600, 0, 0
1466604, 1, 0
1466725, 0, 1
1466729, 1, 0
1466850, 0, bit 0
1466850, 0, 1
1466854, 1, 0
1466975, 0, 0
1466979, 1, 0
1467100, 0, 0
1467104, 1, 0
1467225, 0, 1
1467229, 1, 0
1467350, 0, 1
1467354, 1, 0
1467475, 0, 0
1467479, 1, 0
1467600, 0, 0
1467604, 1, 0
1467725, 0, 1
1467729, 1, 0
1467850, 0, 1
1467854, 1, 0
1467975, 0, 0
1467979, 1, 0
1468100, 0, 0
1468104, 1, 0
1468225, 0, 1
1468229, 1, 1
1468350, 0, 0
1468354, 1, 1
1468475, 0, 1
1468479, 1, 1
1468600, 0, bit 1
1468600, 0, 0
1468604, 1, 1
1468725, 0, 1
1468729, 1, 1
1468850, 0, 1
1468854, 1, 1
1468975, 0, 0
1468979, 1, 1
1469100, 0, 0
1469104, 1, 1
1469225, 0, 1
1469229, 1, 1
1469350, 0, 1
1469355, 1, 1
1469475, 0, 0
1469480, 1, 1
1469600, 0, 0
1469605, 1, 1
1469725, 0, 1
1469730, 1, 1
1469850, 0, 1
1469855, 1, 1
1469975, 0, 0
1469980, 1, 1
1470100, 0, 1
1470105, 1, 1
1470225, 0, 0
1470230, 1, prem 0
1470230, 1, 0
1470350, 0, bit 1
1470350, 0, 0
1470355, 1, 0
1470475, 0, 1
1470480, 1, 0
1470600, 0, 1
1470605, 1, 0
1470725, 0, 0
1470730, 1, 0
1470850, 0, 0
1470855, 1, 0
1470976, 0, 1
1470980, 1, 0
1471101, 0, 1
1471105, 1, 0
1471226, 0, 0
1471230, 1, 0
1471351, 0, 0
1471355, 1, 0
1471476, 0, 1
1471480, 1, 0
1471601, 0, 1
1471605, 1, 0
1471726, 0, 0
1471730, 1, 0
1471851, 0, 1
1471855, 1, 0
1471976, 0, 0
1471980, 1, 0
1472101, 0, bit 1
1472101, 0, 0
1472105, 1, 0
1472226, 0, 1
1472230, 1, 1
1472351, 0, 1
1472355, 1, 1
1472476, 0, 0
1472480, 1, 1
1472601, 0, 0
1472605, 1, 1
1472726, 0, 1
1472730, 1, 1
1472851, 0, 1
1472855, 1, 1
1472976, 0, 0
1472980, 1, 1
1473101, 0, 0
1473105, 1, 1
1473226, 0, 1
1473230, 1, 1
1473351, 0, 1
1473355, 1, 1
1473476, 0, 0
1473480, 1, 1
1473601, 0, 1
1473605, 1, 1
1473726, 0, 0
1473730, 1, 1
1473851, 0, bit 0
1473851, 0, 1
1473855, 1, 1
1473976, 0, 0
1473980, 1, 1
1474101, 0, 0
1474105, 1, 1
1474226, 0, 1
1474230, 1, prem 1
1474230, 1, 1
1474351, 0, 1
1474355, 1, 1
1474476, 0, 0
1474480, 1, 1
1474601, 0, 0
1474605, 1, 1
1474726, 0, 1
1474731, 1, 1
1474851, 0, 1
1474856, 1, 1
1474976, 0, 0
1474981, 1, 1
1475101, 0, 0
1475106, 1, 1
1475226, 0, 1
1475231, 1, 1
1475351, 0, 0
1475356, 1, 1
1475476, 0, 1
1475481, 1, 1
1475601, 0, bit 0
1475601, 0, 1
1475606, 1, 1
1475726, 0, 0
1475731, 1, 1
1475851, 0, 0
1475856, 1, 1
1475976, 0, 1
1475981, 1, 1
1476101, 0, 1
1476106, 1, 1
1476226, 0, 0
1476231, 1, 0
1476352, 0, 0
1476356, 1, 0
1476477, 0, 1
1476481, 1, 0
1476602, 0, 1
1476606, 1, 0
1476727, 0, 0
1476731, 1, 0
1476852, 0, 0
1476856, 1, 0
1476977, 0, 1
1476981, 1, 0
1477102, 0, 0
1477106, 1, 0
1477227, 0, 1
1477231, 1, 0
1477352, 0, bit 1
1477352, 0, 0
1477356, 1, 0
1477477, 0, 1
1477481, 1, 0
1477602, 0, 1
1477606, 1, 0
1477727, 0, 0
1477731, 1, 0
1477852, 0, 0
1477856, 1, 0
1477977, 0, 1
1477981, 1, 0
1478102, 0, 1
1478106, 1, 0
1478227, 0, 0
1478231, 1, bit 1
1478231, 1, 1
1478352, 0, 0
1478356, 1, 0
1478477, 0, 1
1478481, 1, 0
1478602, 0, 1
1478606, 1, 1
1478727, 0, 0
1478731, 1, 1
1478852, 0, 1
1478856, 1, 0
1478977, 0, 0
1478981, 1, 1
1479102, 0, bit 1
1479102, 0, 0
1479106, 1, 0
1479227, 0, 1
1479230, 2, prem 0
1479230, 2, 0
1479231, 1, 0
1479352, 0, 1
1479355, 2, 0
1479356, 1, 1
1479477, 0, 0
1479480, 2, 0
1479481, 1, 0
1479602, 0, 0
1479605, 2, 0
1479606, 1, 1
1479727, 0, 1
1479730, 2, 0
1479731, 1, 1
1479852, 0, 1
1479855, 2, 0
1479856, 1, 0
1479977, 0, 0
1479980, 2, 0
1479981, 1, bit 0
1479981, 1, 0
1480102, 0, 0
1480105, 2, 0
1480109, 1, 1
1480227, 0, 1
1480230, 2, 0
1480235, 1, 1
1480352, 0, 1
1480355, 2, 0
1480360, 1, 0
1480477, 0, 0
1480480, 2, 0
1480485, 1, 0
1480602, 0, 1
1480605, 2, 0
1480610, 1, 1
1480727, 0, 0
1480730, 2, 0
1480735, 1, 0
1480852, 0, bit 1
1480852, 0, 0
1480855, 2, 0
1480860, 1, 1
1480977, 0, 1
1480980, 2, 0
1480985, 1, 1
1481102, 0, 1
1481105, 2, 0
1481110, 1, 0
1481227, 0, 0
1481230, 2, 1
1481235, 1, 1
1481352, 0, 0
1481355, 2, 1
1481360, 1, 0
1481477, 0, 1
1481480, 2, 1
1481485, 1, 0
1481602, 0, 1
1481605, 2, 1
1481610, 1, 1
1481728, 0, 0
1481730, 2, 1
1481735, 1, bit 0
1481735, 1, 0
1481853, 0, 0
1481856, 2, 1
1481860, 1, 1
1481978, 0, 1
1481981, 2, 1
1481985, 1, 1
1482103, 0, 1
1482106, 2, 1
1482110, 1, 0
1482228, 0, 0
1482231, 2, 1
1482235, 1, 0
1482353, 0, 1
1482356, 2, 1
1482360, 1, 1
1482478, 0, 0
1482481, 2, 1
1482485, 1, 0
1482603, 0, bit 0
1482603, 0, 1
1482606, 2, 1
1482610, 1, 1
1482728, 0, 0
1482731, 2, 1
1482735, 1, 1
1482853, 0, 0
1482856, 2, 1
1482860, 1, 0
1482978, 0, 1
1482981, 2, 1
1482985, 1, 1
1483103, 0, 1
1483106, 2, 1
1483110, 1, 0
1483228, 0, 0
1483231, 2, prem 0
1483231, 2, 0
1483235, 1, 0
1483353, 0, 0
1483356, 2, 0
1483360, 1, 1
1483478, 0, 1
1483481, 2, 0
1483485, 1, bit 1
1483485, 1, 1
1483603, 0, 1
1483606, 2, 0
1483610, 1, 0
1483728, 0, 0
1483731, 2, 0
1483735, 1, 0
1483853, 0, 0
1483856, 2, 0
1483860, 1, 1
1483978, 0, 1
1483981, 2, 0
1483985, 1, 1
1484103, 0, 0
1484106, 2, 0
1484110, 1, 0
1484228, 0, 1
1484231, 2, 0
1484235, 1, 1
1484353, 0, bit 1
1484353, 0, 0
1484356, 2, 0
1484360, 1, 0
1484478, 0, 1
1484481, 2, 0
1484485, 1, 0
1484603, 0, 1
1484606, 2, 0
1484610, 1, 1
1484728, 0, 0
1484731, 2, 0
1484735, 1, 0
1484853, 0, 0
1484856, 2, 0
1484860, 1, 1
1484978, 0, 1
1484981, 2, 0
1484985, 1, 1
1485103, 0, 1
1485106, 2, 0
1485110, 1, 0
1485228, 0, 0
1485231, 2, 1
1485235, 1, bit 1
1485235, 1, 1
1485353, 0, 0
1485356, 2, 1
1485360, 1, 0
1485478, 0, 1
1485481, 2, 1
1485485, 1, 0
1485603, 0, 1
1485606, 2, 1
1485611, 1, 1
1485728, 0, 0
1485731, 2, 1
1485736, 1, 1
1485853, 0, 1
1485856, 2, 1
1485861, 1, 0
1485978, 0, 0
1485981, 2, 1
1485986, 1, 1
1486103, 0, bit 0
1486103, 0, 1
1486106, 2, 1
1486111, 1, 0
1486228, 0, 0
1486231, 2, 1
1486236, 1, 0
1486353, 0, 0
1486356, 2, 1
1486361, 1, 1
1486478, 0, 1
1486481, 2, 1
1486486, 1, 0
1486603, 0, 1
1486606, 2, 1
1486611, 1, 1
1486728, 0, 0
1486731, 2, 1
1486736, 1, 1
1486853, 0, 0
1486856, 2, 1
1486861, 1, 0
1486978, 0, 1
1486981, 2, 1
1486986, 1, bit 0
1486986, 1, 0
1487104, 0, 1
1487106, 2, 1
1487111, 1, 1
1487229, 0, 0
1487232, 2, prem 1
1487232, 2, 1
1487236, 1, 1
1487354, 0, 0
1487357, 2, 1
1487361, 1, 0
1487479, 0, 1
1487482, 2, 1
1487486, 1, 0
1487604, 0, 0
1487607, 2, 1
1487611, 1, 1
1487729, 0, 1
1487732, 2, 1
1487736, 1, 0
1487854, 0, bit 1
1487854, 0, 0
1487857, 2, 1
1487861, 1, 1
1487979, 0, 1
1487982, 2, 1
1487986, 1, 1
1488104, 0, 1
1488107, 2, 1
1488111, 1, 0
1488229, 0, 0
1488232, 2, 1
1488236, 1, 1
1488354, 0, 0
1488357, 2, 1
1488361, 1, 0
1488479, 0, 1
1488482, 2, 1
1488486, 1, 0
1488604, 0, 1
1488607, 2, 1
1488611, 1, 1
1488729, 0, 0
1488732, 2, 1
1488736, 1, bit 0
1488736, 1, 0
1488854, 0, 0
1488857, 2, 1
1488861, 1, 1
1488979, 0, 1
1488982, 2, 1
1488986, 1, 1
1489104, 0, 1
1489107, 2, 1
1489111, 1, 0
1489229, 0, 0
1489232, 2, 0
1489236, 1, 0
1489354, 0, 1
1489357, 2, 0
1489361, 1, 1
1489479, 0, 0
1489482, 2, 0
1489486, 1, 0
1489604, 0, bit 0
1489604, 0, 1
1489607, 2, 0
1489611, 1, 1
1489729, 0, 0
1489732, 2, 0
1489736, 1, 1
1489854, 0, 0
1489857, 2, 0
1489861, 1, 0
1489979, 0, 1
1489982, 2, 0
1489986, 1, 1
1490104, 0, 1
1490107, 2, 0
1490111, 1, 0
1490229, 0, 0
1490232, 2, 0
1490236, 1, 0
1490354, 0, 0
1490357, 2, 0
1490361, 1, 1
1490479, 0, 1
1490482, 2, 0
1490486, 1, bit 0
1490486, 1, 0
1490604, 0, 1
1490607, 2, 0
1490611, 1, 1
1490729, 0, 0
1490732, 2, 0
1490736, 1, 1
1490854, 0, 0
1490857, 2, 0
1490861, 1, 0
1490979, 0, 1
1490982, 2, 0
1490987, 1, 0
1491104, 0, 0
1491107, 2, 0
1491112, 1, 1
1491229, 0, 1
1491232, 2, prem 0
1491232, 2, 0
1491237, 1, 0
1491354, 0, bit 1
1491354, 0, 0
1491357, 2, 0
1491362, 1, 1
1491479, 0, 1
1491482, 2, 0
1491487, 1, 1
1491604, 0, 1
1491607, 2, 0
1491612, 1, 0
1491729, 0, 0
1491732, 2, 0
1491737, 1, 1
1491854, 0, 0
1491857, 2, 0
1491862, 1, 0
1491979, 0, 1
1491982, 2, 0
1491987, 1, 0
1492104, 0, 1
1492107, 2, 0
1492112, 1, 1
1492229, 0, 0
1492232, 2, 0
1492237, 1, bit 0
1492237, 1, 0
1492354, 0, 0
1492357, 2, 0
1492362, 1, 1
1492480, 0, 1
1492482, 2, 0
1492487, 1, 1
1492605, 0, 1
1492608, 2, 0
1492612, 1, 0
1492730, 0, 0
1492733, 2, 0
1492737, 1, 0
1492855, 0, 1
1492858, 2, 0
1492862, 1, 1
1492980, 0, 0
1492983, 2, 0
1492987, 1, 0
1493105, 0, bit 1
1493105, 0, 0
1493108, 2, 0
1493112, 1, 1
1493230, 0, 1
1493233, 2, 1
1493237, 1, 1
1493355, 0, 1
1493358, 2, 1
1493362, 1, 0
1493480, 0, 0
1493483, 2, 1
1493487, 1, 1
1493605, 0, 0
1493608, 2, 1
1493612, 1, 0
1493730, 0, 1
1493733, 2, 1
1493737, 1, 0
1493855, 0, 1
1493858, 2, 1
1493862, 1, 1
1493980, 0, 0
1493983, 2, 1
1493987, 1, bit 0
1493987, 1, 0
1494105, 0, 0
1494108, 2, 1
1494112, 1, 1
1494230, 0, 1
1494233, 2, 1
1494237, 1, 1
1494355, 0, 1
1494358, 2, 1
1494362, 1, 0
1494480, 0, 0
1494483, 2, 1
1494487, 1, 0
1494605, 0, 1
1494608, 2, 1
1494612, 1, 1
1494730, 0, 0
1494733, 2, 1
1494737, 1, 0
1494855, 0, bit 1
1494855, 0, 0
1494858, 2, 1
1494862, 1, 1
1494980, 0, 1
1494983, 2, 1
1494987, 1, 1
1495105, 0, 1
1495108, 2, 1
1495112, 1, 0
1495230, 0, 0
1495233, 2, prem 0
1495233, 2, 0
1495237, 1, 1
1495355, 0, 0
1495358, 2, 0
1495362, 1, 0
1495480, 0, 1
1495483, 2, 0
1495487, 1, 0
1495605, 0, 1
1495608, 2, 0
1495612, 1, 1
1495730, 0, 0
1495733, 2, 0
1495737, 1, bit 0
1495737, 1, 0
1495855, 0, 0
1495858, 2, 0
1495862, 1, 1
1495980, 0, 1
1495983, 2, 0
1495987, 1, 1
1496105, 0, 1
1496108, 2, 0
1496112, 1, 0
1496230, 0, 0
1496233, 2, 0
1496237, 1, 0
1496355, 0, 1
1496358, 2, 0
1496363, 1, 1
1496480, 0, 0
1496483, 2, 0
1496488, 1, 0
1496605, 0, bit 1
1496605, 0, 0
1496608, 2, 0
1496613, 1, 1
1496730, 0, 1
1496733, 2, 0
1496738, 1, 1
1496855, 0, 1
1496858, 2, 0
1496863, 1, 0
1496980, 0, 0
1496983, 2, 0
1496988, 1, 1
1497105, 0, 0
1497108, 2, 0
1497113, 1, 0
1497230, 0, 1
1497233, 2, 1
1497238, 1, 0
1497355, 0, 1
1497358, 2, 1
1497363, 1, 1
1497480, 0, 0
1497483, 2, 1
1497488, 1, bit 0
1497488, 1, 0
1497605, 0, 0
1497608, 2, 1
1497613, 1, 1
1497730, 0, 1
1497733, 2, 1
1497738, 1, 1
1497856, 0, 1
1497858, 2, 1
1497863, 1, 0
1497981, 0, 0
1497984, 2, 1
1497988, 1, 0
1498106, 0, 1
1498109, 2, 1
1498113, 1, 1
1498231, 0, 0
1498234, 2, 1
1498238, 1, 0
1498356, 0, bit 1
1498356, 0, 0
1498359, 2, 1
1498363, 1, 1
1498481, 0, 1
1498484, 2, 1
1498488, 1, 1
1498606, 0, 1
1498609, 2, 1
1498613, 1, 0
1498731, 0, 0
1498734, 2, 1
1498738, 1, 1
1498856, 0, 0
1498859, 2, 1
1498863, 1, 0
1498981, 0, 1
1498984, 2, 1
1498988, 1, 0
1499106, 0, 1
1499109, 2, 1
1499113, 1, 1
1499231, 0, 0
1499234, 2, prem 1
1499234, 2, 1
1499238, 1, bit 1
1499238, 1, 1
1499356, 0, 0
1499359, 2, 1
1499363, 1, 0
1499481, 0, 1
1499484, 2, 1
1499488, 1, 0
1499606, 0, 1
1499609, 2, 1
1499613, 1, 1
1499731, 0, 0
1499734, 2, 1
1499738, 1, 1
1499856, 0, 1
1499859, 2, 1
1499863, 1, 0
1499981, 0, 0
1499984, 2, 1
1499988, 1, 1
1500106, 0, bit 1
1500106, 0, 0
1500109, 2, 1
1500113, 1, 0
1500231, 0, 1
1500234, 2, 1
1500238, 1, 0
1500356, 0, 1
1500359, 2, 1
1500363, 1, 1
1500481, 0, 0
1500484, 2, 1
1500488, 1, 0
1500606, 0, 0
1500609, 2, 1
1500613, 1, 1
1500731, 0, 1
1500734, 2, 1
1500738, 1, 1
1500856, 0, 1
1500859, 2, 1
1500863, 1, 0
1500981, 0, 0
1500984, 2, 1
1500988, 1, bit 1
1500988, 1, 1
1501106, 0, 0
1501109, 2, 1
1501113, 1, 0
1501231, 0, 1
1501234, 2, 0
1501238, 1, 0
1501356, 0, 1
1501359, 2, 0
1501363, 1, 1
1501481, 0, 0
1501484, 2, 0
1501488, 1, 1
1501606, 0, 1
1501609, 2, 0
1501613, 1, 0
1501731, 0, 0
1501734, 2, 0
1501739, 1, 1
1501856, 0, bit 1
1501856, 0, 0
1501859, 2, 0
1501864, 1, 0
1501981, 0, 1
1501984, 2, 0
1501989, 1, 0
1502106, 0, 1
1502109, 2, 0
1502114, 1, 1
1502231, 0, 0
1502234, 2, 0
1502239, 1, 0
1502356, 0, 0
1502359, 2, 0
1502364, 1, 1
1502481, 0, 1
1502484, 2, 0
1502489, 1, 1
1502606, 0, 1
1502609, 2, 0
1502614, 1, 0
1502731, 0, 0
1502734, 2, 0
1502739, 1, bit 1
1502739, 1, 1
1502856, 0, 0
1502859, 2, 0
1502864, 1, 0
1502981, 0, 1
1502984, 2, 0
1502989, 1, 0
1503106, 0, 1
1503109, 2, 0
1503114, 1, 1
1503232, 0, 0
1503234, 2, prem 0
1503234, 2, 0
1503239, 1, 1
1503357, 0, 1
1503360, 2, 0
1503364, 1, 0
1503482, 0, 0
1503485, 2, 0
1503489, 1, 1
1503607, 0, bit 1
1503607, 0, 0
1503610, 2, 0
1503614, 1, 0
1503732, 0, 1
1503735, 2, 0
1503739, 1, 0
1503857, 0, 1
1503860, 2, 0
1503864, 1, 1
1503982, 0, 0
1503985, 2, 0
1503989, 1, 0
1504107, 0, 0
1504110, 2, 0
1504114, 1, 1
1504232, 0, 1
1504235, 2, 0
1504239, 1, 1
1504357, 0, 1
1504360, 2, 0
1504364, 1, 0
1504482, 0, 0
1504485, 2, 0
1504489, 1, bit 0
1504489, 1, 0
1504607, 0, 0
1504610, 2, 0
1504614, 1, 1
1504732, 0, 1
1504735, 2, 0
1504739, 1, 1
1504857, 0, 1
1504860, 2, 0
1504864, 1, 0
1504982, 0, 0
1504985, 2, 0
1504989, 1, 0
1505107, 0, 1
1505110, 2, 0
1505114, 1, 1
1505232, 0, 0
1505235, 2, 1
1505239, 1, 0
1505357, 0, bit 1
1505360, 0, 0
1505360, 2, 1
1505364, 1, 1
1505482, 0, 1
1505485, 2, 1
1505489, 1, 1
1505607, 0, 1
1505610, 2, 1
1505614, 1, 0
1505732, 0, 0
1505735, 2, 1
1505739, 1, 1
1505857, 0, 0
1505860, 2, 1
1505864, 1, 0
1505982, 0, 1
1505985, 2, 1
1505989, 1, 0
1506107, 0, 1
1506110, 2, 1
1506114, 1, 1
1506232, 0, 0
1506235, 2, 1
1506239, 1, bit 0
1506239, 1, 0
1506357, 0, 0
1506360, 2, 1
1506364, 1, 1
1506482, 0, 1
1506485, 2, 1
1506489, 1, 1
1506607, 0, 1
1506610, 2, 1
1506614, 1, 0
1506732, 0, 0
1506735, 2, 1
1506739, 1, 0
1506857, 0, 1
1506860, 2, 1
1506864, 1, 1
1506982, 0, 0
1506985, 2, 1
1506989, 1, 0
1507107, 0, bit 0
1507107, 0, 1
1507110, 2, 1
1507115, 1, 1
1507232, 0, 0
1507235, 2, bit 1
1507235, 2, 0
1507240, 1, 1
1507357, 0, 0
1507360, 2, 1
1507365, 1, 0
1507482, 0, 1
1507485, 2, 0
1507490, 1, 1
1507607, 0, 1
1507610, 2, 1
1507615, 1, 0
1507732, 0, 0
1507735, 2, 1
1507740, 1, 0
1507857, 0, 0
1507860, 2, 0
1507865, 1, 1
1507982, 0, 1
1507985, 2, 0
1507990, 1, bit 0
1507990, 1, 0
1508107, 0, 1
1508110, 2, 1
1508115, 1, 1
1508232, 0, 0
1508235, 2, 0
1508240, 1, 1
1508357, 0, 0
1508360, 2, 1
1508365, 1, 0
1508482, 0, 1
1508485, 2, 1
1508490, 1, 0
1508608, 0, 0
1508610, 2, 0
1508615, 1, 1
1508733, 0, 1
1508736, 2, 0
1508740, 1, 0
1508858, 0, bit 0
1508858, 0, 1
1508861, 2, 1
1508865, 1, 1
1508983, 0, 0
1508986, 2, bit 1
1508986, 2, 0
1508990, 1, 1
1509108, 0, 0
1509111, 2, 1
1509115, 1, 0
1509233, 0, 1
1509236, 2, 0
1509240, 1, 1
1509358, 0, 1
1509361, 2, 1
1509365, 1, 0
1509483, 0, 0
1509486, 2, 1
1509490, 1, 0
1509608, 0, 0
1509611, 2, 0
1509615, 1, 1
1509733, 0, 1
1509736, 2, 0
1509740, 1, bit 1
1509740, 1, 1
1509858, 0, 1
1509861, 2, 1
1509865, 1, 0
1509983, 0, 0
1509986, 2, 0
1509990, 1, 0
1510108, 0, 0
1510111, 2, 1
1510115, 1, 1
1510233, 0, 1
1510236, 2, 1
1510240, 1, 1
1510358, 0, 0
1510361, 2, 0
1510365, 1, 0
1510483, 0, 1
1510486, 2, 0
1510490, 1, 1
1510608, 0, bit 1
1510611, 0, 0
1510611, 2, 1
1510615, 1, 0
1510733, 0, 1
1510736, 2, bit 1
1510736, 2, 0
1510740, 1, 0
1510858, 0, 1
1510861, 2, 1
1510865, 1, 1
1510983, 0, 0
1510986, 2, 0
1510990, 1, 0
1511108, 0, 0
1511111, 2, 1
1511115, 1, 1
1511233, 0, 1
1511236, 2, 1
1511240, 1, 1
1511358, 0, 1
1511361, 2, 0
1511365, 1, 0
1511483, 0, 0
1511486, 2, 0
1511490, 1, bit 0
1511490, 1, 0
1511608, 0, 0
1511611, 2, 1
1511615, 1, 1
1511733, 0, 1
1511736, 2, 0
1511740, 1, 1
1511858, 0, 1
1511861, 2, 1
1511865, 1, 0
1511983, 0, 0
1511986, 2, 1
1511990, 1, 0
1512108, 0, 1
1512111, 2, 0
1512115, 1, 1
1512233, 0, 0
1512236, 2, 0
1512240, 1, 0
1512358, 0, bit 0
1512358, 0, 1
1512361, 2, 1
1512365, 1, 1
1512483, 0, 0
1512486, 2, bit 1
1512486, 2, 0
1512491, 1, 1
1512608, 0, 0
1512611, 2, 1
1512616, 1, 0
1512733, 0, 1
1512736, 2, 0
1512741, 1, 1
1512858, 0, 1
1512861, 2, 1
1512866, 1, 0
1512983, 0, 0
1512986, 2, 1
1512991, 1, 0
1513108, 0, 0
1513111, 2, 0
1513116, 1, 1
1513233, 0, 1
1513236, 2, 0
1513241, 1, bit 1
1513241, 1, 1
1513358, 0, 1
1513361, 2, 1
1513366, 1, 0
1513483, 0, 0
1513486, 2, 0
1513491, 1, 0
1513608, 0, 0
1513611, 2, 1
1513616, 1, 1
1513733, 0, 1
1513736, 2, 1
1513741, 1, 1
1513858, 0, 0
1513861, 2, 0
1513866, 1, 0
1513984, 0, 1
1513986, 2, 0
1513991, 1, 1
1514109, 0, bit 1
1514109, 0, 0
1514112, 2, 1
1514116, 1, 0
1514234, 0, 1
1514237, 2, bit 1
1514237, 2, 0
1514241, 1, 0
1514359, 0, 1
1514362, 2, 1
1514366, 1, 1
1514484, 0, 0
1514487, 2, 0
1514491, 1, 0
1514609, 0, 0
1514612, 2, 1
1514616, 1, 1
1514734, 0, 1
1514737, 2, 1
1514741, 1, 1
1514859, 0, 1
1514862, 2, 0
1514866, 1, 0
1514984, 0, 0
1514987, 2, 0
1514991, 1, bit 0
1514991, 1, 0
1515109, 0, 0
1515112, 2, 1
1515116, 1, 1
1515234, 0, 1
1515237, 2, 0
1515241, 1, 1
1515359, 0, 1
1515362, 2, 1
1515366, 1, 0
1515484, 0, 0
1515487, 2, 1
1515491, 1, 0
1515609, 0, 1
1515612, 2, 0
1515616, 1, 1
1515734, 0, 0
1515737, 2, 0
1515741, 1, 0
1515859, 0, bit 0
1515859, 0, 1
1515862, 2, 1
1515866, 1, 1
1515984, 0, 0
1515987, 2, bit 0
1515987, 2, 1
1515991, 1, 1
1516109, 0, 0
1516112, 2, 0
1516116, 1, 0
1516234, 0, 1
1516237, 2, 1
1516241, 1, 1
1516359, 0, 1
1516362, 2, 0
1516366, 1, 0
1516484, 0, 0
1516487, 2, 0
1516491, 1, 0
1516609, 0, 0
1516612, 2, 1
1516616, 1, 1
1516734, 0, 1
1516737, 2, 1
1516741, 1, bit 1
1516741, 1, 1
1516859, 0, 1
1516862, 2, 0
1516866, 1, 0
1516984, 0, 0
1516987, 2, 1
1516991, 1, 0
1517109, 0, 0
1517112, 2, 0
1517116, 1, 1
1517234, 0, 1
1517237, 2, 0
1517241, 1, 1
1517359, 0, 0
1517362, 2, 1
1517366, 1, 0
1517484, 0, 1
1517487, 2, 1
1517491, 1, 1
1517609, 0, bit 1
1517609, 0, 0
1517612, 2, 0
1517616, 1, 0
1517734, 0, 1
1517737, 2, bit 0
1517737, 2, 1
1517741, 1, 0
1517859, 0, 1
1517862, 2, 0
1517867, 1, 1
1517984, 0, 0
1517987, 2, 1
1517992, 1, 0
1518109, 0, 0
1518112, 2, 0
1518117, 1, 1
1518234, 0, 1
1518237, 2, 0
1518242, 1, 1
1518359, 0, 1
1518362, 2, 1
1518367, 1, 0
1518484, 0, 0
1518487, 2, 1
1518492, 1, bit 0
1518492, 1, 0
1518609, 0, 0
1518612, 2, 0
1518617, 1, 1
1518734, 0, 1
1518737, 2, 1
1518742, 1, 1
1518859, 0, 1
1518862, 2, 0
1518867, 1, 0
1518984, 0, 0
1518987, 2, 0
1518992, 1, 0
1519109, 0, 1
1519112, 2, 1
1519117, 1, 1
1519234, 0, 0
1519237, 2, 1
1519242, 1, 0
1519360, 0, bit 0
1519360, 0, 1
1519362, 2, 0
1519367, 1, 1
1519485, 0, 0
1519488, 2, bit 1
1519488, 2, 0
1519492, 1, 1
1519610, 0, 0
1519613, 2, 1
1519617, 1, 0
1519735, 0, 1
1519738, 2, 0
1519742, 1, 1
1519860, 0, 1
1519863, 2, 1
1519867, 1, 0
1519985, 0, 0
1519988, 2, 1
1519992, 1, 0
1520110, 0, 0
1520113, 2, 0
1520117, 1, 1
1520235, 0, 1
1520238, 2, 0
1520242, 1, bit 0
1520242, 1, 0
1520360, 0, 1
1520363, 2, 1
1520367, 1, 1
1520485, 0, 0
1520488, 2, 0
1520492, 1, 1
1520610, 0, 0
1520613, 2, 1
1520617, 1, 0
1520735, 0, 1
1520738, 2, 1
1520742, 1, 0
1520860, 0, 0
1520863, 2, 0
1520867, 1, 1
1520985, 0, 1
1520988, 2, 0
1520992, 1, 0
1521110, 0, bit 0
1521110, 0, 1
1521113, 2, 1
1521117, 1, 1
1521235, 0, 0
1521238, 2, bit 0
1521238, 2, 1
1521242, 1, 1
1521360, 0, 0
1521363, 2, 0
1521367, 1, 0
1521485, 0, 1
1521488, 2, 1
1521492, 1, 1
1521610, 0, 1
1521613, 2, 0
1521617, 1, 0
1521735, 0, 0
1521738, 2, 0
1521742, 1, 0
1521860, 0, 0
1521863, 2, 1
1521867, 1, 1
1521985, 0, 1
1521988, 2, 1
1521992, 1, bit 0
1521992, 1, 0
1522110, 0, 1
1522113, 2, 0
1522117, 1, 1
1522235, 0, 0
1522238, 2, 1
1522242, 1, 1
1522360, 0, 0
1522363, 2, 0
1522367, 1, 0
1522485, 0, 1
1522488, 2, 0
1522492, 1, 0
1522610, 0, 0
1522613, 2, 1
1522617, 1, 1
1522735, 0, 1
1522738, 2, 1
1522742, 1, 0
1522860, 0, bit 1
1522860, 0, 0
1522863, 2, 0
1522867, 1, 1
1522985, 0, 1
1522988, 2, bit 1
1522988, 2, 0
1522992, 1, 1
1523110, 0, 1
1523113, 2, 1
1523117, 1, 0
1523235, 0, 0
1523238, 2, 0
1523243, 1, 1
1523360, 0, 0
1523363, 2, 1
1523368, 1, 0
1523485, 0, 1
1523488, 2, 1
1523493, 1, 0
1523610, 0, 1
1523613, 2, 0
1523618, 1, 1
1523735, 0, 0
1523738, 2, 0
1523743, 1, bit 1
1523743, 1, 1
1523860, 0, 0
1523863, 2, 1
1523868, 1, 0
1523985, 0, 1
1523988, 2, 0
1523993, 1, 0
1524110, 0, 1
1524113, 2, 1
1524118, 1, 1
1524235, 0, 0
1524238, 2, 1
1524243, 1, 1
1524360, 0, 1
1524363, 2, 0
1524368, 1, 0
1524485, 0, 0
1524488, 2, 0
1524493, 1, 1
1524610, 0, bit 0
1524610, 0, 1
1524613, 2, 1
1524618, 1, 0
1524736, 0, 0
1524738, 2, bit 0
1524738, 2, 1
1524743, 1, 0
1524861, 0, 0
1524864, 2, 0
1524868, 1, 1
1524986, 0, 1
1524989, 2, 1
1524993, 1, 0
1525111, 0, 1
1525114, 2, 0
1525118, 1, 1
1525236, 0, 0
1525239, 2, 0
1525243, 1, 1
1525361, 0, 0
1525364, 2, 1
1525368, 1, 0
1525486, 0, 1
1525489, 2, 1
1525493, 1, bit 0
1525493, 1, 0
1525611, 0, 1
1525614, 2, 0
1525618, 1, 1
1525736, 0, 0
1525739, 2, 1
1525743, 1, 1
1525861, 0, 0
1525864, 2, 0
1525868, 1, 0
1525986, 0, 1
1525989, 2, 0
1525993, 1, 0
1526111, 0, 0
1526114, 2, 1
1526118, 1, 1
1526236, 0, 1
1526239, 2, 1
1526243, 1, 0
1526361, 0, bit 1
1526361, 0, 0
1526364, 2, 0
1526368, 1, 1
1526486, 0, 1
1526489, 2, bit 1
1526489, 2, 0
1526493, 1, 1
1526611, 0, 1
1526614, 2, 1
1526618, 1, 0
1526736, 0, 0
1526739, 2, 0
1526743, 1, 1
1526861, 0, 0
1526864, 2, 1
1526868, 1, 0
1526986, 0, 1
1526989, 2, 1
1526993, 1, 0
1527111, 0, 1
1527114, 2, 0
1527118, 1, 1
1527236, 0, 0
1527239, 2, 0
1527243, 1, bit 0
1527243, 1, 0
1527361, 0, 0
1527364, 2, 1
1527368, 1, 1
1527486, 0, 1
1527489, 2, 0
1527493, 1, 1
1527611, 0, 1
1527614, 2, 1
1527618, 1, 0
1527736, 0, 0
1527739, 2, 1
1527743, 1, 0
1527861, 0, 1
1527864, 2, 0
1527868, 1, 1
1527986, 0, 0
1527989, 2, 0
1527993, 1, 0
1528111, 0, bit 0
1528111, 0, 1
1528114, 2, 1
1528118, 1, 1
1528236, 0, 0
1528239, 2, bit 0
1528239, 2, 1
1528243, 1, 1
1528361, 0, 0
1528364, 2, 0
1528368, 1, 0
1528486, 0, 1
1528489, 2, 1
1528493, 1, 1
1528611, 0, 1
1528614, 2, 0
1528619, 1, 0
1528736, 0, 0
1528739, 2, 0
1528744, 1, 0
1528861, 0, 0
1528864, 2, 1
1528869, 1, 1
1528986, 0, 1
1528989, 2, 1
1528994, 1, bit 1
1528994, 1, 1
1529111, 0, 1
1529114, 2, 0
1529119, 1, 0
1529236, 0, 0
1529239, 2, 1
1529244, 1, 0
1529361, 0, 0
1529364, 2, 0
1529369, 1, 1
1529486, 0, 1
1529489, 2, 0
1529494, 1, 1
1529611, 0, 0
1529614, 2, 1
1529619, 1, 0
1529736, 0, 1
1529739, 2, 1
1529744, 1, 1
1529861, 0, bit 0
1529861, 0, 1
1529864, 2, 0
1529869, 1, 0
1529986, 0, 0
1529989, 2, bit 0
1529989, 2, 1
1529994, 1, 0
1530112, 0, 0
1530115, 2, 0
1530119, 1, 1
1530237, 0, 1
1530240, 2, 1
1530244, 1, 0
1530362, 0, 1
1530365, 2, 0
1530369, 1, 1
1530487, 0, 0
1530490, 2, 0
1530494, 1, 1
1530612, 0, 0
1530615, 2, 1
1530619, 1, 0
1530737, 0, 1
1530740, 2, 1
1530744, 1, bit 1
1530744, 1, 1
1530862, 0, 1
1530865, 2, 0
1530869, 1, 0
1530987, 0, 0
1530990, 2, 1
1530994, 1, 0
1531112, 0, 0
1531115, 2, 0
1531119, 1, 1
1531237, 0, 1
1531240, 2, 0
1531244, 1, 1
1531362, 0, 0
1531365, 2, 1
1531369, 1, 0
1531487, 0, 1
1531490, 2, 1
1531494, 1, 1
1531612, 0, bit 0
1531612, 0, 1
1531615, 2, 0
1531619, 1, 0
1531737, 0, 0
1531740, 2, bit 0
1531740, 2, 1
1531744, 1, 0
1531862, 0, 0
1531865, 2, 0
1531869, 1, 1
1531987, 0, 1
1531990, 2, 1
1531994, 1, 0
1532112, 0, 1
1532115, 2, 0
1532119, 1, 1
1532237, 0, 0
1532240, 2, 0
1532244, 1, 1
1532362, 0, 0
1532365, 2, 1
1532369, 1, 0
1532487, 0, 1
1532490, 2, 1
1532494, 1, bit 1
1532494, 1, 1
1532612, 0, 1
1532615, 2, 0
1532619, 1, 0
1532737, 0, 0
1532740, 2, 1
1532744, 1, 0
1532862, 0, 0
1532865, 2, 0
1532869, 1, 1
1532987, 0, 1
1532990, 2, 0
1532994, 1, 1
1533112, 0, 0
1533115, 2, 1
1533119, 1, 0
1533237, 0, 1
1533240, 2, 1
1533244, 1, 1
1533362, 0, bit 0
1533362, 0, 1
1533365, 2, 0
1533369, 1, 0
1533487, 0, 0
1533490, 2, bit 1
1533490, 2, 0
1533494, 1, 0
1533612, 0, 0
1533615, 2, 1
1533619, 1, 1
1533737, 0, 1
1533740, 2, 0
1533744, 1, 0
1533862, 0, 1
1533865, 2, 1
1533869, 1, 1
1533987, 0, 0
1533990, 2, 1
1534001, 1, 1
1534112, 0, 0
1534115, 2, 0
1534126, 1, 0
1534237, 0, 1
1534240, 2, 0
1534251, 1, bit 0
1534251, 1, 0
1534362, 0, 1
1534365, 2, 1
1534376, 1, 1
1534487, 0, 0
1534490, 2, 0
1534501, 1, 1
1534612, 0, 0
1534615, 2, 1
1534626, 1, 0
1534737, 0, 1
1534740, 2, 1
1534751, 1, 0
1534862, 0, 0
1534865, 2, 0
1534876, 1, 1
1534987, 0, 1
1534990, 2, 0
1535001, 1, 0
1535112, 0, bit 1
1535112, 0, 0
1535115, 2, 1
1535126, 1, 1
1535237, 0, 1
1535240, 2, bit 1
1535240, 2, 0
1535251, 1, 1
1535362, 0, 1
1535365, 2, 1
1535376, 1, 0
1535488, 0, 0
1535490, 2, 0
1535501, 1, 1
1535613, 0, 0
1535616, 2, 1
1535626, 1, 0
1535738, 0, 1
1535741, 2, 1
1535751, 1, 0
1535863, 0, 1
1535866, 2, 0
1535876, 1, 1
1535988, 0, 0
1535991, 2, 0
1536001, 1, bit 0
1536001, 1, 0
1536113, 0, 0
1536116, 2, 1
1536126, 1, 1
1536238, 0, 1
1536241, 2, 0
1536251, 1, 1
1536363, 0, 1
1536366, 2, 1
1536376, 1, 0
1536488, 0, 0
1536491, 2, 1
1536501, 1, 0
1536613, 0, 1
1536616, 2, 0
1536626, 1, 1
1536738, 0, 0
1536741, 2, 0
1536751, 1, 0
1536863, 0, bit 1
1536863, 0, 0
1536866, 2, 1
1536876, 1, 1
1536988, 0, 1
1536991, 2, bit 1
1536991, 2, 0
1537001, 1, 1
1537113, 0, 1
1537116, 2, 1
1537126, 1, 0
1537238, 0, 0
1537241, 2, 0
1537251, 1, 1
1537363, 0, 0
1537366, 2, 1
1537376, 1, 0
1537488, 0, 1
1537491, 2, 1
1537501, 1, 0
1537613, 0, 1
1537616, 2, 0
1537626, 1, 1
1537738, 0, 0
1537741, 2, 0
1537751, 1, bit 0
1537751, 1, 0
1537863, 0, 0
1537866, 2, 1
1537876, 1, 1
1537988, 0, 1
1537991, 2, 0
1538001, 1, 1
1538113, 0, 1
1538116, 2, 1
1538126, 1, 0
1538238, 0, 0
1538241, 2, 1
1538251, 1, 0
1538363, 0, 1
1538366, 2, 0
1538376, 1, 1
1538488, 0, 0
1538491, 2, 0
1538501, 1, 0
1538613, 0, bit 0
1538613, 0, 1
1538616, 2, 1
1538626, 1, 1
1538738, 0, 0
1538741, 2, bit 0
1538741, 2, 1
1538751, 1, 1
1538863, 0, 0
1538866, 2, 0
1538876, 1, 0
1538988, 0, 1
1538991, 2, 1
1539001, 1, 1
1539113, 0, 1
1539116, 2, 0
1539126, 1, 0
1539238, 0, 0
1539241, 2, 0
1539251, 1, 0
1539363, 0, 0
1539366, 2, 1
1539376, 1, 1
1539488, 0, 1
1539491, 2, 1
1539501, 1, bit 1
1539501, 1, 1
1539613, 0, 1
1539616, 2, 0
1539627, 1, 0
1539738, 0, 0
1539741, 2, 1
1539752, 1, 0
1539863, 0, 0
1539866, 2, 0
1539877, 1, 1
1539988, 0, 1
1539991, 2, 0
1540002, 1, 1
1540113, 0, 0
1540116, 2, 1
1540127, 1, 0
1540238, 0, 1
1540241, 2, 1
1540252, 1, 1
1540363, 0, bit 1
1540363, 0, 0
1540366, 2, 0
1540377, 1, 0
1540488, 0, 1
1540491, 2, bit 1
1540491, 2, 0
1540502, 1, 0
1540613, 0, 1
1540616, 2, 1
1540627, 1, 1
1540738, 0, 0
1540741, 2, 0
1540752, 1, 0
1540864, 0, 0
1540866, 2, 1
1540877, 1, 1
1540989, 0, 1
1540992, 2, 1
1541002, 1, 1
1541114, 0, 1
1541117, 2, 0
1541127, 1, 0
1541239, 0, 0
1541242, 2, 0
1541252, 1, bit 0
1541252, 1, 0
1541364, 0, 0
1541367, 2, 1
1541377, 1, 1
1541489, 0, 1
1541492, 2, 0
1541502, 1, 1
1541614, 0, 1
1541617, 2, 1
1541627, 1, 0
1541739, 0, 0
1541742, 2, 1
1541752, 1, 0
1541864, 0, 1
1541867, 2, 0
1541877, 1, 1
1541989, 0, 0
1541992, 2, 0
1542002, 1, 0
1542114, 0, bit 1
1542114, 0, 0
1542117, 2, 1
1542127, 1, 1
1542239, 0, 1
1542242, 2, bit 0
1542242, 2, 1
1542252, 1, 1
1542364, 0, 1
1542367, 2, 0
1542377, 1, 0
1542489, 0, 0
1542492, 2, 1
1542502, 1, 1
1542614, 0, 0
1542617, 2, 0
1542627, 1, 0
1542739, 0, 1
1542742, 2, 0
1542752, 1, 0
1542864, 0, 1
1542867, 2, 1
1542877, 1, 1
1542989, 0, 0
1542992, 2, 1
1543002, 1, bit 0
1543002, 1, 0
1543114, 0, 0
1543117, 2, 0
1543127, 1, 1
1543239, 0, 1
1543242, 2, 1
1543252, 1, 1
1543364, 0, 1
1543367, 2, 0
1543377, 1, 0
1543489, 0, 0
1543492, 2, 0
1543502, 1, 0
1543614, 0, 1
1543617, 2, 1
1543627, 1, 1
1543739, 0, 0
1543742, 2, 1
1543752, 1, 0
1543864, 0, bit 1
1543864, 0, 0
1543867, 2, 0
1543877, 1, 1
1543989, 0, 1
1543992, 2, bit 0
1543992, 2, 1
1544002, 1, 1
1544114, 0, 1
1544117, 2, 0
1544127, 1, 0
1544239, 0, 0
1544242, 2, 1
1544252, 1, 1
1544364, 0, 0
1544367, 2, 0
1544377, 1, 0
1544489, 0, 1
1544493, 2, 0
1544502, 1, 0
1544614, 0, 1
1544619, 2, 1
1544627, 1, 1
1544739, 0, 0
1544744, 2, 1
1544752, 1, bit 0
1544752, 1, 0
1544864, 0, 0
1544869, 2, 0
1544877, 1, 1
1544989, 0, 1
1544994, 2, 1
1545003, 1, 1
1545114, 0, 1
1545119, 2, 0
1545128, 1, 0
1545239, 0, 0
1545244, 2, 0
1545253, 1, 0
1545364, 0, 1
1545369, 2, 1
1545378, 1, 1
1545489, 0, 0
1545494, 2, 1
1545503, 1, 0
1545614, 0, bit 0
1545614, 0, 1
1545619, 2, 0
1545628, 1, 1
1545739, 0, 0
1545744, 2, bit 0
1545747, 2, 1
1545753, 1, 1
1545864, 0, 0
1545869, 2, 0
1545878, 1, 0
1545989, 0, 1
1545994, 2, 1
1546003, 1, 1
1546114, 0, 1
1546119, 2, 0
1546128, 1, 0
1546240, 0, 0
1546244, 2, 0
1546253, 1, 0
1546365, 0, 0
1546369, 2, 1
1546378, 1, 1
1546490, 0, 1
1546494, 2, 1
1546503, 1, bit 0
1546503, 1, 0
1546615, 0, 1
1546619, 2, 0
1546628, 1, 1
1546740, 0, 0
1546744, 2, 1
1546753, 1, 1
1546865, 0, 0
1546869, 2, 0
1546878, 1, 0
1546990, 0, 1
1546994, 2, 0
1547003, 1, 0
1547115, 0, 0
1547119, 2, 1
1547128, 1, 1
1547240, 0, 1
1547244, 2, 1
1547253, 1, 0
1547365, 0, bit 0
1547365, 0, 1
1547369, 2, 0
1547378, 1, 1
1547490, 0, 0
1547494, 2, bit 1
1547494, 2, 0
1547503, 1, 1
1547615, 0, 0
1547619, 2, 1
1547628, 1, 0
1547740, 0, 1
1547744, 2, 0
1547753, 1, 1
1547865, 0, 1
1547869, 2, 1
1547878, 1, 0
1547990, 0, 0
1547994, 2, 1
1548003, 1, 0
1548115, 0, 0
1548119, 2, 0
1548128, 1, 1
1548240, 0, 1
1548244, 2, 0
1548253, 1, bit 0
1548253, 1, 0
1548365, 0, 1
1548369, 2, 1
1548378, 1, 1
1548490, 0, 0
1548494, 2, 0
1548503, 1, 1
1548615, 0, 0
1548619, 2, 1
1548628, 1, 0
1548740, 0, 1
1548744, 2, 1
1548753, 1, 0
1548865, 0, 0
1548869, 2, 0
1548878, 1, 1
1548990, 0, 1
1548994, 2, 0
1549003, 1, 0
1549115, 0, bit 1
1549115, 0, 0
1549119, 2, 1
1549128, 1, 1
1549240, 0, 1
1549244, 2, bit 0
1549244, 2, 1
1549253, 1, 1
1549365, 0, 1
1549369, 2, 0
1549378, 1, 0
1549490, 0, 0
1549494, 2, 1
1549503, 1, 1
1549615, 0, 0
1549619, 2, 0
1549628, 1, 0
1549740, 0, 1
1549744, 2, 0
1549753, 1, 0
1549865, 0, 1
1549869, 2, 1
1549878, 1, 1
1549990, 0, 0
1549995, 2, 1
1550003, 1, bit 1
1550003, 1, 1
1550115, 0, 0
1550120, 2, 0
1550128, 1, 0
1550240, 0, 1
1550245, 2, 1
1550253, 1, 0
1550365, 0, 1
1550370, 2, 0
1550379, 1, 1
1550490, 0, 0
1550495, 2, 0
1550504, 1, 1
1550615, 0, 1
1550620, 2, 1
1550629, 1, 0
1550740, 0, 0
1550745, 2, 1
1550754, 1, 1
1550865, 0, bit 1
1550865, 0, 0
1550870, 2, 0
1550879, 1, 0
1550990, 0, 1
1550995, 2, bit 1
1550995, 2, 0
1551004, 1, 0
1551115, 0, 1
1551120, 2, 1
1551129, 1, 1
1551240, 0, 0
1551245, 2, 0
1551254, 1, 0
1551365, 0, 0
1551370, 2, 1
1551379, 1, 1
1551490, 0, 1
1551495, 2, 1
1551504, 1, 1
1551616, 0, 1
1551620, 2, 0
1551629, 1, 0
1551741, 0, 0
1551745, 2, 0
1551754, 1, bit 0
1551754, 1, 0
1551866, 0, 0
1551870, 2, 1
1551879, 1, 1
1551991, 0, 1
1551995, 2, 0
1552004, 1, 1
1552116, 0, 1
1552120, 2, 1
1552129, 1, 0
1552241, 0, 0
1552245, 2, 1
1552254, 1, 0
1552366, 0, 1
1552370, 2, 0
1552379, 1, 1
1552491, 0, 0
1552495, 2, 0
1552504, 1, 0
1552616, 0, bit 0
1552616, 0, 1
1552620, 2, 1
1552629, 1, 1
1552741, 0, 0
1552745, 2, bit 0
1552745, 2, 1
1552754, 1, 1
1552866, 0, 0
1552870, 2, 0
1552879, 1, 0
1552991, 0, 1
1552995, 2, 1
1553004, 1, 1
1553116, 0, 1
1553120, 2, 0
1553129, 1, 0
1553241, 0, 0
1553245, 2, 0
1553254, 1, 0
1553366, 0, 0
1553370, 2, 1
1553379, 1, 1
1553491, 0, 1
1553495, 2, 1
1553504, 1, bit 0
1553504, 1, 0
1553616, 0, 1
1553620, 2, 0
1553629, 1, 1
1553741, 0, 0
1553745, 2, 1
1553754, 1, 1
1553866, 0, 0
1553870, 2, 0
1553879, 1, 0
1553991, 0, 1
1553995, 2, 0
1554004, 1, 0
1554116, 0, 0
1554120, 2, 1
1554129, 1, 1
1554241, 0, 1
1554245, 2, 1
1554254, 1, 0
1554366, 0, bit 1
1554366, 0, 0
1554370, 2, 0
1554379, 1, 1
1554491, 0, 1
1554495, 2, bit 1
1554495, 2, 0
1554504, 1, 1
1554616, 0, 1
1554620, 2, 1
1554629, 1, 0
1554741, 0, 0
1554745, 2, 0
1554754, 1, 1
1554866, 0, 0
1554870, 2, 1
1554879, 1, 0
1554991, 0, 1
1554995, 2, 1
1555004, 1, 0
1555116, 0, 1
1555120, 2, 0
1555129, 1, 1
1555241, 0, 0
1555245, 2, 0
1555254, 1, bit 1
1555254, 1, 1
1555366, 0, 0
1555371, 2, 1
1555379, 1, 0
1555491, 0, 1
1555496, 2, 0
1555504, 1, 0
1555616, 0, 1
1555621, 2, 1
1555629, 1, 1
1555741, 0, 0
1555746, 2, 1
1555755, 1, 1
1555866, 0, 1
1555871, 2, 0
1555880, 1, 0
1555991, 0, 0
1555996, 2, 0
1556005, 1, 1
1556116, 0, bit 0
1556116, 0, 1
1556121, 2, 1
1556130, 1, 0
1556241, 0, 0
1556246, 2, bit 0
1556246, 2, 1
1556255, 1, 0
1556366, 0, 0
1556371, 2, 0
1556380, 1, 1
1556491, 0, 1
1556496, 2, 1
1556505, 1, 0
1556616, 0, 1
1556621, 2, 0
1556630, 1, 1
1556741, 0, 0
1556746, 2, 0
1556755, 1, 1
1556866, 0, 0
1556871, 2, 1
1556880, 1, 0
1556992, 0, 1
1556996, 2, 1
1557005, 1, bit 0
1557005, 1, 0
1557117, 0, 1
1557121, 2, 0
1557130, 1, 1
1557242, 0, 0
1557246, 2, 1
1557255, 1, 1
1557367, 0, 0
1557371, 2, 0
1557380, 1, 0
1557492, 0, 1
1557496, 2, 0
1557505, 1, 0
1557617, 0, 0
1557621, 2, 1
1557630, 1, 1
1557742, 0, 1
1557746, 2, 1
1557755, 1, 0
1557867, 0, bit 0
1557867, 0, 1
1557871, 2, 0
1557880, 1, 1
1557992, 0, 0
1557996, 2, bit 1
1557996, 2, 0
1558005, 1, 1
1558117, 0, 0
1558121, 2, 1
1558130, 1, 0
1558242, 0, 1
1558246, 2, 0
1558255, 1, 1
1558367, 0, 1
1558371, 2, 1
1558380, 1, 0
1558492, 0, 0
1558496, 2, 1
1558505, 1, 0
1558617, 0, 0
1558621, 2, 0
1558630, 1, 1
1558742, 0, 1
1558746, 2, 0
1558755, 1, bit 1
1558755, 1, 1
1558867, 0, 1
1558871, 2, 1
1558880, 1, 0
1558992, 0, 0
1558996, 2, 0
1559005, 1, 0
1559117, 0, 0
1559121, 2, 1
1559130, 1, 1
1559242, 0, 1
1559246, 2, 1
1559255, 1, 1
1559367, 0, 0
1559371, 2, 0
1559380, 1, 0
1559492, 0, 1
1559496, 2, 0
1559505, 1, 1
1559617, 0, bit 1
1559617, 0, 0
1559621, 2, 1
1559630, 1, 0
1559742, 0, 1
1559746, 2, bit 1
1559746, 2, 0
1559755, 1, 0
1559867, 0, 1
1559871, 2, 1
1559880, 1, 1
1559992, 0, 0
1559996, 2, 0
1560005, 1, 0
1560117, 0, 0
1560121, 2, 1
1560130, 1, 1
1560242, 0, 1
1560246, 2, 1
1560255, 1, 1
1560367, 0, 1
1560371, 2, 0
1560380, 1, 0
1560492, 0, 0
1560496, 2, 0
1560505, 1, bit 0
1560505, 1, 0
1560617, 0, 0
1560621, 2, 1
1560630, 1, 1
1560742, 0, 1
1560747, 2, 0
1560755, 1, 1
1560867, 0, 1
1560872, 2, 1
1560880, 1, 0
1560992, 0, 0
1560997, 2, 1
1561005, 1, 0
1561117, 0, 1
1561122, 2, 0
1561131, 1, 1
1561242, 0, 0
1561247, 2, 0
1561256, 1, 0
1561367, 0, bit 1
1561367, 0, 0
1561372, 2, 1
1561381, 1, 1
1561492, 0, 1
1561497, 2, bit 1
1561497, 2, 0
1561506, 1, 1
1561617, 0, 1
1561622, 2, 1
1561631, 1, 0
1561742, 0, 0
1561747, 2, 0
1561756, 1, 1
1561867, 0, 0
1561872, 2, 1
1561881, 1, 0
1561992, 0, 1
1561997, 2, 1
1562006, 1, 0
1562117, 0, 1
1562122, 2, 0
1562131, 1, 1
1562242, 0, 0
1562247, 2, 0
1562256, 1, bit 1
1562256, 1, 1
1562368, 0, 0
1562372, 2, 1
1562381, 1, 0
1562493, 0, 1
1562497, 2, 0
1562506, 1, 0
1562618, 0, 1
1562622, 2, 1
1562631, 1, 1
1562743, 0, 0
1562747, 2, 1
1562756, 1, 1
1562868, 0, 1
1562872, 2, 0
1562881, 1, 0
1562993, 0, 0
1562997, 2, 0
1563006, 1, 1
1563118, 0, bit 0
1563118, 0, 1
1563122, 2, 1
1563131, 1, 0
1563243, 0, 0
1563247, 2, bit 0
1563247, 2, 1
1563256, 1, 0
1563368, 0, 0
1563372, 2, 0
1563381, 1, 1
1563493, 0, 1
1563497, 2, 1
1563506, 1, 0
1563618, 0, 1
1563622, 2, 0
1563631, 1, 1
1563743, 0, 0
1563747, 2, 0
1563756, 1, 1
1563868, 0, 0
1563872, 2, 1
1563881, 1, 0
1563993, 0, 1
1563997, 2, 1
1564006, 1, bit 0
1564058, 1, 0
1564118, 0, 1
1564122, 2, 0
1564131, 1, 1
1564243, 0, 0
1564247, 2, 1
1564256, 1, 1
1564368, 0, 0
1564372, 2, 0
1564381, 1, 0
1564493, 0, 1
1564497, 2, 0
1564506, 1, 0
1564618, 0, 0
1564622, 2, 1
1564631, 1, 1
1564743, 0, 1
1564747, 2, 1
1564756, 1, 0
1564868, 0, bit 0
1564868, 0, 1
1564872, 2, 0
1564881, 1, 1
1564993, 0, 0
1564997, 2, bit 0
1564997, 2, 1
1565006, 1, 1
1565118, 0, 0
1565122, 2, 0
1565131, 1, 0
1565243, 0, 1
1565247, 2, 1
1565256, 1, 1
1565368, 0, 1
1565372, 2, 0
1565381, 1, 0
1565493, 0, 0
1565497, 2, 0
1565506, 1, 0
1565618, 0, 0
1565622, 2, 1
1565631, 1, 1
1565743, 0, 1
1565747, 2, 1
1565756, 1, bit 1
1565756, 1, 1
1565868, 0, 1
1565872, 2, 0
1565881, 1, 0
1565993, 0, 0
1565997, 2, 1
1566006, 1, 0
1566118, 0, 0
1566123, 2, 0
1566131, 1, 1
1566243, 0, 1
1566248, 2, 0
1566256, 1, 1
1566368, 0, 0
1566373, 2, 1
1566381, 1, 0
1566493, 0, 1
1566498, 2, 1
1566507, 1, 1
1566618, 0, bit 0
1566618, 0, 1
1566623, 2, 0
1566632, 1, 0
1566743, 0, 0
1566748, 2, bit 0
1566748, 2, 1
1566757, 1, 0
1566868, 0, 0
1566873, 2, 0
1566882, 1, 1
1566993, 0, 1
1566998, 2, 1
1567007, 1, 0
1567118, 0, 1
1567123, 2, 0
1567132, 1, 1
1567243, 0, 0
1567248, 2, 0
1567257, 1, 1
1567368, 0, 0
1567373, 2, 1
1567382, 1, 0
1567493, 0, 1
1567498, 2, 1
1567507, 1, bit 1
1567507, 1, 1
1567618, 0, 1
1567623, 2, 0
1567632, 1, 0
1567744, 0, 0
1567748, 2, 1
1567757, 1, 0
1567869, 0, 0
1567873, 2, 0
1567882, 1, 1
1567994, 0, 1
1567998, 2, 0
1568007, 1, 1
1568119, 0, 0
1568123, 2, 1
1568132, 1, 0
1568244, 0, 1
1568248, 2, 1
1568257, 1, 1
1568369, 0, bit 0
1568369, 0, 1
1568373, 2, 0
1568382, 1, 0
1568494, 0, 0
1568498, 2, bit 1
1568498, 2, 0
1568507, 1, 0
1568619, 0, 0
1568623, 2, 1
1568632, 1, 1
1568744, 0, 1
1568748, 2, 0
1568757, 1, 0
1568869, 0, 1
1568873, 2, 1
1568882, 1, 1
1568994, 0, 0
1568998, 2, 1
1569007, 1, 1
1569119, 0, 0
1569123, 2, 0
1569132, 1, 0
1569244, 0, 1
1569248, 2, 0
1569257, 1, bit 0
1569257, 1, 0
1569369, 0, 1
1569373, 2, 1
1569382, 1, 1
1569494, 0, 0
1569498, 2, 0
1569507, 1, 1
1569619, 0, 0
1569623, 2, 1
1569632, 1, 0
1569744, 0, 1
1569748, 2, 1
1569757, 1, 0
1569869, 0, 0
1569873, 2, 0
1569882, 1, 1
1569994, 0, 1
1569998, 2, 0
1570007, 1, 0
1570119, 0, bit 1
1570119, 0, 0
1570123, 2, 1
1570132, 1, 1
1570244, 0, 1
1570248, 2, bit 1
1570248, 2, 0
1570257, 1, 1
1570369, 0, 1
1570373, 2, 1
1570382, 1, 0
1570494, 0, 0
1570498, 2, 0
1570507, 1, 1
1570619, 0, 0
1570623, 2, 1
1570632, 1, 0
1570744, 0, 1
1570748, 2, 1
1570757, 1, 0
1570869, 0, 1
1570873, 2, 0
1570882, 1, 1
1570994, 0, 0
1570998, 2, 0
1571007, 1, bit 0
1571007, 1, 0
1571119, 0, 0
1571123, 2, 1
1571132, 1, 1
1571244, 0, 1
1571248, 2, 0
1571257, 1, 1
1571369, 0, 1
1571373, 2, 1
1571382, 1, 0
1571494, 0, 0
1571499, 2, 1
1571507, 1, 0
1571619, 0, 1
1571624, 2, 0
1571632, 1, 1
1571744, 0, 0
1571749, 2, 0
1571757, 1, 0
1571869, 0, bit 0
1571869, 0, 1
1571874, 2, 1
1571883, 1, 1
1571994, 0, 0
1571999, 2, bit 1
1571999, 2, 0
1572008, 1, 1
1572119, 0, 0
1572124, 2, 1
1572133, 1, 0
1572244, 0, 1
1572249, 2, 0
1572258, 1, 1
1572369, 0, 1
1572374, 2, 1
1572383, 1, 0
1572494, 0, 0
1572499, 2, 1
1572508, 1, 0
1572619, 0, 0
1572624, 2, 0
1572633, 1, 1
1572744, 0, 1
1572749, 2, 0
1572758, 1, bit 1
1572758, 1, 1
1572869, 0, 1
1572874, 2, 1
1572883, 1, 0
1572994, 0, 0
1572999, 2, 0
1573008, 1, 0
1573120, 0, 0
1573124, 2, 1
1573133, 1, 1
1573245, 0, 1
1573249, 2, 1
1573258, 1, 1
1573370, 0, 0
1573374, 2, 0
1573383, 1, 0
1573495, 0, 1
1573499, 2, 0
1573508, 1, 1
1573620, 0, bit 1
1573620, 0, 0
1573624, 2, 1
1573633, 1, 0
1573745, 0, 1
1573749, 2, bit 1
1573749, 2, 0
1573758, 1, 0
1573870, 0, 1
1573874, 2, 1
1573883, 1, 1
1573995, 0, 0
1573999, 2, 0
1574008, 1, 0
1574120, 0, 0
1574124, 2, 1
1574133, 1, 1
1574245, 0, 1
1574249, 2, 1
1574258, 1, 1
1574370, 0, 1
1574374, 2, 0
1574383, 1, 0
1574495, 0, 0
1574499, 2, 0
1574508, 1, bit 0
1574508, 1, 0
1574620, 0, 0
1574624, 2, 1
1574633, 1, 1
1574745, 0, 1
1574749, 2, 0
1574758, 1, 1
1574870, 0, 1
1574874, 2, 1
1574883, 1, 0
1574995, 0, 0
1574999, 2, 1
1575008, 1, 0
1575120, 0, 1
1575124, 2, 0
1575133, 1, 1
1575245, 0, 0
1575249, 2, 0
1575258, 1, 0
1575370, 0, bit 0
1575370, 0, 1
1575374, 2, 1
1575383, 1, 1
1575495, 0, 0
1575499, 2, bit 1
1575499, 2, 0
1575508, 1, 1
1575620, 0, 0
1575624, 2, 1
1575633, 1, 0
1575745, 0, 1
1575749, 2, 0
1575760, 1, 1
1575870, 0, 1
1575874, 2, 1
1575884, 1, 0
1575995, 0, 0
1575999, 2, 1
1576009, 1, 0
1576120, 0, 0
1576124, 2, 0
1576134, 1, 1
1576245, 0, 1
1576249, 2, 0
1576259, 1, bit 1
1576259, 1, 1
1576370, 0, 1
1576374, 2, 1
1576384, 1, 0
1576495, 0, 0
1576499, 2, 0
1576509, 1, 0
1576620, 0, 0
1576624, 2, 1
1576634, 1, 1
1576745, 0, 1
1576749, 2, 1
1576759, 1, 1
1576870, 0, 0
1576875, 2, 0
1576884, 1, 0
1576995, 0, 1
1577000, 2, 0
1577009, 1, 1
1577120, 0, bit 0
1577123, 0, 1
1577125, 2, 1
1577134, 1, 0
1577245, 0, 0
1577250, 2, bit 0
1577250, 2, 1
1577259, 1, 0
1577370, 0, 0
1577375, 2, 0
1577384, 1, 1
1577495, 0, 1
1577500, 2, 1
1577509, 1, 0
1577620, 0, 1
1577625, 2, 0
1577634, 1, 1
1577745, 0, 0
1577750, 2, 0
1577759, 1, 1
1577870, 0, 0
1577875, 2, 1
1577884, 1, 0
1577995, 0, 1
1578000, 2, 1
1578009, 1, bit 1
1578009, 1, 1
1578120, 0, 1
1578125, 2, 0
1578134, 1, 0
1578245, 0, 0
1578250, 2, 1
1578259, 1, 0
1578370, 0, 0
1578375, 2, 0
1578384, 1, 1
1578496, 0, 1
1578500, 2, 0
1578509, 1, 1
1578621, 0, 0
1578625, 2, 1
1578634, 1, 0
1578746, 0, 1
1578750, 2, 1
1578759, 1, 1
1578871, 0, bit 0
1578871, 0, 1
1578875, 2, 0
1578884, 1, 0
1578996, 0, 0
1579000, 2, bit 1
1579000, 2, 0
1579009, 1, 0
1579121, 0, 0
1579125, 2, 1
1579134, 1, 1
1579246, 0, 1
1579250, 2, 0
1579259, 1, 0
1579371, 0, 1
1579375, 2, 1
1579384, 1, 1
1579496, 0, 0
1579500, 2, 1
1579509, 1, 1
1579621, 0, 0
1579625, 2, 0
1579634, 1, 0
1579746, 0, 1
1579750, 2, 0
1579759, 1, bit 1
1579759, 1, 1
1579871, 0, 1
1579875, 2, 1
1579884, 1, 0
1579996, 0, 0
1580000, 2, 0
1580009, 1, 0
1580121, 0, 0
1580125, 2, 1
1580134, 1, 1
1580246, 0, 1
1580250, 2, 1
1580259, 1, 1
1580371, 0, 0
1580375, 2, 0
1580384, 1, 0
1580496, 0, 1
1580500, 2, 0
1580509, 1, 1
1580621, 0, bit 0
1580621, 0, 1
1580625, 2, 1
1580634, 1, 0
1580746, 0, 0
1580750, 2, bit 1
1580750, 2, 0
1580759, 1, 0
1580871, 0, 0
1580875, 2, 1
1580884, 1, 1
1580996, 0, 1
1581000, 2, 0
1581009, 1, 0
1581121, 0, 1
1581125, 2, 1
1581134, 1, 1
1581246, 0, 0
1581250, 2, 1
1581259, 1, 1
1581371, 0, 0
1581375, 2, 0
1581384, 1, 0
1581496, 0, 1
1581500, 2, 0
1581509, 1, bit 1
1581509, 1, 1
1581621, 0, 1
1581625, 2, 1
1581634, 1, 0
1581746, 0, 0
1581750, 2, 0
1581759, 1, 0
1581871, 0, 0
1581875, 2, 1
1581884, 1, 1
1581996, 0, 1
1582000, 2, 1
1582009, 1, 1
1582121, 0, 0
1582125, 2, 0
1582134, 1, 0
1582246, 0, 1
1582251, 2, 0
1582259, 1, 1
1582371, 0, bit 1
1582374, 0, 0
1582376, 2, 1
1582384, 1, 0
1582496, 0, 1
1582501, 2, bit 1
1582501, 2, 0
1582509, 1, 0
1582621, 0, 1
1582626, 2, 1
1582635, 1, 1
1582746, 0, 0
1582751, 2, 0
1582760, 1, 0
1582871, 0, 0
1582876, 2, 1
1582885, 1, 1
1582996, 0, 1
1583001, 2, 1
1583010, 1, 1
1583121, 0, 1
1583126, 2, 0
1583135, 1, 0
1583246, 0, 0
1583251, 2, 0
1583260, 1, bit 0
1583260, 1, 0
1583371, 0, 0
1583376, 2, 1
1583385, 1, 1
1583496, 0, 1
1583501, 2, 0
1583510, 1, 1
1583621, 0, 1
1583626, 2, 1
1583635, 1, 0
1583746, 0, 0
1583751, 2, 1
1583760, 1, 0
1583872, 0, 1
1583876, 2, 0
1583885, 1, 1
1583997, 0, 0
1584001, 2, 0
1584010, 1, 0
1584122, 0, bit 0
1584122, 0, 1
1584126, 2, 1
1584135, 1, 1
1584247, 0, 0
1584251, 2, bit 0
1584251, 2, 1
1584260, 1, 1
1584372, 0, 0
1584376, 2, 0
1584385, 1, 0
1584497, 0, 1
1584501, 2, 1
1584510, 1, 1
1584622, 0, 1
1584626, 2, 0
1584635, 1, 0
1584747, 0, 0
1584751, 2, 0
1584760, 1, 0
1584872, 0, 0
1584876, 2, 1
1584885, 1, 1
1584997, 0, 1
1585001, 2, 1
1585010, 1, bit 0
1585010, 1, 0
1585122, 0, 1
1585126, 2, 0
1585135, 1, 1
1585247, 0, 0
1585251, 2, 1
1585260, 1, 1
1585372, 0, 0
1585376, 2, 0
1585385, 1, 0
1585497, 0, 1
1585501, 2, 0
1585510, 1, 0
1585622, 0, 0
1585626, 2, 1
1585635, 1, 1
1585747, 0, 1
1585751, 2, 1
1585760, 1, 0
1585872, 0, bit 1
1585872, 0, 0
1585876, 2, 0
1585885, 1, 1
1585997, 0, 1
1586001, 2, bit 1
1586001, 2, 0
1586010, 1, 1
1586122, 0, 1
1586126, 2, 1
1586135, 1, 0
1586247, 0, 0
1586251, 2, 0
1586260, 1, 1
1586372, 0, 0
1586376, 2, 1
1586385, 1, 0
1586497, 0, 1
1586501, 2, 1
1586510, 1, 0
1586622, 0, 1
1586626, 2, 0
1586635, 1, 1
1586747, 0, 0
1586751, 2, 0
1586760, 1, bit 1
1586760, 1, 1
1586872, 0, 0
1586876, 2, 1
1586885, 1, 0
1586997, 0, 1
1587001, 2, 0
1587010, 1, 0
1587122, 0, 1
1587126, 2, 1
1587135, 1, 1
1587247, 0, 0
1587251, 2, 1
1587260, 1, 1
1587372, 0, 1
1587376, 2, 0
1587385, 1, 0
1587497, 0, 0
1587501, 2, 0
1587510, 1, 1
1587622, 0, bit 1
1587622, 0, 0
1587627, 2, 1
1587635, 1, 0
1587747, 0, 1
1587752, 2, bit 1
1587752, 2, 0
1587760, 1, 0
1587872, 0, 1
1587877, 2, 1
1587885, 1, 1
1587997, 0, 0
1588002, 2, 0
1588011, 1, 0
1588122, 0, 0
1588127, 2, 1
1588136, 1, 1
1588247, 0, 1
1588252, 2, 1
1588261, 1, 1
1588372, 0, 1
1588377, 2, 0
1588386, 1, 0
1588497, 0, 0
1588502, 2, 0
1588511, 1, bit 0
1588511, 1, 0
1588622, 0, 0
1588627, 2, 1
1588636, 1, 1
1588747, 0, 1
1588752, 2, 0
1588761, 1, 1
1588872, 0, 1
1588877, 2, 1
1588886, 1, 0
1588997, 0, 0
1589002, 2, 1
1589011, 1, 0
1589122, 0, 1
1589127, 2, 0
1589136, 1, 1
1589248, 0, 0
1589252, 2, 0
1589261, 1, 0
1589373, 0, bit 1
1589373, 0, 0
1589377, 2, 1
1589386, 1, 1
1589498, 0, 1
1589502, 2, bit 0
1589502, 2, 1
1589511, 1, 1
1589623, 0, 1
1589627, 2, 0
1589636, 1, 0
1589748, 0, 0
1589752, 2, 1
1589761, 1, 1
1589873, 0, 0
1589877, 2, 0
1589886, 1, 0
1589998, 0, 1
1590002, 2, 0
1590011, 1, 0
1590123, 0, 1
1590127, 2, 1
1590136, 1, 1
1590248, 0, 0
1590252, 2, 1
1590261, 1, bit 1
1590261, 1, 1
1590373, 0, 0
1590377, 2, 0
1590386, 1, 0
1590498, 0, 1
1590502, 2, 1
1590511, 1, 0
1590623, 0, 1
1590627, 2, 0
1590636, 1, 1
1590748, 0, 0
1590752, 2, 0
1590761, 1, 1
1590873, 0, 1
1590877, 2, 1
1590886, 1, 0
1590998, 0, 0
1591002, 2, 1
1591011, 1, 1
1591123, 0, bit 1
1591123, 0, 0
1591127, 2, 0
1591136, 1, 0
1591248, 0, 1
1591252, 2, bit 1
1591252, 2, 0
1591261, 1, 0
1591373, 0, 1
1591377, 2, 1
1591386, 1, 1
1591498, 0, 0
1591502, 2, 0
1591511, 1, 0
1591623, 0, 0
1591627, 2, 1
1591636, 1, 1
1591748, 0, 1
1591752, 2, 1
1591761, 1, 1
1591873, 0, 1
1591877, 2, 0
1591886, 1, 0
1591998, 0, 0
1592002, 2, 0
1592011, 1, bit 0
1592011, 1, 0
1592123, 0, 0
1592127, 2, 1
1592136, 1, 1
1592248, 0, 1
1592252, 2, 0
1592261, 1, 1
1592373, 0, 1
1592377, 2, 1
1592386, 1, 0
1592498, 0, 0
1592502, 2, 1
1592511, 1, 0
1592623, 0, 1
1592627, 2, 0
1592636, 1, 1
1592748, 0, 0
1592752, 2, 0
1592761, 1, 0
1592873, 0, bit 1
1592873, 0, 0
1592877, 2, 1
1592886, 1, 1
1592998, 0, 1
1593003, 2, bit 0
1593003, 2, 1
1593011, 1, 1
1593123, 0, 1
1593128, 2, 0
1593136, 1, 0
1593248, 0, 0
1593253, 2, 1
1593261, 1, 1
1593373, 0, 0
1593378, 2, 0
1593387, 1, 0
1593498, 0, 1
1593503, 2, 0
1593512, 1, 0
1593623, 0, 1
1593628, 2, 1
1593637, 1, 1
1593748, 0, 0
1593753, 2, 1
1593762, 1, bit 1
1593762, 1, 1
1593873, 0, 0
1593878, 2, 0
1593887, 1, 0
1593998, 0, 1
1594003, 2, 1
1594012, 1, 0
1594123, 0, 1
1594128, 2, 0
1594137, 1, 1
1594248, 0, 0
1594253, 2, 0
1594262, 1, 1
1594373, 0, 1
1594378, 2, 1
1594387, 1, 0
1594498, 0, 0
1594503, 2, 1
1594512, 1, 1
1594624, 0, bit 1
1594624, 0, 0
1594628, 2, 0
1594637, 1, 0
1594749, 0, 1
1594753, 2, bit 1
1594753, 2, 0
1594762, 1, 0
1594874, 0, 1
1594878, 2, 1
1594887, 1, 1
1594999, 0, 0
1595003, 2, 0
1595012, 1, 0
1595124, 0, 0
1595128, 2, 1
1595137, 1, 1
1595249, 0, 1
1595253, 2, 1
1595262, 1, 1
1595374, 0, 1
1595378, 2, 0
1595387, 1, 0
1595499, 0, 0
1595503, 2, 0
1595512, 1, bit 0
1595512, 1, 0
1595624, 0, 0
1595628, 2, 1
1595637, 1, 1
1595749, 0, 1
1595753, 2, 0
1595762, 1, 1
1595874, 0, 1
1595878, 2, 1
1595887, 1, 0
1595999, 0, 0
1596003, 2, 1
1596012, 1, 0
1596124, 0, 1
1596128, 2, 0
1596137, 1, 1
1596249, 0, 0
1596253, 2, 0
1596262, 1, 0
1596374, 0, bit 1
1596374, 0, 0
1596378, 2, 1
1596387, 1, 1
1596499, 0, 1
1596503, 2, bit 0
1596503, 2, 1
1596512, 1, 1
1596624, 0, 1
1596628, 2, 0
1596637, 1, 0
1596749, 0, 0
1596753, 2, 1
1596762, 1, 1
1596874, 0, 0
1596878, 2, 0
1596887, 1, 0
1596999, 0, 1
1597003, 2, 0
1597012, 1, 0
1597124, 0, 1
1597128, 2, 1
1597137, 1, 1
1597249, 0, 0
1597253, 2, 1
1597262, 1, bit 1
1597262, 1, 1
1597374, 0, 0
1597378, 2, 0
1597387, 1, 0
1597499, 0, 1
1597503, 2, 1
1597512, 1, 0
1597624, 0, 1
1597628, 2, 0
1597637, 1, 1
1597749, 0, 0
1597753, 2, 0
1597762, 1, 1
1597874, 0, 1
1597878, 2, 1
1597887, 1, 0
1597999, 0, 0
1598003, 2, 1
1598012, 1, 1
1598124, 0, bit 1
1598124, 0, 0
1598128, 2, 0
1598137, 1, 0
1598249, 0, 1
1598253, 2, bit 1
1598253, 2, 0
1598262, 1, 0
1598374, 0, 1
1598379, 2, 1
1598387, 1, 1
1598499, 0, 0
1598504, 2, 0
1598512, 1, 0
1598624, 0, 0
1598629, 2, 1
1598637, 1, 1
1598749, 0, 1
1598754, 2, 1
1598763, 1, 1
1598874, 0, 1
1598879, 2, 0
1598888, 1, 0
1598999, 0, 0
1599004, 2, 0
1599013, 1, bit 1
1599013, 1, 1
1599124, 0, 0
1599129, 2, 1
1599138, 1, 0
1599249, 0, 1
1599254, 2, 0
1599263, 1, 0
1599374, 0, 1
1599379, 2, 1
1599388, 1, 1
1599499, 0, 0
1599504, 2, 1
1599513, 1, 1
1599624, 0, 1
1599629, 2, 0
1599638, 1, 0
1599749, 0, 0
1599754, 2, 0
1599763, 1, 1
1599874, 0, bit 0
1599874, 0, 1
1599879, 2, 1
1599888, 1, 0
1600000, 0, 0
1600004, 2, bit 1
1600004, 2, 0
1600013, 1, 0
1600125, 0, 0
1600129, 2, 1
1600138, 1, 1
1600250, 0, 1
1600254, 2, 0
1600263, 1, 0
1600375, 0, 1
1600379, 2, 1
1600388, 1, 1
1600500, 0, 0
1600504, 2, 1
1600513, 1, 1
1600625, 0, 0
1600629, 2, 0
1600638, 1, 0
1600750, 0, 1
1600754, 2, 0
1600763, 1, bit 1
1600763, 1, 1
1600875, 0, 1
1600879, 2, 1
1600888, 1, 0
1601000, 0, 0
1601004, 2, 0
1601013, 1, 0
1601125, 0, 0
1601129, 2, 1
1601138, 1, 1
1601250, 0, 1
1601254, 2, 1
1601263, 1, 1
1601375, 0, 0
1601379, 2, 0
1601388, 1, 0
1601500, 0, 1
1601504, 2, 0
1601513, 1, 1
1601625, 0, bit 0
1601625, 0, 1
1601629, 2, 1
1601638, 1, 0
1601750, 0, 0
1601754, 2, bit 1
1601754, 2, 0
1601763, 1, 0
1601875, 0, 0
1601879, 2, 1
1601888, 1, 1
1602000, 0, 1
1602004, 2, 0
1602013, 1, 0
1602125, 0, 1
1602129, 2, 1
1602138, 1, 1
1602250, 0, 0
1602254, 2, 1
1602263, 1, 1
1602375, 0, 0
1602379, 2, 0
1602388, 1, 0
1602500, 0, 1
1602504, 2, 0
1602513, 1, bit 1
1602513, 1, 1
1602625, 0, 1
1602629, 2, 1
1602638, 1, 0
1602750, 0, 0
1602754, 2, 0
1602763, 1, 0
1602875, 0, 0
1602879, 2, 1
1602888, 1, 1
1603000, 0, 1
1603004, 2, 1
1603013, 1, 1
1603125, 0, 0
1603129, 2, 0
1603138, 1, 0
1603250, 0, 1
1603254, 2, 0
1603263, 1, 1
1603375, 0, bit 1
1603375, 0, 0
1603379, 2, 1
1603388, 1, 0
1603500, 0, 1
1603504, 2, bit 1
1603504, 2, 0
1603513, 1, 0
1603625, 0, 1
1603629, 2, 1
1603638, 1, 1
1603750, 0, 0
1603755, 2, 0
1603763, 1, 0
1603875, 0, 0
1603880, 2, 1
1603888, 1, 1
1604000, 0, 1
1604005, 2, 1
1604013, 1, 1
1604125, 0, 1
1604130, 2, 0
1604139, 1, 0
1604250, 0, 0
1604255, 2, 0
1604264, 1, bit 1
1604264, 1, 1
1604375, 0, 0
1604380, 2, 1
1604389, 1, 0
1604500, 0, 1
1604505, 2, 0
1604514, 1, 0
1604625, 0, 1
1604630, 2, 1
1604639, 1, 1
1604750, 0, 0
1604755, 2, 1
1604764, 1, 1
1604875, 0, 1
1604880, 2, 0
1604889, 1, 0
1605000, 0, 0
1605005, 2, 0
1605014, 1, 1
1605125, 0, bit 1
1605125, 0, 0
1605130, 2, 1
1605139, 1, 0
1605250, 0, 1
1605255, 2, bit 0
1605255, 2, 1
1605264, 1, 0
1605376, 0, 1
1605380, 2, 0
1605389, 1, 1
1605501, 0, 0
1605505, 2, 1
1605514, 1, 0
1605626, 0, 0
1605630, 2, 0
1605639, 1, 1
1605751, 0, 1
1605755, 2, 0
1605764, 1, 1
1605876, 0, 1
1605880, 2, 1
1605889, 1, 0
1606001, 0, 0
1606005, 2, 1
1606014, 1, bit 0
1606014, 1, 0
1606126, 0, 0
1606130, 2, 0
1606139, 1, 1
1606251, 0, 1
1606255, 2, 1
1606264, 1, 1
1606376, 0, 1
1606380, 2, 0
1606389, 1, 0
1606501, 0, 0
1606505, 2, 0
1606514, 1, 0
1606626, 0, 1
1606630, 2, 1
1606639, 1, 1
1606751, 0, 0
1606755, 2, 1
1606764, 1, 0
1606876, 0, bit 1
1606876, 0, 0
1606880, 2, 0
1606889, 1, 1
1607001, 0, 1
1607005, 2, bit 0
1607005, 2, 1
1607014, 1, 1
1607126, 0, 1
1607130, 2, 0
1607139, 1, 0
1607251, 0, 0
1607255, 2, 1
1607264, 1, 1
1607376, 0, 0
1607380, 2, 0
1607389, 1, 0
1607501, 0, 1
1607505, 2, 0
1607514, 1, 0
1607626, 0, 1
1607630, 2, 1
1607639, 1, 1
1607751, 0, 0
1607755, 2, 1
1607764, 1, bit 1
1607764, 1, 1
1607876, 0, 0
1607880, 2, 0
1607889, 1, 0
1608001, 0, 1
1608005, 2, 1
1608014, 1, 0
1608126, 0, 1
1608130, 2, 0
1608139, 1, 1
1608251, 0, 0
1608255, 2, 0
1608264, 1, 1
1608376, 0, 1
1608380, 2, 1
1608389, 1, 0
1608501, 0, 0
1608505, 2, 1
1608514, 1, 1
1608626, 0, bit 1
1608626, 0, 0
1608630, 2, 0
1608639, 1, 0
1608751, 0, 1
1608755, 2, bit 1
1608755, 2, 0
1608764, 1, 0
1608876, 0, 1
1608880, 2, 1
1608889, 1, 1
1609001, 0, 0
1609005, 2, 0
1609014, 1, 0
1609126, 0, 0
1609131, 2, 1
1609139, 1, 1
1609251, 0, 1
1609256, 2, 1
1609264, 1, 1
1609376, 0, 1
1609381, 2, 0
1609389, 1, 0
1609501, 0, 0
1609506, 2, 0
1609515, 1, bit 1
1609515, 1, 1
1609626, 0, 0
1609631, 2, 1
1609640, 1, 0
1609751, 0, 1
1609756, 2, 0
1609765, 1, 0
1609876, 0, 1
1609881, 2, 1
1609890, 1, 1
1610001, 0, 0
1610006, 2, 1
1610015, 1, 1
1610126, 0, 1
1610131, 2, 0
1610140, 1, 0
1610251, 0, 0
1610256, 2, 0
1610265, 1, 1
1610376, 0, bit 1
1610376, 0, 0
1610381, 2, 1
1610390, 1, 0
1610501, 0, 1
1610506, 2, bit 0
1610506, 2, 1
1610515, 1, 0
1610626, 0, 1
1610631, 2, 0
1610640, 1, 1
1610752, 0, 0
1610756, 2, 1
1610765, 1, 0
1610877, 0, 0
1610881, 2, 0
1610890, 1, 1
1611002, 0, 1
1611006, 2, 0
1611015, 1, 1
1611127, 0, 1
1611131, 2, 1
1611140, 1, 0
1611252, 0, 0
1611256, 2, 1
1611265, 1, bit 1
1611265, 1, 1
1611377, 0, 0
1611381, 2, 0
1611390, 1, 0
1611502, 0, 1
1611506, 2, 1
1611515, 1, 0
1611627, 0, 1
1611631, 2, 0
1611640, 1, 1
1611752, 0, 0
1611756, 2, 0
1611765, 1, 1
1611877, 0, 1
1611881, 2, 1
1611890, 1, 0
1612002, 0, 0
1612006, 2, 1
1612015, 1, 1
1612127, 0, bit 0
1612127, 0, 1
1612131, 2, 0
1612140, 1, 0
1612252, 0, 0
1612256, 2, bit 0
1612259, 2, 1
1612265, 1, 0
1612377, 0, 0
1612381, 2, 0
1612390, 1, 1
1612502, 0, 1
1612506, 2, 1
1612515, 1, 0
1612627, 0, 1
1612631, 2, 0
1612640, 1, 1
1612752, 0, 0
1612756, 2, 0
1612765, 1, 1
1612877, 0, 0
1612881, 2, 1
1612890, 1, 0
1613002, 0, 1
1613006, 2, 1
1613015, 1, bit 1
1613015, 1, 1
1613127, 0, 1
1613131, 2, 0
1613140, 1, 0
1613252, 0, 0
1613256, 2, 1
1613265, 1, 0
1613377, 0, 0
1613381, 2, 0
1613390, 1, 1
1613502, 0, 1
1613506, 2, 0
1613515, 1, 1
1613627, 0, 0
1613631, 2, 1
1613640, 1, 0
1613752, 0, 1
1613756, 2, 1
1613765, 1, 1
1613877, 0, bit 0
1613877, 0, 1
1613881, 2, 0
1613890, 1, 0
1614002, 0, 0
1614006, 2, bit 0
1614006, 2, 1
1614015, 1, 0
1614127, 0, 0
1614131, 2, 0
1614140, 1, 1
1614252, 0, 1
1614256, 2, 1
1614265, 1, 0
1614377, 0, 1
1614381, 2, 0
1614390, 1, 1
1614502, 0, 0
1614507, 2, 0
1614515, 1, 1
1614627, 0, 0
1614632, 2, 1
1614640, 1, 0
1614752, 0, 1
1614757, 2, 1
1614765, 1, bit 0
1614765, 1, 0
1614877, 0, 1
1614882, 2, 0
1614891, 1, 1
1615002, 0, 0
1615007, 2, 1
1615016, 1, 1
1615127, 0, 0
1615132, 2, 0
1615141, 1, 0
1615252, 0, 1
1615257, 2, 0
1615266, 1, 0
1615377, 0, 0
1615382, 2, 1
1615391, 1, 1
1615502, 0, 1
1615507, 2, 1
1615516, 1, 0
1615627, 0, bit 1
1615627, 0, 0
1615632, 2, 0
1615641, 1, 1
1615752, 0, 1
1615757, 2, bit 0
1615757, 2, 1
1615766, 1, 1
1615877, 0, 1
1615882, 2, 0
1615891, 1, 0
1616002, 0, 0
1616007, 2, 1
1616016, 1, 1
1616128, 0, 0
1616132, 2, 0
1616141, 1, 0
1616253, 0, 1
1616257, 2, 0
1616266, 1, 0
1616378, 0, 1
1616382, 2, 1
1616391, 1, 1
1616503, 0, 0
1616507, 2, 1
1616516, 1, bit 1
1616516, 1, 1
1616628, 0, 0
1616632, 2, 0
1616641, 1, 0
1616753, 0, 1
1616757, 2, 1
1616766, 1, 0
1616878, 0, 1
1616882, 2, 0
1616891, 1, 1
1617003, 0, 0
1617007, 2, 0
1617016, 1, 1
1617128, 0, 1
1617132, 2, 1
1617141, 1, 0
1617253, 0, 0
1617257, 2, 1
1617266, 1, 1
1617378, 0, bit 0
1617378, 0, 1
1617382, 2, 0
1617391, 1, 0
1617503, 0, 0
1617507, 2, bit 1
1617517, 2, 0
1617518, 1, 0
1617628, 0, 0
1617632, 2, 1
1617643, 1, 1
1617753, 0, 1
1617757, 2, 0
1617768, 1, 0
1617878, 0, 1
1617882, 2, 1
1617893, 1, 1
1618003, 0, 0
1618007, 2, 1
1618018, 1, 1
1618128, 0, 0
1618132, 2, 0
1618143, 1, 0
1618253, 0, 1
1618257, 2, 0
1618268, 1, bit 1
1618268, 1, 1
1618378, 0, 1
1618382, 2, 1
1618393, 1, 0
1618503, 0, 0
1618507, 2, 0
1618518, 1, 0
1618628, 0, 0
1618632, 2, 1
1618643, 1, 1
1618753, 0, 1
1618757, 2, 1
1618768, 1, 1
1618878, 0, 0
1618882, 2, 0
1618893, 1, 0
1619003, 0, 1
1619007, 2, 0
1619018, 1, 1
1619128, 0, bit 0
1619128, 0, 1
1619132, 2, 1
1619143, 1, 0
1619253, 0, 0
1619257, 2, bit 0
1619257, 2, 1
1619268, 1, 0
1619378, 0, 0
1619382, 2, 0
1619393, 1, 1
1619503, 0, 1
1619507, 2, 1
1619518, 1, 0
1619628, 0, 1
1619632, 2, 0
1619643, 1, 1
1619753, 0, 0
1619757, 2, 0
1619768, 1, 1
1619878, 0, 0
1619883, 2, 1
1619893, 1, 0
1620003, 0, 1
1620008, 2, 1
1620018, 1, bit 1
1620018, 1, 1
1620128, 0, 1
1620133, 2, 0
1620143, 1, 0
1620253, 0, 0
1620258, 2, 1
1620268, 1, 0
1620378, 0, 0
1620383, 2, 0
1620393, 1, 1
1620503, 0, 1
1620508, 2, 0
1620518, 1, 1
1620628, 0, 0
1620633, 2, 1
1620643, 1, 0
1620753, 0, 1
1620758, 2, 1
1620768, 1, 1
1620878, 0, bit 1
1620878, 0, 0
1620883, 2, 0
1620893, 1, 0
1621003, 0, 1
1621008, 2, bit 0
1621008, 2, 1
1621018, 1, 0
1621128, 0, 1
1621133, 2, 0
1621143, 1, 1
1621253, 0, 0
1621258, 2, 1
1621268, 1, 0
1621378, 0, 0
1621383, 2, 0
1621393, 1, 1
1621504, 0, 1
1621508, 2, 0
1621518, 1, 1
1621629, 0, 1
1621633, 2, 1
1621643, 1, 0
1621754, 0, 0
1621758, 2, 1
1621768, 1, bit 1
1621768, 1, 1
1621879, 0, 0
1621883, 2, 0
1621893, 1, 0
1622004, 0, 1
1622008, 2, 1
1622018, 1, 0
1622129, 0, 1
1622133, 2, 0
1622144, 1, 1
1622254, 0, 0
1622258, 2, 0
1622269, 1, 1
1622379, 0, 1
1622383, 2, 1
1622394, 1, 0
1622504, 0, 0
1622508, 2, 1
1622519, 1, 1
1622633, 2, 0
1622644, 1, 0
1622758, 2, bit 1
1622758, 2, 0
1622769, 1, 0
1622883, 2, 1
1622894, 1, 1
1623008, 2, 0
1623019, 1, 0
1623133, 2, 1
1623144, 1, 1
1623258, 2, 1
1623269, 1, 1
1623383, 2, 0
1623394, 1, 0
1623508, 2, 0
1623519, 1, bit 1
1623519, 1, 1
1623633, 2, 1
1623644, 1, 0
1623758, 2, 0
1623769, 1, 0
1623883, 2, 1
1623894, 1, 1
1624008, 2, 1
1624019, 1, 1
1624133, 2, 0
1624144, 1, 0
1624258, 2, 0
1624269, 1, 1
1624383, 2, 1
1624394, 1, 0
1624508, 2, bit 1
1624508, 2, 0
1624519, 1, 0
1624633, 2, 1
1624644, 1, 1
1624758, 2, 0
1624769, 1, 0
1624883, 2, 1
1624894, 1, 1
1625008, 2, 1
1625019, 1, 1
1625133, 2, 0
1625144, 1, 0
1625259, 2, 0
1625269, 1, bit 0
1625269, 1, 0
1625384, 2, 1
1625394, 1, 1
1625509, 2, 0
1625519, 1, 1
1625634, 2, 1
1625644, 1, 0
1625759, 2, 1
1625769, 1, 0
1625884, 2, 0
1625894, 1, 1
1626009, 2, 0
1626019, 1, 0
1626134, 2, 1
1626144, 1, 1
1626259, 2, bit 1
1626259, 2, 0
1626269, 1, 1
1626384, 2, 1
1626394, 1, 0
1626509, 2, 0
1626519, 1, 1
1626634, 2, 1
1626644, 1, 0
1626759, 2, 1
1626769, 1, 0
1626884, 2, 0
1626894, 1, 1
1627009, 2, 0
1627019, 1, bit 0
1627019, 1, 0
1627134, 2, 1
1627144, 1, 1
1627259, 2, 0
1627269, 1, 1
1627384, 2, 1
1627394, 1, 0
1627509, 2, 1
1627520, 1, 0
1627634, 2, 0
1627645, 1, 1
1627759, 2, 0
1627770, 1, 0
1627884, 2, 1
1627895, 1, 1
1628009, 2, bit 0
1628009, 2, 1
1628020, 1, 1
1628134, 2, 0
1628145, 1, 0
1628259, 2, 1
1628270, 1, 1
1628384, 2, 0
1628395, 1, 0
1628509, 2, 0
1628520, 1, 0
1628634, 2, 1
1628645, 1, 1
1628759, 2, 1
1628770, 1, bit 0
1628770, 1, 0
1628884, 2, 0
1628895, 1, 1
1629009, 2, 1
1629020, 1, 1
1629134, 2, 0
1629145, 1, 0
1629259, 2, 0
1629270, 1, 0
1629384, 2, 1
1629395, 1, 1
1629509, 2, 1
1629520, 1, 0
1629634, 2, 0
1629645, 1, 1
1629759, 2, bit 0
1629759, 2, 1
1629770, 1, 1
1629884, 2, 0
1629895, 1, 0
1630009, 2, 1
1630020, 1, 1
1630134, 2, 0
1630145, 1, 0
1630259, 2, 0
1630270, 1, 0
1630384, 2, 1
1630395, 1, 1
1630509, 2, 1
1630520, 1, bit 0
1630520, 1, 0
1630635, 2, 0
1630645, 1, 1
1630760, 2, 1
1630770, 1, 1
1630885, 2, 0
1630895, 1, 0
1631010, 2, 0
1631020, 1, 0
1631135, 2, 1
1631145, 1, 1
1631260, 2, 1
1631270, 1, 0
1631385, 2, 0
1631395, 1, 1
1631510, 2, bit 0
1631510, 2, 1
1631520, 1, 1
1631635, 2, 0
1631645, 1, 0
1631760, 2, 1
1631770, 1, 1
1631885, 2, 0
1631895, 1, 0
1632010, 2, 0
1632020, 1, 0
1632135, 2, 1
1632145, 1, 1
1632260, 2, 1
1632270, 1, bit 0
1632270, 1, 0
1632385, 2, 0
1632395, 1, 1
1632510, 2, 1
1632520, 1, 1
1632635, 2, 0
1632645, 1, 0
1632760, 2, 0
1632770, 1, 0
1632885, 2, 1
1632896, 1, 1
1633010, 2, 1
1633021, 1, 0
1633135, 2, 0
1633146, 1, 1
1633260, 2, bit 1
1633260, 2, 0
1633271, 1, 1
1633385, 2, 1
1633396, 1, 0
1633510, 2, 0
1633521, 1, 1
1633635, 2, 1
1633646, 1, 0
1633760, 2, 1
1633771, 1, 0
1633885, 2, 0
1633896, 1, 1
1634010, 2, 0
1634021, 1, bit 0
1634021, 1, 0
1634135, 2, 1
1634146, 1, 1
1634260, 2, 0
1634271, 1, 1
1634385, 2, 1
1634396, 1, 0
1634510, 2, 1
1634521, 1, 0
1634635, 2, 0
1634646, 1, 1
1634760, 2, 0
1634771, 1, 0
1634885, 2, 1
1634896, 1, 1
1635010, 2, bit 1
1635010, 2, 0
1635021, 1, 1
1635135, 2, 1
1635146, 1, 0
1635260, 2, 0
1635271, 1, 1
1635385, 2, 1
1635396, 1, 0
1635510, 2, 1
1635521, 1, 0
1635635, 2, 0
1635646, 1, 1
1635760, 2, 0
1635771, 1, bit 0
1635771, 1, 0
1635885, 2, 1
1635896, 1, 1
1636011, 2, 0
1636021, 1, 1
1636136, 2, 1
1636146, 1, 0
1636261, 2, 1
1636271, 1, 0
1636386, 2, 0
1636396, 1, 1
1636511, 2, 0
1636521, 1, 0
1636636, 2, 1
1636646, 1, 1
1636761, 2, bit 1
1636761, 2, 0
1636771, 1, 1
1636886, 2, 1
1636896, 1, 0
1637011, 2, 0
1637021, 1, 1
1637136, 2, 1
1637146, 1, 0
1637261, 2, 1
1637271, 1, 0
1637386, 2, 0
1637396, 1, 1
1637511, 2, 0
1637521, 1, bit 0
1637521, 1, 0
1637636, 2, 1
1637646, 1, 1
1637761, 2, 0
1637771, 1, 1
1637886, 2, 1
1637896, 1, 0
1638011, 2, 1
1638021, 1, 0
1638136, 2, 0
1638146, 1, 1
1638261, 2, 0
1638272, 1, 0
1638386, 2, 1
1638397, 1, 1
1638511, 2, bit 0
1638514, 2, 1
1638522, 1, 1
1638636, 2, 0
1638647, 1, 0
1638761, 2, 1
1638772, 1, 1
1638886, 2, 0
1638897, 1, 0
1639011, 2, 0
1639022, 1, 0
1639136, 2, 1
1639147, 1, 1
1639261, 2, 1
1639272, 1, bit 1
1639272, 1, 1
1639386, 2, 0
1639397, 1, 0
1639511, 2, 1
1639522, 1, 0
1639636, 2, 0
1639647, 1, 1
1639761, 2, 0
1639772, 1, 1
1639886, 2, 1
1639897, 1, 0
1640011, 2, 1
1640022, 1, 1
1640136, 2, 0
1640147, 1, 0
1640261, 2, bit 0
1640261, 2, 1
1640272, 1, 0
1640386, 2, 0
1640397, 1, 1
1640511, 2, 1
1640522, 1, 0
1640636, 2, 0
1640647, 1, 1
1640761, 2, 0
1640772, 1, 1
1640886, 2, 1
1640897, 1, 0
1641011, 2, 1
1641022, 1, bit 1
1641022, 1, 1
1641136, 2, 0
1641147, 1, 0
1641261, 2, 1
1641272, 1, 0
1641387, 2, 0
1641397, 1, 1
1641512, 2, 0
1641522, 1, 1
1641637, 2, 1
1641647, 1, 0
1641762, 2, 1
1641772, 1, 1
1641887, 2, 0
1641897, 1, 0
1642012, 2, bit 1
1642012, 2, 0
1642022, 1, 0
1642137, 2, 1
1642147, 1, 1
1642262, 2, 0
1642272, 1, 0
1642387, 2, 1
1642397, 1, 1
1642512, 2, 1
1642522, 1, 1
1642637, 2, 0
1642647, 1, 0
1642762, 2, 0
1642772, 1, bit 0
1642772, 1, 0
1642887, 2, 1
1642897, 1, 1
1643012, 2, 0
1643022, 1, 1
1643137, 2, 1
1643147, 1, 0
1643262, 2, 1
1643272, 1, 0
1643387, 2, 0
1643397, 1, 1
1643512, 2, 0
1643522, 1, 0
1643637, 2, 1
1643648, 1, 1
1643762, 2, bit 1
1643762, 2, 0
1643773, 1, 1
1643887, 2, 1
1643898, 1, 0
1644012, 2, 0
1644023, 1, 1
1644137, 2, 1
1644148, 1, 0
1644262, 2, 1
1644273, 1, 0
1644387, 2, 0
1644398, 1, 1
1644512, 2, 0
1644523, 1, bit 1
1644523, 1, 1
1644637, 2, 1
1644648, 1, 0
1644762, 2, 0
1644773, 1, 0
1644887, 2, 1
1644898, 1, 1
1645012, 2, 1
1645023, 1, 1
1645137, 2, 0
1645148, 1, 0
1645262, 2, 0
1645273, 1, 1
1645387, 2, 1
1645398, 1, 0
1645512, 2, bit 0
1645512, 2, 1
1645523, 1, 0
1645637, 2, 0
1645648, 1, 1
1645762, 2, 1
1645773, 1, 0
1645887, 2, 0
1645898, 1, 1
1646012, 2, 0
1646023, 1, 1
1646137, 2, 1
1646148, 1, 0
1646262, 2, 1
1646273, 1, bit 0
1646276, 1, 0
1646387, 2, 0
1646398, 1, 1
1646512, 2, 1
1646523, 1, 1
1646637, 2, 0
1646648, 1, 0
1646763, 2, 0
1646773, 1, 0
1646888, 2, 1
1646898, 1, 1
1647013, 2, 1
1647023, 1, 0
1647138, 2, 0
1647148, 1, 1
1647263, 2, bit 1
1647263, 2, 0
1647273, 1, 1
1647388, 2, 1
1647398, 1, 0
1647513, 2, 0
1647523, 1, 1
1647638, 2, 1
1647648, 1, 0
1647763, 2, 1
1647773, 1, 0
1647888, 2, 0
1647898, 1, 1
1648013, 2, 0
1648023, 1, bit 0
1648023, 1, 0
1648138, 2, 1
1648148, 1, 1
1648263, 2, 0
1648273, 1, 1
1648388, 2, 1
1648398, 1, 0
1648513, 2, 1
1648523, 1, 0
1648638, 2, 0
1648648, 1, 1
1648763, 2, 0
1648773, 1, 0
1648888, 2, 1
1648898, 1, 1
1649013, 2, bit 1
1649013, 2, 0
1649024, 1, 1
1649138, 2, 1
1649149, 1, 0
1649263, 2, 0
1649274, 1, 1
1649388, 2, 1
1649399, 1, 0
1649513, 2, 1
1649524, 1, 0
1649638, 2, 0
1649649, 1, 1
1649763, 2, 0
1649774, 1, bit 0
1649774, 1, 0
1649888, 2, 1
1649899, 1, 1
1650013, 2, 0
1650024, 1, 1
1650138, 2, 1
1650149, 1, 0
1650263, 2, 1
1650274, 1, 0
1650388, 2, 0
1650399, 1, 1
1650513, 2, 0
1650524, 1, 0
1650638, 2, 1
1650649, 1, 1
1650763, 2, bit 1
1650763, 2, 0
1650774, 1, 1
1650888, 2, 1
1650899, 1, 0
1651013, 2, 0
1651024, 1, 1
1651138, 2, 1
1651149, 1, 0
1651263, 2, 1
1651274, 1, 0
1651388, 2, 0
1651399, 1, 1
1651513, 2, 0
1651524, 1, bit 0
1651524, 1, 0
1651638, 2, 1
1651649, 1, 1
1651763, 2, 0
1651774, 1, 1
1651888, 2, 1
1651899, 1, 0
1652013, 2, 1
1652024, 1, 0
1652139, 2, 0
1652149, 1, 1
1652264, 2, 0
1652274, 1, 0
1652389, 2, 1
1652399, 1, 1
1652514, 2, bit 0
1652514, 2, 1
1652524, 1, 1
1652639, 2, 0
1652649, 1, 0
1652764, 2, 1
1652774, 1, 1
1652889, 2, 0
1652899, 1, 0
1653014, 2, 0
1653024, 1, 0
1653139, 2, 1
1653149, 1, 1
1653264, 2, 1
1653389, 2, 0
1653514, 2, 1
1653639, 2, 0
1653764, 2, 0
1653889, 2, 1
1654014, 2, 1
1654139, 2, 0
1654264, 2, bit 1
1654264, 2, 0
1654389, 2, 1
1654514, 2, 0
1654639, 2, 1
1654764, 2, 1
1654889, 2, 0
1655014, 2, 0
1655139, 2, 1
1655264, 2, 0
1655389, 2, 1
1655514, 2, 1
1655639, 2, 0
1655764, 2, 0
1655889, 2, 1
1656014, 2, bit 0
1656014, 2, 1
1656139, 2, 0
1656264, 2, 1
1656389, 2, 0
1656514, 2, 0
1656639, 2, 1
1656764, 2, 1
1656889, 2, 0
1657014, 2, 1
1657139, 2, 0
1657264, 2, 0
1657389, 2, 1
1657515, 2, 1
1657640, 2, 0
1657765, 2, bit 1
1657765, 2, 0
1657890, 2, 1
1658015, 2, 0
1658140, 2, 1
1658265, 2, 1
1658390, 2, 0
1658515, 2, 0
1658640, 2, 1
1658765, 2, 0
1658890, 2, 1
1659015, 2, 1
1659140, 2, 0
1659265, 2, 0
1659390, 2, 1
1659515, 2, bit 1
1659515, 2, 0
1659640, 2, 1
1659765, 2, 0
1659890, 2, 1
1660015, 2, 1
1660140, 2, 0
1660265, 2, 0
1660390, 2, 1
1660515, 2, 0
1660640, 2, 1
1660765, 2, 1
1660890, 2, 0
1661015, 2, 0
1661140, 2, 1
1661265, 2, bit 1
1661265, 2, 0
1661390, 2, 1
1661515, 2, 0
1661640, 2, 1
1661765, 2, 1
1661890, 2, 0
1662015, 2, 0
1662140, 2, 1
1662265, 2, 0
1662390, 2, 1
1662515, 2, 1
1662640, 2, 0
1662765, 2, 0
1662891, 2, 1
1663016, 2, bit 1
1663020, 2, 0
1663141, 2, 1
1663266, 2, 0
1663391, 2, 1
1663516, 2, 1
1663641, 2, 0
1663766, 2, 0
1663891, 2, 1
1664016, 2, 0
1664141, 2, 1
1664266, 2, 1
1664391, 2, 0
1664516, 2, 0
1664641, 2, 1
1664766, 2, bit 1
1664766, 2, 0
1664891, 2, 1
1665016, 2, 0
1665141, 2, 1
1665266, 2, 1
1665391, 2, 0
1665516, 2, 0
1665641, 2, 1
1665766, 2, 0
1665891, 2, 1
1666016, 2, 1
1666141, 2, 0
1666266, 2, 0
1666391, 2, 1
1666516, 2, bit 1
1666516, 2, 0
1666641, 2, 1
1666766, 2, 0
1666891, 2, 1
1667016, 2, 1
1667141, 2, 0
1667266, 2, 0
1667391, 2, 1
1667516, 2, 0
1667641, 2, 1
1667766, 2, 1
1667891, 2, 0
1668016, 2, 0
1668141, 2, 1
1668267, 2, bit 1
1668267, 2, 0
1668392, 2, 1
1668517, 2, 0
1668642, 2, 1
1668767, 2, 1
1668892, 2, 0
1669017, 2, 0
1669142, 2, 1
1669267, 2, 0
1669392, 2, 1
1669517, 2, 1
1669642, 2, 0
1669767, 2, 0
1669892, 2, 1
1670017, 2, bit 0
1670017, 2, 1
1670142, 2, 0
1670267, 2, 1
1670392, 2, 0
1670517, 2, 0
1670642, 2, 1
1670767, 2, 1
1670892, 2, 0
1671017, 2, 1
1671142, 2, 0
1671267, 2, 0
1671392, 2, 1
1671517, 2, 1
1671642, 2, 0
1671767, 2, bit 1
1671767, 2, 0
1671892, 2, 1
1672017, 2, 0
1672142, 2, 1
1672267, 2, 1
1672392, 2, 0
1672517, 2, 0
1672642, 2, 1
1672767, 2, 0
1672892, 2, 1
1673017, 2, 1
1673142, 2, 0
1673267, 2, 0
1673392, 2, 1
1673517, 2, bit 0
1673517, 2, 1
1673643, 2, 0
1673768, 2, 1
1673893, 2, 0
1674018, 2, 0
1674143, 2, 1
1674268, 2, 1
1674393, 2, 0
1674518, 2, 1
1674643, 2, 0
1674768, 2, 0
1674893, 2, 1
1675018, 2, 1
1675143, 2, 0
1675268, 2, bit 0
1675268, 2, 1
1675393, 2, 0
1675518, 2, 1
1675643, 2, 0
1675768, 2, 0
1675893, 2, 1
1676018, 2, 1
1676143, 2, 0
1676268, 2, 1
1676393, 2, 0
1676518, 2, 0
1676643, 2, 1
1676768, 2, 1
1676893, 2, 0
1677018, 2, bit 1
1677018, 2, 0
1677143, 2, 1
1677268, 2, 0
1677393, 2, 1
1677518, 2, 1
1677643, 2, 0
1677768, 2, 0
1677893, 2, 1
1678018, 2, 0
1678143, 2, 1
1678268, 2, 1
1678393, 2, 0
1678518, 2, 0
1678643, 2, 1
1678768, 2, bit 1
1678768, 2, 0
1678893, 2, 1
1679019, 2, 0
1679144, 2, 1
1679269, 2, 1
1679394, 2, 0
1679519, 2, 0
1679644, 2, 1
1679769, 2, 0
1679894, 2, 1
1680019, 2, 1
1680144, 2, 0
1680269, 2, 0
1680394, 2, 1
1680519, 2, bit 1
1680519, 2, 0
1680644, 2, 1
1680769, 2, 0
1680894, 2, 1
1681019, 2, 1
1681144, 2, 0
1681269, 2, 0
1681394, 2, 1
1681519, 2, 0
1681644, 2, 1
1681769, 2, 1
1681894, 2, 0
1682019, 2, 0
1682144, 2, 1
