125 100 2 7 16
(2, 20, 4, 10.00), (code 2)
(3, 190, 5, 10.00), (code 0)
START
174728, 0, prem 1
174728, 0, 1
174853, 0, 1
174978, 0, 1
175104, 0, 1
175229, 0, 1
175354, 0, 1
175479, 0, 1
175604, 0, 1
175729, 0, 1
175854, 0, 1
175979, 0, 1
176104, 0, 1
176229, 0, 1
176354, 0, 1
176479, 0, 1
176604, 0, 1
176729, 0, prem 0
176729, 0, 0
176854, 0, 0
176979, 0, 0
177104, 0, 0
177229, 0, 0
177354, 0, 0
177479, 0, 0
177604, 0, 0
177729, 0, 0
177854, 0, 0
177979, 0, 0
178104, 0, 0
178229, 0, 0
178354, 0, 0
178479, 0, 0
178604, 0, 0
178729, 0, prem 1
178729, 0, 1
178854, 0, 1
178979, 0, 1
179104, 0, 1
179229, 0, 1
179354, 0, 1
179479, 0, 1
179604, 0, 1
179729, 0, 1
179854, 0, 1
179979, 0, 1
180104, 0, 1
180229, 0, 1
180354, 0, 1
180480, 0, 1
180605, 0, 1
180730, 0, prem 1
180730, 0, 1
180855, 0, 1
180980, 0, 1
181105, 0, 1
181230, 0, 1
181355, 0, 1
181480, 0, 1
181605, 0, 1
181730, 0, 1
181855, 0, 1
181980, 0, 1
182105, 0, 1
182230, 0, 1
182355, 0, 1
182480, 0, 1
182605, 0, 1
182730, 0, prem 0
182730, 0, 0
182855, 0, 0
182980, 0, 0
183105, 0, 0
183230, 0, 0
183355, 0, 0
183480, 0, 0
183605, 0, 0
183730, 0, 0
183855, 0, 0
183980, 0, 0
184105, 0, 0
184230, 0, 0
184355, 0, 0
184480, 0, 0
184605, 0, 0
184730, 0, prem 0
184730, 0, 0
184855, 0, 0
184980, 0, 0
185105, 0, 0
185230, 0, 0
185355, 0, 0
185480, 0, 0
185605, 0, 0
185730, 0, 0
185856, 0, 0
185981, 0, 0
186106, 0, 0
186231, 0, 0
186356, 0, 0
186481, 0, 0
186606, 0, 0
186731, 0, prem 1
186731, 0, 1
186856, 0, 1
186981, 0, 1
187106, 0, 1
187231, 0, 1
187356, 0, 1
187481, 0, 1
187606, 0, 1
187731, 0, 1
187856, 0, 1
187981, 0, 1
188106, 0, 1
188231, 0, 1
188356, 0, 1
188481, 0, 1
188606, 0, 1
188731, 0, bit 1
188731, 0, 1
188856, 0, 0
188981, 0, 1
189106, 0, 1
189231, 0, 0
189356, 0, 0
189481, 0, 1
189606, 0, bit 0
189606, 0, 0
189731, 0, 1
189856, 0, 0
189981, 0, 0
190106, 0, 1
190231, 0, 1
190356, 0, 0
190481, 0, bit 0
190481, 0, 0
190606, 0, 1
190731, 0, 0
190856, 0, 0
190981, 0, 1
191106, 0, 1
191232, 0, 0
191357, 0, bit 0
191357, 0, 0
191482, 0, 1
191607, 0, 0
191732, 0, 0
191857, 0, 1
191982, 0, 1
192107, 0, 0
192232, 0, bit 0
192232, 0, 0
192357, 0, 1
192482, 0, 0
192607, 0, 0
192732, 0, 1
192857, 0, 1
192982, 0, 0
193107, 0, bit 1
193107, 0, 1
193232, 0, 0
193357, 0, 1
193482, 0, 1
193607, 0, 0
193732, 0, 0
193857, 0, 1
193982, 0, bit 1
193982, 0, 1
194107, 0, 0
194232, 0, 1
194357, 0, 1
194482, 0, 0
194607, 0, 0
194732, 0, 1
194857, 0, bit 0
194857, 0, 0
194982, 0, 1
195107, 0, 0
195232, 0, 0
195357, 0, 1
195482, 0, 1
195607, 0, 0
195732, 0, bit 1
195732, 0, 1
195857, 0, 0
195982, 0, 1
196107, 0, 1
196112, 1, prem 0
196112, 1, 0
196232, 0, 0
196237, 1, 0
196357, 0, 0
196362, 1, 0
196482, 0, 1
196487, 1, 0
196608, 0, bit 1
196608, 0, 1
196612, 1, 0
196733, 0, 0
196737, 1, 0
196858, 0, 1
196862, 1, 0
196983, 0, 1
196987, 1, 0
197108, 0, 0
197112, 1, 0
197233, 0, 0
197237, 1, 0
197358, 0, 1
197362, 1, 0
197483, 0, bit 1
197483, 0, 1
197487, 1, 0
197608, 0, 0
197612, 1, 0
197733, 0, 1
197737, 1, 0
197858, 0, 1
197862, 1, 0
197983, 0, 0
197987, 1, 0
198108, 0, 0
198112, 1, prem 1
198112, 1, 1
198233, 0, 1
198237, 1, 1
198358, 0, bit 1
198358, 0, 1
198362, 1, 1
198483, 0, 0
198487, 1, 1
198608, 0, 1
198612, 1, 1
198733, 0, 1
198737, 1, 1
198858, 0, 0
198862, 1, 1
198983, 0, 0
198987, 1, 1
199108, 0, 1
199112, 1, 1
199233, 0, bit 0
199233, 0, 0
199237, 1, 1
199358, 0, 1
199362, 1, 1
199483, 0, 0
199487, 1, 1
199608, 0, 0
199612, 1, 1
199733, 0, 1
199737, 1, 1
199858, 0, 1
199862, 1, 1
199983, 0, 0
199987, 1, 1
200108, 0, bit 1
200108, 0, 1
200112, 1, prem 1
200112, 1, 1
200233, 0, 0
200237, 1, 1
200358, 0, 1
200363, 1, 1
200483, 0, 1
200488, 1, 1
200608, 0, 0
200613, 1, 1
200733, 0, 0
200738, 1, 1
200858, 0, 1
200863, 1, 1
200983, 0, bit 1
200983, 0, 1
200988, 1, 1
201108, 0, 0
201113, 1, 1
201233, 0, 1
201238, 1, 1
201358, 0, 1
201363, 1, 1
201483, 0, 0
201488, 1, 1
201608, 0, 0
201613, 1, 1
201733, 0, 1
201738, 1, 1
201858, 0, bit 0
201858, 0, 0
201863, 1, 1
201984, 0, 1
201988, 1, 1
202109, 0, 0
202113, 1, prem 1
202113, 1, 1
202234, 0, 0
202238, 1, 1
202359, 0, 1
202363, 1, 1
202484, 0, 1
202488, 1, 1
202609, 0, 0
202613, 1, 1
202734, 0, bit 0
202734, 0, 0
202738, 1, 1
202859, 0, 1
202863, 1, 1
202984, 0, 0
202988, 1, 1
203109, 0, 0
203113, 1, 1
203234, 0, 1
203238, 1, 1
203359, 0, 1
203363, 1, 1
203484, 0, 0
203488, 1, 1
203609, 0, bit 1
203609, 0, 1
203613, 1, 1
203734, 0, 0
203738, 1, 1
203859, 0, 1
203863, 1, 1
203984, 0, 1
203988, 1, 1
204109, 0, 0
204113, 1, prem 1
204113, 1, 1
204234, 0, 0
204238, 1, 1
204359, 0, 1
204363, 1, 1
204484, 0, bit 0
204484, 0, 0
204488, 1, 1
204609, 0, 1
204613, 1, 1
204734, 0, 0
204738, 1, 1
204859, 0, 0
204863, 1, 1
204984, 0, 1
204988, 1, 1
205109, 0, 1
205113, 1, 1
205234, 0, 0
205238, 1, 1
205359, 0, bit 1
205362, 0, 1
205363, 1, 1
205484, 0, 0
205488, 1, 1
205609, 0, 1
205613, 1, 1
205734, 0, 1
205739, 1, 1
205859, 0, 0
205864, 1, 1
205984, 0, 0
205989, 1, 1
206109, 0, 1
206114, 1, prem 0
206114, 1, 0
206234, 0, bit 0
206234, 0, 0
206239, 1, 0
206359, 0, 1
206364, 1, 0
206484, 0, 0
206489, 1, 0
206609, 0, 0
206614, 1, 0
206734, 0, 1
206739, 1, 0
206859, 0, 1
206864, 1, 0
206984, 0, 0
206989, 1, 0
207109, 0, bit 0
207109, 0, 0
207114, 1, 0
207234, 0, 1
207239, 1, 0
207360, 0, 0
207364, 1, 0
207485, 0, 0
207489, 1, 0
207610, 0, 1
207614, 1, 0
207735, 0, 1
207739, 1, 0
207860, 0, 0
207864, 1, 0
207985, 0, bit 0
207985, 0, 0
207989, 1, 0
208110, 0, 1
208114, 1, prem 0
208114, 1, 0
208235, 0, 0
208239, 1, 0
208360, 0, 0
208364, 1, 0
208485, 0, 1
208489, 1, 0
208610, 0, 1
208614, 1, 0
208735, 0, 0
208739, 1, 0
208860, 0, bit 0
208860, 0, 0
208864, 1, 0
208985, 0, 1
208989, 1, 0
209110, 0, 0
209114, 1, 0
209235, 0, 0
209239, 1, 0
209360, 0, 1
209364, 1, 0
209485, 0, 1
209489, 1, 0
209610, 0, 0
209614, 1, 0
209735, 0, bit 1
209735, 0, 1
209739, 1, 0
209860, 0, 0
209864, 1, 0
209985, 0, 1
209989, 1, 0
210110, 0, 1
210114, 1, bit 1
210114, 1, 0
210235, 0, 0
210239, 1, 1
210360, 0, 0
210364, 1, 1
210485, 0, 1
210489, 1, 1
210610, 0, bit 1
210610, 0, 1
210614, 1, 1
210735, 0, 0
210739, 1, 0
210860, 0, 1
210864, 1, 0
210985, 0, 1
210989, 1, bit 0
210989, 1, 1
211110, 0, 0
211115, 1, 0
211235, 0, 0
211240, 1, 0
211360, 0, 1
211365, 1, 0
211485, 0, bit 0
211485, 0, 0
211490, 1, 0
211610, 0, 1
211615, 1, 1
211735, 0, 0
211740, 1, 1
211860, 0, 0
211865, 1, bit 1
211865, 1, 0
211985, 0, 1
211990, 1, 1
212110, 0, 1
212115, 1, 1
212235, 0, 0
212240, 1, 1
212360, 0, bit 1
212360, 0, 1
212365, 1, 1
212485, 0, 0
212490, 1, 0
212610, 0, 1
212615, 1, 0
212736, 0, 1
212740, 1, bit 0
212740, 1, 1
212861, 0, 0
212865, 1, 0
212986, 0, 0
212990, 1, 0
213111, 0, 1
213115, 1, 0
213236, 0, bit 0
213239, 0, 0
213240, 1, 0
213361, 0, 1
213365, 1, 1
213486, 0, 0
213490, 1, 1
213611, 0, 0
213615, 1, bit 1
213615, 1, 0
213736, 0, 1
213740, 1, 1
213861, 0, 1
213865, 1, 1
213986, 0, 0
213990, 1, 1
214111, 0, bit 0
214111, 0, 0
214115, 1, 1
214236, 0, 1
214240, 1, 0
214361, 0, 0
214365, 1, 0
214486, 0, 0
214490, 1, bit 0
214490, 1, 1
214611, 0, 1
214615, 1, 0
214736, 0, 1
214740, 1, 0
214861, 0, 0
214865, 1, 0
214986, 0, bit 0
214986, 0, 0
214990, 1, 0
215111, 0, 1
215115, 1, 1
215236, 0, 0
215240, 1, 1
215361, 0, 0
215365, 1, bit 0
215365, 1, 1
215486, 0, 1
215490, 1, 0
215611, 0, 1
215615, 1, 0
215736, 0, 0
215740, 1, 0
215861, 0, bit 0
215861, 0, 0
215865, 1, 0
215986, 0, 1
215990, 1, 1
216111, 0, 0
216115, 1, 1
216236, 0, 0
216240, 1, bit 1
216240, 1, 0
216361, 0, 1
216365, 1, 1
216486, 0, 1
216491, 1, 1
216611, 0, 0
216616, 1, 1
216736, 0, bit 1
216736, 0, 1
216741, 1, 1
216861, 0, 0
216866, 1, 0
216986, 0, 1
216991, 1, 0
217111, 0, 1
217116, 1, bit 0
217116, 1, 1
217236, 0, 0
217241, 1, 0
217361, 0, 0
217366, 1, 0
217486, 0, 1
217491, 1, 0
217611, 0, bit 0
217611, 0, 0
217616, 1, 0
217736, 0, 1
217741, 1, 1
217861, 0, 0
217866, 1, 1
217986, 0, 0
217991, 1, bit 0
217991, 1, 1
218112, 0, 1
218116, 1, 0
218237, 0, 1
218241, 1, 0
218362, 0, 0
218366, 1, 0
218487, 0, bit 0
218487, 0, 0
218491, 1, 0
218612, 0, 1
218616, 1, 1
218737, 0, 0
218741, 1, 1
218862, 0, 0
218866, 1, bit 0
218866, 1, 1
218987, 0, 1
218991, 1, 0
219112, 0, 1
219116, 1, 0
219237, 0, 0
219241, 1, 0
219362, 0, bit 1
219362, 0, 1
219366, 1, 0
219487, 0, 0
219491, 1, 1
219612, 0, 1
219616, 1, 1
219737, 0, 1
219741, 1, bit 1
219741, 1, 0
219862, 0, 0
219866, 1, 1
219987, 0, 0
219991, 1, 1
220112, 0, 1
220116, 1, 1
220237, 0, bit 0
220237, 0, 0
220241, 1, 1
220362, 0, 1
220366, 1, 0
220487, 0, 0
220491, 1, 0
220612, 0, 0
220616, 1, bit 0
220616, 1, 1
220737, 0, 1
220741, 1, 0
220862, 0, 1
220866, 1, 0
220987, 0, 0
220991, 1, 0
221112, 0, bit 0
221112, 0, 0
221116, 1, 0
221237, 0, 1
221241, 1, 1
221362, 0, 0
221366, 1, 1
221487, 0, 0
221491, 1, bit 1
221491, 1, 0
221612, 0, 1
221616, 1, 1
221737, 0, 1
221741, 1, 1
221862, 0, 0
221867, 1, 1
221987, 0, bit 0
221987, 0, 0
221992, 1, 1
222112, 0, 1
222117, 1, 0
222237, 0, 0
222242, 1, 0
222362, 0, 0
222367, 1, bit 1
222367, 1, 0
222487, 0, 1
222492, 1, 1
222612, 0, 1
222617, 1, 1
222737, 0, 0
222742, 1, 1
222862, 0, bit 1
222862, 0, 1
222867, 1, 1
222987, 0, 0
222992, 1, 0
223112, 0, 1
223117, 1, 0
223237, 0, 1
223242, 1, bit 1
223242, 1, 0
223362, 0, 0
223367, 1, 1
223488, 0, 0
223492, 1, 1
223613, 0, 1
223617, 1, 1
223738, 0, bit 1
223738, 0, 1
223742, 1, 1
223863, 0, 0
223867, 1, 0
223988, 0, 1
223992, 1, 0
224113, 0, 1
224117, 1, bit 0
224117, 1, 1
224238, 0, 0
224242, 1, 0
224363, 0, 0
224367, 1, 0
224488, 0, 1
224492, 1, 0
224613, 0, bit 0
224613, 0, 0
224617, 1, 0
224738, 0, 1
224742, 1, 1
224863, 0, 0
224867, 1, 1
224988, 0, 0
224992, 1, bit 0
224992, 1, 1
225113, 0, 1
225117, 1, 0
225238, 0, 1
225242, 1, 0
225363, 0, 0
225367, 1, 0
225488, 0, bit 1
225488, 0, 1
225492, 1, 0
225613, 0, 0
225617, 1, 1
225738, 0, 1
225742, 1, 1
225863, 0, 1
225867, 1, bit 0
225867, 1, 1
225988, 0, 0
225992, 1, 0
226113, 0, 0
226117, 1, 0
226238, 0, 1
226242, 1, 0
226363, 0, bit 1
226363, 0, 1
226367, 1, 0
226488, 0, 0
226492, 1, 1
226613, 0, 1
226617, 1, 1
226738, 0, 1
226742, 1, bit 0
226745, 1, 1
226863, 0, 0
226867, 1, 0
226988, 0, 0
226992, 1, 0
227113, 0, 1
227117, 1, 0
227238, 0, bit 0
227238, 0, 0
227243, 1, 0
227363, 0, 1
227368, 1, 1
227488, 0, 0
227493, 1, 1
227613, 0, 0
227618, 1, bit 0
227618, 1, 1
227738, 0, 1
227743, 1, 0
227863, 0, 1
227868, 1, 0
227988, 0, 0
227993, 1, 0
228113, 0, bit 0
228113, 0, 0
228118, 1, 0
228238, 0, 1
228243, 1, 1
228363, 0, 0
228368, 1, 1
228488, 0, 0
228493, 1, bit 0
228493, 1, 1
228613, 0, 1
228618, 1, 0
228738, 0, 1
228743, 1, 0
228864, 0, 0
228868, 1, 0
228989, 0, bit 1
228989, 0, 1
228993, 1, 0
229114, 0, 0
229118, 1, 1
229239, 0, 1
229243, 1, 1
229364, 0, 1
229368, 1, bit 0
229368, 1, 1
229489, 0, 0
229493, 1, 0
229614, 0, 0
229618, 1, 0
229739, 0, 1
229743, 1, 0
229864, 0, bit 1
229864, 0, 1
229868, 1, 0
229989, 0, 0
229993, 1, 1
230114, 0, 1
230118, 1, 1
230239, 0, 1
230243, 1, bit 1
230243, 1, 0
230364, 0, 0
230368, 1, 1
230489, 0, 0
230493, 1, 1
230614, 0, 1
230618, 1, 1
230739, 0, bit 1
230739, 0, 1
230743, 1, 1
230864, 0, 0
230868, 1, 0
230989, 0, 1
230993, 1, 0
231114, 0, 1
231118, 1, bit 1
231118, 1, 0
231239, 0, 0
231243, 1, 1
231364, 0, 0
231368, 1, 1
231489, 0, 1
231493, 1, 1
231614, 0, bit 1
231614, 0, 1
231618, 1, 1
231739, 0, 0
231743, 1, 0
231864, 0, 1
231868, 1, 0
231989, 0, 1
231993, 1, bit 0
231993, 1, 1
232114, 0, 0
232118, 1, 0
232239, 0, 0
232243, 1, 0
232364, 0, 1
232368, 1, 0
232489, 0, bit 0
232489, 0, 0
232493, 1, 0
232614, 0, 1
232619, 1, 1
232739, 0, 0
232744, 1, 1
232864, 0, 0
232869, 1, bit 0
232869, 1, 1
232989, 0, 1
232994, 1, 0
233114, 0, 1
233119, 1, 0
233239, 0, 0
233244, 1, 0
233364, 0, bit 0
233364, 0, 0
233369, 1, 0
233489, 0, 1
233494, 1, 1
233614, 0, 0
233619, 1, 1
233739, 0, 0
233744, 1, bit 1
233744, 1, 0
233864, 0, 1
233869, 1, 1
233989, 0, 1
233994, 1, 1
234114, 0, 0
234119, 1, 1
234240, 0, bit 1
234240, 0, 1
234244, 1, 1
234365, 0, 0
234369, 1, 0
234490, 0, 1
234494, 1, 0
234615, 0, 1
234619, 1, bit 1
234619, 1, 0
234740, 0, 0
234744, 1, 1
234865, 0, 0
234869, 1, 1
234990, 0, 1
234994, 1, 1
235115, 0, bit 0
235115, 0, 0
235119, 1, 1
235240, 0, 1
235244, 1, 0
235365, 0, 0
235369, 1, 0
235490, 0, 0
235494, 1, bit 0
235494, 1, 1
235615, 0, 1
235619, 1, 0
235740, 0, 1
235744, 1, 0
235865, 0, 0
235869, 1, 0
235990, 0, bit 0
235990, 0, 0
235994, 1, 0
236115, 0, 1
236119, 1, 1
236240, 0, 0
236244, 1, 1
236365, 0, 0
236369, 1, bit 1
236372, 1, 0
236490, 0, 1
236494, 1, 1
236615, 0, 1
236619, 1, 1
236740, 0, 0
236744, 1, 1
236865, 0, bit 1
236865, 0, 1
236869, 1, 1
236990, 0, 0
236994, 1, 0
237115, 0, 1
237119, 1, 0
237240, 0, 1
237244, 1, bit 1
237244, 1, 0
237365, 0, 0
237369, 1, 1
237490, 0, 0
237494, 1, 1
237615, 0, 1
237619, 1, 1
237740, 0, bit 0
237740, 0, 0
237744, 1, 1
237865, 0, 1
237869, 1, 0
237990, 0, 0
237995, 1, 0
238115, 0, 0
238120, 1, bit 1
238120, 1, 0
238240, 0, 1
238245, 1, 1
238365, 0, 1
238370, 1, 1
238490, 0, 0
238495, 1, 1
238615, 0, bit 0
238615, 0, 0
238620, 1, 1
238740, 0, 1
238745, 1, 0
238865, 0, 0
238870, 1, 0
238990, 0, 0
238995, 1, bit 1
238995, 1, 0
239115, 0, 1
239120, 1, 1
239240, 0, 1
239245, 1, 1
239365, 0, 0
239370, 1, 1
239490, 0, bit 1
239490, 0, 1
239495, 1, 1
239616, 0, 0
239620, 1, 0
239741, 0, 1
239745, 1, 0
239866, 0, 1
239870, 1, bit 1
239870, 1, 0
239991, 0, 0
239995, 1, 1
240116, 0, 0
240120, 1, 1
240241, 0, 1
240245, 1, 1
240366, 0, bit 0
240366, 0, 0
240370, 1, 1
240491, 0, 1
240495, 1, 0
240616, 0, 0
240620, 1, 0
240741, 0, 0
240745, 1, bit 0
240745, 1, 1
240866, 0, 1
240870, 1, 0
240991, 0, 1
240995, 1, 0
241116, 0, 0
241120, 1, 0
241241, 0, bit 0
241241, 0, 0
241245, 1, 0
241366, 0, 1
241370, 1, 1
241491, 0, 0
241495, 1, 1
241616, 0, 0
241620, 1, bit 0
241620, 1, 1
241741, 0, 1
241745, 1, 0
241866, 0, 1
241870, 1, 0
241991, 0, 0
241995, 1, 0
242116, 0, bit 1
242116, 0, 1
242120, 1, 0
242241, 0, 0
242245, 1, 1
242366, 0, 1
242370, 1, 1
242491, 0, 1
242495, 1, bit 0
242495, 1, 1
242616, 0, 0
242620, 1, 0
242741, 0, 0
242745, 1, 0
242866, 0, 1
242870, 1, 0
242991, 0, bit 0
242991, 0, 0
242995, 1, 0
243116, 0, 1
243120, 1, 1
243241, 0, 0
243245, 1, 1
243366, 0, 0
243371, 1, bit 0
243371, 1, 1
243491, 0, 1
243496, 1, 0
243616, 0, 1
243621, 1, 0
243741, 0, 0
243746, 1, 0
243866, 0, bit 0
243866, 0, 0
243871, 1, 0
243991, 0, 1
243996, 1, 1
244116, 0, 0
244121, 1, 1
244241, 0, 0
244246, 1, bit 0
244246, 1, 1
244366, 0, 1
244371, 1, 0
244491, 0, 1
244496, 1, 0
244616, 0, 0
244621, 1, 0
244741, 0, bit 1
244741, 0, 1
244746, 1, 0
244866, 0, 0
244871, 1, 1
244992, 0, 1
244996, 1, 1
245117, 0, 1
245121, 1, bit 1
245121, 1, 0
245242, 0, 0
245246, 1, 1
245367, 0, 0
245371, 1, 1
245492, 0, 1
245496, 1, 1
245617, 0, bit 1
245617, 0, 1
245621, 1, 1
245742, 0, 0
245746, 1, 0
245867, 0, 1
245871, 1, 0
245992, 0, 1
245996, 1, bit 0
245996, 1, 1
246117, 0, 0
246121, 1, 0
246242, 0, 0
246246, 1, 0
246367, 0, 1
246371, 1, 0
246492, 0, bit 0
246492, 0, 0
246496, 1, 0
246617, 0, 1
246621, 1, 1
246742, 0, 0
246746, 1, 1
246867, 0, 0
246871, 1, bit 1
246871, 1, 0
246992, 0, 1
246996, 1, 1
247117, 0, 1
247121, 1, 1
247242, 0, 0
247246, 1, 1
247367, 0, bit 0
247367, 0, 0
247371, 1, 1
247492, 0, 1
247496, 1, 0
247617, 0, 0
247621, 1, 0
247742, 0, 0
247746, 1, bit 1
247746, 1, 0
247867, 0, 1
247871, 1, 1
247992, 0, 1
248012, 1, 1
248117, 0, 0
248137, 1, 1
248242, 0, bit 0
248242, 0, 0
248262, 1, 1
248367, 0, 1
248387, 1, 0
248492, 0, 0
248512, 1, 0
248617, 0, 0
248637, 1, bit 0
248637, 1, 1
248742, 0, 1
248762, 1, 0
248867, 0, 1
248887, 1, 0
248992, 0, 0
249012, 1, 0
249117, 0, bit 0
249117, 0, 0
249137, 1, 0
249242, 0, 1
249262, 1, 1
249367, 0, 0
249387, 1, 1
249492, 0, 0
249512, 1, bit 1
249512, 1, 0
249617, 0, 1
249637, 1, 1
249742, 0, 1
249762, 1, 1
249867, 0, 0
249887, 1, 1
249992, 0, bit 0
249992, 0, 0
250012, 1, 1
250117, 0, 1
250137, 1, 0
250242, 0, 0
250262, 1, 0
250368, 0, 0
250387, 1, bit 0
250387, 1, 1
250493, 0, 1
250512, 1, 0
250618, 0, 1
250637, 1, 0
250743, 0, 0
250762, 1, 0
250868, 0, bit 0
250868, 0, 0
250887, 1, 0
250993, 0, 1
251012, 1, 1
251118, 0, 0
251137, 1, 1
251243, 0, 0
251262, 1, bit 1
251262, 1, 0
251368, 0, 1
251387, 1, 1
251493, 0, 1
251512, 1, 1
251618, 0, 0
251637, 1, 1
251743, 0, bit 1
251743, 0, 1
251762, 1, 1
251868, 0, 0
251887, 1, 0
251993, 0, 1
252012, 1, 0
252118, 0, 1
252137, 1, bit 0
252137, 1, 1
252243, 0, 0
252262, 1, 0
252368, 0, 0
252387, 1, 0
252493, 0, 1
252512, 1, 0
252618, 0, bit 1
252618, 0, 1
252637, 1, 0
252743, 0, 0
252762, 1, 1
252868, 0, 1
252887, 1, 1
252993, 0, 1
253012, 1, bit 1
253012, 1, 0
253118, 0, 0
253137, 1, 1
253243, 0, 0
253262, 1, 1
253368, 0, 1
253387, 1, 1
253493, 0, bit 0
253493, 0, 0
253512, 1, 1
253618, 0, 1
253637, 1, 0
253743, 0, 0
253762, 1, 0
253868, 0, 0
253887, 1, bit 1
253887, 1, 0
253993, 0, 1
254012, 1, 1
254118, 0, 1
254137, 1, 1
254243, 0, 0
254262, 1, 1
254368, 0, bit 0
254368, 0, 0
254387, 1, 1
254493, 0, 1
254512, 1, 0
254618, 0, 0
254637, 1, 0
254743, 0, 0
254763, 1, bit 0
254763, 1, 1
254868, 0, 1
254888, 1, 0
254993, 0, 1
255013, 1, 0
255118, 0, 0
255138, 1, 0
255243, 0, bit 1
255243, 0, 1
255263, 1, 0
255368, 0, 0
255388, 1, 1
255493, 0, 1
255513, 1, 1
255618, 0, 1
255638, 1, bit 1
255638, 1, 0
255744, 0, 0
255763, 1, 1
255869, 0, 0
255888, 1, 1
255994, 0, 1
256013, 1, 1
256119, 0, bit 0
256119, 0, 0
256138, 1, 1
256244, 0, 1
256263, 1, 0
256369, 0, 0
256388, 1, 0
256494, 0, 0
256513, 1, bit 0
256513, 1, 1
256619, 0, 1
256638, 1, 0
256744, 0, 1
256763, 1, 0
256869, 0, 0
256888, 1, 0
256994, 0, bit 1
256994, 0, 1
257013, 1, 0
257119, 0, 0
257138, 1, 1
257244, 0, 1
257263, 1, 1
257369, 0, 1
257388, 1, bit 1
257388, 1, 0
257494, 0, 0
257513, 1, 1
257619, 0, 0
257638, 1, 1
257744, 0, 1
257763, 1, 1
257869, 0, bit 0
257869, 0, 0
257888, 1, 1
257994, 0, 1
258013, 1, 0
258119, 0, 0
258138, 1, 0
258244, 0, 0
258263, 1, bit 0
258263, 1, 1
258369, 0, 1
258388, 1, 0
258494, 0, 1
258513, 1, 0
258619, 0, 0
258638, 1, 0
258744, 0, bit 0
258744, 0, 0
258763, 1, 0
258869, 0, 1
258888, 1, 1
258994, 0, 0
259013, 1, 1
259119, 0, 0
259138, 1, bit 0
259138, 1, 1
259244, 0, 1
259263, 1, 0
259369, 0, 1
259388, 1, 0
259494, 0, 0
259513, 1, 0
259619, 0, bit 1
259622, 0, 1
259638, 1, 0
259744, 0, 0
259763, 1, 1
259869, 0, 1
259888, 1, 1
259994, 0, 1
260013, 1, bit 0
260013, 1, 1
260119, 0, 0
260139, 1, 0
260244, 0, 0
260264, 1, 0
260369, 0, 1
260389, 1, 0
260494, 0, bit 0
260494, 0, 0
260514, 1, 0
260619, 0, 1
260639, 1, 1
260744, 0, 0
260764, 1, 1
260869, 0, 0
260889, 1, bit 0
260889, 1, 1
260994, 0, 1
261014, 1, 0
261120, 0, 1
261139, 1, 0
261245, 0, 0
261264, 1, 0
261370, 0, bit 0
261370, 0, 0
261389, 1, 0
261495, 0, 1
261514, 1, 1
261620, 0, 0
261639, 1, 1
261745, 0, 0
261764, 1, bit 0
261764, 1, 1
261870, 0, 1
261889, 1, 0
261995, 0, 1
262014, 1, 0
262120, 0, 0
262139, 1, 0
262245, 0, bit 0
262245, 0, 0
262264, 1, 0
262370, 0, 1
262389, 1, 1
262495, 0, 0
262514, 1, 1
262620, 0, 0
262639, 1, bit 0
262639, 1, 1
262745, 0, 1
262764, 1, 0
262870, 0, 1
262889, 1, 0
262995, 0, 0
263014, 1, 0
263120, 0, bit 1
263120, 0, 1
263139, 1, 0
263245, 0, 0
263264, 1, 1
263370, 0, 1
263389, 1, 1
263495, 0, 1
263514, 1, bit 0
263514, 1, 1
263620, 0, 0
263639, 1, 0
263745, 0, 0
263764, 1, 0
263870, 0, 1
263889, 1, 0
263995, 0, bit 0
263995, 0, 0
264014, 1, 0
264120, 0, 1
264139, 1, 1
264245, 0, 0
264264, 1, 1
264370, 0, 0
264389, 1, bit 1
264389, 1, 0
264495, 0, 1
264514, 1, 1
264620, 0, 1
264639, 1, 1
264745, 0, 0
264764, 1, 1
264870, 0, bit 1
264870, 0, 1
264889, 1, 1
264995, 0, 0
265014, 1, 0
265120, 0, 1
265139, 1, 0
265245, 0, 1
265264, 1, bit 0
265264, 1, 1
265370, 0, 0
265389, 1, 0
265495, 0, 0
265515, 1, 0
265620, 0, 1
265640, 1, 0
265745, 0, bit 0
265745, 0, 0
265765, 1, 0
265870, 0, 1
265890, 1, 1
265995, 0, 0
266015, 1, 1
266120, 0, 0
266140, 1, bit 1
266140, 1, 0
266245, 0, 1
266265, 1, 1
266370, 0, 1
266390, 1, 1
266496, 0, 0
266515, 1, 1
266621, 0, bit 1
266621, 0, 1
266640, 1, 1
266746, 0, 0
266765, 1, 0
266871, 0, 1
266890, 1, 0
266996, 0, 1
267015, 1, bit 0
267015, 1, 1
267121, 0, 0
267140, 1, 0
267246, 0, 0
267265, 1, 0
267371, 0, 1
267390, 1, 0
267496, 0, bit 1
267496, 0, 1
267515, 1, 0
267621, 0, 0
267640, 1, 1
267746, 0, 1
267765, 1, 1
267871, 0, 1
267890, 1, bit 1
267890, 1, 0
267996, 0, 0
268015, 1, 1
268121, 0, 0
268140, 1, 1
268246, 0, 1
268265, 1, 1
268371, 0, bit 1
268371, 0, 1
268390, 1, 1
268496, 0, 0
268515, 1, 0
268621, 0, 1
268640, 1, 0
268746, 0, 1
268765, 1, bit 1
268765, 1, 0
268871, 0, 0
268890, 1, 1
268996, 0, 0
269015, 1, 1
269121, 0, 1
269140, 1, 1
269246, 0, bit 0
269249, 0, 0
269265, 1, 1
269371, 0, 1
269390, 1, 0
269496, 0, 0
269515, 1, 0
269621, 0, 0
269640, 1, bit 1
269640, 1, 0
269746, 0, 1
269765, 1, 1
269871, 0, 1
269890, 1, 1
269996, 0, 0
270015, 1, 1
270121, 0, bit 1
270121, 0, 1
270140, 1, 1
270246, 0, 0
270265, 1, 0
270371, 0, 1
270390, 1, 0
270496, 0, 1
270515, 1, bit 1
270515, 1, 0
270621, 0, 0
270640, 1, 1
270746, 0, 0
270765, 1, 1
270871, 0, 1
270891, 1, 1
270996, 0, bit 0
270996, 0, 0
271016, 1, 1
271121, 0, 1
271141, 1, 0
271246, 0, 0
271266, 1, 0
271371, 0, 0
271391, 1, bit 1
271391, 1, 0
271496, 0, 1
271516, 1, 1
271621, 0, 1
271641, 1, 1
271746, 0, 0
271766, 1, 1
271872, 0, bit 0
271872, 0, 0
271891, 1, 1
271997, 0, 1
272016, 1, 0
272122, 0, 0
272141, 1, 0
272247, 0, 0
272266, 1, bit 0
272266, 1, 1
272372, 0, 1
272391, 1, 0
272497, 0, 1
272516, 1, 0
272622, 0, 0
272641, 1, 0
272747, 0, bit 0
272747, 0, 0
272766, 1, 0
272872, 0, 1
272891, 1, 1
272997, 0, 0
273016, 1, 1
273122, 0, 0
273141, 1, bit 0
273141, 1, 1
273247, 0, 1
273266, 1, 0
273372, 0, 1
273391, 1, 0
273497, 0, 0
273516, 1, 0
273622, 0, bit 0
273622, 0, 0
273641, 1, 0
273747, 0, 1
273766, 1, 1
273872, 0, 0
273891, 1, 1
273997, 0, 0
274016, 1, bit 1
274016, 1, 0
274122, 0, 1
274141, 1, 1
274247, 0, 1
274266, 1, 1
274372, 0, 0
274391, 1, 1
274497, 0, bit 1
274497, 0, 1
274516, 1, 1
274622, 0, 0
274641, 1, 0
274747, 0, 1
274766, 1, 0
274872, 0, 1
274891, 1, bit 1
274891, 1, 0
274997, 0, 0
275016, 1, 1
275122, 0, 0
275141, 1, 1
275247, 0, 1
275266, 1, 1
275372, 0, bit 1
275372, 0, 1
275391, 1, 1
275497, 0, 0
275516, 1, 0
275622, 0, 1
275641, 1, 0
275747, 0, 1
275766, 1, bit 1
275766, 1, 0
275872, 0, 0
275891, 1, 1
275997, 0, 0
276016, 1, 1
276122, 0, 1
276141, 1, 1
276267, 1, 1
276392, 1, 0
276517, 1, 0
276642, 1, bit 0
276642, 1, 1
276767, 1, 0
276892, 1, 0
277017, 1, 0
277142, 1, 0
277267, 1, 1
277392, 1, 1
277517, 1, bit 0
277517, 1, 1
277642, 1, 0
277767, 1, 0
277892, 1, 0
278017, 1, 0
278142, 1, 1
278267, 1, 1
278392, 1, bit 0
278392, 1, 1
278517, 1, 0
278642, 1, 0
278767, 1, 0
278892, 1, 0
279017, 1, 1
279142, 1, 1
279267, 1, bit 0
279267, 1, 1
279392, 1, 0
279517, 1, 0
279642, 1, 0
279767, 1, 0
279892, 1, 1
280017, 1, 1
280142, 1, bit 1
280142, 1, 0
280267, 1, 1
280392, 1, 1
280517, 1, 1
280642, 1, 1
280767, 1, 0
280892, 1, 0
281017, 1, bit 0
281017, 1, 1
281142, 1, 0
281267, 1, 0
281392, 1, 0
281517, 1, 0
281643, 1, 1
281768, 1, 1
281893, 1, bit 1
281893, 1, 0
282018, 1, 1
282143, 1, 1
282268, 1, 1
282393, 1, 1
282518, 1, 0
282643, 1, 0
282768, 1, bit 1
282768, 1, 0
282893, 1, 1
283018, 1, 1
283143, 1, 1
283268, 1, 1
283393, 1, 0
283518, 1, 0
283643, 1, bit 0
283643, 1, 1
283768, 1, 0
283893, 1, 0
284018, 1, 0
284143, 1, 0
284268, 1, 1
284393, 1, 1
284518, 1, bit 1
284518, 1, 0
284643, 1, 1
284768, 1, 1
284893, 1, 1
285018, 1, 1
285143, 1, 0
285268, 1, 0
285393, 1, bit 1
285393, 1, 0
285518, 1, 1
285643, 1, 1
285768, 1, 1
285893, 1, 1
286018, 1, 0
286143, 1, 0
286268, 1, bit 0
286268, 1, 1
286393, 1, 0
286518, 1, 0
286643, 1, 0
286768, 1, 0
286893, 1, 1
287019, 1, 1
287144, 1, bit 1
287144, 1, 0
287269, 1, 1
287394, 1, 1
287519, 1, 1
287644, 1, 1
287769, 1, 0
287894, 1, 0
288019, 1, bit 1
288019, 1, 0
288144, 1, 1
288269, 1, 1
288394, 1, 1
288519, 1, 1
288644, 1, 0
288769, 1, 0
288894, 1, bit 1
288894, 1, 0
289019, 1, 1
289144, 1, 1
289269, 1, 1
289394, 1, 1
289519, 1, 0
289644, 1, 0
289769, 1, bit 0
289769, 1, 1
289894, 1, 0
290019, 1, 0
290144, 1, 0
290269, 1, 0
290394, 1, 1
290519, 1, 1
290644, 1, bit 0
290644, 1, 1
290769, 1, 0
290894, 1, 0
291019, 1, 0
291144, 1, 0
291269, 1, 1
291394, 1, 1
291519, 1, bit 0
291519, 1, 1
291644, 1, 0
291769, 1, 0
291894, 1, 0
292019, 1, 0
292144, 1, 1
292269, 1, 1
292395, 1, bit 0
292395, 1, 1
292520, 1, 0
292645, 1, 0
292770, 1, 0
292895, 1, 0
293020, 1, 1
293145, 1, 1
293270, 1, bit 1
293273, 1, 0
293395, 1, 1
293520, 1, 1
293645, 1, 1
293770, 1, 1
293895, 1, 0
294020, 1, 0
294145, 1, bit 1
294145, 1, 0
294270, 1, 1
294395, 1, 1
294520, 1, 1
294645, 1, 1
294770, 1, 0
294895, 1, 0
295020, 1, bit 0
295020, 1, 1
295145, 1, 0
295270, 1, 0
295395, 1, 0
295520, 1, 0
295645, 1, 1
295770, 1, 1
295895, 1, bit 0
295895, 1, 1
296020, 1, 0
296145, 1, 0
296270, 1, 0
296395, 1, 0
296520, 1, 1
296645, 1, 1
296770, 1, bit 1
296770, 1, 0
296895, 1, 1
297020, 1, 1
297145, 1, 1
297270, 1, 1
297395, 1, 0
297520, 1, 0
