125 100 4 7 8
(2, 20, 4, 10.00), (code 0)
(3, 146, 4, 10.00), (code 3)
(4, 272, 12, 10.00), (code 1)
(5, 398, 5, 10.00), (code 2)
START
38867, 0, prem 0
38867, 0, 0
38992, 0, 0
39117, 0, 0
39242, 0, 0
39367, 0, 0
39492, 0, 0
39617, 0, 0
39742, 0, 0
39867, 0, 1
39992, 0, 1
40117, 0, 1
40242, 0, 1
40367, 0, 1
40492, 0, 1
40617, 0, 1
40742, 0, 1
40867, 0, prem 1
40867, 0, 1
40992, 0, 1
41117, 0, 1
41242, 0, 1
41367, 0, 1
41492, 0, 1
41617, 0, 1
41742, 0, 1
41867, 0, 0
41992, 0, 0
42117, 0, 0
42242, 0, 0
42368, 0, 0
42493, 0, 0
42618, 0, 0
42743, 0, 0
42868, 0, prem 1
42868, 0, 1
42993, 0, 1
43118, 0, 1
43243, 0, 1
43368, 0, 1
43493, 0, 1
43618, 0, 1
43743, 0, 1
43868, 0, 0
43993, 0, 0
44118, 0, 0
44243, 0, 0
44368, 0, 0
44493, 0, 0
44618, 0, 0
44743, 0, 0
44868, 0, prem 1
44868, 0, 1
44993, 0, 1
45118, 0, 1
45243, 0, 1
45368, 0, 1
45493, 0, 1
45618, 0, 1
45743, 0, 1
45868, 0, 0
45993, 0, 0
46118, 0, 0
46243, 0, 0
46368, 0, 0
46493, 0, 0
46618, 0, 0
46743, 0, 0
46868, 0, prem 1
46868, 0, 1
46993, 0, 1
47118, 0, 1
47243, 0, 1
47368, 0, 1
47493, 0, 1
47618, 0, 1
47744, 0, 1
47869, 0, 0
47994, 0, 0
48119, 0, 0
48244, 0, 0
48369, 0, 0
48494, 0, 0
48619, 0, 0
48744, 0, 0
48869, 0, prem 0
48869, 0, 0
48994, 0, 0
49119, 0, 0
49244, 0, 0
49369, 0, 0
49494, 0, 0
49619, 0, 0
49744, 0, 0
49869, 0, 1
49994, 0, 1
50119, 0, 1
50244, 0, 1
50369, 0, 1
50494, 0, 1
50619, 0, 1
50744, 0, 1
50869, 0, prem 0
50869, 0, 0
50994, 0, 0
51119, 0, 0
51244, 0, 0
51369, 0, 0
51494, 0, 0
51619, 0, 0
51744, 0, 0
51869, 0, 1
51994, 0, 1
52119, 0, 1
52244, 0, 1
52369, 0, 1
52494, 0, 1
52619, 0, 1
52744, 0, 1
52869, 0, bit 1
52869, 0, 0
52994, 0, 1
53120, 0, 1
53245, 0, 0
53370, 0, 1
53495, 0, 0
53620, 0, 1
53745, 0, 0
53870, 0, 1
53995, 0, 0
54120, 0, 0
54245, 0, 1
54370, 0, 0
54495, 0, 1
54620, 0, bit 0
54620, 0, 1
54656, 1, prem 1
54656, 1, 1
54745, 0, 0
54781, 1, 1
54870, 0, 0
54906, 1, 1
54995, 0, 1
55031, 1, 1
55120, 0, 0
55156, 1, 1
55245, 0, 1
55281, 1, 1
55370, 0, 0
55406, 1, 1
55495, 0, 1
55531, 1, 1
55620, 0, 0
55656, 1, 0
55745, 0, 1
55781, 1, 0
55870, 0, 1
55906, 1, 0
55995, 0, 0
56031, 1, 0
56120, 0, 1
56156, 1, 0
56245, 0, 0
56281, 1, 0
56370, 0, bit 1
56370, 0, 0
56406, 1, 0
56495, 0, 1
56531, 1, 0
56620, 0, 1
56656, 1, prem 1
56656, 1, 1
56745, 0, 0
56781, 1, 1
56870, 0, 1
56906, 1, 1
56995, 0, 0
57031, 1, 1
57120, 0, 1
57156, 1, 1
57245, 0, 0
57281, 1, 1
57370, 0, 1
57406, 1, 1
57495, 0, 0
57531, 1, 1
57620, 0, 0
57656, 1, 0
57745, 0, 1
57781, 1, 0
57870, 0, 0
57906, 1, 0
57995, 0, 1
58031, 1, 0
58120, 0, bit 0
58120, 0, 1
58156, 1, 0
58245, 0, 0
58281, 1, 0
58370, 0, 0
58406, 1, 0
58496, 0, 1
58531, 1, 0
58621, 0, 0
58656, 1, prem 1
58656, 1, 1
58746, 0, 1
58781, 1, 1
58871, 0, 0
58906, 1, 1
58996, 0, 1
59031, 1, 1
59121, 0, 0
59156, 1, 1
59246, 0, 1
59281, 1, 1
59371, 0, 1
59406, 1, 1
59496, 0, 0
59531, 1, 1
59621, 0, 1
59656, 1, 0
59746, 0, 0
59781, 1, 0
59871, 0, bit 1
59871, 0, 0
59906, 1, 0
59996, 0, 1
60032, 1, 0
60121, 0, 1
60157, 1, 0
60246, 0, 0
60282, 1, 0
60371, 0, 1
60407, 1, 0
60496, 0, 0
60532, 1, 0
60621, 0, 1
60657, 1, prem 0
60657, 1, 0
60746, 0, 0
60782, 1, 0
60871, 0, 1
60907, 1, 0
60996, 0, 0
61032, 1, 0
61121, 0, 0
61157, 1, 0
61246, 0, 1
61282, 1, 0
61371, 0, 0
61407, 1, 0
61496, 0, 1
61532, 1, 0
61621, 0, bit 0
61621, 0, 1
61657, 1, 1
61746, 0, 0
61782, 1, 1
61871, 0, 0
61907, 1, 1
61996, 0, 1
62032, 1, 1
62121, 0, 0
62157, 1, 1
62246, 0, 1
62282, 1, 1
62371, 0, 0
62407, 1, 1
62496, 0, 1
62532, 1, 1
62621, 0, 0
62657, 1, prem 1
62657, 1, 1
62746, 0, 1
62782, 1, 1
62871, 0, 1
62907, 1, 1
62996, 0, 0
63032, 1, 1
63121, 0, 1
63157, 1, 1
63246, 0, 0
63282, 1, 1
63371, 0, bit 1
63371, 0, 0
63407, 1, 1
63496, 0, 1
63532, 1, 1
63621, 0, 1
63657, 1, 0
63746, 0, 0
63782, 1, 0
63872, 0, 1
63907, 1, 0
63997, 0, 0
64032, 1, 0
64122, 0, 1
64157, 1, 0
64247, 0, 0
64282, 1, 0
64372, 0, 1
64407, 1, 0
64497, 0, 0
64532, 1, 0
64622, 0, 0
64657, 1, prem 1
64657, 1, 1
64747, 0, 1
64782, 1, 1
64872, 0, 0
64907, 1, 1
64997, 0, 1
65032, 1, 1
65122, 0, bit 0
65122, 0, 1
65157, 1, 1
65247, 0, 0
65282, 1, 1
65372, 0, 0
65408, 1, 1
65497, 0, 1
65533, 1, 1
65622, 0, 0
65658, 1, 0
65747, 0, 1
65783, 1, 0
65872, 0, 0
65908, 1, 0
65997, 0, 1
66033, 1, 0
66122, 0, 0
66158, 1, 0
66247, 0, 1
66283, 1, 0
66372, 0, 1
66408, 1, 0
66497, 0, 0
66533, 1, 0
66622, 0, 1
66658, 1, prem 1
66658, 1, 1
66747, 0, 0
66783, 1, 1
66872, 0, bit 1
66872, 0, 0
66908, 1, 1
66997, 0, 1
67033, 1, 1
67122, 0, 1
67158, 1, 1
67247, 0, 0
67283, 1, 1
67372, 0, 1
67408, 1, 1
67497, 0, 0
67533, 1, 1
67622, 0, 1
67658, 1, 0
67747, 0, 0
67783, 1, 0
67872, 0, 1
67908, 1, 0
67997, 0, 0
68033, 1, 0
68122, 0, 0
68158, 1, 0
68247, 0, 1
68283, 1, 0
68372, 0, 0
68408, 1, 0
68497, 0, 1
68533, 1, 0
68622, 0, bit 0
68622, 0, 1
68658, 1, bit 1
68658, 1, 1
68747, 0, 0
68783, 1, 0
68872, 0, 0
68908, 1, 1
68997, 0, 1
69033, 1, 0
69122, 0, 0
69158, 1, 1
69248, 0, 1
69283, 1, 0
69373, 0, 0
69408, 1, 0
69498, 0, 1
69533, 1, 1
69623, 0, 0
69658, 1, 1
69748, 0, 1
69783, 1, 0
69873, 0, 1
69908, 1, 1
69998, 0, 0
70033, 1, 0
70123, 0, 1
70158, 1, 1
70248, 0, 0
70283, 1, 0
70373, 0, bit 1
70373, 0, 0
70408, 1, bit 0
70408, 1, 0
70498, 0, 1
70533, 1, 1
70623, 0, 1
70658, 1, 0
70748, 0, 0
70784, 1, 1
70873, 0, 1
70909, 1, 0
70998, 0, 0
71034, 1, 1
71123, 0, 1
71159, 1, 1
71248, 0, 0
71284, 1, 0
71373, 0, 1
71409, 1, 0
71445, 2, prem 1
71445, 2, 1
71498, 0, 0
71534, 1, 1
71570, 2, 1
71623, 0, 0
71659, 1, 0
71695, 2, 1
71748, 0, 1
71784, 1, 1
71820, 2, 1
71873, 0, 0
71909, 1, 0
71945, 2, 1
71998, 0, 1
72034, 1, 1
72070, 2, 1
72123, 0, bit 1
72123, 0, 0
72159, 1, bit 0
72159, 1, 0
72195, 2, 1
72248, 0, 1
72284, 1, 1
72320, 2, 1
72373, 0, 1
72409, 1, 0
72445, 2, 0
72498, 0, 0
72534, 1, 1
72570, 2, 0
72623, 0, 1
72659, 1, 0
72695, 2, 0
72748, 0, 0
72784, 1, 1
72820, 2, 0
72873, 0, 1
72909, 1, 1
72945, 2, 0
72998, 0, 0
73034, 1, 0
73070, 2, 0
73123, 0, 1
73159, 1, 0
73195, 2, 0
73248, 0, 0
73284, 1, 1
73320, 2, 0
73373, 0, 0
73409, 1, 0
73445, 2, prem 1
73445, 2, 1
73498, 0, 1
73534, 1, 1
73570, 2, 1
73623, 0, 0
73659, 1, 0
73695, 2, 1
73748, 0, 1
73784, 1, 1
73820, 2, 1
73873, 0, bit 0
73873, 0, 1
73909, 1, bit 0
73909, 1, 0
73945, 2, 1
73998, 0, 0
74034, 1, 1
74070, 2, 1
74123, 0, 0
74159, 1, 0
74195, 2, 1
74248, 0, 1
74284, 1, 1
74320, 2, 1
74373, 0, 0
74409, 1, 0
74445, 2, 0
74498, 0, 1
74534, 1, 1
74570, 2, 0
74624, 0, 0
74659, 1, 1
74695, 2, 0
74749, 0, 1
74784, 1, 0
74820, 2, 0
74874, 0, 0
74909, 1, 0
74945, 2, 0
74999, 0, 1
75034, 1, 1
75070, 2, 0
75124, 0, 1
75159, 1, 0
75195, 2, 0
75249, 0, 0
75284, 1, 1
75320, 2, 0
75374, 0, 1
75409, 1, 0
75445, 2, prem 0
75445, 2, 0
75499, 0, 0
75534, 1, 1
75570, 2, 0
75624, 0, bit 1
75624, 0, 0
75659, 1, bit 1
75659, 1, 1
75695, 2, 0
75749, 0, 1
75784, 1, 0
75820, 2, 0
75874, 0, 1
75909, 1, 1
75945, 2, 0
75999, 0, 0
76034, 1, 0
76070, 2, 0
76124, 0, 1
76160, 1, 1
76195, 2, 0
76249, 0, 0
76285, 1, 0
76320, 2, 0
76374, 0, 1
76410, 1, 0
76445, 2, 1
76499, 0, 0
76535, 1, 1
76570, 2, 1
76624, 0, 1
76660, 1, 1
76695, 2, 1
76749, 0, 0
76785, 1, 0
76820, 2, 1
76874, 0, 0
76910, 1, 1
76945, 2, 1
76999, 0, 1
77035, 1, 0
77070, 2, 1
77124, 0, 0
77160, 1, 1
77195, 2, 1
77249, 0, 1
77285, 1, 0
77320, 2, 1
77374, 0, bit 1
77374, 0, 0
77410, 1, bit 0
77410, 1, 0
77445, 2, prem 0
77445, 2, 0
77499, 0, 1
77535, 1, 1
77570, 2, 0
77624, 0, 1
77660, 1, 0
77696, 2, 0
77749, 0, 0
77785, 1, 1
77821, 2, 0
77874, 0, 1
77910, 1, 0
77946, 2, 0
77999, 0, 0
78035, 1, 1
78071, 2, 0
78124, 0, 1
78160, 1, 1
78196, 2, 0
78249, 0, 0
78285, 1, 0
78321, 2, 0
78374, 0, 1
78410, 1, 0
78446, 2, 1
78499, 0, 0
78535, 1, 1
78571, 2, 1
78624, 0, 0
78660, 1, 0
78696, 2, 1
78749, 0, 1
78785, 1, 1
78821, 2, 1
78874, 0, 0
78910, 1, 0
78946, 2, 1
78999, 0, 1
79035, 1, 1
79071, 2, 1
79124, 0, bit 1
79124, 0, 0
79160, 1, bit 0
79160, 1, 0
79196, 2, 1
79249, 0, 1
79285, 1, 1
79321, 2, 1
79374, 0, 1
79410, 1, 0
79446, 2, prem 0
79446, 2, 0
79499, 0, 0
79535, 1, 1
79571, 2, 0
79624, 0, 1
79660, 1, 0
79696, 2, 0
79749, 0, 0
79785, 1, 1
79821, 2, 0
79874, 0, 1
79910, 1, 1
79946, 2, 0
80000, 0, 0
80035, 1, 0
80071, 2, 0
80125, 0, 1
80160, 1, 0
80196, 2, 0
80250, 0, 0
80285, 1, 1
80321, 2, 0
80375, 0, 0
80410, 1, 0
80446, 2, 1
80500, 0, 1
80535, 1, 1
80571, 2, 1
80625, 0, 0
80660, 1, 0
80696, 2, 1
80750, 0, 1
80785, 1, 1
80821, 2, 1
80875, 0, bit 0
80875, 0, 1
80910, 1, bit 1
80910, 1, 1
80946, 2, 1
81000, 0, 0
81035, 1, 0
81071, 2, 1
81125, 0, 0
81160, 1, 1
81196, 2, 1
81250, 0, 1
81285, 1, 0
81321, 2, 1
81375, 0, 0
81410, 1, 1
81446, 2, prem 0
81446, 2, 0
81500, 0, 1
81536, 1, 0
81571, 2, 0
81625, 0, 0
81661, 1, 0
81696, 2, 0
81750, 0, 1
81786, 1, 1
81821, 2, 0
81875, 0, 0
81911, 1, 1
81946, 2, 0
82000, 0, 1
82036, 1, 0
82071, 2, 0
82125, 0, 1
82161, 1, 1
82196, 2, 0
82250, 0, 0
82286, 1, 0
82321, 2, 0
82375, 0, 1
82411, 1, 1
82446, 2, 1
82500, 0, 0
82536, 1, 0
82571, 2, 1
82625, 0, bit 0
82625, 0, 1
82661, 1, bit 0
82661, 1, 0
82696, 2, 1
82750, 0, 0
82786, 1, 1
82821, 2, 1
82875, 0, 0
82911, 1, 0
82946, 2, 1
83000, 0, 1
83036, 1, 1
83072, 2, 1
83125, 0, 0
83161, 1, 0
83197, 2, 1
83250, 0, 1
83286, 1, 1
83322, 2, 1
83375, 0, 0
83411, 1, 1
83447, 2, prem 0
83447, 2, 0
83500, 0, 1
83536, 1, 0
83572, 2, 0
83625, 0, 0
83661, 1, 0
83697, 2, 0
83750, 0, 1
83786, 1, 1
83822, 2, 0
83875, 0, 1
83911, 1, 0
83947, 2, 0
84000, 0, 0
84036, 1, 1
84072, 2, 0
84125, 0, 1
84161, 1, 0
84197, 2, 0
84250, 0, 0
84286, 1, 1
84322, 2, 0
84375, 0, bit 1
84375, 0, 0
84411, 1, bit 1
84411, 1, 1
84447, 2, 1
84500, 0, 1
84537, 1, 0
84572, 2, 1
84625, 0, 1
84662, 1, 1
84697, 2, 1
84750, 0, 0
84787, 1, 0
84822, 2, 1
84875, 0, 1
84912, 1, 1
84947, 2, 1
85000, 0, 0
85037, 1, 0
85072, 2, 1
85125, 0, 1
85163, 1, 0
85197, 2, 1
85250, 0, 0
85288, 1, 1
85322, 2, 1
85376, 0, 1
85413, 1, 1
85447, 2, bit 1
85447, 2, 1
85501, 0, 0
85538, 1, 0
85572, 2, 0
85626, 0, 0
85663, 1, 1
85697, 2, 1
85751, 0, 1
85788, 1, 0
85822, 2, 0
85876, 0, 0
85913, 1, 1
85947, 2, 0
86001, 0, 1
86038, 1, 0
86072, 2, 1
86126, 0, bit 0
86126, 0, 1
86163, 1, bit 0
86163, 1, 0
86197, 2, 0
86251, 0, 0
86288, 1, 1
86322, 2, 1
86350, 3, prem 0
86350, 3, 0
86376, 0, 0
86413, 1, 0
86447, 2, 0
86475, 3, 0
86501, 0, 1
86538, 1, 1
86572, 2, 1
86600, 3, 0
86626, 0, 0
86663, 1, 0
86697, 2, 0
86725, 3, 0
86751, 0, 1
86788, 1, 1
86822, 2, 1
86850, 3, 0
86876, 0, 0
86913, 1, 1
86947, 2, 0
86975, 3, 0
87001, 0, 1
87038, 1, 0
87072, 2, 1
87100, 3, 0
87126, 0, 0
87163, 1, 0
87197, 2, bit 1
87197, 2, 1
87233, 3, 0
87251, 0, 1
87288, 1, 1
87322, 2, 0
87358, 3, 1
87376, 0, 1
87413, 1, 0
87447, 2, 1
87483, 3, 1
87501, 0, 0
87538, 1, 1
87572, 2, 0
87608, 3, 1
87626, 0, 1
87663, 1, 0
87697, 2, 0
87733, 3, 1
87751, 0, 0
87788, 1, 1
87822, 2, 1
87858, 3, 1
87876, 0, bit 0
87876, 0, 1
87913, 1, bit 1
87913, 1, 1
87947, 2, 0
87983, 3, 1
88001, 0, 0
88038, 1, 0
88072, 2, 1
88108, 3, 1
88126, 0, 0
88163, 1, 1
88197, 2, 0
88233, 3, 1
88251, 0, 1
88288, 1, 0
88322, 2, 1
88358, 3, prem 1
88395, 3, 1
88395, 0, 0
88413, 1, 1
88448, 2, 0
88483, 3, 1
88520, 0, 1
88538, 1, 0
88573, 2, 1
88608, 3, 1
88645, 0, 0
88663, 1, 0
88698, 2, 0
88733, 3, 1
88770, 0, 1
88788, 1, 1
88823, 2, 1
88858, 3, 1
88895, 0, 0
88913, 1, 1
88948, 2, bit 1
88948, 2, 1
88983, 3, 1
89020, 0, 1
89038, 1, 0
89073, 2, 0
89108, 3, 1
89145, 0, 1
89163, 1, 1
89198, 2, 1
89233, 3, 1
89270, 0, 0
89288, 1, 0
89323, 2, 0
89358, 3, 0
89395, 0, 1
89413, 1, 1
89448, 2, 0
89483, 3, 0
89520, 0, 0
89545, 1, 0
89573, 2, 1
89608, 3, 0
89645, 0, bit 1
89645, 0, 0
89670, 1, bit 0
89670, 1, 0
89698, 2, 0
89733, 3, 0
89771, 0, 1
89795, 1, 1
89823, 2, 1
89858, 3, 0
89896, 0, 1
89920, 1, 0
89948, 2, 0
89984, 3, 0
90021, 0, 0
90045, 1, 1
90073, 2, 1
90109, 3, 0
90146, 0, 1
90170, 1, 0
90198, 2, 0
90234, 3, 0
90271, 0, 0
90295, 1, 1
90323, 2, 1
90359, 3, prem 0
90359, 3, 0
90396, 0, 1
90420, 1, 1
90448, 2, 0
90484, 3, 0
90521, 0, 0
90545, 1, 0
90573, 2, 1
90609, 3, 0
90646, 0, 1
90670, 1, 0
90698, 2, bit 1
90698, 2, 1
90734, 3, 0
90771, 0, 0
90795, 1, 1
90823, 2, 0
90859, 3, 0
90896, 0, 0
90920, 1, 0
90948, 2, 1
90984, 3, 0
91021, 0, 1
91045, 1, 1
91073, 2, 0
91109, 3, 0
91146, 0, 0
91170, 1, 0
91198, 2, 0
91234, 3, 0
91271, 0, 1
91295, 1, 1
91323, 2, 1
91359, 3, 1
91396, 0, bit 1
91396, 0, 0
91420, 1, bit 1
91420, 1, 1
91448, 2, 0
91484, 3, 1
91521, 0, 1
91545, 1, 0
91573, 2, 1
91609, 3, 1
91646, 0, 1
91670, 1, 1
91698, 2, 0
91734, 3, 1
91771, 0, 0
91795, 1, 0
91823, 2, 1
91859, 3, 1
91896, 0, 1
91920, 1, 1
91948, 2, 0
91984, 3, 1
92021, 0, 0
92045, 1, 0
92073, 2, 1
92109, 3, 1
92146, 0, 1
92170, 1, 0
92198, 2, 0
92234, 3, 1
92271, 0, 0
92295, 1, 1
92323, 2, 1
92359, 3, prem 1
92359, 3, 1
92396, 0, 1
92420, 1, 1
92448, 2, bit 1
92448, 2, 1
92484, 3, 1
92521, 0, 0
92545, 1, 0
92573, 2, 0
92609, 3, 1
92646, 0, 0
92670, 1, 1
92698, 2, 1
92734, 3, 1
92771, 0, 1
92795, 1, 0
92823, 2, 0
92859, 3, 1
92896, 0, 0
92920, 1, 1
92948, 2, 0
92984, 3, 1
93021, 0, 1
93045, 1, 0
93073, 2, 1
93109, 3, 1
93146, 0, bit 1
93146, 0, 0
93170, 1, bit 0
93170, 1, 0
93198, 2, 0
93234, 3, 1
93271, 0, 1
93295, 1, 1
93323, 2, 1
93359, 3, 0
93396, 0, 1
93420, 1, 0
93448, 2, 0
93484, 3, 0
93521, 0, 0
93545, 1, 1
93573, 2, 1
93609, 3, 0
93646, 0, 1
93670, 1, 0
93698, 2, 0
93734, 3, 0
93771, 0, 0
93795, 1, 1
93824, 2, 1
93859, 3, 0
93896, 0, 1
93920, 1, 1
93949, 2, 0
93984, 3, 0
94021, 0, 0
94054, 1, 0
94074, 2, 1
94109, 3, 0
94146, 0, 1
94179, 1, 0
94199, 2, bit 0
94199, 2, 0
94234, 3, 0
94271, 0, 0
94304, 1, 1
94324, 2, 1
94359, 3, prem 0
94359, 3, 0
94396, 0, 0
94429, 1, 0
94449, 2, 0
94484, 3, 0
94521, 0, 1
94554, 1, 1
94574, 2, 1
94609, 3, 0
94646, 0, 0
94679, 1, 0
94699, 2, 1
94734, 3, 0
94771, 0, 1
94804, 1, 1
94824, 2, 0
94859, 3, 0
94896, 0, bit 1
94896, 0, 0
94929, 1, bit 0
94929, 1, 0
94949, 2, 1
94984, 3, 0
95021, 0, 1
95054, 1, 1
95074, 2, 0
95113, 3, 0
95147, 0, 1
95179, 1, 0
95199, 2, 1
95238, 3, 0
95272, 0, 0
95304, 1, 1
95324, 2, 0
95363, 3, 1
95397, 0, 1
95429, 1, 0
95449, 2, 1
95488, 3, 1
95522, 0, 0
95554, 1, 1
95574, 2, 0
95613, 3, 1
95647, 0, 1
95679, 1, 1
95699, 2, 1
95738, 3, 1
95772, 0, 0
95804, 1, 0
95824, 2, 0
95863, 3, 1
95897, 0, 1
95929, 1, 0
95949, 2, bit 0
95949, 2, 0
95988, 3, 1
96022, 0, 0
96054, 1, 1
96074, 2, 1
96113, 3, 1
96147, 0, 0
96179, 1, 0
96199, 2, 0
96238, 3, 1
96272, 0, 1
96304, 1, 1
96324, 2, 1
96363, 3, prem 1
96363, 3, 1
96397, 0, 0
96429, 1, 0
96449, 2, 1
96488, 3, 1
96522, 0, 1
96555, 1, 1
96574, 2, 0
96613, 3, 1
96647, 0, bit 1
96647, 0, 0
96680, 1, bit 0
96680, 1, 0
96699, 2, 1
96738, 3, 1
96772, 0, 1
96805, 1, 1
96824, 2, 0
96863, 3, 1
96897, 0, 1
96930, 1, 0
96949, 2, 1
96988, 3, 1
97022, 0, 0
97055, 1, 1
97074, 2, 0
97113, 3, 1
97147, 0, 1
97180, 1, 0
97199, 2, 1
97238, 3, 1
97272, 0, 0
97305, 1, 1
97324, 2, 0
97363, 3, 0
97397, 0, 1
97432, 1, 1
97449, 2, 1
97488, 3, 0
97522, 0, 0
97557, 1, 0
97574, 2, 0
97613, 3, 0
97647, 0, 1
97682, 1, 0
97699, 2, bit 1
97699, 2, 1
97738, 3, 0
97772, 0, 0
97807, 1, 1
97824, 2, 0
97863, 3, 0
97897, 0, 0
97932, 1, 0
97949, 2, 1
97988, 3, 0
98022, 0, 1
98057, 1, 1
98074, 2, 0
98113, 3, 0
98147, 0, 0
98182, 1, 0
98199, 2, 0
98238, 3, 0
98272, 0, 1
98307, 1, 1
98324, 2, 1
98363, 3, prem 1
98363, 3, 1
98397, 0, bit 1
98397, 0, 0
98432, 1, bit 1
98432, 1, 1
98449, 2, 0
98502, 3, 1
98522, 0, 1
98557, 1, 0
98574, 2, 1
98627, 3, 1
98647, 0, 1
98682, 1, 1
98699, 2, 0
98752, 3, 1
98772, 0, 0
98807, 1, 0
98824, 2, 1
98877, 3, 1
98897, 0, 1
98932, 1, 1
98949, 2, 0
99002, 3, 1
99022, 0, 0
99057, 1, 0
99074, 2, 1
99127, 3, 1
99147, 0, 1
99182, 1, 0
99200, 2, 0
99252, 3, 1
99272, 0, 0
99307, 1, 1
99325, 2, 1
99377, 3, 0
99397, 0, 1
99432, 1, 1
99450, 2, bit 0
99450, 2, 0
99502, 3, 0
99522, 0, 0
99557, 1, 0
99575, 2, 1
99627, 3, 0
99647, 0, 0
99682, 1, 1
99700, 2, 0
99752, 3, 0
99772, 0, 1
99807, 1, 0
99825, 2, 1
99877, 3, 0
99897, 0, 0
99932, 1, 1
99950, 2, 1
100002, 3, 0
100022, 0, 1
100057, 1, 0
100075, 2, 0
100127, 3, 0
100147, 0, bit 0
100147, 0, 1
100182, 1, bit 1
100182, 1, 1
100200, 2, 1
100252, 3, 0
100272, 0, 0
100307, 1, 0
100325, 2, 0
100377, 3, bit 1
100377, 3, 0
100397, 0, 0
100432, 1, 1
100450, 2, 1
100502, 3, 1
100523, 0, 1
100557, 1, 0
100575, 2, 0
100627, 3, 1
100648, 0, 0
100682, 1, 1
100703, 2, 1
100752, 3, 0
100773, 0, 1
100807, 1, 0
100828, 2, 0
100877, 3, 0
100898, 0, 0
100932, 1, 0
100953, 2, 1
101002, 3, 1
101023, 0, 1
101057, 1, 1
101078, 2, 0
101127, 3, 1
101148, 0, 0
101182, 1, 1
101203, 2, bit 0
101203, 2, 0
101252, 3, 0
101273, 0, 1
101307, 1, 0
101328, 2, 1
101377, 3, 0
101398, 0, 1
101432, 1, 1
101453, 2, 0
101502, 3, 1
101523, 0, 0
101557, 1, 0
101578, 2, 1
101627, 3, 1
101648, 0, 1
101682, 1, 1
101703, 2, 1
101752, 3, 0
101773, 0, 0
101807, 1, 0
101828, 2, 0
101877, 3, 1
101898, 0, bit 1
101898, 0, 0
101932, 1, bit 0
101932, 1, 0
101953, 2, 1
102002, 3, 0
102023, 0, 1
102057, 1, 1
102078, 2, 0
102127, 3, bit 0
102127, 3, 1
102148, 0, 1
102182, 1, 0
102203, 2, 1
102252, 3, 0
102273, 0, 0
102307, 1, 1
102328, 2, 0
102377, 3, 0
102398, 0, 1
102432, 1, 0
102453, 2, 1
102502, 3, 1
102523, 0, 0
102557, 1, 1
102578, 2, 0
102627, 3, 1
102648, 0, 1
102682, 1, 1
102703, 2, 1
102752, 3, 0
102773, 0, 0
102807, 1, 0
102830, 2, 0
102877, 3, 0
102898, 0, 1
102932, 1, 0
102955, 2, bit 1
102955, 2, 1
103002, 3, 1
103023, 0, 0
103057, 1, 1
103080, 2, 0
103127, 3, 1
103148, 0, 0
103182, 1, 0
103205, 2, 1
103252, 3, 0
103273, 0, 1
103307, 1, 1
103330, 2, 0
103377, 3, 0
103398, 0, 0
103432, 1, 0
103455, 2, 0
103502, 3, 1
103523, 0, 1
103557, 1, 1
103580, 2, 1
103627, 3, 0
103648, 0, bit 1
103648, 0, 0
103682, 1, bit 0
103682, 1, 0
103705, 2, 0
103752, 3, 1
103773, 0, 1
103808, 1, 1
103830, 2, 1
103877, 3, bit 1
103877, 3, 0
103898, 0, 1
103933, 1, 0
103955, 2, 0
104002, 3, 1
104023, 0, 0
104058, 1, 1
104080, 2, 1
104127, 3, 1
104148, 0, 1
104183, 1, 0
104205, 2, 0
104252, 3, 0
104273, 0, 0
104308, 1, 1
104330, 2, 1
104377, 3, 0
104398, 0, 1
104433, 1, 1
104455, 2, 0
104502, 3, 1
104523, 0, 0
104558, 1, 0
104580, 2, 1
104627, 3, 1
104648, 0, 1
104683, 1, 0
104705, 2, bit 0
104705, 2, 0
104752, 3, 0
104773, 0, 0
104808, 1, 1
104830, 2, 1
104877, 3, 0
104898, 0, 0
104933, 1, 0
104955, 2, 0
105003, 3, 1
105023, 0, 1
105058, 1, 1
105080, 2, 1
105128, 3, 1
105148, 0, 0
105183, 1, 0
105205, 2, 1
105253, 3, 0
105273, 0, 1
105308, 1, 1
105330, 2, 0
105378, 3, 1
105398, 0, bit 1
105398, 0, 0
105433, 1, bit 1
105433, 1, 1
105455, 2, 1
105503, 3, 0
105523, 0, 1
105558, 1, 0
105580, 2, 0
105628, 3, bit 1
105628, 3, 0
105648, 0, 1
105683, 1, 1
105705, 2, 1
105753, 3, 1
105773, 0, 0
105808, 1, 0
105830, 2, 0
105878, 3, 1
105899, 0, 1
105933, 1, 1
105956, 2, 1
106003, 3, 0
106024, 0, 0
106058, 1, 0
106081, 2, 0
106128, 3, 0
106149, 0, 1
106183, 1, 0
106206, 2, 1
106253, 3, 1
106274, 0, 0
106308, 1, 1
106331, 2, 0
106378, 3, 1
106399, 0, 1
106433, 1, 1
106456, 2, bit 1
106456, 2, 1
106503, 3, 0
106524, 0, 0
106558, 1, 0
106582, 2, 0
106628, 3, 0
106649, 0, 0
106683, 1, 1
106707, 2, 1
106753, 3, 1
106774, 0, 1
106808, 1, 0
106832, 2, 0
106878, 3, 1
106899, 0, 0
106933, 1, 1
106957, 2, 0
107003, 3, 0
107024, 0, 1
107058, 1, 0
107082, 2, 1
107128, 3, 1
107149, 0, bit 1
107149, 0, 0
107183, 1, bit 1
107183, 1, 1
107207, 2, 0
107253, 3, 0
107274, 0, 1
107308, 1, 0
107332, 2, 1
107378, 3, bit 1
107378, 3, 0
107399, 0, 1
107433, 1, 1
107457, 2, 0
107503, 3, 1
107524, 0, 0
107558, 1, 0
107582, 2, 1
107628, 3, 1
107649, 0, 1
107683, 1, 1
107707, 2, 0
107753, 3, 0
107774, 0, 0
107808, 1, 0
107832, 2, 1
107878, 3, 0
107899, 0, 1
107933, 1, 0
107957, 2, 0
108003, 3, 1
108024, 0, 0
108058, 1, 1
108082, 2, 1
108128, 3, 1
108149, 0, 1
108183, 1, 1
108207, 2, bit 1
108207, 2, 1
108253, 3, 0
108274, 0, 0
108308, 1, 0
108332, 2, 0
108378, 3, 0
108399, 0, 0
108433, 1, 1
108457, 2, 1
108503, 3, 1
108524, 0, 1
108558, 1, 0
108582, 2, 0
108628, 3, 1
108649, 0, 0
108683, 1, 1
108707, 2, 0
108753, 3, 0
108774, 0, 1
108808, 1, 0
108832, 2, 1
108878, 3, 1
108899, 0, bit 0
108899, 0, 1
108933, 1, bit 1
108933, 1, 1
108957, 2, 0
109003, 3, 0
109024, 0, 0
109058, 1, 0
109082, 2, 1
109128, 3, bit 1
109128, 3, 0
109149, 0, 0
109184, 1, 1
109207, 2, 0
109253, 3, 1
109274, 0, 1
109309, 1, 0
109332, 2, 1
109378, 3, 1
109399, 0, 0
109434, 1, 1
109457, 2, 0
109503, 3, 0
109524, 0, 1
109559, 1, 0
109582, 2, 1
109628, 3, 0
109649, 0, 0
109684, 1, 0
109707, 2, 0
109753, 3, 1
109774, 0, 1
109809, 1, 1
109832, 2, 1
109878, 3, 1
109899, 0, 0
109934, 1, 1
109957, 2, bit 0
109957, 2, 0
110003, 3, 0
110024, 0, 1
110059, 1, 0
110082, 2, 1
110128, 3, 0
110149, 0, 1
110184, 1, 1
110208, 2, 0
110253, 3, 1
110274, 0, 0
110309, 1, 0
110333, 2, 1
110379, 3, 1
110399, 0, 1
110434, 1, 1
110458, 2, 1
110504, 3, 0
110524, 0, 0
110559, 1, 0
110583, 2, 0
110629, 3, 1
110649, 0, bit 1
110649, 0, 0
110684, 1, bit 1
110684, 1, 1
110708, 2, 1
110754, 3, 0
110774, 0, 1
110809, 1, 0
110833, 2, 0
110879, 3, bit 0
110879, 3, 1
110899, 0, 1
110934, 1, 1
110958, 2, 1
111004, 3, 0
111024, 0, 0
111059, 1, 0
111083, 2, 0
111129, 3, 0
111149, 0, 1
111184, 1, 1
111208, 2, 1
111254, 3, 1
111275, 0, 0
111309, 1, 0
111333, 2, 0
111379, 3, 1
111400, 0, 1
111434, 1, 0
111458, 2, 1
111504, 3, 0
111525, 0, 0
111559, 1, 1
111583, 2, 0
111629, 3, 0
111650, 0, 1
111684, 1, 1
111708, 2, bit 0
111708, 2, 0
111754, 3, 1
111775, 0, 0
111809, 1, 0
111833, 2, 1
111879, 3, 1
111900, 0, 0
111934, 1, 1
111958, 2, 0
112004, 3, 0
112025, 0, 1
112059, 1, 0
112083, 2, 1
112129, 3, 0
112150, 0, 0
112184, 1, 1
112208, 2, 1
112254, 3, 1
112275, 0, 1
112309, 1, 0
112333, 2, 0
112379, 3, 0
112400, 0, bit 0
112400, 0, 1
112434, 1, bit 1
112434, 1, 1
112458, 2, 1
112504, 3, 1
112525, 0, 0
112559, 1, 0
112583, 2, 0
112629, 3, bit 1
112629, 3, 0
112650, 0, 0
112684, 1, 1
112708, 2, 1
112754, 3, 1
112775, 0, 1
112809, 1, 0
112833, 2, 0
112879, 3, 1
112900, 0, 0
112934, 1, 1
112958, 2, 1
113004, 3, 0
113025, 0, 1
113059, 1, 0
113083, 2, 0
113129, 3, 0
113150, 0, 0
113184, 1, 0
113208, 2, 1
113254, 3, 1
113275, 0, 1
113309, 1, 1
113333, 2, 0
113379, 3, 1
113400, 0, 0
113434, 1, 1
113458, 2, bit 0
113458, 2, 0
113504, 3, 0
113525, 0, 1
113559, 1, 0
113583, 2, 1
113629, 3, 0
113650, 0, 1
113684, 1, 1
113708, 2, 0
113754, 3, 1
113775, 0, 0
113809, 1, 0
113833, 2, 1
113879, 3, 1
113900, 0, 1
113934, 1, 1
113958, 2, 1
114004, 3, 0
114025, 0, 0
114059, 1, 0
114083, 2, 0
114129, 3, 1
114150, 0, bit 0
114150, 0, 1
114184, 1, bit 0
114184, 1, 0
114208, 2, 1
114254, 3, 0
114275, 0, 0
114309, 1, 1
114333, 2, 0
114379, 3, bit 1
114379, 3, 0
114400, 0, 0
114434, 1, 0
114458, 2, 1
114504, 3, 1
114525, 0, 1
114560, 1, 1
114583, 2, 0
114629, 3, 1
114650, 0, 0
114685, 1, 0
114708, 2, 1
114754, 3, 0
114775, 0, 1
114810, 1, 1
114833, 2, 0
114879, 3, 0
114900, 0, 0
114935, 1, 1
114958, 2, 1
115004, 3, 1
115025, 0, 1
115060, 1, 0
115083, 2, 0
115129, 3, 1
115150, 0, 0
115185, 1, 0
115208, 2, bit 0
115208, 2, 0
115254, 3, 0
115275, 0, 1
115310, 1, 1
115333, 2, 1
115379, 3, 0
115400, 0, 1
115435, 1, 0
115458, 2, 0
115504, 3, 1
115525, 0, 0
115560, 1, 1
115584, 2, 1
115629, 3, 1
115650, 0, 1
115685, 1, 0
115709, 2, 1
115755, 3, 0
115775, 0, 0
115810, 1, 1
115834, 2, 0
115880, 3, 1
115900, 0, bit 0
115900, 0, 1
115935, 1, bit 0
115935, 1, 0
115959, 2, 1
116005, 3, 0
116025, 0, 0
116060, 1, 1
116084, 2, 0
116130, 3, bit 0
116130, 3, 1
116150, 0, 0
116185, 1, 0
116209, 2, 1
116255, 3, 0
116275, 0, 1
116310, 1, 1
116334, 2, 0
116380, 3, 0
116400, 0, 0
116435, 1, 0
116459, 2, 1
116505, 3, 1
116525, 0, 1
116560, 1, 1
116584, 2, 0
116630, 3, 1
116651, 0, 0
116685, 1, 1
116709, 2, 1
116755, 3, 0
116776, 0, 1
116810, 1, 0
116834, 2, 0
116880, 3, 0
116901, 0, 0
116935, 1, 0
116959, 2, bit 1
116959, 2, 1
117005, 3, 1
117026, 0, 1
117060, 1, 1
117084, 2, 0
117130, 3, 1
117151, 0, 1
117185, 1, 0
117209, 2, 1
117255, 3, 0
117276, 0, 0
117310, 1, 1
117334, 2, 0
117380, 3, 0
117401, 0, 1
117435, 1, 0
117459, 2, 0
117505, 3, 1
117526, 0, 0
117560, 1, 1
117584, 2, 1
117630, 3, 0
117651, 0, bit 0
117651, 0, 1
117685, 1, bit 0
117685, 1, 0
117709, 2, 0
117755, 3, 1
117776, 0, 0
117810, 1, 1
117834, 2, 1
117880, 3, bit 1
117880, 3, 0
117901, 0, 0
117935, 1, 0
117959, 2, 0
118005, 3, 1
118026, 0, 1
118060, 1, 1
118084, 2, 1
118130, 3, 1
118151, 0, 0
118185, 1, 0
118209, 2, 0
118255, 3, 0
118276, 0, 1
118310, 1, 1
118334, 2, 1
118380, 3, 0
118401, 0, 0
118435, 1, 1
118459, 2, 0
118505, 3, 1
118526, 0, 1
118560, 1, 0
118584, 2, 1
118630, 3, 1
118651, 0, 0
118685, 1, 0
118709, 2, bit 0
118709, 2, 0
118755, 3, 0
118776, 0, 1
118810, 1, 1
118834, 2, 1
118880, 3, 0
118901, 0, 1
118935, 1, 0
118959, 2, 0
119005, 3, 1
119026, 0, 0
119060, 1, 1
119084, 2, 1
119130, 3, 1
119151, 0, 1
119185, 1, 0
119209, 2, 1
119255, 3, 0
119276, 0, 0
119310, 1, 1
119334, 2, 0
119380, 3, 1
119401, 0, bit 1
119401, 0, 0
119435, 1, bit 1
119435, 1, 1
119459, 2, 1
119505, 3, 0
119526, 0, 1
119560, 1, 0
119584, 2, 0
119630, 3, bit 0
119630, 3, 1
119651, 0, 1
119685, 1, 1
119709, 2, 1
119755, 3, 0
119776, 0, 0
119810, 1, 0
119834, 2, 0
119880, 3, 0
119901, 0, 1
119936, 1, 1
119959, 2, 1
120005, 3, 1
120026, 0, 0
120061, 1, 0
120084, 2, 0
120130, 3, 1
120151, 0, 1
120186, 1, 0
120209, 2, 1
120255, 3, 0
120276, 0, 0
120311, 1, 1
120334, 2, 0
120380, 3, 0
120401, 0, 1
120436, 1, 1
120459, 2, bit 1
120459, 2, 1
120505, 3, 1
120526, 0, 0
120561, 1, 0
120584, 2, 0
120630, 3, 1
120651, 0, 0
120686, 1, 1
120709, 2, 1
120755, 3, 0
120776, 0, 1
120811, 1, 0
120834, 2, 0
120880, 3, 0
120901, 0, 0
120936, 1, 1
120960, 2, 0
121005, 3, 1
121026, 0, 1
121061, 1, 0
121085, 2, 1
121131, 3, 0
121151, 0, bit 1
121151, 0, 0
121186, 1, bit 1
121186, 1, 1
121210, 2, 0
121256, 3, 1
121276, 0, 1
121311, 1, 0
121335, 2, 1
121381, 3, bit 0
121381, 3, 1
121401, 0, 1
121436, 1, 1
121460, 2, 0
121506, 3, 0
121526, 0, 0
121561, 1, 0
121585, 2, 1
121631, 3, 0
121651, 0, 1
121686, 1, 1
121710, 2, 0
121756, 3, 1
121776, 0, 0
121811, 1, 0
121835, 2, 1
121881, 3, 1
121901, 0, 1
121936, 1, 0
121960, 2, 0
122006, 3, 0
122027, 0, 0
122061, 1, 1
122085, 2, 1
122131, 3, 0
122152, 0, 1
122186, 1, 1
122210, 2, bit 0
122210, 2, 0
122256, 3, 1
122277, 0, 0
122311, 1, 0
122335, 2, 1
122381, 3, 1
122402, 0, 0
122436, 1, 1
122460, 2, 0
122506, 3, 0
122527, 0, 1
122561, 1, 0
122585, 2, 1
122631, 3, 0
122652, 0, 0
122686, 1, 1
122710, 2, 1
122756, 3, 1
122777, 0, 1
122811, 1, 0
122835, 2, 0
122881, 3, 0
122902, 0, bit 1
122902, 0, 0
122936, 1, bit 1
122936, 1, 1
122960, 2, 1
123006, 3, 1
123027, 0, 1
123061, 1, 0
123085, 2, 0
123131, 3, bit 1
123131, 3, 0
123152, 0, 1
123186, 1, 1
123210, 2, 1
123256, 3, 1
123277, 0, 0
123311, 1, 0
123335, 2, 0
123381, 3, 1
123402, 0, 1
123436, 1, 1
123460, 2, 1
123506, 3, 0
123527, 0, 0
123561, 1, 0
123585, 2, 0
123631, 3, 0
123652, 0, 1
123686, 1, 0
123710, 2, 1
123756, 3, 1
123777, 0, 0
123811, 1, 1
123835, 2, 0
123881, 3, 1
123902, 0, 1
123936, 1, 1
123960, 2, bit 0
123960, 2, 0
124006, 3, 0
124027, 0, 0
124061, 1, 0
124085, 2, 1
124131, 3, 0
124152, 0, 0
124186, 1, 1
124210, 2, 0
124256, 3, 1
124277, 0, 1
124311, 1, 0
124335, 2, 1
124381, 3, 1
124402, 0, 0
124436, 1, 1
124460, 2, 1
124506, 3, 0
124527, 0, 1
124561, 1, 0
124585, 2, 0
124631, 3, 1
124652, 0, bit 0
124652, 0, 1
124686, 1, bit 0
124686, 1, 0
124710, 2, 1
124756, 3, 0
124777, 0, 0
124811, 1, 1
124835, 2, 0
124881, 3, bit 1
124881, 3, 0
124902, 0, 0
124936, 1, 0
124960, 2, 1
125006, 3, 1
125027, 0, 1
125061, 1, 1
125085, 2, 0
125131, 3, 1
125152, 0, 0
125186, 1, 0
125210, 2, 1
125256, 3, 0
125277, 0, 1
125312, 1, 1
125335, 2, 0
125381, 3, 0
125402, 0, 0
125437, 1, 1
125460, 2, 1
125506, 3, 1
125527, 0, 1
125562, 1, 0
125585, 2, 0
125631, 3, 1
125652, 0, 0
125687, 1, 0
125710, 2, bit 1
125710, 2, 1
125756, 3, 0
125777, 0, 1
125812, 1, 1
125835, 2, 0
125881, 3, 0
125902, 0, 1
125937, 1, 0
125960, 2, 1
126006, 3, 1
126027, 0, 0
126062, 1, 1
126085, 2, 0
126131, 3, 1
126152, 0, 1
126187, 1, 0
126210, 2, 0
126256, 3, 0
126277, 0, 0
126312, 1, 1
126336, 2, 1
126381, 3, 1
126402, 0, bit 1
126402, 0, 0
126437, 1, bit 0
126437, 1, 0
126461, 2, 0
126507, 3, 0
126527, 0, 1
126562, 1, 1
126586, 2, 1
126632, 3, bit 0
126632, 3, 1
126652, 0, 1
126687, 1, 0
126711, 2, 0
126757, 3, 0
126777, 0, 0
126812, 1, 1
126836, 2, 1
126882, 3, 0
126902, 0, 1
126937, 1, 0
126961, 2, 0
127007, 3, 1
127027, 0, 0
127062, 1, 1
127086, 2, 1
127132, 3, 1
127152, 0, 1
127187, 1, 1
127211, 2, 0
127257, 3, 0
127277, 0, 0
127312, 1, 0
127336, 2, 1
127382, 3, 0
127403, 0, 1
127437, 1, 0
127461, 2, bit 0
127461, 2, 0
127507, 3, 1
127528, 0, 0
127562, 1, 1
127586, 2, 1
127632, 3, 1
127653, 0, 0
127687, 1, 0
127711, 2, 0
127757, 3, 0
127778, 0, 1
127812, 1, 1
127836, 2, 1
127882, 3, 0
127903, 0, 0
127937, 1, 0
127961, 2, 1
128007, 3, 1
128028, 0, 1
128062, 1, 1
128086, 2, 0
128132, 3, 0
128153, 0, bit 1
128153, 0, 0
128187, 1, bit 1
128187, 1, 1
128211, 2, 1
128257, 3, 1
128278, 0, 1
128312, 1, 0
128336, 2, 0
128382, 3, bit 0
128382, 3, 1
128403, 0, 1
128437, 1, 1
128461, 2, 1
128507, 3, 0
128528, 0, 0
128562, 1, 0
128586, 2, 0
128632, 3, 0
128653, 0, 1
128687, 1, 1
128711, 2, 1
128757, 3, 1
128778, 0, 0
128812, 1, 0
128836, 2, 0
128882, 3, 1
128903, 0, 1
128937, 1, 0
128961, 2, 1
129007, 3, 0
129028, 0, 0
129062, 1, 1
129086, 2, 0
129132, 3, 0
129153, 0, 1
129187, 1, 1
129211, 2, bit 0
129211, 2, 0
129257, 3, 1
129278, 0, 0
129312, 1, 0
129336, 2, 1
129382, 3, 1
129403, 0, 0
129437, 1, 1
129461, 2, 0
129507, 3, 0
129528, 0, 1
129562, 1, 0
129586, 2, 1
129632, 3, 0
129653, 0, 0
129687, 1, 1
129711, 2, 1
129757, 3, 1
129778, 0, 1
129812, 1, 0
129836, 2, 0
129882, 3, 0
129903, 0, bit 1
129903, 0, 0
129937, 1, bit 0
129937, 1, 0
129961, 2, 1
130007, 3, 1
130028, 0, 1
130062, 1, 1
130086, 2, 0
130132, 3, bit 1
130132, 3, 0
130153, 0, 1
130187, 1, 0
130211, 2, 1
130257, 3, 1
130278, 0, 0
130312, 1, 1
130336, 2, 0
130382, 3, 1
130403, 0, 1
130437, 1, 0
130461, 2, 1
130507, 3, 0
130528, 0, 0
130562, 1, 1
130586, 2, 0
130632, 3, 0
130653, 0, 1
130688, 1, 1
130711, 2, 1
130757, 3, 1
130778, 0, 0
130813, 1, 0
130836, 2, 0
130882, 3, 1
130903, 0, 1
130938, 1, 0
130961, 2, bit 1
130961, 2, 1
131007, 3, 0
131028, 0, 0
131063, 1, 1
131086, 2, 0
131132, 3, 0
131153, 0, 0
131188, 1, 0
131211, 2, 1
131257, 3, 1
131278, 0, 1
131313, 1, 1
131336, 2, 0
131382, 3, 1
131403, 0, 0
131438, 1, 0
131461, 2, 0
131507, 3, 0
131528, 0, 1
131563, 1, 1
131586, 2, 1
131632, 3, 1
131653, 0, bit 1
131653, 0, 0
131688, 1, bit 1
131688, 1, 1
131712, 2, 0
131757, 3, 0
131778, 0, 1
131813, 1, 0
131837, 2, 1
131883, 3, bit 0
131883, 3, 1
131903, 0, 1
131938, 1, 1
131962, 2, 0
132008, 3, 0
132028, 0, 0
132063, 1, 0
132087, 2, 1
132133, 3, 0
132153, 0, 1
132188, 1, 1
132212, 2, 0
132258, 3, 1
132278, 0, 0
132313, 1, 0
132337, 2, 1
132383, 3, 1
132403, 0, 1
132438, 1, 0
132462, 2, 0
132508, 3, 0
132528, 0, 0
132563, 1, 1
132587, 2, 1
132633, 3, 0
132653, 0, 1
132688, 1, 1
132712, 2, bit 0
132712, 2, 0
132758, 3, 1
132779, 0, 0
132813, 1, 0
132837, 2, 1
132883, 3, 1
132904, 0, 0
132938, 1, 1
132962, 2, 0
133008, 3, 0
133029, 0, 1
133063, 1, 0
133087, 2, 1
133133, 3, 0
133154, 0, 0
133188, 1, 1
133212, 2, 1
133258, 3, 1
133279, 0, 1
133313, 1, 0
133337, 2, 0
133383, 3, 0
133404, 0, bit 0
133404, 0, 1
133438, 1, bit 1
133438, 1, 1
133462, 2, 1
133508, 3, 1
133529, 0, 0
133563, 1, 0
133587, 2, 0
133633, 3, bit 0
133633, 3, 1
133654, 0, 0
133688, 1, 1
133712, 2, 1
133758, 3, 0
133779, 0, 1
133813, 1, 0
133837, 2, 0
133883, 3, 0
133904, 0, 0
133938, 1, 1
133962, 2, 1
134008, 3, 1
134029, 0, 1
134063, 1, 0
134087, 2, 0
134133, 3, 1
134154, 0, 0
134188, 1, 0
134212, 2, 1
134258, 3, 0
134279, 0, 1
134313, 1, 1
134337, 2, 0
134383, 3, 0
134404, 0, 0
134438, 1, 1
134462, 2, bit 0
134462, 2, 0
134508, 3, 1
134529, 0, 1
134563, 1, 0
134587, 2, 1
134633, 3, 1
134654, 0, 1
134688, 1, 1
134712, 2, 0
134758, 3, 0
134779, 0, 0
134813, 1, 0
134837, 2, 1
134883, 3, 0
134904, 0, 1
134938, 1, 1
134962, 2, 1
135008, 3, 1
135029, 0, 0
135063, 1, 0
135087, 2, 0
135133, 3, 0
135154, 0, bit 1
135154, 0, 0
135188, 1, bit 1
135188, 1, 1
135212, 2, 1
135258, 3, 1
135279, 0, 1
135313, 1, 0
135337, 2, 0
135383, 3, bit 1
135383, 3, 0
135404, 0, 1
135438, 1, 1
135462, 2, 1
135508, 3, 1
135529, 0, 0
135563, 1, 0
135587, 2, 0
135633, 3, 1
135654, 0, 1
135688, 1, 1
135712, 2, 1
135758, 3, 0
135779, 0, 0
135813, 1, 0
135837, 2, 0
135883, 3, 0
135904, 0, 1
135938, 1, 0
135962, 2, 1
136008, 3, 1
136029, 0, 0
136064, 1, 1
136087, 2, 0
136133, 3, 1
136154, 0, 1
136189, 1, 1
136212, 2, bit 1
136212, 2, 1
136258, 3, 0
136279, 0, 0
136314, 1, 0
136337, 2, 0
136383, 3, 0
136404, 0, 0
136439, 1, 1
136462, 2, 1
136508, 3, 1
136529, 0, 1
136564, 1, 0
136587, 2, 0
136633, 3, 1
136654, 0, 0
136689, 1, 1
136712, 2, 0
136758, 3, 0
136779, 0, 1
136814, 1, 0
136837, 2, 1
136883, 3, 1
136904, 0, bit 0
136904, 0, 1
136939, 1, bit 1
136939, 1, 1
136962, 2, 0
137008, 3, 0
137029, 0, 0
137064, 1, 0
137088, 2, 1
137133, 3, bit 1
137133, 3, 0
137154, 0, 0
137189, 1, 1
137213, 2, 0
137259, 3, 1
137279, 0, 1
137314, 1, 0
137338, 2, 1
137384, 3, 1
137404, 0, 0
137439, 1, 1
137463, 2, 0
137509, 3, 0
137529, 0, 1
137564, 1, 0
137588, 2, 1
137634, 3, 0
137654, 0, 0
137689, 1, 0
137713, 2, 0
137759, 3, 1
137779, 0, 1
137814, 1, 1
137838, 2, 1
137884, 3, 1
137904, 0, 0
137939, 1, 1
137963, 2, bit 0
137963, 2, 0
138009, 3, 0
138029, 0, 1
138064, 1, 0
138088, 2, 1
138134, 3, 0
138155, 0, 1
138189, 1, 1
138213, 2, 0
138259, 3, 1
138280, 0, 0
138314, 1, 0
138338, 2, 1
138384, 3, 1
138405, 0, 1
138439, 1, 1
138463, 2, 1
138509, 3, 0
138530, 0, 0
138564, 1, 0
138588, 2, 0
138634, 3, 1
138655, 0, bit 1
138655, 0, 0
138689, 1, bit 0
138689, 1, 0
138713, 2, 1
138759, 3, 0
138780, 0, 1
138814, 1, 1
138838, 2, 0
138884, 3, bit 1
138884, 3, 0
138905, 0, 1
138939, 1, 0
138963, 2, 1
139009, 3, 1
139030, 0, 0
139064, 1, 1
139088, 2, 0
139134, 3, 1
139155, 0, 1
139189, 1, 0
139213, 2, 1
139259, 3, 0
139280, 0, 0
139314, 1, 1
139338, 2, 0
139384, 3, 0
139405, 0, 1
139439, 1, 1
139463, 2, 1
139509, 3, 1
139530, 0, 0
139564, 1, 0
139588, 2, 0
139634, 3, 1
139655, 0, 1
139689, 1, 0
139713, 2, bit 1
139713, 2, 1
139759, 3, 0
139780, 0, 0
139814, 1, 1
139838, 2, 0
139884, 3, 0
139905, 0, 0
139939, 1, 0
139963, 2, 1
140009, 3, 1
140030, 0, 1
140064, 1, 1
140088, 2, 0
140134, 3, 1
140155, 0, 0
140189, 1, 0
140213, 2, 0
140259, 3, 0
140280, 0, 1
140314, 1, 1
140338, 2, 1
140384, 3, 1
140405, 0, bit 1
140405, 0, 0
140439, 1, bit 1
140439, 1, 1
140463, 2, 0
140509, 3, 0
140530, 0, 1
140564, 1, 0
140588, 2, 1
140634, 3, bit 1
140634, 3, 0
140655, 0, 1
140689, 1, 1
140713, 2, 0
140759, 3, 1
140780, 0, 0
140814, 1, 0
140838, 2, 1
140884, 3, 1
140905, 0, 1
140939, 1, 1
140963, 2, 0
141009, 3, 0
141030, 0, 0
141064, 1, 0
141088, 2, 1
141134, 3, 0
141155, 0, 1
141189, 1, 0
141213, 2, 0
141259, 3, 1
141280, 0, 0
141314, 1, 1
141338, 2, 1
141384, 3, 1
141405, 0, 1
141440, 1, 1
141463, 2, bit 0
141463, 2, 0
141509, 3, 0
141530, 0, 0
141565, 1, 0
141588, 2, 1
141634, 3, 0
141655, 0, 0
141690, 1, 1
141713, 2, 0
141759, 3, 1
141780, 0, 1
141815, 1, 0
141838, 2, 1
141884, 3, 1
141905, 0, 0
141940, 1, 1
141963, 2, 1
142009, 3, 0
142030, 0, 1
142065, 1, 0
142088, 2, 0
142134, 3, 1
142155, 0, bit 0
142155, 0, 1
142190, 1, bit 0
142190, 1, 0
142213, 2, 1
142259, 3, 0
142280, 0, 0
142315, 1, 1
142338, 2, 0
142384, 3, bit 1
142384, 3, 0
142405, 0, 0
142440, 1, 0
142464, 2, 1
142509, 3, 1
142530, 0, 1
142565, 1, 1
142589, 2, 0
142635, 3, 1
142655, 0, 0
142690, 1, 0
142714, 2, 1
142760, 3, 0
142780, 0, 1
142815, 1, 1
142839, 2, 0
142885, 3, 0
142905, 0, 0
142940, 1, 1
142964, 2, 1
143010, 3, 1
143030, 0, 1
143065, 1, 0
143089, 2, 0
143135, 3, 1
143155, 0, 0
143190, 1, 0
143214, 2, bit 0
143214, 2, 0
143260, 3, 0
143280, 0, 1
143315, 1, 1
143339, 2, 1
143385, 3, 0
143405, 0, 1
143440, 1, 0
143464, 2, 0
143510, 3, 1
143531, 0, 0
143565, 1, 1
143589, 2, 1
143635, 3, 1
143656, 0, 1
143690, 1, 0
143714, 2, 1
143760, 3, 0
143781, 0, 0
143815, 1, 1
143839, 2, 0
143885, 3, 1
143906, 0, bit 0
143906, 0, 1
143940, 1, bit 0
143940, 1, 0
143964, 2, 1
144010, 3, 0
144031, 0, 0
144065, 1, 1
144089, 2, 0
144135, 3, bit 1
144135, 3, 0
144156, 0, 0
144190, 1, 0
144214, 2, 1
144260, 3, 1
144281, 0, 1
144315, 1, 1
144339, 2, 0
144385, 3, 1
144406, 0, 0
144440, 1, 0
144464, 2, 1
144510, 3, 0
144531, 0, 1
144565, 1, 1
144589, 2, 0
144635, 3, 0
144656, 0, 0
144690, 1, 1
144714, 2, 1
144760, 3, 1
144781, 0, 1
144815, 1, 0
144839, 2, 0
144885, 3, 1
144906, 0, 0
144940, 1, 0
144964, 2, bit 0
144964, 2, 0
145010, 3, 0
145031, 0, 1
145065, 1, 1
145089, 2, 1
145135, 3, 0
145156, 0, 1
145190, 1, 0
145214, 2, 0
145260, 3, 1
145281, 0, 0
145315, 1, 1
145339, 2, 1
145385, 3, 1
145406, 0, 1
145440, 1, 0
145464, 2, 1
145510, 3, 0
145531, 0, 0
145565, 1, 1
145589, 2, 0
145635, 3, 1
145656, 0, bit 0
145656, 0, 1
145690, 1, bit 1
145690, 1, 1
145714, 2, 1
145760, 3, 0
145781, 0, 0
145815, 1, 0
145839, 2, 0
145885, 3, bit 1
145885, 3, 0
145906, 0, 0
145940, 1, 1
145964, 2, 1
146010, 3, 1
146031, 0, 1
146065, 1, 0
146089, 2, 0
146135, 3, 1
146156, 0, 0
146190, 1, 1
146214, 2, 1
146260, 3, 0
146281, 0, 1
146315, 1, 0
146339, 2, 0
146385, 3, 0
146406, 0, 0
146440, 1, 0
146464, 2, 1
146510, 3, 1
146531, 0, 1
146565, 1, 1
146589, 2, 0
146635, 3, 1
146656, 0, 0
146690, 1, 1
146714, 2, bit 0
146714, 2, 0
146760, 3, 0
146781, 0, 1
146816, 1, 0
146839, 2, 1
146885, 3, 0
146906, 0, 1
146941, 1, 1
146964, 2, 0
147010, 3, 1
147031, 0, 0
147066, 1, 0
147089, 2, 1
147135, 3, 1
147156, 0, 1
147191, 1, 1
147214, 2, 1
147260, 3, 0
147281, 0, 0
147316, 1, 0
147339, 2, 0
147385, 3, 1
147406, 0, bit 0
147406, 0, 1
147441, 1, bit 1
147441, 1, 1
147464, 2, 1
147510, 3, 0
147531, 0, 0
147566, 1, 0
147589, 2, 0
147635, 3, bit 1
147635, 3, 0
147656, 0, 0
147691, 1, 1
147714, 2, 1
147760, 3, 1
147781, 0, 1
147816, 1, 0
147840, 2, 0
147885, 3, 1
147906, 0, 0
147941, 1, 1
147965, 2, 1
148011, 3, 0
148031, 0, 1
148066, 1, 0
148090, 2, 0
148136, 3, 0
148156, 0, 0
148191, 1, 0
148215, 2, 1
148261, 3, 1
148281, 0, 1
148316, 1, 1
148340, 2, 0
148386, 3, 1
148406, 0, 0
148441, 1, 1
148465, 2, bit 1
148465, 2, 1
148511, 3, 0
148531, 0, 1
148566, 1, 0
148590, 2, 0
148636, 3, 0
148656, 0, 1
148691, 1, 1
148715, 2, 1
148761, 3, 1
148781, 0, 0
148816, 1, 0
148840, 2, 0
148886, 3, 1
148907, 0, 1
148941, 1, 1
148965, 2, 0
149011, 3, 0
149032, 0, 0
149066, 1, 0
149090, 2, 1
149136, 3, 1
149157, 0, bit 1
149157, 0, 0
149191, 1, bit 1
149191, 1, 1
149215, 2, 0
149261, 3, 0
149282, 0, 1
149316, 1, 0
149340, 2, 1
149386, 3, bit 0
149386, 3, 1
149407, 0, 1
149441, 1, 1
149465, 2, 0
149511, 3, 0
149532, 0, 0
149566, 1, 0
149590, 2, 1
149636, 3, 0
149657, 0, 1
149691, 1, 1
149715, 2, 0
149761, 3, 1
149782, 0, 0
149816, 1, 0
149840, 2, 1
149886, 3, 1
149907, 0, 1
149941, 1, 0
149965, 2, 0
150011, 3, 0
150032, 0, 0
150066, 1, 1
150090, 2, 1
150136, 3, 0
150157, 0, 1
150191, 1, 1
150215, 2, bit 0
150215, 2, 0
150261, 3, 1
150282, 0, 0
150316, 1, 0
150340, 2, 1
150386, 3, 1
150407, 0, 0
150441, 1, 1
150465, 2, 0
150511, 3, 0
150532, 0, 1
150566, 1, 0
150590, 2, 1
150636, 3, 0
150657, 0, 0
150691, 1, 1
150715, 2, 1
150761, 3, 1
150782, 0, 1
150816, 1, 0
150840, 2, 0
150886, 3, 0
150907, 0, bit 1
150907, 0, 0
150941, 1, bit 0
150941, 1, 0
150965, 2, 1
151011, 3, 1
151032, 0, 1
151066, 1, 1
151090, 2, 0
151136, 3, bit 1
151136, 3, 0
151157, 0, 1
151191, 1, 0
151215, 2, 1
151261, 3, 1
151282, 0, 0
151316, 1, 1
151340, 2, 0
151386, 3, 1
151407, 0, 1
151441, 1, 0
151465, 2, 1
151511, 3, 0
151532, 0, 0
151566, 1, 1
151590, 2, 0
151636, 3, 0
151657, 0, 1
151691, 1, 1
151715, 2, 1
151761, 3, 1
151782, 0, 0
151816, 1, 0
151840, 2, 0
151886, 3, 1
151907, 0, 1
151941, 1, 0
151965, 2, bit 0
151965, 2, 0
152011, 3, 0
152032, 0, 0
152066, 1, 1
152090, 2, 1
152136, 3, 0
152157, 0, 0
152192, 1, 0
152215, 2, 0
152261, 3, 1
152282, 0, 1
152317, 1, 1
152340, 2, 1
152386, 3, 1
152407, 0, 0
152442, 1, 0
152465, 2, 1
152511, 3, 0
152532, 0, 1
152567, 1, 1
152590, 2, 0
152636, 3, 1
152657, 0, bit 0
152657, 0, 1
152692, 1, bit 1
152692, 1, 1
152715, 2, 1
152761, 3, 0
152782, 0, 0
152817, 1, 0
152840, 2, 0
152886, 3, bit 0
152886, 3, 1
152907, 0, 0
152942, 1, 1
152965, 2, 1
153011, 3, 0
153032, 0, 1
153067, 1, 0
153090, 2, 0
153136, 3, 0
153157, 0, 0
153192, 1, 1
153216, 2, 1
153261, 3, 1
153282, 0, 1
153317, 1, 0
153341, 2, 0
153387, 3, 1
153407, 0, 0
153442, 1, 0
153466, 2, 1
153512, 3, 0
153532, 0, 1
153567, 1, 1
153591, 2, 0
153637, 3, 0
153657, 0, 0
153692, 1, 1
153716, 2, bit 1
153716, 2, 1
153762, 3, 1
153782, 0, 1
153817, 1, 0
153841, 2, 0
153887, 3, 1
153907, 0, 1
153942, 1, 1
153966, 2, 1
154012, 3, 0
154032, 0, 0
154067, 1, 0
154091, 2, 0
154137, 3, 0
154157, 0, 1
154192, 1, 1
154216, 2, 0
154262, 3, 1
154283, 0, 0
154317, 1, 0
154341, 2, 1
154387, 3, 0
154408, 0, bit 0
154408, 0, 1
154442, 1, bit 1
154442, 1, 1
154466, 2, 0
154512, 3, 1
154533, 0, 0
154567, 1, 0
154591, 2, 1
154637, 3, bit 1
154637, 3, 0
154658, 0, 0
154692, 1, 1
154716, 2, 0
154762, 3, 1
154783, 0, 1
154817, 1, 0
154841, 2, 1
154887, 3, 1
154908, 0, 0
154942, 1, 1
154966, 2, 0
155012, 3, 0
155033, 0, 1
155067, 1, 0
155091, 2, 1
155137, 3, 0
155158, 0, 0
155192, 1, 0
155216, 2, 0
155262, 3, 1
155283, 0, 1
155317, 1, 1
155341, 2, 1
155387, 3, 1
155408, 0, 0
155442, 1, 1
155466, 2, bit 1
155466, 2, 1
155512, 3, 0
155533, 0, 1
155567, 1, 0
155591, 2, 0
155637, 3, 0
155658, 0, 1
155692, 1, 1
155716, 2, 1
155762, 3, 1
155783, 0, 0
155817, 1, 0
155841, 2, 0
155887, 3, 1
155908, 0, 1
155942, 1, 1
155966, 2, 0
156012, 3, 0
156033, 0, 0
156067, 1, 0
156091, 2, 1
156137, 3, 1
156158, 0, bit 1
156158, 0, 0
156192, 1, bit 1
156195, 1, 1
156216, 2, 0
156262, 3, 0
156283, 0, 1
156317, 1, 0
156341, 2, 1
156387, 3, bit 0
156387, 3, 1
156408, 0, 1
156442, 1, 1
156466, 2, 0
156512, 3, 0
156533, 0, 0
156567, 1, 0
156591, 2, 1
156637, 3, 0
156658, 0, 1
156692, 1, 1
156716, 2, 0
156762, 3, 1
156783, 0, 0
156817, 1, 0
156841, 2, 1
156887, 3, 1
156908, 0, 1
156942, 1, 0
156966, 2, 0
157012, 3, 0
157033, 0, 0
157067, 1, 1
157091, 2, 1
157137, 3, 0
157158, 0, 1
157192, 1, 1
157216, 2, bit 1
157216, 2, 1
157262, 3, 1
157283, 0, 0
157317, 1, 0
157341, 2, 0
157387, 3, 1
157408, 0, 0
157442, 1, 1
157466, 2, 1
157512, 3, 0
157533, 0, 1
157568, 1, 0
157591, 2, 0
157637, 3, 0
157658, 0, 0
157693, 1, 1
157716, 2, 0
157762, 3, 1
157783, 0, 1
157818, 1, 0
157841, 2, 1
157887, 3, 0
157908, 0, bit 1
157908, 0, 0
157943, 1, bit 0
157943, 1, 0
157966, 2, 0
158012, 3, 1
158033, 0, 1
158068, 1, 1
158091, 2, 1
158137, 3, bit 0
158137, 3, 1
158158, 0, 1
158193, 1, 0
158216, 2, 0
158262, 3, 0
158283, 0, 0
158318, 1, 1
158341, 2, 1
158387, 3, 0
158408, 0, 1
158443, 1, 0
158466, 2, 0
158512, 3, 1
158533, 0, 0
158568, 1, 1
158592, 2, 1
158637, 3, 1
158658, 0, 1
158693, 1, 1
158717, 2, 0
158763, 3, 0
158783, 0, 0
158818, 1, 0
158842, 2, 1
158888, 3, 0
158908, 0, 1
158943, 1, 0
158967, 2, bit 0
158967, 2, 0
159013, 3, 1
159033, 0, 0
159068, 1, 1
159092, 2, 1
159138, 3, 1
159158, 0, 0
159193, 1, 0
159217, 2, 0
159263, 3, 0
159283, 0, 1
159318, 1, 1
159342, 2, 1
159388, 3, 0
159408, 0, 0
159443, 1, 0
159467, 2, 1
159513, 3, 1
159533, 0, 1
159568, 1, 1
159592, 2, 0
159638, 3, 0
159659, 0, bit 1
159659, 0, 0
159693, 1, bit 0
159693, 1, 0
159717, 2, 1
159763, 3, 1
159784, 0, 1
159818, 1, 1
159842, 2, 0
159888, 3, bit 1
159888, 3, 0
159909, 0, 1
159943, 1, 0
159967, 2, 1
160013, 3, 1
160034, 0, 0
160068, 1, 1
160092, 2, 0
160138, 3, 1
160159, 0, 1
160193, 1, 0
160217, 2, 1
160263, 3, 0
160284, 0, 0
160318, 1, 1
160342, 2, 0
160388, 3, 0
160409, 0, 1
160443, 1, 1
160467, 2, 1
160513, 3, 1
160534, 0, 0
160568, 1, 0
160592, 2, 0
160638, 3, 1
160659, 0, 1
160693, 1, 0
160717, 2, bit 0
160717, 2, 0
160763, 3, 0
160784, 0, 0
160818, 1, 1
160842, 2, 1
160888, 3, 0
160909, 0, 0
160943, 1, 0
160967, 2, 0
161013, 3, 1
161034, 0, 1
161068, 1, 1
161092, 2, 1
161138, 3, 1
161159, 0, 0
161193, 1, 0
161217, 2, 1
161263, 3, 0
161284, 0, 1
161318, 1, 1
161342, 2, 0
161388, 3, 1
161409, 0, bit 0
161409, 0, 1
161443, 1, bit 1
161446, 1, 1
161467, 2, 1
161513, 3, 0
161534, 0, 0
161568, 1, 0
161592, 2, 0
161638, 3, bit 1
161638, 3, 0
161659, 0, 0
161693, 1, 1
161717, 2, 1
161763, 3, 1
161784, 0, 1
161818, 1, 0
161842, 2, 0
161888, 3, 1
161909, 0, 0
161943, 1, 1
161967, 2, 1
162013, 3, 0
162034, 0, 1
162068, 1, 0
162092, 2, 0
162138, 3, 0
162159, 0, 0
162193, 1, 0
162217, 2, 1
162263, 3, 1
162284, 0, 1
162318, 1, 1
162342, 2, 0
162388, 3, 1
162409, 0, 0
162443, 1, 1
162467, 2, bit 1
162467, 2, 1
162513, 3, 0
162534, 0, 1
162568, 1, 0
162592, 2, 0
162638, 3, 0
162659, 0, 1
162693, 1, 1
162717, 2, 1
162763, 3, 1
162784, 0, 0
162818, 1, 0
162842, 2, 0
162888, 3, 1
162909, 0, 1
162944, 1, 1
162967, 2, 0
163013, 3, 0
163034, 0, 0
163069, 1, 0
163092, 2, 1
163138, 3, 1
163159, 0, bit 1
163159, 0, 0
163194, 1, bit 1
163194, 1, 1
163217, 2, 0
163263, 3, 0
163284, 0, 1
163319, 1, 0
163342, 2, 1
163388, 3, bit 1
163388, 3, 0
163409, 0, 1
163444, 1, 1
163467, 2, 0
163513, 3, 1
163534, 0, 0
163569, 1, 0
163592, 2, 1
163638, 3, 1
163659, 0, 1
163694, 1, 1
163717, 2, 0
163763, 3, 0
163784, 0, 0
163819, 1, 0
163842, 2, 1
163888, 3, 0
163909, 0, 1
163944, 1, 0
163968, 2, 0
164013, 3, 1
164034, 0, 0
164069, 1, 1
164093, 2, 1
164139, 3, 1
164159, 0, 1
164194, 1, 1
164218, 2, bit 0
164218, 2, 0
164264, 3, 0
164284, 0, 0
164319, 1, 0
164343, 2, 1
164389, 3, 0
164409, 0, 0
164444, 1, 1
164468, 2, 0
164514, 3, 1
164534, 0, 1
164569, 1, 0
164593, 2, 1
164639, 3, 1
164659, 0, 0
164694, 1, 1
164718, 2, 1
164764, 3, 0
164784, 0, 1
164819, 1, 0
164843, 2, 0
164889, 3, 1
164909, 0, bit 1
164909, 0, 0
164944, 1, bit 0
164944, 1, 0
164968, 2, 1
165014, 3, 0
165035, 0, 1
165069, 1, 1
165093, 2, 0
165139, 3, bit 0
165139, 3, 1
165160, 0, 1
165194, 1, 0
165218, 2, 1
165264, 3, 0
165285, 0, 0
165319, 1, 1
165343, 2, 0
165389, 3, 0
165410, 0, 1
165444, 1, 0
165468, 2, 1
165514, 3, 1
165535, 0, 0
165569, 1, 1
165593, 2, 0
165639, 3, 1
165660, 0, 1
165694, 1, 1
165718, 2, 1
165764, 3, 0
165785, 0, 0
165819, 1, 0
165843, 2, 0
165889, 3, 0
165910, 0, 1
165944, 1, 0
165968, 2, bit 0
165968, 2, 0
166014, 3, 1
166035, 0, 0
166069, 1, 1
166093, 2, 1
166139, 3, 1
166160, 0, 0
166194, 1, 0
166218, 2, 0
166264, 3, 0
166285, 0, 1
166319, 1, 1
166343, 2, 1
166389, 3, 0
166410, 0, 0
166444, 1, 0
166468, 2, 1
166514, 3, 1
166535, 0, 1
166569, 1, 1
166593, 2, 0
166639, 3, 0
166660, 0, bit 1
166660, 0, 0
166694, 1, bit 1
166697, 1, 1
166718, 2, 1
166764, 3, 1
166785, 0, 1
166819, 1, 0
166843, 2, 0
166889, 3, bit 0
166889, 3, 1
166910, 0, 1
166944, 1, 1
166968, 2, 1
167014, 3, 0
167035, 0, 0
167069, 1, 0
167093, 2, 0
167139, 3, 0
167160, 0, 1
167194, 1, 1
167218, 2, 1
167264, 3, 1
167285, 0, 0
167319, 1, 0
167343, 2, 0
167389, 3, 1
167410, 0, 1
167444, 1, 0
167468, 2, 1
167514, 3, 0
167535, 0, 0
167569, 1, 1
167593, 2, 0
167639, 3, 0
167660, 0, 1
167694, 1, 1
167718, 2, bit 1
167721, 2, 1
167764, 3, 1
167785, 0, 0
167819, 1, 0
167843, 2, 0
167889, 3, 1
167910, 0, 0
167944, 1, 1
167968, 2, 1
168014, 3, 0
168035, 0, 1
168069, 1, 0
168093, 2, 0
168139, 3, 0
168160, 0, 0
168194, 1, 1
168218, 2, 0
168264, 3, 1
168285, 0, 1
168320, 1, 0
168343, 2, 1
168389, 3, 0
168410, 0, bit 1
168410, 0, 0
168445, 1, bit 1
168445, 1, 1
168468, 2, 0
168514, 3, 1
168535, 0, 1
168570, 1, 0
168593, 2, 1
168639, 3, bit 1
168639, 3, 0
168660, 0, 1
168695, 1, 1
168718, 2, 0
168764, 3, 1
168785, 0, 0
168820, 1, 0
168843, 2, 1
168889, 3, 1
168910, 0, 1
168945, 1, 1
168968, 2, 0
169014, 3, 0
169035, 0, 0
169070, 1, 0
169093, 2, 1
169139, 3, 0
169160, 0, 1
169195, 1, 0
169218, 2, 0
169264, 3, 1
169285, 0, 0
169320, 1, 1
169344, 2, 1
169389, 3, 1
169410, 0, 1
169445, 1, 1
169469, 2, bit 1
169469, 2, 1
169515, 3, 0
169535, 0, 0
169570, 1, 0
169594, 2, 0
169640, 3, 0
169660, 0, 0
169695, 1, 1
169719, 2, 1
169765, 3, 1
169785, 0, 1
169820, 1, 0
169844, 2, 0
169890, 3, 1
169910, 0, 0
169945, 1, 1
169969, 2, 0
170015, 3, 0
170035, 0, 1
170070, 1, 0
170094, 2, 1
170140, 3, 1
170160, 0, bit 1
170160, 0, 0
170195, 1, bit 1
170195, 1, 1
170219, 2, 0
170265, 3, 0
170285, 0, 1
170320, 1, 0
170344, 2, 1
170390, 3, bit 0
170390, 3, 1
170411, 0, 1
170445, 1, 1
170469, 2, 0
170515, 3, 0
170536, 0, 0
170570, 1, 0
170594, 2, 1
170640, 3, 0
170661, 0, 1
170695, 1, 1
170719, 2, 0
170765, 3, 1
170786, 0, 0
170820, 1, 0
170844, 2, 1
170890, 3, 1
170911, 0, 1
170945, 1, 0
170969, 2, 0
171015, 3, 0
171036, 0, 0
171070, 1, 1
171094, 2, 1
171140, 3, 0
171161, 0, 1
171195, 1, 1
171219, 2, bit 1
171219, 2, 1
171265, 3, 1
171286, 0, 0
171320, 1, 0
171344, 2, 0
171390, 3, 1
171411, 0, 0
171445, 1, 1
171469, 2, 1
171515, 3, 0
171536, 0, 1
171570, 1, 0
171594, 2, 0
171640, 3, 0
171661, 0, 0
171695, 1, 1
171719, 2, 0
171765, 3, 1
171786, 0, 1
171820, 1, 0
171844, 2, 1
171890, 3, 0
171911, 0, bit 1
171911, 0, 0
171945, 1, bit 0
171945, 1, 0
171969, 2, 0
172015, 3, 1
172036, 0, 1
172070, 1, 1
172094, 2, 1
172140, 3, bit 1
172140, 3, 0
172161, 0, 1
172195, 1, 0
172219, 2, 0
172265, 3, 1
172286, 0, 0
172320, 1, 1
172344, 2, 1
172390, 3, 1
172411, 0, 1
172445, 1, 0
172469, 2, 0
172515, 3, 0
172536, 0, 0
172570, 1, 1
172594, 2, 1
172640, 3, 0
172661, 0, 1
172695, 1, 1
172719, 2, 0
172765, 3, 1
172786, 0, 0
172820, 1, 0
172844, 2, 1
172890, 3, 1
172911, 0, 1
172945, 1, 0
172969, 2, bit 0
172973, 2, 0
173015, 3, 0
173036, 0, 0
173070, 1, 1
173094, 2, 1
173140, 3, 0
173161, 0, 0
173195, 1, 0
173219, 2, 0
173265, 3, 1
173286, 0, 1
173320, 1, 1
173344, 2, 1
173390, 3, 1
173411, 0, 0
173445, 1, 0
173469, 2, 1
173515, 3, 0
173536, 0, 1
173570, 1, 1
173594, 2, 0
173640, 3, 1
173661, 0, bit 1
173661, 0, 0
173696, 1, bit 0
173696, 1, 0
173719, 2, 1
173765, 3, 0
173786, 0, 1
173821, 1, 1
173844, 2, 0
173890, 3, bit 1
173890, 3, 0
173911, 0, 1
173946, 1, 0
173969, 2, 1
174015, 3, 1
174036, 0, 0
174071, 1, 1
174094, 2, 0
174140, 3, 1
174161, 0, 1
174196, 1, 0
174219, 2, 1
174265, 3, 0
174286, 0, 0
174321, 1, 1
174344, 2, 0
174390, 3, 0
174411, 0, 1
174446, 1, 1
174469, 2, 1
174515, 3, 1
174536, 0, 0
174571, 1, 0
174594, 2, 0
174640, 3, 1
174661, 0, 1
174696, 1, 0
174720, 2, bit 1
174720, 2, 1
174765, 3, 0
174786, 0, 0
174821, 1, 1
174845, 2, 0
174891, 3, 0
174911, 0, 0
174946, 1, 0
174970, 2, 1
175016, 3, 1
175036, 0, 1
175071, 1, 1
175095, 2, 0
175141, 3, 1
175161, 0, 0
175196, 1, 0
175220, 2, 0
175266, 3, 0
175286, 0, 1
175321, 1, 1
175345, 2, 1
175391, 3, 1
175411, 0, bit 0
175411, 0, 1
175446, 1, bit 1
175446, 1, 1
175470, 2, 0
175516, 3, 0
175536, 0, 0
175571, 1, 0
175595, 2, 1
175641, 3, bit 0
175641, 3, 1
175661, 0, 0
175696, 1, 1
175720, 2, 0
175766, 3, 0
175787, 0, 1
175821, 1, 0
175845, 2, 1
175891, 3, 0
175912, 0, 0
175946, 1, 1
175970, 2, 0
176016, 3, 1
176037, 0, 1
176071, 1, 0
176095, 2, 1
176141, 3, 1
176162, 0, 0
176196, 1, 0
176220, 2, 0
176266, 3, 0
176287, 0, 1
176321, 1, 1
176345, 2, 1
176391, 3, 0
176412, 0, 0
176446, 1, 1
176470, 2, bit 1
176470, 2, 1
176516, 3, 1
176537, 0, 1
176571, 1, 0
176595, 2, 0
176641, 3, 1
176662, 0, 1
176696, 1, 1
176720, 2, 1
176766, 3, 0
176787, 0, 0
176821, 1, 0
176845, 2, 0
176891, 3, 0
176912, 0, 1
176946, 1, 1
176970, 2, 0
177016, 3, 1
177037, 0, 0
177071, 1, 0
177095, 2, 1
177141, 3, 0
177162, 0, bit 0
177165, 0, 1
177196, 1, bit 0
177196, 1, 0
177220, 2, 0
177266, 3, 1
177287, 0, 0
177321, 1, 1
177345, 2, 1
177391, 3, bit 1
177391, 3, 0
177412, 0, 0
177446, 1, 0
177470, 2, 0
177516, 3, 1
177537, 0, 1
177571, 1, 1
177595, 2, 1
177641, 3, 1
177662, 0, 0
177696, 1, 0
177720, 2, 0
177766, 3, 0
177787, 0, 1
177821, 1, 1
177845, 2, 1
177891, 3, 0
177912, 0, 0
177946, 1, 1
177970, 2, 0
178016, 3, 1
178037, 0, 1
178071, 1, 0
178095, 2, 1
178141, 3, 1
178162, 0, 0
178196, 1, 0
178220, 2, bit 0
178220, 2, 0
178266, 3, 0
178287, 0, 1
178321, 1, 1
178345, 2, 1
178391, 3, 0
178412, 0, 1
178446, 1, 0
178470, 2, 0
178516, 3, 1
178537, 0, 0
178571, 1, 1
178595, 2, 1
178641, 3, 1
178662, 0, 1
178696, 1, 0
178720, 2, 1
178766, 3, 0
178787, 0, 0
178821, 1, 1
178845, 2, 0
178891, 3, 1
178912, 0, bit 1
178912, 0, 0
178946, 1, bit 0
178946, 1, 0
178970, 2, 1
179016, 3, 0
179037, 0, 1
179072, 1, 1
179095, 2, 0
179141, 3, bit 0
179141, 3, 1
179162, 0, 1
179197, 1, 0
179220, 2, 1
179266, 3, 0
179287, 0, 0
179322, 1, 1
179345, 2, 0
179391, 3, 0
179412, 0, 1
179447, 1, 0
179470, 2, 1
179516, 3, 1
179537, 0, 0
179572, 1, 1
179595, 2, 0
179641, 3, 1
179662, 0, 1
179697, 1, 1
179720, 2, 1
179766, 3, 0
179787, 0, 0
179822, 1, 0
179845, 2, 0
179891, 3, 0
179912, 0, 1
179947, 1, 0
179970, 2, bit 0
179970, 2, 0
180016, 3, 1
180037, 0, 0
180072, 1, 1
180096, 2, 1
180141, 3, 1
180162, 0, 0
180197, 1, 0
180221, 2, 0
180267, 3, 0
180287, 0, 1
180322, 1, 1
180346, 2, 1
180392, 3, 0
180412, 0, 0
180447, 1, 0
180471, 2, 1
180517, 3, 1
180537, 0, 1
180572, 1, 1
180596, 2, 0
180642, 3, 0
180662, 0, bit 0
180662, 0, 1
180697, 1, bit 0
180697, 1, 0
180721, 2, 1
180767, 3, 1
180787, 0, 0
180822, 1, 1
180846, 2, 0
180892, 3, bit 1
180892, 3, 0
180912, 0, 0
180947, 1, 0
180971, 2, 1
181017, 3, 1
181037, 0, 1
181072, 1, 1
181096, 2, 0
181142, 3, 1
181163, 0, 0
181197, 1, 0
181221, 2, 1
181267, 3, 0
181288, 0, 1
181322, 1, 1
181346, 2, 0
181392, 3, 0
181413, 0, 0
181447, 1, 1
181471, 2, 1
181517, 3, 1
181538, 0, 1
181572, 1, 0
181596, 2, 0
181642, 3, 1
181663, 0, 0
181697, 1, 0
181721, 2, bit 0
181721, 2, 0
181767, 3, 0
181788, 0, 1
181822, 1, 1
181846, 2, 1
181892, 3, 0
181913, 0, 1
181947, 1, 0
181971, 2, 0
182017, 3, 1
182038, 0, 0
182072, 1, 1
182096, 2, 1
182142, 3, 1
182163, 0, 1
182197, 1, 0
182221, 2, 1
182267, 3, 0
182288, 0, 0
182322, 1, 1
182346, 2, 0
182392, 3, 1
182413, 0, bit 0
182416, 0, 1
182447, 1, bit 1
182447, 1, 1
182471, 2, 1
182517, 3, 0
182538, 0, 0
182572, 1, 0
182596, 2, 0
182642, 3, bit 1
182642, 3, 0
182663, 0, 0
182697, 1, 1
182721, 2, 1
182767, 3, 1
182788, 0, 1
182822, 1, 0
182846, 2, 0
182892, 3, 1
182913, 0, 0
182947, 1, 1
182971, 2, 1
183017, 3, 0
183038, 0, 1
183072, 1, 0
183096, 2, 0
183142, 3, 0
183163, 0, 0
183197, 1, 0
183221, 2, 1
183267, 3, 1
183288, 0, 1
183322, 1, 1
183346, 2, 0
183392, 3, 1
183413, 0, 0
183447, 1, 1
183471, 2, bit 1
183471, 2, 1
183517, 3, 0
183538, 0, 1
183572, 1, 0
183596, 2, 0
183642, 3, 0
183663, 0, 1
183697, 1, 1
183721, 2, 1
183767, 3, 1
183788, 0, 0
183822, 1, 0
183846, 2, 0
183892, 3, 1
183913, 0, 1
183947, 1, 1
183971, 2, 0
184017, 3, 0
184038, 0, 0
184072, 1, 0
184096, 2, 1
184142, 3, 1
184163, 0, bit 0
184163, 0, 1
184197, 1, bit 0
184197, 1, 0
184221, 2, 0
184267, 3, 0
184288, 0, 0
184322, 1, 1
184346, 2, 1
184392, 3, bit 0
184392, 3, 1
184413, 0, 0
184448, 1, 0
184471, 2, 0
184517, 3, 0
184538, 0, 1
184573, 1, 1
184596, 2, 1
184642, 3, 0
184663, 0, 0
184698, 1, 0
184721, 2, 0
184767, 3, 1
184788, 0, 1
184823, 1, 1
184846, 2, 1
184892, 3, 1
184913, 0, 0
184948, 1, 1
184971, 2, 0
185017, 3, 0
185038, 0, 1
185073, 1, 0
185096, 2, 1
185142, 3, 0
185163, 0, 0
185198, 1, 0
185221, 2, bit 1
185221, 2, 1
185267, 3, 1
185288, 0, 1
185323, 1, 1
185346, 2, 0
185392, 3, 1
185413, 0, 1
185448, 1, 0
185472, 2, 1
185517, 3, 0
185538, 0, 0
185573, 1, 1
185597, 2, 0
185643, 3, 0
185663, 0, 1
185698, 1, 0
185722, 2, 0
185768, 3, 1
185788, 0, 0
185823, 1, 1
185847, 2, 1
185893, 3, 0
185913, 0, bit 1
185913, 0, 0
185948, 1, bit 0
185948, 1, 0
185972, 2, 0
186018, 3, 1
186038, 0, 1
186073, 1, 1
186097, 2, 1
186143, 3, bit 0
186143, 3, 1
186163, 0, 1
186198, 1, 0
186222, 2, 0
186268, 3, 0
186288, 0, 0
186323, 1, 1
186347, 2, 1
186393, 3, 0
186413, 0, 1
186448, 1, 0
186472, 2, 0
186518, 3, 1
186539, 0, 0
186573, 1, 1
186597, 2, 1
186643, 3, 1
186664, 0, 1
186698, 1, 1
186722, 2, 0
186768, 3, 0
186789, 0, 0
186823, 1, 0
186847, 2, 1
186893, 3, 0
186914, 0, 1
186948, 1, 0
186972, 2, bit 1
186972, 2, 1
187018, 3, 1
187039, 0, 0
187073, 1, 1
187097, 2, 0
187143, 3, 1
187164, 0, 0
187198, 1, 0
187222, 2, 1
187268, 3, 0
187289, 0, 1
187323, 1, 1
187347, 2, 0
187393, 3, 0
187414, 0, 0
187448, 1, 0
187472, 2, 0
187518, 3, 1
187539, 0, 1
187573, 1, 1
187597, 2, 1
187643, 3, 0
187664, 0, bit 1
187667, 0, 0
187698, 1, bit 1
187698, 1, 1
187722, 2, 0
187768, 3, 1
187789, 0, 1
187823, 1, 0
187847, 2, 1
187893, 3, bit 1
187893, 3, 0
187914, 0, 1
187948, 1, 1
187972, 2, 0
188018, 3, 1
188039, 0, 0
188073, 1, 0
188097, 2, 1
188143, 3, 1
188164, 0, 1
188198, 1, 1
188222, 2, 0
188268, 3, 0
188289, 0, 0
188323, 1, 0
188347, 2, 1
188393, 3, 0
188414, 0, 1
188448, 1, 0
188472, 2, 0
188518, 3, 1
188539, 0, 0
188573, 1, 1
188597, 2, 1
188643, 3, 1
188664, 0, 1
188698, 1, 1
188722, 2, bit 0
188722, 2, 0
188768, 3, 0
188789, 0, 0
188823, 1, 0
188847, 2, 1
188893, 3, 0
188914, 0, 0
188948, 1, 1
188972, 2, 0
189018, 3, 1
189039, 0, 1
189073, 1, 0
189097, 2, 1
189143, 3, 1
189164, 0, 0
189198, 1, 1
189222, 2, 1
189268, 3, 0
189289, 0, 1
189323, 1, 0
189347, 2, 0
189393, 3, 1
189414, 0, bit 1
189414, 0, 0
189448, 1, bit 1
189448, 1, 1
189472, 2, 1
189518, 3, 0
189539, 0, 1
189573, 1, 0
189597, 2, 0
189643, 3, bit 0
189643, 3, 1
189664, 0, 1
189698, 1, 1
189722, 2, 1
189768, 3, 0
189789, 0, 0
189824, 1, 0
189847, 2, 0
189893, 3, 0
189914, 0, 1
189949, 1, 1
189972, 2, 1
190018, 3, 1
190039, 0, 0
190074, 1, 0
190097, 2, 0
190143, 3, 1
190164, 0, 1
190199, 1, 0
190222, 2, 1
190268, 3, 0
190289, 0, 0
190324, 1, 1
190347, 2, 0
190393, 3, 0
190414, 0, 1
190449, 1, 1
190472, 2, bit 0
190472, 2, 0
190518, 3, 1
190539, 0, 0
190574, 1, 0
190597, 2, 1
190643, 3, 1
190664, 0, 0
190699, 1, 1
190722, 2, 0
190768, 3, 0
190789, 0, 1
190824, 1, 0
190848, 2, 1
190893, 3, 0
190914, 0, 0
190949, 1, 1
190973, 2, 1
191019, 3, 1
191039, 0, 1
191074, 1, 0
191098, 2, 0
191144, 3, 0
191164, 0, bit 1
191164, 0, 0
191199, 1, bit 1
191199, 1, 1
191223, 2, 1
191269, 3, 1
191289, 0, 1
191324, 1, 0
191348, 2, 0
191394, 3, bit 0
191394, 3, 1
191414, 0, 1
191449, 1, 1
191473, 2, 1
191519, 3, 0
191539, 0, 0
191574, 1, 0
191598, 2, 0
191644, 3, 0
191664, 0, 1
191699, 1, 1
191723, 2, 1
191769, 3, 1
191789, 0, 0
191824, 1, 0
191848, 2, 0
191894, 3, 1
191915, 0, 1
191949, 1, 0
191973, 2, 1
192019, 3, 0
192040, 0, 0
192074, 1, 1
192098, 2, 0
192144, 3, 0
192165, 0, 1
192199, 1, 1
192223, 2, bit 0
192223, 2, 0
192269, 3, 1
192290, 0, 0
192324, 1, 0
192348, 2, 1
192394, 3, 1
192415, 0, 0
192449, 1, 1
192473, 2, 0
192519, 3, 0
192540, 0, 1
192574, 1, 0
192598, 2, 1
192644, 3, 0
192665, 0, 0
192699, 1, 1
192723, 2, 1
192769, 3, 1
192790, 0, 1
192824, 1, 0
192848, 2, 0
192894, 3, 0
192915, 0, bit 1
192915, 0, 0
192949, 1, bit 0
192949, 1, 0
192973, 2, 1
193019, 3, 1
193040, 0, 1
193074, 1, 1
193098, 2, 0
193144, 3, bit 1
193144, 3, 0
193165, 0, 1
193199, 1, 0
193223, 2, 1
193269, 3, 1
193290, 0, 0
193324, 1, 1
193348, 2, 0
193394, 3, 1
193415, 0, 1
193449, 1, 0
193473, 2, 1
193519, 3, 0
193540, 0, 0
193574, 1, 1
193598, 2, 0
193644, 3, 0
193665, 0, 1
193699, 1, 1
193723, 2, 1
193769, 3, 1
193790, 0, 0
193824, 1, 0
193848, 2, 0
193894, 3, 1
193915, 0, 1
193949, 1, 0
193973, 2, bit 0
193973, 2, 0
194019, 3, 0
194040, 0, 0
194074, 1, 1
194098, 2, 1
194144, 3, 0
194165, 0, 0
194199, 1, 0
194223, 2, 0
194269, 3, 1
194290, 0, 1
194324, 1, 1
194348, 2, 1
194394, 3, 1
194415, 0, 0
194449, 1, 0
194473, 2, 1
194519, 3, 0
194540, 0, 1
194574, 1, 1
194598, 2, 0
194644, 3, 1
194665, 0, bit 0
194665, 0, 1
194699, 1, bit 1
194699, 1, 1
194723, 2, 1
194769, 3, 0
194790, 0, 0
194824, 1, 0
194848, 2, 0
194894, 3, bit 0
194894, 3, 1
194915, 0, 0
194949, 1, 1
194973, 2, 1
195019, 3, 0
195040, 0, 1
195074, 1, 0
195098, 2, 0
195144, 3, 0
195165, 0, 0
195200, 1, 1
195223, 2, 1
195269, 3, 1
195290, 0, 1
195325, 1, 0
195348, 2, 0
195394, 3, 1
195415, 0, 0
195450, 1, 0
195473, 2, 1
195519, 3, 0
195540, 0, 1
195575, 1, 1
195598, 2, 0
195644, 3, 0
195665, 0, 0
195700, 1, 1
195723, 2, bit 0
195723, 2, 0
195769, 3, 1
195790, 0, 1
195825, 1, 0
195848, 2, 1
195894, 3, 1
195915, 0, 1
195950, 1, 1
195973, 2, 0
196019, 3, 0
196040, 0, 0
196075, 1, 0
196098, 2, 1
196144, 3, 0
196165, 0, 1
196200, 1, 1
196224, 2, 1
196269, 3, 1
196290, 0, 0
196325, 1, 0
196349, 2, 0
196395, 3, 0
196415, 0, bit 0
196415, 0, 1
196450, 1, bit 1
196450, 1, 1
196474, 2, 1
196520, 3, 1
196540, 0, 0
196575, 1, 0
196599, 2, 0
196645, 3, bit 0
196645, 3, 1
196665, 0, 0
196700, 1, 1
196724, 2, 1
196770, 3, 0
196790, 0, 1
196825, 1, 0
196849, 2, 0
196895, 3, 0
196915, 0, 0
196950, 1, 1
196974, 2, 1
197020, 3, 1
197040, 0, 1
197075, 1, 0
197099, 2, 0
197145, 3, 1
197165, 0, 0
197200, 1, 0
197224, 2, 1
197270, 3, 0
197291, 0, 1
197325, 1, 1
197349, 2, 0
197395, 3, 0
197416, 0, 0
197450, 1, 1
197474, 2, bit 0
197474, 2, 0
197520, 3, 1
197541, 0, 1
197575, 1, 0
197599, 2, 1
197645, 3, 1
197666, 0, 1
197700, 1, 1
197724, 2, 0
197770, 3, 0
197791, 0, 0
197825, 1, 0
197849, 2, 1
197895, 3, 0
197916, 0, 1
197950, 1, 1
197974, 2, 1
198020, 3, 1
198041, 0, 0
198075, 1, 0
198099, 2, 0
198145, 3, 0
198166, 0, bit 1
198166, 0, 0
198200, 1, bit 0
198200, 1, 0
198224, 2, 1
198270, 3, 1
198291, 0, 1
198325, 1, 1
198349, 2, 0
198395, 3, bit 0
198395, 3, 1
198416, 0, 1
198450, 1, 0
198474, 2, 1
198520, 3, 0
198541, 0, 0
198575, 1, 1
198599, 2, 0
198645, 3, 0
198666, 0, 1
198700, 1, 0
198724, 2, 1
198770, 3, 1
198791, 0, 0
198825, 1, 1
198849, 2, 0
198895, 3, 1
198916, 0, 1
198950, 1, 1
198974, 2, 1
199020, 3, 0
199041, 0, 0
199075, 1, 0
199099, 2, 0
199145, 3, 0
199166, 0, 1
199200, 1, 0
199224, 2, bit 1
199224, 2, 1
199270, 3, 1
199291, 0, 0
199325, 1, 1
199349, 2, 0
199395, 3, 1
199416, 0, 0
199450, 1, 0
199474, 2, 1
199520, 3, 0
199541, 0, 1
199575, 1, 1
199599, 2, 0
199645, 3, 0
199666, 0, 0
199700, 1, 0
199724, 2, 0
199770, 3, 1
199791, 0, 1
199825, 1, 1
199849, 2, 1
199895, 3, 0
199916, 0, bit 0
199916, 0, 1
199950, 1, bit 1
199950, 1, 1
199974, 2, 0
200020, 3, 1
200041, 0, 0
200075, 1, 0
200099, 2, 1
200145, 3, bit 1
200145, 3, 0
200166, 0, 0
200200, 1, 1
200224, 2, 0
200270, 3, 1
200291, 0, 1
200325, 1, 0
200349, 2, 1
200395, 3, 1
200416, 0, 0
200450, 1, 1
200474, 2, 0
200520, 3, 0
200541, 0, 1
200576, 1, 0
200599, 2, 1
200645, 3, 0
200666, 0, 0
200701, 1, 0
200724, 2, 0
200770, 3, 1
200791, 0, 1
200826, 1, 1
200849, 2, 1
200895, 3, 1
200916, 0, 0
200951, 1, 1
200974, 2, bit 1
200974, 2, 1
201020, 3, 0
201041, 0, 1
201076, 1, 0
201099, 2, 0
201145, 3, 0
201166, 0, 1
201201, 1, 1
201224, 2, 1
201270, 3, 1
201291, 0, 0
201326, 1, 0
201349, 2, 0
201395, 3, 1
201416, 0, 1
201451, 1, 1
201474, 2, 0
201520, 3, 0
201541, 0, 0
201576, 1, 0
201600, 2, 1
201645, 3, 1
201666, 0, bit 0
201666, 0, 1
201701, 1, bit 1
201701, 1, 1
201725, 2, 0
201771, 3, 0
201791, 0, 0
201826, 1, 0
201850, 2, 1
201896, 3, bit 1
201896, 3, 0
201916, 0, 0
201951, 1, 1
201975, 2, 0
202021, 3, 1
202041, 0, 1
202076, 1, 0
202100, 2, 1
202146, 3, 1
202166, 0, 0
202201, 1, 1
202225, 2, 0
202271, 3, 0
202291, 0, 1
202326, 1, 0
202350, 2, 1
202396, 3, 0
202416, 0, 0
202451, 1, 0
202475, 2, 0
202521, 3, 1
202541, 0, 1
202576, 1, 1
202600, 2, 1
202646, 3, 1
202667, 0, 0
202701, 1, 1
202725, 2, bit 0
202725, 2, 0
202771, 3, 0
202792, 0, 1
202826, 1, 0
202850, 2, 1
202896, 3, 0
202917, 0, 1
202951, 1, 1
202975, 2, 0
203021, 3, 1
203042, 0, 0
203076, 1, 0
203100, 2, 1
203146, 3, 1
203167, 0, 1
203201, 1, 1
203225, 2, 1
203271, 3, 0
203292, 0, 0
203326, 1, 0
203350, 2, 0
203396, 3, 1
203417, 0, bit 1
203417, 0, 0
203451, 1, bit 1
203451, 1, 1
203475, 2, 1
203521, 3, 0
203542, 0, 1
203576, 1, 0
203600, 2, 0
203646, 3, bit 1
203646, 3, 0
203667, 0, 1
203701, 1, 1
203725, 2, 1
203771, 3, 1
203792, 0, 0
203826, 1, 0
203850, 2, 0
203896, 3, 1
203917, 0, 1
203951, 1, 1
203975, 2, 1
204021, 3, 0
204042, 0, 0
204076, 1, 0
204100, 2, 0
204146, 3, 0
204167, 0, 1
204201, 1, 0
204225, 2, 1
204271, 3, 1
204292, 0, 0
204326, 1, 1
204350, 2, 0
204396, 3, 1
204417, 0, 1
204451, 1, 1
204475, 2, bit 0
204475, 2, 0
204521, 3, 0
204542, 0, 0
204576, 1, 0
204600, 2, 1
204646, 3, 0
204667, 0, 0
204701, 1, 1
204725, 2, 0
204771, 3, 1
204792, 0, 1
204826, 1, 0
204850, 2, 1
204896, 3, 1
204917, 0, 0
204951, 1, 1
204975, 2, 1
205021, 3, 0
205042, 0, 1
205076, 1, 0
205100, 2, 0
205146, 3, 1
205167, 0, bit 0
205167, 0, 1
205201, 1, bit 0
205201, 1, 0
205225, 2, 1
205271, 3, 0
205292, 0, 0
205326, 1, 1
205350, 2, 0
205396, 3, bit 0
205400, 3, 1
205417, 0, 0
205451, 1, 0
205475, 2, 1
205521, 3, 0
205542, 0, 1
205576, 1, 1
205600, 2, 0
205646, 3, 0
205667, 0, 0
205701, 1, 0
205725, 2, 1
205771, 3, 1
205792, 0, 1
205826, 1, 1
205850, 2, 0
205896, 3, 1
205917, 0, 0
205952, 1, 1
205975, 2, 1
206021, 3, 0
206042, 0, 1
206077, 1, 0
206100, 2, 0
206146, 3, 0
206167, 0, 0
206202, 1, 0
206225, 2, bit 0
206225, 2, 0
206271, 3, 1
206292, 0, 1
206327, 1, 1
206350, 2, 1
206396, 3, 1
206417, 0, 1
206452, 1, 0
206475, 2, 0
206521, 3, 0
206542, 0, 0
206577, 1, 1
206600, 2, 1
206646, 3, 0
206667, 0, 1
206702, 1, 0
206725, 2, 1
206771, 3, 1
206792, 0, 0
206827, 1, 1
206850, 2, 0
206896, 3, 0
206917, 0, bit 0
206917, 0, 1
206952, 1, bit 0
206952, 1, 0
206976, 2, 1
207021, 3, 1
207042, 0, 0
207077, 1, 1
207101, 2, 0
207147, 3, bit 1
207147, 3, 0
207167, 0, 0
207202, 1, 0
207226, 2, 1
207272, 3, 1
207292, 0, 1
207327, 1, 1
207351, 2, 0
207397, 3, 1
207417, 0, 0
207452, 1, 0
207476, 2, 1
207522, 3, 0
207542, 0, 1
207577, 1, 1
207601, 2, 0
207647, 3, 0
207667, 0, 0
207702, 1, 1
207726, 2, 1
207772, 3, 1
207792, 0, 1
207827, 1, 0
207851, 2, 0
207897, 3, 1
207917, 0, 0
207952, 1, 0
207976, 2, bit 0
207976, 2, 0
208022, 3, 0
208043, 0, 1
208077, 1, 1
208101, 2, 1
208147, 3, 0
208168, 0, 1
208202, 1, 0
208226, 2, 0
208272, 3, 1
208293, 0, 0
208327, 1, 1
208351, 2, 1
208397, 3, 1
208418, 0, 1
208452, 1, 0
208476, 2, 1
208522, 3, 0
208543, 0, 0
208577, 1, 1
208601, 2, 0
208647, 3, 1
208668, 0, bit 0
208668, 0, 1
208702, 1, bit 1
208702, 1, 1
208726, 2, 1
208772, 3, 0
208793, 0, 0
208827, 1, 0
208851, 2, 0
208897, 3, bit 1
208897, 3, 0
208918, 0, 0
208952, 1, 1
208976, 2, 1
209022, 3, 1
209043, 0, 1
209077, 1, 0
209101, 2, 0
209147, 3, 1
209168, 0, 0
209202, 1, 1
209226, 2, 1
209272, 3, 0
209293, 0, 1
209327, 1, 0
209351, 2, 0
209397, 3, 0
209418, 0, 0
209452, 1, 0
209476, 2, 1
209522, 3, 1
209543, 0, 1
209577, 1, 1
209601, 2, 0
209647, 3, 1
209668, 0, 0
209702, 1, 1
209726, 2, bit 1
209726, 2, 1
209772, 3, 0
209793, 0, 1
209827, 1, 0
209851, 2, 0
209897, 3, 0
209918, 0, 1
209952, 1, 1
209976, 2, 1
210022, 3, 1
210043, 0, 0
210077, 1, 0
210101, 2, 0
210147, 3, 1
210168, 0, 1
210202, 1, 1
210226, 2, 0
210272, 3, 0
210293, 0, 0
210327, 1, 0
210351, 2, 1
210397, 3, 1
210418, 0, bit 1
210418, 0, 0
210452, 1, bit 1
210452, 1, 1
210476, 2, 0
210522, 3, 0
210543, 0, 1
210577, 1, 0
210601, 2, 1
210647, 3, bit 0
210650, 3, 1
210668, 0, 1
210702, 1, 1
210726, 2, 0
210772, 3, 0
210793, 0, 0
210827, 1, 0
210851, 2, 1
210897, 3, 0
210918, 0, 1
210952, 1, 1
210976, 2, 0
211022, 3, 1
211043, 0, 0
211077, 1, 0
211101, 2, 1
211147, 3, 1
211168, 0, 1
211202, 1, 0
211226, 2, 0
211272, 3, 0
211293, 0, 0
211328, 1, 1
211351, 2, 1
211397, 3, 0
211418, 0, 1
211453, 1, 1
211476, 2, bit 0
211476, 2, 0
211522, 3, 1
211543, 0, 0
211578, 1, 0
211601, 2, 1
211647, 3, 1
211668, 0, 0
211703, 1, 1
211726, 2, 0
211772, 3, 0
211793, 0, 1
211828, 1, 0
211851, 2, 1
211897, 3, 0
211918, 0, 0
211953, 1, 1
211976, 2, 1
212022, 3, 1
212043, 0, 1
212078, 1, 0
212101, 2, 0
212147, 3, 0
212168, 0, bit 0
212168, 0, 1
212203, 1, bit 0
212203, 1, 0
212226, 2, 1
212272, 3, 1
212293, 0, 0
212328, 1, 1
212352, 2, 0
212397, 3, bit 0
212397, 3, 1
212418, 0, 0
212453, 1, 0
212477, 2, 1
212523, 3, 0
212543, 0, 1
212578, 1, 1
212602, 2, 0
212648, 3, 0
212668, 0, 0
212703, 1, 0
212727, 2, 1
212773, 3, 1
212793, 0, 1
212828, 1, 1
212852, 2, 0
212898, 3, 1
212918, 0, 0
212953, 1, 1
212977, 2, 1
213023, 3, 0
213043, 0, 1
213078, 1, 0
213102, 2, 0
213148, 3, 0
213168, 0, 0
213203, 1, 0
213227, 2, bit 1
213227, 2, 1
213273, 3, 1
213293, 0, 1
213328, 1, 1
213352, 2, 0
213398, 3, 1
213419, 0, 1
213453, 1, 0
213477, 2, 1
213523, 3, 0
213544, 0, 0
213578, 1, 1
213602, 2, 0
213648, 3, 0
213669, 0, 1
213703, 1, 0
213727, 2, 0
213773, 3, 1
213794, 0, 0
213828, 1, 1
213852, 2, 1
213898, 3, 0
213919, 0, bit 1
213919, 0, 0
213953, 1, bit 0
213953, 1, 0
213977, 2, 0
214023, 3, 1
214044, 0, 1
214078, 1, 1
214102, 2, 1
214148, 3, bit 1
214148, 3, 0
214169, 0, 1
214203, 1, 0
214227, 2, 0
214273, 3, 1
214294, 0, 0
214328, 1, 1
214352, 2, 1
214398, 3, 1
214419, 0, 1
214453, 1, 0
214477, 2, 0
214523, 3, 0
214544, 0, 0
214578, 1, 1
214602, 2, 1
214648, 3, 0
214669, 0, 1
214703, 1, 1
214727, 2, 0
214773, 3, 1
214794, 0, 0
214828, 1, 0
214852, 2, 1
214898, 3, 1
214919, 0, 1
214953, 1, 0
214977, 2, bit 0
214977, 2, 0
215023, 3, 0
215044, 0, 0
215078, 1, 1
215102, 2, 1
215148, 3, 0
215169, 0, 0
215203, 1, 0
215227, 2, 0
215273, 3, 1
215294, 0, 1
215328, 1, 1
215352, 2, 1
215398, 3, 1
215419, 0, 0
215453, 1, 0
215477, 2, 1
215523, 3, 0
215544, 0, 1
215578, 1, 1
215602, 2, 0
215648, 3, 1
215669, 0, bit 0
215669, 0, 1
215703, 1, bit 1
215703, 1, 1
215727, 2, 1
215773, 3, 0
215794, 0, 0
215828, 1, 0
215852, 2, 0
215898, 3, bit 1
215898, 3, 0
215919, 0, 0
215953, 1, 1
215977, 2, 1
216023, 3, 1
216044, 0, 1
216078, 1, 0
216102, 2, 0
216148, 3, 1
216169, 0, 0
216203, 1, 1
216227, 2, 1
216273, 3, 0
216294, 0, 1
216328, 1, 0
216352, 2, 0
216398, 3, 0
216419, 0, 0
216453, 1, 0
216477, 2, 1
216523, 3, 1
216544, 0, 1
216578, 1, 1
216602, 2, 0
216648, 3, 1
216669, 0, 0
216704, 1, 1
216727, 2, bit 1
216727, 2, 1
216773, 3, 0
216794, 0, 1
216829, 1, 0
216852, 2, 0
216898, 3, 0
216919, 0, 1
216954, 1, 1
216977, 2, 1
217023, 3, 1
217044, 0, 0
217079, 1, 0
217102, 2, 0
217148, 3, 1
217169, 0, 1
217204, 1, 1
217227, 2, 0
217273, 3, 0
217294, 0, 0
217329, 1, 0
217352, 2, 1
217398, 3, 1
217419, 0, bit 0
217419, 0, 1
217454, 1, bit 1
217454, 1, 1
217477, 2, 0
217523, 3, 0
217544, 0, 0
217579, 1, 0
217602, 2, 1
217648, 3, bit 0
217648, 3, 1
217669, 0, 0
217704, 1, 1
217728, 2, 0
217773, 3, 0
217794, 0, 1
217829, 1, 0
217853, 2, 1
217899, 3, 0
217919, 0, 0
217954, 1, 1
217978, 2, 0
218024, 3, 1
218044, 0, 1
218079, 1, 0
218103, 2, 1
218149, 3, 1
218169, 0, 0
218204, 1, 0
218228, 2, 0
218274, 3, 0
218294, 0, 1
218329, 1, 1
218353, 2, 1
218399, 3, 0
218419, 0, 0
218454, 1, 1
218478, 2, bit 0
218478, 2, 0
218524, 3, 1
218544, 0, 1
218579, 1, 0
218603, 2, 1
218649, 3, 1
218669, 0, 1
218704, 1, 1
218728, 2, 0
218774, 3, 0
218795, 0, 0
218829, 1, 0
218853, 2, 1
218899, 3, 0
218920, 0, 1
218954, 1, 1
218978, 2, 1
219024, 3, 1
219045, 0, 0
219079, 1, 0
219103, 2, 0
219149, 3, 0
219170, 0, bit 1
219170, 0, 0
219204, 1, bit 1
219204, 1, 1
219228, 2, 1
219274, 3, 1
219295, 0, 1
219329, 1, 0
219353, 2, 0
219399, 3, bit 0
219399, 3, 1
219420, 0, 1
219454, 1, 1
219478, 2, 1
219524, 3, 0
219545, 0, 0
219579, 1, 0
219603, 2, 0
219649, 3, 0
219670, 0, 1
219704, 1, 1
219728, 2, 1
219774, 3, 1
219795, 0, 0
219829, 1, 0
219853, 2, 0
219899, 3, 1
219920, 0, 1
219954, 1, 0
219978, 2, 1
220024, 3, 0
220045, 0, 0
220079, 1, 1
220103, 2, 0
220149, 3, 0
220170, 0, 1
220204, 1, 1
220228, 2, bit 1
220228, 2, 1
220274, 3, 1
220295, 0, 0
220329, 1, 0
220353, 2, 0
220399, 3, 1
220420, 0, 0
220454, 1, 1
220478, 2, 1
220524, 3, 0
220545, 0, 1
220579, 1, 0
220603, 2, 0
220649, 3, 0
220670, 0, 0
220704, 1, 1
220728, 2, 0
220774, 3, 1
220795, 0, 1
220829, 1, 0
220853, 2, 1
220899, 3, 0
220920, 0, bit 0
220920, 0, 1
220954, 1, bit 0
220954, 1, 0
220978, 2, 0
221024, 3, 1
221045, 0, 0
221079, 1, 1
221103, 2, 1
221149, 3, bit 0
221149, 3, 1
221170, 0, 0
221204, 1, 0
221228, 2, 0
221274, 3, 0
221295, 0, 1
221329, 1, 1
221353, 2, 1
221399, 3, 0
221420, 0, 0
221454, 1, 0
221478, 2, 0
221524, 3, 1
221545, 0, 1
221579, 1, 1
221603, 2, 1
221649, 3, 1
221670, 0, 0
221704, 1, 1
221728, 2, 0
221774, 3, 0
221795, 0, 1
221829, 1, 0
221853, 2, 1
221899, 3, 0
221920, 0, 0
221954, 1, 0
221978, 2, bit 1
221978, 2, 1
222024, 3, 1
222045, 0, 1
222080, 1, 1
222103, 2, 0
222149, 3, 1
222170, 0, 1
222205, 1, 0
222228, 2, 1
222274, 3, 0
222295, 0, 0
222330, 1, 1
222353, 2, 0
222399, 3, 0
222420, 0, 1
222455, 1, 0
222478, 2, 0
222524, 3, 1
222545, 0, 0
222580, 1, 1
222603, 2, 1
222649, 3, 0
222670, 0, bit 1
222670, 0, 0
222705, 1, bit 0
222705, 1, 0
222728, 2, 0
222774, 3, 1
222795, 0, 1
222830, 1, 1
222853, 2, 1
222899, 3, bit 1
222899, 3, 0
222920, 0, 1
222955, 1, 0
222978, 2, 0
223024, 3, 1
223045, 0, 0
223080, 1, 1
223104, 2, 1
223149, 3, 1
223170, 0, 1
223205, 1, 0
223229, 2, 0
223275, 3, 0
223295, 0, 0
223330, 1, 1
223354, 2, 1
223400, 3, 0
223420, 0, 1
223455, 1, 1
223479, 2, 0
223525, 3, 1
223545, 0, 0
223580, 1, 0
223604, 2, 1
223650, 3, 1
223670, 0, 1
223705, 1, 0
223729, 2, bit 0
223729, 2, 0
223775, 3, 0
223795, 0, 0
223830, 1, 1
223854, 2, 1
223900, 3, 0
223920, 0, 0
223955, 1, 0
223979, 2, 0
224025, 3, 1
224045, 0, 1
224080, 1, 1
224104, 2, 1
224150, 3, 1
224171, 0, 0
224205, 1, 0
224229, 2, 1
224275, 3, 0
224296, 0, 1
224330, 1, 1
224354, 2, 0
224400, 3, 1
224421, 0, bit 0
224421, 0, 1
224455, 1, bit 1
224455, 1, 1
224479, 2, 1
224525, 3, 0
224546, 0, 0
224580, 1, 0
224604, 2, 0
224650, 3, bit 1
224650, 3, 0
224671, 0, 0
224705, 1, 1
224729, 2, 1
224775, 3, 1
224796, 0, 1
224830, 1, 0
224854, 2, 0
224900, 3, 1
224921, 0, 0
224955, 1, 1
224979, 2, 1
225025, 3, 0
225046, 0, 1
225080, 1, 0
225104, 2, 0
225150, 3, 0
225171, 0, 0
225205, 1, 0
225229, 2, 1
225275, 3, 1
225296, 0, 1
225330, 1, 1
225354, 2, 0
225400, 3, 1
225421, 0, 0
225455, 1, 1
225479, 2, bit 0
225479, 2, 0
225525, 3, 0
225546, 0, 1
225580, 1, 0
225604, 2, 1
225650, 3, 0
225671, 0, 1
225705, 1, 1
225729, 2, 0
225775, 3, 1
225796, 0, 0
225830, 1, 0
225854, 2, 1
225900, 3, 1
225921, 0, 1
225955, 1, 1
225979, 2, 1
226025, 3, 0
226046, 0, 0
226080, 1, 0
226104, 2, 0
226150, 3, 1
226171, 0, bit 1
226171, 0, 0
226205, 1, bit 1
226205, 1, 1
226229, 2, 1
226275, 3, 0
226296, 0, 1
226330, 1, 0
226354, 2, 0
226400, 3, bit 0
226400, 3, 1
226421, 0, 1
226455, 1, 1
226479, 2, 1
226525, 3, 0
226546, 0, 0
226580, 1, 0
226604, 2, 0
226650, 3, 0
226671, 0, 1
226705, 1, 1
226729, 2, 1
226775, 3, 1
226796, 0, 0
226830, 1, 0
226854, 2, 0
226900, 3, 1
226921, 0, 1
226955, 1, 0
226979, 2, 1
227025, 3, 0
227046, 0, 0
227080, 1, 1
227104, 2, 0
227150, 3, 0
227171, 0, 1
227205, 1, 1
227229, 2, bit 0
227229, 2, 0
227275, 3, 1
227296, 0, 0
227330, 1, 0
227354, 2, 1
227400, 3, 1
227421, 0, 0
227456, 1, 1
227479, 2, 0
227525, 3, 0
227546, 0, 1
227581, 1, 0
227604, 2, 1
227650, 3, 0
227671, 0, 0
227706, 1, 1
227729, 2, 1
227775, 3, 1
227796, 0, 1
227831, 1, 0
227854, 2, 0
227900, 3, 0
227956, 1, bit 1
227956, 1, 1
227979, 2, 1
228025, 3, 1
228081, 1, 0
228104, 2, 0
228150, 3, bit 1
228150, 3, 0
228206, 1, 1
228229, 2, 1
228275, 3, 1
228331, 1, 0
228354, 2, 0
228400, 3, 1
228456, 1, 1
228480, 2, 1
228525, 3, 0
228581, 1, 0
228605, 2, 0
228651, 3, 0
228706, 1, 0
228730, 2, 1
228776, 3, 1
228831, 1, 1
228855, 2, 0
228901, 3, 1
228956, 1, 1
228980, 2, bit 0
228980, 2, 0
229026, 3, 0
229081, 1, 0
229105, 2, 1
229151, 3, 0
229206, 1, 1
229230, 2, 0
229276, 3, 1
229331, 1, 0
229355, 2, 1
229401, 3, 1
229456, 1, 1
229480, 2, 1
229526, 3, 0
229581, 1, 0
229605, 2, 0
229651, 3, 1
229706, 1, bit 1
229706, 1, 1
229730, 2, 1
229776, 3, 0
229831, 1, 0
229855, 2, 0
229901, 3, bit 0
229901, 3, 1
229956, 1, 1
229980, 2, 1
230026, 3, 0
230081, 1, 0
230105, 2, 0
230151, 3, 0
230206, 1, 1
230230, 2, 1
230276, 3, 1
230331, 1, 0
230355, 2, 0
230401, 3, 1
230456, 1, 0
230480, 2, 1
230526, 3, 0
230581, 1, 1
230605, 2, 0
230651, 3, 0
230706, 1, 1
230730, 2, bit 1
230730, 2, 1
230776, 3, 1
230831, 1, 0
230855, 2, 0
230901, 3, 1
230956, 1, 1
230980, 2, 1
231026, 3, 0
231081, 1, 0
231105, 2, 0
231151, 3, 0
231206, 1, 1
231230, 2, 0
231276, 3, 1
231331, 1, 0
231355, 2, 1
231401, 3, 0
231456, 1, bit 1
231456, 1, 1
231480, 2, 0
231526, 3, 1
231581, 1, 0
231605, 2, 1
231651, 3, bit 1
231651, 3, 0
231706, 1, 1
231730, 2, 0
231776, 3, 1
231831, 1, 0
231855, 2, 1
231901, 3, 1
231956, 1, 1
231980, 2, 0
232026, 3, 0
232081, 1, 0
232105, 2, 1
232151, 3, 0
232206, 1, 0
232230, 2, 0
232276, 3, 1
232331, 1, 1
232355, 2, 1
232401, 3, 1
232456, 1, 1
232480, 2, bit 1
232480, 2, 1
232526, 3, 0
232581, 1, 0
232605, 2, 0
232651, 3, 0
232706, 1, 1
232730, 2, 1
232776, 3, 1
232832, 1, 0
232855, 2, 0
232901, 3, 1
232957, 1, 1
232980, 2, 0
233026, 3, 0
233082, 1, 0
233105, 2, 1
233151, 3, 1
233207, 1, bit 0
233207, 1, 0
233230, 2, 0
233276, 3, 0
233332, 1, 1
233355, 2, 1
233401, 3, bit 0
233401, 3, 1
233457, 1, 0
233480, 2, 0
233526, 3, 0
233582, 1, 1
233605, 2, 1
233651, 3, 0
233707, 1, 0
233730, 2, 0
233776, 3, 1
233832, 1, 1
233856, 2, 1
233901, 3, 1
233957, 1, 1
233981, 2, 0
234027, 3, 0
234082, 1, 0
234106, 2, 1
234152, 3, 0
234207, 1, 0
234231, 2, bit 0
234242, 2, 0
234277, 3, 1
234332, 1, 1
234356, 2, 1
234402, 3, 1
234457, 1, 0
234481, 2, 0
234527, 3, 0
234582, 1, 1
234606, 2, 1
234652, 3, 0
234707, 1, 0
234731, 2, 1
234777, 3, 1
234832, 1, 1
234856, 2, 0
234902, 3, 0
234957, 1, bit 0
234957, 1, 0
234981, 2, 1
235027, 3, 1
235082, 1, 1
235106, 2, 0
235152, 3, bit 0
235152, 3, 1
235207, 1, 0
235231, 2, 1
235277, 3, 0
235332, 1, 1
235356, 2, 0
235402, 3, 0
235457, 1, 0
235481, 2, 1
235527, 3, 1
235582, 1, 1
235606, 2, 0
235652, 3, 1
235707, 1, 1
235731, 2, 1
235777, 3, 0
235832, 1, 0
235856, 2, 0
235902, 3, 0
235957, 1, 0
235981, 2, bit 0
235981, 2, 0
236027, 3, 1
236082, 1, 1
236106, 2, 1
236152, 3, 1
236207, 1, 0
236231, 2, 0
236277, 3, 0
236332, 1, 1
236356, 2, 1
236402, 3, 0
236457, 1, 0
236481, 2, 1
236527, 3, 1
236582, 1, 1
236606, 2, 0
236652, 3, 0
236707, 1, bit 0
236707, 1, 0
236731, 2, 1
236777, 3, 1
236832, 1, 1
236856, 2, 0
236902, 3, bit 1
236902, 3, 0
236957, 1, 0
236981, 2, 1
237027, 3, 1
237082, 1, 1
237106, 2, 0
237152, 3, 1
237207, 1, 0
237231, 2, 1
237277, 3, 0
237332, 1, 1
237356, 2, 0
237402, 3, 0
237457, 1, 1
237481, 2, 1
237527, 3, 1
237582, 1, 0
237606, 2, 0
237652, 3, 1
237707, 1, 0
237731, 2, bit 0
237731, 2, 0
237777, 3, 0
237832, 1, 1
237856, 2, 1
237902, 3, 0
237957, 1, 0
237981, 2, 0
238027, 3, 1
238082, 1, 1
238106, 2, 1
238152, 3, 1
238208, 1, 0
238231, 2, 1
238277, 3, 0
238333, 1, 1
238356, 2, 0
238402, 3, 1
238458, 1, bit 0
238461, 1, 0
238481, 2, 1
238527, 3, 0
238583, 1, 1
238606, 2, 0
238652, 3, bit 0
238652, 3, 1
238708, 1, 0
238731, 2, 1
238777, 3, 0
238833, 1, 1
238856, 2, 0
238902, 3, 0
238958, 1, 0
238981, 2, 1
239027, 3, 1
239083, 1, 1
239106, 2, 0
239152, 3, 1
239208, 1, 1
239232, 2, 1
239277, 3, 0
239333, 1, 0
239357, 2, 0
239403, 3, 0
239458, 1, 0
239482, 2, bit 1
239482, 2, 1
239528, 3, 1
239583, 1, 1
239607, 2, 0
239653, 3, 1
239708, 1, 0
239732, 2, 1
239778, 3, 0
239833, 1, 1
239857, 2, 0
239903, 3, 0
239958, 1, 0
239982, 2, 0
240028, 3, 1
240083, 1, 1
240107, 2, 1
240153, 3, 0
240208, 1, bit 0
240208, 1, 0
240232, 2, 0
240278, 3, 1
240333, 1, 1
240357, 2, 1
240403, 3, bit 1
240403, 3, 0
240458, 1, 0
240482, 2, 0
240528, 3, 1
240583, 1, 1
240607, 2, 1
240653, 3, 1
240708, 1, 0
240732, 2, 0
240778, 3, 0
240833, 1, 1
240857, 2, 1
240903, 3, 0
240958, 1, 1
240982, 2, 0
241028, 3, 1
241083, 1, 0
241107, 2, 1
241153, 3, 1
241208, 1, 0
241232, 2, bit 1
241235, 2, 1
241278, 3, 0
241333, 1, 1
241357, 2, 0
241403, 3, 0
241458, 1, 0
241482, 2, 1
241528, 3, 1
241583, 1, 1
241607, 2, 0
241653, 3, 1
241708, 1, 0
241732, 2, 0
241778, 3, 0
241833, 1, 1
241857, 2, 1
241903, 3, 1
241958, 1, bit 0
241958, 1, 0
241982, 2, 0
242028, 3, 0
242083, 1, 1
242107, 2, 1
242153, 3, bit 1
242153, 3, 0
242208, 1, 0
242232, 2, 0
242278, 3, 1
242333, 1, 1
242357, 2, 1
242403, 3, 1
242458, 1, 0
242482, 2, 0
242528, 3, 0
242583, 1, 1
242607, 2, 1
242653, 3, 0
242708, 1, 1
242732, 2, 0
242778, 3, 1
242833, 1, 0
242857, 2, 1
242903, 3, 1
242958, 1, 0
242982, 2, bit 0
242982, 2, 0
243028, 3, 0
243083, 1, 1
243107, 2, 1
243153, 3, 0
243208, 1, 0
243232, 2, 0
243278, 3, 1
243333, 1, 1
243357, 2, 1
243403, 3, 1
243458, 1, 0
243482, 2, 1
243528, 3, 0
243584, 1, 1
243607, 2, 0
243653, 3, 1
243732, 2, 1
243778, 3, 0
243857, 2, 0
243903, 3, bit 0
243903, 3, 1
243982, 2, 1
244028, 3, 0
244107, 2, 0
244153, 3, 0
244232, 2, 1
244278, 3, 1
244357, 2, 0
244403, 3, 1
244482, 2, 1
244528, 3, 0
244608, 2, 0
244653, 3, 0
244733, 2, bit 1
244733, 2, 1
244779, 3, 1
244858, 2, 0
244904, 3, 1
244983, 2, 1
245029, 3, 0
245108, 2, 0
245154, 3, 0
245233, 2, 0
245279, 3, 1
245358, 2, 1
245404, 3, 0
245483, 2, 0
245529, 3, 1
245608, 2, 1
245654, 3, bit 1
245654, 3, 0
245733, 2, 0
245779, 3, 1
245858, 2, 1
245904, 3, 1
245983, 2, 0
246029, 3, 0
246108, 2, 1
246154, 3, 0
246233, 2, 0
246279, 3, 1
246358, 2, 1
246404, 3, 1
246483, 2, bit 1
246483, 2, 1
246529, 3, 0
246608, 2, 0
246654, 3, 0
246733, 2, 1
246779, 3, 1
246858, 2, 0
246904, 3, 1
246983, 2, 0
247029, 3, 0
247108, 2, 1
247154, 3, 1
247233, 2, 0
247279, 3, 0
247358, 2, 1
247404, 3, bit 1
247404, 3, 0
247483, 2, 0
247529, 3, 1
247608, 2, 1
247654, 3, 1
247733, 2, 0
247779, 3, 0
247858, 2, 1
247904, 3, 0
247983, 2, 0
248029, 3, 1
248108, 2, 1
248154, 3, 1
248233, 2, bit 1
248233, 2, 1
248279, 3, 0
248358, 2, 0
248404, 3, 0
248483, 2, 1
248529, 3, 1
248608, 2, 0
248654, 3, 1
248733, 2, 0
248779, 3, 0
248858, 2, 1
248904, 3, 1
248983, 2, 0
249029, 3, 0
249108, 2, 1
249154, 3, bit 1
249154, 3, 0
249233, 2, 0
249279, 3, 1
249358, 2, 1
249404, 3, 1
249483, 2, 0
249529, 3, 0
249608, 2, 1
249654, 3, 0
249733, 2, 0
249779, 3, 1
249858, 2, 1
249904, 3, 1
249984, 2, bit 1
249984, 2, 1
250029, 3, 0
250109, 2, 0
250155, 3, 0
250234, 2, 1
250280, 3, 1
250359, 2, 0
250405, 3, 1
250484, 2, 0
250530, 3, 0
250609, 2, 1
250655, 3, 1
250734, 2, 0
250780, 3, 0
250859, 2, 1
250905, 3, bit 1
250905, 3, 0
250984, 2, 0
251030, 3, 1
251109, 2, 1
251155, 3, 1
251234, 2, 0
251280, 3, 0
251359, 2, 1
251405, 3, 0
251484, 2, 0
251530, 3, 1
251609, 2, 1
251655, 3, 1
251734, 2, bit 1
251734, 2, 1
251780, 3, 0
251859, 2, 0
251905, 3, 0
251984, 2, 1
252030, 3, 1
252109, 2, 0
252155, 3, 1
252234, 2, 0
252280, 3, 0
252359, 2, 1
252405, 3, 1
252484, 2, 0
252530, 3, 0
252609, 2, 1
252655, 3, bit 0
252658, 3, 1
252734, 2, 0
252780, 3, 0
252859, 2, 1
252905, 3, 0
252984, 2, 0
253030, 3, 1
253109, 2, 1
253155, 3, 1
253234, 2, 0
253280, 3, 0
253359, 2, 1
253405, 3, 0
253484, 2, bit 0
253484, 2, 0
253530, 3, 1
253609, 2, 1
253655, 3, 1
253734, 2, 0
253780, 3, 0
253859, 2, 1
253905, 3, 0
253984, 2, 1
254030, 3, 1
254109, 2, 0
254155, 3, 0
254234, 2, 1
254280, 3, 1
254359, 2, 0
254405, 3, bit 1
254405, 3, 0
254484, 2, 1
254530, 3, 1
254609, 2, 0
254655, 3, 1
254734, 2, 1
254780, 3, 0
254859, 2, 0
254905, 3, 0
254984, 2, 1
255030, 3, 1
255109, 2, 0
255155, 3, 1
255234, 2, bit 0
255234, 2, 0
255280, 3, 0
255360, 2, 1
255405, 3, 0
255485, 2, 0
255531, 3, 1
255610, 2, 1
255656, 3, 1
255735, 2, 1
255781, 3, 0
255860, 2, 0
255906, 3, 1
255985, 2, 1
256031, 3, 0
256110, 2, 0
256156, 3, bit 1
256156, 3, 0
256235, 2, 1
256281, 3, 1
256360, 2, 0
256406, 3, 1
256485, 2, 1
256531, 3, 0
256610, 2, 0
256656, 3, 0
256735, 2, 1
256781, 3, 1
256860, 2, 0
256906, 3, 1
256985, 2, bit 0
256985, 2, 0
257031, 3, 0
257110, 2, 1
257156, 3, 0
257235, 2, 0
257281, 3, 1
257360, 2, 1
257406, 3, 1
257485, 2, 1
257531, 3, 0
257610, 2, 0
257656, 3, 1
257735, 2, 1
257781, 3, 0
257860, 2, 0
257906, 3, bit 1
257906, 3, 0
257985, 2, 1
258031, 3, 1
258110, 2, 0
258156, 3, 1
258235, 2, 1
258281, 3, 0
258360, 2, 0
258406, 3, 0
258485, 2, 1
258531, 3, 1
258610, 2, 0
258656, 3, 1
258735, 2, bit 1
258735, 2, 1
258781, 3, 0
258860, 2, 0
258906, 3, 0
258985, 2, 1
259031, 3, 1
259110, 2, 0
259156, 3, 1
259235, 2, 0
259281, 3, 0
259360, 2, 1
259406, 3, 1
259485, 2, 0
259531, 3, 0
259610, 2, 1
259656, 3, bit 1
259656, 3, 0
259735, 2, 0
259781, 3, 1
259860, 2, 1
259906, 3, 1
259985, 2, 0
260031, 3, 0
260110, 2, 1
260156, 3, 0
260235, 2, 0
260281, 3, 1
260360, 2, 1
260406, 3, 1
260531, 3, 0
260656, 3, 0
260781, 3, 1
260907, 3, 1
261032, 3, 0
261157, 3, 1
261282, 3, 0
261407, 3, bit 0
261407, 3, 1
261532, 3, 0
261657, 3, 0
261782, 3, 1
261907, 3, 1
262032, 3, 0
262157, 3, 0
262282, 3, 1
262407, 3, 1
262532, 3, 0
262657, 3, 0
262782, 3, 1
262907, 3, 0
263032, 3, 1
263157, 3, bit 0
263157, 3, 1
263282, 3, 0
263407, 3, 0
263532, 3, 1
263657, 3, 1
263782, 3, 0
263907, 3, 0
264032, 3, 1
264157, 3, 1
264282, 3, 0
264407, 3, 0
264532, 3, 1
264657, 3, 0
264782, 3, 1
264907, 3, bit 0
264907, 3, 1
265032, 3, 0
265157, 3, 0
265282, 3, 1
265407, 3, 1
265532, 3, 0
265657, 3, 0
265782, 3, 1
265907, 3, 1
266032, 3, 0
266157, 3, 0
266283, 3, 1
266408, 3, 0
266533, 3, 1
266658, 3, bit 1
266658, 3, 0
266783, 3, 1
266908, 3, 1
267033, 3, 0
267158, 3, 0
267283, 3, 1
267408, 3, 1
267533, 3, 0
267658, 3, 0
267783, 3, 1
267908, 3, 1
268033, 3, 0
268158, 3, 1
268283, 3, 0
268408, 3, bit 1
268408, 3, 0
268533, 3, 1
268658, 3, 1
268783, 3, 0
268908, 3, 0
269033, 3, 1
269158, 3, 1
269283, 3, 0
269408, 3, 0
269533, 3, 1
269658, 3, 1
269783, 3, 0
269908, 3, 1
270033, 3, 0
270158, 3, bit 1
270158, 3, 0
270283, 3, 1
270408, 3, 1
270533, 3, 0
270658, 3, 0
270783, 3, 1
270908, 3, 1
271033, 3, 0
271158, 3, 0
271283, 3, 1
271408, 3, 1
271533, 3, 0
271659, 3, 1
271784, 3, 0
271909, 3, bit 1
271909, 3, 0
272034, 3, 1
272159, 3, 1
272284, 3, 0
272409, 3, 0
272534, 3, 1
272659, 3, 1
272784, 3, 0
272909, 3, 0
273034, 3, 1
273159, 3, 1
273284, 3, 0
273409, 3, 1
273534, 3, 0
273659, 3, bit 1
273659, 3, 0
273784, 3, 1
273909, 3, 1
274034, 3, 0
274159, 3, 0
274284, 3, 1
274409, 3, 1
274534, 3, 0
274659, 3, 0
274784, 3, 1
274909, 3, 1
275034, 3, 0
275159, 3, 1
275284, 3, 0
