125 100 4 7 8
(2, 20, 2, 10.00), (code 2)
(3, 146, 2, 10.00), (code 4)
(4, 272, 9, 10.00), (code 3)
(5, 398, 11, 10.00), (code 5)
START
2289403, 0, prem 0
2289403, 0, 0
2289528, 0, 0
2289653, 0, 0
2289778, 0, 0
2289903, 0, 0
2290028, 0, 0
2290153, 0, 0
2290278, 0, 0
2290403, 0, 1
2290528, 0, 1
2290653, 0, 1
2290778, 0, 1
2290903, 0, 1
2291028, 0, 1
2291153, 0, 1
2291278, 0, 1
2291403, 0, prem 1
2291403, 0, 1
2291528, 0, 1
2291653, 0, 1
2291778, 0, 1
2291903, 0, 1
2292028, 0, 1
2292153, 0, 1
2292278, 0, 1
2292403, 0, 0
2292528, 0, 0
2292653, 0, 0
2292779, 0, 0
2292904, 0, 0
2293029, 0, 0
2293154, 0, 0
2293279, 0, 0
2293404, 0, prem 0
2293404, 0, 0
2293529, 0, 0
2293654, 0, 0
2293779, 0, 0
2293904, 0, 0
2294029, 0, 0
2294154, 0, 0
2294279, 0, 0
2294404, 0, 1
2294529, 0, 1
2294654, 0, 1
2294779, 0, 1
2294904, 0, 1
2295029, 0, 1
2295154, 0, 1
2295279, 0, 1
2295404, 0, prem 1
2295404, 0, 1
2295529, 0, 1
2295654, 0, 1
2295779, 0, 1
2295904, 0, 1
2296029, 0, 1
2296154, 0, 1
2296279, 0, 1
2296404, 0, 0
2296529, 0, 0
2296654, 0, 0
2296779, 0, 0
2296904, 0, 0
2297029, 0, 0
2297154, 0, 0
2297279, 0, 0
2297404, 0, prem 0
2297404, 0, 0
2297529, 0, 0
2297654, 0, 0
2297779, 0, 0
2297904, 0, 0
2298029, 0, 0
2298155, 0, 0
2298280, 0, 0
2298405, 0, 1
2298530, 0, 1
2298655, 0, 1
2298780, 0, 1
2298905, 0, 1
2299030, 0, 1
2299155, 0, 1
2299280, 0, 1
2299405, 0, prem 1
2299405, 0, 1
2299530, 0, 1
2299655, 0, 1
2299780, 0, 1
2299905, 0, 1
2300030, 0, 1
2300155, 0, 1
2300280, 0, 1
2300405, 0, 0
2300530, 0, 0
2300655, 0, 0
2300780, 0, 0
2300905, 0, 0
2301030, 0, 0
2301155, 0, 0
2301280, 0, 0
2301405, 0, prem 1
2301405, 0, 1
2301530, 0, 1
2301655, 0, 1
2301780, 0, 1
2301905, 0, 1
2302030, 0, 1
2302155, 0, 1
2302280, 0, 1
2302405, 0, 0
2302530, 0, 0
2302655, 0, 0
2302780, 0, 0
2302905, 0, 0
2303030, 0, 0
2303155, 0, 0
2303280, 0, 0
2303405, 0, bit 1
2303405, 0, 0
2303531, 0, 1
2303656, 0, 1
2303781, 0, 0
2303906, 0, 0
2304031, 0, 1
2304156, 0, 1
2304281, 0, 0
2304406, 0, 0
2304531, 0, 1
2304656, 0, 1
2304781, 0, 0
2304906, 0, 1
2305031, 0, 0
2305156, 0, bit 0
2305156, 0, 1
2305159, 1, prem 0
2305159, 1, 0
2305281, 0, 0
2305284, 1, 0
2305406, 0, 0
2305409, 1, 0
2305531, 0, 1
2305534, 1, 0
2305656, 0, 1
2305659, 1, 0
2305781, 0, 0
2305784, 1, 0
2305906, 0, 0
2305909, 1, 0
2306031, 0, 1
2306034, 1, 0
2306156, 0, 1
2306159, 1, 1
2306281, 0, 0
2306284, 1, 1
2306406, 0, 0
2306409, 1, 1
2306531, 0, 1
2306534, 1, 1
2306656, 0, 0
2306659, 1, 1
2306781, 0, 1
2306784, 1, 1
2306906, 0, bit 0
2306906, 0, 1
2306909, 1, 1
2307031, 0, 0
2307034, 1, 1
2307156, 0, 0
2307159, 1, prem 0
2307159, 1, 0
2307281, 0, 1
2307284, 1, 0
2307406, 0, 1
2307409, 1, 0
2307531, 0, 0
2307534, 1, 0
2307656, 0, 0
2307659, 1, 0
2307781, 0, 1
2307784, 1, 0
2307906, 0, 1
2307909, 1, 0
2308031, 0, 0
2308034, 1, 0
2308156, 0, 0
2308159, 1, 1
2308281, 0, 1
2308284, 1, 1
2308406, 0, 0
2308409, 1, 1
2308531, 0, 1
2308534, 1, 1
2308656, 0, bit 1
2308656, 0, 0
2308659, 1, 1
2308781, 0, 1
2308784, 1, 1
2308907, 0, 1
2308909, 1, 1
2309032, 0, 0
2309035, 1, 1
2309157, 0, 0
2309160, 1, prem 0
2309160, 1, 0
2309282, 0, 1
2309285, 1, 0
2309407, 0, 1
2309410, 1, 0
2309532, 0, 0
2309535, 1, 0
2309657, 0, 0
2309660, 1, 0
2309782, 0, 1
2309785, 1, 0
2309907, 0, 1
2309910, 1, 0
2310032, 0, 0
2310035, 1, 0
2310157, 0, 1
2310160, 1, 1
2310282, 0, 0
2310285, 1, 1
2310407, 0, bit 0
2310410, 0, 1
2310410, 1, 1
2310532, 0, 0
2310535, 1, 1
2310657, 0, 0
2310660, 1, 1
2310782, 0, 1
2310785, 1, 1
2310907, 0, 1
2310910, 1, 1
2311032, 0, 0
2311035, 1, 1
2311157, 0, 0
2311160, 1, prem 0
2311160, 1, 0
2311282, 0, 1
2311285, 1, 0
2311407, 0, 1
2311410, 1, 0
2311532, 0, 0
2311535, 1, 0
2311657, 0, 0
2311660, 1, 0
2311782, 0, 1
2311785, 1, 0
2311907, 0, 0
2311910, 1, 0
2312032, 0, 1
2312035, 1, 0
2312157, 0, bit 0
2312157, 0, 1
2312160, 1, 1
2312282, 0, 0
2312285, 1, 1
2312407, 0, 0
2312410, 1, 1
2312532, 0, 1
2312535, 1, 1
2312657, 0, 1
2312660, 1, 1
2312782, 0, 0
2312785, 1, 1
2312907, 0, 0
2312910, 1, 1
2313032, 0, 1
2313035, 1, 1
2313157, 0, 1
2313160, 1, prem 1
2313160, 1, 1
2313282, 0, 0
2313285, 1, 1
2313407, 0, 0
2313410, 1, 1
2313532, 0, 1
2313535, 1, 1
2313657, 0, 0
2313660, 1, 1
2313782, 0, 1
2313785, 1, 1
2313907, 0, bit 0
2313907, 0, 1
2313910, 1, 1
2314032, 0, 0
2314035, 1, 1
2314157, 0, 0
2314160, 1, 0
2314283, 0, 1
2314286, 1, 0
2314408, 0, 1
2314411, 1, 0
2314533, 0, 0
2314536, 1, 0
2314658, 0, 0
2314661, 1, 0
2314783, 0, 1
2314786, 1, 0
2314908, 0, 1
2314911, 1, 0
2315033, 0, 0
2315036, 1, 0
2315158, 0, 0
2315161, 1, prem 0
2315161, 1, 0
2315283, 0, 1
2315286, 1, 0
2315408, 0, 0
2315411, 1, 0
2315533, 0, 1
2315536, 1, 0
2315658, 0, bit 0
2315658, 0, 1
2315661, 1, 0
2315783, 0, 0
2315786, 1, 0
2315908, 0, 0
2315911, 1, 0
2316033, 0, 1
2316036, 1, 0
2316158, 0, 1
2316161, 1, 1
2316283, 0, 0
2316286, 1, 1
2316408, 0, 0
2316411, 1, 1
2316533, 0, 1
2316536, 1, 1
2316658, 0, 1
2316661, 1, 1
2316783, 0, 0
2316786, 1, 1
2316908, 0, 0
2316911, 1, 1
2317033, 0, 1
2317036, 1, 1
2317158, 0, 0
2317161, 1, prem 1
2317161, 1, 1
2317283, 0, 1
2317286, 1, 1
2317408, 0, bit 0
2317408, 0, 1
2317411, 1, 1
2317533, 0, 0
2317536, 1, 1
2317658, 0, 0
2317661, 1, 1
2317783, 0, 1
2317786, 1, 1
2317908, 0, 1
2317911, 1, 1
2318033, 0, 0
2318036, 1, 1
2318158, 0, 0
2318161, 1, 0
2318283, 0, 1
2318286, 1, 0
2318408, 0, 1
2318411, 1, 0
2318533, 0, 0
2318536, 1, 0
2318658, 0, 0
2318661, 1, 0
2318783, 0, 1
2318786, 1, 0
2318908, 0, 0
2318911, 1, 0
2319033, 0, 1
2319036, 1, 0
2319158, 0, bit 1
2319158, 0, 0
2319161, 1, bit 1
2319161, 1, 0
2319283, 0, 1
2319286, 1, 1
2319408, 0, 1
2319411, 1, 0
2319533, 0, 0
2319536, 1, 1
2319659, 0, 0
2319661, 1, 0
2319784, 0, 1
2319787, 1, 1
2319909, 0, 1
2319912, 1, 0
2320034, 0, 0
2320037, 1, 1
2320159, 0, 0
2320162, 1, 1
2320284, 0, 1
2320287, 1, 0
2320409, 0, 1
2320412, 1, 0
2320534, 0, 0
2320537, 1, 1
2320659, 0, 1
2320662, 1, 1
2320784, 0, 0
2320787, 1, 0
2320909, 0, bit 1
2320909, 0, 0
2320912, 1, bit 1
2320912, 1, 0
2321034, 0, 1
2321037, 1, 1
2321159, 0, 1
2321162, 1, 0
2321284, 0, 0
2321287, 1, 1
2321409, 0, 0
2321412, 1, 0
2321534, 0, 1
2321537, 1, 1
2321659, 0, 1
2321662, 1, 0
2321784, 0, 0
2321787, 1, 1
2321790, 2, prem 1
2321790, 2, 1
2321909, 0, 0
2321912, 1, 1
2321915, 2, 1
2322034, 0, 1
2322037, 1, 0
2322040, 2, 1
2322159, 0, 1
2322162, 1, 0
2322165, 2, 1
2322284, 0, 0
2322287, 1, 1
2322290, 2, 1
2322409, 0, 1
2322412, 1, 1
2322415, 2, 1
2322534, 0, 0
2322537, 1, 0
2322540, 2, 1
2322659, 0, bit 1
2322659, 0, 0
2322662, 1, bit 0
2322662, 1, 1
2322665, 2, 1
2322784, 0, 1
2322787, 1, 0
2322790, 2, 0
2322909, 0, 1
2322912, 1, 1
2322915, 2, 0
2323034, 0, 0
2323037, 1, 0
2323040, 2, 0
2323159, 0, 0
2323162, 1, 1
2323165, 2, 0
2323284, 0, 1
2323287, 1, 0
2323290, 2, 0
2323409, 0, 1
2323412, 1, 1
2323415, 2, 0
2323534, 0, 0
2323537, 1, 0
2323540, 2, 0
2323659, 0, 0
2323662, 1, 0
2323665, 2, 0
2323784, 0, 1
2323787, 1, 1
2323790, 2, prem 1
2323790, 2, 1
2323909, 0, 1
2323912, 1, 1
2323915, 2, 1
2324034, 0, 0
2324037, 1, 0
2324040, 2, 1
2324159, 0, 1
2324162, 1, 0
2324165, 2, 1
2324284, 0, 0
2324287, 1, 1
2324290, 2, 1
2324409, 0, bit 0
2324409, 0, 1
2324412, 1, bit 0
2324412, 1, 1
2324415, 2, 1
2324534, 0, 0
2324537, 1, 0
2324540, 2, 1
2324659, 0, 0
2324662, 1, 1
2324665, 2, 1
2324784, 0, 1
2324787, 1, 0
2324790, 2, 0
2324909, 0, 1
2324912, 1, 1
2324915, 2, 0
2325035, 0, 0
2325037, 1, 0
2325040, 2, 0
2325160, 0, 0
2325163, 1, 1
2325165, 2, 0
2325285, 0, 1
2325288, 1, 0
2325291, 2, 0
2325410, 0, 1
2325413, 1, 0
2325416, 2, 0
2325535, 0, 0
2325538, 1, 1
2325541, 2, 0
2325660, 0, 0
2325663, 1, 1
2325666, 2, 0
2325785, 0, 1
2325788, 1, 0
2325791, 2, prem 1
2325791, 2, 1
2325910, 0, 0
2325913, 1, 0
2325916, 2, 1
2326035, 0, 1
2326038, 1, 1
2326041, 2, 1
2326160, 0, bit 1
2326160, 0, 0
2326163, 1, bit 1
2326163, 1, 0
2326166, 2, 1
2326285, 0, 1
2326288, 1, 1
2326291, 2, 1
2326410, 0, 1
2326413, 1, 0
2326416, 2, 1
2326535, 0, 0
2326538, 1, 1
2326541, 2, 1
2326660, 0, 0
2326663, 1, 0
2326666, 2, 1
2326785, 0, 1
2326788, 1, 1
2326791, 2, 0
2326910, 0, 1
2326913, 1, 0
2326916, 2, 0
2327035, 0, 0
2327038, 1, 1
2327041, 2, 0
2327160, 0, 0
2327163, 1, 1
2327166, 2, 0
2327285, 0, 1
2327288, 1, 0
2327291, 2, 0
2327410, 0, 1
2327413, 1, 0
2327416, 2, 0
2327535, 0, 0
2327538, 1, 1
2327541, 2, 0
2327660, 0, 1
2327663, 1, 1
2327666, 2, 0
2327785, 0, 0
2327788, 1, 0
2327791, 2, prem 0
2327791, 2, 0
2327910, 0, bit 0
2327910, 0, 1
2327913, 1, bit 1
2327913, 1, 0
2327916, 2, 0
2328035, 0, 0
2328038, 1, 1
2328041, 2, 0
2328160, 0, 0
2328163, 1, 0
2328166, 2, 0
2328285, 0, 1
2328288, 1, 1
2328291, 2, 0
2328410, 0, 1
2328413, 1, 0
2328416, 2, 0
2328535, 0, 0
2328538, 1, 1
2328541, 2, 0
2328660, 0, 0
2328663, 1, 0
2328666, 2, 0
2328785, 0, 1
2328788, 1, 1
2328791, 2, 1
2328910, 0, 1
2328913, 1, 1
2328916, 2, 1
2329035, 0, 0
2329038, 1, 0
2329041, 2, 1
2329160, 0, 0
2329163, 1, 0
2329166, 2, 1
2329285, 0, 1
2329288, 1, 1
2329291, 2, 1
2329410, 0, 0
2329413, 1, 1
2329416, 2, 1
2329535, 0, 1
2329538, 1, 0
2329541, 2, 1
2329660, 0, bit 1
2329660, 0, 0
2329663, 1, bit 0
2329663, 1, 1
2329666, 2, 1
2329785, 0, 1
2329788, 1, 0
2329791, 2, prem 1
2329791, 2, 1
2329910, 0, 1
2329913, 1, 1
2329916, 2, 1
2330035, 0, 0
2330038, 1, 0
2330041, 2, 1
2330160, 0, 0
2330163, 1, 1
2330166, 2, 1
2330285, 0, 1
2330288, 1, 0
2330291, 2, 1
2330411, 0, 1
2330413, 1, 1
2330416, 2, 1
2330536, 0, 0
2330539, 1, 0
2330541, 2, 1
2330661, 0, 0
2330664, 1, 0
2330667, 2, 1
2330786, 0, 1
2330789, 1, 1
2330792, 2, 0
2330911, 0, 1
2330914, 1, 1
2330917, 2, 0
2331036, 0, 0
2331039, 1, 0
2331042, 2, 0
2331161, 0, 1
2331164, 1, 0
2331167, 2, 0
2331286, 0, 0
2331289, 1, 1
2331292, 2, 0
2331411, 0, bit 0
2331411, 0, 1
2331414, 1, bit 1
2331414, 1, 0
2331417, 2, 0
2331536, 0, 0
2331539, 1, 1
2331542, 2, 0
2331661, 0, 0
2331664, 1, 0
2331667, 2, 0
2331786, 0, 1
2331789, 1, 1
2331792, 2, prem 1
2331792, 2, 1
2331911, 0, 1
2331914, 1, 0
2331917, 2, 1
2332036, 0, 0
2332039, 1, 1
2332042, 2, 1
2332161, 0, 0
2332164, 1, 0
2332167, 2, 1
2332286, 0, 1
2332289, 1, 1
2332292, 2, 1
2332411, 0, 1
2332414, 1, 1
2332417, 2, 1
2332536, 0, 0
2332539, 1, 0
2332542, 2, 1
2332661, 0, 0
2332664, 1, 0
2332667, 2, 1
2332786, 0, 1
2332789, 1, 1
2332792, 2, 0
2332911, 0, 0
2332914, 1, 1
2332917, 2, 0
2333036, 0, 1
2333039, 1, 0
2333042, 2, 0
2333161, 0, bit 0
2333161, 0, 1
2333164, 1, bit 1
2333164, 1, 0
2333167, 2, 0
2333286, 0, 0
2333289, 1, 1
2333292, 2, 0
2333411, 0, 0
2333414, 1, 0
2333417, 2, 0
2333536, 0, 1
2333539, 1, 1
2333542, 2, 0
2333661, 0, 1
2333664, 1, 0
2333667, 2, 0
2333786, 0, 0
2333789, 1, 1
2333792, 2, prem 1
2333792, 2, 1
2333911, 0, 0
2333914, 1, 0
2333917, 2, 1
2334036, 0, 1
2334039, 1, 1
2334042, 2, 1
2334161, 0, 1
2334164, 1, 1
2334167, 2, 1
2334286, 0, 0
2334289, 1, 0
2334292, 2, 1
2334411, 0, 0
2334414, 1, 0
2334417, 2, 1
2334536, 0, 1
2334539, 1, 1
2334542, 2, 1
2334661, 0, 0
2334664, 1, 1
2334667, 2, 1
2334786, 0, 1
2334789, 1, 0
2334792, 2, 0
2334911, 0, bit 0
2334911, 0, 1
2334914, 1, bit 0
2334914, 1, 1
2334917, 2, 0
2335036, 0, 0
2335039, 1, 0
2335042, 2, 0
2335161, 0, 0
2335164, 1, 1
2335167, 2, 0
2335286, 0, 1
2335289, 1, 0
2335292, 2, 0
2335411, 0, 1
2335414, 1, 1
2335417, 2, 0
2335536, 0, 0
2335539, 1, 0
2335542, 2, 0
2335661, 0, 0
2335664, 1, 1
2335667, 2, 0
2335787, 0, 1
2335789, 1, 0
2335792, 2, bit 1
2335792, 2, 1
2335912, 0, 1
2335915, 1, 0
2335917, 2, 0
2336037, 0, 0
2336040, 1, 1
2336043, 2, 1
2336162, 0, 0
2336165, 1, 1
2336168, 2, 0
2336287, 0, 1
2336290, 1, 0
2336293, 2, 1
2336412, 0, 0
2336415, 1, 0
2336418, 2, 0
2336537, 0, 1
2336540, 1, 1
2336543, 2, 0
2336662, 0, bit 1
2336662, 0, 0
2336665, 1, bit 1
2336665, 1, 0
2336668, 2, 1
2336787, 0, 1
2336790, 1, 1
2336793, 2, 1
2336912, 0, 1
2336915, 1, 0
2336918, 2, 0
2337037, 0, 0
2337040, 1, 1
2337043, 2, 1
2337162, 0, 0
2337165, 1, 0
2337168, 2, 0
2337287, 0, 1
2337290, 1, 1
2337293, 2, 1
2337412, 0, 1
2337415, 1, 0
2337418, 2, 0
2337537, 0, 0
2337540, 1, 1
2337543, 2, bit 1
2337543, 2, 1
2337662, 0, 0
2337665, 1, 1
2337668, 2, 0
2337787, 0, 1
2337790, 1, 0
2337793, 2, 1
2337796, 3, prem 1
2337796, 3, 1
2337912, 0, 1
2337915, 1, 0
2337918, 2, 0
2337921, 3, 1
2338037, 0, 0
2338040, 1, 1
2338043, 2, 1
2338046, 3, 1
2338162, 0, 1
2338165, 1, 1
2338168, 2, 0
2338171, 3, 1
2338287, 0, 0
2338290, 1, 0
2338293, 2, 0
2338296, 3, 1
2338412, 0, bit 1
2338412, 0, 0
2338415, 1, bit 0
2338415, 1, 1
2338418, 2, 1
2338421, 3, 1
2338537, 0, 1
2338540, 1, 0
2338543, 2, 1
2338546, 3, 1
2338662, 0, 1
2338665, 1, 1
2338668, 2, 0
2338671, 3, 1
2338787, 0, 0
2338790, 1, 0
2338793, 2, 1
2338796, 3, 0
2338912, 0, 0
2338915, 1, 1
2338918, 2, 0
2338921, 3, 0
2339037, 0, 1
2339040, 1, 0
2339043, 2, 1
2339046, 3, 0
2339162, 0, 1
2339165, 1, 1
2339168, 2, 0
2339171, 3, 0
2339287, 0, 0
2339290, 1, 0
2339293, 2, bit 0
2339293, 2, 0
2339296, 3, 0
2339412, 0, 0
2339415, 1, 0
2339418, 2, 1
2339421, 3, 0
2339537, 0, 1
2339540, 1, 1
2339543, 2, 0
2339546, 3, 0
2339662, 0, 1
2339665, 1, 1
2339668, 2, 1
2339671, 3, 0
2339787, 0, 0
2339790, 1, 0
2339793, 2, 0
2339796, 3, prem 0
2339796, 3, 0
2339912, 0, 1
2339915, 1, 0
2339918, 2, 1
2339921, 3, 0
2340037, 0, 0
2340040, 1, 1
2340043, 2, 1
2340046, 3, 0
2340162, 0, bit 1
2340162, 0, 0
2340165, 1, bit 1
2340165, 1, 0
2340168, 2, 0
2340171, 3, 0
2340287, 0, 1
2340290, 1, 1
2340293, 2, 0
2340296, 3, 0
2340412, 0, 1
2340415, 1, 0
2340418, 2, 1
2340421, 3, 0
2340537, 0, 0
2340540, 1, 1
2340543, 2, 0
2340546, 3, 0
2340662, 0, 0
2340665, 1, 0
2340668, 2, 1
2340671, 3, 0
2340787, 0, 1
2340790, 1, 1
2340793, 2, 0
2340796, 3, 1
2340912, 0, 1
2340915, 1, 0
2340918, 2, 1
2340921, 3, 1
2341037, 0, 0
2341040, 1, 1
2341043, 2, bit 1
2341043, 2, 1
2341046, 3, 1
2341163, 0, 0
2341165, 1, 1
2341168, 2, 0
2341171, 3, 1
2341288, 0, 1
2341291, 1, 0
2341293, 2, 1
2341296, 3, 1
2341413, 0, 1
2341416, 1, 0
2341419, 2, 0
2341421, 3, 1
2341538, 0, 0
2341541, 1, 1
2341544, 2, 1
2341547, 3, 1
2341663, 0, 1
2341666, 1, 1
2341669, 2, 0
2341672, 3, 1
2341788, 0, 0
2341791, 1, 0
2341794, 2, 0
2341797, 3, prem 1
2341797, 3, 1
2341913, 0, bit 1
2341913, 0, 0
2341916, 1, bit 1
2341916, 1, 0
2341919, 2, 1
2341922, 3, 1
2342038, 0, 1
2342041, 1, 1
2342044, 2, 1
2342047, 3, 1
2342163, 0, 1
2342166, 1, 0
2342169, 2, 0
2342172, 3, 1
2342288, 0, 0
2342291, 1, 1
2342294, 2, 1
2342297, 3, 1
2342413, 0, 0
2342416, 1, 0
2342419, 2, 0
2342422, 3, 1
2342538, 0, 1
2342541, 1, 1
2342544, 2, 1
2342547, 3, 1
2342663, 0, 1
2342666, 1, 0
2342669, 2, 0
2342672, 3, 1
2342788, 0, 0
2342791, 1, 1
2342794, 2, bit 1
2342794, 2, 1
2342797, 3, 0
2342913, 0, 0
2342916, 1, 1
2342919, 2, 0
2342922, 3, 0
2343038, 0, 1
2343041, 1, 0
2343044, 2, 1
2343047, 3, 0
2343163, 0, 1
2343166, 1, 0
2343169, 2, 0
2343172, 3, 0
2343288, 0, 0
2343291, 1, 1
2343294, 2, 1
2343297, 3, 0
2343413, 0, 1
2343416, 1, 1
2343419, 2, 0
2343422, 3, 0
2343538, 0, 0
2343541, 1, 0
2343544, 2, 0
2343547, 3, 0
2343663, 0, bit 1
2343663, 0, 0
2343666, 1, bit 0
2343666, 1, 1
2343669, 2, 1
2343672, 3, 0
2343788, 0, 1
2343791, 1, 0
2343794, 2, 1
2343797, 3, prem 1
2343797, 3, 1
2343913, 0, 1
2343916, 1, 1
2343919, 2, 0
2343922, 3, 1
2344038, 0, 0
2344041, 1, 0
2344044, 2, 1
2344047, 3, 1
2344163, 0, 0
2344166, 1, 1
2344169, 2, 0
2344172, 3, 1
2344288, 0, 1
2344291, 1, 0
2344294, 2, 1
2344297, 3, 1
2344413, 0, 1
2344416, 1, 1
2344419, 2, 0
2344422, 3, 1
2344538, 0, 0
2344541, 1, 0
2344551, 2, bit 0
2344552, 2, 0
2344553, 3, 1
2344663, 0, 0
2344666, 1, 0
2344676, 2, 1
2344678, 3, 1
2344788, 0, 1
2344791, 1, 1
2344801, 2, 0
2344803, 3, 0
2344913, 0, 1
2344916, 1, 1
2344926, 2, 1
2344928, 3, 0
2345038, 0, 0
2345041, 1, 0
2345051, 2, 0
2345053, 3, 0
2345163, 0, 1
2345166, 1, 0
2345176, 2, 1
2345178, 3, 0
2345288, 0, 0
2345291, 1, 1
2345302, 2, 1
2345303, 3, 0
2345413, 0, bit 1
2345413, 0, 0
2345416, 1, bit 1
2345416, 1, 0
2345427, 2, 0
2345428, 3, 0
2345538, 0, 1
2345541, 1, 1
2345552, 2, 0
2345553, 3, 0
2345663, 0, 1
2345666, 1, 0
2345677, 2, 1
2345678, 3, 0
2345788, 0, 0
2345791, 1, 1
2345802, 2, 0
2345803, 3, prem 0
2345803, 3, 0
2345913, 0, 0
2345916, 1, 0
2345927, 2, 1
2345928, 3, 0
2346038, 0, 1
2346041, 1, 1
2346052, 2, 0
2346053, 3, 0
2346163, 0, 1
2346166, 1, 0
2346177, 2, 1
2346178, 3, 0
2346288, 0, 0
2346291, 1, 1
2346302, 2, bit 1
2346302, 2, 1
2346303, 3, 0
2346413, 0, 0
2346416, 1, 1
2346427, 2, 0
2346428, 3, 0
2346539, 0, 1
2346541, 1, 0
2346552, 2, 1
2346553, 3, 0
2346664, 0, 1
2346667, 1, 0
2346677, 2, 0
2346678, 3, 0
2346789, 0, 0
2346792, 1, 1
2346802, 2, 1
2346803, 3, 1
2346914, 0, 1
2346917, 1, 1
2346927, 2, 0
2346928, 3, 1
2347039, 0, 0
2347042, 1, 0
2347052, 2, 0
2347053, 3, 1
2347164, 0, bit 0
2347164, 0, 1
2347167, 1, bit 1
2347167, 1, 0
2347177, 2, 1
2347179, 3, 1
2347289, 0, 0
2347292, 1, 1
2347302, 2, 1
2347304, 3, 1
2347414, 0, 0
2347417, 1, 0
2347427, 2, 0
2347429, 3, 1
2347539, 0, 1
2347542, 1, 1
2347552, 2, 1
2347554, 3, 1
2347664, 0, 1
2347667, 1, 0
2347677, 2, 0
2347679, 3, 1
2347789, 0, 0
2347792, 1, 1
2347802, 2, 1
2347804, 3, prem 0
2347804, 3, 0
2347914, 0, 0
2347917, 1, 0
2347927, 2, 0
2347929, 3, 0
2348039, 0, 1
2348042, 1, 1
2348052, 2, bit 0
2348052, 2, 0
2348054, 3, 0
2348164, 0, 1
2348167, 1, 1
2348177, 2, 1
2348179, 3, 0
2348289, 0, 0
2348292, 1, 0
2348302, 2, 0
2348304, 3, 0
2348414, 0, 0
2348417, 1, 0
2348427, 2, 1
2348430, 3, 0
2348539, 0, 1
2348542, 1, 1
2348552, 2, 0
2348555, 3, 0
2348664, 0, 0
2348667, 1, 1
2348677, 2, 1
2348680, 3, 0
2348789, 0, 1
2348792, 1, 0
2348802, 2, 1
2348805, 3, 1
2348914, 0, bit 0
2348914, 0, 1
2348917, 1, bit 1
2348917, 1, 0
2348928, 2, 0
2348930, 3, 1
2349039, 0, 0
2349042, 1, 1
2349053, 2, 0
2349056, 3, 1
2349164, 0, 0
2349167, 1, 0
2349178, 2, 1
2349181, 3, 1
2349289, 0, 1
2349292, 1, 1
2349303, 2, 0
2349306, 3, 1
2349414, 0, 1
2349417, 1, 0
2349428, 2, 1
2349431, 3, 1
2349539, 0, 0
2349542, 1, 1
2349553, 2, 0
2349556, 3, 1
2349664, 0, 0
2349667, 1, 0
2349678, 2, 1
2349681, 3, 1
2349789, 0, 1
2349792, 1, 1
2349803, 2, bit 0
2349803, 2, 0
2349806, 3, prem 1
2349806, 3, 1
2349914, 0, 1
2349917, 1, 1
2349928, 2, 1
2349931, 3, 1
2350039, 0, 0
2350042, 1, 0
2350053, 2, 0
2350056, 3, 1
2350164, 0, 0
2350167, 1, 0
2350178, 2, 1
2350181, 3, 1
2350289, 0, 1
2350292, 1, 1
2350303, 2, 0
2350306, 3, 1
2350414, 0, 0
2350417, 1, 1
2350428, 2, 1
2350431, 3, 1
2350539, 0, 1
2350542, 1, 0
2350553, 2, 1
2350556, 3, 1
2350664, 0, bit 1
2350664, 0, 0
2350667, 1, bit 1
2350667, 1, 0
2350678, 2, 0
2350681, 3, 1
2350789, 0, 1
2350792, 1, 1
2350803, 2, 0
2350806, 3, 0
2350914, 0, 1
2350917, 1, 0
2350928, 2, 1
2350931, 3, 0
2351039, 0, 0
2351042, 1, 1
2351053, 2, 0
2351056, 3, 0
2351164, 0, 0
2351167, 1, 0
2351178, 2, 1
2351181, 3, 0
2351289, 0, 1
2351292, 1, 1
2351303, 2, 0
2351306, 3, 0
2351414, 0, 1
2351417, 1, 0
2351428, 2, 1
2351431, 3, 0
2351539, 0, 0
2351542, 1, 1
2351553, 2, bit 1
2351553, 2, 1
2351556, 3, 0
2351664, 0, 0
2351667, 1, 1
2351678, 2, 0
2351681, 3, 0
2351789, 0, 1
2351792, 1, 0
2351803, 2, 1
2351806, 3, bit 1
2351806, 3, 1
2351915, 0, 1
2351917, 1, 0
2351928, 2, 0
2351931, 3, 0
2352040, 0, 0
2352043, 1, 1
2352053, 2, 1
2352056, 3, 0
2352165, 0, 1
2352168, 1, 1
2352178, 2, 0
2352181, 3, 1
2352290, 0, 0
2352293, 1, 0
2352303, 2, 0
2352306, 3, 1
2352415, 0, bit 0
2352418, 0, 1
2352418, 1, bit 1
2352419, 1, 0
2352428, 2, 1
2352431, 3, 0
2352540, 0, 0
2352543, 1, 1
2352553, 2, 1
2352556, 3, 1
2352665, 0, 0
2352668, 1, 0
2352678, 2, 0
2352681, 3, 0
2352790, 0, 1
2352793, 1, 1
2352803, 2, 1
2352806, 3, 0
2352915, 0, 1
2352918, 1, 0
2352928, 2, 0
2352931, 3, 1
2353040, 0, 0
2353043, 1, 1
2353053, 2, 1
2353056, 3, 0
2353165, 0, 0
2353168, 1, 0
2353178, 2, 0
2353181, 3, 1
2353290, 0, 1
2353293, 1, 1
2353303, 2, bit 1
2353303, 2, 1
2353306, 3, 1
2353415, 0, 1
2353418, 1, 1
2353428, 2, 0
2353431, 3, 0
2353540, 0, 0
2353543, 1, 0
2353553, 2, 1
2353556, 3, bit 0
2353556, 3, 0
2353665, 0, 0
2353668, 1, 0
2353678, 2, 0
2353681, 3, 1
2353790, 0, 1
2353793, 1, 1
2353803, 2, 1
2353806, 3, 1
2353915, 0, 0
2353918, 1, 1
2353928, 2, 0
2353931, 3, 0
2354040, 0, 1
2354043, 1, 0
2354053, 2, 0
2354056, 3, 0
2354165, 0, bit 0
2354165, 0, 1
2354168, 1, bit 0
2354168, 1, 1
2354178, 2, 1
2354181, 3, 1
2354290, 0, 0
2354293, 1, 0
2354304, 2, 1
2354306, 3, 0
2354415, 0, 0
2354418, 1, 1
2354429, 2, 0
2354432, 3, 1
2354540, 0, 1
2354543, 1, 0
2354554, 2, 1
2354557, 3, 1
2354665, 0, 1
2354668, 1, 1
2354679, 2, 0
2354682, 3, 0
2354790, 0, 0
2354793, 1, 0
2354804, 2, 1
2354807, 3, 1
2354915, 0, 0
2354918, 1, 1
2354929, 2, 0
2354932, 3, 0
2355040, 0, 1
2355043, 1, 0
2355054, 2, bit 1
2355054, 2, 1
2355057, 3, 0
2355165, 0, 1
2355168, 1, 0
2355179, 2, 0
2355182, 3, 1
2355290, 0, 0
2355293, 1, 1
2355304, 2, 1
2355307, 3, bit 1
2355307, 3, 1
2355415, 0, 0
2355418, 1, 1
2355429, 2, 0
2355432, 3, 0
2355540, 0, 1
2355543, 1, 0
2355554, 2, 1
2355557, 3, 0
2355665, 0, 0
2355668, 1, 0
2355679, 2, 0
2355682, 3, 1
2355790, 0, 1
2355793, 1, 1
2355804, 2, 0
2355807, 3, 1
2355915, 0, bit 1
2355915, 0, 0
2355918, 1, bit 0
2355918, 1, 1
2355929, 2, 1
2355932, 3, 0
2356040, 0, 1
2356043, 1, 0
2356054, 2, 1
2356057, 3, 1
2356165, 0, 1
2356168, 1, 1
2356179, 2, 0
2356182, 3, 0
2356290, 0, 0
2356293, 1, 0
2356304, 2, 1
2356307, 3, 0
2356415, 0, 0
2356418, 1, 1
2356429, 2, 0
2356432, 3, 1
2356540, 0, 1
2356543, 1, 0
2356554, 2, 1
2356557, 3, 0
2356665, 0, 1
2356668, 1, 1
2356679, 2, 0
2356682, 3, 1
2356790, 0, 0
2356793, 1, 0
2356804, 2, bit 0
2356804, 2, 0
2356807, 3, 1
2356915, 0, 0
2356918, 1, 0
2356929, 2, 1
2356932, 3, 0
2357040, 0, 1
2357043, 1, 1
2357054, 2, 0
2357057, 3, bit 1
2357057, 3, 1
2357165, 0, 1
2357168, 1, 1
2357179, 2, 1
2357182, 3, 0
2357291, 0, 0
2357304, 1, 0
2357304, 2, 0
2357307, 3, 0
2357416, 0, 1
2357429, 2, 1
2357429, 1, 0
2357432, 3, 1
2357541, 0, 0
2357554, 2, 1
2357554, 1, 1
2357557, 3, 1
2357666, 0, bit 0
2357666, 0, 1
2357679, 1, bit 1
2357679, 1, 0
2357680, 2, 0
2357682, 3, 0
2357791, 0, 0
2357804, 1, 1
2357805, 2, 0
2357807, 3, 1
2357916, 0, 0
2357929, 1, 0
2357931, 2, 1
2357932, 3, 0
2358041, 0, 1
2358054, 1, 1
2358056, 2, 0
2358057, 3, 0
2358166, 0, 1
2358179, 1, 0
2358181, 2, 1
2358182, 3, 1
2358291, 0, 0
2358304, 1, 1
2358306, 2, 0
2358307, 3, 0
2358416, 0, 0
2358429, 1, 0
2358431, 2, 1
2358432, 3, 1
2358541, 0, 1
2358554, 1, 1
2358556, 2, bit 1
2358556, 2, 1
2358557, 3, 1
2358666, 0, 1
2358679, 1, 1
2358681, 2, 0
2358682, 3, 0
2358791, 0, 0
2358804, 1, 0
2358806, 2, 1
2358807, 3, bit 0
2358807, 3, 0
2358916, 0, 0
2358929, 1, 0
2358931, 2, 0
2358932, 3, 1
2359041, 0, 1
2359054, 1, 1
2359056, 2, 1
2359057, 3, 1
2359166, 0, 0
2359179, 1, 1
2359181, 2, 0
2359182, 3, 0
2359291, 0, 1
2359304, 1, 0
2359306, 2, 0
2359307, 3, 0
2359416, 0, bit 0
2359416, 0, 1
2359429, 1, bit 0
2359429, 1, 1
2359431, 2, 1
2359432, 3, 1
2359541, 0, 0
2359554, 1, 0
2359556, 2, 1
2359557, 3, 0
2359666, 0, 0
2359680, 1, 1
2359681, 2, 0
2359682, 3, 1
2359791, 0, 1
2359805, 1, 0
2359806, 2, 1
2359808, 3, 1
2359916, 0, 1
2359930, 1, 1
2359931, 2, 0
2359933, 3, 0
2360041, 0, 0
2360055, 1, 0
2360056, 2, 1
2360058, 3, 1
2360166, 0, 0
2360180, 1, 1
2360181, 2, 0
2360183, 3, 0
2360291, 0, 1
2360305, 1, 0
2360306, 2, bit 1
2360306, 2, 1
2360308, 3, 0
2360416, 0, 1
2360430, 1, 0
2360431, 2, 0
2360433, 3, 1
2360541, 0, 0
2360555, 1, 1
2360556, 2, 1
2360558, 3, bit 1
2360558, 3, 1
2360666, 0, 0
2360680, 1, 1
2360681, 2, 0
2360683, 3, 0
2360791, 0, 1
2360805, 1, 0
2360806, 2, 1
2360808, 3, 0
2360916, 0, 0
2360930, 1, 0
2360931, 2, 0
2360933, 3, 1
2361041, 0, 1
2361055, 1, 1
2361056, 2, 0
2361058, 3, 1
2361166, 0, bit 1
2361166, 0, 0
2361180, 1, bit 1
2361183, 1, 0
2361183, 2, 1
2361184, 3, 0
2361291, 0, 1
2361305, 1, 1
2361308, 2, 1
2361309, 3, 1
2361416, 0, 1
2361430, 1, 0
2361433, 2, 0
2361434, 3, 0
2361541, 0, 0
2361555, 1, 1
2361558, 2, 1
2361559, 3, 0
2361666, 0, 0
2361680, 1, 0
2361683, 2, 0
2361684, 3, 1
2361791, 0, 1
2361805, 1, 1
2361808, 2, 1
2361809, 3, 0
2361916, 0, 1
2361930, 1, 0
2361933, 2, 0
2361934, 3, 1
2362041, 0, 0
2362055, 1, 1
2362058, 2, bit 0
2362058, 2, 0
2362059, 3, 1
2362166, 0, 0
2362180, 1, 1
2362183, 2, 1
2362184, 3, 0
2362291, 0, 1
2362305, 1, 0
2362308, 2, 0
2362309, 3, bit 0
2362309, 3, 0
2362416, 0, 1
2362430, 1, 0
2362433, 2, 1
2362434, 3, 1
2362541, 0, 0
2362555, 1, 1
2362558, 2, 0
2362559, 3, 1
2362667, 0, 1
2362680, 1, 1
2362683, 2, 1
2362684, 3, 0
2362792, 0, 0
2362805, 1, 0
2362808, 2, 1
2362809, 3, 0
2362917, 0, bit 1
2362917, 0, 0
2362930, 1, bit 1
2362930, 1, 0
2362933, 2, 0
2362934, 3, 1
2363042, 0, 1
2363055, 1, 1
2363058, 2, 0
2363059, 3, 0
2363167, 0, 1
2363180, 1, 0
2363183, 2, 1
2363184, 3, 1
2363292, 0, 0
2363305, 1, 1
2363308, 2, 0
2363309, 3, 1
2363417, 0, 0
2363430, 1, 0
2363433, 2, 1
2363435, 3, 0
2363542, 0, 1
2363555, 1, 1
2363558, 2, 0
2363560, 3, 1
2363667, 0, 1
2363680, 1, 0
2363683, 2, 1
2363685, 3, 0
2363792, 0, 0
2363805, 1, 1
2363808, 2, bit 1
2363808, 2, 1
2363810, 3, 0
2363917, 0, 0
2363930, 1, 1
2363933, 2, 0
2363935, 3, 1
2364042, 0, 1
2364055, 1, 0
2364058, 2, 1
2364060, 3, bit 1
2364060, 3, 1
2364167, 0, 1
2364180, 1, 0
2364183, 2, 0
2364185, 3, 0
2364292, 0, 0
2364305, 1, 1
2364308, 2, 1
2364310, 3, 0
2364417, 0, 1
2364430, 1, 1
2364433, 2, 0
2364435, 3, 1
2364542, 0, 0
2364555, 1, 0
2364558, 2, 0
2364560, 3, 1
2364667, 0, bit 1
2364667, 0, 0
2364680, 1, bit 1
2364680, 1, 0
2364683, 2, 1
2364685, 3, 0
2364792, 0, 1
2364805, 1, 1
2364808, 2, 1
2364810, 3, 1
2364917, 0, 1
2364930, 1, 0
2364933, 2, 0
2364935, 3, 0
2365042, 0, 0
2365056, 1, 1
2365058, 2, 1
2365061, 3, 0
2365167, 0, 0
2365181, 1, 0
2365184, 2, 0
2365186, 3, 1
2365292, 0, 1
2365306, 1, 1
2365309, 2, 1
2365312, 3, 0
2365417, 0, 1
2365431, 1, 0
2365434, 2, 0
2365437, 3, 1
2365542, 0, 0
2365556, 1, 1
2365559, 2, bit 1
2365559, 2, 1
2365562, 3, 1
2365667, 0, 0
2365681, 1, 1
2365684, 2, 0
2365687, 3, 0
2365792, 0, 1
2365806, 1, 0
2365809, 2, 1
2365812, 3, bit 1
2365812, 3, 1
2365917, 0, 1
2365931, 1, 0
2365934, 2, 0
2365937, 3, 0
2366042, 0, 0
2366056, 1, 1
2366059, 2, 1
2366062, 3, 0
2366167, 0, 1
2366181, 1, 1
2366184, 2, 0
2366187, 3, 1
2366292, 0, 0
2366306, 1, 0
2366309, 2, 0
2366312, 3, 1
2366417, 0, bit 0
2366417, 0, 1
2366431, 1, bit 0
2366431, 1, 1
2366434, 2, 1
2366437, 3, 0
2366542, 0, 0
2366556, 1, 0
2366559, 2, 1
2366562, 3, 1
2366667, 0, 0
2366681, 1, 1
2366684, 2, 0
2366687, 3, 0
2366792, 0, 1
2366806, 1, 0
2366809, 2, 1
2366812, 3, 0
2366917, 0, 1
2366931, 1, 1
2366934, 2, 0
2366937, 3, 1
2367042, 0, 0
2367056, 1, 0
2367059, 2, 1
2367063, 3, 0
2367167, 0, 0
2367181, 1, 1
2367184, 2, 0
2367188, 3, 1
2367292, 0, 1
2367306, 1, 0
2367309, 2, bit 1
2367309, 2, 1
2367313, 3, 1
2367417, 0, 1
2367431, 1, 0
2367434, 2, 0
2367438, 3, 0
2367542, 0, 0
2367556, 1, 1
2367559, 2, 1
2367563, 3, bit 0
2367563, 3, 0
2367667, 0, 0
2367681, 1, 1
2367684, 2, 0
2367688, 3, 1
2367792, 0, 1
2367806, 1, 0
2367809, 2, 1
2367813, 3, 1
2367917, 0, 0
2367931, 1, 0
2367934, 2, 0
2367938, 3, 0
2368043, 0, 1
2368056, 1, 1
2368059, 2, 0
2368063, 3, 0
2368168, 0, bit 1
2368168, 0, 0
2368181, 1, bit 0
2368181, 1, 1
2368184, 2, 1
2368188, 3, 1
2368293, 0, 1
2368306, 1, 0
2368309, 2, 1
2368313, 3, 0
2368418, 0, 1
2368431, 1, 1
2368434, 2, 0
2368438, 3, 1
2368543, 0, 0
2368556, 1, 0
2368559, 2, 1
2368563, 3, 1
2368668, 0, 0
2368681, 1, 1
2368684, 2, 0
2368688, 3, 0
2368793, 0, 1
2368806, 1, 0
2368809, 2, 1
2368813, 3, 1
2368918, 0, 1
2368931, 1, 1
2368934, 2, 0
2368939, 3, 0
2369043, 0, 0
2369056, 1, 0
2369059, 2, bit 0
2369060, 2, 0
2369064, 3, 0
2369168, 0, 0
2369181, 1, 0
2369184, 2, 1
2369189, 3, 1
2369293, 0, 1
2369306, 1, 1
2369309, 2, 0
2369314, 3, bit 0
2369314, 3, 0
2369418, 0, 1
2369431, 1, 1
2369434, 2, 1
2369439, 3, 1
2369543, 0, 0
2369556, 1, 0
2369559, 2, 0
2369564, 3, 1
2369668, 0, 1
2369681, 1, 0
2369684, 2, 1
2369689, 3, 0
2369793, 0, 0
2369806, 1, 1
2369809, 2, 1
2369814, 3, 0
2369918, 0, bit 0
2369918, 0, 1
2369931, 1, bit 0
2369931, 1, 1
2369934, 2, 0
2369939, 3, 1
2370043, 0, 0
2370056, 1, 0
2370059, 2, 0
2370064, 3, 0
2370168, 0, 0
2370181, 1, 1
2370184, 2, 1
2370189, 3, 1
2370293, 0, 1
2370306, 1, 0
2370309, 2, 0
2370314, 3, 1
2370418, 0, 1
2370432, 1, 1
2370434, 2, 1
2370439, 3, 0
2370543, 0, 0
2370557, 1, 0
2370560, 2, 0
2370564, 3, 1
2370668, 0, 0
2370682, 1, 1
2370685, 2, 1
2370689, 3, 0
2370793, 0, 1
2370807, 1, 0
2370810, 2, bit 1
2370810, 2, 1
2370814, 3, 0
2370918, 0, 1
2370932, 1, 0
2370935, 2, 0
2370939, 3, 1
2371043, 0, 0
2371057, 1, 1
2371060, 2, 1
2371064, 3, bit 1
2371064, 3, 1
2371168, 0, 0
2371182, 1, 1
2371185, 2, 0
2371189, 3, 0
2371293, 0, 1
2371307, 1, 0
2371310, 2, 1
2371314, 3, 0
2371418, 0, 0
2371432, 1, 0
2371435, 2, 0
2371439, 3, 1
2371543, 0, 1
2371557, 1, 1
2371560, 2, 0
2371564, 3, 1
2371668, 0, bit 1
2371668, 0, 0
2371682, 1, bit 0
2371682, 1, 1
2371685, 2, 1
2371689, 3, 0
2371793, 0, 1
2371807, 1, 0
2371810, 2, 1
2371814, 3, 1
2371918, 0, 1
2371932, 1, 1
2371935, 2, 0
2371939, 3, 0
2372043, 0, 0
2372057, 1, 0
2372060, 2, 1
2372064, 3, 0
2372168, 0, 0
2372182, 1, 1
2372185, 2, 0
2372189, 3, 1
2372293, 0, 1
2372307, 1, 0
2372310, 2, 1
2372314, 3, 0
2372418, 0, 1
2372432, 1, 1
2372435, 2, 0
2372439, 3, 1
2372543, 0, 0
2372557, 1, 0
2372560, 2, bit 0
2372560, 2, 0
2372564, 3, 1
2372668, 0, 0
2372682, 1, 0
2372685, 2, 1
2372689, 3, 0
2372793, 0, 1
2372807, 1, 1
2372810, 2, 0
2372814, 3, bit 0
2372814, 3, 0
2372918, 0, 1
2372932, 1, 1
2372935, 2, 1
2372939, 3, 1
2373043, 0, 0
2373057, 1, 0
2373060, 2, 0
2373064, 3, 1
2373168, 0, 1
2373182, 1, 0
2373185, 2, 1
2373189, 3, 0
2373293, 0, 0
2373307, 1, 1
2373310, 2, 1
2373314, 3, 0
2373419, 0, bit 1
2373419, 0, 0
2373432, 1, bit 0
2373432, 1, 1
2373435, 2, 0
2373439, 3, 1
2373544, 0, 1
2373557, 1, 0
2373560, 2, 0
2373564, 3, 0
2373669, 0, 1
2373682, 1, 1
2373685, 2, 1
2373689, 3, 1
2373794, 0, 0
2373807, 1, 0
2373810, 2, 0
2373814, 3, 1
2373919, 0, 0
2373932, 1, 1
2373935, 2, 1
2373939, 3, 0
2374044, 0, 1
2374057, 1, 0
2374060, 2, 0
2374064, 3, 1
2374169, 0, 1
2374182, 1, 1
2374185, 2, 1
2374189, 3, 0
2374294, 0, 0
2374307, 1, 0
2374310, 2, bit 0
2374310, 2, 0
2374315, 3, 0
2374419, 0, 0
2374432, 1, 0
2374435, 2, 1
2374440, 3, 1
2374544, 0, 1
2374557, 1, 1
2374560, 2, 0
2374565, 3, bit 1
2374565, 3, 1
2374669, 0, 1
2374682, 1, 1
2374685, 2, 1
2374690, 3, 0
2374794, 0, 0
2374807, 1, 0
2374810, 2, 0
2374815, 3, 0
2374919, 0, 1
2374932, 1, 0
2374935, 2, 1
2374940, 3, 1
2375044, 0, 0
2375057, 1, 1
2375060, 2, 1
2375065, 3, 1
2375169, 0, bit 0
2375169, 0, 1
2375182, 1, bit 1
2375182, 1, 0
2375185, 2, 0
2375190, 3, 0
2375294, 0, 0
2375307, 1, 1
2375310, 2, 0
2375315, 3, 1
2375419, 0, 0
2375432, 1, 0
2375435, 2, 1
2375440, 3, 0
2375544, 0, 1
2375557, 1, 1
2375560, 2, 0
2375565, 3, 0
2375669, 0, 1
2375682, 1, 0
2375685, 2, 1
2375690, 3, 1
2375794, 0, 0
2375808, 1, 1
2375810, 2, 0
2375815, 3, 0
2375919, 0, 0
2375933, 1, 0
2375936, 2, 1
2375940, 3, 1
2376044, 0, 1
2376058, 1, 1
2376061, 2, bit 1
2376061, 2, 1
2376065, 3, 1
2376169, 0, 1
2376183, 1, 1
2376186, 2, 0
2376190, 3, 0
2376294, 0, 0
2376308, 1, 0
2376311, 2, 1
2376315, 3, bit 0
2376315, 3, 0
2376419, 0, 0
2376433, 1, 0
2376436, 2, 0
2376440, 3, 1
2376544, 0, 1
2376558, 1, 1
2376561, 2, 1
2376565, 3, 1
2376669, 0, 0
2376683, 1, 1
2376686, 2, 0
2376690, 3, 0
2376794, 0, 1
2376808, 1, 0
2376811, 2, 0
2376815, 3, 0
2376919, 0, bit 0
2376919, 0, 1
2376933, 1, bit 1
2376933, 1, 0
2376936, 2, 1
2376940, 3, 1
2377044, 0, 0
2377058, 1, 1
2377061, 2, 1
2377065, 3, 0
2377169, 0, 0
2377183, 1, 0
2377186, 2, 0
2377190, 3, 1
2377294, 0, 1
2377308, 1, 1
2377311, 2, 1
2377315, 3, 1
2377419, 0, 1
2377433, 1, 0
2377436, 2, 0
2377440, 3, 0
2377544, 0, 0
2377558, 1, 1
2377561, 2, 1
2377565, 3, 1
2377669, 0, 0
2377683, 1, 0
2377686, 2, 0
2377690, 3, 0
2377794, 0, 1
2377808, 1, 1
2377811, 2, bit 1
2377815, 2, 1
2377815, 3, 0
2377919, 0, 1
2377933, 1, 1
2377936, 2, 0
2377940, 3, 1
2378044, 0, 0
2378058, 1, 0
2378061, 2, 1
2378065, 3, bit 0
2378065, 3, 0
2378169, 0, 0
2378183, 1, 0
2378186, 2, 0
2378190, 3, 1
2378294, 0, 1
2378308, 1, 1
2378311, 2, 1
2378315, 3, 1
2378419, 0, 0
2378433, 1, 1
2378436, 2, 0
2378440, 3, 0
2378544, 0, 1
2378558, 1, 0
2378561, 2, 0
2378565, 3, 0
2378669, 0, bit 0
2378669, 0, 1
2378683, 1, bit 1
2378683, 1, 0
2378686, 2, 1
2378690, 3, 1
2378795, 0, 0
2378808, 1, 1
2378811, 2, 1
2378815, 3, 0
2378920, 0, 0
2378933, 1, 0
2378936, 2, 0
2378940, 3, 1
2379045, 0, 1
2379058, 1, 1
2379061, 2, 1
2379065, 3, 1
2379170, 0, 1
2379183, 1, 0
2379186, 2, 0
2379190, 3, 0
2379295, 0, 0
2379308, 1, 1
2379311, 2, 1
2379315, 3, 1
2379420, 0, 0
2379433, 1, 0
2379436, 2, 0
2379440, 3, 0
2379545, 0, 1
2379558, 1, 1
2379561, 2, bit 1
2379561, 2, 1
2379565, 3, 0
2379670, 0, 1
2379683, 1, 1
2379686, 2, 0
2379691, 3, 1
2379795, 0, 0
2379808, 1, 0
2379811, 2, 1
2379816, 3, bit 0
2379816, 3, 0
2379920, 0, 0
2379933, 1, 0
2379936, 2, 0
2379941, 3, 1
2380045, 0, 1
2380058, 1, 1
2380061, 2, 1
2380066, 3, 1
2380170, 0, 0
2380183, 1, 1
2380186, 2, 0
2380191, 3, 0
2380295, 0, 1
2380308, 1, 0
2380311, 2, 0
2380316, 3, 0
2380420, 0, bit 0
2380420, 0, 1
2380433, 1, bit 0
2380433, 1, 1
2380436, 2, 1
2380441, 3, 1
2380545, 0, 0
2380558, 1, 0
2380561, 2, 1
2380566, 3, 0
2380670, 0, 0
2380683, 1, 1
2380686, 2, 0
2380691, 3, 1
2380795, 0, 1
2380808, 1, 0
2380811, 2, 1
2380816, 3, 1
2380920, 0, 1
2380933, 1, 1
2380936, 2, 0
2380941, 3, 0
2381045, 0, 0
2381058, 1, 0
2381061, 2, 1
2381066, 3, 1
2381170, 0, 0
2381184, 1, 1
2381186, 2, 0
2381191, 3, 0
2381295, 0, 1
2381309, 1, 0
2381312, 2, bit 0
2381312, 2, 0
2381316, 3, 0
2381420, 0, 1
2381434, 1, 0
2381437, 2, 1
2381441, 3, 1
2381545, 0, 0
2381559, 1, 1
2381562, 2, 0
2381566, 3, bit 0
2381566, 3, 0
2381670, 0, 0
2381684, 1, 1
2381687, 2, 1
2381691, 3, 1
2381795, 0, 1
2381809, 1, 0
2381812, 2, 0
2381816, 3, 1
2381920, 0, 0
2381934, 1, 0
2381937, 2, 1
2381941, 3, 0
2382045, 0, 1
2382059, 1, 1
2382062, 2, 1
2382066, 3, 0
2382170, 0, bit 1
2382170, 0, 0
2382184, 1, bit 0
2382184, 1, 1
2382187, 2, 0
2382191, 3, 1
2382295, 0, 1
2382309, 1, 0
2382312, 2, 0
2382316, 3, 0
2382420, 0, 1
2382434, 1, 1
2382437, 2, 1
2382441, 3, 1
2382545, 0, 0
2382559, 1, 0
2382562, 2, 0
2382566, 3, 1
2382670, 0, 0
2382684, 1, 1
2382687, 2, 1
2382691, 3, 0
2382795, 0, 1
2382809, 1, 0
2382812, 2, 0
2382816, 3, 1
2382920, 0, 1
2382934, 1, 1
2382937, 2, 1
2382941, 3, 0
2383045, 0, 0
2383059, 1, 0
2383062, 2, bit 1
2383062, 2, 1
2383066, 3, 0
2383170, 0, 0
2383184, 1, 0
2383187, 2, 0
2383191, 3, 1
2383295, 0, 1
2383309, 1, 1
2383312, 2, 1
2383316, 3, bit 1
2383316, 3, 1
2383420, 0, 1
2383434, 1, 1
2383437, 2, 0
2383441, 3, 0
2383545, 0, 0
2383559, 1, 0
2383562, 2, 1
2383566, 3, 0
2383670, 0, 1
2383684, 1, 0
2383687, 2, 0
2383691, 3, 1
2383795, 0, 0
2383809, 1, 1
2383812, 2, 0
2383816, 3, 1
2383920, 0, bit 0
2383920, 0, 1
2383934, 1, bit 0
2383934, 1, 1
2383937, 2, 1
2383941, 3, 0
2384045, 0, 0
2384059, 1, 0
2384062, 2, 1
2384066, 3, 1
2384171, 0, 0
2384184, 1, 1
2384187, 2, 0
2384191, 3, 0
2384296, 0, 1
2384309, 1, 0
2384312, 2, 1
2384316, 3, 0
2384421, 0, 1
2384434, 1, 1
2384437, 2, 0
2384441, 3, 1
2384546, 0, 0
2384559, 1, 0
2384562, 2, 1
2384566, 3, 0
2384671, 0, 0
2384684, 1, 1
2384687, 2, 0
2384691, 3, 1
2384796, 0, 1
2384809, 1, 0
2384812, 2, bit 0
2384812, 2, 0
2384816, 3, 1
2384921, 0, 1
2384934, 1, 0
2384937, 2, 1
2384941, 3, 0
2385046, 0, 0
2385059, 1, 1
2385062, 2, 0
2385067, 3, bit 1
2385067, 3, 1
2385171, 0, 0
2385184, 1, 1
2385187, 2, 1
2385192, 3, 0
2385296, 0, 1
2385309, 1, 0
2385312, 2, 0
2385317, 3, 0
2385421, 0, 0
2385434, 1, 0
2385437, 2, 1
2385442, 3, 1
2385546, 0, 1
2385559, 1, 1
2385562, 2, 1
2385567, 3, 1
2385671, 0, bit 0
2385671, 0, 1
2385684, 1, bit 0
2385684, 1, 1
2385687, 2, 0
2385692, 3, 0
2385796, 0, 0
2385809, 1, 0
2385812, 2, 0
2385817, 3, 1
2385921, 0, 0
2385934, 1, 1
2385937, 2, 1
2385942, 3, 0
2386046, 0, 1
2386059, 1, 0
2386062, 2, 0
2386067, 3, 0
2386171, 0, 1
2386184, 1, 1
2386187, 2, 1
2386192, 3, 1
2386296, 0, 0
2386309, 1, 0
2386312, 2, 0
2386317, 3, 0
2386421, 0, 0
2386434, 1, 1
2386437, 2, 1
2386442, 3, 1
2386546, 0, 1
2386560, 1, 0
2386562, 2, bit 1
2386562, 2, 1
2386567, 3, 1
2386671, 0, 1
2386685, 1, 0
2386688, 2, 0
2386692, 3, 0
2386796, 0, 0
2386810, 1, 1
2386813, 2, 1
2386817, 3, bit 0
2386817, 3, 0
2386921, 0, 0
2386935, 1, 1
2386938, 2, 0
2386942, 3, 1
2387046, 0, 1
2387060, 1, 0
2387063, 2, 1
2387067, 3, 1
2387171, 0, 0
2387185, 1, 0
2387188, 2, 0
2387192, 3, 0
2387296, 0, 1
2387310, 1, 1
2387313, 2, 0
2387317, 3, 0
2387421, 0, bit 0
2387421, 0, 1
2387435, 1, bit 1
2387435, 1, 0
2387438, 2, 1
2387442, 3, 1
2387546, 0, 0
2387560, 1, 1
2387563, 2, 1
2387567, 3, 0
2387671, 0, 0
2387685, 1, 0
2387688, 2, 0
2387692, 3, 1
2387796, 0, 1
2387810, 1, 1
2387813, 2, 1
2387817, 3, 1
2387921, 0, 1
2387935, 1, 0
2387938, 2, 0
2387942, 3, 0
2388046, 0, 0
2388060, 1, 1
2388063, 2, 1
2388067, 3, 1
2388171, 0, 0
2388185, 1, 0
2388188, 2, 0
2388192, 3, 0
2388296, 0, 1
2388310, 1, 1
2388313, 2, bit 1
2388313, 2, 1
2388317, 3, 0
2388421, 0, 1
2388435, 1, 1
2388438, 2, 0
2388442, 3, 1
2388546, 0, 0
2388560, 1, 0
2388563, 2, 1
2388567, 3, bit 1
2388567, 3, 1
2388671, 0, 0
2388685, 1, 0
2388688, 2, 0
2388692, 3, 0
2388796, 0, 1
2388810, 1, 1
2388813, 2, 1
2388817, 3, 0
2388921, 0, 0
2388935, 1, 1
2388938, 2, 0
2388942, 3, 1
2389046, 0, 1
2389060, 1, 0
2389063, 2, 0
2389067, 3, 1
2389171, 0, bit 1
2389171, 0, 0
2389185, 1, bit 1
2389185, 1, 0
2389188, 2, 1
2389192, 3, 0
2389296, 0, 1
2389310, 1, 1
2389313, 2, 1
2389317, 3, 1
2389421, 0, 1
2389435, 1, 0
2389438, 2, 0
2389442, 3, 0
2389547, 0, 0
2389560, 1, 1
2389563, 2, 1
2389567, 3, 0
2389672, 0, 0
2389685, 1, 0
2389688, 2, 0
2389692, 3, 1
2389797, 0, 1
2389810, 1, 1
2389813, 2, 1
2389817, 3, 0
2389922, 0, 1
2389935, 1, 0
2389938, 2, 0
2389942, 3, 1
2390047, 0, 0
2390060, 1, 1
2390063, 2, bit 0
2390063, 2, 0
2390067, 3, 1
2390172, 0, 0
2390185, 1, 1
2390188, 2, 1
2390192, 3, 0
2390297, 0, 1
2390310, 1, 0
2390313, 2, 0
2390317, 3, bit 1
2390317, 3, 1
2390422, 0, 1
2390435, 1, 0
2390438, 2, 1
2390443, 3, 0
2390547, 0, 0
2390560, 1, 1
2390563, 2, 0
2390568, 3, 0
2390672, 0, 1
2390685, 1, 1
2390688, 2, 1
2390693, 3, 1
2390797, 0, 0
2390810, 1, 0
2390813, 2, 1
2390818, 3, 1
2390922, 0, bit 1
2390922, 0, 0
2390935, 1, bit 0
2390935, 1, 1
2390938, 2, 0
2390943, 3, 0
2391047, 0, 1
2391060, 1, 0
2391063, 2, 0
2391068, 3, 1
2391172, 0, 1
2391185, 1, 1
2391188, 2, 1
2391193, 3, 0
2391297, 0, 0
2391310, 1, 0
2391313, 2, 0
2391318, 3, 0
2391422, 0, 0
2391435, 1, 1
2391438, 2, 1
2391443, 3, 1
2391547, 0, 1
2391560, 1, 0
2391563, 2, 0
2391568, 3, 0
2391672, 0, 1
2391685, 1, 1
2391688, 2, 1
2391693, 3, 1
2391797, 0, 0
2391810, 1, 0
2391813, 2, bit 0
2391813, 2, 0
2391818, 3, 1
2391922, 0, 0
2391936, 1, 0
2391938, 2, 1
2391943, 3, 0
2392047, 0, 1
2392061, 1, 1
2392064, 2, 0
2392068, 3, bit 1
2392068, 3, 1
2392172, 0, 1
2392186, 1, 1
2392189, 2, 1
2392193, 3, 0
2392297, 0, 0
2392311, 1, 0
2392314, 2, 0
2392318, 3, 0
2392422, 0, 1
2392436, 1, 0
2392439, 2, 1
2392443, 3, 1
2392547, 0, 0
2392561, 1, 1
2392564, 2, 1
2392568, 3, 1
2392672, 0, bit 0
2392672, 0, 1
2392686, 1, bit 0
2392686, 1, 1
2392689, 2, 0
2392693, 3, 0
2392797, 0, 0
2392811, 1, 0
2392814, 2, 0
2392818, 3, 1
2392922, 0, 0
2392936, 1, 1
2392939, 2, 1
2392943, 3, 0
2393047, 0, 1
2393061, 1, 0
2393064, 2, 0
2393068, 3, 0
2393172, 0, 1
2393186, 1, 1
2393189, 2, 1
2393193, 3, 1
2393297, 0, 0
2393311, 1, 0
2393314, 2, 0
2393318, 3, 0
2393422, 0, 0
2393436, 1, 1
2393439, 2, 1
2393443, 3, 1
2393547, 0, 1
2393561, 1, 0
2393564, 2, bit 1
2393564, 2, 1
2393568, 3, 1
2393672, 0, 1
2393686, 1, 0
2393689, 2, 0
2393693, 3, 0
2393797, 0, 0
2393811, 1, 1
2393814, 2, 1
2393818, 3, bit 1
2393818, 3, 1
2393922, 0, 0
2393936, 1, 1
2393939, 2, 0
2393943, 3, 0
2394047, 0, 1
2394061, 1, 0
2394064, 2, 1
2394068, 3, 0
2394172, 0, 0
2394186, 1, 0
2394189, 2, 0
2394193, 3, 1
2394297, 0, 1
2394311, 1, 1
2394314, 2, 0
2394318, 3, 1
2394422, 0, bit 1
2394422, 0, 0
2394436, 1, bit 1
2394439, 1, 0
2394439, 2, 1
2394443, 3, 0
2394547, 0, 1
2394561, 1, 1
2394564, 2, 1
2394568, 3, 1
2394672, 0, 1
2394686, 1, 0
2394689, 2, 0
2394693, 3, 0
2394797, 0, 0
2394811, 1, 1
2394814, 2, 1
2394818, 3, 0
2394923, 0, 0
2394936, 1, 0
2394939, 2, 0
2394943, 3, 1
2395048, 0, 1
2395061, 1, 1
2395064, 2, 1
2395068, 3, 0
2395173, 0, 1
2395186, 1, 0
2395189, 2, 0
2395193, 3, 1
2395298, 0, 0
2395311, 1, 1
2395314, 2, bit 0
2395314, 2, 0
2395318, 3, 1
2395423, 0, 0
2395436, 1, 1
2395439, 2, 1
2395443, 3, 0
2395548, 0, 1
2395561, 1, 0
2395564, 2, 0
2395568, 3, bit 1
2395568, 3, 1
2395673, 0, 1
2395686, 1, 0
2395689, 2, 1
2395693, 3, 0
2395798, 0, 0
2395811, 1, 1
2395814, 2, 0
2395819, 3, 0
2395923, 0, 1
2395936, 1, 1
2395939, 2, 1
2395944, 3, 1
2396048, 0, 0
2396061, 1, 0
2396064, 2, 1
2396069, 3, 1
2396173, 0, bit 0
2396173, 0, 1
2396186, 1, bit 1
2396186, 1, 0
2396189, 2, 0
2396194, 3, 0
2396298, 0, 0
2396311, 1, 1
2396314, 2, 0
2396319, 3, 1
2396423, 0, 0
2396436, 1, 0
2396439, 2, 1
2396444, 3, 0
2396548, 0, 1
2396561, 1, 1
2396564, 2, 0
2396569, 3, 0
2396673, 0, 1
2396686, 1, 0
2396689, 2, 1
2396694, 3, 1
2396798, 0, 0
2396811, 1, 1
2396814, 2, 0
2396819, 3, 0
2396923, 0, 0
2396936, 1, 0
2396939, 2, 1
2396944, 3, 1
2397048, 0, 1
2397061, 1, 1
2397064, 2, bit 1
2397064, 2, 1
2397069, 3, 1
2397173, 0, 1
2397186, 1, 1
2397189, 2, 0
2397194, 3, 0
2397298, 0, 0
2397312, 1, 0
2397314, 2, 1
2397319, 3, bit 1
2397319, 3, 1
2397423, 0, 0
2397437, 1, 0
2397440, 2, 0
2397444, 3, 0
2397548, 0, 1
2397562, 1, 1
2397565, 2, 1
2397569, 3, 0
2397673, 0, 0
2397687, 1, 1
2397690, 2, 0
2397694, 3, 1
2397798, 0, 1
2397812, 1, 0
2397815, 2, 0
2397819, 3, 1
2397923, 0, bit 0
2397923, 0, 1
2397937, 1, bit 1
2397937, 1, 0
2397940, 2, 1
2397944, 3, 0
2398048, 0, 0
2398062, 1, 1
2398065, 2, 1
2398069, 3, 1
2398173, 0, 0
2398187, 1, 0
2398190, 2, 0
2398194, 3, 0
2398298, 0, 1
2398312, 1, 1
2398315, 2, 1
2398319, 3, 0
2398423, 0, 1
2398437, 1, 0
2398440, 2, 0
2398444, 3, 1
2398548, 0, 0
2398562, 1, 1
2398565, 2, 1
2398569, 3, 0
2398673, 0, 0
2398687, 1, 0
2398690, 2, 0
2398694, 3, 1
2398798, 0, 1
2398812, 1, 1
2398815, 2, bit 0
2398815, 2, 0
2398819, 3, 1
2398923, 0, 1
2398937, 1, 1
2398940, 2, 1
2398944, 3, 0
2399048, 0, 0
2399062, 1, 0
2399065, 2, 0
2399069, 3, bit 1
2399069, 3, 1
2399173, 0, 0
2399187, 1, 0
2399190, 2, 1
2399194, 3, 0
2399298, 0, 1
2399312, 1, 1
2399315, 2, 0
2399319, 3, 0
2399423, 0, 0
2399437, 1, 1
2399440, 2, 1
2399444, 3, 1
2399548, 0, 1
2399562, 1, 0
2399565, 2, 1
2399569, 3, 1
2399673, 0, bit 1
2399673, 0, 0
2399687, 1, bit 0
2399687, 1, 1
2399690, 2, 0
2399694, 3, 0
2399798, 0, 1
2399812, 1, 0
2399815, 2, 0
2399819, 3, 1
2399923, 0, 1
2399937, 1, 1
2399940, 2, 1
2399944, 3, 0
2400048, 0, 0
2400062, 1, 0
2400065, 2, 0
2400069, 3, 0
2400173, 0, 0
2400187, 1, 1
2400190, 2, 1
2400194, 3, 1
2400299, 0, 1
2400312, 1, 0
2400315, 2, 0
2400319, 3, 0
2400424, 0, 1
2400437, 1, 1
2400440, 2, 1
2400444, 3, 1
2400549, 0, 0
2400562, 1, 0
2400565, 2, bit 0
2400565, 2, 0
2400569, 3, 1
2400674, 0, 0
2400687, 1, 0
2400690, 2, 1
2400694, 3, 0
2400799, 0, 1
2400812, 1, 1
2400815, 2, 0
2400819, 3, bit 0
2400819, 3, 0
2400924, 0, 1
2400937, 1, 1
2400940, 2, 1
2400944, 3, 1
2401049, 0, 0
2401062, 1, 0
2401065, 2, 0
2401069, 3, 1
2401174, 0, 1
2401187, 1, 0
2401190, 2, 1
2401195, 3, 0
2401299, 0, 0
2401312, 1, 1
2401315, 2, 1
2401320, 3, 0
2401424, 0, bit 1
2401424, 0, 0
2401437, 1, bit 0
2401437, 1, 1
2401440, 2, 0
2401445, 3, 1
2401549, 0, 1
2401562, 1, 0
2401565, 2, 0
2401570, 3, 0
2401674, 0, 1
2401687, 1, 1
2401690, 2, 1
2401695, 3, 1
2401799, 0, 0
2401812, 1, 0
2401815, 2, 0
2401820, 3, 1
2401924, 0, 0
2401937, 1, 1
2401940, 2, 1
2401945, 3, 0
2402049, 0, 1
2402062, 1, 0
2402065, 2, 0
2402070, 3, 1
2402174, 0, 1
2402187, 1, 1
2402190, 2, 1
2402195, 3, 0
2402299, 0, 0
2402312, 1, 0
2402315, 2, bit 1
2402315, 2, 1
2402320, 3, 0
2402424, 0, 0
2402437, 1, 0
2402440, 2, 0
2402445, 3, 1
2402549, 0, 1
2402562, 1, 1
2402565, 2, 1
2402570, 3, bit 1
2402570, 3, 1
2402674, 0, 1
2402688, 1, 1
2402690, 2, 0
2402695, 3, 0
2402799, 0, 0
2402813, 1, 0
2402816, 2, 1
2402820, 3, 0
2402924, 0, 1
2402938, 1, 0
2402941, 2, 0
2402945, 3, 1
2403049, 0, 0
2403063, 1, 1
2403066, 2, 0
2403070, 3, 1
2403174, 0, bit 0
2403174, 0, 1
2403188, 1, bit 0
2403188, 1, 1
2403191, 2, 1
2403195, 3, 0
2403299, 0, 0
2403313, 1, 0
2403316, 2, 1
2403320, 3, 1
2403424, 0, 0
2403438, 1, 1
2403441, 2, 0
2403445, 3, 0
2403549, 0, 1
2403563, 1, 0
2403566, 2, 1
2403570, 3, 0
2403674, 0, 1
2403688, 1, 1
2403691, 2, 0
2403695, 3, 1
2403799, 0, 0
2403813, 1, 0
2403816, 2, 1
2403820, 3, 0
2403924, 0, 0
2403938, 1, 1
2403941, 2, 0
2403945, 3, 1
2404049, 0, 1
2404063, 1, 0
2404066, 2, bit 0
2404066, 2, 0
2404070, 3, 1
2404174, 0, 1
2404188, 1, 0
2404191, 2, 1
2404195, 3, 0
2404299, 0, 0
2404313, 1, 1
2404316, 2, 0
2404320, 3, bit 0
2404320, 3, 0
2404424, 0, 0
2404438, 1, 1
2404441, 2, 1
2404445, 3, 1
2404549, 0, 1
2404563, 1, 0
2404566, 2, 0
2404570, 3, 1
2404674, 0, 0
2404688, 1, 0
2404691, 2, 1
2404695, 3, 0
2404799, 0, 1
2404813, 1, 1
2404816, 2, 1
2404820, 3, 0
2404924, 0, bit 1
2404924, 0, 0
2404938, 1, bit 1
2404938, 1, 0
2404941, 2, 0
2404945, 3, 1
2405049, 0, 1
2405063, 1, 1
2405066, 2, 0
2405070, 3, 0
2405174, 0, 1
2405188, 1, 0
2405191, 2, 1
2405195, 3, 1
2405299, 0, 0
2405313, 1, 1
2405316, 2, 0
2405320, 3, 1
2405424, 0, 0
2405438, 1, 0
2405441, 2, 1
2405445, 3, 0
2405549, 0, 1
2405563, 1, 1
2405566, 2, 0
2405570, 3, 1
2405675, 0, 1
2405688, 1, 0
2405691, 2, 1
2405695, 3, 0
2405800, 0, 0
2405813, 1, 1
2405816, 2, bit 1
2405816, 2, 1
2405820, 3, 0
2405925, 0, 0
2405938, 1, 1
2405941, 2, 0
2405945, 3, 1
2406050, 0, 1
2406063, 1, 0
2406066, 2, 1
2406070, 3, bit 1
2406070, 3, 1
2406175, 0, 1
2406188, 1, 0
2406191, 2, 0
2406195, 3, 0
2406300, 0, 0
2406313, 1, 1
2406316, 2, 1
2406320, 3, 0
2406425, 0, 1
2406438, 1, 1
2406441, 2, 0
2406445, 3, 1
2406550, 0, 0
2406563, 1, 0
2406566, 2, 0
2406571, 3, 1
2406675, 0, bit 0
2406675, 0, 1
2406688, 1, bit 0
2406688, 1, 1
2406691, 2, 1
2406696, 3, 0
2406800, 0, 0
2406813, 1, 0
2406816, 2, 1
2406821, 3, 1
2406925, 0, 0
2406938, 1, 1
2406941, 2, 0
2406946, 3, 0
2407050, 0, 1
2407063, 1, 0
2407066, 2, 1
2407071, 3, 0
2407175, 0, 1
2407188, 1, 1
2407191, 2, 0
2407196, 3, 1
2407300, 0, 0
2407313, 1, 0
2407316, 2, 1
2407321, 3, 0
2407425, 0, 0
2407438, 1, 1
2407441, 2, 0
2407446, 3, 1
2407550, 0, 1
2407563, 1, 0
2407566, 2, bit 1
2407566, 2, 1
2407571, 3, 1
2407675, 0, 1
2407688, 1, 0
2407691, 2, 0
2407696, 3, 0
2407800, 0, 0
2407813, 1, 1
2407816, 2, 1
2407821, 3, bit 0
2407821, 3, 0
2407925, 0, 0
2407938, 1, 1
2407941, 2, 0
2407946, 3, 1
2408050, 0, 1
2408064, 1, 0
2408066, 2, 1
2408071, 3, 1
2408175, 0, 0
2408189, 1, 0
2408192, 2, 0
2408196, 3, 0
2408300, 0, 1
2408314, 1, 1
2408317, 2, 0
2408321, 3, 0
2408425, 0, bit 1
2408425, 0, 0
2408439, 1, bit 1
2408439, 1, 0
2408442, 2, 1
2408446, 3, 1
2408550, 0, 1
2408564, 1, 1
2408567, 2, 1
2408571, 3, 0
2408675, 0, 1
2408689, 1, 0
2408692, 2, 0
2408696, 3, 1
2408800, 0, 0
2408814, 1, 1
2408817, 2, 1
2408821, 3, 1
2408925, 0, 0
2408939, 1, 0
2408942, 2, 0
2408946, 3, 0
2409050, 0, 1
2409064, 1, 1
2409067, 2, 1
2409071, 3, 1
2409175, 0, 1
2409189, 1, 0
2409192, 2, 0
2409196, 3, 0
2409300, 0, 0
2409314, 1, 1
2409317, 2, bit 1
2409317, 2, 1
2409321, 3, 0
2409425, 0, 0
2409439, 1, 1
2409442, 2, 0
2409446, 3, 1
2409550, 0, 1
2409564, 1, 0
2409567, 2, 1
2409571, 3, bit 0
2409571, 3, 0
2409675, 0, 1
2409689, 1, 0
2409692, 2, 0
2409696, 3, 1
2409800, 0, 0
2409814, 1, 1
2409817, 2, 1
2409821, 3, 1
2409925, 0, 1
2409939, 1, 1
2409942, 2, 0
2409946, 3, 0
2410050, 0, 0
2410064, 1, 0
2410067, 2, 0
2410071, 3, 0
2410175, 0, bit 0
2410175, 0, 1
2410189, 1, bit 1
2410189, 1, 0
2410192, 2, 1
2410196, 3, 1
2410300, 0, 0
2410314, 1, 1
2410317, 2, 1
2410321, 3, 0
2410425, 0, 0
2410439, 1, 0
2410442, 2, 0
2410446, 3, 1
2410550, 0, 1
2410564, 1, 1
2410567, 2, 1
2410571, 3, 1
2410675, 0, 1
2410689, 1, 0
2410692, 2, 0
2410696, 3, 0
2410800, 0, 0
2410814, 1, 1
2410817, 2, 1
2410821, 3, 1
2410925, 0, 0
2410939, 1, 0
2410942, 2, 0
2410946, 3, 0
2411051, 0, 1
2411064, 1, 1
2411067, 2, bit 1
2411067, 2, 1
2411071, 3, 0
2411176, 0, 1
2411189, 1, 1
2411192, 2, 0
2411196, 3, 1
2411301, 0, 0
2411314, 1, 0
2411317, 2, 1
2411321, 3, bit 1
2411321, 3, 1
2411426, 0, 0
2411439, 1, 0
2411442, 2, 0
2411446, 3, 0
2411551, 0, 1
2411564, 1, 1
2411567, 2, 1
2411571, 3, 0
2411676, 0, 0
2411689, 1, 1
2411692, 2, 0
2411696, 3, 1
2411801, 0, 1
2411814, 1, 0
2411817, 2, 0
2411821, 3, 1
2411926, 0, bit 1
2411926, 0, 0
2411939, 1, bit 1
2411939, 1, 0
2411942, 2, 1
2411947, 3, 0
2412051, 0, 1
2412064, 1, 1
2412067, 2, 1
2412072, 3, 1
2412176, 0, 1
2412189, 1, 0
2412192, 2, 0
2412197, 3, 0
2412301, 0, 0
2412314, 1, 1
2412317, 2, 1
2412322, 3, 0
2412426, 0, 0
2412439, 1, 0
2412442, 2, 0
2412447, 3, 1
2412551, 0, 1
2412564, 1, 1
2412567, 2, 1
2412572, 3, 0
2412676, 0, 1
2412689, 1, 0
2412692, 2, 0
2412697, 3, 1
2412801, 0, 0
2412814, 1, 1
2412817, 2, bit 0
2412817, 2, 0
2412822, 3, 1
2412926, 0, 0
2412939, 1, 1
2412942, 2, 1
2412947, 3, 0
2413051, 0, 1
2413064, 1, 0
2413067, 2, 0
2413072, 3, bit 0
2413072, 3, 0
2413176, 0, 1
2413189, 1, 0
2413192, 2, 1
2413197, 3, 1
2413301, 0, 0
2413314, 1, 1
2413317, 2, 0
2413322, 3, 1
2413426, 0, 1
2413440, 1, 1
2413442, 2, 1
2413447, 3, 0
2413551, 0, 0
2413565, 1, 0
2413568, 2, 1
2413572, 3, 0
2413676, 0, bit 0
2413676, 0, 1
2413690, 1, bit 0
2413690, 1, 1
2413693, 2, 0
2413697, 3, 1
2413801, 0, 0
2413815, 1, 0
2413818, 2, 0
2413822, 3, 0
2413926, 0, 0
2413940, 1, 1
2413943, 2, 1
2413947, 3, 1
2414051, 0, 1
2414065, 1, 0
2414068, 2, 0
2414072, 3, 1
2414176, 0, 1
2414190, 1, 1
2414193, 2, 1
2414197, 3, 0
2414301, 0, 0
2414315, 1, 0
2414318, 2, 0
2414322, 3, 1
2414426, 0, 0
2414440, 1, 1
2414443, 2, 1
2414447, 3, 0
2414551, 0, 1
2414565, 1, 0
2414568, 2, bit 1
2414568, 2, 1
2414572, 3, 0
2414676, 0, 1
2414690, 1, 0
2414693, 2, 0
2414697, 3, 1
2414801, 0, 0
2414815, 1, 1
2414818, 2, 1
2414822, 3, bit 0
2414822, 3, 0
2414926, 0, 0
2414940, 1, 1
2414943, 2, 0
2414947, 3, 1
2415051, 0, 1
2415065, 1, 0
2415068, 2, 1
2415072, 3, 1
2415176, 0, 0
2415190, 1, 0
2415193, 2, 0
2415197, 3, 0
2415301, 0, 1
2415315, 1, 1
2415318, 2, 0
2415322, 3, 0
2415426, 0, bit 1
2415426, 0, 0
2415440, 1, bit 1
2415440, 1, 0
2415443, 2, 1
2415447, 3, 1
2415551, 0, 1
2415565, 1, 1
2415568, 2, 1
2415572, 3, 0
2415676, 0, 1
2415690, 1, 0
2415693, 2, 0
2415697, 3, 1
2415801, 0, 0
2415815, 1, 1
2415818, 2, 1
2415822, 3, 1
2415926, 0, 0
2415940, 1, 0
2415943, 2, 0
2415947, 3, 0
2416051, 0, 1
2416065, 1, 1
2416068, 2, 1
2416072, 3, 1
2416176, 0, 1
2416190, 1, 0
2416193, 2, 0
2416197, 3, 0
2416301, 0, 0
2416315, 1, 1
2416318, 2, bit 1
2416318, 2, 1
2416322, 3, 0
2416427, 0, 0
2416440, 1, 1
2416443, 2, 0
2416447, 3, 1
2416552, 0, 1
2416565, 1, 0
2416568, 2, 1
2416572, 3, bit 0
2416572, 3, 0
2416677, 0, 1
2416690, 1, 0
2416693, 2, 0
2416697, 3, 1
2416802, 0, 0
2416815, 1, 1
2416818, 2, 1
2416822, 3, 1
2416927, 0, 1
2416940, 1, 1
2416943, 2, 0
2416947, 3, 0
2417052, 0, 0
2417065, 1, 0
2417068, 2, 0
2417072, 3, 0
2417177, 0, bit 0
2417177, 0, 1
2417190, 1, bit 1
2417190, 1, 0
2417193, 2, 1
2417197, 3, 1
2417302, 0, 0
2417315, 1, 1
2417318, 2, 1
2417323, 3, 0
2417427, 0, 0
2417440, 1, 0
2417443, 2, 0
2417448, 3, 1
2417552, 0, 1
2417565, 1, 1
2417568, 2, 1
2417573, 3, 1
2417677, 0, 1
2417690, 1, 0
2417693, 2, 0
2417698, 3, 0
2417802, 0, 0
2417815, 1, 1
2417818, 2, 1
2417823, 3, 1
2417927, 0, 0
2417940, 1, 0
2417943, 2, 0
2417948, 3, 0
2418052, 0, 1
2418065, 1, 1
2418068, 2, bit 0
2418068, 2, 0
2418073, 3, 0
2418177, 0, 1
2418190, 1, 1
2418193, 2, 1
2418198, 3, 1
2418302, 0, 0
2418315, 1, 0
2418318, 2, 0
2418323, 3, bit 0
2418323, 3, 0
2418427, 0, 0
2418440, 1, 0
2418443, 2, 1
2418448, 3, 1
2418552, 0, 1
2418565, 1, 1
2418568, 2, 0
2418573, 3, 1
2418677, 0, 0
2418690, 1, 1
2418693, 2, 1
2418698, 3, 0
2418802, 0, 1
2418816, 1, 0
2418818, 2, 1
2418823, 3, 0
2418927, 0, bit 1
2418927, 0, 0
2418941, 1, bit 0
2418941, 1, 1
2418944, 2, 0
2418948, 3, 1
2419052, 0, 1
2419066, 1, 0
2419069, 2, 0
2419073, 3, 0
2419177, 0, 1
2419191, 1, 1
2419194, 2, 1
2419198, 3, 1
2419302, 0, 0
2419316, 1, 0
2419319, 2, 0
2419323, 3, 1
2419427, 0, 0
2419441, 1, 1
2419444, 2, 1
2419448, 3, 0
2419552, 0, 1
2419566, 1, 0
2419569, 2, 0
2419573, 3, 1
2419677, 0, 1
2419691, 1, 1
2419694, 2, 1
2419698, 3, 0
2419802, 0, 0
2419816, 1, 0
2419819, 2, bit 0
2419819, 2, 0
2419823, 3, 0
2419927, 0, 0
2419941, 1, 0
2419944, 2, 1
2419948, 3, 1
2420052, 0, 1
2420066, 1, 1
2420069, 2, 0
2420073, 3, bit 1
2420073, 3, 1
2420177, 0, 1
2420191, 1, 1
2420194, 2, 1
2420198, 3, 0
2420302, 0, 0
2420316, 1, 0
2420319, 2, 0
2420323, 3, 0
2420427, 0, 1
2420441, 1, 0
2420444, 2, 1
2420448, 3, 1
2420552, 0, 0
2420566, 1, 1
2420569, 2, 1
2420573, 3, 1
2420677, 0, bit 0
2420677, 0, 1
2420691, 1, bit 1
2420691, 1, 0
2420694, 2, 0
2420698, 3, 0
2420802, 0, 0
2420816, 1, 1
2420819, 2, 0
2420823, 3, 1
2420927, 0, 0
2420941, 1, 0
2420944, 2, 1
2420948, 3, 0
2421052, 0, 1
2421066, 1, 1
2421069, 2, 0
2421073, 3, 0
2421177, 0, 1
2421191, 1, 0
2421194, 2, 1
2421198, 3, 1
2421302, 0, 0
2421316, 1, 1
2421319, 2, 0
2421323, 3, 0
2421427, 0, 0
2421441, 1, 0
2421444, 2, 1
2421448, 3, 1
2421552, 0, 1
2421566, 1, 1
2421569, 2, bit 1
2421569, 2, 1
2421573, 3, 1
2421677, 0, 1
2421691, 1, 1
2421694, 2, 0
2421698, 3, 0
2421803, 0, 0
2421816, 1, 0
2421819, 2, 1
2421823, 3, bit 1
2421826, 3, 1
2421928, 0, 0
2421941, 1, 0
2421944, 2, 0
2421948, 3, 0
2422053, 0, 1
2422066, 1, 1
2422069, 2, 1
2422073, 3, 0
2422178, 0, 0
2422191, 1, 1
2422194, 2, 0
2422198, 3, 1
2422303, 0, 1
2422316, 1, 0
2422319, 2, 0
2422323, 3, 1
2422428, 0, bit 1
2422428, 0, 0
2422441, 1, bit 1
2422441, 1, 0
2422444, 2, 1
2422448, 3, 0
2422553, 0, 1
2422566, 1, 1
2422569, 2, 1
2422573, 3, 1
2422678, 0, 1
2422691, 1, 0
2422694, 2, 0
2422699, 3, 0
2422803, 0, 0
2422816, 1, 1
2422819, 2, 1
2422824, 3, 0
2422928, 0, 0
2422941, 1, 0
2422944, 2, 0
2422949, 3, 1
2423053, 0, 1
2423066, 1, 1
2423069, 2, 1
2423074, 3, 0
2423178, 0, 1
2423191, 1, 0
2423194, 2, 0
2423199, 3, 1
2423303, 0, 0
2423316, 1, 1
2423319, 2, bit 1
2423319, 2, 1
2423324, 3, 1
2423428, 0, 0
2423441, 1, 1
2423444, 2, 0
2423449, 3, 0
2423553, 0, 1
2423566, 1, 0
2423569, 2, 1
2423574, 3, bit 0
2423574, 3, 0
2423678, 0, 1
2423691, 1, 0
2423694, 2, 0
2423699, 3, 1
2423803, 0, 0
2423816, 1, 1
2423819, 2, 1
2423824, 3, 1
2423928, 0, 1
2423941, 1, 1
2423944, 2, 0
2423949, 3, 0
2424053, 0, 0
2424066, 1, 0
2424069, 2, 0
2424074, 3, 0
2424178, 0, bit 1
2424178, 0, 0
2424192, 1, bit 0
2424192, 1, 1
2424194, 2, 1
2424199, 3, 1
2424303, 0, 1
2424317, 1, 0
2424320, 2, 1
2424324, 3, 0
2424428, 0, 1
2424442, 1, 1
2424445, 2, 0
2424449, 3, 1
2424553, 0, 0
2424567, 1, 0
2424570, 2, 1
2424574, 3, 1
2424678, 0, 0
2424692, 1, 1
2424695, 2, 0
2424699, 3, 0
2424803, 0, 1
2424817, 1, 0
2424820, 2, 1
2424824, 3, 1
2424928, 0, 1
2424942, 1, 1
2424945, 2, 0
2424949, 3, 0
2425053, 0, 0
2425067, 1, 0
2425070, 2, bit 1
2425070, 2, 1
2425074, 3, 0
2425178, 0, 0
2425192, 1, 0
2425195, 2, 0
2425199, 3, 1
2425303, 0, 1
2425317, 1, 1
2425320, 2, 1
2425324, 3, bit 1
2425324, 3, 1
2425428, 0, 1
2425442, 1, 1
2425445, 2, 0
2425449, 3, 0
2425553, 0, 0
2425567, 1, 0
2425570, 2, 1
2425574, 3, 0
2425678, 0, 1
2425692, 1, 0
2425695, 2, 0
2425699, 3, 1
2425803, 0, 0
2425817, 1, 1
2425820, 2, 0
2425824, 3, 1
2425928, 0, bit 0
2425928, 0, 1
2425942, 1, bit 0
2425942, 1, 1
2425945, 2, 1
2425949, 3, 0
2426053, 0, 0
2426067, 1, 0
2426070, 2, 1
2426074, 3, 1
2426178, 0, 0
2426192, 1, 1
2426195, 2, 0
2426199, 3, 0
2426303, 0, 1
2426317, 1, 0
2426320, 2, 1
2426324, 3, 0
2426428, 0, 1
2426442, 1, 1
2426445, 2, 0
2426449, 3, 1
2426553, 0, 0
2426567, 1, 0
2426570, 2, 1
2426574, 3, 0
2426678, 0, 0
2426692, 1, 1
2426695, 2, 0
2426699, 3, 1
2426803, 0, 1
2426817, 1, 0
2426820, 2, bit 0
2426820, 2, 0
2426824, 3, 1
2426928, 0, 1
2426942, 1, 0
2426945, 2, 1
2426949, 3, 0
2427053, 0, 0
2427067, 1, 1
2427070, 2, 0
2427074, 3, bit 0
2427074, 3, 0
2427179, 0, 0
2427192, 1, 1
2427195, 2, 1
2427199, 3, 1
2427304, 0, 1
2427317, 1, 0
2427320, 2, 0
2427324, 3, 1
2427429, 0, 0
2427442, 1, 0
2427445, 2, 1
2427449, 3, 0
2427554, 0, 1
2427567, 1, 1
2427570, 2, 1
2427574, 3, 0
2427679, 0, bit 1
2427679, 0, 0
2427692, 1, bit 0
2427695, 1, 1
2427695, 2, 0
2427699, 3, 1
2427804, 0, 1
2427817, 1, 0
2427820, 2, 0
2427824, 3, 0
2427929, 0, 1
2427942, 1, 1
2427945, 2, 1
2427949, 3, 1
2428054, 0, 0
2428067, 1, 0
2428070, 2, 0
2428075, 3, 1
2428179, 0, 0
2428192, 1, 1
2428195, 2, 1
2428200, 3, 0
2428304, 0, 1
2428317, 1, 0
2428320, 2, 0
2428325, 3, 1
2428429, 0, 1
2428442, 1, 1
2428445, 2, 1
2428450, 3, 0
2428554, 0, 0
2428567, 1, 0
2428570, 2, bit 0
2428570, 2, 0
2428575, 3, 0
2428679, 0, 0
2428692, 1, 0
2428695, 2, 1
2428700, 3, 1
2428804, 0, 1
2428817, 1, 1
2428820, 2, 0
2428825, 3, bit 0
2428825, 3, 0
2428929, 0, 1
2428942, 1, 1
2428945, 2, 1
2428950, 3, 1
2429054, 0, 0
2429067, 1, 0
2429070, 2, 0
2429075, 3, 1
2429179, 0, 1
2429192, 1, 0
2429195, 2, 1
2429200, 3, 0
2429304, 0, 0
2429317, 1, 1
2429320, 2, 1
2429325, 3, 0
2429429, 0, bit 0
2429429, 0, 1
2429442, 1, bit 0
2429442, 1, 1
2429445, 2, 0
2429450, 3, 1
2429554, 0, 0
2429568, 1, 0
2429570, 2, 0
2429575, 3, 0
2429679, 0, 0
2429693, 1, 1
2429696, 2, 1
2429700, 3, 1
2429804, 0, 1
2429818, 1, 0
2429821, 2, 0
2429825, 3, 1
2429929, 0, 1
2429943, 1, 1
2429946, 2, 1
2429950, 3, 0
2430054, 0, 0
2430068, 1, 0
2430071, 2, 0
2430075, 3, 1
2430179, 0, 0
2430193, 1, 1
2430196, 2, 1
2430200, 3, 0
2430304, 0, 1
2430318, 1, 0
2430321, 2, bit 0
2430321, 2, 0
2430325, 3, 0
2430429, 0, 1
2430443, 1, 0
2430446, 2, 1
2430450, 3, 1
2430554, 0, 0
2430568, 1, 1
2430571, 2, 0
2430575, 3, bit 1
2430575, 3, 1
2430679, 0, 0
2430693, 1, 1
2430696, 2, 1
2430700, 3, 0
2430804, 0, 1
2430818, 1, 0
2430821, 2, 0
2430825, 3, 0
2430929, 0, 0
2430943, 1, 0
2430946, 2, 1
2430950, 3, 1
2431054, 0, 1
2431068, 1, 1
2431071, 2, 1
2431075, 3, 1
2431179, 0, bit 1
2431179, 0, 0
2431193, 1, bit 0
2431193, 1, 1
2431196, 2, 0
2431200, 3, 0
2431304, 0, 1
2431318, 1, 0
2431321, 2, 0
2431325, 3, 1
2431429, 0, 1
2431443, 1, 1
2431446, 2, 1
2431450, 3, 0
2431554, 0, 0
2431568, 1, 0
2431571, 2, 0
2431575, 3, 0
2431679, 0, 0
2431693, 1, 1
2431696, 2, 1
2431700, 3, 1
2431804, 0, 1
2431818, 1, 0
2431821, 2, 0
2431825, 3, 0
2431929, 0, 1
2431943, 1, 1
2431946, 2, 1
2431950, 3, 1
2432054, 0, 0
2432068, 1, 0
2432071, 2, bit 1
2432071, 2, 1
2432075, 3, 1
2432179, 0, 0
2432193, 1, 0
2432196, 2, 0
2432200, 3, 0
2432304, 0, 1
2432318, 1, 1
2432321, 2, 1
2432325, 3, bit 1
2432325, 3, 1
2432429, 0, 1
2432443, 1, 1
2432446, 2, 0
2432450, 3, 0
2432555, 0, 0
2432568, 1, 0
2432571, 2, 1
2432575, 3, 0
2432680, 0, 1
2432693, 1, 0
2432696, 2, 0
2432700, 3, 1
2432805, 0, 0
2432818, 1, 1
2432821, 2, 0
2432825, 3, 1
2432930, 0, bit 0
2432930, 0, 1
2432943, 1, bit 1
2432943, 1, 0
2432946, 2, 1
2432950, 3, 0
2433055, 0, 0
2433068, 1, 1
2433071, 2, 1
2433075, 3, 1
2433180, 0, 0
2433193, 1, 0
2433196, 2, 0
2433200, 3, 0
2433305, 0, 1
2433318, 1, 1
2433321, 2, 1
2433325, 3, 0
2433430, 0, 1
2433443, 1, 0
2433446, 2, 0
2433451, 3, 1
2433555, 0, 0
2433568, 1, 1
2433571, 2, 1
2433576, 3, 0
2433680, 0, 0
2433693, 1, 0
2433696, 2, 0
2433701, 3, 1
2433805, 0, 1
2433818, 1, 1
2433821, 2, bit 1
2433821, 2, 1
2433826, 3, 1
2433930, 0, 1
2433943, 1, 1
2433946, 2, 0
2433951, 3, 0
2434055, 0, 0
2434068, 1, 0
2434071, 2, 1
2434076, 3, bit 1
2434076, 3, 1
2434180, 0, 0
2434193, 1, 0
2434196, 2, 0
2434201, 3, 0
2434305, 0, 1
2434318, 1, 1
2434321, 2, 1
2434326, 3, 0
2434430, 0, 0
2434443, 1, 1
2434446, 2, 0
2434451, 3, 1
2434555, 0, 1
2434568, 1, 0
2434571, 2, 0
2434576, 3, 1
2434680, 0, bit 0
2434680, 0, 1
2434693, 1, bit 0
2434693, 1, 1
2434696, 2, 1
2434701, 3, 0
2434805, 0, 0
2434818, 1, 0
2434821, 2, 1
2434826, 3, 1
2434930, 0, 0
2434944, 1, 1
2434946, 2, 0
2434951, 3, 0
2435055, 0, 1
2435069, 1, 0
2435072, 2, 1
2435076, 3, 0
2435180, 0, 1
2435194, 1, 1
2435197, 2, 0
2435201, 3, 1
2435305, 0, 0
2435319, 1, 0
2435322, 2, 1
2435326, 3, 0
2435430, 0, 0
2435444, 1, 1
2435447, 2, 0
2435451, 3, 1
2435555, 0, 1
2435569, 1, 0
2435572, 2, bit 0
2435572, 2, 0
2435576, 3, 1
2435680, 0, 1
2435694, 1, 0
2435697, 2, 1
2435701, 3, 0
2435805, 0, 0
2435819, 1, 1
2435822, 2, 0
2435826, 3, bit 0
2435826, 3, 0
2435930, 0, 0
2435944, 1, 1
2435947, 2, 1
2435951, 3, 1
2436055, 0, 1
2436069, 1, 0
2436072, 2, 0
2436076, 3, 1
2436180, 0, 0
2436194, 1, 0
2436197, 2, 1
2436201, 3, 0
2436305, 0, 1
2436319, 1, 1
2436322, 2, 1
2436326, 3, 0
2436430, 0, bit 0
2436430, 0, 1
2436444, 1, bit 1
2436444, 1, 0
2436447, 2, 0
2436451, 3, 1
2436555, 0, 0
2436569, 1, 1
2436572, 2, 0
2436576, 3, 0
2436680, 0, 0
2436694, 1, 0
2436697, 2, 1
2436701, 3, 1
2436805, 0, 1
2436819, 1, 1
2436822, 2, 0
2436826, 3, 1
2436930, 0, 1
2436944, 1, 0
2436947, 2, 1
2436951, 3, 0
2437055, 0, 0
2437069, 1, 1
2437072, 2, 0
2437076, 3, 1
2437180, 0, 0
2437194, 1, 0
2437197, 2, 1
2437201, 3, 0
2437305, 0, 1
2437319, 1, 1
2437322, 2, bit 1
2437322, 2, 1
2437326, 3, 0
2437430, 0, 1
2437444, 1, 1
2437447, 2, 0
2437451, 3, 1
2437555, 0, 0
2437569, 1, 0
2437572, 2, 1
2437576, 3, bit 1
2437576, 3, 1
2437680, 0, 0
2437694, 1, 0
2437697, 2, 0
2437701, 3, 0
2437805, 0, 1
2437819, 1, 1
2437822, 2, 1
2437826, 3, 0
2437931, 0, 0
2437944, 1, 1
2437947, 2, 0
2437951, 3, 1
2438056, 0, 1
2438069, 1, 0
2438072, 2, 0
2438076, 3, 1
2438181, 0, bit 1
2438181, 0, 0
2438194, 1, bit 0
2438194, 1, 1
2438197, 2, 1
2438201, 3, 0
2438306, 0, 1
2438319, 1, 0
2438322, 2, 1
2438326, 3, 1
2438431, 0, 1
2438444, 1, 1
2438447, 2, 0
2438457, 3, 0
2438556, 0, 0
2438569, 1, 0
2438572, 2, 1
2438582, 3, 0
2438681, 0, 0
2438694, 1, 1
2438697, 2, 0
2438707, 3, 1
2438806, 0, 1
2438819, 1, 0
2438822, 2, 1
2438832, 3, 0
2438931, 0, 1
2438944, 1, 1
2438947, 2, 0
2438957, 3, 1
2439056, 0, 0
2439069, 1, 0
2439072, 2, bit 1
2439072, 2, 1
2439083, 3, 1
2439181, 0, 0
2439194, 1, 0
2439197, 2, 0
2439208, 3, 0
2439306, 0, 1
2439319, 1, 1
2439322, 2, 1
2439333, 3, bit 0
2439333, 3, 0
2439431, 0, 1
2439444, 1, 1
2439447, 2, 0
2439458, 3, 1
2439556, 0, 0
2439569, 1, 0
2439572, 2, 1
2439583, 3, 1
2439681, 0, 1
2439694, 1, 0
2439697, 2, 0
2439708, 3, 0
2439806, 0, 0
2439819, 1, 1
2439822, 2, 0
2439833, 3, 0
2439931, 0, bit 0
2439931, 0, 1
2439944, 1, bit 1
2439944, 1, 0
2439947, 2, 1
2439958, 3, 1
2440056, 0, 0
2440069, 1, 1
2440072, 2, 1
2440083, 3, 0
2440181, 0, 0
2440194, 1, 0
2440197, 2, 0
2440208, 3, 1
2440306, 0, 1
2440320, 1, 1
2440322, 2, 1
2440333, 3, 1
2440431, 0, 1
2440445, 1, 0
2440449, 2, 0
2440458, 3, 0
2440556, 0, 0
2440570, 1, 1
2440574, 2, 1
2440583, 3, 1
2440681, 0, 0
2440695, 1, 0
2440699, 2, 0
2440708, 3, 0
2440806, 0, 1
2440820, 1, 1
2440824, 2, bit 1
2440824, 2, 1
2440833, 3, 0
2440931, 0, 1
2440945, 1, 1
2440949, 2, 0
2440958, 3, 1
2441056, 0, 0
2441070, 1, 0
2441074, 2, 1
2441083, 3, bit 1
2441083, 3, 1
2441181, 0, 0
2441195, 1, 0
2441199, 2, 0
2441208, 3, 0
2441306, 0, 1
2441320, 1, 1
2441324, 2, 1
2441333, 3, 0
2441431, 0, 0
2441445, 1, 1
2441449, 2, 0
2441458, 3, 1
2441556, 0, 1
2441570, 1, 0
2441574, 2, 0
2441583, 3, 1
2441681, 0, bit 0
2441681, 0, 1
2441695, 1, bit 0
2441695, 1, 1
2441699, 2, 1
2441708, 3, 0
2441806, 0, 0
2441820, 1, 0
2441824, 2, 1
2441833, 3, 1
2441931, 0, 0
2441945, 1, 1
2441949, 2, 0
2441958, 3, 0
2442056, 0, 1
2442070, 1, 0
2442074, 2, 1
2442083, 3, 0
2442181, 0, 1
2442195, 1, 1
2442199, 2, 0
2442208, 3, 1
2442306, 0, 0
2442320, 1, 0
2442324, 2, 1
2442333, 3, 0
2442431, 0, 0
2442445, 1, 1
2442449, 2, 0
2442458, 3, 1
2442556, 0, 1
2442570, 1, 0
2442574, 2, bit 1
2442574, 2, 1
2442583, 3, 1
2442681, 0, 1
2442695, 1, 0
2442699, 2, 0
2442708, 3, 0
2442806, 0, 0
2442820, 1, 1
2442824, 2, 1
2442833, 3, bit 0
2442833, 3, 0
2442931, 0, 0
2442945, 1, 1
2442949, 2, 0
2442958, 3, 1
2443056, 0, 1
2443070, 1, 0
2443074, 2, 1
2443083, 3, 1
2443181, 0, 0
2443195, 1, 0
2443199, 2, 0
2443208, 3, 0
2443307, 0, 1
2443320, 1, 1
2443324, 2, 0
2443333, 3, 0
2443432, 0, bit 1
2443436, 0, 0
2443445, 1, bit 0
2443445, 1, 1
2443449, 2, 1
2443458, 3, 1
2443557, 0, 1
2443570, 1, 0
2443574, 2, 1
2443583, 3, 0
2443682, 0, 1
2443695, 1, 1
2443699, 2, 0
2443708, 3, 1
2443807, 0, 0
2443820, 1, 0
2443824, 2, 1
2443833, 3, 1
2443932, 0, 0
2443945, 1, 1
2443949, 2, 0
2443958, 3, 0
2444057, 0, 1
2444070, 1, 0
2444075, 2, 1
2444083, 3, 1
2444182, 0, 1
2444195, 1, 1
2444200, 2, 0
2444208, 3, 0
2444307, 0, 0
2444320, 1, 0
2444325, 2, bit 0
2444325, 2, 0
2444333, 3, 0
2444432, 0, 0
2444445, 1, 0
2444450, 2, 1
2444459, 3, 1
2444557, 0, 1
2444570, 1, 1
2444575, 2, 0
2444584, 3, bit 1
2444584, 3, 1
2444682, 0, 1
2444695, 1, 1
2444700, 2, 1
2444709, 3, 0
2444807, 0, 0
2444820, 1, 0
2444825, 2, 0
2444834, 3, 0
2444932, 0, 1
2444945, 1, 0
2444950, 2, 1
2444959, 3, 1
2445057, 0, 0
2445070, 1, 1
2445075, 2, 1
2445084, 3, 1
2445182, 0, bit 0
2445182, 0, 1
2445195, 1, bit 1
2445195, 1, 0
2445200, 2, 0
2445209, 3, 0
2445307, 0, 0
2445320, 1, 1
2445325, 2, 0
2445334, 3, 1
2445432, 0, 0
2445445, 1, 0
2445450, 2, 1
2445459, 3, 0
2445557, 0, 1
2445570, 1, 1
2445575, 2, 0
2445584, 3, 0
2445682, 0, 1
2445696, 1, 0
2445700, 2, 1
2445709, 3, 1
2445807, 0, 0
2445821, 1, 1
2445825, 2, 0
2445834, 3, 0
2445932, 0, 0
2445946, 1, 0
2445950, 2, 1
2445959, 3, 1
2446057, 0, 1
2446071, 1, 1
2446075, 2, bit 0
2446075, 2, 0
2446084, 3, 1
2446182, 0, 1
2446196, 1, 1
2446200, 2, 1
2446209, 3, 0
2446307, 0, 0
2446321, 1, 0
2446325, 2, 0
2446334, 3, bit 0
2446334, 3, 0
2446432, 0, 0
2446446, 1, 0
2446450, 2, 1
2446459, 3, 1
2446557, 0, 1
2446571, 1, 1
2446575, 2, 0
2446584, 3, 1
2446682, 0, 0
2446696, 1, 1
2446700, 2, 1
2446709, 3, 0
2446807, 0, 1
2446821, 1, 0
2446825, 2, 1
2446834, 3, 0
2446932, 0, bit 0
2446932, 0, 1
2446946, 1, bit 0
2446946, 1, 1
2446950, 2, 0
2446959, 3, 1
2447057, 0, 0
2447071, 1, 0
2447075, 2, 0
2447084, 3, 0
2447182, 0, 0
2447196, 1, 1
2447200, 2, 1
2447209, 3, 1
2447307, 0, 1
2447321, 1, 0
2447325, 2, 0
2447334, 3, 1
2447432, 0, 1
2447446, 1, 1
2447450, 2, 1
2447459, 3, 0
2447557, 0, 0
2447571, 1, 0
2447575, 2, 0
2447584, 3, 1
2447682, 0, 0
2447696, 1, 1
2447700, 2, 1
2447709, 3, 0
2447807, 0, 1
2447821, 1, 0
2447825, 2, bit 1
2447825, 2, 1
2447834, 3, 0
2447932, 0, 1
2447946, 1, 0
2447950, 2, 0
2447959, 3, 1
2448057, 0, 0
2448071, 1, 1
2448075, 2, 1
2448084, 3, bit 0
2448084, 3, 0
2448182, 0, 0
2448196, 1, 1
2448200, 2, 0
2448209, 3, 1
2448307, 0, 1
2448321, 1, 0
2448325, 2, 1
2448334, 3, 1
2448432, 0, 0
2448446, 1, 0
2448450, 2, 0
2448459, 3, 0
2448557, 0, 1
2448571, 1, 1
2448575, 2, 0
2448584, 3, 0
2448683, 0, bit 0
2448683, 0, 1
2448696, 1, bit 1
2448696, 1, 0
2448700, 2, 1
2448709, 3, 1
2448808, 0, 0
2448821, 1, 1
2448825, 2, 1
2448834, 3, 0
2448933, 0, 0
2448946, 1, 0
2448950, 2, 0
2448959, 3, 1
2449058, 0, 1
2449071, 1, 1
2449075, 2, 1
2449084, 3, 1
2449183, 0, 1
2449196, 1, 0
2449200, 2, 0
2449209, 3, 0
2449308, 0, 0
2449321, 1, 1
2449325, 2, 1
2449334, 3, 1
2449433, 0, 0
2449446, 1, 0
2449451, 2, 0
2449459, 3, 0
2449558, 0, 1
2449571, 1, 1
2449576, 2, bit 0
2449576, 2, 0
2449584, 3, 0
2449683, 0, 1
2449696, 1, 1
2449701, 2, 1
2449709, 3, 1
2449808, 0, 0
2449821, 1, 0
2449826, 2, 0
2449835, 3, bit 0
2449835, 3, 0
2449933, 0, 0
2449946, 1, 0
2449951, 2, 1
2449960, 3, 1
2450058, 0, 1
2450071, 1, 1
2450076, 2, 0
2450085, 3, 1
2450183, 0, 0
2450196, 1, 1
2450201, 2, 1
2450210, 3, 0
2450308, 0, 1
2450321, 1, 0
2450326, 2, 1
2450335, 3, 0
2450433, 0, bit 0
2450433, 0, 1
2450446, 1, bit 0
2450446, 1, 1
2450451, 2, 0
2450460, 3, 1
2450558, 0, 0
2450571, 1, 0
2450576, 2, 0
2450585, 3, 0
2450683, 0, 0
2450696, 1, 1
2450701, 2, 1
2450710, 3, 1
2450808, 0, 1
2450821, 1, 0
2450826, 2, 0
2450835, 3, 1
2450933, 0, 1
2450946, 1, 1
2450951, 2, 1
2450960, 3, 0
2451058, 0, 0
2451072, 1, 0
2451076, 2, 0
2451085, 3, 1
2451183, 0, 0
2451197, 1, 1
2451201, 2, 1
2451210, 3, 0
2451308, 0, 1
2451322, 1, 0
2451326, 2, bit 1
2451326, 2, 1
2451335, 3, 0
2451433, 0, 1
2451447, 1, 0
2451451, 2, 0
2451460, 3, 1
2451558, 0, 0
2451572, 1, 1
2451576, 2, 1
2451585, 3, bit 0
2451585, 3, 0
2451683, 0, 0
2451697, 1, 1
2451701, 2, 0
2451710, 3, 1
2451808, 0, 1
2451822, 1, 0
2451826, 2, 1
2451835, 3, 1
2451933, 0, 0
2451947, 1, 0
2451951, 2, 0
2451960, 3, 0
2452058, 0, 1
2452072, 1, 1
2452076, 2, 0
2452085, 3, 0
2452183, 0, bit 0
2452183, 0, 1
2452197, 1, bit 0
2452197, 1, 1
2452201, 2, 1
2452210, 3, 1
2452308, 0, 0
2452322, 1, 0
2452326, 2, 1
2452335, 3, 0
2452433, 0, 0
2452447, 1, 1
2452451, 2, 0
2452460, 3, 1
2452558, 0, 1
2452572, 1, 0
2452576, 2, 1
2452585, 3, 1
2452683, 0, 1
2452697, 1, 1
2452701, 2, 0
2452710, 3, 0
2452808, 0, 0
2452822, 1, 0
2452826, 2, 1
2452835, 3, 1
2452933, 0, 0
2452947, 1, 1
2452951, 2, 0
2452960, 3, 0
2453058, 0, 1
2453072, 1, 0
2453076, 2, bit 1
2453076, 2, 1
2453085, 3, 0
2453183, 0, 1
2453197, 1, 0
2453201, 2, 0
2453210, 3, 1
2453308, 0, 0
2453322, 1, 1
2453326, 2, 1
2453335, 3, bit 1
2453335, 3, 1
2453433, 0, 0
2453447, 1, 1
2453451, 2, 0
2453460, 3, 0
2453558, 0, 1
2453572, 1, 0
2453576, 2, 1
2453585, 3, 0
2453683, 0, 0
2453697, 1, 0
2453701, 2, 0
2453710, 3, 1
2453808, 0, 1
2453822, 1, 1
2453826, 2, 0
2453835, 3, 1
2453933, 0, bit 0
2453933, 0, 1
2453947, 1, bit 0
2453947, 1, 1
2453951, 2, 1
2453960, 3, 0
2454059, 0, 0
2454072, 1, 0
2454076, 2, 1
2454085, 3, 1
2454184, 0, 0
2454197, 1, 1
2454201, 2, 0
2454210, 3, 0
2454309, 0, 1
2454322, 1, 0
2454326, 2, 1
2454335, 3, 0
2454434, 0, 1
2454447, 1, 1
2454451, 2, 0
2454460, 3, 1
2454559, 0, 0
2454572, 1, 0
2454576, 2, 1
2454585, 3, 0
2454684, 0, 0
2454697, 1, 1
2454701, 2, 0
2454710, 3, 1
2454809, 0, 1
2454822, 1, 0
2454827, 2, bit 0
2454827, 2, 0
2454835, 3, 1
2454934, 0, 1
2454947, 1, 0
2454952, 2, 1
2454960, 3, 0
2455059, 0, 0
2455072, 1, 1
2455077, 2, 0
2455085, 3, bit 0
2455088, 3, 0
2455184, 0, 0
2455197, 1, 1
2455202, 2, 1
2455211, 3, 1
2455309, 0, 1
2455322, 1, 0
2455327, 2, 0
2455336, 3, 1
2455434, 0, 0
2455447, 1, 0
2455452, 2, 1
2455461, 3, 0
2455559, 0, 1
2455572, 1, 1
2455577, 2, 1
2455586, 3, 0
2455684, 0, bit 1
2455684, 0, 0
2455697, 1, bit 0
2455697, 1, 1
2455702, 2, 0
2455711, 3, 1
2455809, 0, 1
2455822, 1, 0
2455827, 2, 0
2455836, 3, 0
2455934, 0, 1
2455947, 1, 1
2455952, 2, 1
2455961, 3, 1
2456059, 0, 0
2456072, 1, 0
2456077, 2, 0
2456086, 3, 1
2456184, 0, 0
2456197, 1, 1
2456202, 2, 1
2456211, 3, 0
2456309, 0, 1
2456322, 1, 0
2456327, 2, 0
2456336, 3, 1
2456434, 0, 1
2456448, 1, 1
2456452, 2, 1
2456461, 3, 0
2456559, 0, 0
2456573, 1, 0
2456577, 2, bit 0
2456577, 2, 0
2456586, 3, 0
2456684, 0, 0
2456698, 1, 0
2456702, 2, 1
2456711, 3, 1
2456809, 0, 1
2456823, 1, 1
2456827, 2, 0
2456836, 3, bit 1
2456836, 3, 1
2456934, 0, 1
2456948, 1, 1
2456952, 2, 1
2456961, 3, 0
2457059, 0, 0
2457073, 1, 0
2457077, 2, 0
2457086, 3, 0
2457184, 0, 1
2457198, 1, 0
2457202, 2, 1
2457211, 3, 1
2457309, 0, 0
2457323, 1, 1
2457327, 2, 1
2457336, 3, 1
2457434, 0, bit 0
2457434, 0, 1
2457448, 1, bit 0
2457448, 1, 1
2457452, 2, 0
2457461, 3, 0
2457559, 0, 0
2457573, 1, 0
2457577, 2, 0
2457586, 3, 1
2457684, 0, 0
2457698, 1, 1
2457702, 2, 1
2457711, 3, 0
2457809, 0, 1
2457823, 1, 0
2457827, 2, 0
2457836, 3, 0
2457934, 0, 1
2457948, 1, 1
2457952, 2, 1
2457961, 3, 1
2458059, 0, 0
2458073, 1, 0
2458077, 2, 0
2458086, 3, 0
2458184, 0, 0
2458198, 1, 1
2458202, 2, 1
2458211, 3, 1
2458309, 0, 1
2458323, 1, 0
2458327, 2, bit 1
2458327, 2, 1
2458336, 3, 1
2458434, 0, 1
2458448, 1, 0
2458452, 2, 0
2458461, 3, 0
2458559, 0, 0
2458573, 1, 1
2458577, 2, 1
2458586, 3, bit 1
2458586, 3, 1
2458684, 0, 0
2458698, 1, 1
2458702, 2, 0
2458711, 3, 0
2458809, 0, 1
2458823, 1, 0
2458827, 2, 1
2458836, 3, 0
2458934, 0, 0
2458948, 1, 0
2458952, 2, 0
2458961, 3, 1
2459059, 0, 1
2459073, 1, 1
2459077, 2, 0
2459086, 3, 1
2459184, 0, bit 0
2459184, 0, 1
2459198, 1, bit 1
2459198, 1, 0
2459202, 2, 1
2459211, 3, 0
2459309, 0, 0
2459323, 1, 1
2459327, 2, 1
2459336, 3, 1
2459435, 0, 0
2459448, 1, 0
2459452, 2, 0
2459461, 3, 0
2459560, 0, 1
2459573, 1, 1
2459577, 2, 1
2459586, 3, 0
2459685, 0, 1
2459698, 1, 0
2459702, 2, 0
2459711, 3, 1
2459810, 0, 0
2459823, 1, 1
2459827, 2, 1
2459836, 3, 0
2459935, 0, 0
2459948, 1, 0
2459952, 2, 0
2459961, 3, 1
2460060, 0, 1
2460073, 1, 1
2460077, 2, bit 0
2460077, 2, 0
2460086, 3, 1
2460185, 0, 1
2460198, 1, 1
2460203, 2, 1
2460211, 3, 0
2460310, 0, 0
2460323, 1, 0
2460328, 2, 0
2460336, 3, bit 1
2460336, 3, 1
2460435, 0, 0
2460448, 1, 0
2460453, 2, 1
2460461, 3, 0
2460560, 0, 1
2460573, 1, 1
2460578, 2, 0
2460587, 3, 0
2460685, 0, 0
2460698, 1, 1
2460703, 2, 1
2460712, 3, 1
2460810, 0, 1
2460823, 1, 0
2460828, 2, 1
2460837, 3, 1
2460935, 0, bit 1
2460935, 0, 0
2460948, 1, bit 1
2460948, 1, 0
2460953, 2, 0
2460962, 3, 0
2461060, 0, 1
2461073, 1, 1
2461078, 2, 0
2461087, 3, 1
2461185, 0, 1
2461198, 1, 0
2461203, 2, 1
2461212, 3, 0
2461310, 0, 0
2461323, 1, 1
2461328, 2, 0
2461337, 3, 0
2461435, 0, 0
2461448, 1, 0
2461453, 2, 1
2461462, 3, 1
2461560, 0, 1
2461573, 1, 1
2461578, 2, 0
2461587, 3, 0
2461685, 0, 1
2461698, 1, 0
2461703, 2, 1
2461712, 3, 1
2461810, 0, 0
2461824, 1, 1
2461828, 2, bit 1
2461828, 2, 1
2461837, 3, 1
2461935, 0, 0
2461949, 1, 1
2461953, 2, 0
2461962, 3, 0
2462060, 0, 1
2462074, 1, 0
2462078, 2, 1
2462087, 3, bit 0
2462087, 3, 0
2462185, 0, 1
2462199, 1, 0
2462203, 2, 0
2462212, 3, 1
2462310, 0, 0
2462324, 1, 1
2462328, 2, 1
2462337, 3, 1
2462435, 0, 1
2462449, 1, 1
2462453, 2, 0
2462462, 3, 0
2462560, 0, 0
2462574, 1, 0
2462578, 2, 0
2462587, 3, 0
2462685, 0, bit 0
2462685, 0, 1
2462699, 1, bit 0
2462699, 1, 1
2462703, 2, 1
2462712, 3, 1
2462810, 0, 0
2462824, 1, 0
2462828, 2, 1
2462837, 3, 0
2462935, 0, 0
2462949, 1, 1
2462953, 2, 0
2462962, 3, 1
2463060, 0, 1
2463074, 1, 0
2463078, 2, 1
2463087, 3, 1
2463185, 0, 1
2463199, 1, 1
2463203, 2, 0
2463212, 3, 0
2463310, 0, 0
2463324, 1, 0
2463328, 2, 1
2463337, 3, 1
2463435, 0, 0
2463449, 1, 1
2463453, 2, 0
2463462, 3, 0
2463560, 0, 1
2463574, 1, 0
2463578, 2, bit 1
2463578, 2, 1
2463587, 3, 0
2463685, 0, 1
2463699, 1, 0
2463703, 2, 0
2463712, 3, 1
2463810, 0, 0
2463824, 1, 1
2463828, 2, 1
2463837, 3, bit 1
2463837, 3, 1
2463935, 0, 0
2463949, 1, 1
2463953, 2, 0
2463962, 3, 0
2464060, 0, 1
2464074, 1, 0
2464078, 2, 1
2464087, 3, 0
2464185, 0, 0
2464199, 1, 0
2464203, 2, 0
2464212, 3, 1
2464310, 0, 1
2464324, 1, 1
2464328, 2, 0
2464337, 3, 1
2464435, 0, bit 0
2464435, 0, 1
2464449, 1, bit 1
2464449, 1, 0
2464453, 2, 1
2464462, 3, 0
2464560, 0, 0
2464574, 1, 1
2464578, 2, 1
2464587, 3, 1
2464685, 0, 0
2464699, 1, 0
2464703, 2, 0
2464712, 3, 0
2464811, 0, 1
2464824, 1, 1
2464828, 2, 1
2464837, 3, 0
2464936, 0, 1
2464949, 1, 0
2464953, 2, 0
2464962, 3, 1
2465061, 0, 0
2465074, 1, 1
2465078, 2, 1
2465087, 3, 0
2465186, 0, 0
2465199, 1, 0
2465203, 2, 0
2465212, 3, 1
2465311, 0, 1
2465324, 1, 1
2465328, 2, bit 0
2465328, 2, 0
2465337, 3, 1
2465436, 0, 1
2465449, 1, 1
2465453, 2, 1
2465462, 3, 0
2465561, 0, 0
2465574, 1, 0
2465579, 2, 0
2465587, 3, bit 0
2465587, 3, 0
2465686, 0, 0
2465699, 1, 0
2465704, 2, 1
2465712, 3, 1
2465811, 0, 1
2465824, 1, 1
2465829, 2, 0
2465837, 3, 1
2465936, 0, 0
2465949, 1, 1
2465954, 2, 1
2465963, 3, 0
2466061, 0, 1
2466074, 1, 0
2466079, 2, 1
2466088, 3, 0
2466186, 0, bit 0
2466186, 0, 1
2466199, 1, bit 0
2466199, 1, 1
2466204, 2, 0
2466213, 3, 1
2466311, 0, 0
2466324, 1, 0
2466329, 2, 0
2466338, 3, 0
2466436, 0, 0
2466449, 1, 1
2466454, 2, 1
2466463, 3, 1
2466561, 0, 1
2466574, 1, 0
2466579, 2, 0
2466588, 3, 1
2466686, 0, 1
2466699, 1, 1
2466704, 2, 1
2466713, 3, 0
2466811, 0, 0
2466824, 1, 0
2466829, 2, 0
2466838, 3, 1
2466936, 0, 0
2466949, 1, 1
2466954, 2, 1
2466963, 3, 0
2467061, 0, 1
2467074, 1, 0
2467079, 2, bit 0
2467079, 2, 0
2467088, 3, 0
2467186, 0, 1
2467200, 1, 0
2467204, 2, 1
2467213, 3, 1
2467311, 0, 0
2467325, 1, 1
2467329, 2, 0
2467338, 3, bit 1
2467338, 3, 1
2467436, 0, 0
2467450, 1, 1
2467454, 2, 1
2467463, 3, 0
2467561, 0, 1
2467575, 1, 0
2467579, 2, 0
2467588, 3, 0
2467686, 0, 0
2467700, 1, 0
2467704, 2, 1
2467713, 3, 1
2467811, 0, 1
2467825, 1, 1
2467829, 2, 1
2467838, 3, 1
2467936, 0, bit 1
2467936, 0, 0
2467950, 1, bit 1
2467950, 1, 0
2467954, 2, 0
2467963, 3, 0
2468061, 0, 1
2468075, 1, 1
2468079, 2, 0
2468088, 3, 1
2468186, 0, 1
2468200, 1, 0
2468204, 2, 1
2468213, 3, 0
2468311, 0, 0
2468325, 1, 1
2468329, 2, 0
2468338, 3, 0
2468436, 0, 0
2468450, 1, 0
2468454, 2, 1
2468463, 3, 1
2468561, 0, 1
2468575, 1, 1
2468579, 2, 0
2468588, 3, 0
2468686, 0, 1
2468700, 1, 0
2468704, 2, 1
2468713, 3, 1
2468811, 0, 0
2468825, 1, 1
2468829, 2, bit 0
2468832, 2, 0
2468838, 3, 1
2468936, 0, 0
2468950, 1, 1
2468954, 2, 1
2468963, 3, 0
2469061, 0, 1
2469075, 1, 0
2469079, 2, 0
2469088, 3, bit 1
2469088, 3, 1
2469186, 0, 1
2469200, 1, 0
2469204, 2, 1
2469213, 3, 0
2469311, 0, 0
2469325, 1, 1
2469329, 2, 0
2469338, 3, 0
2469436, 0, 1
2469450, 1, 1
2469454, 2, 1
2469463, 3, 1
2469561, 0, 0
2469575, 1, 0
2469579, 2, 1
2469588, 3, 1
2469686, 0, bit 1
2469686, 0, 0
2469700, 1, bit 1
2469700, 1, 0
2469704, 2, 0
2469713, 3, 0
2469811, 0, 1
2469825, 1, 1
2469829, 2, 0
2469838, 3, 1
2469936, 0, 1
2469950, 1, 0
2469954, 2, 1
2469963, 3, 0
2470061, 0, 0
2470075, 1, 1
2470079, 2, 0
2470088, 3, 0
2470187, 0, 0
2470200, 1, 0
2470204, 2, 1
2470213, 3, 1
2470312, 0, 1
2470325, 1, 1
2470329, 2, 0
2470338, 3, 0
2470437, 0, 1
2470450, 1, 0
2470454, 2, 1
2470463, 3, 1
2470562, 0, 0
2470575, 1, 1
2470579, 2, bit 1
2470579, 2, 1
2470588, 3, 1
2470687, 0, 0
2470700, 1, 1
2470704, 2, 0
2470713, 3, 0
2470812, 0, 1
2470825, 1, 0
2470829, 2, 1
2470838, 3, bit 1
2470838, 3, 1
2470937, 0, 1
2470950, 1, 0
2470955, 2, 0
2470963, 3, 0
2471062, 0, 0
2471075, 1, 1
2471080, 2, 1
2471088, 3, 0
2471187, 0, 1
2471200, 1, 1
2471205, 2, 0
2471213, 3, 1
2471312, 0, 0
2471325, 1, 0
2471330, 2, 0
2471339, 3, 1
2471437, 0, bit 1
2471437, 0, 0
2471450, 1, bit 0
2471450, 1, 1
2471455, 2, 1
2471464, 3, 0
2471562, 0, 1
2471575, 1, 0
2471580, 2, 1
2471589, 3, 1
2471687, 0, 1
2471700, 1, 1
2471705, 2, 0
2471714, 3, 0
2471812, 0, 0
2471825, 1, 0
2471830, 2, 1
2471839, 3, 0
2471937, 0, 0
2471950, 1, 1
2471955, 2, 0
2471964, 3, 1
2472062, 0, 1
2472075, 1, 0
2472080, 2, 1
2472089, 3, 0
2472187, 0, 1
2472200, 1, 1
2472205, 2, 0
2472214, 3, 1
2472312, 0, 0
2472325, 1, 0
2472330, 2, bit 0
2472330, 2, 0
2472339, 3, 1
2472437, 0, 0
2472450, 1, 0
2472455, 2, 1
2472464, 3, 0
2472562, 0, 1
2472576, 1, 1
2472580, 2, 0
2472589, 3, bit 1
2472589, 3, 1
2472687, 0, 1
2472701, 1, 1
2472705, 2, 1
2472714, 3, 0
2472812, 0, 0
2472826, 1, 0
2472830, 2, 0
2472839, 3, 0
2472937, 0, 1
2472951, 1, 0
2472955, 2, 1
2472964, 3, 1
2473062, 0, 0
2473076, 1, 1
2473080, 2, 1
2473089, 3, 1
2473187, 0, bit 1
2473187, 0, 0
2473201, 1, bit 0
2473201, 1, 1
2473205, 2, 0
2473214, 3, 0
2473312, 0, 1
2473326, 1, 0
2473330, 2, 0
2473339, 3, 1
2473437, 0, 1
2473451, 1, 1
2473455, 2, 1
2473464, 3, 0
2473562, 0, 0
2473576, 1, 0
2473580, 2, 0
2473589, 3, 0
2473687, 0, 0
2473701, 1, 1
2473705, 2, 1
2473714, 3, 1
2473812, 0, 1
2473826, 1, 0
2473830, 2, 0
2473839, 3, 0
2473937, 0, 1
2473951, 1, 1
2473955, 2, 1
2473964, 3, 1
2474062, 0, 0
2474076, 1, 0
2474080, 2, bit 1
2474080, 2, 1
2474089, 3, 1
2474187, 0, 0
2474201, 1, 0
2474205, 2, 0
2474214, 3, 0
2474312, 0, 1
2474326, 1, 1
2474330, 2, 1
2474339, 3, bit 1
2474339, 3, 1
2474437, 0, 1
2474451, 1, 1
2474455, 2, 0
2474464, 3, 0
2474562, 0, 0
2474576, 1, 0
2474580, 2, 1
2474589, 3, 0
2474687, 0, 1
2474701, 1, 0
2474705, 2, 0
2474714, 3, 1
2474812, 0, 0
2474826, 1, 1
2474830, 2, 0
2474839, 3, 1
2474937, 0, bit 0
2474937, 0, 1
2474951, 1, bit 1
2474951, 1, 0
2474955, 2, 1
2474964, 3, 0
2475062, 0, 0
2475076, 1, 1
2475080, 2, 1
2475089, 3, 1
2475187, 0, 0
2475201, 1, 0
2475205, 2, 0
2475214, 3, 0
2475312, 0, 1
2475326, 1, 1
2475330, 2, 1
2475339, 3, 0
2475437, 0, 1
2475451, 1, 0
2475455, 2, 0
2475464, 3, 1
2475563, 0, 0
2475576, 1, 1
2475580, 2, 1
2475589, 3, 0
2475688, 0, 0
2475701, 1, 0
2475705, 2, 0
2475714, 3, 1
2475813, 0, 1
2475826, 1, 1
2475830, 2, bit 0
2475830, 2, 0
2475839, 3, 1
2475938, 0, 1
2475951, 1, 1
2475955, 2, 1
2475964, 3, 0
2476063, 0, 0
2476076, 1, 0
2476080, 2, 0
2476089, 3, bit 0
2476089, 3, 0
2476188, 0, 0
2476201, 1, 0
2476205, 2, 1
2476214, 3, 1
2476313, 0, 1
2476326, 1, 1
2476331, 2, 0
2476339, 3, 1
2476438, 0, 0
2476451, 1, 1
2476456, 2, 1
2476464, 3, 0
2476563, 0, 1
2476576, 1, 0
2476581, 2, 1
2476589, 3, 0
2476688, 0, bit 1
2476691, 0, 0
2476701, 1, bit 1
2476701, 1, 0
2476706, 2, 0
2476715, 3, 1
2476813, 0, 1
2476826, 1, 1
2476831, 2, 0
2476840, 3, 0
2476938, 0, 1
2476951, 1, 0
2476956, 2, 1
2476965, 3, 1
2477063, 0, 0
2477076, 1, 1
2477081, 2, 0
2477090, 3, 1
2477188, 0, 0
2477201, 1, 0
2477206, 2, 1
2477215, 3, 0
2477313, 0, 1
2477326, 1, 1
2477331, 2, 0
2477340, 3, 1
2477438, 0, 1
2477451, 1, 0
2477456, 2, 1
2477465, 3, 0
2477563, 0, 0
2477576, 1, 1
2477581, 2, bit 1
2477581, 2, 1
2477590, 3, 0
2477688, 0, 0
2477701, 1, 1
2477706, 2, 0
2477715, 3, 1
2477813, 0, 1
2477826, 1, 0
2477831, 2, 1
2477840, 3, bit 1
2477840, 3, 1
2477938, 0, 1
2477952, 1, 0
2477956, 2, 0
2477965, 3, 0
2478063, 0, 0
2478077, 1, 1
2478081, 2, 1
2478090, 3, 0
2478188, 0, 1
2478202, 1, 1
2478206, 2, 0
2478215, 3, 1
2478313, 0, 0
2478327, 1, 0
2478331, 2, 0
2478340, 3, 1
2478452, 1, bit 0
2478452, 1, 1
2478456, 2, 1
2478465, 3, 0
2478577, 1, 0
2478581, 2, 1
2478590, 3, 1
2478702, 1, 1
2478706, 2, 0
2478715, 3, 0
2478827, 1, 0
2478831, 2, 1
2478840, 3, 0
2478952, 1, 1
2478956, 2, 0
2478965, 3, 1
2479077, 1, 0
2479081, 2, 1
2479090, 3, 0
2479202, 1, 1
2479206, 2, 0
2479215, 3, 1
2479327, 1, 0
2479331, 2, bit 1
2479331, 2, 1
2479340, 3, 1
2479452, 1, 0
2479456, 2, 0
2479465, 3, 0
2479577, 1, 1
2479581, 2, 1
2479590, 3, bit 1
2479590, 3, 1
2479702, 1, 1
2479706, 2, 0
2479715, 3, 0
2479827, 1, 0
2479831, 2, 1
2479840, 3, 0
2479952, 1, 0
2479956, 2, 0
2479965, 3, 1
2480077, 1, 1
2480081, 2, 0
2480090, 3, 1
2480202, 1, bit 0
2480202, 1, 1
2480206, 2, 1
2480215, 3, 0
2480327, 1, 0
2480331, 2, 1
2480340, 3, 1
2480452, 1, 1
2480456, 2, 0
2480465, 3, 0
2480577, 1, 0
2480581, 2, 1
2480590, 3, 0
2480702, 1, 1
2480706, 2, 0
2480715, 3, 1
2480827, 1, 0
2480831, 2, 1
2480840, 3, 0
2480952, 1, 1
2480956, 2, 0
2480965, 3, 1
2481077, 1, 0
2481081, 2, bit 0
2481081, 2, 0
2481090, 3, 1
2481202, 1, 0
2481206, 2, 1
2481215, 3, 0
2481327, 1, 1
2481331, 2, 0
2481340, 3, bit 0
2481340, 3, 0
2481452, 1, 1
2481456, 2, 1
2481465, 3, 1
2481577, 1, 0
2481581, 2, 0
2481590, 3, 1
2481702, 1, 0
2481707, 2, 1
2481715, 3, 0
2481827, 1, 1
2481832, 2, 1
2481840, 3, 0
2481952, 1, bit 0
2481952, 1, 1
2481957, 2, 0
2481965, 3, 1
2482077, 1, 0
2482082, 2, 0
2482091, 3, 0
2482202, 1, 1
2482207, 2, 1
2482216, 3, 1
2482327, 1, 0
2482332, 2, 0
2482341, 3, 1
2482452, 1, 1
2482457, 2, 1
2482466, 3, 0
2482577, 1, 0
2482582, 2, 0
2482591, 3, 1
2482702, 1, 1
2482707, 2, 1
2482716, 3, 0
2482827, 1, 0
2482832, 2, bit 0
2482832, 2, 0
2482841, 3, 0
2482952, 1, 0
2482957, 2, 1
2482966, 3, 1
2483077, 1, 1
2483082, 2, 0
2483091, 3, bit 1
2483091, 3, 1
2483202, 1, 1
2483207, 2, 1
2483216, 3, 0
2483328, 1, 0
2483332, 2, 0
2483341, 3, 0
2483453, 1, 0
2483457, 2, 1
2483466, 3, 1
2483578, 1, 1
2483582, 2, 1
2483591, 3, 1
2483703, 1, bit 0
2483703, 1, 1
2483707, 2, 0
2483716, 3, 0
2483828, 1, 0
2483832, 2, 0
2483841, 3, 1
2483953, 1, 1
2483957, 2, 1
2483966, 3, 0
2484078, 1, 0
2484082, 2, 0
2484091, 3, 0
2484203, 1, 1
2484207, 2, 1
2484216, 3, 1
2484328, 1, 0
2484332, 2, 0
2484341, 3, 0
2484453, 1, 1
2484457, 2, 1
2484466, 3, 1
2484578, 1, 0
2484582, 2, bit 1
2484582, 2, 1
2484591, 3, 1
2484703, 1, 0
2484707, 2, 0
2484716, 3, 0
2484828, 1, 1
2484832, 2, 1
2484841, 3, bit 0
2484841, 3, 0
2484953, 1, 1
2484957, 2, 0
2484966, 3, 1
2485078, 1, 0
2485082, 2, 1
2485091, 3, 1
2485203, 1, 0
2485207, 2, 0
2485216, 3, 0
2485328, 1, 1
2485332, 2, 0
2485341, 3, 0
2485453, 1, bit 0
2485453, 1, 1
2485457, 2, 1
2485466, 3, 1
2485578, 1, 0
2485582, 2, 1
2485591, 3, 0
2485703, 1, 1
2485707, 2, 0
2485716, 3, 1
2485828, 1, 0
2485832, 2, 1
2485841, 3, 1
2485953, 1, 1
2485957, 2, 0
2485966, 3, 0
2486078, 1, 0
2486082, 2, 1
2486091, 3, 1
2486203, 1, 1
2486207, 2, 0
2486216, 3, 0
2486328, 1, 0
2486332, 2, bit 0
2486332, 2, 0
2486341, 3, 0
2486453, 1, 0
2486457, 2, 1
2486466, 3, 1
2486578, 1, 1
2486582, 2, 0
2486591, 3, bit 0
2486591, 3, 0
2486703, 1, 1
2486707, 2, 1
2486716, 3, 1
2486828, 1, 0
2486832, 2, 0
2486841, 3, 1
2486953, 1, 0
2486957, 2, 1
2486966, 3, 0
2487078, 1, 1
2487083, 2, 1
2487091, 3, 0
2487203, 1, bit 1
2487203, 1, 0
2487208, 2, 0
2487216, 3, 1
2487328, 1, 1
2487333, 2, 0
2487341, 3, 0
2487453, 1, 0
2487458, 2, 1
2487467, 3, 1
2487578, 1, 1
2487583, 2, 0
2487592, 3, 1
2487703, 1, 0
2487708, 2, 1
2487717, 3, 0
2487828, 1, 1
2487833, 2, 0
2487842, 3, 1
2487953, 1, 0
2487958, 2, 1
2487967, 3, 0
2488078, 1, 1
2488083, 2, bit 1
2488083, 2, 1
2488092, 3, 0
2488203, 1, 1
2488208, 2, 0
2488217, 3, 1
2488328, 1, 0
2488333, 2, 1
2488342, 3, bit 1
2488342, 3, 1
2488453, 1, 0
2488458, 2, 0
2488467, 3, 0
2488578, 1, 1
2488583, 2, 1
2488592, 3, 0
2488704, 1, 1
2488708, 2, 0
2488717, 3, 1
2488829, 1, 0
2488833, 2, 0
2488842, 3, 1
2488954, 1, bit 0
2488954, 1, 1
2488958, 2, 1
2488967, 3, 0
2489079, 1, 0
2489083, 2, 1
2489092, 3, 1
2489204, 1, 1
2489208, 2, 0
2489217, 3, 0
2489329, 1, 0
2489333, 2, 1
2489342, 3, 0
2489454, 1, 1
2489458, 2, 0
2489467, 3, 1
2489579, 1, 0
2489583, 2, 1
2489592, 3, 0
2489704, 1, 1
2489708, 2, 0
2489717, 3, 1
2489829, 1, 0
2489833, 2, bit 0
2489833, 2, 0
2489842, 3, 1
2489954, 1, 0
2489958, 2, 1
2489967, 3, 0
2490079, 1, 1
2490083, 2, 0
2490092, 3, bit 1
2490092, 3, 1
2490204, 1, 1
2490208, 2, 1
2490217, 3, 0
2490329, 1, 0
2490333, 2, 0
2490342, 3, 0
2490454, 1, 0
2490458, 2, 1
2490467, 3, 1
2490579, 1, 1
2490583, 2, 1
2490592, 3, 1
2490704, 1, bit 0
2490704, 1, 1
2490708, 2, 0
2490717, 3, 0
2490829, 1, 0
2490833, 2, 0
2490842, 3, 1
2490954, 1, 1
2490958, 2, 1
2490967, 3, 0
2491079, 1, 0
2491083, 2, 0
2491092, 3, 0
2491204, 1, 1
2491208, 2, 1
2491217, 3, 1
2491329, 1, 0
2491333, 2, 0
2491342, 3, 0
2491454, 1, 1
2491458, 2, 1
2491467, 3, 1
2491579, 1, 0
2491583, 2, bit 0
2491583, 2, 0
2491592, 3, 1
2491704, 1, 0
2491708, 2, 1
2491717, 3, 0
2491829, 1, 1
2491833, 2, 0
2491842, 3, bit 1
2491842, 3, 1
2491954, 1, 1
2491958, 2, 1
2491967, 3, 0
2492079, 1, 0
2492083, 2, 0
2492092, 3, 0
2492204, 1, 0
2492208, 2, 1
2492217, 3, 1
2492329, 1, 1
2492333, 2, 1
2492342, 3, 1
2492454, 1, bit 1
2492454, 1, 0
2492459, 2, 0
2492467, 3, 0
2492579, 1, 1
2492584, 2, 0
2492592, 3, 1
2492704, 1, 0
2492709, 2, 1
2492717, 3, 0
2492829, 1, 1
2492834, 2, 0
2492843, 3, 0
2492954, 1, 0
2492959, 2, 1
2492968, 3, 1
2493079, 1, 1
2493084, 2, 0
2493093, 3, 0
2493204, 1, 0
2493209, 2, 1
2493218, 3, 1
2493329, 1, 1
2493334, 2, bit 0
2493334, 2, 0
2493343, 3, 1
2493454, 1, 1
2493459, 2, 1
2493468, 3, 0
2493579, 1, 0
2493584, 2, 0
2493593, 3, bit 0
2493593, 3, 0
2493704, 1, 0
2493709, 2, 1
2493718, 3, 1
2493829, 1, 1
2493834, 2, 0
2493843, 3, 1
2493954, 1, 1
2493959, 2, 1
2493968, 3, 0
2494080, 1, 0
2494084, 2, 1
2494093, 3, 0
2494209, 2, 0
2494218, 3, 1
2494334, 2, 0
2494343, 3, 0
2494459, 2, 1
2494468, 3, 1
2494584, 2, 0
2494593, 3, 1
2494709, 2, 1
2494718, 3, 0
2494834, 2, 0
2494843, 3, 1
2494959, 2, 1
2494968, 3, 0
2495084, 2, bit 0
2495084, 2, 0
2495093, 3, 0
2495209, 2, 1
2495218, 3, 1
2495334, 2, 0
2495343, 3, bit 1
2495343, 3, 1
2495459, 2, 1
2495468, 3, 0
2495584, 2, 0
2495593, 3, 0
2495709, 2, 1
2495718, 3, 1
2495834, 2, 1
2495843, 3, 1
2495959, 2, 0
2495968, 3, 0
2496084, 2, 0
2496093, 3, 1
2496209, 2, 1
2496218, 3, 0
2496334, 2, 0
2496343, 3, 0
2496459, 2, 1
2496468, 3, 1
2496584, 2, 0
2496593, 3, 0
2496709, 2, 1
2496718, 3, 1
2496834, 2, bit 1
2496834, 2, 1
2496843, 3, 1
2496959, 2, 0
2496968, 3, 0
2497084, 2, 1
2497093, 3, bit 0
2497093, 3, 0
2497209, 2, 0
2497218, 3, 1
2497334, 2, 1
2497343, 3, 1
2497459, 2, 0
2497468, 3, 0
2497584, 2, 0
2497593, 3, 0
2497709, 2, 1
2497718, 3, 1
2497835, 2, 1
2497843, 3, 0
2497960, 2, 0
2497968, 3, 1
2498085, 2, 1
2498093, 3, 1
2498210, 2, 0
2498219, 3, 0
2498335, 2, 1
2498344, 3, 1
2498460, 2, 0
2498469, 3, 0
2498585, 2, bit 1
2498585, 2, 1
2498594, 3, 0
2498710, 2, 0
2498719, 3, 1
2498835, 2, 1
2498844, 3, bit 1
2498844, 3, 1
2498960, 2, 0
2498969, 3, 0
2499085, 2, 1
2499094, 3, 0
2499210, 2, 0
2499219, 3, 1
2499335, 2, 0
2499344, 3, 1
2499460, 2, 1
2499469, 3, 0
2499585, 2, 1
2499594, 3, 1
2499710, 2, 0
2499719, 3, 0
2499835, 2, 1
2499844, 3, 0
2499960, 2, 0
2499969, 3, 1
2500085, 2, 1
2500094, 3, 0
2500210, 2, 0
2500219, 3, 1
2500335, 2, bit 1
2500335, 2, 1
2500344, 3, 1
2500460, 2, 0
2500469, 3, 0
2500585, 2, 1
2500594, 3, bit 1
2500594, 3, 1
2500710, 2, 0
2500719, 3, 0
2500835, 2, 1
2500844, 3, 0
2500960, 2, 0
2500969, 3, 1
2501085, 2, 0
2501094, 3, 1
2501210, 2, 1
2501219, 3, 0
2501335, 2, 1
2501344, 3, 1
2501460, 2, 0
2501469, 3, 0
2501585, 2, 1
2501594, 3, 0
2501710, 2, 0
2501719, 3, 1
2501835, 2, 1
2501844, 3, 0
2501960, 2, 0
2501969, 3, 1
2502085, 2, bit 0
2502085, 2, 0
2502094, 3, 1
2502210, 2, 1
2502219, 3, 0
2502335, 2, 0
2502344, 3, bit 0
2502344, 3, 0
2502460, 2, 1
2502469, 3, 1
2502585, 2, 0
2502594, 3, 1
2502710, 2, 1
2502719, 3, 0
2502835, 2, 1
2502844, 3, 0
2502960, 2, 0
2502969, 3, 1
2503085, 2, 0
2503094, 3, 0
2503211, 2, 1
2503219, 3, 1
2503336, 2, 0
2503344, 3, 1
2503461, 2, 1
2503469, 3, 0
2503586, 2, 0
2503595, 3, 1
2503711, 2, 1
2503720, 3, 0
2503836, 2, bit 1
2503836, 2, 1
2503845, 3, 0
2503961, 2, 0
2503970, 3, 1
2504086, 2, 1
2504095, 3, bit 1
2504095, 3, 1
2504211, 2, 0
2504220, 3, 0
2504336, 2, 1
2504345, 3, 0
2504461, 2, 0
2504470, 3, 1
2504586, 2, 0
2504595, 3, 1
2504711, 2, 1
2504720, 3, 0
2504836, 2, 1
2504845, 3, 1
2504961, 2, 0
2504970, 3, 0
2505086, 2, 1
2505095, 3, 0
2505211, 2, 0
2505220, 3, 1
2505336, 2, 1
2505345, 3, 0
2505461, 2, 0
2505470, 3, 1
2505586, 2, bit 0
2505586, 2, 0
2505595, 3, 1
2505711, 2, 1
2505720, 3, 0
2505836, 2, 0
2505845, 3, bit 1
2505845, 3, 1
2505961, 2, 1
2505970, 3, 0
2506086, 2, 0
2506095, 3, 0
2506211, 2, 1
2506220, 3, 1
2506336, 2, 1
2506345, 3, 1
2506461, 2, 0
2506470, 3, 0
2506586, 2, 0
2506595, 3, 1
2506711, 2, 1
2506720, 3, 0
2506836, 2, 0
2506845, 3, 0
2506961, 2, 1
2506970, 3, 1
2507086, 2, 0
2507095, 3, 0
2507211, 2, 1
2507220, 3, 1
2507336, 2, bit 0
2507336, 2, 0
2507345, 3, 1
2507461, 2, 1
2507470, 3, 0
2507586, 2, 0
2507595, 3, bit 0
2507595, 3, 0
2507711, 2, 1
2507720, 3, 1
2507836, 2, 0
2507845, 3, 1
2507961, 2, 1
2507970, 3, 0
2508086, 2, 1
2508095, 3, 0
2508211, 2, 0
2508220, 3, 1
2508336, 2, 0
2508345, 3, 0
2508461, 2, 1
2508470, 3, 1
2508587, 2, 0
2508595, 3, 1
2508712, 2, 1
2508720, 3, 0
2508837, 2, 0
2508845, 3, 1
2508962, 2, 1
2508971, 3, 0
2509087, 2, bit 0
2509087, 2, 0
2509096, 3, 0
2509212, 2, 1
2509221, 3, 1
2509337, 2, 0
2509346, 3, bit 1
2509346, 3, 1
2509462, 2, 1
2509471, 3, 0
2509587, 2, 0
2509596, 3, 0
2509712, 2, 1
2509721, 3, 1
2509837, 2, 1
2509846, 3, 1
2509962, 2, 0
2509971, 3, 0
2510087, 2, 0
2510096, 3, 1
2510212, 2, 1
2510221, 3, 0
2510337, 2, 0
2510346, 3, 0
2510462, 2, 1
2510471, 3, 1
2510587, 2, 0
2510596, 3, 0
2510712, 2, 1
2510721, 3, 1
2510846, 3, 1
2510971, 3, 0
2511096, 3, bit 0
2511096, 3, 0
2511221, 3, 1
2511346, 3, 1
2511471, 3, 0
2511596, 3, 0
2511721, 3, 1
2511846, 3, 0
2511971, 3, 1
2512096, 3, 1
2512221, 3, 0
2512346, 3, 1
2512471, 3, 0
2512596, 3, 0
2512721, 3, 1
2512846, 3, bit 0
2512846, 3, 0
2512971, 3, 1
2513096, 3, 1
2513221, 3, 0
2513346, 3, 0
2513471, 3, 1
2513596, 3, 0
2513721, 3, 1
2513846, 3, 1
2513971, 3, 0
2514096, 3, 1
2514221, 3, 0
2514347, 3, 0
2514472, 3, 1
2514597, 3, bit 1
2514597, 3, 1
2514722, 3, 0
2514847, 3, 0
2514972, 3, 1
2515097, 3, 1
2515222, 3, 0
2515347, 3, 1
2515472, 3, 0
2515597, 3, 0
2515722, 3, 1
2515847, 3, 0
2515972, 3, 1
2516097, 3, 1
2516222, 3, 0
2516347, 3, bit 0
2516347, 3, 0
2516472, 3, 1
2516597, 3, 1
2516722, 3, 0
2516847, 3, 0
2516972, 3, 1
2517097, 3, 0
2517222, 3, 1
2517347, 3, 1
2517472, 3, 0
2517597, 3, 1
2517722, 3, 0
2517847, 3, 0
2517972, 3, 1
2518097, 3, bit 0
2518097, 3, 0
2518222, 3, 1
2518347, 3, 1
2518472, 3, 0
2518597, 3, 0
2518722, 3, 1
2518847, 3, 0
2518972, 3, 1
2519097, 3, 1
2519222, 3, 0
2519347, 3, 1
2519472, 3, 0
2519597, 3, 0
2519723, 3, 1
2519848, 3, bit 1
2519848, 3, 1
2519973, 3, 0
2520098, 3, 0
2520223, 3, 1
2520348, 3, 1
2520473, 3, 0
2520598, 3, 1
2520723, 3, 0
2520848, 3, 0
2520973, 3, 1
2521098, 3, 0
2521223, 3, 1
2521348, 3, 1
2521473, 3, 0
2521598, 3, bit 1
2521598, 3, 1
2521723, 3, 0
2521848, 3, 0
2521973, 3, 1
2522098, 3, 1
2522223, 3, 0
2522348, 3, 1
2522473, 3, 0
2522598, 3, 0
2522723, 3, 1
2522848, 3, 0
2522973, 3, 1
2523098, 3, 1
2523223, 3, 0
2523348, 3, bit 1
2523348, 3, 1
2523473, 3, 0
2523598, 3, 0
2523723, 3, 1
2523848, 3, 1
2523973, 3, 0
2524098, 3, 1
2524223, 3, 0
2524348, 3, 0
2524473, 3, 1
2524598, 3, 0
2524723, 3, 1
2524848, 3, 1
2524973, 3, 0
2525099, 3, bit 1
2525099, 3, 1
2525224, 3, 0
2525349, 3, 0
2525474, 3, 1
2525599, 3, 1
2525724, 3, 0
2525849, 3, 1
2525974, 3, 0
2526099, 3, 0
2526224, 3, 1
2526349, 3, 0
2526474, 3, 1
2526599, 3, 1
2526724, 3, 0
