125 100 4 7 8
(2, 20, 13, 10.00), (code 1)
(3, 146, 5, 10.00), (code 6)
(4, 272, 12, 10.00), (code 2)
(5, 398, 10, 10.00), (code 3)
START
290771, 0, prem 1
290771, 0, 1
290896, 0, 1
291021, 0, 1
291146, 0, 1
291271, 0, 1
291396, 0, 1
291521, 0, 1
291646, 0, 1
291771, 0, 0
291896, 0, 0
292021, 0, 0
292146, 0, 0
292271, 0, 0
292396, 0, 0
292521, 0, 0
292646, 0, 0
292771, 0, prem 1
292771, 0, 1
292896, 0, 1
293021, 0, 1
293146, 0, 1
293271, 0, 1
293396, 0, 1
293521, 0, 1
293646, 0, 1
293771, 0, 0
293896, 0, 0
294021, 0, 0
294146, 0, 0
294272, 0, 0
294397, 0, 0
294522, 0, 0
294647, 0, 0
294772, 0, prem 0
294772, 0, 0
294897, 0, 0
295022, 0, 0
295147, 0, 0
295272, 0, 0
295397, 0, 0
295522, 0, 0
295647, 0, 0
295772, 0, 1
295897, 0, 1
296022, 0, 1
296147, 0, 1
296272, 0, 1
296397, 0, 1
296522, 0, 1
296647, 0, 1
296772, 0, prem 0
296772, 0, 0
296897, 0, 0
297022, 0, 0
297147, 0, 0
297272, 0, 0
297397, 0, 0
297522, 0, 0
297647, 0, 0
297772, 0, 1
297897, 0, 1
298022, 0, 1
298147, 0, 1
298272, 0, 1
298397, 0, 1
298522, 0, 1
298647, 0, 1
298772, 0, prem 0
298772, 0, 0
298897, 0, 0
299022, 0, 0
299147, 0, 0
299272, 0, 0
299397, 0, 0
299522, 0, 0
299648, 0, 0
299773, 0, 1
299898, 0, 1
300023, 0, 1
300148, 0, 1
300273, 0, 1
300398, 0, 1
300523, 0, 1
300648, 0, 1
300773, 0, prem 0
300773, 0, 0
300898, 0, 0
301023, 0, 0
301148, 0, 0
301273, 0, 0
301398, 0, 0
301523, 0, 0
301648, 0, 0
301773, 0, 1
301898, 0, 1
302023, 0, 1
302148, 0, 1
302273, 0, 1
302398, 0, 1
302523, 0, 1
302648, 0, 1
302773, 0, prem 0
302773, 0, 0
302898, 0, 0
303023, 0, 0
303148, 0, 0
303273, 0, 0
303398, 0, 0
303523, 0, 0
303648, 0, 0
303773, 0, 1
303898, 0, 1
304023, 0, 1
304148, 0, 1
304273, 0, 1
304398, 0, 1
304523, 0, 1
304648, 0, 1
304773, 0, bit 1
304773, 0, 1
304898, 0, 0
305024, 0, 1
305149, 0, 0
305274, 0, 0
305399, 0, 1
305524, 0, 0
305528, 1, prem 0
305528, 1, 0
305649, 0, 1
305653, 1, 0
305774, 0, 0
305778, 1, 0
305899, 0, 1
305903, 1, 0
306024, 0, 0
306028, 1, 0
306149, 0, 1
306153, 1, 0
306274, 0, 0
306278, 1, 0
306399, 0, 1
306403, 1, 0
306524, 0, bit 1
306524, 0, 1
306528, 1, 1
306649, 0, 0
306653, 1, 1
306774, 0, 1
306778, 1, 1
306899, 0, 0
306903, 1, 1
307024, 0, 0
307028, 1, 1
307149, 0, 1
307153, 1, 1
307274, 0, 0
307278, 1, 1
307399, 0, 1
307403, 1, 1
307524, 0, 0
307528, 1, prem 0
307528, 1, 0
307649, 0, 1
307653, 1, 0
307774, 0, 0
307778, 1, 0
307899, 0, 1
307903, 1, 0
308024, 0, 0
308028, 1, 0
308149, 0, 1
308153, 1, 0
308274, 0, bit 1
308274, 0, 1
308278, 1, 0
308399, 0, 0
308403, 1, 0
308524, 0, 1
308528, 1, 1
308649, 0, 0
308653, 1, 1
308774, 0, 0
308779, 1, 1
308899, 0, 1
308904, 1, 1
309024, 0, 0
309029, 1, 1
309149, 0, 1
309154, 1, 1
309274, 0, 0
309279, 1, 1
309399, 0, 1
309404, 1, 1
309524, 0, 0
309529, 1, prem 1
309529, 1, 1
309649, 0, 1
309654, 1, 1
309774, 0, 0
309779, 1, 1
309899, 0, 1
309904, 1, 1
310024, 0, bit 1
310024, 0, 1
310029, 1, 1
310149, 0, 0
310154, 1, 1
310274, 0, 1
310279, 1, 1
310400, 0, 0
310404, 1, 1
310525, 0, 0
310529, 1, 0
310650, 0, 1
310654, 1, 0
310775, 0, 0
310779, 1, 0
310900, 0, 1
310904, 1, 0
311025, 0, 0
311029, 1, 0
311150, 0, 1
311154, 1, 0
311275, 0, 0
311279, 1, 0
311400, 0, 1
311404, 1, 0
311525, 0, 0
311529, 1, prem 0
311529, 1, 0
311650, 0, 1
311654, 1, 0
311775, 0, bit 1
311775, 0, 1
311779, 1, 0
311900, 0, 0
311904, 1, 0
312025, 0, 1
312029, 1, 0
312150, 0, 0
312154, 1, 0
312275, 0, 0
312279, 1, 0
312400, 0, 1
312404, 1, 0
312525, 0, 0
312529, 1, 1
312650, 0, 1
312654, 1, 1
312775, 0, 0
312779, 1, 1
312900, 0, 1
312904, 1, 1
313025, 0, 0
313029, 1, 1
313150, 0, 1
313154, 1, 1
313275, 0, 0
313279, 1, 1
313400, 0, 1
313404, 1, 1
313525, 0, bit 0
313525, 0, 0
313529, 1, prem 0
313529, 1, 0
313650, 0, 1
313654, 1, 0
313775, 0, 0
313779, 1, 0
313900, 0, 1
313904, 1, 0
314025, 0, 1
314029, 1, 0
314150, 0, 0
314155, 1, 0
314275, 0, 1
314280, 1, 0
314400, 0, 0
314405, 1, 0
314525, 0, 1
314530, 1, 1
314650, 0, 0
314655, 1, 1
314775, 0, 1
314780, 1, 1
314900, 0, 0
314905, 1, 1
315025, 0, 1
315030, 1, 1
315150, 0, 0
315155, 1, 1
315275, 0, bit 0
315275, 0, 0
315280, 1, 1
315400, 0, 1
315405, 1, 1
315525, 0, 0
315530, 1, prem 1
315530, 1, 1
315650, 0, 1
315655, 1, 1
315776, 0, 1
315780, 1, 1
315901, 0, 0
315905, 1, 1
316026, 0, 1
316030, 1, 1
316151, 0, 0
316155, 1, 1
316276, 0, 1
316280, 1, 1
316401, 0, 0
316405, 1, 1
316526, 0, 1
316530, 1, 0
316651, 0, 0
316655, 1, 0
316776, 0, 1
316780, 1, 0
316901, 0, 0
316905, 1, 0
317026, 0, bit 1
317026, 0, 1
317030, 1, 0
317151, 0, 0
317155, 1, 0
317276, 0, 1
317280, 1, 0
317401, 0, 0
317405, 1, 0
317526, 0, 0
317530, 1, prem 0
317530, 1, 0
317651, 0, 1
317655, 1, 0
317776, 0, 0
317780, 1, 0
317901, 0, 1
317905, 1, 0
318026, 0, 0
318030, 1, 0
318151, 0, 1
318155, 1, 0
318276, 0, 0
318280, 1, 0
318401, 0, 1
318405, 1, 0
318526, 0, 0
318530, 1, 1
318651, 0, 1
318655, 1, 1
318776, 0, bit 0
318776, 0, 0
318780, 1, 1
318901, 0, 1
318905, 1, 1
319026, 0, 0
319030, 1, 1
319151, 0, 1
319155, 1, 1
319276, 0, 1
319280, 1, 1
319401, 0, 0
319405, 1, 1
319526, 0, 1
319531, 1, bit 1
319531, 1, 0
319651, 0, 0
319656, 1, 1
319776, 0, 1
319781, 1, 0
319901, 0, 0
319906, 1, 1
320026, 0, 1
320031, 1, 1
320151, 0, 0
320156, 1, 0
320276, 0, 1
320281, 1, 0
320401, 0, 0
320406, 1, 1
320526, 0, bit 1
320526, 0, 1
320531, 1, 0
320651, 0, 0
320656, 1, 1
320776, 0, 1
320781, 1, 1
320901, 0, 0
320906, 1, 0
321026, 0, 0
321031, 1, 0
321152, 0, 1
321156, 1, 1
321277, 0, 0
321281, 1, bit 1
321281, 1, 0
321402, 0, 1
321406, 1, 1
321527, 0, 0
321531, 1, 0
321652, 0, 1
321656, 1, 1
321777, 0, 0
321781, 1, 1
321902, 0, 1
321906, 1, 0
322027, 0, 0
322031, 1, 0
322152, 0, 1
322156, 1, 1
322159, 2, prem 0
322159, 2, 0
322277, 0, bit 1
322277, 0, 1
322281, 1, 0
322284, 2, 0
322402, 0, 0
322406, 1, 1
322409, 2, 0
322527, 0, 1
322531, 1, 1
322534, 2, 0
322652, 0, 0
322656, 1, 0
322659, 2, 0
322777, 0, 0
322781, 1, 0
322784, 2, 0
322902, 0, 1
322906, 1, 1
322909, 2, 0
323027, 0, 0
323031, 1, bit 1
323031, 1, 0
323034, 2, 0
323152, 0, 1
323156, 1, 1
323159, 2, 1
323277, 0, 0
323281, 1, 0
323284, 2, 1
323402, 0, 1
323406, 1, 1
323409, 2, 1
323527, 0, 0
323531, 1, 1
323534, 2, 1
323652, 0, 1
323656, 1, 0
323659, 2, 1
323777, 0, 0
323781, 1, 0
323784, 2, 1
323902, 0, 1
323906, 1, 1
323909, 2, 1
324027, 0, bit 0
324027, 0, 0
324031, 1, 0
324034, 2, 1
324152, 0, 1
324156, 1, 1
324159, 2, prem 1
324159, 2, 1
324277, 0, 0
324281, 1, 1
324284, 2, 1
324402, 0, 1
324406, 1, 0
324409, 2, 1
324527, 0, 1
324531, 1, 0
324534, 2, 1
324652, 0, 0
324656, 1, 1
324659, 2, 1
324777, 0, 1
324781, 1, bit 0
324781, 1, 1
324784, 2, 1
324902, 0, 0
324907, 1, 0
324909, 2, 1
325027, 0, 1
325032, 1, 1
325035, 2, 1
325152, 0, 0
325157, 1, 0
325160, 2, 0
325277, 0, 1
325282, 1, 0
325285, 2, 0
325402, 0, 0
325407, 1, 1
325410, 2, 0
325527, 0, 1
325532, 1, 1
325535, 2, 0
325652, 0, 0
325657, 1, 0
325660, 2, 0
325777, 0, bit 0
325777, 0, 0
325782, 1, 1
325785, 2, 0
325902, 0, 1
325907, 1, 0
325910, 2, 0
326027, 0, 0
326032, 1, 0
326035, 2, 0
326152, 0, 1
326157, 1, 1
326160, 2, prem 0
326160, 2, 0
326277, 0, 1
326282, 1, 1
326285, 2, 0
326402, 0, 0
326407, 1, 0
326410, 2, 0
326528, 0, 1
326532, 1, bit 0
326532, 1, 1
326535, 2, 0
326653, 0, 0
326657, 1, 0
326660, 2, 0
326778, 0, 1
326782, 1, 1
326785, 2, 0
326903, 0, 0
326907, 1, 0
326910, 2, 0
327028, 0, 1
327032, 1, 0
327035, 2, 0
327153, 0, 0
327157, 1, 1
327160, 2, 1
327278, 0, 1
327282, 1, 1
327285, 2, 1
327403, 0, 0
327407, 1, 0
327410, 2, 1
327528, 0, bit 0
327528, 0, 0
327532, 1, 1
327535, 2, 1
327653, 0, 1
327657, 1, 0
327660, 2, 1
327778, 0, 0
327782, 1, 0
327785, 2, 1
327903, 0, 1
327907, 1, 1
327910, 2, 1
328028, 0, 1
328032, 1, 1
328035, 2, 1
328153, 0, 0
328157, 1, 0
328160, 2, prem 1
328160, 2, 1
328278, 0, 1
328282, 1, bit 0
328282, 1, 1
328285, 2, 1
328403, 0, 0
328407, 1, 0
328410, 2, 1
328528, 0, 1
328532, 1, 1
328535, 2, 1
328653, 0, 0
328657, 1, 0
328660, 2, 1
328778, 0, 1
328782, 1, 0
328785, 2, 1
328903, 0, 0
328907, 1, 1
328910, 2, 1
329028, 0, 1
329032, 1, 1
329035, 2, 1
329153, 0, 0
329157, 1, 0
329160, 2, 0
329278, 0, bit 0
329278, 0, 0
329282, 1, 1
329285, 2, 0
329403, 0, 1
329407, 1, 0
329410, 2, 0
329528, 0, 0
329532, 1, 0
329535, 2, 0
329653, 0, 1
329657, 1, 1
329660, 2, 0
329778, 0, 1
329782, 1, 1
329785, 2, 0
329903, 0, 0
329907, 1, 0
329910, 2, 0
330028, 0, 1
330032, 1, bit 0
330032, 1, 1
330035, 2, 0
330153, 0, 0
330157, 1, 0
330160, 2, prem 0
330160, 2, 0
330278, 0, 1
330283, 1, 1
330285, 2, 0
330403, 0, 0
330408, 1, 0
330411, 2, 0
330528, 0, 1
330533, 1, 0
330536, 2, 0
330653, 0, 0
330658, 1, 1
330661, 2, 0
330778, 0, 1
330783, 1, 1
330786, 2, 0
330903, 0, 0
330908, 1, 0
330911, 2, 0
331028, 0, bit 1
331028, 0, 1
331033, 1, 1
331036, 2, 0
331153, 0, 0
331158, 1, 0
331161, 2, 1
331278, 0, 1
331283, 1, 0
331286, 2, 1
331403, 0, 0
331408, 1, 1
331411, 2, 1
331528, 0, 0
331533, 1, 1
331536, 2, 1
331653, 0, 1
331658, 1, 0
331661, 2, 1
331778, 0, 0
331783, 1, bit 0
331783, 1, 1
331786, 2, 1
331904, 0, 1
331908, 1, 0
331911, 2, 1
332029, 0, 0
332033, 1, 1
332036, 2, 1
332154, 0, 1
332158, 1, 0
332161, 2, prem 1
332161, 2, 1
332279, 0, 0
332283, 1, 0
332286, 2, 1
332404, 0, 1
332408, 1, 1
332411, 2, 1
332529, 0, 0
332533, 1, 1
332536, 2, 1
332654, 0, 1
332658, 1, 0
332661, 2, 1
332779, 0, bit 0
332779, 0, 0
332783, 1, 1
332786, 2, 1
332904, 0, 1
332908, 1, 0
332911, 2, 1
333029, 0, 0
333033, 1, 0
333036, 2, 1
333154, 0, 1
333158, 1, 1
333161, 2, 0
333279, 0, 1
333283, 1, 1
333286, 2, 0
333404, 0, 0
333408, 1, 0
333411, 2, 0
333529, 0, 1
333533, 1, bit 1
333533, 1, 0
333536, 2, 0
333654, 0, 0
333658, 1, 1
333661, 2, 0
333779, 0, 1
333783, 1, 0
333786, 2, 0
333904, 0, 0
333908, 1, 1
333911, 2, 0
334029, 0, 1
334033, 1, 1
334036, 2, 0
334154, 0, 0
334158, 1, 0
334161, 2, prem 1
334161, 2, 1
334279, 0, 1
334283, 1, 0
334286, 2, 1
334404, 0, 0
334408, 1, 1
334411, 2, 1
334529, 0, bit 1
334529, 0, 1
334533, 1, 0
334536, 2, 1
334654, 0, 0
334658, 1, 1
334661, 2, 1
334779, 0, 1
334783, 1, 1
334786, 2, 1
334904, 0, 0
334908, 1, 0
334911, 2, 1
335029, 0, 0
335033, 1, 0
335036, 2, 1
335154, 0, 1
335158, 1, 1
335161, 2, 0
335279, 0, 0
335283, 1, bit 0
335283, 1, 1
335286, 2, 0
335404, 0, 1
335408, 1, 0
335411, 2, 0
335529, 0, 0
335533, 1, 1
335536, 2, 0
335654, 0, 1
335659, 1, 0
335661, 2, 0
335779, 0, 0
335784, 1, 0
335787, 2, 0
335904, 0, 1
335909, 1, 1
335912, 2, 0
336029, 0, 0
336034, 1, 1
336037, 2, 0
336154, 0, 1
336159, 1, 0
336162, 2, bit 1
336162, 2, 0
336279, 0, bit 1
336279, 0, 1
336284, 1, 1
336287, 2, 1
336404, 0, 0
336409, 1, 0
336412, 2, 1
336529, 0, 1
336534, 1, 0
336537, 2, 0
336654, 0, 0
336659, 1, 1
336662, 2, 0
336779, 0, 0
336784, 1, 1
336787, 2, 1
336904, 0, 1
336909, 1, 0
336912, 2, 1
337029, 0, 0
337034, 1, bit 1
337034, 1, 0
337037, 2, 0
337154, 0, 1
337159, 1, 1
337162, 2, 0
337280, 0, 0
337284, 1, 0
337287, 2, 1
337405, 0, 1
337409, 1, 1
337412, 2, 1
337530, 0, 0
337534, 1, 1
337537, 2, 0
337655, 0, 1
337659, 1, 0
337662, 2, 1
337664, 3, prem 1
337664, 3, 1
337780, 0, 0
337784, 1, 0
337837, 2, 0
337838, 3, 1
337905, 0, 1
337909, 1, 1
337963, 2, bit 1
337963, 2, 0
337964, 3, 1
338030, 0, bit 0
338030, 0, 0
338034, 1, 0
338088, 2, 1
338089, 3, 1
338155, 0, 1
338159, 1, 1
338213, 2, 1
338214, 3, 1
338280, 0, 0
338284, 1, 1
338338, 2, 0
338339, 3, 1
338405, 0, 1
338409, 1, 0
338463, 2, 0
338464, 3, 1
338530, 0, 1
338534, 1, 0
338588, 2, 1
338589, 3, 1
338655, 0, 0
338659, 1, 1
338713, 2, 1
338714, 3, 0
338780, 0, 1
338784, 1, bit 1
338784, 1, 0
338838, 2, 0
338839, 3, 0
338905, 0, 0
338909, 1, 1
338963, 2, 0
338964, 3, 0
339030, 0, 1
339034, 1, 0
339088, 2, 1
339089, 3, 0
339155, 0, 0
339159, 1, 1
339213, 2, 1
339214, 3, 0
339280, 0, 1
339284, 1, 1
339338, 2, 0
339339, 3, 0
339405, 0, 0
339409, 1, 0
339463, 2, 1
339464, 3, 0
339530, 0, 1
339534, 1, 0
339588, 2, 0
339589, 3, 0
339655, 0, 0
339659, 1, 1
339713, 2, bit 1
339713, 2, 0
339714, 3, prem 1
339714, 3, 1
339780, 0, bit 0
339780, 0, 0
339784, 1, 0
339838, 2, 1
339842, 3, 1
339905, 0, 1
339909, 1, 1
339963, 2, 1
339968, 3, 1
340030, 0, 0
340034, 1, 1
340088, 2, 0
340093, 3, 1
340155, 0, 1
340159, 1, 0
340213, 2, 0
340218, 3, 1
340280, 0, 1
340284, 1, 0
340338, 2, 1
340343, 3, 1
340405, 0, 0
340409, 1, 1
340463, 2, 1
340468, 3, 1
340530, 0, 1
340534, 1, bit 0
340534, 1, 1
340588, 2, 0
340593, 3, 1
340655, 0, 0
340659, 1, 0
340713, 2, 0
340718, 3, 0
340780, 0, 1
340784, 1, 1
340838, 2, 1
340843, 3, 0
340905, 0, 0
340909, 1, 0
340963, 2, 1
340968, 3, 0
341030, 0, 1
341035, 1, 0
341088, 2, 0
341093, 3, 0
341155, 0, 0
341160, 1, 1
341213, 2, 1
341218, 3, 0
341280, 0, 1
341285, 1, 1
341338, 2, 0
341343, 3, 0
341405, 0, 0
341410, 1, 0
341463, 2, bit 1
341463, 2, 0
341468, 3, 0
341530, 0, bit 0
341530, 0, 0
341535, 1, 1
341588, 2, 1
341593, 3, 0
341655, 0, 1
341660, 1, 0
341713, 2, 1
341718, 3, prem 1
341718, 3, 1
341780, 0, 0
341785, 1, 0
341838, 2, 0
341843, 3, 1
341905, 0, 1
341910, 1, 1
341963, 2, 0
341968, 3, 1
342030, 0, 1
342035, 1, 1
342088, 2, 1
342093, 3, 1
342155, 0, 0
342160, 1, 0
342213, 2, 1
342218, 3, 1
342280, 0, 1
342285, 1, bit 0
342285, 1, 1
342338, 2, 0
342343, 3, 1
342405, 0, 0
342410, 1, 0
342463, 2, 0
342468, 3, 1
342530, 0, 1
342535, 1, 1
342588, 2, 1
342593, 3, 1
342656, 0, 0
342660, 1, 0
342713, 2, 1
342718, 3, 0
342781, 0, 1
342785, 1, 0
342838, 2, 0
342843, 3, 0
342906, 0, 0
342910, 1, 1
342963, 2, 1
342968, 3, 0
343031, 0, 1
343035, 1, 1
343088, 2, 0
343093, 3, 0
343156, 0, 0
343160, 1, 0
343213, 2, bit 0
343213, 2, 1
343218, 3, 0
343281, 0, bit 1
343281, 0, 1
343285, 1, 1
343339, 2, 0
343343, 3, 0
343406, 0, 0
343410, 1, 0
343464, 2, 0
343468, 3, 0
343531, 0, 1
343535, 1, 0
343589, 2, 1
343593, 3, 0
343656, 0, 0
343660, 1, 1
343714, 2, 1
343718, 3, prem 0
343718, 3, 0
343781, 0, 0
343785, 1, 1
343839, 2, 0
343843, 3, 0
343906, 0, 1
343910, 1, 0
343964, 2, 0
343968, 3, 0
344031, 0, 0
344035, 1, bit 1
344035, 1, 0
344089, 2, 1
344093, 3, 0
344156, 0, 1
344160, 1, 1
344214, 2, 1
344218, 3, 0
344281, 0, 0
344285, 1, 0
344339, 2, 0
344343, 3, 0
344406, 0, 1
344410, 1, 1
344464, 2, 0
344468, 3, 0
344531, 0, 0
344535, 1, 1
344589, 2, 1
344593, 3, 0
344656, 0, 1
344660, 1, 0
344714, 2, 0
344718, 3, 1
344781, 0, 0
344785, 1, 0
344839, 2, 1
344843, 3, 1
344906, 0, 1
344910, 1, 1
344964, 2, bit 1
344964, 2, 0
344968, 3, 1
345031, 0, bit 0
345031, 0, 0
345035, 1, 0
345089, 2, 1
345093, 3, 1
345156, 0, 1
345160, 1, 1
345214, 2, 1
345218, 3, 1
345281, 0, 0
345285, 1, 1
345339, 2, 0
345344, 3, 1
345406, 0, 1
345410, 1, 0
345464, 2, 0
345469, 3, 1
345531, 0, 1
345535, 1, 0
345589, 2, 1
345594, 3, 1
345656, 0, 0
345660, 1, 1
345714, 2, 1
345719, 3, prem 1
345719, 3, 1
345781, 0, 1
345785, 1, bit 0
345785, 1, 1
345839, 2, 0
345844, 3, 1
345906, 0, 0
345910, 1, 0
345964, 2, 0
345969, 3, 1
346031, 0, 1
346035, 1, 1
346089, 2, 1
346094, 3, 1
346156, 0, 0
346160, 1, 0
346214, 2, 1
346219, 3, 1
346281, 0, 1
346285, 1, 0
346339, 2, 0
346344, 3, 1
346406, 0, 0
346411, 1, 1
346464, 2, 1
346469, 3, 1
346531, 0, 1
346536, 1, 1
346589, 2, 0
346594, 3, 1
346656, 0, 0
346661, 1, 0
346714, 2, bit 0
346714, 2, 1
346719, 3, 0
346781, 0, bit 1
346781, 0, 1
346786, 1, 1
346839, 2, 0
346844, 3, 0
346906, 0, 0
346911, 1, 0
346964, 2, 0
346969, 3, 0
347031, 0, 1
347036, 1, 0
347089, 2, 1
347094, 3, 0
347156, 0, 0
347161, 1, 1
347214, 2, 1
347219, 3, 0
347281, 0, 0
347286, 1, 1
347339, 2, 0
347344, 3, 0
347406, 0, 1
347411, 1, 0
347464, 2, 0
347469, 3, 0
347531, 0, 0
347536, 1, bit 1
347536, 1, 0
347589, 2, 1
347594, 3, 0
347656, 0, 1
347661, 1, 1
347714, 2, 1
347719, 3, prem 1
347719, 3, 1
347781, 0, 0
347786, 1, 0
347839, 2, 0
347844, 3, 1
347906, 0, 1
347911, 1, 1
347964, 2, 0
347969, 3, 1
348032, 0, 0
348036, 1, 1
348089, 2, 1
348094, 3, 1
348157, 0, 1
348161, 1, 0
348214, 2, 0
348219, 3, 1
348282, 0, 0
348286, 1, 0
348339, 2, 1
348344, 3, 1
348407, 0, 1
348411, 1, 1
348464, 2, bit 0
348464, 2, 1
348469, 3, 1
348532, 0, bit 0
348532, 0, 0
348536, 1, 0
348589, 2, 0
348594, 3, 1
348657, 0, 1
348661, 1, 1
348715, 2, 0
348719, 3, 0
348782, 0, 0
348786, 1, 1
348840, 2, 1
348844, 3, 0
348907, 0, 1
348911, 1, 0
348965, 2, 1
348969, 3, 0
349032, 0, 1
349036, 1, 0
349090, 2, 0
349094, 3, 0
349157, 0, 0
349161, 1, 1
349215, 2, 0
349219, 3, 0
349282, 0, 1
349286, 1, bit 1
349286, 1, 0
349340, 2, 1
349344, 3, 0
349407, 0, 0
349411, 1, 1
349465, 2, 1
349469, 3, 0
349532, 0, 1
349536, 1, 0
349590, 2, 0
349594, 3, 0
349657, 0, 0
349661, 1, 1
349715, 2, 0
349719, 3, prem 1
349719, 3, 1
349782, 0, 1
349786, 1, 1
349840, 2, 1
349844, 3, 1
349907, 0, 0
349911, 1, 0
349965, 2, 0
349969, 3, 1
350032, 0, 1
350036, 1, 0
350090, 2, 1
350094, 3, 1
350157, 0, 0
350161, 1, 1
350215, 2, bit 0
350215, 2, 1
350219, 3, 1
350282, 0, bit 1
350282, 0, 1
350286, 1, 0
350340, 2, 0
350344, 3, 1
350407, 0, 0
350411, 1, 1
350465, 2, 0
350469, 3, 1
350532, 0, 1
350536, 1, 1
350590, 2, 1
350594, 3, 1
350657, 0, 0
350661, 1, 0
350715, 2, 1
350720, 3, 0
350782, 0, 0
350786, 1, 0
350840, 2, 0
350845, 3, 0
350907, 0, 1
350911, 1, 1
350965, 2, 0
350970, 3, 0
351032, 0, 0
351036, 1, bit 1
351036, 1, 0
351090, 2, 1
351095, 3, 0
351157, 0, 1
351161, 1, 1
351215, 2, 1
351220, 3, 0
351282, 0, 0
351286, 1, 0
351340, 2, 0
351345, 3, 0
351407, 0, 1
351411, 1, 1
351465, 2, 0
351470, 3, 0
351532, 0, 0
351536, 1, 1
351590, 2, 1
351595, 3, 0
351657, 0, 1
351661, 1, 0
351715, 2, 0
351720, 3, bit 1
351720, 3, 1
351782, 0, 0
351787, 1, 0
351840, 2, 1
351845, 3, 0
351907, 0, 1
351912, 1, 1
351965, 2, bit 1
351965, 2, 0
351970, 3, 1
352032, 0, bit 0
352032, 0, 0
352037, 1, 0
352090, 2, 1
352095, 3, 0
352157, 0, 1
352162, 1, 1
352215, 2, 1
352220, 3, 1
352282, 0, 0
352287, 1, 1
352340, 2, 0
352345, 3, 0
352407, 0, 1
352412, 1, 0
352465, 2, 0
352470, 3, 0
352532, 0, 1
352537, 1, 0
352590, 2, 1
352595, 3, 1
352657, 0, 0
352662, 1, 1
352715, 2, 1
352720, 3, 1
352782, 0, 1
352787, 1, bit 1
352787, 1, 0
352840, 2, 0
352845, 3, 0
352907, 0, 0
352912, 1, 1
352965, 2, 0
352970, 3, 1
353032, 0, 1
353037, 1, 0
353090, 2, 1
353095, 3, 0
353157, 0, 0
353162, 1, 1
353215, 2, 1
353220, 3, 1
353282, 0, 1
353287, 1, 1
353340, 2, 0
353345, 3, 0
353408, 0, 0
353412, 1, 0
353465, 2, 1
353470, 3, bit 1
353470, 3, 1
353533, 0, 1
353537, 1, 0
353590, 2, 0
353595, 3, 0
353658, 0, 0
353662, 1, 1
353715, 2, bit 1
353715, 2, 0
353720, 3, 1
353783, 0, bit 0
353783, 0, 0
353787, 1, 0
353840, 2, 1
353845, 3, 0
353908, 0, 1
353912, 1, 1
353965, 2, 1
353970, 3, 1
354033, 0, 0
354037, 1, 1
354091, 2, 0
354095, 3, 0
354158, 0, 1
354162, 1, 0
354216, 2, 0
354220, 3, 0
354283, 0, 1
354287, 1, 0
354341, 2, 1
354345, 3, 1
354408, 0, 0
354412, 1, 1
354466, 2, 1
354470, 3, 1
354533, 0, 1
354537, 1, bit 0
354537, 1, 1
354591, 2, 0
354595, 3, 0
354658, 0, 0
354662, 1, 0
354716, 2, 0
354720, 3, 1
354783, 0, 1
354787, 1, 1
354841, 2, 1
354845, 3, 0
354908, 0, 0
354912, 1, 0
354966, 2, 1
354970, 3, 1
355033, 0, 1
355037, 1, 0
355091, 2, 0
355095, 3, 0
355158, 0, 0
355162, 1, 1
355216, 2, 1
355220, 3, bit 1
355220, 3, 1
355283, 0, 1
355287, 1, 1
355341, 2, 0
355345, 3, 0
355408, 0, 0
355412, 1, 0
355466, 2, bit 0
355466, 2, 1
355470, 3, 1
355533, 0, bit 1
355533, 0, 1
355537, 1, 1
355591, 2, 0
355595, 3, 0
355658, 0, 0
355662, 1, 0
355716, 2, 0
355720, 3, 1
355783, 0, 1
355787, 1, 0
355841, 2, 1
355845, 3, 0
355908, 0, 0
355912, 1, 1
355966, 2, 1
355970, 3, 0
356033, 0, 0
356037, 1, 1
356091, 2, 0
356096, 3, 1
356158, 0, 1
356162, 1, 0
356216, 2, 0
356221, 3, 1
356283, 0, 0
356287, 1, bit 1
356287, 1, 0
356341, 2, 1
356346, 3, 0
356408, 0, 1
356412, 1, 1
356466, 2, 1
356471, 3, 1
356533, 0, 0
356537, 1, 0
356591, 2, 0
356596, 3, 0
356658, 0, 1
356662, 1, 1
356716, 2, 0
356721, 3, 1
356783, 0, 0
356787, 1, 1
356841, 2, 1
356846, 3, 0
356908, 0, 1
356912, 1, 0
356966, 2, 0
356971, 3, bit 0
356971, 3, 0
357033, 0, 0
357037, 1, 0
357091, 2, 1
357096, 3, 1
357158, 0, 1
357163, 1, 1
357216, 2, bit 0
357216, 2, 1
357221, 3, 0
357283, 0, bit 1
357283, 0, 1
357288, 1, 0
357341, 2, 0
357346, 3, 1
357408, 0, 0
357413, 1, 1
357466, 2, 0
357471, 3, 0
357533, 0, 1
357538, 1, 1
357591, 2, 1
357596, 3, 1
357658, 0, 0
357663, 1, 0
357716, 2, 1
357721, 3, 1
357783, 0, 0
357788, 1, 0
357841, 2, 0
357846, 3, 0
357908, 0, 1
357913, 1, 1
357966, 2, 0
357971, 3, 0
358033, 0, 0
358038, 1, bit 0
358038, 1, 1
358091, 2, 1
358096, 3, 1
358158, 0, 1
358163, 1, 0
358216, 2, 1
358221, 3, 0
358283, 0, 0
358288, 1, 1
358341, 2, 0
358346, 3, 1
358408, 0, 1
358413, 1, 0
358466, 2, 0
358471, 3, 0
358533, 0, 0
358538, 1, 0
358591, 2, 1
358596, 3, 1
358658, 0, 1
358663, 1, 1
358716, 2, 0
358721, 3, bit 0
358721, 3, 0
358784, 0, 0
358788, 1, 1
358841, 2, 1
358846, 3, 1
358909, 0, 1
358913, 1, 0
358966, 2, bit 1
358966, 2, 0
358971, 3, 0
359034, 0, bit 1
359034, 0, 1
359038, 1, 1
359091, 2, 1
359096, 3, 1
359159, 0, 0
359163, 1, 0
359216, 2, 1
359221, 3, 0
359284, 0, 1
359288, 1, 0
359341, 2, 0
359346, 3, 1
359409, 0, 0
359413, 1, 1
359467, 2, 0
359471, 3, 1
359534, 0, 0
359538, 1, 1
359592, 2, 1
359596, 3, 0
359659, 0, 1
359663, 1, 0
359717, 2, 1
359721, 3, 0
359784, 0, 0
359788, 1, bit 1
359791, 1, 0
359842, 2, 0
359846, 3, 1
359909, 0, 1
359913, 1, 1
359967, 2, 0
359971, 3, 0
360034, 0, 0
360038, 1, 0
360092, 2, 1
360096, 3, 1
360159, 0, 1
360163, 1, 1
360217, 2, 1
360221, 3, 0
360284, 0, 0
360288, 1, 1
360342, 2, 0
360346, 3, 1
360409, 0, 1
360413, 1, 0
360467, 2, 1
360471, 3, bit 1
360471, 3, 1
360534, 0, 0
360538, 1, 0
360592, 2, 0
360596, 3, 0
360659, 0, 1
360663, 1, 1
360717, 2, bit 0
360717, 2, 1
360721, 3, 1
360784, 0, bit 1
360784, 0, 1
360788, 1, 0
360842, 2, 0
360846, 3, 0
360909, 0, 0
360913, 1, 1
360967, 2, 0
360971, 3, 1
361034, 0, 1
361038, 1, 1
361092, 2, 1
361096, 3, 0
361159, 0, 0
361163, 1, 0
361217, 2, 1
361221, 3, 0
361284, 0, 0
361288, 1, 0
361342, 2, 0
361346, 3, 1
361409, 0, 1
361413, 1, 1
361467, 2, 0
361472, 3, 1
361534, 0, 0
361538, 1, bit 0
361538, 1, 1
361592, 2, 1
361597, 3, 0
361659, 0, 1
361663, 1, 0
361717, 2, 1
361722, 3, 1
361784, 0, 0
361788, 1, 1
361842, 2, 0
361847, 3, 0
361909, 0, 1
361913, 1, 0
361967, 2, 0
361972, 3, 1
362034, 0, 0
362038, 1, 0
362092, 2, 1
362097, 3, 0
362159, 0, 1
362163, 1, 1
362217, 2, 0
362222, 3, bit 0
362222, 3, 0
362284, 0, 0
362288, 1, 1
362342, 2, 1
362347, 3, 1
362409, 0, 1
362413, 1, 0
362467, 2, bit 0
362467, 2, 1
362472, 3, 0
362534, 0, bit 0
362534, 0, 0
362539, 1, 1
362592, 2, 0
362597, 3, 1
362659, 0, 1
362664, 1, 0
362717, 2, 0
362722, 3, 0
362784, 0, 0
362789, 1, 0
362842, 2, 1
362847, 3, 1
362909, 0, 1
362914, 1, 1
362967, 2, 1
362972, 3, 1
363034, 0, 1
363039, 1, 1
363092, 2, 0
363097, 3, 0
363159, 0, 0
363164, 1, 0
363217, 2, 0
363222, 3, 0
363284, 0, 1
363289, 1, bit 0
363289, 1, 1
363342, 2, 1
363347, 3, 1
363409, 0, 0
363414, 1, 0
363467, 2, 1
363472, 3, 0
363534, 0, 1
363539, 1, 1
363592, 2, 0
363597, 3, 1
363659, 0, 0
363664, 1, 0
363717, 2, 0
363722, 3, 0
363784, 0, 1
363789, 1, 0
363842, 2, 1
363847, 3, 1
363909, 0, 0
363914, 1, 1
363967, 2, 0
363972, 3, bit 0
363972, 3, 0
364034, 0, 1
364039, 1, 1
364092, 2, 1
364097, 3, 1
364160, 0, 0
364164, 1, 0
364217, 2, bit 0
364217, 2, 1
364222, 3, 0
364285, 0, bit 1
364285, 0, 1
364289, 1, 1
364342, 2, 0
364347, 3, 1
364410, 0, 0
364414, 1, 0
364467, 2, 0
364472, 3, 0
364535, 0, 1
364539, 1, 0
364592, 2, 1
364597, 3, 1
364660, 0, 0
364664, 1, 1
364717, 2, 1
364722, 3, 1
364785, 0, 0
364789, 1, 1
364843, 2, 0
364847, 3, 0
364910, 0, 1
364914, 1, 0
364968, 2, 0
364972, 3, 0
365035, 0, 0
365039, 1, bit 1
365042, 1, 0
365093, 2, 1
365097, 3, 1
365160, 0, 1
365164, 1, 1
365218, 2, 1
365222, 3, 0
365285, 0, 0
365289, 1, 0
365343, 2, 0
365347, 3, 1
365410, 0, 1
365414, 1, 1
365468, 2, 0
365472, 3, 0
365535, 0, 0
365539, 1, 1
365593, 2, 1
365597, 3, 1
365660, 0, 1
365664, 1, 0
365718, 2, 0
365722, 3, bit 0
365722, 3, 0
365785, 0, 0
365789, 1, 0
365843, 2, 1
365847, 3, 1
365910, 0, 1
365914, 1, 1
365968, 2, bit 0
365968, 2, 1
365972, 3, 0
366035, 0, bit 1
366035, 0, 1
366039, 1, 0
366093, 2, 0
366097, 3, 1
366160, 0, 0
366164, 1, 1
366218, 2, 0
366222, 3, 0
366285, 0, 1
366289, 1, 1
366343, 2, 1
366347, 3, 1
366410, 0, 0
366414, 1, 0
366468, 2, 1
366472, 3, 1
366535, 0, 0
366539, 1, 0
366593, 2, 0
366597, 3, 0
366660, 0, 1
366664, 1, 1
366718, 2, 0
366722, 3, 0
366785, 0, 0
366789, 1, bit 1
366789, 1, 0
366843, 2, 1
366848, 3, 1
366910, 0, 1
366914, 1, 1
366968, 2, 1
366973, 3, 0
367035, 0, 0
367039, 1, 0
367093, 2, 0
367098, 3, 1
367160, 0, 1
367164, 1, 1
367218, 2, 0
367223, 3, 0
367285, 0, 0
367289, 1, 1
367343, 2, 1
367348, 3, 1
367410, 0, 1
367414, 1, 0
367468, 2, 0
367473, 3, bit 0
367473, 3, 0
367535, 0, 0
367539, 1, 0
367593, 2, 1
367598, 3, 1
367660, 0, 1
367664, 1, 1
367718, 2, bit 0
367718, 2, 1
367723, 3, 0
367785, 0, bit 0
367785, 0, 0
367789, 1, 0
367843, 2, 0
367848, 3, 1
367910, 0, 1
367915, 1, 1
367968, 2, 0
367973, 3, 0
368035, 0, 0
368040, 1, 1
368093, 2, 1
368098, 3, 1
368160, 0, 1
368165, 1, 0
368218, 2, 1
368223, 3, 1
368285, 0, 1
368290, 1, 0
368343, 2, 0
368348, 3, 0
368410, 0, 0
368415, 1, 1
368468, 2, 0
368473, 3, 0
368535, 0, 1
368540, 1, bit 1
368540, 1, 0
368593, 2, 1
368598, 3, 1
368660, 0, 0
368665, 1, 1
368718, 2, 1
368723, 3, 0
368785, 0, 1
368790, 1, 0
368843, 2, 0
368848, 3, 1
368910, 0, 0
368915, 1, 1
368968, 2, 0
368973, 3, 0
369035, 0, 1
369040, 1, 1
369093, 2, 1
369098, 3, 1
369160, 0, 0
369165, 1, 0
369218, 2, 0
369223, 3, bit 1
369226, 3, 1
369285, 0, 1
369290, 1, 0
369343, 2, 1
369348, 3, 0
369410, 0, 0
369415, 1, 1
369468, 2, bit 0
369468, 2, 1
369473, 3, 1
369536, 0, bit 1
369536, 0, 1
369540, 1, 0
369593, 2, 0
369598, 3, 0
369661, 0, 0
369665, 1, 1
369718, 2, 0
369723, 3, 1
369786, 0, 1
369790, 1, 1
369843, 2, 1
369848, 3, 0
369911, 0, 0
369915, 1, 0
369968, 2, 1
369973, 3, 0
370036, 0, 0
370040, 1, 0
370093, 2, 0
370098, 3, 1
370161, 0, 1
370165, 1, 1
370219, 2, 0
370223, 3, 1
370286, 0, 0
370290, 1, bit 1
370290, 1, 0
370344, 2, 1
370348, 3, 0
370411, 0, 1
370415, 1, 1
370469, 2, 1
370473, 3, 1
370536, 0, 0
370540, 1, 0
370594, 2, 0
370598, 3, 0
370661, 0, 1
370665, 1, 1
370719, 2, 0
370723, 3, 1
370786, 0, 0
370790, 1, 1
370844, 2, 1
370848, 3, 0
370911, 0, 1
370915, 1, 0
370969, 2, 0
370973, 3, bit 1
370973, 3, 1
371036, 0, 0
371040, 1, 0
371094, 2, 1
371098, 3, 0
371161, 0, 1
371165, 1, 1
371219, 2, bit 0
371219, 2, 1
371223, 3, 1
371286, 0, bit 0
371286, 0, 0
371290, 1, 0
371344, 2, 0
371348, 3, 0
371411, 0, 1
371415, 1, 1
371469, 2, 0
371473, 3, 1
371536, 0, 0
371540, 1, 1
371594, 2, 1
371598, 3, 0
371661, 0, 1
371665, 1, 0
371719, 2, 1
371723, 3, 0
371786, 0, 1
371790, 1, 0
371844, 2, 0
371848, 3, 1
371911, 0, 0
371915, 1, 1
371969, 2, 0
371973, 3, 1
372036, 0, 1
372040, 1, bit 0
372040, 1, 1
372094, 2, 1
372098, 3, 0
372161, 0, 0
372165, 1, 0
372219, 2, 1
372224, 3, 1
372286, 0, 1
372290, 1, 1
372344, 2, 0
372349, 3, 0
372411, 0, 0
372415, 1, 0
372469, 2, 0
372474, 3, 1
372536, 0, 1
372540, 1, 0
372594, 2, 1
372599, 3, 0
372661, 0, 0
372665, 1, 1
372719, 2, 0
372724, 3, bit 0
372724, 3, 0
372786, 0, 1
372790, 1, 1
372844, 2, 1
372849, 3, 1
372911, 0, 0
372915, 1, 0
372969, 2, bit 1
372969, 2, 0
372974, 3, 0
373036, 0, bit 0
373036, 0, 0
373040, 1, 1
373094, 2, 1
373099, 3, 1
373161, 0, 1
373165, 1, 0
373219, 2, 1
373224, 3, 0
373286, 0, 0
373291, 1, 0
373344, 2, 0
373349, 3, 1
373411, 0, 1
373416, 1, 1
373469, 2, 0
373474, 3, 1
373536, 0, 1
373541, 1, 1
373594, 2, 1
373599, 3, 0
373661, 0, 0
373666, 1, 0
373719, 2, 1
373724, 3, 0
373786, 0, 1
373791, 1, bit 1
373791, 1, 0
373844, 2, 0
373849, 3, 1
373911, 0, 0
373916, 1, 1
373969, 2, 0
373974, 3, 0
374036, 0, 1
374041, 1, 0
374094, 2, 1
374099, 3, 1
374161, 0, 0
374166, 1, 1
374219, 2, 1
374224, 3, 0
374286, 0, 1
374291, 1, 1
374344, 2, 0
374349, 3, 1
374411, 0, 0
374416, 1, 0
374469, 2, 1
374474, 3, bit 1
374477, 3, 1
374536, 0, 1
374541, 1, 0
374594, 2, 0
374599, 3, 0
374661, 0, 0
374666, 1, 1
374719, 2, bit 0
374719, 2, 1
374724, 3, 1
374786, 0, bit 1
374786, 0, 1
374791, 1, 0
374844, 2, 0
374849, 3, 0
374912, 0, 0
374916, 1, 1
374969, 2, 0
374974, 3, 1
375037, 0, 1
375041, 1, 1
375094, 2, 1
375099, 3, 0
375162, 0, 0
375166, 1, 0
375219, 2, 1
375224, 3, 0
375287, 0, 0
375291, 1, 0
375344, 2, 0
375349, 3, 1
375412, 0, 1
375416, 1, 1
375469, 2, 0
375474, 3, 1
375537, 0, 0
375541, 1, bit 0
375541, 1, 1
375595, 2, 1
375599, 3, 0
375662, 0, 1
375666, 1, 0
375720, 2, 1
375724, 3, 1
375787, 0, 0
375791, 1, 1
375845, 2, 0
375849, 3, 0
375912, 0, 1
375916, 1, 0
375970, 2, 0
375974, 3, 1
376037, 0, 0
376041, 1, 0
376095, 2, 1
376099, 3, 0
376162, 0, 1
376166, 1, 1
376220, 2, 0
376224, 3, bit 0
376224, 3, 0
376287, 0, 0
376291, 1, 1
376345, 2, 1
376349, 3, 1
376412, 0, 1
376416, 1, 0
376470, 2, bit 1
376470, 2, 0
376474, 3, 0
376537, 0, bit 1
376540, 0, 1
376541, 1, 1
376595, 2, 1
376599, 3, 1
376662, 0, 0
376666, 1, 0
376720, 2, 1
376724, 3, 0
376787, 0, 1
376791, 1, 0
376845, 2, 0
376849, 3, 1
376912, 0, 0
376916, 1, 1
376970, 2, 0
376974, 3, 1
377037, 0, 0
377041, 1, 1
377095, 2, 1
377099, 3, 0
377162, 0, 1
377166, 1, 0
377220, 2, 1
377224, 3, 0
377287, 0, 0
377291, 1, bit 0
377291, 1, 1
377345, 2, 0
377349, 3, 1
377412, 0, 1
377416, 1, 0
377470, 2, 0
377474, 3, 0
377537, 0, 0
377541, 1, 1
377595, 2, 1
377600, 3, 1
377662, 0, 1
377666, 1, 0
377720, 2, 1
377725, 3, 0
377787, 0, 0
377791, 1, 0
377845, 2, 0
377850, 3, 1
377912, 0, 1
377916, 1, 1
377970, 2, 1
377975, 3, bit 1
377975, 3, 1
378037, 0, 0
378041, 1, 1
378095, 2, 0
378100, 3, 0
378162, 0, 1
378166, 1, 0
378220, 2, bit 0
378220, 2, 1
378225, 3, 1
378287, 0, bit 0
378287, 0, 0
378291, 1, 1
378345, 2, 0
378350, 3, 0
378412, 0, 1
378416, 1, 0
378470, 2, 0
378475, 3, 1
378537, 0, 0
378541, 1, 0
378595, 2, 1
378600, 3, 0
378662, 0, 1
378667, 1, 1
378720, 2, 1
378725, 3, 0
378787, 0, 1
378792, 1, 1
378845, 2, 0
378850, 3, 1
378912, 0, 0
378917, 1, 0
378970, 2, 0
378975, 3, 1
379037, 0, 1
379042, 1, bit 0
379042, 1, 1
379095, 2, 1
379100, 3, 0
379162, 0, 0
379167, 1, 0
379220, 2, 1
379225, 3, 1
379287, 0, 1
379292, 1, 1
379345, 2, 0
379350, 3, 0
379412, 0, 0
379417, 1, 0
379470, 2, 0
379475, 3, 1
379537, 0, 1
379542, 1, 0
379595, 2, 1
379600, 3, 0
379662, 0, 0
379667, 1, 1
379720, 2, 0
379725, 3, bit 1
379725, 3, 1
379787, 0, 1
379792, 1, 1
379845, 2, 1
379850, 3, 0
379912, 0, 0
379917, 1, 0
379970, 2, bit 1
379970, 2, 0
379975, 3, 1
380037, 0, bit 0
380037, 0, 0
380042, 1, 1
380095, 2, 1
380100, 3, 0
380162, 0, 1
380167, 1, 0
380220, 2, 1
380225, 3, 1
380288, 0, 0
380292, 1, 0
380345, 2, 0
380350, 3, 0
380413, 0, 1
380417, 1, 1
380470, 2, 0
380475, 3, 0
380538, 0, 1
380542, 1, 1
380595, 2, 1
380600, 3, 1
380663, 0, 0
380667, 1, 0
380720, 2, 1
380725, 3, 1
380788, 0, 1
380792, 1, bit 0
380792, 1, 1
380845, 2, 0
380850, 3, 0
380913, 0, 0
380917, 1, 0
380971, 2, 0
380975, 3, 1
381038, 0, 1
381042, 1, 1
381096, 2, 1
381100, 3, 0
381163, 0, 0
381167, 1, 0
381221, 2, 1
381225, 3, 1
381288, 0, 1
381292, 1, 0
381346, 2, 0
381350, 3, 0
381413, 0, 0
381417, 1, 1
381471, 2, 1
381475, 3, bit 0
381475, 3, 0
381538, 0, 1
381542, 1, 1
381596, 2, 0
381600, 3, 1
381663, 0, 0
381667, 1, 0
381721, 2, bit 1
381721, 2, 0
381725, 3, 0
381788, 0, bit 1
381791, 0, 1
381792, 1, 1
381846, 2, 1
381850, 3, 1
381913, 0, 0
381917, 1, 0
381971, 2, 1
381975, 3, 0
382038, 0, 1
382042, 1, 0
382096, 2, 0
382100, 3, 1
382163, 0, 0
382167, 1, 1
382221, 2, 0
382225, 3, 1
382288, 0, 0
382292, 1, 1
382346, 2, 1
382350, 3, 0
382413, 0, 1
382417, 1, 0
382471, 2, 1
382475, 3, 0
382538, 0, 0
382542, 1, bit 1
382542, 1, 0
382596, 2, 0
382600, 3, 1
382663, 0, 1
382667, 1, 1
382721, 2, 0
382725, 3, 0
382788, 0, 0
382792, 1, 0
382846, 2, 1
382850, 3, 1
382913, 0, 1
382917, 1, 1
382971, 2, 1
382976, 3, 0
383038, 0, 0
383042, 1, 1
383096, 2, 0
383101, 3, 1
383163, 0, 1
383167, 1, 0
383221, 2, 1
383226, 3, bit 1
383226, 3, 1
383288, 0, 0
383292, 1, 0
383346, 2, 0
383351, 3, 0
383413, 0, 1
383417, 1, 1
383471, 2, bit 0
383471, 2, 1
383476, 3, 1
383538, 0, bit 0
383538, 0, 0
383542, 1, 0
383596, 2, 0
383601, 3, 0
383663, 0, 1
383667, 1, 1
383721, 2, 0
383726, 3, 1
383788, 0, 0
383792, 1, 1
383846, 2, 1
383851, 3, 0
383913, 0, 1
383917, 1, 0
383971, 2, 1
383976, 3, 0
384038, 0, 1
384043, 1, 0
384096, 2, 0
384101, 3, 1
384163, 0, 0
384168, 1, 1
384221, 2, 0
384226, 3, 1
384288, 0, 1
384293, 1, bit 1
384293, 1, 0
384346, 2, 1
384351, 3, 0
384413, 0, 0
384418, 1, 1
384471, 2, 1
384476, 3, 1
384538, 0, 1
384543, 1, 0
384596, 2, 0
384601, 3, 0
384663, 0, 0
384668, 1, 1
384721, 2, 0
384726, 3, 1
384788, 0, 1
384793, 1, 1
384846, 2, 1
384851, 3, 0
384913, 0, 0
384918, 1, 0
384971, 2, 0
384976, 3, bit 1
384976, 3, 1
385038, 0, 1
385043, 1, 0
385096, 2, 1
385101, 3, 0
385163, 0, 0
385168, 1, 1
385221, 2, bit 0
385221, 2, 1
385226, 3, 1
385288, 0, bit 0
385288, 0, 0
385293, 1, 0
385346, 2, 0
385351, 3, 0
385413, 0, 1
385418, 1, 1
385471, 2, 0
385476, 3, 1
385538, 0, 0
385543, 1, 1
385596, 2, 1
385601, 3, 0
385664, 0, 1
385668, 1, 0
385721, 2, 1
385726, 3, 0
385789, 0, 1
385793, 1, 0
385846, 2, 0
385851, 3, 1
385914, 0, 0
385918, 1, 1
385971, 2, 0
385976, 3, 1
386039, 0, 1
386043, 1, bit 0
386043, 1, 1
386096, 2, 1
386101, 3, 0
386164, 0, 0
386168, 1, 0
386221, 2, 1
386226, 3, 1
386289, 0, 1
386293, 1, 1
386347, 2, 0
386351, 3, 0
386414, 0, 0
386418, 1, 0
386472, 2, 0
386476, 3, 1
386539, 0, 1
386543, 1, 0
386597, 2, 1
386601, 3, 0
386664, 0, 0
386668, 1, 1
386722, 2, 0
386726, 3, bit 1
386726, 3, 1
386789, 0, 1
386793, 1, 1
386847, 2, 1
386851, 3, 0
386914, 0, 0
386918, 1, 0
386972, 2, bit 0
386972, 2, 1
386976, 3, 1
387039, 0, bit 1
387039, 0, 1
387043, 1, 1
387097, 2, 0
387101, 3, 0
387164, 0, 0
387168, 1, 0
387222, 2, 0
387226, 3, 1
387289, 0, 1
387293, 1, 0
387347, 2, 1
387351, 3, 0
387414, 0, 0
387418, 1, 1
387472, 2, 1
387476, 3, 0
387539, 0, 0
387543, 1, 1
387597, 2, 0
387601, 3, 1
387664, 0, 1
387668, 1, 0
387722, 2, 0
387726, 3, 1
387789, 0, 0
387793, 1, bit 0
387793, 1, 1
387847, 2, 1
387851, 3, 0
387914, 0, 1
387918, 1, 0
387972, 2, 1
387976, 3, 1
388039, 0, 0
388043, 1, 1
388097, 2, 0
388101, 3, 0
388164, 0, 1
388168, 1, 0
388222, 2, 0
388226, 3, 1
388289, 0, 0
388293, 1, 0
388347, 2, 1
388352, 3, 0
388414, 0, 1
388418, 1, 1
388472, 2, 0
388477, 3, bit 0
388477, 3, 0
388539, 0, 0
388543, 1, 1
388597, 2, 1
388602, 3, 1
388664, 0, 1
388668, 1, 0
388722, 2, bit 1
388722, 2, 0
388727, 3, 0
388789, 0, bit 1
388789, 0, 1
388793, 1, 1
388847, 2, 1
388852, 3, 1
388914, 0, 0
388918, 1, 0
388972, 2, 1
388977, 3, 0
389039, 0, 1
389043, 1, 0
389097, 2, 0
389102, 3, 1
389164, 0, 0
389168, 1, 1
389222, 2, 0
389227, 3, 1
389289, 0, 0
389293, 1, 1
389347, 2, 1
389352, 3, 0
389414, 0, 1
389419, 1, 0
389472, 2, 1
389477, 3, 0
389539, 0, 0
389544, 1, bit 1
389544, 1, 0
389597, 2, 0
389602, 3, 1
389664, 0, 1
389669, 1, 1
389722, 2, 0
389727, 3, 0
389789, 0, 0
389794, 1, 0
389847, 2, 1
389852, 3, 1
389914, 0, 1
389919, 1, 1
389972, 2, 1
389977, 3, 0
390039, 0, 0
390044, 1, 1
390097, 2, 0
390102, 3, 1
390164, 0, 1
390169, 1, 0
390222, 2, 1
390227, 3, bit 0
390227, 3, 0
390289, 0, 0
390294, 1, 0
390347, 2, 0
390352, 3, 1
390414, 0, 1
390419, 1, 1
390472, 2, bit 1
390472, 2, 0
390477, 3, 0
390539, 0, bit 1
390539, 0, 1
390544, 1, 0
390597, 2, 1
390602, 3, 1
390664, 0, 0
390669, 1, 1
390722, 2, 1
390727, 3, 0
390789, 0, 1
390794, 1, 1
390847, 2, 0
390852, 3, 1
390914, 0, 0
390919, 1, 0
390972, 2, 0
390977, 3, 1
391040, 0, 0
391044, 1, 0
391097, 2, 1
391102, 3, 0
391165, 0, 1
391169, 1, 1
391222, 2, 1
391227, 3, 0
391290, 0, 0
391294, 1, bit 0
391294, 1, 1
391347, 2, 0
391352, 3, 1
391415, 0, 1
391419, 1, 0
391472, 2, 0
391477, 3, 0
391540, 0, 0
391544, 1, 1
391597, 2, 1
391602, 3, 1
391665, 0, 1
391669, 1, 0
391723, 2, 1
391727, 3, 0
391790, 0, 0
391794, 1, 0
391848, 2, 0
391852, 3, 1
391915, 0, 1
391919, 1, 1
391973, 2, 1
391977, 3, bit 0
391977, 3, 0
392040, 0, 0
392044, 1, 1
392098, 2, 0
392102, 3, 1
392165, 0, 1
392169, 1, 0
392223, 2, bit 0
392223, 2, 1
392227, 3, 0
392290, 0, bit 1
392290, 0, 1
392294, 1, 1
392348, 2, 0
392352, 3, 1
392415, 0, 0
392419, 1, 0
392473, 2, 0
392477, 3, 0
392540, 0, 1
392544, 1, 0
392598, 2, 1
392602, 3, 1
392665, 0, 0
392669, 1, 1
392723, 2, 1
392727, 3, 1
392790, 0, 0
392794, 1, 1
392848, 2, 0
392852, 3, 0
392915, 0, 1
392919, 1, 0
392973, 2, 0
392977, 3, 0
393040, 0, 0
393044, 1, bit 1
393044, 1, 0
393098, 2, 1
393102, 3, 1
393165, 0, 1
393169, 1, 1
393223, 2, 1
393227, 3, 0
393290, 0, 0
393294, 1, 0
393348, 2, 0
393352, 3, 1
393415, 0, 1
393419, 1, 1
393473, 2, 0
393477, 3, 0
393540, 0, 0
393544, 1, 1
393598, 2, 1
393602, 3, 1
393665, 0, 1
393669, 1, 0
393723, 2, 0
393728, 3, bit 1
393728, 3, 1
393790, 0, 0
393794, 1, 0
393848, 2, 1
393853, 3, 0
393915, 0, 1
393919, 1, 1
393973, 2, bit 0
393973, 2, 1
393978, 3, 1
394040, 0, bit 0
394040, 0, 0
394044, 1, 0
394098, 2, 0
394103, 3, 0
394165, 0, 1
394169, 1, 1
394223, 2, 0
394228, 3, 1
394290, 0, 0
394294, 1, 1
394348, 2, 1
394353, 3, 0
394415, 0, 1
394419, 1, 0
394473, 2, 1
394478, 3, 0
394540, 0, 1
394544, 1, 0
394598, 2, 0
394603, 3, 1
394665, 0, 0
394669, 1, 1
394723, 2, 0
394728, 3, 1
394790, 0, 1
394795, 1, bit 1
394795, 1, 0
394848, 2, 1
394853, 3, 0
394915, 0, 0
394920, 1, 1
394973, 2, 1
394978, 3, 1
395040, 0, 1
395045, 1, 0
395098, 2, 0
395103, 3, 0
395165, 0, 0
395170, 1, 1
395223, 2, 0
395228, 3, 1
395290, 0, 1
395295, 1, 1
395348, 2, 1
395353, 3, 0
395415, 0, 0
395420, 1, 0
395473, 2, 0
395478, 3, bit 0
395478, 3, 0
395540, 0, 1
395545, 1, 0
395598, 2, 1
395603, 3, 1
395665, 0, 0
395670, 1, 1
395723, 2, bit 1
395723, 2, 0
395728, 3, 0
395790, 0, bit 1
395790, 0, 1
395795, 1, 0
395848, 2, 1
395853, 3, 1
395915, 0, 0
395920, 1, 1
395973, 2, 1
395978, 3, 0
396040, 0, 1
396045, 1, 1
396098, 2, 0
396103, 3, 1
396165, 0, 0
396170, 1, 0
396223, 2, 0
396228, 3, 1
396290, 0, 0
396295, 1, 0
396348, 2, 1
396353, 3, 0
396416, 0, 1
396420, 1, 1
396473, 2, 1
396478, 3, 0
396541, 0, 0
396545, 1, bit 0
396545, 1, 1
396598, 2, 0
396603, 3, 1
396666, 0, 1
396670, 1, 0
396723, 2, 0
396728, 3, 0
396791, 0, 0
396795, 1, 1
396848, 2, 1
396853, 3, 1
396916, 0, 1
396920, 1, 0
396973, 2, 1
396978, 3, 0
397041, 0, 0
397045, 1, 0
397099, 2, 0
397103, 3, 1
397166, 0, 1
397170, 1, 1
397224, 2, 1
397228, 3, bit 1
397228, 3, 1
397291, 0, 0
397295, 1, 1
397349, 2, 0
397353, 3, 0
397416, 0, 1
397420, 1, 0
397474, 2, bit 1
397474, 2, 0
397478, 3, 1
397541, 0, bit 1
397541, 0, 1
397545, 1, 1
397599, 2, 1
397603, 3, 0
397666, 0, 0
397670, 1, 0
397724, 2, 1
397728, 3, 1
397791, 0, 1
397795, 1, 0
397849, 2, 0
397853, 3, 0
397916, 0, 0
397920, 1, 1
397974, 2, 0
397978, 3, 0
398041, 0, 0
398045, 1, 1
398099, 2, 1
398103, 3, 1
398166, 0, 1
398170, 1, 0
398224, 2, 1
398228, 3, 1
398291, 0, 0
398295, 1, bit 1
398295, 1, 0
398349, 2, 0
398353, 3, 0
398416, 0, 1
398420, 1, 1
398474, 2, 0
398478, 3, 1
398541, 0, 0
398545, 1, 0
398599, 2, 1
398603, 3, 0
398666, 0, 1
398670, 1, 1
398724, 2, 1
398728, 3, 1
398791, 0, 0
398795, 1, 1
398849, 2, 0
398853, 3, 0
398916, 0, 1
398920, 1, 0
398974, 2, 1
398978, 3, bit 0
398978, 3, 0
399041, 0, 0
399045, 1, 0
399099, 2, 0
399104, 3, 1
399166, 0, 1
399170, 1, 1
399224, 2, bit 1
399224, 2, 0
399229, 3, 0
399291, 0, bit 1
399291, 0, 1
399295, 1, 0
399349, 2, 1
399354, 3, 1
399416, 0, 0
399420, 1, 1
399474, 2, 1
399479, 3, 0
399541, 0, 1
399545, 1, 1
399599, 2, 0
399604, 3, 1
399666, 0, 0
399670, 1, 0
399724, 2, 0
399729, 3, 1
399791, 0, 0
399795, 1, 0
399849, 2, 1
399854, 3, 0
399916, 0, 1
399920, 1, 1
399974, 2, 1
399979, 3, 0
400041, 0, 0
400045, 1, bit 0
400045, 1, 1
400099, 2, 0
400104, 3, 1
400166, 0, 1
400171, 1, 0
400224, 2, 0
400229, 3, 0
400291, 0, 0
400296, 1, 1
400349, 2, 1
400354, 3, 1
400416, 0, 1
400421, 1, 0
400474, 2, 1
400479, 3, 0
400541, 0, 0
400546, 1, 0
400599, 2, 0
400604, 3, 1
400666, 0, 1
400671, 1, 1
400724, 2, 1
400729, 3, bit 1
400729, 3, 1
400791, 0, 0
400796, 1, 1
400849, 2, 0
400854, 3, 0
400916, 0, 1
400921, 1, 0
400974, 2, bit 0
400974, 2, 1
400979, 3, 1
401041, 0, bit 0
401041, 0, 0
401046, 1, 1
401099, 2, 0
401104, 3, 0
401166, 0, 1
401171, 1, 0
401224, 2, 0
401229, 3, 1
401291, 0, 0
401296, 1, 0
401349, 2, 1
401354, 3, 0
401416, 0, 1
401421, 1, 1
401474, 2, 1
401479, 3, 0
401541, 0, 1
401546, 1, 1
401599, 2, 0
401604, 3, 1
401666, 0, 0
401671, 1, 0
401724, 2, 0
401729, 3, 1
401792, 0, 1
401796, 1, bit 1
401796, 1, 0
401849, 2, 1
401854, 3, 0
401917, 0, 0
401921, 1, 1
401974, 2, 1
401979, 3, 1
402042, 0, 1
402046, 1, 0
402099, 2, 0
402104, 3, 0
402167, 0, 0
402171, 1, 1
402224, 2, 0
402229, 3, 1
402292, 0, 1
402296, 1, 1
402349, 2, 1
402354, 3, 0
402417, 0, 0
402421, 1, 0
402475, 2, 0
402479, 3, bit 0
402479, 3, 0
402542, 0, 1
402546, 1, 0
402600, 2, 1
402604, 3, 1
402667, 0, 0
402671, 1, 1
402725, 2, bit 1
402728, 2, 0
402729, 3, 0
402792, 0, bit 0
402792, 0, 0
402796, 1, 0
402850, 2, 1
402854, 3, 1
402917, 0, 1
402921, 1, 1
402975, 2, 1
402979, 3, 0
403042, 0, 0
403046, 1, 1
403100, 2, 0
403104, 3, 1
403167, 0, 1
403171, 1, 0
403225, 2, 0
403229, 3, 1
403292, 0, 1
403296, 1, 0
403350, 2, 1
403354, 3, 0
403417, 0, 0
403421, 1, 1
403475, 2, 1
403479, 3, 0
403542, 0, 1
403546, 1, bit 0
403546, 1, 1
403600, 2, 0
403604, 3, 1
403667, 0, 0
403671, 1, 0
403725, 2, 0
403729, 3, 0
403792, 0, 1
403796, 1, 1
403850, 2, 1
403854, 3, 1
403917, 0, 0
403921, 1, 0
403975, 2, 1
403979, 3, 0
404042, 0, 1
404046, 1, 0
404100, 2, 0
404104, 3, 1
404167, 0, 0
404171, 1, 1
404225, 2, 1
404229, 3, bit 1
404229, 3, 1
404292, 0, 1
404296, 1, 1
404350, 2, 0
404354, 3, 0
404417, 0, 0
404421, 1, 0
404475, 2, bit 1
404475, 2, 0
404480, 3, 1
404542, 0, bit 0
404542, 0, 0
404546, 1, 1
404600, 2, 1
404605, 3, 0
404667, 0, 1
404671, 1, 0
404725, 2, 1
404730, 3, 1
404792, 0, 0
404796, 1, 0
404850, 2, 0
404855, 3, 0
404917, 0, 1
404921, 1, 1
404975, 2, 0
404980, 3, 0
405042, 0, 1
405046, 1, 1
405100, 2, 1
405105, 3, 1
405167, 0, 0
405171, 1, 0
405225, 2, 1
405230, 3, 1
405292, 0, 1
405296, 1, bit 1
405296, 1, 0
405350, 2, 0
405355, 3, 0
405417, 0, 0
405421, 1, 1
405475, 2, 0
405480, 3, 1
405542, 0, 1
405547, 1, 0
405600, 2, 1
405605, 3, 0
405667, 0, 0
405672, 1, 1
405725, 2, 1
405730, 3, 1
405792, 0, 1
405797, 1, 1
405850, 2, 0
405855, 3, 0
405917, 0, 0
405922, 1, 0
405975, 2, 1
405980, 3, bit 1
405980, 3, 1
406042, 0, 1
406047, 1, 0
406100, 2, 0
406105, 3, 0
406167, 0, 0
406172, 1, 1
406225, 2, bit 1
406225, 2, 0
406230, 3, 1
406292, 0, bit 0
406292, 0, 0
406297, 1, 0
406350, 2, 1
406355, 3, 0
406417, 0, 1
406422, 1, 1
406475, 2, 1
406480, 3, 1
406542, 0, 0
406547, 1, 1
406600, 2, 0
406605, 3, 0
406667, 0, 1
406672, 1, 0
406725, 2, 0
406730, 3, 0
406792, 0, 1
406797, 1, 0
406850, 2, 1
406855, 3, 1
406917, 0, 0
406922, 1, 1
406975, 2, 1
406980, 3, 1
407042, 0, 1
407047, 1, bit 0
407047, 1, 1
407100, 2, 0
407105, 3, 0
407168, 0, 0
407172, 1, 0
407225, 2, 0
407230, 3, 1
407293, 0, 1
407297, 1, 1
407350, 2, 1
407355, 3, 0
407418, 0, 0
407422, 1, 0
407475, 2, 1
407480, 3, 1
407543, 0, 1
407547, 1, 0
407600, 2, 0
407605, 3, 0
407668, 0, 0
407672, 1, 1
407725, 2, 1
407730, 3, bit 1
407730, 3, 1
407793, 0, 1
407797, 1, 1
407851, 2, 0
407855, 3, 0
407918, 0, 0
407922, 1, 0
407976, 2, bit 1
407980, 2, 0
407980, 3, 1
408043, 0, bit 1
408043, 0, 1
408047, 1, 1
408101, 2, 1
408105, 3, 0
408168, 0, 0
408172, 1, 0
408226, 2, 1
408230, 3, 1
408293, 0, 1
408297, 1, 0
408351, 2, 0
408355, 3, 0
408418, 0, 0
408422, 1, 1
408476, 2, 0
408480, 3, 0
408543, 0, 0
408547, 1, 1
408601, 2, 1
408605, 3, 1
408668, 0, 1
408672, 1, 0
408726, 2, 1
408730, 3, 1
408793, 0, 0
408797, 1, bit 1
408797, 1, 0
408851, 2, 0
408855, 3, 0
408918, 0, 1
408922, 1, 1
408976, 2, 0
408980, 3, 1
409043, 0, 0
409047, 1, 0
409101, 2, 1
409105, 3, 0
409168, 0, 1
409172, 1, 1
409226, 2, 1
409230, 3, 1
409293, 0, 0
409297, 1, 1
409351, 2, 0
409355, 3, 0
409418, 0, 1
409422, 1, 0
409476, 2, 1
409480, 3, bit 0
409480, 3, 0
409543, 0, 0
409547, 1, 0
409601, 2, 0
409605, 3, 1
409668, 0, 1
409672, 1, 1
409726, 2, bit 1
409726, 2, 0
409730, 3, 0
409793, 0, bit 1
409793, 0, 1
409797, 1, 0
409851, 2, 1
409856, 3, 1
409918, 0, 0
409922, 1, 1
409976, 2, 1
409981, 3, 0
410043, 0, 1
410047, 1, 1
410101, 2, 0
410106, 3, 1
410168, 0, 0
410172, 1, 0
410226, 2, 0
410231, 3, 1
410293, 0, 0
410297, 1, 0
410351, 2, 1
410356, 3, 0
410418, 0, 1
410422, 1, 1
410476, 2, 1
410481, 3, 0
410543, 0, 0
410547, 1, bit 1
410547, 1, 0
410601, 2, 0
410606, 3, 1
410668, 0, 1
410672, 1, 1
410726, 2, 0
410731, 3, 0
410793, 0, 0
410797, 1, 0
410851, 2, 1
410856, 3, 1
410918, 0, 1
410923, 1, 1
410976, 2, 1
410981, 3, 0
411043, 0, 0
411048, 1, 1
411101, 2, 0
411106, 3, 1
411168, 0, 1
411173, 1, 0
411226, 2, 1
411231, 3, bit 0
411231, 3, 0
411293, 0, 0
411298, 1, 0
411351, 2, 0
411356, 3, 1
411418, 0, 1
411423, 1, 1
411476, 2, bit 0
411476, 2, 1
411481, 3, 0
411543, 0, bit 1
411543, 0, 1
411548, 1, 0
411601, 2, 0
411606, 3, 1
411668, 0, 0
411673, 1, 1
411726, 2, 0
411731, 3, 0
411793, 0, 1
411798, 1, 1
411851, 2, 1
411856, 3, 1
411918, 0, 0
411923, 1, 0
411976, 2, 1
411981, 3, 1
412043, 0, 0
412048, 1, 0
412101, 2, 0
412106, 3, 0
412168, 0, 1
412173, 1, 1
412226, 2, 0
412231, 3, 0
412293, 0, 0
412298, 1, bit 0
412298, 1, 1
412351, 2, 1
412356, 3, 1
412418, 0, 1
412423, 1, 0
412476, 2, 1
412481, 3, 0
412544, 0, 0
412548, 1, 1
412601, 2, 0
412606, 3, 1
412669, 0, 1
412673, 1, 0
412726, 2, 0
412731, 3, 0
412794, 0, 0
412798, 1, 0
412851, 2, 1
412856, 3, 1
412919, 0, 1
412923, 1, 1
412976, 2, 0
412981, 3, bit 1
412981, 3, 1
413044, 0, 0
413048, 1, 1
413101, 2, 1
413106, 3, 0
413169, 0, 1
413173, 1, 0
413227, 2, bit 0
413230, 2, 1
413231, 3, 1
413294, 0, bit 1
413294, 0, 1
413298, 1, 1
413352, 2, 0
413356, 3, 0
413419, 0, 0
413423, 1, 0
413477, 2, 0
413481, 3, 1
413544, 0, 1
413548, 1, 0
413602, 2, 1
413606, 3, 0
413669, 0, 0
413673, 1, 1
413727, 2, 1
413731, 3, 0
413794, 0, 0
413798, 1, 1
413852, 2, 0
413856, 3, 1
413919, 0, 1
413923, 1, 0
413977, 2, 0
413981, 3, 1
414044, 0, 0
414048, 1, bit 0
414048, 1, 1
414102, 2, 1
414106, 3, 0
414169, 0, 1
414173, 1, 0
414227, 2, 1
414237, 3, 1
414294, 0, 0
414298, 1, 1
414352, 2, 0
414362, 3, 0
414419, 0, 1
414423, 1, 0
414477, 2, 0
414487, 3, 1
414544, 0, 0
414548, 1, 0
414602, 2, 1
414612, 3, 0
414669, 0, 1
414673, 1, 1
414727, 2, 0
414737, 3, bit 0
414737, 3, 0
414794, 0, 0
414798, 1, 1
414852, 2, 1
414862, 3, 1
414919, 0, 1
414923, 1, 0
414977, 2, bit 0
414977, 2, 1
414987, 3, 0
415044, 0, bit 0
415044, 0, 0
415048, 1, 1
415102, 2, 0
415112, 3, 1
415169, 0, 1
415173, 1, 0
415227, 2, 0
415237, 3, 0
415294, 0, 0
415298, 1, 0
415352, 2, 1
415362, 3, 1
415419, 0, 1
415423, 1, 1
415477, 2, 1
415488, 3, 1
415544, 0, 1
415548, 1, 1
415602, 2, 0
415613, 3, 0
415669, 0, 0
415673, 1, 0
415727, 2, 0
415738, 3, 0
415794, 0, 1
415798, 1, bit 1
415798, 1, 0
415852, 2, 1
415863, 3, 1
415919, 0, 0
415923, 1, 1
415977, 2, 1
415988, 3, 0
416044, 0, 1
416048, 1, 0
416102, 2, 0
416113, 3, 1
416169, 0, 0
416173, 1, 1
416227, 2, 0
416238, 3, 0
416294, 0, 1
416299, 1, 1
416352, 2, 1
416363, 3, 1
416419, 0, 0
416424, 1, 0
416477, 2, 0
416488, 3, bit 1
416488, 3, 1
416544, 0, 1
416549, 1, 0
416602, 2, 1
416613, 3, 0
416669, 0, 0
416674, 1, 1
416727, 2, bit 1
416727, 2, 0
416738, 3, 1
416794, 0, bit 1
416794, 0, 1
416799, 1, 0
416852, 2, 1
416863, 3, 0
416919, 0, 0
416924, 1, 1
416977, 2, 1
416988, 3, 1
417044, 0, 1
417049, 1, 1
417102, 2, 0
417113, 3, 0
417169, 0, 0
417174, 1, 0
417227, 2, 0
417238, 3, 0
417294, 0, 0
417299, 1, 0
417352, 2, 1
417363, 3, 1
417419, 0, 1
417424, 1, 1
417477, 2, 1
417488, 3, 1
417544, 0, 0
417549, 1, bit 1
417549, 1, 0
417602, 2, 0
417613, 3, 0
417669, 0, 1
417674, 1, 1
417727, 2, 0
417738, 3, 1
417794, 0, 0
417799, 1, 0
417852, 2, 1
417863, 3, 0
417920, 0, 1
417924, 1, 1
417977, 2, 1
417988, 3, 1
418045, 0, 0
418049, 1, 1
418102, 2, 0
418113, 3, 0
418170, 0, 1
418174, 1, 0
418227, 2, 1
418238, 3, bit 1
418238, 3, 1
418295, 0, 0
418299, 1, 0
418352, 2, 0
418363, 3, 0
418420, 0, 1
418424, 1, 1
418477, 2, bit 0
418477, 2, 1
418488, 3, 1
418545, 0, bit 1
418545, 0, 1
418549, 1, 0
418603, 2, 0
418613, 3, 0
418670, 0, 0
418674, 1, 1
418728, 2, 0
418738, 3, 1
418795, 0, 1
418799, 1, 1
418853, 2, 1
418863, 3, 0
418920, 0, 0
418924, 1, 0
418978, 2, 1
418988, 3, 0
419045, 0, 0
419049, 1, 0
419103, 2, 0
419113, 3, 1
419170, 0, 1
419174, 1, 1
419228, 2, 0
419238, 3, 1
419295, 0, 0
419299, 1, bit 0
419299, 1, 1
419353, 2, 1
419363, 3, 0
419420, 0, 1
419424, 1, 0
419478, 2, 1
419488, 3, 1
419545, 0, 0
419549, 1, 1
419603, 2, 0
419613, 3, 0
419670, 0, 1
419674, 1, 0
419728, 2, 0
419738, 3, 1
419795, 0, 0
419799, 1, 0
419853, 2, 1
419863, 3, 0
419920, 0, 1
419924, 1, 1
419978, 2, 0
419988, 3, bit 1
419988, 3, 1
420045, 0, 0
420049, 1, 1
420103, 2, 1
420113, 3, 0
420170, 0, 1
420174, 1, 0
420228, 2, bit 0
420228, 2, 1
420238, 3, 1
420295, 0, bit 1
420295, 0, 1
420299, 1, 1
420353, 2, 0
420363, 3, 0
420420, 0, 0
420424, 1, 0
420478, 2, 0
420488, 3, 1
420545, 0, 1
420549, 1, 0
420603, 2, 1
420613, 3, 0
420670, 0, 0
420674, 1, 1
420728, 2, 1
420738, 3, 0
420795, 0, 0
420799, 1, 1
420853, 2, 0
420864, 3, 1
420920, 0, 1
420924, 1, 0
420978, 2, 0
420989, 3, 1
421045, 0, 0
421049, 1, bit 0
421049, 1, 1
421103, 2, 1
421114, 3, 0
421170, 0, 1
421174, 1, 0
421228, 2, 1
421239, 3, 1
421295, 0, 0
421299, 1, 1
421353, 2, 0
421364, 3, 0
421420, 0, 1
421424, 1, 0
421478, 2, 0
421489, 3, 1
421545, 0, 0
421549, 1, 0
421603, 2, 1
421614, 3, 0
421670, 0, 1
421675, 1, 1
421728, 2, 0
421739, 3, bit 0
421739, 3, 0
421795, 0, 0
421800, 1, 1
421853, 2, 1
421864, 3, 1
421920, 0, 1
421925, 1, 0
421978, 2, bit 1
421978, 2, 0
421989, 3, 0
422045, 0, bit 1
422045, 0, 1
422050, 1, 1
422103, 2, 1
422114, 3, 1
422170, 0, 0
422175, 1, 0
422228, 2, 1
422239, 3, 0
422295, 0, 1
422300, 1, 0
422353, 2, 0
422364, 3, 1
422420, 0, 0
422425, 1, 1
422478, 2, 0
422489, 3, 1
422545, 0, 0
422550, 1, 1
422603, 2, 1
422614, 3, 0
422670, 0, 1
422675, 1, 0
422728, 2, 1
422739, 3, 0
422795, 0, 0
422800, 1, bit 1
422800, 1, 0
422853, 2, 0
422864, 3, 1
422920, 0, 1
422925, 1, 1
422978, 2, 0
422989, 3, 0
423045, 0, 0
423050, 1, 0
423103, 2, 1
423114, 3, 1
423170, 0, 1
423175, 1, 1
423228, 2, 1
423239, 3, 0
423296, 0, 0
423300, 1, 1
423353, 2, 0
423364, 3, 1
423421, 0, 1
423425, 1, 0
423478, 2, 1
423489, 3, bit 1
423489, 3, 1
423546, 0, 0
423550, 1, 0
423603, 2, 0
423614, 3, 0
423671, 0, 1
423675, 1, 1
423728, 2, bit 0
423728, 2, 1
423739, 3, 1
423796, 0, bit 1
423796, 0, 1
423800, 1, 0
423853, 2, 0
423864, 3, 0
423921, 0, 0
423925, 1, 1
423979, 2, 0
423989, 3, 1
424046, 0, 1
424050, 1, 1
424104, 2, 1
424114, 3, 0
424171, 0, 0
424175, 1, 0
424229, 2, 1
424239, 3, 0
424296, 0, 0
424300, 1, 0
424354, 2, 0
424364, 3, 1
424421, 0, 1
424425, 1, 1
424479, 2, 0
424489, 3, 1
424546, 0, 0
424550, 1, bit 0
424550, 1, 1
424604, 2, 1
424614, 3, 0
424671, 0, 1
424675, 1, 0
424729, 2, 1
424739, 3, 1
424796, 0, 0
424800, 1, 1
424854, 2, 0
424864, 3, 0
424921, 0, 1
424925, 1, 0
424979, 2, 0
424989, 3, 1
425046, 0, 0
425050, 1, 0
425104, 2, 1
425114, 3, 0
425171, 0, 1
425175, 1, 1
425229, 2, 0
425239, 3, bit 1
425239, 3, 1
425296, 0, 0
425300, 1, 1
425354, 2, 1
425364, 3, 0
425421, 0, 1
425425, 1, 0
425479, 2, bit 0
425479, 2, 1
425489, 3, 1
425546, 0, bit 0
425546, 0, 0
425550, 1, 1
425604, 2, 0
425614, 3, 0
425671, 0, 1
425675, 1, 0
425729, 2, 0
425739, 3, 1
425796, 0, 0
425800, 1, 0
425854, 2, 1
425864, 3, 0
425921, 0, 1
425925, 1, 1
425979, 2, 1
425989, 3, 0
426046, 0, 1
426050, 1, 1
426104, 2, 0
426114, 3, 1
426171, 0, 0
426175, 1, 0
426229, 2, 0
426240, 3, 1
426296, 0, 1
426300, 1, bit 1
426300, 1, 0
426354, 2, 1
426365, 3, 0
426421, 0, 0
426425, 1, 1
426479, 2, 1
426490, 3, 1
426546, 0, 1
426550, 1, 0
426604, 2, 0
426615, 3, 0
426671, 0, 0
426675, 1, 1
426729, 2, 0
426740, 3, 1
426796, 0, 1
426800, 1, 1
426854, 2, 1
426865, 3, 0
426921, 0, 0
426925, 1, 0
426979, 2, 0
426990, 3, bit 0
426990, 3, 0
427046, 0, 1
427051, 1, 0
427104, 2, 1
427115, 3, 1
427171, 0, 0
427176, 1, 1
427229, 2, bit 0
427229, 2, 1
427240, 3, 0
427296, 0, bit 0
427296, 0, 0
427301, 1, 0
427354, 2, 0
427365, 3, 1
427421, 0, 1
427426, 1, 1
427479, 2, 0
427490, 3, 0
427546, 0, 0
427551, 1, 1
427604, 2, 1
427615, 3, 1
427671, 0, 1
427676, 1, 0
427729, 2, 1
427740, 3, 1
427796, 0, 1
427801, 1, 0
427854, 2, 0
427865, 3, 0
427921, 0, 0
427926, 1, 1
427979, 2, 0
427990, 3, 0
428046, 0, 1
428051, 1, bit 1
428051, 1, 0
428104, 2, 1
428115, 3, 1
428171, 0, 0
428176, 1, 1
428229, 2, 1
428240, 3, 0
428296, 0, 1
428301, 1, 0
428354, 2, 0
428365, 3, 1
428421, 0, 0
428426, 1, 1
428479, 2, 0
428490, 3, 0
428546, 0, 1
428551, 1, 1
428604, 2, 1
428615, 3, 1
428672, 0, 0
428676, 1, 0
428729, 2, 0
428740, 3, bit 0
428740, 3, 0
428797, 0, 1
428801, 1, 0
428854, 2, 1
428865, 3, 1
428922, 0, 0
428926, 1, 1
428979, 2, bit 1
428979, 2, 0
428990, 3, 0
429047, 0, bit 0
429047, 0, 0
429051, 1, 0
429104, 2, 1
429115, 3, 1
429172, 0, 1
429176, 1, 1
429229, 2, 1
429240, 3, 0
429297, 0, 0
429301, 1, 1
429355, 2, 0
429365, 3, 1
429422, 0, 1
429426, 1, 0
429480, 2, 0
429490, 3, 1
429547, 0, 1
429551, 1, 0
429605, 2, 1
429615, 3, 0
429672, 0, 0
429676, 1, 1
429730, 2, 1
429740, 3, 0
429797, 0, 1
429801, 1, bit 0
429801, 1, 1
429855, 2, 0
429865, 3, 1
429922, 0, 0
429926, 1, 0
429980, 2, 0
429990, 3, 0
430047, 0, 1
430051, 1, 1
430105, 2, 1
430115, 3, 1
430172, 0, 0
430176, 1, 0
430230, 2, 1
430240, 3, 0
430297, 0, 1
430301, 1, 0
430355, 2, 0
430365, 3, 1
430422, 0, 0
430426, 1, 1
430480, 2, 1
430490, 3, bit 1
430490, 3, 1
430547, 0, 1
430551, 1, 1
430605, 2, 0
430615, 3, 0
430672, 0, 0
430676, 1, 0
430730, 2, bit 0
430730, 2, 1
430740, 3, 1
430797, 0, bit 1
430797, 0, 1
430801, 1, 1
430855, 2, 0
430865, 3, 0
430922, 0, 0
430926, 1, 0
430980, 2, 0
430990, 3, 1
431047, 0, 1
431051, 1, 0
431105, 2, 1
431115, 3, 0
431172, 0, 0
431176, 1, 1
431230, 2, 1
431240, 3, 0
431297, 0, 0
431301, 1, 1
431355, 2, 0
431365, 3, 1
431422, 0, 1
431426, 1, 0
431480, 2, 0
431490, 3, 1
431547, 0, 0
431551, 1, bit 0
431551, 1, 1
431605, 2, 1
431616, 3, 0
431672, 0, 1
431676, 1, 0
431730, 2, 1
431741, 3, 1
431797, 0, 0
431801, 1, 1
431855, 2, 0
431866, 3, 0
431922, 0, 1
431926, 1, 0
431980, 2, 0
431991, 3, 1
432047, 0, 0
432051, 1, 0
432105, 2, 1
432116, 3, 0
432172, 0, 1
432176, 1, 1
432230, 2, 0
432241, 3, bit 0
432241, 3, 0
432297, 0, 0
432301, 1, 1
432355, 2, 1
432366, 3, 1
432422, 0, 1
432427, 1, 0
432480, 2, bit 0
432480, 2, 1
432491, 3, 0
432547, 0, bit 1
432547, 0, 1
432552, 1, 1
432605, 2, 0
432616, 3, 1
432672, 0, 0
432677, 1, 0
432730, 2, 0
432741, 3, 0
432797, 0, 1
432802, 1, 0
432855, 2, 1
432866, 3, 1
432922, 0, 0
432927, 1, 1
432980, 2, 1
432991, 3, 1
433047, 0, 0
433052, 1, 1
433105, 2, 0
433116, 3, 0
433172, 0, 1
433177, 1, 0
433230, 2, 0
433241, 3, 0
433297, 0, 0
433302, 1, bit 1
433302, 1, 0
433355, 2, 1
433366, 3, 1
433422, 0, 1
433427, 1, 1
433480, 2, 1
433491, 3, 0
433547, 0, 0
433552, 1, 0
433605, 2, 0
433616, 3, 1
433672, 0, 1
433677, 1, 1
433730, 2, 0
433741, 3, 0
433797, 0, 0
433802, 1, 1
433855, 2, 1
433866, 3, 1
433922, 0, 1
433927, 1, 0
433980, 2, 0
433991, 3, bit 1
433991, 3, 1
434048, 0, 0
434052, 1, 0
434105, 2, 1
434116, 3, 0
434173, 0, 1
434177, 1, 1
434230, 2, bit 1
434230, 2, 0
434241, 3, 1
434298, 0, bit 0
434298, 0, 0
434302, 1, 0
434355, 2, 1
434366, 3, 0
434423, 0, 1
434427, 1, 1
434480, 2, 1
434491, 3, 1
434548, 0, 0
434552, 1, 1
434605, 2, 0
434616, 3, 0
434673, 0, 1
434677, 1, 0
434731, 2, 0
434741, 3, 0
434798, 0, 1
434802, 1, 0
434856, 2, 1
434866, 3, 1
434923, 0, 0
434927, 1, 1
434981, 2, 1
434991, 3, 1
435048, 0, 1
435052, 1, bit 1
435052, 1, 0
435106, 2, 0
435116, 3, 0
435173, 0, 0
435177, 1, 1
435231, 2, 0
435241, 3, 1
435298, 0, 1
435302, 1, 0
435356, 2, 1
435366, 3, 0
435423, 0, 0
435427, 1, 1
435481, 2, 1
435491, 3, 1
435548, 0, 1
435552, 1, 1
435606, 2, 0
435616, 3, 0
435673, 0, 0
435677, 1, 0
435731, 2, 1
435741, 3, bit 0
435741, 3, 0
435798, 0, 1
435802, 1, 0
435856, 2, 0
435866, 3, 1
435923, 0, 0
435927, 1, 1
435981, 2, bit 0
435981, 2, 1
435991, 3, 0
436048, 0, bit 0
436048, 0, 0
436052, 1, 0
436106, 2, 0
436116, 3, 1
436173, 0, 1
436177, 1, 1
436231, 2, 0
436241, 3, 0
436298, 0, 0
436302, 1, 1
436356, 2, 1
436366, 3, 1
436423, 0, 1
436427, 1, 0
436481, 2, 1
436491, 3, 1
436548, 0, 1
436552, 1, 0
436606, 2, 0
436616, 3, 0
436673, 0, 0
436677, 1, 1
436731, 2, 0
436741, 3, 0
436798, 0, 1
436802, 1, bit 1
436802, 1, 0
436856, 2, 1
436866, 3, 1
436923, 0, 0
436927, 1, 1
436981, 2, 1
436992, 3, 0
437048, 0, 1
437052, 1, 0
437106, 2, 0
437117, 3, 1
437173, 0, 0
437177, 1, 1
437231, 2, 0
437242, 3, 0
437298, 0, 1
437302, 1, 1
437356, 2, 1
437367, 3, 1
437423, 0, 0
437427, 1, 0
437481, 2, 0
437492, 3, bit 1
437492, 3, 1
437548, 0, 1
437552, 1, 0
437606, 2, 1
437617, 3, 0
437673, 0, 0
437677, 1, 1
437731, 2, bit 0
437731, 2, 1
437742, 3, 1
437798, 0, bit 1
437798, 0, 1
437803, 1, 0
437856, 2, 0
437867, 3, 0
437923, 0, 0
437928, 1, 1
437981, 2, 0
437992, 3, 1
438048, 0, 1
438053, 1, 1
438106, 2, 1
438117, 3, 0
438173, 0, 0
438178, 1, 0
438231, 2, 1
438242, 3, 0
438298, 0, 0
438303, 1, 0
438356, 2, 0
438367, 3, 1
438423, 0, 1
438428, 1, 1
438481, 2, 0
438492, 3, 1
438548, 0, 0
438553, 1, bit 0
438553, 1, 1
438606, 2, 1
438617, 3, 0
438673, 0, 1
438678, 1, 0
438731, 2, 1
438742, 3, 1
438798, 0, 0
438803, 1, 1
438856, 2, 0
438867, 3, 0
438923, 0, 1
438928, 1, 0
438981, 2, 0
438992, 3, 1
439048, 0, 0
439053, 1, 0
439106, 2, 1
439117, 3, 0
439173, 0, 1
439178, 1, 1
439231, 2, 0
439242, 3, bit 0
439242, 3, 0
439298, 0, 0
439303, 1, 1
439356, 2, 1
439367, 3, 1
439424, 0, 1
439428, 1, 0
439481, 2, bit 0
439481, 2, 1
439492, 3, 0
439549, 0, bit 0
439549, 0, 0
439553, 1, 1
439606, 2, 0
439617, 3, 1
439674, 0, 1
439678, 1, 0
439731, 2, 0
439742, 3, 0
439799, 0, 0
439803, 1, 0
439856, 2, 1
439867, 3, 1
439924, 0, 1
439928, 1, 1
439981, 2, 1
439992, 3, 1
440049, 0, 1
440053, 1, 1
440107, 2, 0
440117, 3, 0
440174, 0, 0
440178, 1, 0
440232, 2, 0
440242, 3, 0
440299, 0, 1
440303, 1, bit 1
440303, 1, 0
440357, 2, 1
440367, 3, 1
440424, 0, 0
440428, 1, 1
440482, 2, 1
440492, 3, 0
440549, 0, 1
440553, 1, 0
440607, 2, 0
440617, 3, 1
440674, 0, 0
440678, 1, 1
440732, 2, 0
440742, 3, 0
440799, 0, 1
440803, 1, 1
440857, 2, 1
440867, 3, 1
440924, 0, 0
440928, 1, 0
440982, 2, 0
440992, 3, bit 1
440992, 3, 1
441049, 0, 1
441053, 1, 0
441107, 2, 1
441117, 3, 0
441174, 0, 0
441178, 1, 1
441232, 2, bit 0
441232, 2, 1
441242, 3, 1
441299, 0, bit 0
441299, 0, 0
441303, 1, 0
441357, 2, 0
441367, 3, 0
441424, 0, 1
441428, 1, 1
441482, 2, 0
441492, 3, 1
441549, 0, 0
441553, 1, 1
441607, 2, 1
441617, 3, 0
441674, 0, 1
441678, 1, 0
441732, 2, 1
441742, 3, 0
441799, 0, 1
441803, 1, 0
441857, 2, 0
441867, 3, 1
441924, 0, 0
441928, 1, 1
441982, 2, 0
441992, 3, 1
442049, 0, 1
442053, 1, bit 1
442053, 1, 0
442107, 2, 1
442117, 3, 0
442174, 0, 0
442178, 1, 1
442232, 2, 1
442242, 3, 1
442299, 0, 1
442303, 1, 0
442357, 2, 0
442368, 3, 0
442424, 0, 0
442428, 1, 1
442482, 2, 0
442493, 3, 1
442549, 0, 1
442553, 1, 1
442607, 2, 1
442618, 3, 0
442674, 0, 0
442678, 1, 0
442732, 2, 0
442743, 3, bit 0
442743, 3, 0
442799, 0, 1
442803, 1, 0
442857, 2, 1
442868, 3, 1
442924, 0, 0
442928, 1, 1
442982, 2, bit 1
442982, 2, 0
442993, 3, 0
443049, 0, bit 1
443049, 0, 1
443053, 1, 0
443107, 2, 1
443118, 3, 1
443174, 0, 0
443179, 1, 1
443232, 2, 1
443243, 3, 0
443299, 0, 1
443304, 1, 1
443357, 2, 0
443368, 3, 1
443424, 0, 0
443429, 1, 0
443482, 2, 0
443493, 3, 1
443549, 0, 0
443554, 1, 0
443607, 2, 1
443618, 3, 0
443674, 0, 1
443679, 1, 1
443732, 2, 1
443743, 3, 0
443799, 0, 0
443804, 1, bit 0
443804, 1, 1
443857, 2, 0
443868, 3, 1
443924, 0, 1
443929, 1, 0
443982, 2, 0
443993, 3, 0
444049, 0, 0
444054, 1, 1
444107, 2, 1
444118, 3, 1
444174, 0, 1
444179, 1, 0
444232, 2, 1
444243, 3, 0
444299, 0, 0
444304, 1, 0
444357, 2, 0
444368, 3, 1
444424, 0, 1
444429, 1, 1
444482, 2, 1
444493, 3, bit 1
444493, 3, 1
444549, 0, 0
444554, 1, 1
444607, 2, 0
444618, 3, 0
444674, 0, 1
444679, 1, 0
444732, 2, bit 1
444732, 2, 0
444743, 3, 1
444800, 0, bit 0
444800, 0, 0
444804, 1, 1
444857, 2, 1
444868, 3, 0
444925, 0, 1
444929, 1, 0
444982, 2, 1
444993, 3, 1
445050, 0, 0
445054, 1, 0
445107, 2, 0
445118, 3, 0
445175, 0, 1
445179, 1, 1
445232, 2, 0
445243, 3, 0
445300, 0, 1
445304, 1, 1
445357, 2, 1
445368, 3, 1
445425, 0, 0
445429, 1, 0
445483, 2, 1
445493, 3, 1
445550, 0, 1
445554, 1, bit 0
445554, 1, 1
445608, 2, 0
445618, 3, 0
445675, 0, 0
445679, 1, 0
445733, 2, 0
445743, 3, 1
445800, 0, 1
445804, 1, 1
445858, 2, 1
445868, 3, 0
445925, 0, 0
445929, 1, 0
445983, 2, 1
445993, 3, 1
446050, 0, 1
446054, 1, 0
446108, 2, 0
446118, 3, 0
446175, 0, 0
446179, 1, 1
446233, 2, 1
446243, 3, bit 0
446243, 3, 0
446300, 0, 1
446304, 1, 1
446358, 2, 0
446368, 3, 1
446425, 0, 0
446429, 1, 0
446483, 2, bit 0
446483, 2, 1
446493, 3, 0
446550, 0, bit 1
446550, 0, 1
446554, 1, 1
446608, 2, 0
446618, 3, 1
446675, 0, 0
446679, 1, 0
446733, 2, 0
446743, 3, 0
446800, 0, 1
446804, 1, 0
446858, 2, 1
446868, 3, 1
446925, 0, 0
446929, 1, 1
446983, 2, 1
446993, 3, 1
447050, 0, 0
447054, 1, 1
447108, 2, 0
447118, 3, 0
447175, 0, 1
447179, 1, 0
447233, 2, 0
447243, 3, 0
447300, 0, 0
447304, 1, bit 0
447304, 1, 1
447358, 2, 1
447368, 3, 1
447425, 0, 1
447429, 1, 0
447483, 2, 1
447493, 3, 0
447550, 0, 0
447554, 1, 1
447608, 2, 0
447618, 3, 1
447675, 0, 1
447679, 1, 0
447733, 2, 0
447744, 3, 0
447800, 0, 0
447804, 1, 0
447858, 2, 1
447869, 3, 1
447925, 0, 1
447929, 1, 1
447983, 2, 0
447994, 3, bit 1
447994, 3, 1
448050, 0, 0
448054, 1, 1
448108, 2, 1
448119, 3, 0
448175, 0, 1
448179, 1, 0
448233, 2, bit 1
448233, 2, 0
448244, 3, 1
448300, 0, bit 1
448300, 0, 1
448304, 1, 1
448358, 2, 1
448369, 3, 0
448425, 0, 0
448429, 1, 0
448483, 2, 1
448494, 3, 1
448550, 0, 1
448555, 1, 0
448608, 2, 0
448619, 3, 0
448675, 0, 0
448680, 1, 1
448733, 2, 0
448744, 3, 0
448800, 0, 0
448805, 1, 1
448858, 2, 1
448869, 3, 1
448925, 0, 1
448930, 1, 0
448983, 2, 1
448994, 3, 1
449050, 0, 0
449055, 1, bit 1
449055, 1, 0
449108, 2, 0
449119, 3, 0
449175, 0, 1
449180, 1, 1
449233, 2, 0
449244, 3, 1
449300, 0, 0
449305, 1, 0
449358, 2, 1
449369, 3, 0
449425, 0, 1
449430, 1, 1
449483, 2, 1
449494, 3, 1
449550, 0, 0
449555, 1, 1
449608, 2, 0
449619, 3, 0
449675, 0, 1
449680, 1, 0
449733, 2, 1
449744, 3, bit 0
449744, 3, 0
449800, 0, 0
449805, 1, 0
449858, 2, 0
449869, 3, 1
449925, 0, 1
449930, 1, 1
449983, 2, bit 0
449983, 2, 1
449994, 3, 0
450050, 0, bit 0
450050, 0, 0
450055, 1, 0
450108, 2, 0
450119, 3, 1
450176, 0, 1
450180, 1, 1
450233, 2, 0
450244, 3, 0
450301, 0, 0
450305, 1, 1
450358, 2, 1
450369, 3, 1
450426, 0, 1
450430, 1, 0
450483, 2, 1
450494, 3, 1
450551, 0, 1
450555, 1, 0
450608, 2, 0
450619, 3, 0
450676, 0, 0
450680, 1, 1
450733, 2, 0
450744, 3, 0
450801, 0, 1
450805, 1, bit 0
450805, 1, 1
450859, 2, 1
450869, 3, 1
450926, 0, 0
450930, 1, 0
450984, 2, 1
450994, 3, 0
451051, 0, 1
451055, 1, 1
451109, 2, 0
451119, 3, 1
451176, 0, 0
451180, 1, 0
451234, 2, 0
451244, 3, 0
451301, 0, 1
451305, 1, 0
451359, 2, 1
451369, 3, 1
451426, 0, 0
451430, 1, 1
451484, 2, 0
451494, 3, bit 0
451494, 3, 0
451551, 0, 1
451555, 1, 1
451609, 2, 1
451619, 3, 1
451676, 0, 0
451680, 1, 0
451734, 2, bit 1
451734, 2, 0
451744, 3, 0
451801, 0, bit 0
451801, 0, 0
451805, 1, 1
451859, 2, 1
451869, 3, 1
451926, 0, 1
451930, 1, 0
451984, 2, 1
451994, 3, 0
452051, 0, 0
452055, 1, 0
452109, 2, 0
452119, 3, 1
452176, 0, 1
452180, 1, 1
452234, 2, 0
452244, 3, 1
452301, 0, 1
452305, 1, 1
452359, 2, 1
452369, 3, 0
452426, 0, 0
452430, 1, 0
452484, 2, 1
452494, 3, 0
452551, 0, 1
452555, 1, bit 0
452555, 1, 1
452609, 2, 0
452619, 3, 1
452676, 0, 0
452680, 1, 0
452734, 2, 0
452744, 3, 0
452801, 0, 1
452805, 1, 1
452859, 2, 1
452869, 3, 1
452926, 0, 0
452930, 1, 0
452984, 2, 1
452994, 3, 0
453051, 0, 1
453055, 1, 0
453109, 2, 0
453120, 3, 1
453176, 0, 0
453180, 1, 1
453234, 2, 1
453245, 3, bit 0
453245, 3, 0
453301, 0, 1
453305, 1, 1
453359, 2, 0
453370, 3, 1
453426, 0, 0
453430, 1, 0
453484, 2, bit 0
453484, 2, 1
453495, 3, 0
453551, 0, bit 0
453551, 0, 0
453555, 1, 1
453609, 2, 0
453620, 3, 1
453676, 0, 1
453680, 1, 0
453734, 2, 0
453745, 3, 0
453801, 0, 0
453805, 1, 0
453859, 2, 1
453870, 3, 1
453926, 0, 1
453931, 1, 1
453984, 2, 1
453995, 3, 1
454051, 0, 1
454056, 1, 1
454109, 2, 0
454120, 3, 0
454176, 0, 0
454181, 1, 0
454234, 2, 0
454245, 3, 0
454301, 0, 1
454306, 1, bit 0
454306, 1, 1
454359, 2, 1
454370, 3, 1
454426, 0, 0
454431, 1, 0
454484, 2, 1
454495, 3, 0
454551, 0, 1
454556, 1, 1
454609, 2, 0
454620, 3, 1
454676, 0, 0
454681, 1, 0
454734, 2, 0
454745, 3, 0
454801, 0, 1
454806, 1, 0
454859, 2, 1
454870, 3, 1
454926, 0, 0
454931, 1, 1
454984, 2, 0
454995, 3, bit 0
454995, 3, 0
455051, 0, 1
455056, 1, 1
455109, 2, 1
455120, 3, 1
455176, 0, 0
455181, 1, 0
455234, 2, bit 0
455234, 2, 1
455245, 3, 0
455301, 0, bit 0
455301, 0, 0
455306, 1, 1
455359, 2, 0
455370, 3, 1
455426, 0, 1
455431, 1, 0
455484, 2, 0
455495, 3, 0
455552, 0, 0
455556, 1, 0
455609, 2, 1
455620, 3, 1
455677, 0, 1
455681, 1, 1
455734, 2, 1
455745, 3, 1
455802, 0, 1
455806, 1, 1
455859, 2, 0
455870, 3, 0
455927, 0, 0
455931, 1, 0
455984, 2, 0
455995, 3, 0
456052, 0, 1
456056, 1, bit 0
456056, 1, 1
456109, 2, 1
456120, 3, 1
456177, 0, 0
456181, 1, 0
456235, 2, 1
456245, 3, 0
456302, 0, 1
456306, 1, 1
456360, 2, 0
456370, 3, 1
456427, 0, 0
456431, 1, 0
456485, 2, 0
456495, 3, 0
456552, 0, 1
456556, 1, 0
456610, 2, 1
456620, 3, 1
456677, 0, 0
456681, 1, 1
456735, 2, 0
456745, 3, bit 0
456745, 3, 0
456802, 0, 1
456806, 1, 1
456860, 2, 1
456870, 3, 1
456927, 0, 0
456931, 1, 0
456985, 2, bit 0
456985, 2, 1
456995, 3, 0
457052, 0, bit 1
457052, 0, 1
457056, 1, 1
457110, 2, 0
457120, 3, 1
457177, 0, 0
457181, 1, 0
457235, 2, 0
457245, 3, 0
457302, 0, 1
457306, 1, 0
457360, 2, 1
457370, 3, 1
457427, 0, 0
457431, 1, 1
457485, 2, 1
457495, 3, 1
457552, 0, 0
457556, 1, 1
457610, 2, 0
457620, 3, 0
457677, 0, 1
457681, 1, 0
457735, 2, 0
457745, 3, 0
457802, 0, 0
457806, 1, bit 0
457806, 1, 1
457860, 2, 1
457870, 3, 1
457927, 0, 1
457931, 1, 0
457985, 2, 1
457995, 3, 0
458052, 0, 0
458056, 1, 1
458110, 2, 0
458120, 3, 1
458177, 0, 1
458181, 1, 0
458235, 2, 0
458245, 3, 0
458302, 0, 0
458306, 1, 0
458360, 2, 1
458370, 3, 1
458427, 0, 1
458431, 1, 1
458485, 2, 0
458496, 3, bit 1
458496, 3, 1
458552, 0, 0
458556, 1, 1
458610, 2, 1
458621, 3, 0
458677, 0, 1
458681, 1, 0
458735, 2, bit 0
458735, 2, 1
458746, 3, 1
458802, 0, bit 1
458802, 0, 1
458806, 1, 1
458860, 2, 0
458871, 3, 0
458927, 0, 0
458931, 1, 0
458985, 2, 0
458996, 3, 1
459052, 0, 1
459056, 1, 0
459110, 2, 1
459121, 3, 0
459177, 0, 0
459181, 1, 1
459235, 2, 1
459246, 3, 0
459302, 0, 0
459307, 1, 1
459360, 2, 0
459371, 3, 1
459427, 0, 1
459432, 1, 0
459485, 2, 0
459496, 3, 1
459552, 0, 0
459557, 1, bit 0
459557, 1, 1
459610, 2, 1
459621, 3, 0
459677, 0, 1
459682, 1, 0
459735, 2, 1
459746, 3, 1
459802, 0, 0
459807, 1, 1
459860, 2, 0
459871, 3, 0
459927, 0, 1
459932, 1, 0
459985, 2, 0
459996, 3, 1
460052, 0, 0
460057, 1, 0
460110, 2, 1
460121, 3, 0
460177, 0, 1
460182, 1, 1
460235, 2, 0
460246, 3, bit 1
460246, 3, 1
460302, 0, 0
460307, 1, 1
460360, 2, 1
460371, 3, 0
460427, 0, 1
460432, 1, 0
460485, 2, bit 1
460485, 2, 0
460496, 3, 1
460552, 0, bit 1
460552, 0, 1
460557, 1, 1
460610, 2, 1
460621, 3, 0
460677, 0, 0
460682, 1, 0
460735, 2, 1
460746, 3, 1
460802, 0, 1
460807, 1, 0
460860, 2, 0
460871, 3, 0
460928, 0, 0
460932, 1, 1
460985, 2, 0
460996, 3, 0
461053, 0, 0
461057, 1, 1
461110, 2, 1
461121, 3, 1
461178, 0, 1
461182, 1, 0
461235, 2, 1
461246, 3, 1
461303, 0, 0
461307, 1, bit 1
461307, 1, 0
461360, 2, 0
461371, 3, 0
461428, 0, 1
461432, 1, 1
461485, 2, 0
461496, 3, 1
461553, 0, 0
461557, 1, 0
461611, 2, 1
461621, 3, 0
461678, 0, 1
461682, 1, 1
461736, 2, 1
461746, 3, 1
461803, 0, 0
461807, 1, 1
461861, 2, 0
461871, 3, 0
461928, 0, 1
461932, 1, 0
461986, 2, 1
461996, 3, bit 0
461996, 3, 0
462053, 0, 0
462057, 1, 0
462111, 2, 0
462121, 3, 1
462178, 0, 1
462182, 1, 1
462236, 2, bit 1
462236, 2, 0
462246, 3, 0
462303, 0, bit 0
462303, 0, 0
462307, 1, 0
462361, 2, 1
462371, 3, 1
462428, 0, 1
462432, 1, 1
462486, 2, 1
462496, 3, 0
462553, 0, 0
462557, 1, 1
462611, 2, 0
462621, 3, 1
462678, 0, 1
462682, 1, 0
462736, 2, 0
462746, 3, 1
462803, 0, 1
462807, 1, 0
462861, 2, 1
462871, 3, 0
462928, 0, 0
462932, 1, 1
462986, 2, 1
462996, 3, 0
463053, 0, 1
463057, 1, bit 0
463057, 1, 1
463111, 2, 0
463121, 3, 1
463178, 0, 0
463182, 1, 0
463236, 2, 0
463246, 3, 0
463303, 0, 1
463307, 1, 1
463361, 2, 1
463371, 3, 1
463428, 0, 0
463432, 1, 0
463486, 2, 1
463496, 3, 0
463553, 0, 1
463557, 1, 0
463611, 2, 0
463621, 3, 1
463678, 0, 0
463682, 1, 1
463736, 2, 1
463746, 3, bit 1
463746, 3, 1
463803, 0, 1
463807, 1, 1
463861, 2, 0
463872, 3, 0
463928, 0, 0
463932, 1, 0
463986, 2, bit 0
463986, 2, 1
463997, 3, 1
464053, 0, bit 0
464053, 0, 0
464057, 1, 1
464111, 2, 0
464122, 3, 0
464178, 0, 1
464182, 1, 0
464236, 2, 0
464247, 3, 1
464303, 0, 0
464307, 1, 0
464361, 2, 1
464372, 3, 0
464428, 0, 1
464432, 1, 1
464486, 2, 1
464497, 3, 0
464553, 0, 1
464557, 1, 1
464611, 2, 0
464622, 3, 1
464678, 0, 0
464683, 1, 0
464736, 2, 0
464747, 3, 1
464803, 0, 1
464808, 1, bit 1
464808, 1, 0
464861, 2, 1
464872, 3, 0
464928, 0, 0
464933, 1, 1
464986, 2, 1
464997, 3, 1
465053, 0, 1
465058, 1, 0
465111, 2, 0
465122, 3, 0
465178, 0, 0
465183, 1, 1
465236, 2, 0
465247, 3, 1
465303, 0, 1
465308, 1, 1
465361, 2, 1
465372, 3, 0
465428, 0, 0
465433, 1, 0
465486, 2, 0
465497, 3, bit 1
465497, 3, 1
465553, 0, 1
465558, 1, 0
465611, 2, 1
465622, 3, 0
465678, 0, 0
465683, 1, 1
465736, 2, bit 1
465736, 2, 0
465747, 3, 1
465803, 0, bit 0
465803, 0, 0
465808, 1, 0
465861, 2, 1
465872, 3, 0
465928, 0, 1
465933, 1, 1
465986, 2, 1
465997, 3, 1
466053, 0, 0
466058, 1, 1
466111, 2, 0
466122, 3, 0
466178, 0, 1
466183, 1, 0
466236, 2, 0
466247, 3, 0
466304, 0, 1
466308, 1, 0
466361, 2, 1
466372, 3, 1
466429, 0, 0
466433, 1, 1
466486, 2, 1
466497, 3, 1
466554, 0, 1
466558, 1, bit 0
466558, 1, 1
466611, 2, 0
466622, 3, 0
466679, 0, 0
466683, 1, 0
466736, 2, 0
466747, 3, 1
466804, 0, 1
466808, 1, 1
466861, 2, 1
466872, 3, 0
466929, 0, 0
466933, 1, 0
466987, 2, 1
466997, 3, 1
467054, 0, 1
467058, 1, 0
467112, 2, 0
467122, 3, 0
467179, 0, 0
467183, 1, 1
467237, 2, 1
467247, 3, bit 0
467247, 3, 0
467304, 0, 1
467308, 1, 1
467362, 2, 0
467372, 3, 1
467429, 0, 0
467433, 1, 0
467487, 2, bit 1
467487, 2, 0
467497, 3, 0
467554, 0, bit 0
467554, 0, 0
467558, 1, 1
467612, 2, 1
467622, 3, 1
467679, 0, 1
467683, 1, 0
467737, 2, 1
467747, 3, 0
467804, 0, 0
467808, 1, 0
467862, 2, 0
467872, 3, 1
467929, 0, 1
467933, 1, 1
467987, 2, 0
467997, 3, 1
468054, 0, 1
468058, 1, 1
468112, 2, 1
468122, 3, 0
468179, 0, 0
468183, 1, 0
468237, 2, 1
468247, 3, 0
468304, 0, 1
468308, 1, bit 0
468308, 1, 1
468362, 2, 0
468372, 3, 1
468429, 0, 0
468433, 1, 0
468487, 2, 0
468497, 3, 0
468554, 0, 1
468558, 1, 1
468612, 2, 1
468622, 3, 1
468679, 0, 0
468683, 1, 0
468737, 2, 1
468747, 3, 0
468804, 0, 1
468808, 1, 0
468862, 2, 0
468872, 3, 1
468929, 0, 0
468933, 1, 1
468987, 2, 1
468997, 3, bit 0
468997, 3, 0
469054, 0, 1
469058, 1, 1
469112, 2, 0
469122, 3, 1
469179, 0, 0
469183, 1, 0
469237, 2, bit 1
469237, 2, 0
469248, 3, 0
469304, 0, bit 1
469304, 0, 1
469308, 1, 1
469362, 2, 1
469373, 3, 1
469429, 0, 0
469433, 1, 0
469487, 2, 1
469498, 3, 0
469554, 0, 1
469558, 1, 0
469612, 2, 0
469623, 3, 1
469679, 0, 0
469683, 1, 1
469737, 2, 0
469748, 3, 1
469804, 0, 0
469808, 1, 1
469862, 2, 1
469873, 3, 0
469929, 0, 1
469933, 1, 0
469987, 2, 1
469998, 3, 0
470054, 0, 0
470059, 1, bit 0
470059, 1, 1
470112, 2, 0
470123, 3, 1
470179, 0, 1
470184, 1, 0
470237, 2, 0
470248, 3, 0
470304, 0, 0
470309, 1, 1
470362, 2, 1
470373, 3, 1
470429, 0, 1
470434, 1, 0
470487, 2, 1
470498, 3, 0
470554, 0, 0
470559, 1, 0
470612, 2, 0
470623, 3, 1
470679, 0, 1
470684, 1, 1
470737, 2, 1
470748, 3, bit 1
470748, 3, 1
470804, 0, 0
470809, 1, 1
470862, 2, 0
470873, 3, 0
470929, 0, 1
470934, 1, 0
470987, 2, bit 0
470987, 2, 1
470998, 3, 1
471054, 0, bit 1
471054, 0, 1
471059, 1, 1
471112, 2, 0
471123, 3, 0
471179, 0, 0
471184, 1, 0
471237, 2, 0
471248, 3, 1
471304, 0, 1
471309, 1, 0
471362, 2, 1
471373, 3, 0
471429, 0, 0
471434, 1, 1
471487, 2, 1
471498, 3, 0
471554, 0, 0
471559, 1, 1
471612, 2, 0
471623, 3, 1
471680, 0, 1
471684, 1, 0
471737, 2, 0
471748, 3, 1
471805, 0, 0
471809, 1, bit 0
471812, 1, 1
471862, 2, 1
471873, 3, 0
471930, 0, 1
471934, 1, 0
471987, 2, 1
471998, 3, 1
472055, 0, 0
472059, 1, 1
472112, 2, 0
472123, 3, 0
472180, 0, 1
472184, 1, 0
472237, 2, 0
472248, 3, 1
472305, 0, 0
472309, 1, 0
472363, 2, 1
472373, 3, 0
472430, 0, 1
472434, 1, 1
472488, 2, 0
472498, 3, bit 0
472498, 3, 0
472555, 0, 0
472559, 1, 1
472613, 2, 1
472623, 3, 1
472680, 0, 1
472684, 1, 0
472738, 2, bit 0
472738, 2, 1
472748, 3, 0
472805, 0, bit 0
472805, 0, 0
472809, 1, 1
472863, 2, 0
472873, 3, 1
472930, 0, 1
472934, 1, 0
472988, 2, 0
472998, 3, 0
473055, 0, 0
473059, 1, 0
473113, 2, 1
473123, 3, 1
473180, 0, 1
473184, 1, 1
473238, 2, 1
473248, 3, 1
473305, 0, 1
473309, 1, 1
473363, 2, 0
473373, 3, 0
473430, 0, 0
473434, 1, 0
473488, 2, 0
473498, 3, 0
473555, 0, 1
473559, 1, bit 0
473559, 1, 1
473613, 2, 1
473623, 3, 1
473680, 0, 0
473684, 1, 0
473738, 2, 1
473748, 3, 0
473805, 0, 1
473809, 1, 1
473863, 2, 0
473873, 3, 1
473930, 0, 0
473934, 1, 0
473988, 2, 0
473998, 3, 0
474055, 0, 1
474059, 1, 0
474113, 2, 1
474123, 3, 1
474180, 0, 0
474184, 1, 1
474238, 2, 0
474248, 3, bit 1
474248, 3, 1
474305, 0, 1
474309, 1, 1
474363, 2, 1
474373, 3, 0
474430, 0, 0
474434, 1, 0
474488, 2, bit 0
474488, 2, 1
474498, 3, 1
474555, 0, bit 1
474555, 0, 1
474559, 1, 1
474613, 2, 0
474624, 3, 0
474680, 0, 0
474684, 1, 0
474738, 2, 0
474749, 3, 1
474805, 0, 1
474809, 1, 0
474863, 2, 1
474874, 3, 0
474930, 0, 0
474934, 1, 1
474988, 2, 1
474999, 3, 0
475055, 0, 0
475059, 1, 1
475113, 2, 0
475124, 3, 1
475180, 0, 1
475184, 1, 0
475238, 2, 0
475249, 3, 1
475305, 0, 0
475309, 1, bit 0
475309, 1, 1
475363, 2, 1
475374, 3, 0
475430, 0, 1
475435, 1, 0
475488, 2, 1
475499, 3, 1
475555, 0, 0
475560, 1, 1
475613, 2, 0
475624, 3, 0
475680, 0, 1
475685, 1, 0
475738, 2, 0
475749, 3, 1
475805, 0, 0
475810, 1, 0
475863, 2, 1
475874, 3, 0
475930, 0, 1
475935, 1, 1
475988, 2, 0
475999, 3, bit 0
475999, 3, 0
476055, 0, 0
476060, 1, 1
476113, 2, 1
476124, 3, 1
476180, 0, 1
476185, 1, 0
476238, 2, bit 1
476238, 2, 0
476249, 3, 0
476305, 0, bit 1
476305, 0, 1
476310, 1, 1
476363, 2, 1
476374, 3, 1
476430, 0, 0
476435, 1, 0
476488, 2, 1
476499, 3, 0
476555, 0, 1
476560, 1, 0
476613, 2, 0
476624, 3, 1
476680, 0, 0
476685, 1, 1
476738, 2, 0
476749, 3, 1
476805, 0, 0
476810, 1, 1
476863, 2, 1
476874, 3, 0
476930, 0, 1
476935, 1, 0
476988, 2, 1
476999, 3, 0
477056, 0, 0
477060, 1, bit 1
477063, 1, 0
477113, 2, 0
477124, 3, 1
477181, 0, 1
477185, 1, 1
477238, 2, 0
477249, 3, 0
477306, 0, 0
477310, 1, 0
477363, 2, 1
477374, 3, 1
477431, 0, 1
477435, 1, 1
477488, 2, 1
477499, 3, 0
477556, 0, 0
477560, 1, 1
477613, 2, 0
477624, 3, 1
477681, 0, 1
477685, 1, 0
477739, 2, 1
477749, 3, bit 1
477749, 3, 1
477806, 0, 0
477810, 1, 0
477864, 2, 0
477874, 3, 0
477931, 0, 1
477935, 1, 1
477989, 2, bit 0
477989, 2, 1
477999, 3, 1
478056, 0, bit 0
478056, 0, 0
478060, 1, 0
478114, 2, 0
478124, 3, 0
478181, 0, 1
478185, 1, 1
478239, 2, 0
478249, 3, 1
478306, 0, 0
478310, 1, 1
478364, 2, 1
478374, 3, 0
478431, 0, 1
478435, 1, 0
478489, 2, 1
478499, 3, 0
478556, 0, 1
478560, 1, 0
478614, 2, 0
478624, 3, 1
478681, 0, 0
478685, 1, 1
478739, 2, 0
478749, 3, 1
478806, 0, 1
478810, 1, bit 0
478810, 1, 1
478864, 2, 1
478874, 3, 0
478931, 0, 0
478935, 1, 0
478989, 2, 1
478999, 3, 1
479056, 0, 1
479060, 1, 1
479114, 2, 0
479124, 3, 0
479181, 0, 0
479185, 1, 0
479239, 2, 0
479249, 3, 1
479306, 0, 1
479310, 1, 0
479364, 2, 1
479374, 3, 0
479431, 0, 0
479435, 1, 1
479489, 2, 0
479499, 3, bit 1
479499, 3, 1
479556, 0, 1
479560, 1, 1
479614, 2, 1
479624, 3, 0
479681, 0, 0
479685, 1, 0
479739, 2, bit 1
479739, 2, 0
479749, 3, 1
479810, 1, 1
479864, 2, 1
479874, 3, 0
479935, 1, 0
479989, 2, 1
480000, 3, 1
480060, 1, 0
480114, 2, 0
480125, 3, 0
480185, 1, 1
480239, 2, 0
480250, 3, 0
480310, 1, 1
480364, 2, 1
480375, 3, 1
480435, 1, 0
480489, 2, 1
480500, 3, 1
480560, 1, bit 1
480560, 1, 0
480614, 2, 0
480625, 3, 0
480685, 1, 1
480739, 2, 0
480750, 3, 1
480811, 1, 0
480864, 2, 1
480875, 3, 0
480936, 1, 1
480989, 2, 1
481000, 3, 1
481061, 1, 1
481114, 2, 0
481125, 3, 0
481186, 1, 0
481239, 2, 1
481250, 3, bit 1
481250, 3, 1
481311, 1, 0
481364, 2, 0
481375, 3, 0
481436, 1, 1
481489, 2, bit 0
481489, 2, 1
481500, 3, 1
481561, 1, 0
481614, 2, 0
481625, 3, 0
481686, 1, 1
481739, 2, 0
481750, 3, 1
481811, 1, 1
481864, 2, 1
481875, 3, 0
481936, 1, 0
481989, 2, 1
482000, 3, 0
482061, 1, 0
482114, 2, 0
482125, 3, 1
482186, 1, 1
482239, 2, 0
482250, 3, 1
482311, 1, bit 0
482311, 1, 1
482364, 2, 1
482375, 3, 0
482436, 1, 0
482489, 2, 1
482500, 3, 1
482561, 1, 1
482614, 2, 0
482625, 3, 0
482686, 1, 0
482739, 2, 0
482750, 3, 1
482811, 1, 0
482864, 2, 1
482875, 3, 0
482936, 1, 1
482989, 2, 0
483000, 3, bit 1
483000, 3, 1
483061, 1, 1
483115, 2, 1
483125, 3, 0
483186, 1, 0
483240, 2, bit 0
483240, 2, 1
483250, 3, 1
483311, 1, 1
483365, 2, 0
483375, 3, 0
483436, 1, 0
483490, 2, 0
483500, 3, 1
483561, 1, 0
483615, 2, 1
483625, 3, 0
483686, 1, 1
483740, 2, 1
483750, 3, 0
483811, 1, 1
483865, 2, 0
483875, 3, 1
483936, 1, 0
483990, 2, 0
484000, 3, 1
484061, 1, bit 0
484061, 1, 1
484115, 2, 1
484125, 3, 0
484186, 1, 0
484240, 2, 1
484250, 3, 1
484311, 1, 1
484365, 2, 0
484375, 3, 0
484436, 1, 0
484490, 2, 0
484500, 3, 1
484561, 1, 0
484615, 2, 1
484625, 3, 0
484686, 1, 1
484740, 2, 0
484750, 3, bit 0
484750, 3, 0
484811, 1, 1
484865, 2, 1
484875, 3, 1
484936, 1, 0
484990, 2, bit 1
484990, 2, 0
485000, 3, 0
485061, 1, 1
485115, 2, 1
485125, 3, 1
485186, 1, 0
485240, 2, 1
485250, 3, 0
485311, 1, 0
485365, 2, 0
485376, 3, 1
485436, 1, 1
485490, 2, 0
485501, 3, 1
485561, 1, 1
485615, 2, 1
485626, 3, 0
485686, 1, 0
485740, 2, 1
485751, 3, 0
485811, 1, bit 1
485811, 1, 0
485865, 2, 0
485876, 3, 1
485936, 1, 1
485990, 2, 0
486001, 3, 0
486061, 1, 0
486115, 2, 1
486126, 3, 1
486187, 1, 1
486240, 2, 1
486251, 3, 0
486312, 1, 1
486365, 2, 0
486376, 3, 1
486437, 1, 0
486490, 2, 1
486501, 3, bit 0
486501, 3, 0
486562, 1, 0
486615, 2, 0
486626, 3, 1
486687, 1, 1
486740, 2, bit 0
486740, 2, 1
486751, 3, 0
486812, 1, 0
486865, 2, 0
486876, 3, 1
486937, 1, 1
486990, 2, 0
487001, 3, 0
487062, 1, 1
487115, 2, 1
487126, 3, 1
487187, 1, 0
487240, 2, 1
487251, 3, 1
487312, 1, 0
487365, 2, 0
487376, 3, 0
487437, 1, 1
487490, 2, 0
487501, 3, 0
487562, 1, bit 1
487562, 1, 0
487615, 2, 1
487626, 3, 1
487687, 1, 1
487740, 2, 1
487751, 3, 0
487812, 1, 0
487865, 2, 0
487876, 3, 1
487937, 1, 1
487990, 2, 0
488001, 3, 0
488062, 1, 1
488115, 2, 1
488126, 3, 1
488187, 1, 0
488240, 2, 0
488251, 3, bit 1
488251, 3, 1
488312, 1, 0
488365, 2, 1
488376, 3, 0
488437, 1, 1
488491, 2, bit 0
488491, 2, 1
488501, 3, 1
488562, 1, 0
488616, 2, 0
488626, 3, 0
488687, 1, 1
488741, 2, 0
488751, 3, 1
488812, 1, 1
488866, 2, 1
488876, 3, 0
488937, 1, 0
488991, 2, 1
489001, 3, 0
489062, 1, 0
489116, 2, 0
489126, 3, 1
489187, 1, 1
489241, 2, 0
489251, 3, 1
489312, 1, bit 0
489312, 1, 1
489366, 2, 1
489376, 3, 0
489437, 1, 0
489491, 2, 1
489501, 3, 1
489562, 1, 1
489616, 2, 0
489626, 3, 0
489687, 1, 0
489741, 2, 0
489751, 3, 1
489812, 1, 0
489866, 2, 1
489876, 3, 0
489937, 1, 1
489991, 2, 0
490001, 3, bit 1
490001, 3, 1
490062, 1, 1
490116, 2, 1
490126, 3, 0
490187, 1, 0
490241, 2, bit 1
490241, 2, 0
490251, 3, 1
490312, 1, 1
490366, 2, 1
490376, 3, 0
490437, 1, 0
490491, 2, 1
490501, 3, 1
490562, 1, 0
490616, 2, 0
490626, 3, 0
490687, 1, 1
490741, 2, 0
490752, 3, 0
490812, 1, 1
490866, 2, 1
490877, 3, 1
490937, 1, 0
490991, 2, 1
491002, 3, 1
491062, 1, bit 0
491062, 1, 1
491116, 2, 0
491127, 3, 0
491187, 1, 0
491241, 2, 0
491252, 3, 1
491312, 1, 1
491366, 2, 1
491377, 3, 0
491437, 1, 0
491491, 2, 1
491502, 3, 1
491563, 1, 0
491616, 2, 0
491627, 3, 0
491688, 1, 1
491741, 2, 1
491752, 3, bit 1
491752, 3, 1
491813, 1, 1
491866, 2, 0
491877, 3, 0
491938, 1, 0
491991, 2, bit 0
491991, 2, 1
492002, 3, 1
492063, 1, 1
492116, 2, 0
492127, 3, 0
492188, 1, 0
492241, 2, 0
492252, 3, 1
492313, 1, 0
492366, 2, 1
492377, 3, 0
492438, 1, 1
492491, 2, 1
492502, 3, 0
492563, 1, 1
492616, 2, 0
492627, 3, 1
492688, 1, 0
492741, 2, 0
492752, 3, 1
492813, 1, bit 1
492813, 1, 0
492866, 2, 1
492877, 3, 0
492938, 1, 1
492991, 2, 1
493002, 3, 1
493063, 1, 0
493116, 2, 0
493127, 3, 0
493188, 1, 1
493241, 2, 0
493252, 3, 1
493313, 1, 1
493366, 2, 1
493377, 3, 0
493438, 1, 0
493491, 2, 0
493502, 3, bit 1
493502, 3, 1
493563, 1, 0
493616, 2, 1
493627, 3, 0
493688, 1, 1
493741, 2, bit 0
493741, 2, 1
493752, 3, 1
493813, 1, 0
493867, 2, 0
493877, 3, 0
493938, 1, 1
493992, 2, 0
494002, 3, 1
494063, 1, 1
494117, 2, 1
494127, 3, 0
494188, 1, 0
494242, 2, 1
494252, 3, 0
494313, 1, 0
494367, 2, 0
494377, 3, 1
494438, 1, 1
494492, 2, 0
494502, 3, 1
494617, 2, 1
494627, 3, 0
494742, 2, 1
494752, 3, 1
494867, 2, 0
494877, 3, 0
494992, 2, 0
495002, 3, 1
495117, 2, 1
495127, 3, 0
495242, 2, 0
495252, 3, bit 0
495252, 3, 0
495367, 2, 1
495377, 3, 1
495492, 2, bit 0
495492, 2, 1
495502, 3, 0
495617, 2, 0
495627, 3, 1
495742, 2, 0
495752, 3, 0
495867, 2, 1
495877, 3, 1
495992, 2, 1
496002, 3, 1
496117, 2, 0
496128, 3, 0
496242, 2, 0
496253, 3, 0
496367, 2, 1
496378, 3, 1
496492, 2, 1
496503, 3, 0
496617, 2, 0
496628, 3, 1
496742, 2, 0
496753, 3, 0
496867, 2, 1
496878, 3, 1
496992, 2, 0
497003, 3, bit 1
497003, 3, 1
497117, 2, 1
497128, 3, 0
497242, 2, bit 0
497242, 2, 1
497253, 3, 1
497367, 2, 0
497378, 3, 0
497492, 2, 0
497503, 3, 1
497617, 2, 1
497628, 3, 0
497742, 2, 1
497753, 3, 0
497867, 2, 0
497878, 3, 1
497992, 2, 0
498003, 3, 1
498117, 2, 1
498128, 3, 0
498242, 2, 1
498253, 3, 1
498367, 2, 0
498378, 3, 0
498492, 2, 0
498503, 3, 1
498617, 2, 1
498628, 3, 0
498742, 2, 0
498753, 3, bit 1
498753, 3, 1
498867, 2, 1
498878, 3, 0
498992, 2, bit 0
498992, 2, 1
499003, 3, 1
499117, 2, 0
499128, 3, 0
499243, 2, 0
499253, 3, 1
499368, 2, 1
499378, 3, 0
499493, 2, 1
499503, 3, 0
499618, 2, 0
499628, 3, 1
499743, 2, 0
499753, 3, 1
499868, 2, 1
499878, 3, 0
499993, 2, 1
500003, 3, 1
500118, 2, 0
500128, 3, 0
500243, 2, 0
500253, 3, 1
500368, 2, 1
500378, 3, 0
500493, 2, 0
500503, 3, bit 0
500503, 3, 0
500618, 2, 1
500628, 3, 1
500743, 2, bit 1
500743, 2, 0
500753, 3, 0
500868, 2, 1
500878, 3, 1
500993, 2, 1
501003, 3, 0
501118, 2, 0
501128, 3, 1
501243, 2, 0
501253, 3, 1
501368, 2, 1
501378, 3, 0
501493, 2, 1
501504, 3, 0
501618, 2, 0
501629, 3, 1
501743, 2, 0
501754, 3, 0
501868, 2, 1
501879, 3, 1
501993, 2, 1
502004, 3, 0
502118, 2, 0
502129, 3, 1
502243, 2, 1
502254, 3, bit 0
502254, 3, 0
502368, 2, 0
502379, 3, 1
502493, 2, bit 1
502493, 2, 0
502504, 3, 0
502618, 2, 1
502629, 3, 1
502743, 2, 1
502754, 3, 0
502868, 2, 0
502879, 3, 1
502993, 2, 0
503004, 3, 1
503118, 2, 1
503129, 3, 0
503243, 2, 1
503254, 3, 0
503368, 2, 0
503379, 3, 1
503493, 2, 0
503504, 3, 0
503618, 2, 1
503629, 3, 1
503743, 2, 1
503754, 3, 0
503868, 2, 0
503879, 3, 1
503993, 2, 1
504004, 3, bit 1
504004, 3, 1
504118, 2, 0
504129, 3, 0
504243, 2, bit 1
504243, 2, 0
504254, 3, 1
504368, 2, 1
504379, 3, 0
504493, 2, 1
504504, 3, 1
504619, 2, 0
504629, 3, 0
504744, 2, 0
504754, 3, 0
504869, 2, 1
504879, 3, 1
504994, 2, 1
505004, 3, 1
505119, 2, 0
505129, 3, 0
505244, 2, 0
505254, 3, 1
505369, 2, 1
505379, 3, 0
505494, 2, 1
505504, 3, 1
505619, 2, 0
505629, 3, 0
505744, 2, 1
505754, 3, bit 1
505754, 3, 1
505869, 2, 0
505879, 3, 0
505994, 2, bit 0
505994, 2, 1
506004, 3, 1
506119, 2, 0
506129, 3, 0
506244, 2, 0
506254, 3, 1
506369, 2, 1
506379, 3, 0
506494, 2, 1
506504, 3, 0
506619, 2, 0
506629, 3, 1
506744, 2, 0
506754, 3, 1
506869, 2, 1
506880, 3, 0
506994, 2, 1
507005, 3, 1
507119, 2, 0
507130, 3, 0
507244, 2, 0
507255, 3, 1
507369, 2, 1
507380, 3, 0
507494, 2, 0
507505, 3, bit 1
507505, 3, 1
507619, 2, 1
507630, 3, 0
507744, 2, bit 0
507744, 2, 1
507755, 3, 1
507869, 2, 0
507880, 3, 0
507994, 2, 0
508005, 3, 1
508119, 2, 1
508130, 3, 0
508244, 2, 1
508255, 3, 0
508369, 2, 0
508380, 3, 1
508494, 2, 0
508505, 3, 1
508619, 2, 1
508630, 3, 0
508744, 2, 1
508755, 3, 1
508869, 2, 0
508880, 3, 0
508994, 2, 0
509005, 3, 1
509119, 2, 1
509130, 3, 0
509244, 2, 0
509255, 3, bit 0
509255, 3, 0
509369, 2, 1
509380, 3, 1
509494, 2, bit 1
509494, 2, 0
509505, 3, 0
509619, 2, 1
509630, 3, 1
509744, 2, 1
509755, 3, 0
509869, 2, 0
509880, 3, 1
509995, 2, 0
510005, 3, 1
510120, 2, 1
510130, 3, 0
510245, 2, 1
510255, 3, 0
510370, 2, 0
510380, 3, 1
510495, 2, 0
510505, 3, 0
510620, 2, 1
510630, 3, 1
510745, 2, 1
510755, 3, 0
510870, 2, 0
510880, 3, 1
510995, 2, 1
511005, 3, bit 1
511008, 3, 1
511120, 2, 0
511130, 3, 0
511255, 3, 1
511380, 3, 0
511505, 3, 1
511630, 3, 0
511755, 3, 0
511880, 3, 1
512005, 3, 1
512130, 3, 0
512256, 3, 1
512381, 3, 0
512506, 3, 1
512631, 3, 0
512756, 3, bit 1
512756, 3, 1
512881, 3, 0
513006, 3, 1
513131, 3, 0
513256, 3, 1
513381, 3, 0
513506, 3, 0
513631, 3, 1
513756, 3, 1
513881, 3, 0
514006, 3, 1
514131, 3, 0
514256, 3, 1
514381, 3, 0
514506, 3, bit 1
514506, 3, 1
514631, 3, 0
514756, 3, 1
514881, 3, 0
515006, 3, 1
515131, 3, 0
515256, 3, 0
515381, 3, 1
515506, 3, 1
515631, 3, 0
515756, 3, 1
515881, 3, 0
516006, 3, 1
516131, 3, 0
516256, 3, bit 0
516256, 3, 0
516381, 3, 1
516506, 3, 0
516631, 3, 1
516756, 3, 0
516881, 3, 1
517006, 3, 1
517131, 3, 0
517256, 3, 0
517381, 3, 1
517506, 3, 0
517632, 3, 1
517757, 3, 0
517882, 3, 1
518007, 3, bit 0
518007, 3, 0
518132, 3, 1
518257, 3, 0
518382, 3, 1
518507, 3, 0
518632, 3, 1
518757, 3, 1
518882, 3, 0
519007, 3, 0
519132, 3, 1
519257, 3, 0
519382, 3, 1
519507, 3, 0
519632, 3, 1
519757, 3, bit 1
519757, 3, 1
519882, 3, 0
520007, 3, 1
520132, 3, 0
520257, 3, 1
520382, 3, 0
520507, 3, 0
520632, 3, 1
520757, 3, 1
520882, 3, 0
521007, 3, 1
521132, 3, 0
521257, 3, 1
521382, 3, 0
521507, 3, bit 0
521507, 3, 0
521632, 3, 1
521757, 3, 0
521882, 3, 1
522007, 3, 0
522132, 3, 1
522257, 3, 1
522382, 3, 0
522507, 3, 0
522632, 3, 1
522757, 3, 0
522882, 3, 1
523008, 3, 0
523133, 3, 1
523258, 3, bit 1
523258, 3, 1
523383, 3, 0
523508, 3, 1
523633, 3, 0
523758, 3, 1
523883, 3, 0
524008, 3, 0
524133, 3, 1
524258, 3, 1
524383, 3, 0
524508, 3, 1
524633, 3, 0
524758, 3, 1
524883, 3, 0
525008, 3, bit 0
525008, 3, 0
525133, 3, 1
525258, 3, 0
525383, 3, 1
525508, 3, 0
525633, 3, 1
525758, 3, 1
525883, 3, 0
526008, 3, 0
526133, 3, 1
526258, 3, 0
526383, 3, 1
526508, 3, 0
526633, 3, 1
