125 100 4 7 8
(2, 20, 8, 10.00), (code 5)
(3, 146, 6, 10.00), (code 0)
(4, 272, 9, 10.00), (code 3)
(5, 398, 10, 10.00), (code 6)
START
790614, 0, prem 1
790614, 0, 1
790739, 0, 1
790864, 0, 1
790989, 0, 1
791114, 0, 1
791239, 0, 1
791364, 0, 1
791489, 0, 1
791614, 0, 0
791739, 0, 0
791864, 0, 0
791989, 0, 0
792114, 0, 0
792239, 0, 0
792364, 0, 0
792489, 0, 0
792614, 0, prem 0
792614, 0, 0
792739, 0, 0
792864, 0, 0
792989, 0, 0
793114, 0, 0
793239, 0, 0
793364, 0, 0
793489, 0, 0
793614, 0, 1
793739, 0, 1
793864, 0, 1
793989, 0, 1
794114, 0, 1
794240, 0, 1
794365, 0, 1
794490, 0, 1
794615, 0, prem 1
794615, 0, 1
794740, 0, 1
794865, 0, 1
794990, 0, 1
795115, 0, 1
795240, 0, 1
795365, 0, 1
795490, 0, 1
795615, 0, 0
795740, 0, 0
795865, 0, 0
795990, 0, 0
796115, 0, 0
796240, 0, 0
796365, 0, 0
796490, 0, 0
796615, 0, prem 1
796615, 0, 1
796740, 0, 1
796865, 0, 1
796990, 0, 1
797115, 0, 1
797240, 0, 1
797365, 0, 1
797490, 0, 1
797615, 0, 0
797740, 0, 0
797865, 0, 0
797990, 0, 0
798115, 0, 0
798240, 0, 0
798365, 0, 0
798490, 0, 0
798615, 0, prem 0
798615, 0, 0
798740, 0, 0
798865, 0, 0
798990, 0, 0
799115, 0, 0
799240, 0, 0
799365, 0, 0
799490, 0, 0
799616, 0, 1
799741, 0, 1
799866, 0, 1
799991, 0, 1
800116, 0, 1
800241, 0, 1
800366, 0, 1
800491, 0, 1
800616, 0, prem 0
800616, 0, 0
800741, 0, 0
800866, 0, 0
800991, 0, 0
801116, 0, 0
801241, 0, 0
801366, 0, 0
801491, 0, 0
801616, 0, 1
801741, 0, 1
801866, 0, 1
801991, 0, 1
802116, 0, 1
802241, 0, 1
802366, 0, 1
802491, 0, 1
802616, 0, prem 1
802616, 0, 1
802741, 0, 1
802866, 0, 1
802991, 0, 1
803116, 0, 1
803241, 0, 1
803366, 0, 1
803491, 0, 1
803616, 0, 0
803741, 0, 0
803866, 0, 0
803991, 0, 0
804116, 0, 0
804241, 0, 0
804366, 0, 0
804491, 0, 0
804616, 0, bit 1
804616, 0, 1
804741, 0, 0
804866, 0, 0
804992, 0, 1
805117, 0, 1
805242, 0, 0
805367, 0, 1
805492, 0, 0
805617, 0, 0
805742, 0, 1
805867, 0, 0
805992, 0, 1
806117, 0, 1
806120, 1, prem 0
806123, 1, 0
806242, 0, 0
806245, 1, 0
806367, 0, bit 1
806367, 0, 1
806370, 1, 0
806492, 0, 0
806495, 1, 0
806617, 0, 0
806620, 1, 0
806742, 0, 1
806745, 1, 0
806867, 0, 1
806870, 1, 0
806992, 0, 0
806995, 1, 0
807117, 0, 1
807120, 1, 1
807242, 0, 0
807245, 1, 1
807367, 0, 0
807370, 1, 1
807492, 0, 1
807495, 1, 1
807617, 0, 0
807620, 1, 1
807742, 0, 1
807745, 1, 1
807867, 0, 1
807870, 1, 1
807992, 0, 0
807995, 1, 1
808117, 0, bit 0
808117, 0, 0
808120, 1, prem 1
808123, 1, 1
808242, 0, 1
808245, 1, 1
808367, 0, 1
808370, 1, 1
808492, 0, 0
808495, 1, 1
808617, 0, 0
808620, 1, 1
808742, 0, 1
808745, 1, 1
808867, 0, 0
808870, 1, 1
808992, 0, 1
808995, 1, 1
809117, 0, 1
809120, 1, 0
809242, 0, 0
809245, 1, 0
809367, 0, 1
809370, 1, 0
809492, 0, 0
809495, 1, 0
809617, 0, 0
809620, 1, 0
809742, 0, 1
809745, 1, 0
809867, 0, bit 0
809867, 0, 0
809870, 1, 0
809992, 0, 1
809995, 1, 0
810117, 0, 1
810120, 1, prem 1
810120, 1, 1
810242, 0, 0
810245, 1, 1
810368, 0, 0
810370, 1, 1
810493, 0, 1
810496, 1, 1
810618, 0, 0
810621, 1, 1
810743, 0, 1
810746, 1, 1
810868, 0, 1
810871, 1, 1
810993, 0, 0
810996, 1, 1
811118, 0, 1
811121, 1, 0
811243, 0, 0
811246, 1, 0
811368, 0, 0
811371, 1, 0
811493, 0, 1
811496, 1, 0
811618, 0, bit 1
811618, 0, 1
811621, 1, 0
811743, 0, 0
811746, 1, 0
811868, 0, 0
811871, 1, 0
811993, 0, 1
811996, 1, 0
812118, 0, 1
812121, 1, prem 1
812121, 1, 1
812243, 0, 0
812246, 1, 1
812368, 0, 1
812371, 1, 1
812493, 0, 0
812496, 1, 1
812618, 0, 0
812621, 1, 1
812743, 0, 1
812746, 1, 1
812868, 0, 0
812871, 1, 1
812993, 0, 1
812996, 1, 1
813118, 0, 1
813121, 1, 0
813243, 0, 0
813246, 1, 0
813368, 0, bit 0
813368, 0, 0
813371, 1, 0
813493, 0, 1
813496, 1, 0
813618, 0, 1
813621, 1, 0
813743, 0, 0
813746, 1, 0
813868, 0, 0
813871, 1, 0
813993, 0, 1
813996, 1, 0
814118, 0, 0
814121, 1, prem 1
814121, 1, 1
814243, 0, 1
814246, 1, 1
814368, 0, 1
814371, 1, 1
814493, 0, 0
814496, 1, 1
814618, 0, 1
814621, 1, 1
814743, 0, 0
814746, 1, 1
814868, 0, 0
814871, 1, 1
814993, 0, 1
814996, 1, 1
815118, 0, bit 0
815118, 0, 0
815121, 1, 0
815243, 0, 1
815246, 1, 0
815368, 0, 1
815371, 1, 0
815493, 0, 0
815496, 1, 0
815618, 0, 0
815621, 1, 0
815744, 0, 1
815746, 1, 0
815869, 0, 0
815872, 1, 0
815994, 0, 1
815997, 1, 0
816119, 0, 1
816122, 1, prem 0
816122, 1, 0
816244, 0, 0
816247, 1, 0
816369, 0, 1
816372, 1, 0
816494, 0, 0
816497, 1, 0
816619, 0, 0
816622, 1, 0
816744, 0, 1
816747, 1, 0
816869, 0, bit 0
816869, 0, 0
816872, 1, 0
816994, 0, 1
816997, 1, 0
817119, 0, 1
817122, 1, 1
817244, 0, 0
817247, 1, 1
817369, 0, 0
817372, 1, 1
817494, 0, 1
817497, 1, 1
817619, 0, 0
817622, 1, 1
817744, 0, 1
817747, 1, 1
817869, 0, 1
817872, 1, 1
817994, 0, 0
817997, 1, 1
818119, 0, 1
818122, 1, prem 0
818122, 1, 0
818244, 0, 0
818247, 1, 0
818369, 0, 0
818372, 1, 0
818494, 0, 1
818497, 1, 0
818619, 0, bit 1
818619, 0, 1
818622, 1, 0
818744, 0, 0
818747, 1, 0
818869, 0, 0
818872, 1, 0
818994, 0, 1
818997, 1, 0
819119, 0, 1
819122, 1, 1
819244, 0, 0
819247, 1, 1
819369, 0, 1
819372, 1, 1
819494, 0, 0
819497, 1, 1
819619, 0, 0
819622, 1, 1
819744, 0, 1
819747, 1, 1
819869, 0, 0
819872, 1, 1
819994, 0, 1
819997, 1, 1
820119, 0, 1
820122, 1, bit 1
820122, 1, 0
820244, 0, 0
820247, 1, 1
820369, 0, bit 0
820369, 0, 0
820372, 1, 1
820494, 0, 1
820497, 1, 0
820619, 0, 1
820622, 1, 1
820744, 0, 0
820747, 1, 0
820869, 0, 0
820872, 1, 1
820994, 0, 1
820997, 1, 0
821120, 0, 0
821122, 1, 1
821245, 0, 1
821248, 1, 0
821370, 0, 1
821373, 1, 0
821495, 0, 0
821498, 1, 1
821620, 0, 1
821623, 1, 0
821745, 0, 0
821748, 1, 1
821870, 0, 0
821873, 1, bit 0
821873, 1, 1
821995, 0, 1
821998, 1, 0
822120, 0, bit 0
822120, 0, 0
822123, 1, 0
822245, 0, 1
822248, 1, 1
822251, 2, prem 1
822251, 2, 1
822370, 0, 1
822373, 1, 0
822376, 2, 1
822495, 0, 0
822498, 1, 1
822501, 2, 1
822620, 0, 0
822623, 1, 0
822626, 2, 1
822745, 0, 1
822748, 1, 1
822751, 2, 1
822870, 0, 0
822873, 1, 0
822876, 2, 1
822995, 0, 1
822998, 1, 1
823001, 2, 1
823120, 0, 1
823123, 1, 1
823126, 2, 1
823245, 0, 0
823248, 1, 0
823251, 2, 0
823370, 0, 1
823373, 1, 1
823376, 2, 0
823495, 0, 0
823498, 1, 0
823501, 2, 0
823620, 0, 0
823623, 1, bit 1
823623, 1, 0
823626, 2, 0
823745, 0, 1
823748, 1, 1
823751, 2, 0
823870, 0, bit 0
823870, 0, 0
823873, 1, 1
823876, 2, 0
823995, 0, 1
823998, 1, 0
824001, 2, 0
824120, 0, 1
824123, 1, 1
824126, 2, 0
824245, 0, 0
824248, 1, 0
824251, 2, prem 1
824251, 2, 1
824370, 0, 0
824373, 1, 1
824376, 2, 1
824495, 0, 1
824498, 1, 0
824501, 2, 1
824620, 0, 0
824623, 1, 1
824626, 2, 1
824745, 0, 1
824748, 1, 0
824751, 2, 1
824870, 0, 1
824873, 1, 0
824876, 2, 1
824995, 0, 0
824998, 1, 1
825001, 2, 1
825120, 0, 1
825123, 1, 0
825126, 2, 1
825245, 0, 0
825248, 1, 1
825251, 2, 0
825370, 0, 0
825373, 1, bit 0
825373, 1, 1
825376, 2, 0
825495, 0, 1
825498, 1, 0
825501, 2, 0
825620, 0, bit 0
825620, 0, 0
825623, 1, 0
825626, 2, 0
825745, 0, 1
825748, 1, 1
825751, 2, 0
825870, 0, 1
825873, 1, 0
825876, 2, 0
825995, 0, 0
825998, 1, 1
826001, 2, 0
826120, 0, 0
826123, 1, 0
826126, 2, 0
826245, 0, 1
826248, 1, 1
826251, 2, prem 1
826251, 2, 1
826370, 0, 0
826373, 1, 0
826376, 2, 1
826496, 0, 1
826498, 1, 1
826501, 2, 1
826621, 0, 1
826624, 1, 1
826626, 2, 1
826746, 0, 0
826749, 1, 0
826752, 2, 1
826871, 0, 1
826874, 1, 1
826877, 2, 1
826996, 0, 0
826999, 1, 0
827002, 2, 1
827121, 0, 0
827124, 1, bit 0
827124, 1, 1
827127, 2, 1
827246, 0, 1
827249, 1, 0
827252, 2, 0
827371, 0, bit 1
827371, 0, 1
827374, 1, 0
827377, 2, 0
827496, 0, 0
827499, 1, 1
827502, 2, 0
827621, 0, 0
827624, 1, 0
827627, 2, 0
827746, 0, 1
827749, 1, 1
827752, 2, 0
827871, 0, 1
827874, 1, 0
827877, 2, 0
827996, 0, 0
827999, 1, 1
828002, 2, 0
828121, 0, 1
828124, 1, 0
828127, 2, 0
828246, 0, 0
828249, 1, 1
828252, 2, prem 0
828252, 2, 0
828371, 0, 0
828374, 1, 1
828377, 2, 0
828496, 0, 1
828499, 1, 0
828502, 2, 0
828621, 0, 0
828624, 1, 1
828627, 2, 0
828746, 0, 1
828749, 1, 0
828752, 2, 0
828871, 0, 1
828874, 1, bit 0
828874, 1, 1
828877, 2, 0
828996, 0, 0
828999, 1, 0
829002, 2, 0
829121, 0, bit 1
829121, 0, 1
829124, 1, 0
829127, 2, 0
829246, 0, 0
829249, 1, 1
829252, 2, 1
829371, 0, 0
829374, 1, 0
829377, 2, 1
829496, 0, 1
829499, 1, 1
829502, 2, 1
829621, 0, 1
829624, 1, 0
829627, 2, 1
829746, 0, 0
829749, 1, 1
829752, 2, 1
829871, 0, 1
829874, 1, 0
829877, 2, 1
829996, 0, 0
829999, 1, 1
830002, 2, 1
830121, 0, 0
830124, 1, 1
830127, 2, 1
830246, 0, 1
830249, 1, 0
830252, 2, prem 1
830252, 2, 1
830371, 0, 0
830374, 1, 1
830377, 2, 1
830496, 0, 1
830499, 1, 0
830502, 2, 1
830621, 0, 1
830624, 1, bit 0
830624, 1, 1
830627, 2, 1
830746, 0, 0
830749, 1, 0
830752, 2, 1
830871, 0, bit 0
830871, 0, 0
830874, 1, 0
830877, 2, 1
830996, 0, 1
830999, 1, 1
831002, 2, 1
831121, 0, 1
831124, 1, 0
831127, 2, 1
831246, 0, 0
831249, 1, 1
831252, 2, 0
831371, 0, 0
831374, 1, 0
831377, 2, 0
831496, 0, 1
831499, 1, 1
831502, 2, 0
831621, 0, 0
831624, 1, 0
831627, 2, 0
831746, 0, 1
831749, 1, 1
831752, 2, 0
831872, 0, 1
831874, 1, 1
831877, 2, 0
831997, 0, 0
832000, 1, 0
832002, 2, 0
832122, 0, 1
832125, 1, 1
832128, 2, 0
832247, 0, 0
832250, 1, 0
832253, 2, prem 1
832253, 2, 1
832372, 0, 0
832375, 1, bit 0
832375, 1, 1
832378, 2, 1
832497, 0, 1
832500, 1, 0
832503, 2, 1
832622, 0, bit 1
832622, 0, 1
832625, 1, 0
832628, 2, 1
832747, 0, 0
832750, 1, 1
832753, 2, 1
832872, 0, 0
832875, 1, 0
832878, 2, 1
832997, 0, 1
833000, 1, 1
833003, 2, 1
833122, 0, 1
833125, 1, 0
833128, 2, 1
833247, 0, 0
833250, 1, 1
833253, 2, 0
833372, 0, 1
833375, 1, 0
833378, 2, 0
833497, 0, 0
833500, 1, 1
833503, 2, 0
833622, 0, 0
833625, 1, 1
833628, 2, 0
833747, 0, 1
833750, 1, 0
833753, 2, 0
833872, 0, 0
833875, 1, 1
833879, 2, 0
833997, 0, 1
834000, 1, 0
834004, 2, 0
834122, 0, 1
834125, 1, bit 1
834125, 1, 0
834129, 2, 0
834247, 0, 0
834250, 1, 1
834254, 2, prem 1
834254, 2, 1
834372, 0, bit 1
834372, 0, 1
834375, 1, 1
834379, 2, 1
834497, 0, 0
834500, 1, 0
834504, 2, 1
834622, 0, 0
834625, 1, 1
834629, 2, 1
834747, 0, 1
834750, 1, 0
834754, 2, 1
834872, 0, 1
834875, 1, 1
834879, 2, 1
834997, 0, 0
835000, 1, 0
835004, 2, 1
835122, 0, 1
835125, 1, 1
835129, 2, 1
835247, 0, 0
835250, 1, 0
835254, 2, 0
835372, 0, 0
835375, 1, 0
835379, 2, 0
835497, 0, 1
835500, 1, 1
835504, 2, 0
835622, 0, 0
835625, 1, 0
835629, 2, 0
835747, 0, 1
835750, 1, 1
835755, 2, 0
835872, 0, 1
835875, 1, bit 1
835875, 1, 0
835880, 2, 0
835997, 0, 0
836000, 1, 1
836005, 2, 0
836122, 0, bit 1
836122, 0, 1
836125, 1, 1
836130, 2, 0
836247, 0, 0
836250, 1, 0
836255, 2, bit 1
836255, 2, 1
836372, 0, 0
836375, 1, 1
836380, 2, 0
836497, 0, 1
836500, 1, 0
836505, 2, 1
836622, 0, 1
836625, 1, 1
836630, 2, 0
836747, 0, 0
836750, 1, 0
836755, 2, 1
836872, 0, 1
836875, 1, 1
836880, 2, 0
836997, 0, 0
837000, 1, 0
837005, 2, 0
837122, 0, 0
837125, 1, 0
837130, 2, 1
837248, 0, 1
837250, 1, 1
837255, 2, 1
837373, 0, 0
837376, 1, 0
837380, 2, 0
837498, 0, 1
837501, 1, 1
837505, 2, 1
837623, 0, 1
837626, 1, bit 1
837626, 1, 0
837630, 2, 0
837748, 0, 0
837751, 1, 1
837755, 2, 1
837873, 0, bit 0
837873, 0, 0
837876, 1, 1
837880, 2, 0
837998, 0, 1
838001, 1, 0
838005, 2, bit 0
838005, 2, 0
838123, 0, 1
838126, 1, 1
838130, 2, 1
838132, 3, prem 0
838132, 3, 0
838248, 0, 0
838251, 1, 0
838255, 2, 0
838257, 3, 0
838373, 0, 0
838376, 1, 1
838380, 2, 1
838382, 3, 0
838498, 0, 1
838501, 1, 0
838505, 2, 0
838507, 3, 0
838623, 0, 0
838626, 1, 1
838630, 2, 1
838632, 3, 0
838748, 0, 1
838751, 1, 0
838755, 2, 1
838757, 3, 0
838873, 0, 1
838876, 1, 0
838880, 2, 0
838882, 3, 0
838998, 0, 0
839001, 1, 1
839005, 2, 0
839007, 3, 0
839123, 0, 1
839127, 1, 0
839130, 2, 1
839132, 3, 1
839248, 0, 0
839252, 1, 1
839255, 2, 0
839257, 3, 1
839373, 0, 0
839377, 1, bit 0
839377, 1, 1
839380, 2, 1
839382, 3, 1
839498, 0, 1
839502, 1, 0
839505, 2, 0
839507, 3, 1
839623, 0, bit 1
839623, 0, 1
839627, 1, 0
839630, 2, 1
839632, 3, 1
839748, 0, 0
839752, 1, 1
839755, 2, bit 1
839755, 2, 1
839757, 3, 1
839873, 0, 0
839877, 1, 0
839880, 2, 0
839882, 3, 1
839998, 0, 1
840002, 1, 1
840005, 2, 1
840007, 3, 1
840123, 0, 1
840127, 1, 0
840130, 2, 0
840132, 3, prem 0
840132, 3, 0
840248, 0, 0
840252, 1, 1
840255, 2, 1
840257, 3, 0
840373, 0, 1
840377, 1, 0
840380, 2, 0
840382, 3, 0
840498, 0, 0
840502, 1, 1
840505, 2, 0
840507, 3, 0
840623, 0, 0
840627, 1, 1
840630, 2, 1
840632, 3, 0
840748, 0, 1
840752, 1, 0
840755, 2, 1
840757, 3, 0
840873, 0, 0
840877, 1, 1
840880, 2, 0
840882, 3, 0
840998, 0, 1
841003, 1, 0
841005, 2, 1
841007, 3, 0
841123, 0, 1
841128, 1, bit 1
841128, 1, 0
841131, 2, 0
841134, 3, 1
841248, 0, 0
841253, 1, 1
841256, 2, 1
841259, 3, 1
841373, 0, bit 0
841373, 0, 0
841378, 1, 1
841381, 2, 0
841384, 3, 1
841498, 0, 1
841503, 1, 0
841506, 2, bit 0
841506, 2, 0
841509, 3, 1
841623, 0, 1
841628, 1, 1
841631, 2, 1
841634, 3, 1
841748, 0, 0
841753, 1, 0
841756, 2, 0
841759, 3, 1
841873, 0, 0
841878, 1, 1
841881, 2, 1
841884, 3, 1
841998, 0, 1
842003, 1, 0
842006, 2, 0
842009, 3, 1
842123, 0, 0
842128, 1, 1
842131, 2, 1
842134, 3, prem 1
842134, 3, 1
842248, 0, 1
842253, 1, 0
842256, 2, 1
842259, 3, 1
842373, 0, 1
842378, 1, 0
842381, 2, 0
842384, 3, 1
842498, 0, 0
842503, 1, 1
842506, 2, 0
842509, 3, 1
842624, 0, 1
842628, 1, 0
842631, 2, 1
842634, 3, 1
842749, 0, 0
842753, 1, 1
842756, 2, 0
842759, 3, 1
842874, 0, 0
842878, 1, bit 1
842878, 1, 0
842881, 2, 1
842884, 3, 1
842999, 0, 1
843003, 1, 1
843006, 2, 0
843009, 3, 1
843124, 0, bit 0
843124, 0, 0
843128, 1, 1
843131, 2, 1
843134, 3, 0
843249, 0, 1
843253, 1, 0
843256, 2, bit 1
843256, 2, 1
843259, 3, 0
843374, 0, 1
843378, 1, 1
843381, 2, 0
843384, 3, 0
843499, 0, 0
843503, 1, 0
843506, 2, 1
843509, 3, 0
843624, 0, 0
843628, 1, 1
843631, 2, 0
843634, 3, 0
843749, 0, 1
843753, 1, 0
843756, 2, 1
843759, 3, 0
843874, 0, 0
843878, 1, 1
843881, 2, 0
843884, 3, 0
843999, 0, 1
844003, 1, 0
844006, 2, 0
844009, 3, 0
844124, 0, 1
844128, 1, 0
844131, 2, 1
844134, 3, prem 0
844134, 3, 0
844249, 0, 0
844253, 1, 1
844256, 2, 1
844259, 3, 0
844374, 0, 1
844378, 1, 0
844381, 2, 0
844384, 3, 0
844499, 0, 0
844503, 1, 1
844506, 2, 1
844509, 3, 0
844624, 0, 0
844628, 1, bit 0
844628, 1, 1
844631, 2, 0
844634, 3, 0
844749, 0, 1
844753, 1, 0
844756, 2, 1
844759, 3, 0
844874, 0, bit 1
844874, 0, 1
844878, 1, 0
844881, 2, 0
844884, 3, 0
844999, 0, 0
845003, 1, 1
845006, 2, bit 1
845006, 2, 1
845009, 3, 0
845124, 0, 0
845128, 1, 0
845131, 2, 0
845134, 3, 1
845249, 0, 1
845253, 1, 1
845256, 2, 1
845259, 3, 1
845374, 0, 1
845378, 1, 0
845381, 2, 0
845384, 3, 1
845499, 0, 0
845503, 1, 1
845506, 2, 1
845509, 3, 1
845624, 0, 1
845628, 1, 0
845631, 2, 0
845634, 3, 1
845749, 0, 0
845753, 1, 1
845756, 2, 0
845759, 3, 1
845874, 0, 0
845878, 1, 1
845881, 2, 1
845884, 3, 1
845999, 0, 1
846003, 1, 0
846006, 2, 1
846009, 3, 1
846124, 0, 0
846128, 1, 1
846131, 2, 0
846134, 3, prem 0
846134, 3, 0
846249, 0, 1
846253, 1, 0
846256, 2, 1
846259, 3, 0
846374, 0, 1
846379, 1, bit 0
846379, 1, 1
846381, 2, 0
846384, 3, 0
846499, 0, 0
846504, 1, 0
846507, 2, 1
846509, 3, 0
846624, 0, bit 0
846624, 0, 0
846629, 1, 0
846632, 2, 0
846635, 3, 0
846749, 0, 1
846754, 1, 1
846757, 2, bit 1
846757, 2, 1
846760, 3, 0
846874, 0, 1
846879, 1, 0
846882, 2, 0
846885, 3, 0
846999, 0, 0
847004, 1, 1
847007, 2, 1
847010, 3, 0
847124, 0, 0
847129, 1, 0
847132, 2, 0
847135, 3, 1
847249, 0, 1
847254, 1, 1
847257, 2, 1
847260, 3, 1
847374, 0, 0
847379, 1, 0
847382, 2, 0
847385, 3, 1
847499, 0, 1
847509, 1, 1
847510, 2, 0
847510, 3, 1
847624, 0, 1
847634, 1, 1
847635, 2, 1
847635, 3, 1
847749, 0, 0
847759, 1, 0
847760, 2, 1
847760, 3, 1
847874, 0, 1
847884, 1, 1
847885, 2, 0
847885, 3, 1
848000, 0, 0
848009, 1, 0
848010, 2, 1
848010, 3, 1
848125, 0, 0
848134, 1, bit 0
848134, 1, 1
848135, 2, 0
848135, 3, prem 1
848136, 3, 1
848250, 0, 1
848259, 1, 0
848260, 2, 1
848260, 3, 1
848375, 0, bit 1
848375, 0, 1
848384, 1, 0
848385, 2, 0
848385, 3, 1
848500, 0, 0
848509, 1, 1
848510, 2, bit 0
848510, 2, 0
848512, 3, 1
848625, 0, 0
848634, 1, 0
848635, 2, 1
848637, 3, 1
848750, 0, 1
848759, 1, 1
848760, 2, 0
848762, 3, 1
848875, 0, 1
848884, 1, 0
848885, 2, 1
848887, 3, 1
849000, 0, 0
849009, 1, 1
849010, 2, 0
849012, 3, 1
849125, 0, 1
849134, 1, 0
849135, 2, 1
849137, 3, 0
849250, 0, 0
849259, 1, 1
849260, 2, 1
849262, 3, 0
849375, 0, 0
849384, 1, 1
849385, 2, 0
849387, 3, 0
849500, 0, 1
849509, 1, 0
849510, 2, 0
849512, 3, 0
849625, 0, 0
849634, 1, 1
849635, 2, 1
849637, 3, 0
849750, 0, 1
849759, 1, 0
849760, 2, 0
849762, 3, 0
849875, 0, 1
849884, 1, bit 0
849884, 1, 1
849885, 2, 1
849887, 3, 0
850000, 0, 0
850009, 1, 0
850010, 2, 0
850012, 3, 0
850125, 0, bit 1
850125, 0, 1
850134, 1, 0
850135, 2, 1
850137, 3, prem 0
850137, 3, 0
850250, 0, 0
850259, 1, 1
850260, 2, bit 1
850260, 2, 1
850262, 3, 0
850375, 0, 0
850384, 1, 0
850385, 2, 0
850387, 3, 0
850500, 0, 1
850509, 1, 1
850510, 2, 1
850512, 3, 0
850625, 0, 1
850634, 1, 0
850635, 2, 0
850637, 3, 0
850750, 0, 0
850759, 1, 1
850760, 2, 1
850762, 3, 0
850875, 0, 1
850884, 1, 0
850885, 2, 0
850887, 3, 0
851000, 0, 0
851009, 1, 1
851010, 2, 0
851012, 3, 0
851125, 0, 0
851134, 1, 1
851135, 2, 1
851137, 3, 1
851250, 0, 1
851259, 1, 0
851260, 2, 1
851262, 3, 1
851375, 0, 0
851384, 1, 1
851385, 2, 0
851387, 3, 1
851500, 0, 1
851509, 1, 0
851510, 2, 1
851512, 3, 1
851625, 0, 1
851634, 1, bit 1
851634, 1, 0
851635, 2, 0
851638, 3, 1
851750, 0, 0
851759, 1, 1
851760, 2, 1
851763, 3, 1
851875, 0, bit 1
851875, 0, 1
851884, 1, 1
851885, 2, 0
851888, 3, 1
852000, 0, 0
852009, 1, 0
852011, 2, bit 1
852011, 2, 1
852013, 3, 1
852125, 0, 0
852134, 1, 1
852136, 2, 0
852139, 3, bit 1
852139, 3, 0
852250, 0, 1
852259, 1, 0
852261, 2, 1
852264, 3, 1
852375, 0, 1
852384, 1, 1
852386, 2, 0
852389, 3, 0
852500, 0, 0
852509, 1, 0
852511, 2, 1
852514, 3, 1
852625, 0, 1
852634, 1, 1
852636, 2, 0
852639, 3, 1
852750, 0, 0
852759, 1, 0
852761, 2, 0
852764, 3, 0
852875, 0, 0
852884, 1, 0
852886, 2, 1
852889, 3, 0
853000, 0, 1
853009, 1, 1
853011, 2, 1
853014, 3, 1
853125, 0, 0
853134, 1, 0
853136, 2, 0
853139, 3, 0
853250, 0, 1
853259, 1, 1
853261, 2, 1
853264, 3, 1
853376, 0, 1
853384, 1, bit 0
853384, 1, 1
853386, 2, 0
853389, 3, 1
853501, 0, 0
853509, 1, 0
853511, 2, 1
853514, 3, 0
853626, 0, bit 0
853626, 0, 0
853634, 1, 0
853636, 2, 0
853639, 3, 0
853751, 0, 1
853760, 1, 1
853763, 2, bit 0
853763, 2, 0
853764, 3, 1
853876, 0, 1
853885, 1, 0
853888, 2, 1
853889, 3, bit 1
853889, 3, 0
854001, 0, 0
854010, 1, 1
854013, 2, 0
854014, 3, 1
854126, 0, 0
854135, 1, 0
854138, 2, 1
854139, 3, 0
854251, 0, 1
854260, 1, 1
854263, 2, 0
854264, 3, 1
854376, 0, 0
854385, 1, 0
854388, 2, 1
854389, 3, 1
854501, 0, 1
854510, 1, 1
854513, 2, 1
854514, 3, 0
854626, 0, 1
854635, 1, 1
854638, 2, 0
854639, 3, 0
854751, 0, 0
854760, 1, 0
854763, 2, 0
854764, 3, 1
854876, 0, 1
854885, 1, 1
854888, 2, 1
854889, 3, 0
855001, 0, 0
855010, 1, 0
855013, 2, 0
855014, 3, 1
855126, 0, 0
855135, 1, bit 1
855135, 1, 0
855138, 2, 1
855139, 3, 1
855251, 0, 1
855260, 1, 1
855263, 2, 0
855264, 3, 0
855376, 0, bit 1
855376, 0, 1
855385, 1, 1
855388, 2, 1
855389, 3, 0
855501, 0, 0
855510, 1, 0
855513, 2, bit 1
855513, 2, 1
855514, 3, 1
855626, 0, 0
855635, 1, 1
855638, 2, 0
855639, 3, bit 0
855639, 3, 1
855751, 0, 1
855760, 1, 0
855763, 2, 1
855767, 3, 0
855876, 0, 1
855885, 1, 1
855888, 2, 0
855892, 3, 1
856001, 0, 0
856010, 1, 0
856013, 2, 1
856017, 3, 0
856126, 0, 1
856135, 1, 1
856138, 2, 0
856142, 3, 0
856251, 0, 0
856260, 1, 0
856263, 2, 0
856267, 3, 1
856376, 0, 0
856385, 1, 0
856388, 2, 1
856392, 3, 1
856501, 0, 1
856510, 1, 1
856513, 2, 1
856517, 3, 0
856626, 0, 0
856635, 1, 0
856638, 2, 0
856642, 3, 1
856751, 0, 1
856760, 1, 1
856763, 2, 1
856767, 3, 0
856876, 0, 1
856885, 1, bit 0
856885, 1, 1
856888, 2, 0
856892, 3, 0
857001, 0, 0
857010, 1, 0
857013, 2, 1
857017, 3, 1
857126, 0, bit 1
857126, 0, 1
857135, 1, 0
857138, 2, 0
857142, 3, 1
857251, 0, 0
857260, 1, 1
857263, 2, bit 1
857263, 2, 1
857267, 3, 0
857376, 0, 0
857385, 1, 0
857388, 2, 0
857392, 3, bit 0
857392, 3, 1
857501, 0, 1
857510, 1, 1
857513, 2, 1
857517, 3, 0
857626, 0, 1
857635, 1, 0
857638, 2, 0
857643, 3, 1
857751, 0, 0
857760, 1, 1
857763, 2, 1
857768, 3, 0
857876, 0, 1
857885, 1, 0
857888, 2, 0
857893, 3, 0
858001, 0, 0
858010, 1, 1
858013, 2, 0
858018, 3, 1
858126, 0, 0
858135, 1, 1
858138, 2, 1
858143, 3, 1
858251, 0, 1
858260, 1, 0
858263, 2, 1
858268, 3, 0
858376, 0, 0
858385, 1, 1
858388, 2, 0
858393, 3, 1
858501, 0, 1
858510, 1, 0
858513, 2, 1
858518, 3, 0
858626, 0, 1
858635, 1, bit 1
858635, 1, 0
858638, 2, 0
858643, 3, 0
858752, 0, 0
858760, 1, 1
858763, 2, 1
858768, 3, 1
858877, 0, bit 1
858877, 0, 1
858885, 1, 1
858888, 2, 0
858893, 3, 1
859002, 0, 0
859010, 1, 0
859013, 2, bit 0
859013, 2, 0
859018, 3, 0
859127, 0, 0
859136, 1, 1
859138, 2, 1
859143, 3, bit 1
859143, 3, 0
859252, 0, 1
859261, 1, 0
859264, 2, 0
859268, 3, 1
859377, 0, 1
859386, 1, 1
859389, 2, 1
859393, 3, 0
859502, 0, 0
859511, 1, 0
859514, 2, 0
859518, 3, 1
859627, 0, 1
859636, 1, 1
859639, 2, 1
859643, 3, 1
859752, 0, 0
859761, 1, 0
859764, 2, 1
859768, 3, 0
859877, 0, 0
859886, 1, 0
859889, 2, 0
859893, 3, 0
860002, 0, 1
860011, 1, 1
860014, 2, 0
860018, 3, 1
860127, 0, 0
860136, 1, 0
860139, 2, 1
860143, 3, 0
860252, 0, 1
860261, 1, 1
860264, 2, 0
860268, 3, 1
860377, 0, 1
860386, 1, bit 0
860386, 1, 1
860389, 2, 1
860393, 3, 1
860502, 0, 0
860511, 1, 0
860514, 2, 0
860518, 3, 0
860627, 0, bit 1
860627, 0, 1
860636, 1, 0
860639, 2, 1
860643, 3, 0
860752, 0, 0
860761, 1, 1
860764, 2, bit 0
860764, 2, 0
860768, 3, 1
860877, 0, 0
860886, 1, 0
860889, 2, 1
860893, 3, bit 1
860893, 3, 0
861002, 0, 1
861011, 1, 1
861014, 2, 0
861018, 3, 1
861127, 0, 1
861136, 1, 0
861139, 2, 1
861143, 3, 0
861252, 0, 0
861261, 1, 1
861264, 2, 0
861268, 3, 1
861377, 0, 1
861386, 1, 0
861389, 2, 1
861393, 3, 1
861502, 0, 0
861511, 1, 1
861514, 2, 1
861518, 3, 0
861627, 0, 0
861636, 1, 1
861639, 2, 0
861643, 3, 0
861752, 0, 1
861761, 1, 0
861764, 2, 0
861768, 3, 1
861877, 0, 0
861886, 1, 1
861889, 2, 1
861893, 3, 0
862002, 0, 1
862011, 1, 0
862014, 2, 0
862018, 3, 1
862127, 0, 1
862136, 1, bit 0
862136, 1, 1
862139, 2, 1
862143, 3, 1
862252, 0, 0
862261, 1, 0
862264, 2, 0
862268, 3, 0
862377, 0, bit 1
862377, 0, 1
862386, 1, 0
862389, 2, 1
862393, 3, 0
862502, 0, 0
862511, 1, 1
862514, 2, bit 1
862514, 2, 1
862518, 3, 1
862627, 0, 0
862636, 1, 0
862639, 2, 0
862643, 3, bit 0
862643, 3, 1
862752, 0, 1
862761, 1, 1
862764, 2, 1
862768, 3, 0
862877, 0, 1
862886, 1, 0
862889, 2, 0
862893, 3, 1
863002, 0, 0
863011, 1, 1
863014, 2, 1
863019, 3, 0
863127, 0, 1
863136, 1, 0
863139, 2, 0
863144, 3, 0
863252, 0, 0
863261, 1, 1
863264, 2, 0
863269, 3, 1
863377, 0, 0
863386, 1, 1
863389, 2, 1
863394, 3, 1
863502, 0, 1
863511, 1, 0
863514, 2, 1
863519, 3, 0
863627, 0, 0
863636, 1, 1
863639, 2, 0
863644, 3, 1
863752, 0, 1
863761, 1, 0
863764, 2, 1
863769, 3, 0
863877, 0, 1
863886, 1, bit 1
863886, 1, 0
863889, 2, 0
863894, 3, 0
864002, 0, 0
864011, 1, 1
864014, 2, 1
864019, 3, 1
864128, 0, bit 1
864128, 0, 1
864136, 1, 1
864139, 2, 0
864144, 3, 1
864253, 0, 0
864261, 1, 0
864264, 2, bit 1
864264, 2, 1
864269, 3, 0
864378, 0, 0
864386, 1, 1
864389, 2, 0
864394, 3, bit 1
864394, 3, 0
864503, 0, 1
864512, 1, 0
864514, 2, 1
864519, 3, 1
864628, 0, 1
864637, 1, 1
864640, 2, 0
864644, 3, 0
864753, 0, 0
864762, 1, 0
864765, 2, 1
864769, 3, 1
864878, 0, 1
864887, 1, 1
864890, 2, 0
864894, 3, 1
865003, 0, 0
865012, 1, 0
865015, 2, 0
865019, 3, 0
865128, 0, 0
865137, 1, 0
865140, 2, 1
865144, 3, 0
865253, 0, 1
865262, 1, 1
865265, 2, 1
865269, 3, 1
865378, 0, 0
865387, 1, 0
865390, 2, 0
865394, 3, 0
865503, 0, 1
865512, 1, 1
865515, 2, 1
865519, 3, 1
865628, 0, 1
865637, 1, bit 0
865637, 1, 1
865640, 2, 0
865644, 3, 1
865753, 0, 0
865762, 1, 0
865765, 2, 1
865769, 3, 0
865878, 0, bit 1
865878, 0, 1
865887, 1, 0
865890, 2, 0
865894, 3, 0
866003, 0, 0
866012, 1, 1
866015, 2, bit 1
866015, 2, 1
866019, 3, 1
866128, 0, 0
866137, 1, 0
866140, 2, 0
866144, 3, bit 0
866144, 3, 1
866253, 0, 1
866262, 1, 1
866265, 2, 1
866269, 3, 0
866378, 0, 1
866387, 1, 0
866390, 2, 0
866394, 3, 1
866503, 0, 0
866512, 1, 1
866515, 2, 1
866519, 3, 0
866628, 0, 1
866637, 1, 0
866640, 2, 0
866644, 3, 0
866753, 0, 0
866762, 1, 1
866765, 2, 0
866769, 3, 1
866878, 0, 0
866887, 1, 1
866890, 2, 1
866894, 3, 1
867003, 0, 1
867012, 1, 0
867015, 2, 1
867019, 3, 0
867128, 0, 0
867137, 1, 1
867140, 2, 0
867144, 3, 1
867253, 0, 1
867262, 1, 0
867265, 2, 1
867269, 3, 0
867378, 0, 1
867387, 1, bit 0
867387, 1, 1
867390, 2, 0
867394, 3, 0
867503, 0, 0
867512, 1, 0
867515, 2, 1
867519, 3, 1
867628, 0, bit 0
867628, 0, 0
867637, 1, 0
867640, 2, 0
867644, 3, 1
867753, 0, 1
867762, 1, 1
867765, 2, bit 1
867765, 2, 1
867769, 3, 0
867878, 0, 1
867887, 1, 0
867890, 2, 0
867894, 3, bit 0
867894, 3, 1
868003, 0, 0
868012, 1, 1
868015, 2, 1
868019, 3, 0
868128, 0, 0
868137, 1, 0
868140, 2, 0
868144, 3, 1
868253, 0, 1
868262, 1, 1
868265, 2, 1
868269, 3, 0
868378, 0, 0
868387, 1, 0
868390, 2, 0
868395, 3, 0
868503, 0, 1
868512, 1, 1
868515, 2, 0
868520, 3, 1
868628, 0, 1
868637, 1, 1
868640, 2, 1
868645, 3, 1
868753, 0, 0
868762, 1, 0
868765, 2, 1
868770, 3, 0
868878, 0, 1
868887, 1, 1
868890, 2, 0
868895, 3, 1
869003, 0, 0
869012, 1, 0
869015, 2, 1
869020, 3, 0
869128, 0, 0
869137, 1, bit 1
869137, 1, 0
869140, 2, 0
869145, 3, 0
869253, 0, 1
869262, 1, 1
869265, 2, 1
869270, 3, 1
869378, 0, bit 1
869378, 0, 1
869387, 1, 1
869390, 2, 0
869395, 3, 1
869504, 0, 0
869512, 1, 0
869515, 2, bit 0
869515, 2, 0
869520, 3, 0
869629, 0, 0
869637, 1, 1
869640, 2, 1
869645, 3, bit 1
869645, 3, 0
869754, 0, 1
869762, 1, 0
869765, 2, 0
869770, 3, 1
869879, 0, 1
869888, 1, 1
869890, 2, 1
869895, 3, 0
870004, 0, 0
870013, 1, 0
870016, 2, 0
870020, 3, 1
870129, 0, 1
870138, 1, 1
870141, 2, 1
870145, 3, 1
870254, 0, 0
870263, 1, 0
870266, 2, 1
870270, 3, 0
870379, 0, 0
870388, 1, 0
870391, 2, 0
870395, 3, 0
870504, 0, 1
870513, 1, 1
870516, 2, 0
870520, 3, 1
870629, 0, 0
870638, 1, 0
870641, 2, 1
870645, 3, 0
870754, 0, 1
870763, 1, 1
870766, 2, 0
870770, 3, 1
870879, 0, 1
870888, 1, bit 1
870888, 1, 0
870891, 2, 1
870895, 3, 1
871004, 0, 0
871013, 1, 1
871016, 2, 0
871020, 3, 0
871129, 0, bit 1
871129, 0, 1
871138, 1, 1
871141, 2, 1
871145, 3, 0
871254, 0, 0
871263, 1, 0
871266, 2, bit 1
871266, 2, 1
871270, 3, 1
871379, 0, 0
871388, 1, 1
871391, 2, 0
871395, 3, bit 0
871395, 3, 1
871504, 0, 1
871513, 1, 0
871564, 2, 1
871565, 3, 0
871629, 0, 1
871638, 1, 1
871689, 2, 0
871690, 3, 1
871754, 0, 0
871763, 1, 0
871814, 2, 1
871815, 3, 0
871879, 0, 1
871888, 1, 1
871939, 2, 0
871940, 3, 0
872004, 0, 0
872013, 1, 0
872064, 2, 0
872065, 3, 1
872129, 0, 0
872138, 1, 0
872189, 2, 1
872190, 3, 1
872254, 0, 1
872263, 1, 1
872314, 2, 1
872315, 3, 0
872379, 0, 0
872388, 1, 0
872439, 2, 0
872440, 3, 1
872504, 0, 1
872513, 1, 1
872564, 2, 1
872565, 3, 0
872629, 0, 1
872638, 1, bit 1
872641, 1, 0
872689, 2, 0
872690, 3, 0
872754, 0, 0
872763, 1, 1
872814, 2, 1
872815, 3, 1
872879, 0, bit 0
872879, 0, 0
872888, 1, 1
872939, 2, 0
872940, 3, 1
873004, 0, 1
873013, 1, 0
873064, 2, bit 0
873064, 2, 0
873065, 3, 0
873129, 0, 1
873138, 1, 1
873189, 2, 1
873190, 3, bit 0
873190, 3, 1
873254, 0, 0
873263, 1, 0
873314, 2, 0
873315, 3, 0
873379, 0, 0
873388, 1, 1
873439, 2, 1
873440, 3, 1
873504, 0, 1
873513, 1, 0
873564, 2, 0
873565, 3, 0
873629, 0, 0
873638, 1, 1
873689, 2, 1
873690, 3, 0
873754, 0, 1
873763, 1, 0
873814, 2, 1
873815, 3, 1
873879, 0, 1
873888, 1, 0
873939, 2, 0
873940, 3, 1
874004, 0, 0
874013, 1, 1
874064, 2, 0
874065, 3, 0
874129, 0, 1
874138, 1, 0
874189, 2, 1
874190, 3, 1
874254, 0, 0
874263, 1, 1
874314, 2, 0
874315, 3, 0
874379, 0, 0
874388, 1, bit 0
874388, 1, 1
874439, 2, 1
874440, 3, 0
874504, 0, 1
874513, 1, 0
874564, 2, 0
874565, 3, 1
874629, 0, bit 1
874629, 0, 1
874638, 1, 0
874689, 2, 1
874690, 3, 1
874754, 0, 0
874763, 1, 1
874814, 2, bit 0
874814, 2, 0
874815, 3, 0
874880, 0, 0
874888, 1, 0
874939, 2, 1
874940, 3, bit 1
874940, 3, 0
875005, 0, 1
875013, 1, 1
875064, 2, 0
875065, 3, 1
875130, 0, 1
875138, 1, 0
875189, 2, 1
875190, 3, 0
875255, 0, 0
875264, 1, 1
875314, 2, 0
875315, 3, 1
875380, 0, 1
875389, 1, 0
875439, 2, 1
875440, 3, 1
875505, 0, 0
875514, 1, 1
875564, 2, 1
875565, 3, 0
875630, 0, 0
875639, 1, 1
875689, 2, 0
875691, 3, 0
875755, 0, 1
875764, 1, 0
875814, 2, 0
875816, 3, 1
875880, 0, 0
875889, 1, 1
875939, 2, 1
875941, 3, 0
876005, 0, 1
876014, 1, 0
876064, 2, 0
876066, 3, 1
876130, 0, 1
876139, 1, bit 1
876139, 1, 0
876189, 2, 1
876191, 3, 1
876255, 0, 0
876264, 1, 1
876314, 2, 0
876316, 3, 0
876380, 0, bit 1
876380, 0, 1
876389, 1, 1
876439, 2, 1
876441, 3, 0
876505, 0, 0
876514, 1, 0
876564, 2, bit 1
876564, 2, 1
876566, 3, 1
876630, 0, 0
876639, 1, 1
876689, 2, 0
876691, 3, bit 0
876691, 3, 1
876755, 0, 1
876764, 1, 0
876814, 2, 1
876816, 3, 0
876880, 0, 1
876889, 1, 1
876939, 2, 0
876941, 3, 1
877005, 0, 0
877014, 1, 0
877064, 2, 1
877066, 3, 0
877130, 0, 1
877139, 1, 1
877189, 2, 0
877191, 3, 0
877255, 0, 0
877264, 1, 0
877314, 2, 0
877316, 3, 1
877380, 0, 0
877389, 1, 0
877440, 2, 1
877441, 3, 1
877505, 0, 1
877514, 1, 1
877565, 2, 1
877566, 3, 0
877630, 0, 0
877639, 1, 0
877690, 2, 0
877691, 3, 1
877755, 0, 1
877764, 1, 1
877815, 2, 1
877816, 3, 0
877880, 0, 1
877889, 1, bit 0
877892, 1, 1
877940, 2, 0
877941, 3, 0
878005, 0, 0
878014, 1, 0
878065, 2, 1
878066, 3, 1
878130, 0, bit 1
878130, 0, 1
878139, 1, 0
878190, 2, 0
878191, 3, 1
878255, 0, 0
878264, 1, 1
878315, 2, bit 1
878315, 2, 1
878316, 3, 0
878380, 0, 0
878389, 1, 0
878440, 2, 0
878441, 3, bit 0
878441, 3, 1
878505, 0, 1
878514, 1, 1
878565, 2, 1
878566, 3, 0
878630, 0, 1
878639, 1, 0
878690, 2, 0
878691, 3, 1
878755, 0, 0
878764, 1, 1
878815, 2, 1
878816, 3, 0
878880, 0, 1
878889, 1, 0
878940, 2, 0
878941, 3, 0
879005, 0, 0
879014, 1, 1
879065, 2, 0
879066, 3, 1
879130, 0, 0
879139, 1, 1
879190, 2, 1
879191, 3, 1
879255, 0, 1
879264, 1, 0
879315, 2, 1
879316, 3, 0
879380, 0, 0
879389, 1, 1
879440, 2, 0
879441, 3, 1
879505, 0, 1
879514, 1, 0
879565, 2, 1
879566, 3, 0
879630, 0, 1
879639, 1, bit 0
879639, 1, 1
879690, 2, 0
879691, 3, 0
879755, 0, 0
879764, 1, 0
879815, 2, 1
879816, 3, 1
879880, 0, bit 0
879880, 0, 0
879889, 1, 0
879940, 2, 0
879943, 3, 1
880005, 0, 1
880014, 1, 1
880065, 2, bit 1
880065, 2, 1
880068, 3, 0
880130, 0, 1
880139, 1, 0
880190, 2, 0
880193, 3, bit 0
880193, 3, 1
880256, 0, 0
880264, 1, 1
880315, 2, 1
880318, 3, 0
880381, 0, 0
880389, 1, 0
880440, 2, 0
880443, 3, 1
880506, 0, 1
880514, 1, 1
880565, 2, 1
880568, 3, 0
880631, 0, 0
880640, 1, 0
880690, 2, 0
880693, 3, 0
880756, 0, 1
880765, 1, 1
880815, 2, 0
880818, 3, 1
880881, 0, 1
880890, 1, 1
880940, 2, 1
880943, 3, 1
881006, 0, 0
881016, 1, 0
881065, 2, 1
881068, 3, 0
881131, 0, 1
881141, 1, 1
881190, 2, 0
881193, 3, 1
881256, 0, 0
881266, 1, 0
881315, 2, 1
881318, 3, 0
881381, 0, 0
881391, 1, bit 0
881391, 1, 1
881440, 2, 0
881443, 3, 0
881506, 0, 1
881516, 1, 0
881565, 2, 1
881568, 3, 1
881631, 0, bit 1
881631, 0, 1
881641, 1, 0
881690, 2, 0
881693, 3, 1
881756, 0, 0
881766, 1, 1
881815, 2, bit 1
881815, 2, 1
881818, 3, 0
881881, 0, 0
881891, 1, 0
881940, 2, 0
881943, 3, bit 1
881943, 3, 0
882006, 0, 1
882016, 1, 1
882065, 2, 1
882068, 3, 1
882131, 0, 1
882141, 1, 0
882190, 2, 0
882193, 3, 0
882256, 0, 0
882266, 1, 1
882315, 2, 1
882318, 3, 1
882381, 0, 1
882391, 1, 0
882440, 2, 0
882443, 3, 1
882506, 0, 0
882516, 1, 1
882565, 2, 0
882568, 3, 0
882631, 0, 0
882641, 1, 1
882690, 2, 1
882693, 3, 0
882756, 0, 1
882766, 1, 0
882816, 2, 1
882818, 3, 1
882881, 0, 0
882891, 1, 1
882941, 2, 0
882944, 3, 0
883006, 0, 1
883016, 1, 0
883066, 2, 1
883069, 3, 1
883131, 0, 1
883141, 1, bit 0
883141, 1, 1
883191, 2, 0
883194, 3, 1
883256, 0, 0
883266, 1, 0
883316, 2, 1
883319, 3, 0
883381, 0, bit 0
883381, 0, 0
883391, 1, 0
883441, 2, 0
883444, 3, 0
883506, 0, 1
883516, 1, 1
883566, 2, bit 1
883566, 2, 1
883569, 3, 1
883631, 0, 1
883641, 1, 0
883691, 2, 0
883694, 3, bit 1
883694, 3, 0
883756, 0, 0
883766, 1, 1
883816, 2, 1
883819, 3, 1
883881, 0, 0
883891, 1, 0
883941, 2, 0
883944, 3, 0
884006, 0, 1
884016, 1, 1
884066, 2, 1
884069, 3, 1
884131, 0, 0
884141, 1, 0
884191, 2, 0
884194, 3, 1
884256, 0, 1
884267, 1, 1
884316, 2, 0
884319, 3, 0
884381, 0, 1
884392, 1, 1
884441, 2, 1
884444, 3, 0
884506, 0, 0
884517, 1, 0
884566, 2, 1
884569, 3, 1
884631, 0, 1
884642, 1, 1
884691, 2, 0
884694, 3, 0
884756, 0, 0
884767, 1, 0
884816, 2, 1
884819, 3, 1
884881, 0, 0
884892, 1, bit 0
884892, 1, 1
884941, 2, 0
884944, 3, 1
885006, 0, 1
885017, 1, 0
885066, 2, 1
885069, 3, 0
885131, 0, bit 0
885131, 0, 0
885142, 1, 0
885191, 2, 0
885194, 3, 0
885256, 0, 1
885267, 1, 1
885316, 2, bit 1
885316, 2, 1
885319, 3, 1
885381, 0, 1
885392, 1, 0
885441, 2, 0
885444, 3, bit 0
885444, 3, 1
885506, 0, 0
885517, 1, 1
885566, 2, 1
885569, 3, 0
885632, 0, 0
885642, 1, 0
885691, 2, 0
885694, 3, 1
885757, 0, 1
885767, 1, 1
885816, 2, 1
885819, 3, 0
885882, 0, 0
885892, 1, 0
885941, 2, 0
885944, 3, 0
886007, 0, 1
886017, 1, 1
886066, 2, 0
886069, 3, 1
886132, 0, 1
886142, 1, 1
886191, 2, 1
886194, 3, 1
886257, 0, 0
886267, 1, 0
886316, 2, 1
886319, 3, 0
886382, 0, 1
886392, 1, 1
886441, 2, 0
886444, 3, 1
886507, 0, 0
886517, 1, 0
886566, 2, 1
886569, 3, 0
886632, 0, 0
886642, 1, bit 1
886642, 1, 0
886691, 2, 0
886694, 3, 0
886757, 0, 1
886767, 1, 1
886816, 2, 1
886819, 3, 1
886882, 0, bit 1
886882, 0, 1
886892, 1, 1
886941, 2, 0
886944, 3, 1
887007, 0, 0
887017, 1, 0
887066, 2, bit 1
887066, 2, 1
887069, 3, 0
887132, 0, 0
887142, 1, 1
887191, 2, 0
887194, 3, bit 1
887194, 3, 0
887257, 0, 1
887267, 1, 0
887316, 2, 1
887319, 3, 1
887382, 0, 1
887392, 1, 1
887441, 2, 0
887444, 3, 0
887507, 0, 0
887517, 1, 0
887566, 2, 1
887569, 3, 1
887632, 0, 1
887642, 1, 1
887691, 2, 0
887694, 3, 1
887757, 0, 0
887767, 1, 0
887816, 2, 0
887819, 3, 0
887882, 0, 0
887892, 1, 0
887941, 2, 1
887944, 3, 0
888007, 0, 1
888017, 1, 1
888066, 2, 1
888069, 3, 1
888132, 0, 0
888142, 1, 0
888192, 2, 0
888194, 3, 0
888257, 0, 1
888267, 1, 1
888317, 2, 1
888320, 3, 1
888382, 0, 1
888392, 1, bit 0
888392, 1, 1
888442, 2, 0
888445, 3, 1
888507, 0, 0
888517, 1, 0
888567, 2, 1
888570, 3, 0
888632, 0, bit 0
888632, 0, 0
888642, 1, 0
888692, 2, 0
888695, 3, 0
888757, 0, 1
888767, 1, 1
888817, 2, bit 0
888817, 2, 0
888820, 3, 1
888882, 0, 1
888892, 1, 0
888942, 2, 1
888945, 3, bit 0
888945, 3, 1
889007, 0, 0
889017, 1, 1
889067, 2, 0
889070, 3, 0
889132, 0, 0
889142, 1, 0
889192, 2, 1
889195, 3, 1
889257, 0, 1
889267, 1, 1
889317, 2, 0
889320, 3, 0
889382, 0, 0
889392, 1, 0
889442, 2, 1
889445, 3, 0
889507, 0, 1
889517, 1, 1
889567, 2, 1
889570, 3, 1
889632, 0, 1
889643, 1, 1
889692, 2, 0
889695, 3, 1
889757, 0, 0
889768, 1, 0
889817, 2, 0
889820, 3, 0
889882, 0, 1
889893, 1, 1
889942, 2, 1
889945, 3, 1
890007, 0, 0
890018, 1, 0
890067, 2, 0
890070, 3, 0
890132, 0, 0
890143, 1, bit 1
890143, 1, 0
890192, 2, 1
890195, 3, 0
890257, 0, 1
890268, 1, 1
890317, 2, 0
890320, 3, 1
890382, 0, bit 1
890382, 0, 1
890393, 1, 1
890442, 2, 1
890445, 3, 1
890507, 0, 0
890518, 1, 0
890567, 2, bit 1
890567, 2, 1
890570, 3, 0
890632, 0, 0
890643, 1, 1
890692, 2, 0
890695, 3, bit 1
890695, 3, 0
890757, 0, 1
890768, 1, 0
890817, 2, 1
890820, 3, 1
890882, 0, 1
890893, 1, 1
890942, 2, 0
890945, 3, 0
891008, 0, 0
891018, 1, 0
891067, 2, 1
891070, 3, 1
891133, 0, 1
891143, 1, 1
891192, 2, 0
891195, 3, 1
891258, 0, 0
891268, 1, 0
891317, 2, 0
891320, 3, 0
891383, 0, 0
891393, 1, 0
891442, 2, 1
891445, 3, 0
891508, 0, 1
891518, 1, 1
891567, 2, 1
891570, 3, 1
891633, 0, 0
891643, 1, 0
891692, 2, 0
891695, 3, 0
891758, 0, 1
891768, 1, 1
891817, 2, 1
891820, 3, 1
891883, 0, 1
891893, 1, bit 1
891893, 1, 0
891942, 2, 0
891945, 3, 1
892008, 0, 0
892018, 1, 1
892067, 2, 1
892070, 3, 0
892133, 0, bit 0
892133, 0, 0
892143, 1, 1
892192, 2, 0
892195, 3, 0
892258, 0, 1
892268, 1, 0
892317, 2, bit 1
892317, 2, 1
892320, 3, 1
892383, 0, 1
892393, 1, 1
892442, 2, 0
892445, 3, bit 0
892448, 3, 1
892508, 0, 0
892518, 1, 0
892567, 2, 1
892570, 3, 0
892633, 0, 0
892643, 1, 1
892692, 2, 0
892695, 3, 1
892758, 0, 1
892768, 1, 0
892817, 2, 1
892820, 3, 0
892883, 0, 0
892893, 1, 1
892942, 2, 0
892945, 3, 0
893008, 0, 1
893018, 1, 0
893067, 2, 0
893070, 3, 1
893133, 0, 1
893143, 1, 0
893192, 2, 1
893195, 3, 1
893258, 0, 0
893268, 1, 1
893317, 2, 1
893320, 3, 0
893383, 0, 1
893393, 1, 0
893442, 2, 0
893445, 3, 1
893508, 0, 0
893518, 1, 1
893568, 2, 1
893570, 3, 0
893633, 0, 0
893643, 1, bit 1
893643, 1, 0
893693, 2, 0
893696, 3, 0
893758, 0, 1
893768, 1, 1
893818, 2, 1
893821, 3, 1
893883, 0, bit 1
893883, 0, 1
893893, 1, 1
893943, 2, 0
893946, 3, 1
894008, 0, 0
894018, 1, 0
894068, 2, bit 0
894068, 2, 0
894071, 3, 0
894133, 0, 0
894143, 1, 1
894193, 2, 1
894196, 3, bit 0
894196, 3, 1
894258, 0, 1
894268, 1, 0
894318, 2, 0
894321, 3, 0
894383, 0, 1
894393, 1, 1
894443, 2, 1
894446, 3, 1
894508, 0, 0
894518, 1, 0
894568, 2, 0
894571, 3, 0
894633, 0, 1
894643, 1, 1
894693, 2, 1
894696, 3, 0
894758, 0, 0
894768, 1, 0
894818, 2, 1
894821, 3, 1
894883, 0, 0
894893, 1, 0
894943, 2, 0
894946, 3, 1
895008, 0, 1
895019, 1, 1
895068, 2, 0
895071, 3, 0
895133, 0, 0
895144, 1, 0
895193, 2, 1
895196, 3, 1
895258, 0, 1
895269, 1, 1
895318, 2, 0
895321, 3, 0
895383, 0, 1
895394, 1, bit 1
895394, 1, 0
895443, 2, 1
895446, 3, 0
895508, 0, 0
895519, 1, 1
895568, 2, 0
895571, 3, 1
895633, 0, bit 1
895633, 0, 1
895644, 1, 1
895693, 2, 1
895696, 3, 1
895758, 0, 0
895769, 1, 0
895818, 2, bit 0
895818, 2, 0
895821, 3, 0
895883, 0, 0
895894, 1, 1
895943, 2, 1
895946, 3, bit 0
895946, 3, 1
896008, 0, 1
896019, 1, 0
896068, 2, 0
896071, 3, 0
896133, 0, 1
896144, 1, 1
896193, 2, 1
896196, 3, 1
896258, 0, 0
896269, 1, 0
896318, 2, 0
896321, 3, 0
896384, 0, 1
896394, 1, 1
896443, 2, 1
896446, 3, 0
896509, 0, 0
896519, 1, 0
896568, 2, 1
896571, 3, 1
896634, 0, 0
896644, 1, 0
896693, 2, 0
896696, 3, 1
896759, 0, 1
896769, 1, 1
896818, 2, 0
896821, 3, 0
896884, 0, 0
896894, 1, 0
896943, 2, 1
896946, 3, 1
897009, 0, 1
897019, 1, 1
897068, 2, 0
897071, 3, 0
897134, 0, 1
897144, 1, bit 1
897144, 1, 0
897193, 2, 1
897196, 3, 0
897259, 0, 0
897269, 1, 1
897318, 2, 0
897321, 3, 1
897384, 0, bit 0
897384, 0, 0
897394, 1, 1
897443, 2, 1
897446, 3, 1
897509, 0, 1
897519, 1, 0
897568, 2, bit 0
897568, 2, 0
897571, 3, 0
897634, 0, 1
897644, 1, 1
897693, 2, 1
897696, 3, bit 0
897699, 3, 1
897759, 0, 0
897769, 1, 0
897818, 2, 0
897821, 3, 0
897884, 0, 0
897894, 1, 1
897943, 2, 1
897946, 3, 1
898009, 0, 1
898019, 1, 0
898068, 2, 0
898071, 3, 0
898134, 0, 0
898144, 1, 1
898193, 2, 1
898196, 3, 0
898259, 0, 1
898269, 1, 0
898318, 2, 1
898321, 3, 1
898384, 0, 1
898394, 1, 0
898443, 2, 0
898446, 3, 1
898509, 0, 0
898519, 1, 1
898568, 2, 0
898571, 3, 0
898634, 0, 1
898644, 1, 0
898693, 2, 1
898696, 3, 1
898759, 0, 0
898769, 1, 1
898818, 2, 0
898821, 3, 0
898884, 0, 0
898894, 1, bit 0
898894, 1, 1
898944, 2, 1
898946, 3, 0
899009, 0, 1
899019, 1, 0
899069, 2, 0
899072, 3, 1
899134, 0, bit 1
899134, 0, 1
899144, 1, 0
899194, 2, 1
899197, 3, 1
899259, 0, 0
899269, 1, 1
899319, 2, bit 1
899319, 2, 1
899322, 3, 0
899384, 0, 0
899394, 1, 0
899444, 2, 0
899447, 3, bit 0
899447, 3, 1
899509, 0, 1
899519, 1, 1
899569, 2, 1
899572, 3, 0
899634, 0, 1
899644, 1, 0
899694, 2, 0
899697, 3, 1
899759, 0, 0
899769, 1, 1
899819, 2, 1
899822, 3, 0
899884, 0, 1
899894, 1, 0
899944, 2, 0
899947, 3, 0
900009, 0, 0
900019, 1, 1
900069, 2, 0
900072, 3, 1
900134, 0, 0
900144, 1, 1
900194, 2, 1
900197, 3, 1
900259, 0, 1
900269, 1, 0
900319, 2, 1
900322, 3, 0
900384, 0, 0
900395, 1, 1
900444, 2, 0
900447, 3, 1
900509, 0, 1
900520, 1, 0
900569, 2, 1
900572, 3, 0
900634, 0, 1
900645, 1, bit 1
900645, 1, 0
900694, 2, 0
900697, 3, 0
900759, 0, 0
900770, 1, 1
900819, 2, 1
900822, 3, 1
900884, 0, bit 0
900884, 0, 0
900895, 1, 1
900944, 2, 0
900947, 3, 1
901009, 0, 1
901020, 1, 0
901069, 2, bit 0
901069, 2, 0
901072, 3, 0
901134, 0, 1
901145, 1, 1
901194, 2, 1
901197, 3, bit 1
901197, 3, 0
901259, 0, 0
901270, 1, 0
901319, 2, 0
901322, 3, 1
901384, 0, 0
901395, 1, 1
901444, 2, 1
901447, 3, 0
901509, 0, 1
901520, 1, 0
901569, 2, 0
901572, 3, 1
901634, 0, 0
901645, 1, 1
901694, 2, 1
901697, 3, 1
901760, 0, 1
901770, 1, 0
901819, 2, 1
901822, 3, 0
901885, 0, 1
901895, 1, 0
901944, 2, 0
901947, 3, 0
902010, 0, 0
902020, 1, 1
902069, 2, 0
902072, 3, 1
902135, 0, 1
902145, 1, 0
902194, 2, 1
902197, 3, 0
902260, 0, 0
902270, 1, 1
902319, 2, 0
902322, 3, 1
902385, 0, 0
902395, 1, bit 1
902395, 1, 0
902444, 2, 1
902447, 3, 1
902510, 0, 1
902520, 1, 1
902569, 2, 0
902572, 3, 0
902635, 0, bit 1
902635, 0, 1
902645, 1, 1
902694, 2, 1
902697, 3, 0
902760, 0, 0
902770, 1, 0
902819, 2, bit 0
902819, 2, 0
902822, 3, 1
902885, 0, 0
902895, 1, 1
902944, 2, 1
902947, 3, bit 1
902950, 3, 0
903010, 0, 1
903020, 1, 0
903069, 2, 0
903072, 3, 1
903135, 0, 1
903145, 1, 1
903194, 2, 1
903197, 3, 0
903260, 0, 0
903270, 1, 0
903319, 2, 0
903322, 3, 1
903385, 0, 1
903395, 1, 1
903444, 2, 1
903447, 3, 1
903510, 0, 0
903520, 1, 0
903569, 2, 1
903572, 3, 0
903635, 0, 0
903645, 1, 0
903694, 2, 0
903697, 3, 0
903760, 0, 1
903770, 1, 1
903819, 2, 0
903822, 3, 1
903885, 0, 0
903895, 1, 0
903944, 2, 1
903947, 3, 0
904010, 0, 1
904020, 1, 1
904069, 2, 0
904072, 3, 1
904135, 0, 1
904145, 1, bit 0
904145, 1, 1
904194, 2, 1
904197, 3, 1
904260, 0, 0
904270, 1, 0
904320, 2, 0
904322, 3, 0
904385, 0, bit 1
904385, 0, 1
904395, 1, 0
904445, 2, 1
904448, 3, 0
904510, 0, 0
904520, 1, 1
904570, 2, bit 0
904570, 2, 0
904573, 3, 1
904635, 0, 0
904645, 1, 0
904695, 2, 1
904698, 3, bit 0
904698, 3, 1
904760, 0, 1
904770, 1, 1
904820, 2, 0
904823, 3, 0
904885, 0, 1
904895, 1, 0
904945, 2, 1
904948, 3, 1
905010, 0, 0
905020, 1, 1
905070, 2, 0
905073, 3, 0
905135, 0, 1
905145, 1, 0
905195, 2, 1
905198, 3, 0
905260, 0, 0
905270, 1, 1
905320, 2, 1
905323, 3, 1
905385, 0, 0
905395, 1, 1
905445, 2, 0
905448, 3, 1
905510, 0, 1
905520, 1, 0
905570, 2, 0
905573, 3, 0
905635, 0, 0
905645, 1, 1
905695, 2, 1
905698, 3, 1
905760, 0, 1
905771, 1, 0
905820, 2, 0
905823, 3, 0
905885, 0, 1
905896, 1, bit 1
905896, 1, 0
905945, 2, 1
905948, 3, 0
906010, 0, 0
906021, 1, 1
906070, 2, 0
906073, 3, 1
906135, 0, bit 0
906138, 0, 0
906146, 1, 1
906195, 2, 1
906198, 3, 1
906260, 0, 1
906271, 1, 0
906320, 2, bit 0
906320, 2, 0
906323, 3, 0
906385, 0, 1
906396, 1, 1
906445, 2, 1
906448, 3, bit 1
906448, 3, 0
906510, 0, 0
906521, 1, 0
906570, 2, 0
906573, 3, 1
906635, 0, 0
906646, 1, 1
906695, 2, 1
906698, 3, 0
906760, 0, 1
906771, 1, 0
906820, 2, 0
906823, 3, 1
906885, 0, 0
906896, 1, 1
906945, 2, 1
906948, 3, 1
907010, 0, 1
907021, 1, 0
907070, 2, 1
907073, 3, 0
907136, 0, 1
907146, 1, 0
907195, 2, 0
907198, 3, 0
907261, 0, 0
907271, 1, 1
907320, 2, 0
907323, 3, 1
907386, 0, 1
907396, 1, 0
907445, 2, 1
907448, 3, 0
907511, 0, 0
907521, 1, 1
907570, 2, 0
907573, 3, 1
907636, 0, 0
907646, 1, bit 0
907646, 1, 1
907695, 2, 1
907698, 3, 1
907761, 0, 1
907771, 1, 0
907820, 2, 0
907823, 3, 0
907886, 0, bit 1
907886, 0, 1
907896, 1, 0
907945, 2, 1
907948, 3, 0
908011, 0, 0
908021, 1, 1
908070, 2, bit 0
908070, 2, 0
908073, 3, 1
908136, 0, 0
908146, 1, 0
908195, 2, 1
908198, 3, bit 1
908198, 3, 0
908261, 0, 1
908271, 1, 1
908320, 2, 0
908323, 3, 1
908386, 0, 1
908396, 1, 0
908445, 2, 1
908448, 3, 0
908511, 0, 0
908521, 1, 1
908570, 2, 0
908573, 3, 1
908636, 0, 1
908646, 1, 0
908695, 2, 1
908698, 3, 1
908761, 0, 0
908771, 1, 1
908820, 2, 1
908823, 3, 0
908886, 0, 0
908896, 1, 1
908945, 2, 0
908948, 3, 0
909011, 0, 1
909021, 1, 0
909070, 2, 0
909073, 3, 1
909136, 0, 0
909146, 1, 1
909195, 2, 1
909198, 3, 0
909261, 0, 1
909271, 1, 0
909320, 2, 0
909323, 3, 1
909386, 0, 1
909396, 1, bit 1
909396, 1, 0
909445, 2, 1
909448, 3, 1
909511, 0, 0
909521, 1, 1
909570, 2, 0
909573, 3, 0
909636, 0, bit 0
909636, 0, 0
909646, 1, 1
909696, 2, 1
909698, 3, 0
909761, 0, 1
909771, 1, 0
909821, 2, bit 1
909821, 2, 1
909824, 3, 1
909886, 0, 1
909896, 1, 1
909946, 2, 0
909949, 3, bit 1
909949, 3, 0
910011, 0, 0
910021, 1, 0
910071, 2, 1
910074, 3, 1
910136, 0, 0
910146, 1, 1
910196, 2, 0
910199, 3, 0
910261, 0, 1
910271, 1, 0
910321, 2, 1
910324, 3, 1
910386, 0, 0
910396, 1, 1
910446, 2, 0
910449, 3, 1
910511, 0, 1
910521, 1, 0
910571, 2, 0
910574, 3, 0
910636, 0, 1
910646, 1, 0
910696, 2, 1
910699, 3, 0
910761, 0, 0
910771, 1, 1
910821, 2, 1
910824, 3, 1
910886, 0, 1
910896, 1, 0
910946, 2, 0
910949, 3, 0
911011, 0, 0
911021, 1, 1
911071, 2, 1
911074, 3, 1
911136, 0, 0
911147, 1, bit 0
911147, 1, 1
911196, 2, 0
911199, 3, 1
911261, 0, 1
911272, 1, 0
911321, 2, 1
911324, 3, 0
911386, 0, bit 0
911389, 0, 0
911397, 1, 0
911446, 2, 0
911449, 3, 0
911511, 0, 1
911522, 1, 1
911571, 2, bit 0
911571, 2, 0
911574, 3, 1
911636, 0, 1
911647, 1, 0
911696, 2, 1
911699, 3, bit 1
911699, 3, 0
911761, 0, 0
911772, 1, 1
911821, 2, 0
911824, 3, 1
911886, 0, 0
911897, 1, 0
911946, 2, 1
911949, 3, 0
912011, 0, 1
912022, 1, 1
912071, 2, 0
912074, 3, 1
912136, 0, 0
912147, 1, 0
912196, 2, 1
912199, 3, 1
912261, 0, 1
912272, 1, 1
912321, 2, 1
912324, 3, 0
912386, 0, 1
912397, 1, 1
912446, 2, 0
912449, 3, 0
912512, 0, 0
912522, 1, 0
912571, 2, 0
912574, 3, 1
912637, 0, 1
912647, 1, 1
912696, 2, 1
912699, 3, 0
912762, 0, 0
912772, 1, 0
912821, 2, 0
912824, 3, 1
912887, 0, 0
912897, 1, bit 0
912897, 1, 1
912946, 2, 1
912949, 3, 1
913012, 0, 1
913022, 1, 0
913071, 2, 0
913074, 3, 0
913137, 0, bit 0
913137, 0, 0
913147, 1, 0
913196, 2, 1
913199, 3, 0
913262, 0, 1
913272, 1, 1
913321, 2, bit 0
913321, 2, 0
913324, 3, 1
913387, 0, 1
913397, 1, 0
913446, 2, 1
913449, 3, bit 0
913449, 3, 1
913512, 0, 0
913522, 1, 1
913571, 2, 0
913574, 3, 0
913637, 0, 0
913647, 1, 0
913696, 2, 1
913699, 3, 1
913762, 0, 1
913772, 1, 1
913821, 2, 0
913824, 3, 0
913887, 0, 0
913897, 1, 0
913946, 2, 1
913949, 3, 0
914012, 0, 1
914022, 1, 1
914071, 2, 1
914074, 3, 1
914137, 0, 1
914147, 1, 1
914196, 2, 0
914199, 3, 1
914262, 0, 0
914272, 1, 0
914321, 2, 0
914324, 3, 0
914387, 0, 1
914397, 1, 1
914446, 2, 1
914449, 3, 1
914512, 0, 0
914522, 1, 0
914571, 2, 0
914574, 3, 0
914637, 0, 0
914647, 1, bit 0
914647, 1, 1
914696, 2, 1
914699, 3, 0
914762, 0, 1
914772, 1, 0
914821, 2, 0
914824, 3, 1
914887, 0, bit 0
914887, 0, 0
914897, 1, 0
914946, 2, 1
914949, 3, 1
915012, 0, 1
915022, 1, 1
915072, 2, bit 1
915072, 2, 1
915074, 3, 0
915137, 0, 1
915147, 1, 0
915197, 2, 0
915200, 3, bit 0
915200, 3, 1
915262, 0, 0
915272, 1, 1
915322, 2, 1
915325, 3, 0
915387, 0, 0
915397, 1, 0
915447, 2, 0
915450, 3, 1
915512, 0, 1
915522, 1, 1
915572, 2, 1
915575, 3, 0
915637, 0, 0
915647, 1, 0
915697, 2, 0
915700, 3, 0
915762, 0, 1
915772, 1, 1
915822, 2, 0
915825, 3, 1
915887, 0, 1
915897, 1, 1
915947, 2, 1
915950, 3, 1
916012, 0, 0
916022, 1, 0
916072, 2, 1
916075, 3, 0
916137, 0, 1
916147, 1, 1
916197, 2, 0
916200, 3, 1
916262, 0, 0
916272, 1, 0
916322, 2, 1
916325, 3, 0
916387, 0, 0
916397, 1, bit 1
916397, 1, 0
916447, 2, 0
916450, 3, 0
916512, 0, 1
916523, 1, 1
916572, 2, 1
916575, 3, 1
916637, 0, bit 0
916637, 0, 0
916648, 1, 1
916697, 2, 0
916700, 3, 1
916762, 0, 1
916773, 1, 0
916822, 2, bit 0
916822, 2, 0
916825, 3, 0
916887, 0, 1
916898, 1, 1
916947, 2, 1
916950, 3, bit 1
916950, 3, 0
917012, 0, 0
917023, 1, 0
917072, 2, 0
917075, 3, 1
917137, 0, 0
917148, 1, 1
917197, 2, 1
917200, 3, 0
917262, 0, 1
917273, 1, 0
917322, 2, 0
917325, 3, 1
917387, 0, 0
917398, 1, 1
917447, 2, 1
917450, 3, 1
917512, 0, 1
917523, 1, 0
917572, 2, 1
917575, 3, 0
917637, 0, 1
917648, 1, 0
917697, 2, 0
917700, 3, 0
917762, 0, 0
917773, 1, 1
917822, 2, 0
917825, 3, 1
917888, 0, 1
917898, 1, 0
917947, 2, 1
917950, 3, 0
918013, 0, 0
918023, 1, 1
918072, 2, 0
918075, 3, 1
918138, 0, 0
918148, 1, bit 1
918148, 1, 0
918197, 2, 1
918200, 3, 1
918263, 0, 1
918273, 1, 1
918322, 2, 0
918325, 3, 0
918388, 0, bit 0
918388, 0, 0
918398, 1, 1
918447, 2, 1
918450, 3, 0
918513, 0, 1
918523, 1, 0
918572, 2, bit 0
918572, 2, 0
918575, 3, 1
918638, 0, 1
918648, 1, 1
918697, 2, 1
918700, 3, bit 1
918700, 3, 0
918763, 0, 0
918773, 1, 0
918822, 2, 0
918825, 3, 1
918888, 0, 0
918898, 1, 1
918947, 2, 1
918950, 3, 0
919013, 0, 1
919023, 1, 0
919072, 2, 0
919075, 3, 1
919138, 0, 0
919148, 1, 1
919197, 2, 1
919200, 3, 1
919263, 0, 1
919273, 1, 0
919322, 2, 1
919325, 3, 0
919388, 0, 1
919398, 1, 0
919447, 2, 0
919450, 3, 0
919513, 0, 0
919523, 1, 1
919572, 2, 0
919575, 3, 1
919638, 0, 1
919648, 1, 0
919697, 2, 1
919700, 3, 0
919763, 0, 0
919773, 1, 1
919822, 2, 0
919825, 3, 1
919888, 0, 0
919898, 1, bit 1
919898, 1, 0
919947, 2, 1
919950, 3, 1
920013, 0, 1
920023, 1, 1
920072, 2, 0
920075, 3, 0
920138, 0, bit 0
920138, 0, 0
920148, 1, 1
920197, 2, 1
920200, 3, 0
920263, 0, 1
920273, 1, 0
920322, 2, bit 0
920322, 2, 0
920325, 3, 1
920388, 0, 1
920398, 1, 1
920448, 2, 1
920450, 3, bit 0
920450, 3, 1
920513, 0, 0
920523, 1, 0
920573, 2, 0
920576, 3, 0
920638, 0, 0
920648, 1, 1
920698, 2, 1
920701, 3, 1
920763, 0, 1
920773, 1, 0
920823, 2, 0
920826, 3, 0
920888, 0, 0
920898, 1, 1
920948, 2, 1
920951, 3, 0
921013, 0, 1
921023, 1, 0
921073, 2, 1
921076, 3, 1
921138, 0, 1
921148, 1, 0
921198, 2, 0
921201, 3, 1
921263, 0, 0
921273, 1, 1
921323, 2, 0
921326, 3, 0
921388, 0, 1
921398, 1, 0
921448, 2, 1
921451, 3, 1
921513, 0, 0
921523, 1, 1
921573, 2, 0
921576, 3, 0
921638, 0, 0
921648, 1, bit 1
921648, 1, 0
921698, 2, 1
921701, 3, 0
921763, 0, 1
921773, 1, 1
921823, 2, 0
921826, 3, 1
921888, 0, bit 1
921888, 0, 1
921899, 1, 1
921948, 2, 1
921951, 3, 1
922013, 0, 0
922024, 1, 0
922073, 2, bit 1
922073, 2, 1
922076, 3, 0
922138, 0, 0
922149, 1, 1
922198, 2, 0
922201, 3, bit 0
922201, 3, 1
922263, 0, 1
922274, 1, 0
922323, 2, 1
922326, 3, 0
922388, 0, 1
922399, 1, 1
922448, 2, 0
922451, 3, 1
922513, 0, 0
922524, 1, 0
922573, 2, 1
922576, 3, 0
922638, 0, 1
922649, 1, 1
922698, 2, 0
922701, 3, 0
922763, 0, 0
922774, 1, 0
922823, 2, 0
922826, 3, 1
922888, 0, 0
922899, 1, 0
922948, 2, 1
922951, 3, 1
923013, 0, 1
923024, 1, 1
923073, 2, 1
923076, 3, 0
923138, 0, 0
923149, 1, 0
923198, 2, 0
923201, 3, 1
923264, 0, 1
923274, 1, 1
923323, 2, 1
923326, 3, 0
923389, 0, 1
923399, 1, bit 1
923399, 1, 0
923448, 2, 0
923451, 3, 0
923514, 0, 0
923524, 1, 1
923573, 2, 1
923576, 3, 1
923639, 0, bit 0
923639, 0, 0
923649, 1, 1
923698, 2, 0
923701, 3, 1
923764, 0, 1
923774, 1, 0
923823, 2, bit 0
923823, 2, 0
923826, 3, 0
923889, 0, 1
923899, 1, 1
923948, 2, 1
923951, 3, bit 0
923951, 3, 1
924014, 0, 0
924024, 1, 0
924073, 2, 0
924076, 3, 0
924139, 0, 0
924149, 1, 1
924198, 2, 1
924201, 3, 1
924264, 0, 1
924274, 1, 0
924323, 2, 0
924326, 3, 0
924389, 0, 0
924399, 1, 1
924448, 2, 1
924451, 3, 0
924514, 0, 1
924524, 1, 0
924573, 2, 1
924576, 3, 1
924639, 0, 1
924649, 1, 0
924698, 2, 0
924701, 3, 1
924764, 0, 0
924774, 1, 1
924823, 2, 0
924826, 3, 0
924889, 0, 1
924899, 1, 0
924948, 2, 1
924951, 3, 1
925014, 0, 0
925024, 1, 1
925073, 2, 0
925076, 3, 0
925139, 0, 0
925149, 1, bit 1
925149, 1, 0
925198, 2, 1
925201, 3, 0
925264, 0, 1
925274, 1, 1
925323, 2, 0
925326, 3, 1
925389, 0, bit 1
925389, 0, 1
925399, 1, 1
925448, 2, 1
925451, 3, 1
925514, 0, 0
925524, 1, 0
925573, 2, bit 0
925573, 2, 0
925576, 3, 0
925639, 0, 0
925649, 1, 1
925698, 2, 1
925701, 3, bit 1
925701, 3, 0
925764, 0, 1
925774, 1, 0
925824, 2, 0
925826, 3, 1
925889, 0, 1
925899, 1, 1
925949, 2, 1
925952, 3, 0
926014, 0, 0
926024, 1, 0
926074, 2, 0
926077, 3, 1
926139, 0, 1
926149, 1, 1
926199, 2, 1
926202, 3, 1
926264, 0, 0
926274, 1, 0
926324, 2, 1
926327, 3, 0
926389, 0, 0
926399, 1, 0
926449, 2, 0
926452, 3, 0
926514, 0, 1
926524, 1, 1
926574, 2, 0
926577, 3, 1
926639, 0, 0
926649, 1, 0
926699, 2, 1
926702, 3, 0
926764, 0, 1
926774, 1, 1
926824, 2, 0
926827, 3, 1
926889, 0, 1
926899, 1, bit 0
926899, 1, 1
926949, 2, 1
926952, 3, 1
927014, 0, 0
927024, 1, 0
927074, 2, 0
927077, 3, 0
927139, 0, bit 0
927139, 0, 0
927149, 1, 0
927199, 2, 1
927202, 3, 0
927264, 0, 1
927275, 1, 1
927324, 2, bit 1
927324, 2, 1
927327, 3, 1
927389, 0, 1
927400, 1, 0
927449, 2, 0
927452, 3, bit 0
927452, 3, 1
927514, 0, 0
927525, 1, 1
927574, 2, 1
927577, 3, 0
927639, 0, 0
927650, 1, 0
927699, 2, 0
927702, 3, 1
927764, 0, 1
927775, 1, 1
927824, 2, 1
927827, 3, 0
927889, 0, 0
927900, 1, 0
927949, 2, 0
927952, 3, 0
928014, 0, 1
928025, 1, 1
928074, 2, 0
928077, 3, 1
928139, 0, 1
928150, 1, 1
928199, 2, 1
928202, 3, 1
928264, 0, 0
928275, 1, 0
928324, 2, 1
928327, 3, 0
928389, 0, 1
928400, 1, 1
928449, 2, 0
928452, 3, 1
928514, 0, 0
928525, 1, 0
928574, 2, 1
928577, 3, 0
928640, 0, 0
928650, 1, bit 1
928650, 1, 0
928699, 2, 0
928702, 3, 0
928765, 0, 1
928775, 1, 1
928824, 2, 1
928827, 3, 1
928890, 0, bit 0
928890, 0, 0
928900, 1, 1
928949, 2, 0
928952, 3, 1
929015, 0, 1
929025, 1, 0
929074, 2, bit 1
929074, 2, 1
929077, 3, 0
929140, 0, 1
929150, 1, 1
929199, 2, 0
929202, 3, bit 0
929202, 3, 1
929265, 0, 0
929275, 1, 0
929324, 2, 1
929327, 3, 0
929390, 0, 0
929400, 1, 1
929449, 2, 0
929452, 3, 1
929515, 0, 1
929525, 1, 0
929574, 2, 1
929577, 3, 0
929640, 0, 0
929650, 1, 1
929699, 2, 0
929702, 3, 0
929765, 0, 1
929775, 1, 0
929824, 2, 0
929827, 3, 1
929890, 0, 1
929900, 1, 0
929949, 2, 1
929952, 3, 1
930015, 0, 0
930025, 1, 1
930074, 2, 1
930077, 3, 0
930140, 0, 1
930150, 1, 0
930199, 2, 0
930202, 3, 1
930265, 0, 0
930275, 1, 1
930324, 2, 1
930327, 3, 0
930390, 0, 0
930400, 1, bit 0
930400, 1, 1
930449, 2, 0
930452, 3, 0
930515, 0, 1
930525, 1, 0
930574, 2, 1
930577, 3, 1
930640, 0, bit 0
930640, 0, 0
930650, 1, 0
930699, 2, 0
930702, 3, 1
930765, 0, 1
930775, 1, 1
930824, 2, bit 0
930824, 2, 0
930827, 3, 0
930890, 0, 1
930900, 1, 0
930949, 2, 1
930952, 3, bit 1
930952, 3, 0
931015, 0, 0
931025, 1, 1
931074, 2, 0
931077, 3, 1
931140, 0, 0
931150, 1, 0
931200, 2, 1
931203, 3, 0
931265, 0, 1
931275, 1, 1
931325, 2, 0
931328, 3, 1
931390, 0, 0
931400, 1, 0
931450, 2, 1
931453, 3, 1
931515, 0, 1
931525, 1, 1
931575, 2, 1
931578, 3, 0
931640, 0, 1
931650, 1, 1
931700, 2, 0
931703, 3, 0
931765, 0, 0
931775, 1, 0
931825, 2, 0
931828, 3, 1
931890, 0, 1
931900, 1, 1
931950, 2, 1
931953, 3, 0
932015, 0, 0
932025, 1, 0
932075, 2, 0
932078, 3, 1
932140, 0, 0
932150, 1, bit 0
932150, 1, 1
932200, 2, 1
932203, 3, 1
932265, 0, 1
932275, 1, 0
932325, 2, 0
932328, 3, 0
932390, 0, bit 0
932390, 0, 0
932400, 1, 0
932450, 2, 1
932453, 3, 0
932515, 0, 1
932525, 1, 1
932575, 2, bit 1
932575, 2, 1
932578, 3, 1
932640, 0, 1
932651, 1, 0
932700, 2, 0
932703, 3, bit 0
932703, 3, 1
932765, 0, 0
932776, 1, 1
932825, 2, 1
932828, 3, 0
932890, 0, 0
932901, 1, 0
932950, 2, 0
932953, 3, 1
933015, 0, 1
933026, 1, 1
933075, 2, 1
933078, 3, 0
933140, 0, 0
933151, 1, 0
933200, 2, 0
933203, 3, 0
933265, 0, 1
933276, 1, 1
933325, 2, 0
933328, 3, 1
933390, 0, 1
933401, 1, 1
933450, 2, 1
933453, 3, 1
933515, 0, 0
933526, 1, 0
933575, 2, 1
933578, 3, 0
933640, 0, 1
933651, 1, 1
933700, 2, 0
933703, 3, 1
933765, 0, 0
933776, 1, 0
933825, 2, 1
933828, 3, 0
933890, 0, 0
933901, 1, bit 0
933901, 1, 1
933950, 2, 0
933953, 3, 0
934016, 0, 1
934026, 1, 0
934075, 2, 1
934078, 3, 1
934141, 0, bit 1
934141, 0, 1
934151, 1, 0
934200, 2, 0
934203, 3, 1
934266, 0, 0
934276, 1, 1
934325, 2, bit 1
934325, 2, 1
934328, 3, 0
934391, 0, 0
934401, 1, 0
934450, 2, 0
934453, 3, bit 0
934453, 3, 1
934516, 0, 1
934526, 1, 1
934575, 2, 1
934578, 3, 0
934641, 0, 1
934651, 1, 0
934700, 2, 0
934703, 3, 1
934766, 0, 0
934776, 1, 1
934825, 2, 1
934828, 3, 0
934891, 0, 1
934901, 1, 0
934950, 2, 0
934953, 3, 0
935016, 0, 0
935026, 1, 1
935075, 2, 0
935078, 3, 1
935141, 0, 0
935151, 1, 1
935200, 2, 1
935203, 3, 1
935266, 0, 1
935276, 1, 0
935325, 2, 1
935328, 3, 0
935391, 0, 0
935401, 1, 1
935450, 2, 0
935453, 3, 1
935516, 0, 1
935526, 1, 0
935575, 2, 1
935578, 3, 0
935641, 0, 1
935651, 1, bit 0
935651, 1, 1
935700, 2, 0
935703, 3, 0
935766, 0, 0
935776, 1, 0
935825, 2, 1
935828, 3, 1
935891, 0, bit 1
935891, 0, 1
935901, 1, 0
935950, 2, 0
935953, 3, 1
936016, 0, 0
936026, 1, 1
936075, 2, bit 0
936075, 2, 0
936078, 3, 0
936141, 0, 0
936151, 1, 0
936200, 2, 1
936203, 3, bit 1
936203, 3, 0
936266, 0, 1
936276, 1, 1
936325, 2, 0
936328, 3, 1
936391, 0, 1
936401, 1, 0
936450, 2, 1
936453, 3, 0
936516, 0, 0
936526, 1, 1
936576, 2, 0
936578, 3, 1
936641, 0, 1
936651, 1, 0
936701, 2, 1
936704, 3, 1
936766, 0, 0
936776, 1, 1
936826, 2, 1
936829, 3, 0
936891, 0, 0
936901, 1, 1
936951, 2, 0
936954, 3, 0
937016, 0, 1
937026, 1, 0
937076, 2, 0
937079, 3, 1
937141, 0, 0
937151, 1, 1
937201, 2, 1
937204, 3, 0
937266, 0, 1
937276, 1, 0
937326, 2, 0
937329, 3, 1
937391, 0, 1
937401, 1, bit 1
937401, 1, 0
937451, 2, 1
937454, 3, 1
937516, 0, 0
937526, 1, 1
937576, 2, 0
937579, 3, 0
937641, 0, bit 1
937641, 0, 1
937651, 1, 1
937701, 2, 1
937704, 3, 0
937766, 0, 0
937776, 1, 0
937826, 2, bit 1
937826, 2, 1
937829, 3, 1
937891, 0, 0
937901, 1, 1
937951, 2, 0
937954, 3, bit 0
937954, 3, 1
938016, 0, 1
938027, 1, 0
938076, 2, 1
938079, 3, 0
938141, 0, 1
938152, 1, 1
938201, 2, 0
938204, 3, 1
938266, 0, 0
938277, 1, 0
938326, 2, 1
938329, 3, 0
938391, 0, 1
938402, 1, 1
938451, 2, 0
938454, 3, 0
938516, 0, 0
938527, 1, 0
938576, 2, 0
938579, 3, 1
938641, 0, 0
938652, 1, 0
938701, 2, 1
938704, 3, 1
938766, 0, 1
938777, 1, 1
938826, 2, 1
938829, 3, 0
938891, 0, 0
938902, 1, 0
938951, 2, 0
938954, 3, 1
939016, 0, 1
939027, 1, 1
939076, 2, 1
939079, 3, 0
939141, 0, 1
939152, 1, bit 1
939152, 1, 0
939201, 2, 0
939204, 3, 0
939266, 0, 0
939277, 1, 1
939326, 2, 1
939329, 3, 1
939392, 0, bit 1
939392, 0, 1
939402, 1, 1
939451, 2, 0
939454, 3, 1
939517, 0, 0
939527, 1, 0
939576, 2, bit 1
939576, 2, 1
939579, 3, 0
939642, 0, 0
939652, 1, 1
939701, 2, 0
939704, 3, bit 0
939704, 3, 1
939767, 0, 1
939777, 1, 0
939826, 2, 1
939829, 3, 0
939892, 0, 1
939902, 1, 1
939951, 2, 0
939954, 3, 1
940017, 0, 0
940027, 1, 0
940076, 2, 1
940079, 3, 0
940142, 0, 1
940152, 1, 1
940201, 2, 0
940204, 3, 0
940267, 0, 0
940277, 1, 0
940326, 2, 0
940329, 3, 1
940392, 0, 0
940402, 1, 0
940451, 2, 1
940454, 3, 1
940517, 0, 1
940527, 1, 1
940576, 2, 1
940579, 3, 0
940642, 0, 0
940652, 1, 0
940701, 2, 0
940704, 3, 1
940767, 0, 1
940777, 1, 1
940826, 2, 1
940829, 3, 0
940892, 0, 1
940902, 1, bit 0
940902, 1, 1
940951, 2, 0
940954, 3, 0
941017, 0, 0
941027, 1, 0
941076, 2, 1
941079, 3, 1
941142, 0, bit 0
941142, 0, 0
941152, 1, 0
941201, 2, 0
941204, 3, 1
941267, 0, 1
941277, 1, 1
941326, 2, bit 0
941326, 2, 0
941329, 3, 0
941392, 0, 1
941402, 1, 0
941451, 2, 1
941454, 3, bit 0
941454, 3, 1
941517, 0, 0
941527, 1, 1
941576, 2, 0
941579, 3, 0
941642, 0, 0
941652, 1, 0
941701, 2, 1
941704, 3, 1
941767, 0, 1
941777, 1, 1
941826, 2, 0
941829, 3, 0
941892, 0, 0
941902, 1, 0
941952, 2, 1
941954, 3, 0
942017, 0, 1
942027, 1, 1
942077, 2, 1
942080, 3, 1
942142, 0, 1
942152, 1, 1
942202, 2, 0
942205, 3, 1
942267, 0, 0
942277, 1, 0
942327, 2, 0
942330, 3, 0
942392, 0, 1
942402, 1, 1
942452, 2, 1
942455, 3, 1
942517, 0, 0
942527, 1, 0
942577, 2, 0
942580, 3, 0
942642, 0, 0
942652, 1, bit 0
942652, 1, 1
942702, 2, 1
942705, 3, 0
942767, 0, 1
942777, 1, 0
942827, 2, 0
942830, 3, 1
942892, 0, bit 0
942892, 0, 0
942902, 1, 0
942952, 2, 1
942955, 3, 1
943017, 0, 1
943027, 1, 1
943077, 2, bit 1
943077, 2, 1
943080, 3, 0
943142, 0, 1
943152, 1, 0
943202, 2, 0
943205, 3, bit 0
943205, 3, 1
943267, 0, 0
943277, 1, 1
943327, 2, 1
943330, 3, 0
943392, 0, 0
943403, 1, 0
943452, 2, 0
943455, 3, 1
943517, 0, 1
943528, 1, 1
943577, 2, 1
943580, 3, 0
943642, 0, 0
943653, 1, 0
943702, 2, 0
943705, 3, 0
943767, 0, 1
943778, 1, 1
943827, 2, 0
943830, 3, 1
943892, 0, 1
943903, 1, 1
943952, 2, 1
943955, 3, 1
944017, 0, 0
944028, 1, 0
944077, 2, 1
944080, 3, 0
944142, 0, 1
944153, 1, 1
944202, 2, 0
944205, 3, 1
944267, 0, 0
944278, 1, 0
944327, 2, 1
944330, 3, 0
944392, 0, 0
944403, 1, bit 0
944403, 1, 1
944452, 2, 0
944455, 3, 0
944517, 0, 1
944528, 1, 0
944577, 2, 1
944580, 3, 1
944642, 0, bit 0
944642, 0, 0
944653, 1, 0
944702, 2, 0
944705, 3, 1
944768, 0, 1
944778, 1, 1
944827, 2, bit 1
944827, 2, 1
944830, 3, 0
944893, 0, 1
944903, 1, 0
944952, 2, 0
944955, 3, bit 1
944955, 3, 0
945018, 0, 0
945028, 1, 1
945077, 2, 1
945080, 3, 1
945143, 0, 0
945153, 1, 0
945202, 2, 0
945205, 3, 0
945268, 0, 1
945278, 1, 1
945327, 2, 1
945330, 3, 1
945393, 0, 0
945403, 1, 0
945452, 2, 0
945455, 3, 1
945518, 0, 1
945528, 1, 1
945577, 2, 0
945580, 3, 0
945643, 0, 1
945653, 1, 1
945702, 2, 1
945705, 3, 0
945768, 0, 0
945778, 1, 0
945827, 2, 1
945830, 3, 1
945893, 0, 1
945903, 1, 1
945952, 2, 0
945955, 3, 0
946018, 0, 0
946028, 1, 0
946077, 2, 1
946080, 3, 1
946143, 0, 0
946153, 1, bit 1
946153, 1, 0
946202, 2, 0
946205, 3, 1
946268, 0, 1
946278, 1, 1
946327, 2, 1
946330, 3, 0
946393, 0, bit 1
946393, 0, 1
946403, 1, 1
946452, 2, 0
946455, 3, 0
946518, 0, 0
946528, 1, 0
946577, 2, bit 0
946577, 2, 0
946580, 3, 1
946643, 0, 0
946653, 1, 1
946702, 2, 1
946705, 3, bit 0
946705, 3, 1
946768, 0, 1
946778, 1, 0
946827, 2, 0
946830, 3, 0
946893, 0, 1
946903, 1, 1
946952, 2, 1
946955, 3, 1
947018, 0, 0
947028, 1, 0
947077, 2, 0
947080, 3, 0
947143, 0, 1
947153, 1, 1
947202, 2, 1
947205, 3, 0
947268, 0, 0
947278, 1, 0
947328, 2, 1
947330, 3, 1
947393, 0, 0
947403, 1, 0
947453, 2, 0
947456, 3, 1
947518, 0, 1
947528, 1, 1
947578, 2, 0
947581, 3, 0
947643, 0, 0
947653, 1, 0
947703, 2, 1
947706, 3, 1
947768, 0, 1
947778, 1, 1
947828, 2, 0
947831, 3, 0
947893, 0, 1
947903, 1, bit 0
947903, 1, 1
947953, 2, 1
947956, 3, 0
948018, 0, 0
948028, 1, 0
948078, 2, 0
948081, 3, 1
948143, 0, bit 1
948143, 0, 1
948153, 1, 0
948203, 2, 1
948206, 3, 1
948268, 0, 0
948278, 1, 1
948328, 2, bit 0
948328, 2, 0
948331, 3, 0
948393, 0, 0
948403, 1, 0
948453, 2, 1
948456, 3, bit 1
948456, 3, 0
948518, 0, 1
948528, 1, 1
948578, 2, 0
948581, 3, 1
948643, 0, 1
948653, 1, 0
948703, 2, 1
948706, 3, 0
948768, 0, 0
948779, 1, 1
948828, 2, 0
948831, 3, 1
948893, 0, 1
948904, 1, 0
948953, 2, 1
948956, 3, 1
949018, 0, 0
949029, 1, 1
949078, 2, 1
949081, 3, 0
949143, 0, 0
949154, 1, 1
949203, 2, 0
949206, 3, 0
949268, 0, 1
949279, 1, 0
949328, 2, 0
949331, 3, 1
949393, 0, 0
949404, 1, 1
949453, 2, 1
949456, 3, 0
949518, 0, 1
949529, 1, 0
949578, 2, 0
949581, 3, 1
949643, 0, 1
949654, 1, bit 1
949654, 1, 0
949703, 2, 1
949706, 3, 1
949768, 0, 0
949779, 1, 1
949828, 2, 0
949831, 3, 0
949893, 0, bit 1
949893, 0, 1
949904, 1, 1
949953, 2, 1
949956, 3, 0
950018, 0, 0
950029, 1, 0
950078, 2, bit 0
950081, 2, 0
950081, 3, 1
950144, 0, 0
950154, 1, 1
950203, 2, 1
950206, 3, bit 1
950206, 3, 0
950269, 0, 1
950279, 1, 0
950328, 2, 0
950331, 3, 1
950394, 0, 1
950404, 1, 1
950453, 2, 1
950456, 3, 0
950519, 0, 0
950529, 1, 0
950578, 2, 0
950581, 3, 1
950644, 0, 1
950654, 1, 1
950703, 2, 1
950706, 3, 1
950769, 0, 0
950779, 1, 0
950828, 2, 1
950831, 3, 0
950894, 0, 0
950904, 1, 0
950953, 2, 0
950956, 3, 0
951019, 0, 1
951029, 1, 1
951078, 2, 0
951081, 3, 1
951144, 0, 0
951154, 1, 0
951203, 2, 1
951206, 3, 0
951269, 0, 1
951279, 1, 1
951328, 2, 0
951331, 3, 1
951394, 0, 1
951404, 1, bit 0
951404, 1, 1
951453, 2, 1
951456, 3, 1
951519, 0, 0
951529, 1, 0
951578, 2, 0
951581, 3, 0
951644, 0, bit 1
951644, 0, 1
951654, 1, 0
951703, 2, 1
951706, 3, 0
951769, 0, 0
951779, 1, 1
951828, 2, bit 1
951828, 2, 1
951831, 3, 1
951894, 0, 0
951904, 1, 0
951953, 2, 0
951956, 3, bit 0
951956, 3, 1
952019, 0, 1
952029, 1, 1
952078, 2, 1
952081, 3, 0
952144, 0, 1
952154, 1, 0
952203, 2, 0
952206, 3, 1
952269, 0, 0
952279, 1, 1
952328, 2, 1
952331, 3, 0
952394, 0, 1
952404, 1, 0
952453, 2, 0
952456, 3, 0
952519, 0, 0
952529, 1, 1
952578, 2, 0
952581, 3, 1
952644, 0, 0
952654, 1, 1
952704, 2, 1
952706, 3, 1
952769, 0, 1
952779, 1, 0
952829, 2, 1
952832, 3, 0
952894, 0, 0
952904, 1, 1
952954, 2, 0
952957, 3, 1
953019, 0, 1
953029, 1, 0
953079, 2, 1
953082, 3, 0
953144, 0, 1
953154, 1, bit 0
953154, 1, 1
953204, 2, 0
953207, 3, 0
953269, 0, 0
953279, 1, 0
953329, 2, 1
953332, 3, 1
953394, 0, bit 1
953394, 0, 1
953404, 1, 0
953454, 2, 0
953457, 3, 1
953519, 0, 0
953529, 1, 1
953579, 2, bit 1
953579, 2, 1
953582, 3, 0
953644, 0, 0
953654, 1, 0
953704, 2, 0
953707, 3, bit 1
953707, 3, 0
953769, 0, 1
953779, 1, 1
953829, 2, 1
953832, 3, 1
953894, 0, 1
953904, 1, 0
953954, 2, 0
953957, 3, 0
954019, 0, 0
954029, 1, 1
954079, 2, 1
954082, 3, 1
954144, 0, 1
954155, 1, 0
954204, 2, 0
954207, 3, 1
954269, 0, 0
954280, 1, 1
954329, 2, 0
954332, 3, 0
954394, 0, 0
954405, 1, 1
954454, 2, 1
954457, 3, 0
954519, 0, 1
954530, 1, 0
954579, 2, 1
954582, 3, 1
954644, 0, 0
954655, 1, 1
954704, 2, 0
954707, 3, 0
954769, 0, 1
954780, 1, 0
954829, 2, 1
954832, 3, 1
954894, 0, 1
954905, 1, bit 1
954905, 1, 0
954954, 2, 0
954957, 3, 1
955019, 0, 0
955030, 1, 1
955079, 2, 1
955082, 3, 0
955144, 0, bit 0
955144, 0, 0
955155, 1, 1
955204, 2, 0
955207, 3, 0
955269, 0, 1
955280, 1, 0
955329, 2, bit 0
955332, 2, 0
955332, 3, 1
955394, 0, 1
955405, 1, 1
955454, 2, 1
955457, 3, bit 0
955457, 3, 1
955520, 0, 0
955530, 1, 0
955579, 2, 0
955582, 3, 0
955645, 0, 0
955655, 1, 1
955704, 2, 1
955707, 3, 1
955770, 0, 1
955780, 1, 0
955829, 2, 0
955832, 3, 0
955895, 0, 0
955905, 1, 1
955954, 2, 1
955957, 3, 0
956020, 0, 1
956030, 1, 0
956079, 2, 1
956082, 3, 1
956145, 0, 1
956155, 1, 0
956204, 2, 0
956207, 3, 1
956270, 0, 0
956280, 1, 1
956329, 2, 0
956332, 3, 0
956395, 0, 1
956405, 1, 0
956454, 2, 1
956457, 3, 1
956520, 0, 0
956530, 1, 1
956579, 2, 0
956582, 3, 0
956645, 0, 0
956655, 1, bit 1
956655, 1, 0
956704, 2, 1
956707, 3, 0
956770, 0, 1
956780, 1, 1
956829, 2, 0
956832, 3, 1
956895, 0, bit 1
956895, 0, 1
956905, 1, 1
956954, 2, 1
956957, 3, 1
957020, 0, 0
957030, 1, 0
957079, 2, bit 0
957079, 2, 0
957082, 3, 0
957145, 0, 0
957155, 1, 1
957204, 2, 1
957207, 3, bit 0
957207, 3, 1
957270, 0, 1
957280, 1, 0
957329, 2, 0
957332, 3, 0
957395, 0, 1
957405, 1, 1
957454, 2, 1
957457, 3, 1
957520, 0, 0
957530, 1, 0
957579, 2, 0
957582, 3, 0
957645, 0, 1
957655, 1, 1
957704, 2, 1
957707, 3, 0
957770, 0, 0
957780, 1, 0
957829, 2, 1
957832, 3, 1
957895, 0, 0
957905, 1, 0
957954, 2, 0
957957, 3, 1
958020, 0, 1
958030, 1, 1
958080, 2, 0
958082, 3, 0
958145, 0, 0
958155, 1, 0
958205, 2, 1
958208, 3, 1
958270, 0, 1
958280, 1, 1
958330, 2, 0
958333, 3, 0
958395, 0, 1
958405, 1, bit 1
958405, 1, 0
958455, 2, 1
958458, 3, 0
958520, 0, 0
958530, 1, 1
958580, 2, 0
958583, 3, 1
958645, 0, bit 0
958645, 0, 0
958655, 1, 1
958705, 2, 1
958708, 3, 1
958770, 0, 1
958780, 1, 0
958830, 2, bit 1
958830, 2, 1
958833, 3, 0
958895, 0, 1
958905, 1, 1
958955, 2, 0
958958, 3, bit 0
958958, 3, 1
959020, 0, 0
959030, 1, 0
959080, 2, 1
959083, 3, 0
959145, 0, 0
959155, 1, 1
959205, 2, 0
959208, 3, 1
959270, 0, 1
959280, 1, 0
959330, 2, 1
959333, 3, 0
959395, 0, 0
959405, 1, 1
959455, 2, 0
959458, 3, 0
959520, 0, 1
959531, 1, 0
959580, 2, 0
959583, 3, 1
959645, 0, 1
959656, 1, 0
959705, 2, 1
959708, 3, 1
959770, 0, 0
959781, 1, 1
959830, 2, 1
959833, 3, 0
959895, 0, 1
959906, 1, 0
959955, 2, 0
959958, 3, 1
960020, 0, 0
960031, 1, 1
960080, 2, 1
960083, 3, 0
960145, 0, 0
960156, 1, bit 0
960156, 1, 1
960205, 2, 0
960208, 3, 0
960270, 0, 1
960281, 1, 0
960330, 2, 1
960333, 3, 1
960395, 0, bit 0
960395, 0, 0
960406, 1, 0
960455, 2, 0
960458, 3, 1
960520, 0, 1
960531, 1, 1
960580, 2, bit 0
960583, 2, 0
960583, 3, 0
960645, 0, 1
960656, 1, 0
960705, 2, 1
960708, 3, bit 0
960708, 3, 1
960770, 0, 0
960781, 1, 1
960830, 2, 0
960833, 3, 0
960896, 0, 0
960906, 1, 0
960955, 2, 1
960958, 3, 1
961021, 0, 1
961031, 1, 1
961080, 2, 0
961083, 3, 0
961146, 0, 0
961156, 1, 0
961205, 2, 1
961208, 3, 0
961271, 0, 1
961281, 1, 1
961330, 2, 1
961333, 3, 1
961396, 0, 1
961406, 1, 1
961455, 2, 0
961458, 3, 1
961521, 0, 0
961531, 1, 0
961580, 2, 0
961583, 3, 0
961646, 0, 1
961656, 1, 1
961705, 2, 1
961708, 3, 1
961771, 0, 0
961781, 1, 0
961830, 2, 0
961833, 3, 0
961896, 0, 0
961906, 1, bit 0
961906, 1, 1
961955, 2, 1
961958, 3, 0
962021, 0, 1
962031, 1, 0
962080, 2, 0
962083, 3, 1
962146, 0, bit 1
962146, 0, 1
962156, 1, 0
962205, 2, 1
962208, 3, 1
962271, 0, 0
962281, 1, 1
962330, 2, bit 1
962330, 2, 1
962333, 3, 0
962396, 0, 0
962406, 1, 0
962455, 2, 0
962458, 3, bit 0
962458, 3, 1
962521, 0, 1
962531, 1, 1
962580, 2, 1
962583, 3, 0
962646, 0, 1
962656, 1, 0
962705, 2, 0
962708, 3, 1
962771, 0, 0
962781, 1, 1
962830, 2, 1
962833, 3, 0
962896, 0, 1
962906, 1, 0
962955, 2, 0
962958, 3, 0
963021, 0, 0
963031, 1, 1
963080, 2, 0
963083, 3, 1
963146, 0, 0
963156, 1, 1
963205, 2, 1
963208, 3, 1
963271, 0, 1
963281, 1, 0
963330, 2, 1
963333, 3, 0
963396, 0, 0
963406, 1, 1
963456, 2, 0
963458, 3, 1
963521, 0, 1
963531, 1, 0
963581, 2, 1
963584, 3, 0
963646, 0, 1
963656, 1, bit 0
963656, 1, 1
963706, 2, 0
963709, 3, 0
963771, 0, 0
963781, 1, 0
963831, 2, 1
963834, 3, 1
963896, 0, bit 1
963896, 0, 1
963906, 1, 0
963956, 2, 0
963959, 3, 1
964021, 0, 0
964031, 1, 1
964081, 2, bit 0
964081, 2, 0
964084, 3, 0
964146, 0, 0
964156, 1, 0
964206, 2, 1
964209, 3, bit 1
964209, 3, 0
964271, 0, 1
964281, 1, 1
964331, 2, 0
964334, 3, 1
964396, 0, 1
964406, 1, 0
964456, 2, 1
964459, 3, 0
964521, 0, 0
964531, 1, 1
964581, 2, 0
964584, 3, 1
964646, 0, 1
964656, 1, 0
964706, 2, 1
964709, 3, 1
964771, 0, 0
964781, 1, 1
964831, 2, 1
964834, 3, 0
964896, 0, 0
964907, 1, 1
964956, 2, 0
964959, 3, 0
965021, 0, 1
965032, 1, 0
965081, 2, 0
965084, 3, 1
965146, 0, 0
965157, 1, 1
965206, 2, 1
965209, 3, 0
965271, 0, 1
965282, 1, 0
965331, 2, 0
965334, 3, 1
965396, 0, 1
965407, 1, bit 0
965407, 1, 1
965456, 2, 1
965459, 3, 1
965521, 0, 0
965532, 1, 0
965581, 2, 0
965584, 3, 0
965646, 0, bit 1
965646, 0, 1
965657, 1, 0
965706, 2, 1
965709, 3, 0
965771, 0, 0
965782, 1, 1
965831, 2, bit 0
965831, 2, 0
965834, 3, 1
965896, 0, 0
965907, 1, 0
965956, 2, 1
965959, 3, bit 1
965959, 3, 0
966021, 0, 1
966032, 1, 1
966081, 2, 0
966084, 3, 1
966146, 0, 1
966157, 1, 0
966206, 2, 1
966209, 3, 0
966272, 0, 0
966282, 1, 1
966331, 2, 0
966334, 3, 1
966397, 0, 1
966407, 1, 0
966456, 2, 1
966459, 3, 1
966522, 0, 0
966532, 1, 1
966581, 2, 1
966584, 3, 0
966647, 0, 0
966657, 1, 1
966706, 2, 0
966709, 3, 0
966772, 0, 1
966782, 1, 0
966831, 2, 0
966834, 3, 1
966897, 0, 0
966907, 1, 1
966956, 2, 1
966959, 3, 0
967022, 0, 1
967032, 1, 0
967081, 2, 0
967084, 3, 1
967147, 0, 1
967157, 1, bit 0
967157, 1, 1
967206, 2, 1
967209, 3, 1
967272, 0, 0
967282, 1, 0
967331, 2, 0
967334, 3, 0
967397, 0, bit 1
967397, 0, 1
967407, 1, 0
967456, 2, 1
967459, 3, 0
967522, 0, 0
967532, 1, 1
967581, 2, bit 1
967581, 2, 1
967584, 3, 1
967647, 0, 0
967657, 1, 0
967706, 2, 0
967709, 3, bit 1
967709, 3, 0
967772, 0, 1
967782, 1, 1
967831, 2, 1
967834, 3, 1
967897, 0, 1
967907, 1, 0
967956, 2, 0
967959, 3, 0
968022, 0, 0
968032, 1, 1
968081, 2, 1
968084, 3, 1
968147, 0, 1
968157, 1, 0
968206, 2, 0
968209, 3, 1
968272, 0, 0
968282, 1, 1
968331, 2, 0
968334, 3, 0
968397, 0, 0
968407, 1, 1
968456, 2, 1
968459, 3, 0
968522, 0, 1
968532, 1, 0
968581, 2, 1
968584, 3, 1
968647, 0, 0
968657, 1, 1
968706, 2, 0
968709, 3, 0
968772, 0, 1
968782, 1, 0
968832, 2, 1
968834, 3, 1
968897, 0, 1
968907, 1, bit 1
968907, 1, 0
968957, 2, 0
968961, 3, 1
969022, 0, 0
969032, 1, 1
969082, 2, 1
969086, 3, 0
969147, 0, bit 0
969147, 0, 0
969157, 1, 1
969207, 2, 0
969211, 3, 0
969272, 0, 1
969282, 1, 0
969332, 2, bit 1
969332, 2, 1
969336, 3, 1
969397, 0, 1
969407, 1, 1
969457, 2, 0
969461, 3, bit 1
969461, 3, 0
969522, 0, 0
969532, 1, 0
969582, 2, 1
969586, 3, 1
969647, 0, 0
969657, 1, 1
969707, 2, 0
969711, 3, 0
969772, 0, 1
969782, 1, 0
969832, 2, 1
969836, 3, 1
969897, 0, 0
969907, 1, 1
969957, 2, 0
969961, 3, 1
970022, 0, 1
970032, 1, 0
970082, 2, 0
970086, 3, 0
970147, 0, 1
970157, 1, 0
970207, 2, 1
970211, 3, 0
970272, 0, 0
970283, 1, 1
970332, 2, 1
970336, 3, 1
970397, 0, 1
970408, 1, 0
970457, 2, 0
970461, 3, 0
970522, 0, 0
970533, 1, 1
970582, 2, 1
970586, 3, 1
970647, 0, 0
970658, 1, bit 1
970658, 1, 0
970707, 2, 0
970711, 3, 1
970772, 0, 1
970783, 1, 1
970832, 2, 1
970836, 3, 0
970897, 0, bit 0
970897, 0, 0
970908, 1, 1
970957, 2, 0
970961, 3, 0
971022, 0, 1
971033, 1, 0
971082, 2, bit 0
971082, 2, 0
971086, 3, 1
971147, 0, 1
971158, 1, 1
971207, 2, 1
971211, 3, bit 1
971211, 3, 0
971272, 0, 0
971283, 1, 0
971332, 2, 0
971336, 3, 1
971397, 0, 0
971408, 1, 1
971457, 2, 1
971461, 3, 0
971522, 0, 1
971533, 1, 0
971582, 2, 0
971586, 3, 1
971648, 0, 0
971658, 1, 1
971707, 2, 1
971711, 3, 1
971773, 0, 1
971783, 1, 0
971832, 2, 1
971836, 3, 0
971898, 0, 1
971908, 1, 0
971957, 2, 0
971961, 3, 0
972023, 0, 0
972033, 1, 1
972082, 2, 0
972086, 3, 1
972148, 0, 1
972158, 1, 0
972207, 2, 1
972211, 3, 0
972273, 0, 0
972283, 1, 1
972332, 2, 0
972336, 3, 1
972398, 0, 0
972408, 1, bit 1
972408, 1, 0
972457, 2, 1
972461, 3, 1
972523, 0, 1
972533, 1, 1
972582, 2, 0
972587, 3, 0
972648, 0, bit 1
972648, 0, 1
972658, 1, 1
972707, 2, 1
972712, 3, 0
972773, 0, 0
972783, 1, 0
972832, 2, bit 0
972832, 2, 0
972837, 3, 1
972898, 0, 0
972908, 1, 1
972957, 2, 1
972962, 3, bit 1
972962, 3, 0
973023, 0, 1
973033, 1, 0
973082, 2, 0
973087, 3, 1
973148, 0, 1
973158, 1, 1
973207, 2, 1
973212, 3, 0
973273, 0, 0
973283, 1, 0
973332, 2, 0
973337, 3, 1
973398, 0, 1
973408, 1, 1
973457, 2, 1
973462, 3, 1
973523, 0, 0
973533, 1, 0
973582, 2, 1
973587, 3, 0
973648, 0, 0
973658, 1, 0
973707, 2, 0
973712, 3, 0
973773, 0, 1
973783, 1, 1
973832, 2, 0
973837, 3, 1
973898, 0, 0
973908, 1, 0
973957, 2, 1
973962, 3, 0
974023, 0, 1
974033, 1, 1
974082, 2, 0
974087, 3, 1
974148, 0, 1
974158, 1, bit 1
974158, 1, 0
974208, 2, 1
974212, 3, 1
974273, 0, 0
974283, 1, 1
974333, 2, 0
974337, 3, 0
974398, 0, bit 0
974398, 0, 0
974408, 1, 1
974458, 2, 1
974462, 3, 0
974523, 0, 1
974533, 1, 0
974583, 2, bit 1
974583, 2, 1
974587, 3, 1
974648, 0, 1
974658, 1, 1
974708, 2, 0
974712, 3, bit 0
974712, 3, 1
974773, 0, 0
974783, 1, 0
974833, 2, 1
974837, 3, 0
974898, 0, 0
974908, 1, 1
974958, 2, 0
974962, 3, 1
975023, 0, 1
975033, 1, 0
975083, 2, 1
975087, 3, 0
975148, 0, 0
975158, 1, 1
975208, 2, 0
975212, 3, 0
975273, 0, 1
975283, 1, 0
975333, 2, 0
975337, 3, 1
975398, 0, 1
975408, 1, 0
975458, 2, 1
975462, 3, 1
975523, 0, 0
975533, 1, 1
975583, 2, 1
975587, 3, 0
975648, 0, 1
975659, 1, 0
975708, 2, 0
975712, 3, 1
975773, 0, 0
975784, 1, 1
975833, 2, 1
975837, 3, 0
975898, 0, 0
975909, 1, bit 1
975909, 1, 0
975958, 2, 0
975962, 3, 0
976023, 0, 1
976034, 1, 1
976083, 2, 1
976087, 3, 1
976148, 0, bit 1
976148, 0, 1
976159, 1, 1
976208, 2, 0
976212, 3, 1
976273, 0, 0
976284, 1, 0
976333, 2, bit 0
976333, 2, 0
976337, 3, 0
976398, 0, 0
976409, 1, 1
976458, 2, 1
976462, 3, bit 1
976462, 3, 0
976523, 0, 1
976534, 1, 0
976583, 2, 0
976587, 3, 1
976648, 0, 1
976659, 1, 1
976708, 2, 1
976712, 3, 0
976773, 0, 0
976784, 1, 0
976833, 2, 0
976837, 3, 1
976898, 0, 1
976909, 1, 1
976958, 2, 1
976962, 3, 1
977024, 0, 0
977034, 1, 0
977083, 2, 1
977087, 3, 0
977149, 0, 0
977159, 1, 0
977208, 2, 0
977212, 3, 0
977274, 0, 1
977284, 1, 1
977333, 2, 0
977337, 3, 1
977399, 0, 0
977409, 1, 0
977458, 2, 1
977462, 3, 0
977524, 0, 1
977534, 1, 1
977583, 2, 0
977587, 3, 1
977649, 0, 1
977659, 1, bit 0
977659, 1, 1
977708, 2, 1
977712, 3, 1
977774, 0, 0
977784, 1, 0
977833, 2, 0
977837, 3, 0
977899, 0, bit 0
977899, 0, 0
977909, 1, 0
977958, 2, 1
977963, 3, 0
978024, 0, 1
978034, 1, 1
978083, 2, bit 1
978083, 2, 1
978088, 3, 1
978149, 0, 1
978159, 1, 0
978208, 2, 0
978213, 3, bit 0
978213, 3, 1
978274, 0, 0
978284, 1, 1
978333, 2, 1
978338, 3, 0
978399, 0, 0
978409, 1, 0
978458, 2, 0
978463, 3, 1
978524, 0, 1
978534, 1, 1
978583, 2, 1
978588, 3, 0
978649, 0, 0
978659, 1, 0
978708, 2, 0
978713, 3, 0
978774, 0, 1
978784, 1, 1
978833, 2, 0
978838, 3, 1
978899, 0, 1
978909, 1, 1
978958, 2, 1
978963, 3, 1
979024, 0, 0
979034, 1, 0
979083, 2, 1
979088, 3, 0
979149, 0, 1
979159, 1, 1
979208, 2, 0
979213, 3, 1
979274, 0, 0
979284, 1, 0
979333, 2, 1
979338, 3, 0
979399, 0, 0
979409, 1, bit 1
979409, 1, 0
979458, 2, 0
979463, 3, 0
979524, 0, 1
979534, 1, 1
979584, 2, 1
979588, 3, 1
979659, 1, 1
979709, 2, 0
979713, 3, 1
979784, 1, 0
979834, 2, bit 1
979834, 2, 1
979838, 3, 0
979909, 1, 1
979959, 2, 0
979963, 3, bit 1
979963, 3, 0
980034, 1, 0
980084, 2, 1
980088, 3, 1
980159, 1, 1
980209, 2, 0
980213, 3, 0
980284, 1, 0
980334, 2, 1
980338, 3, 1
980409, 1, 1
980459, 2, 0
980463, 3, 1
980534, 1, 0
980584, 2, 0
980588, 3, 0
980659, 1, 0
980709, 2, 1
980713, 3, 0
980784, 1, 1
980834, 2, 1
980838, 3, 1
980909, 1, 0
980959, 2, 0
980963, 3, 0
981035, 1, 1
981084, 2, 1
981088, 3, 1
981160, 1, bit 1
981160, 1, 0
981209, 2, 0
981213, 3, 1
981285, 1, 1
981334, 2, 1
981338, 3, 0
981410, 1, 1
981459, 2, 0
981463, 3, 0
981535, 1, 0
981584, 2, bit 1
981584, 2, 1
981588, 3, 1
981660, 1, 1
981709, 2, 0
981713, 3, bit 0
981713, 3, 1
981785, 1, 0
981834, 2, 1
981838, 3, 0
981910, 1, 1
981959, 2, 0
981963, 3, 1
982035, 1, 0
982084, 2, 1
982088, 3, 0
982160, 1, 1
982209, 2, 0
982213, 3, 0
982285, 1, 0
982334, 2, 0
982338, 3, 1
982410, 1, 0
982459, 2, 1
982463, 3, 1
982535, 1, 1
982584, 2, 1
982588, 3, 0
982660, 1, 0
982709, 2, 0
982713, 3, 1
982785, 1, 1
982834, 2, 1
982838, 3, 0
982910, 1, bit 0
982910, 1, 1
982959, 2, 0
982963, 3, 0
983035, 1, 0
983084, 2, 1
983088, 3, 1
983160, 1, 0
983209, 2, 0
983213, 3, 1
983285, 1, 1
983334, 2, bit 1
983334, 2, 1
983339, 3, 0
983410, 1, 0
983459, 2, 0
983464, 3, bit 1
983464, 3, 0
983535, 1, 1
983584, 2, 1
983589, 3, 1
983660, 1, 0
983709, 2, 0
983714, 3, 0
983785, 1, 1
983834, 2, 1
983839, 3, 1
983910, 1, 0
983959, 2, 0
983964, 3, 1
984035, 1, 1
984084, 2, 0
984089, 3, 0
984160, 1, 1
984209, 2, 1
984214, 3, 0
984285, 1, 0
984334, 2, 1
984339, 3, 1
984410, 1, 1
984459, 2, 0
984464, 3, 0
984535, 1, 0
984584, 2, 1
984589, 3, 1
984660, 1, bit 0
984660, 1, 1
984709, 2, 0
984714, 3, 1
984785, 1, 0
984834, 2, 1
984839, 3, 0
984910, 1, 0
984960, 2, 0
984964, 3, 0
985035, 1, 1
985085, 2, bit 1
985085, 2, 1
985089, 3, 1
985160, 1, 0
985210, 2, 0
985214, 3, bit 0
985214, 3, 1
985285, 1, 1
985335, 2, 1
985339, 3, 0
985410, 1, 0
985460, 2, 0
985464, 3, 1
985535, 1, 1
985585, 2, 1
985589, 3, 0
985660, 1, 0
985710, 2, 0
985714, 3, 0
985785, 1, 1
985835, 2, 0
985839, 3, 1
985910, 1, 1
985960, 2, 1
985964, 3, 1
986035, 1, 0
986085, 2, 1
986089, 3, 0
986160, 1, 1
986210, 2, 0
986214, 3, 1
986285, 1, 0
986335, 2, 1
986339, 3, 0
986411, 1, bit 1
986411, 1, 0
986460, 2, 0
986464, 3, 0
986536, 1, 1
986585, 2, 1
986589, 3, 1
986661, 1, 1
986710, 2, 0
986714, 3, 1
986786, 1, 0
986835, 2, bit 1
986835, 2, 1
986839, 3, 0
986911, 1, 1
986960, 2, 0
986964, 3, bit 1
986964, 3, 0
987036, 1, 0
987085, 2, 1
987089, 3, 1
987161, 1, 1
987210, 2, 0
987214, 3, 0
987286, 1, 0
987335, 2, 1
987339, 3, 1
987411, 1, 1
987460, 2, 0
987464, 3, 1
987536, 1, 0
987585, 2, 0
987589, 3, 0
987661, 1, 0
987710, 2, 1
987714, 3, 0
987786, 1, 1
987835, 2, 1
987839, 3, 1
987911, 1, 0
987960, 2, 0
987964, 3, 0
988036, 1, 1
988085, 2, 1
988089, 3, 1
988161, 1, bit 0
988161, 1, 1
988210, 2, 0
988214, 3, 1
988286, 1, 0
988335, 2, 1
988339, 3, 0
988411, 1, 0
988460, 2, 0
988464, 3, 0
988536, 1, 1
988585, 2, bit 0
988585, 2, 0
988589, 3, 1
988661, 1, 0
988710, 2, 1
988715, 3, bit 1
988715, 3, 0
988786, 1, 1
988835, 2, 0
988840, 3, 1
988911, 1, 0
988960, 2, 1
988965, 3, 0
989036, 1, 1
989085, 2, 0
989090, 3, 1
989161, 1, 0
989210, 2, 1
989215, 3, 1
989286, 1, 1
989335, 2, 1
989340, 3, 0
989411, 1, 1
989460, 2, 0
989465, 3, 0
989536, 1, 0
989585, 2, 0
989590, 3, 1
989661, 1, 1
989710, 2, 1
989715, 3, 0
989786, 1, 0
989835, 2, 0
989840, 3, 1
989911, 1, bit 1
989911, 1, 0
989960, 2, 1
989965, 3, 1
990036, 1, 1
990085, 2, 0
990090, 3, 0
990161, 1, 1
990210, 2, 1
990215, 3, 0
990286, 1, 0
990336, 2, bit 1
990336, 2, 1
990340, 3, 1
990411, 1, 1
990461, 2, 0
990465, 3, bit 0
990468, 3, 1
990536, 1, 0
990586, 2, 1
990590, 3, 0
990661, 1, 1
990711, 2, 0
990715, 3, 1
990786, 1, 0
990836, 2, 1
990840, 3, 0
990911, 1, 1
990961, 2, 0
990965, 3, 0
991036, 1, 0
991086, 2, 0
991090, 3, 1
991161, 1, 0
991211, 2, 1
991215, 3, 1
991286, 1, 1
991336, 2, 1
991340, 3, 0
991411, 1, 0
991461, 2, 0
991465, 3, 1
991536, 1, 1
991586, 2, 1
991590, 3, 0
991661, 1, bit 0
991661, 1, 1
991711, 2, 0
991715, 3, 0
991787, 1, 0
991836, 2, 1
991840, 3, 1
991912, 1, 0
991961, 2, 0
991965, 3, 1
992037, 1, 1
992086, 2, bit 1
992086, 2, 1
992090, 3, 0
992162, 1, 0
992211, 2, 0
992215, 3, bit 0
992215, 3, 1
992287, 1, 1
992336, 2, 1
992340, 3, 0
992412, 1, 0
992461, 2, 0
992465, 3, 1
992537, 1, 1
992586, 2, 1
992590, 3, 0
992662, 1, 0
992711, 2, 0
992715, 3, 0
992787, 1, 1
992836, 2, 0
992840, 3, 1
992912, 1, 1
992961, 2, 1
992965, 3, 1
993037, 1, 0
993086, 2, 1
993090, 3, 0
993162, 1, 1
993211, 2, 0
993215, 3, 1
993287, 1, 0
993336, 2, 1
993340, 3, 0
993412, 1, bit 1
993412, 1, 0
993461, 2, 0
993465, 3, 0
993537, 1, 1
993586, 2, 1
993590, 3, 1
993662, 1, 1
993711, 2, 0
993715, 3, 1
993787, 1, 0
993836, 2, bit 0
993836, 2, 0
993840, 3, 0
993912, 1, 1
993961, 2, 1
993965, 3, bit 0
993965, 3, 1
994037, 1, 0
994086, 2, 0
994091, 3, 0
994162, 1, 1
994211, 2, 1
994216, 3, 1
994287, 1, 0
994336, 2, 0
994341, 3, 0
994412, 1, 1
994461, 2, 1
994466, 3, 0
994537, 1, 0
994586, 2, 1
994591, 3, 1
994662, 1, 0
994711, 2, 0
994716, 3, 1
994787, 1, 1
994836, 2, 0
994841, 3, 0
994912, 1, 0
994961, 2, 1
994966, 3, 1
995037, 1, 1
995086, 2, 0
995091, 3, 0
995211, 2, 1
995216, 3, 0
995336, 2, 0
995341, 3, 1
995461, 2, 1
995466, 3, 1
995586, 2, bit 0
995586, 2, 0
995591, 3, 0
995712, 2, 1
995716, 3, bit 1
995716, 3, 0
995837, 2, 0
995841, 3, 1
995962, 2, 1
995966, 3, 0
996087, 2, 0
996091, 3, 1
996212, 2, 1
996216, 3, 1
996337, 2, 1
996341, 3, 0
996462, 2, 0
996466, 3, 0
996587, 2, 0
996591, 3, 1
996712, 2, 1
996716, 3, 0
996837, 2, 0
996841, 3, 1
996962, 2, 1
996966, 3, 1
997087, 2, 0
997091, 3, 0
997212, 2, 1
997216, 3, 0
997337, 2, bit 1
997337, 2, 1
997341, 3, 1
997462, 2, 0
997466, 3, bit 1
997466, 3, 0
997587, 2, 1
997591, 3, 1
997712, 2, 0
997716, 3, 0
997837, 2, 1
997841, 3, 1
997962, 2, 0
997966, 3, 1
998087, 2, 0
998091, 3, 0
998212, 2, 1
998216, 3, 0
998337, 2, 1
998341, 3, 1
998462, 2, 0
998466, 3, 0
998587, 2, 1
998591, 3, 1
998712, 2, 0
998716, 3, 1
998837, 2, 1
998841, 3, 0
998962, 2, 0
998966, 3, 0
999087, 2, bit 1
999087, 2, 1
999091, 3, 1
999212, 2, 0
999216, 3, bit 0
999216, 3, 1
999337, 2, 1
999341, 3, 0
999462, 2, 0
999467, 3, 1
999587, 2, 1
999592, 3, 0
999712, 2, 0
999717, 3, 0
999837, 2, 0
999842, 3, 1
999962, 2, 1
999967, 3, 1
1000087, 2, 1
1000092, 3, 0
1000212, 2, 0
1000217, 3, 1
1000337, 2, 1
1000342, 3, 0
1000462, 2, 0
1000467, 3, 0
1000587, 2, 1
1000592, 3, 1
1000712, 2, 0
1000717, 3, 1
1000837, 2, bit 0
1000840, 2, 0
1000842, 3, 0
1000962, 2, 1
1000967, 3, bit 0
1000967, 3, 1
1001088, 2, 0
1001092, 3, 0
1001213, 2, 1
1001217, 3, 1
1001338, 2, 0
1001342, 3, 0
1001463, 2, 1
1001467, 3, 0
1001588, 2, 1
1001592, 3, 1
1001713, 2, 0
1001717, 3, 1
1001838, 2, 0
1001842, 3, 0
1001963, 2, 1
1001967, 3, 1
1002088, 2, 0
1002092, 3, 0
1002213, 2, 1
1002217, 3, 0
1002338, 2, 0
1002342, 3, 1
1002463, 2, 1
1002467, 3, 1
1002588, 2, bit 1
1002588, 2, 1
1002592, 3, 0
1002713, 2, 0
1002717, 3, bit 1
1002720, 3, 0
1002838, 2, 1
1002842, 3, 1
1002963, 2, 0
1002967, 3, 0
1003088, 2, 1
1003092, 3, 1
1003213, 2, 0
1003217, 3, 1
1003338, 2, 0
1003342, 3, 0
1003463, 2, 1
1003467, 3, 0
1003588, 2, 1
1003592, 3, 1
1003713, 2, 0
1003717, 3, 0
1003838, 2, 1
1003842, 3, 1
1003963, 2, 0
1003967, 3, 1
1004088, 2, 1
1004092, 3, 0
1004213, 2, 0
1004217, 3, 0
1004338, 2, bit 1
1004338, 2, 1
1004342, 3, 1
1004463, 2, 0
1004467, 3, bit 1
1004467, 3, 0
1004588, 2, 1
1004592, 3, 1
1004713, 2, 0
1004717, 3, 0
1004838, 2, 1
1004843, 3, 1
1004963, 2, 0
1004968, 3, 1
1005088, 2, 0
1005093, 3, 0
1005213, 2, 1
1005218, 3, 0
1005338, 2, 1
1005343, 3, 1
1005463, 2, 0
1005468, 3, 0
1005588, 2, 1
1005593, 3, 1
1005713, 2, 0
1005718, 3, 1
1005838, 2, 1
1005843, 3, 0
1005963, 2, 0
1005968, 3, 0
1006088, 2, bit 0
1006088, 2, 0
1006093, 3, 1
1006213, 2, 1
1006218, 3, bit 0
1006218, 3, 1
1006338, 2, 0
1006343, 3, 0
1006464, 2, 1
1006468, 3, 1
1006589, 2, 0
1006593, 3, 0
1006714, 2, 1
1006718, 3, 0
1006839, 2, 1
1006843, 3, 1
1006964, 2, 0
1006968, 3, 1
1007089, 2, 0
1007093, 3, 0
1007214, 2, 1
1007218, 3, 1
1007339, 2, 0
1007343, 3, 0
1007464, 2, 1
1007468, 3, 0
1007589, 2, 0
1007593, 3, 1
1007714, 2, 1
1007718, 3, 1
1007839, 2, bit 0
1007839, 2, 0
1007843, 3, 0
1007964, 2, 1
1007968, 3, bit 0
1007968, 3, 1
1008089, 2, 0
1008093, 3, 0
1008214, 2, 1
1008218, 3, 1
1008339, 2, 0
1008343, 3, 0
1008464, 2, 1
1008468, 3, 0
1008589, 2, 1
1008593, 3, 1
1008714, 2, 0
1008718, 3, 1
1008839, 2, 0
1008843, 3, 0
1008964, 2, 1
1008968, 3, 1
1009089, 2, 0
1009093, 3, 0
1009214, 2, 1
1009218, 3, 0
1009339, 2, 0
1009343, 3, 1
1009464, 2, 1
1009468, 3, 1
1009589, 2, bit 1
1009589, 2, 1
1009593, 3, 0
1009714, 2, 0
1009718, 3, bit 0
1009718, 3, 1
1009839, 2, 1
1009843, 3, 0
1009964, 2, 0
1009968, 3, 1
1010089, 2, 1
1010093, 3, 0
1010214, 2, 0
1010219, 3, 0
1010339, 2, 0
1010344, 3, 1
1010464, 2, 1
1010469, 3, 1
1010589, 2, 1
1010594, 3, 0
1010714, 2, 0
1010719, 3, 1
1010839, 2, 1
1010844, 3, 0
1010964, 2, 0
1010969, 3, 0
1011089, 2, 1
1011094, 3, 1
1011214, 2, 0
1011219, 3, 1
1011344, 3, 0
1011469, 3, bit 1
1011469, 3, 0
1011594, 3, 1
1011719, 3, 0
1011844, 3, 1
1011969, 3, 1
1012094, 3, 0
1012219, 3, 0
1012344, 3, 1
1012469, 3, 0
1012594, 3, 1
1012719, 3, 1
1012844, 3, 0
1012969, 3, 0
1013094, 3, 1
1013219, 3, bit 0
1013219, 3, 1
1013344, 3, 0
1013469, 3, 1
1013594, 3, 0
1013719, 3, 0
1013844, 3, 1
1013969, 3, 1
1014094, 3, 0
1014219, 3, 1
1014344, 3, 0
1014469, 3, 0
1014594, 3, 1
1014719, 3, 1
1014844, 3, 0
1014969, 3, bit 0
1014969, 3, 1
1015094, 3, 0
1015219, 3, 1
1015344, 3, 0
1015469, 3, 0
1015595, 3, 1
1015720, 3, 1
1015845, 3, 0
1015970, 3, 1
1016095, 3, 0
1016220, 3, 0
1016345, 3, 1
1016470, 3, 1
1016595, 3, 0
1016720, 3, bit 1
1016720, 3, 0
1016845, 3, 1
1016970, 3, 0
1017095, 3, 1
1017220, 3, 1
1017345, 3, 0
1017470, 3, 0
1017595, 3, 1
1017720, 3, 0
1017845, 3, 1
1017970, 3, 1
1018095, 3, 0
1018220, 3, 0
1018345, 3, 1
1018470, 3, bit 0
1018470, 3, 1
1018595, 3, 0
1018720, 3, 1
1018845, 3, 0
1018970, 3, 0
1019095, 3, 1
1019220, 3, 1
1019345, 3, 0
1019470, 3, 1
1019595, 3, 0
1019720, 3, 0
1019845, 3, 1
1019970, 3, 1
1020095, 3, 0
1020220, 3, bit 0
1020220, 3, 1
1020345, 3, 0
1020470, 3, 1
1020595, 3, 0
1020720, 3, 0
1020845, 3, 1
1020971, 3, 1
1021096, 3, 0
1021221, 3, 1
1021346, 3, 0
1021471, 3, 0
1021596, 3, 1
1021721, 3, 1
1021846, 3, 0
1021971, 3, bit 0
1021971, 3, 1
1022096, 3, 0
1022221, 3, 1
1022346, 3, 0
1022471, 3, 0
1022596, 3, 1
1022721, 3, 1
1022846, 3, 0
1022971, 3, 1
1023096, 3, 0
1023221, 3, 0
1023346, 3, 1
1023471, 3, 1
1023596, 3, 0
1023721, 3, bit 1
1023721, 3, 0
1023846, 3, 1
1023971, 3, 0
1024096, 3, 1
1024221, 3, 1
1024346, 3, 0
1024471, 3, 0
1024596, 3, 1
1024721, 3, 0
1024846, 3, 1
1024971, 3, 1
1025096, 3, 0
1025221, 3, 0
1025346, 3, 1
1025471, 3, bit 1
1025471, 3, 0
1025596, 3, 1
1025721, 3, 0
1025846, 3, 1
1025971, 3, 1
1026096, 3, 0
1026221, 3, 0
1026347, 3, 1
1026472, 3, 0
1026597, 3, 1
1026722, 3, 1
1026847, 3, 0
1026972, 3, 0
1027097, 3, 1
