437 100 1 7 2
(2, 20, 10, 180.00), (code 1)
START
1384007, 0, prem 1
1384007, 0, 1
1384444, 0, 0
1384881, 0, 1
1385318, 0, 0
1385755, 0, 0
1386192, 0, 1
1386629, 0, 0
1387066, 0, 1
1387503, 0, 0
1387940, 0, 1
1388377, 0, 0
1388814, 0, 1
1389251, 0, 0
1389688, 0, 1
1390125, 0, prem 1
1390125, 0, 1
1390562, 0, 0
1390999, 0, 1
1391436, 0, 0
1391873, 0, 0
1392310, 0, 1
1392747, 0, 0
1393184, 0, 1
1393622, 0, 0
1394059, 0, 1
1394496, 0, 0
1394933, 0, 1
1395371, 0, 0
1395808, 0, 1
1396245, 0, bit 1
1396245, 0, 1
1396682, 0, 0
1397120, 0, bit 1
1397120, 0, 1
1397557, 0, 0
1397994, 0, bit 0
1397994, 0, 0
1398431, 0, 0
1398868, 0, bit 0
1398868, 0, 0
1399305, 0, 0
1399742, 0, bit 0
1399742, 0, 0
1400179, 0, 0
1400616, 0, bit 1
1400616, 0, 1
1401053, 0, 0
1401490, 0, bit 0
1401490, 0, 0
1401927, 0, 0
1402364, 0, bit 1
1402364, 0, 1
1402801, 0, 0
1403238, 0, bit 0
1403238, 0, 0
1403675, 0, 0
1404112, 0, bit 1
1404112, 0, 1
1404549, 0, 0
1404986, 0, bit 1
1404986, 0, 1
1405423, 0, 0
1405860, 0, bit 0
1405860, 0, 0
1406297, 0, 0
1406734, 0, bit 0
1406734, 0, 0
1407171, 0, 0
1407608, 0, bit 1
1407608, 0, 1
1408045, 0, 0
1408482, 0, bit 0
1408482, 0, 0
1408919, 0, 0
1409356, 0, bit 0
1409356, 0, 0
1409793, 0, 0
1410230, 0, bit 1
1410230, 0, 1
1410667, 0, 0
1411104, 0, bit 0
1411104, 0, 0
1411542, 0, 0
1411979, 0, bit 1
1411979, 0, 1
1412416, 0, 0
1412853, 0, bit 0
1412853, 0, 0
1413291, 0, 0
1413728, 0, bit 1
1413728, 0, 1
1414165, 0, 0
1414602, 0, bit 0
1414602, 0, 0
1415040, 0, 0
1415477, 0, bit 0
1415477, 0, 0
1415914, 0, 0
1416351, 0, bit 1
1416351, 0, 1
1416788, 0, 0
1417225, 0, bit 0
1417225, 0, 0
1417662, 0, 0
1418099, 0, bit 1
1418099, 0, 1
1418536, 0, 0
1418973, 0, bit 1
1418973, 0, 1
1419410, 0, 0
1419847, 0, bit 0
1419847, 0, 0
1420284, 0, 0
1420721, 0, bit 1
1420721, 0, 1
1421158, 0, 0
1421595, 0, bit 0
1421595, 0, 0
1422032, 0, 0
1422469, 0, bit 1
1422469, 0, 1
1422906, 0, 0
1423343, 0, bit 1
1423346, 0, 1
1423780, 0, 0
1424217, 0, bit 0
1424217, 0, 0
1424654, 0, 0
1425091, 0, bit 1
1425091, 0, 1
1425528, 0, 0
1425965, 0, bit 0
1425965, 0, 0
1426402, 0, 0
1426839, 0, bit 0
1426839, 0, 0
1427276, 0, 0
1427713, 0, bit 1
1427713, 0, 1
1428150, 0, 0
1428587, 0, bit 0
1428587, 0, 0
1429024, 0, 0
1429462, 0, bit 1
1429462, 0, 1
1429899, 0, 0
1430336, 0, bit 0
1430336, 0, 0
1430773, 0, 0
1431211, 0, bit 1
1431211, 0, 1
1431648, 0, 0
1432085, 0, bit 0
1432085, 0, 0
1432522, 0, 0
1432960, 0, bit 0
1432960, 0, 0
1433397, 0, 0
1433834, 0, bit 0
1433834, 0, 0
1434271, 0, 0
1434708, 0, bit 0
1434708, 0, 0
1435145, 0, 0
1435582, 0, bit 1
1435582, 0, 1
1436019, 0, 0
1436456, 0, bit 1
1436456, 0, 1
1436893, 0, 0
1437330, 0, bit 1
1437330, 0, 1
1437767, 0, 0
1438204, 0, bit 1
1438204, 0, 1
1438641, 0, 0
1439078, 0, bit 0
1439078, 0, 0
1439515, 0, 0
1439952, 0, bit 0
1439952, 0, 0
1440389, 0, 0
1440826, 0, bit 1
1440826, 0, 1
1441263, 0, 0
1441700, 0, bit 1
1441703, 0, 1
1442137, 0, 0
1442574, 0, bit 1
1442574, 0, 1
1443011, 0, 0
1443448, 0, bit 1
1443448, 0, 1
1443885, 0, 0
1444322, 0, bit 1
1444322, 0, 1
1444759, 0, 0
1445196, 0, bit 1
1445196, 0, 1
1445633, 0, 0
1446070, 0, bit 0
1446070, 0, 0
1446507, 0, 0
1446944, 0, bit 1
1446944, 0, 1
1447382, 0, 0
1447819, 0, bit 0
1447819, 0, 0
1448256, 0, 0
1448693, 0, bit 1
1448693, 0, 1
1449131, 0, 0
1449568, 0, bit 1
1449568, 0, 1
1450005, 0, 0
1450442, 0, bit 0
1450442, 0, 0
1450880, 0, 0
1451317, 0, bit 1
1451317, 0, 1
1451754, 0, 0
1452191, 0, bit 1
1452191, 0, 1
1452628, 0, 0
1453065, 0, bit 1
1453065, 0, 1
1453502, 0, 0
1453939, 0, bit 1
1453939, 0, 1
1454376, 0, 0
1454813, 0, bit 1
1454813, 0, 1
1455250, 0, 0
1455687, 0, bit 1
1455687, 0, 1
1456124, 0, 0
1456561, 0, bit 0
1456561, 0, 0
1456998, 0, 0
1457435, 0, bit 1
1457435, 0, 1
1457872, 0, 0
1458309, 0, bit 0
1458309, 0, 0
1458746, 0, 0
1459183, 0, bit 0
1459183, 0, 0
1459620, 0, 0
1460057, 0, bit 0
1460060, 0, 0
1460494, 0, 0
1460931, 0, bit 1
1460931, 0, 1
1461368, 0, 0
1461805, 0, bit 1
1461805, 0, 1
1462242, 0, 0
1462679, 0, bit 1
1462679, 0, 1
1463116, 0, 0
1463553, 0, bit 0
1463553, 0, 0
1463990, 0, 0
1464427, 0, bit 1
1464427, 0, 1
1464864, 0, 0
1465302, 0, bit 0
1465302, 0, 0
1465739, 0, 0
1466176, 0, bit 1
1466176, 0, 1
1466613, 0, 0
1467051, 0, bit 0
1467051, 0, 0
1467488, 0, 0
1467925, 0, bit 0
1467925, 0, 0
1468362, 0, 0
1468800, 0, bit 1
1468800, 0, 1
1469237, 0, 0
1469674, 0, bit 1
1469674, 0, 1
1470111, 0, 0
1470548, 0, bit 0
1470548, 0, 0
1470985, 0, 0
1471422, 0, bit 0
1471422, 0, 0
1471859, 0, 0
1472296, 0, bit 0
1472296, 0, 0
1472733, 0, 0
1473170, 0, bit 1
1473170, 0, 1
1473607, 0, 0
1474044, 0, bit 1
1474044, 0, 1
1474481, 0, 0
1474918, 0, bit 1
1474918, 0, 1
1475355, 0, 0
1475792, 0, bit 0
1475792, 0, 0
1476229, 0, 0
1476666, 0, bit 0
1476666, 0, 0
1477103, 0, 0
1477540, 0, bit 0
1477540, 0, 0
1477977, 0, 0
1478414, 0, bit 1
1478417, 0, 1
1478851, 0, 0
1479288, 0, bit 1
1479288, 0, 1
1479725, 0, 0
1480162, 0, bit 1
1480162, 0, 1
1480599, 0, 0
1481036, 0, bit 0
1481036, 0, 0
1481473, 0, 0
1481910, 0, bit 1
1481910, 0, 1
1482347, 0, 0
1482784, 0, bit 0
1482784, 0, 0
1483222, 0, 0
