125 100 2 7 16
(2, 20, 13, 10.00), (code 6)
(7, 146, 9, 10.00), (code 1)
START
506085, 0, prem 0
506085, 0, 0
506210, 0, 0
506335, 0, 0
506460, 0, 0
506585, 0, 0
506710, 0, 0
506835, 0, 0
506960, 0, 0
507085, 0, 0
507210, 0, 0
507335, 0, 0
507460, 0, 0
507585, 0, 0
507710, 0, 0
507835, 0, 0
507960, 0, 0
508085, 0, 1
508210, 0, 1
508335, 0, 1
508460, 0, 1
508585, 0, 1
508710, 0, 1
508835, 0, 1
508960, 0, 1
509085, 0, 1
509210, 0, 1
509335, 0, 1
509460, 0, 1
509585, 0, 1
509710, 0, 1
509835, 0, 1
509960, 0, 1
510085, 0, prem 0
510085, 0, 0
510210, 0, 0
510336, 0, 0
510461, 0, 0
510586, 0, 0
510711, 0, 0
510836, 0, 0
510961, 0, 0
511086, 0, 0
511211, 0, 0
511336, 0, 0
511461, 0, 0
511586, 0, 0
511711, 0, 0
511836, 0, 0
511961, 0, 0
512086, 0, 1
512211, 0, 1
512336, 0, 1
512461, 0, 1
512586, 0, 1
512711, 0, 1
512836, 0, 1
512961, 0, 1
513086, 0, 1
513211, 0, 1
513336, 0, 1
513461, 0, 1
513586, 0, 1
513711, 0, 1
513836, 0, 1
513961, 0, 1
514086, 0, prem 1
514089, 0, 1
514211, 0, 1
514336, 0, 1
514461, 0, 1
514586, 0, 1
514711, 0, 1
514836, 0, 1
514961, 0, 1
515086, 0, 1
515211, 0, 1
515336, 0, 1
515461, 0, 1
515586, 0, 1
515712, 0, 1
515837, 0, 1
515962, 0, 1
516087, 0, 0
516212, 0, 0
516337, 0, 0
516462, 0, 0
516587, 0, 0
516712, 0, 0
516837, 0, 0
516962, 0, 0
517087, 0, 0
517212, 0, 0
517337, 0, 0
517462, 0, 0
517587, 0, 0
517712, 0, 0
517837, 0, 0
517962, 0, 0
518087, 0, prem 0
518087, 0, 0
518212, 0, 0
518337, 0, 0
518462, 0, 0
518587, 0, 0
518712, 0, 0
518837, 0, 0
518962, 0, 0
519087, 0, 0
519212, 0, 0
519337, 0, 0
519462, 0, 0
519587, 0, 0
519712, 0, 0
519837, 0, 0
519962, 0, 0
520087, 0, 1
520212, 0, 1
520337, 0, 1
520462, 0, 1
520587, 0, 1
520712, 0, 1
520837, 0, 1
520962, 0, 1
521088, 0, 1
521213, 0, 1
521338, 0, 1
521341, 1, prem 1
521341, 1, 1
521463, 0, 1
521466, 1, 1
521588, 0, 1
521591, 1, 1
521713, 0, 1
521716, 1, 1
521838, 0, 1
521841, 1, 1
521963, 0, 1
521966, 1, 1
522088, 0, prem 0
522088, 0, 0
522091, 1, 1
522213, 0, 0
522216, 1, 1
522338, 0, 0
522341, 1, 1
522463, 0, 0
522466, 1, 1
522588, 0, 0
522591, 1, 1
522713, 0, 0
522716, 1, 1
522838, 0, 0
522841, 1, 1
522963, 0, 0
522966, 1, 1
523088, 0, 0
523091, 1, 1
523213, 0, 0
523216, 1, 1
523338, 0, 0
523341, 1, 0
523463, 0, 0
523466, 1, 0
523588, 0, 0
523591, 1, 0
523713, 0, 0
523716, 1, 0
523838, 0, 0
523841, 1, 0
523963, 0, 0
523966, 1, 0
524088, 0, 1
524091, 1, 0
524213, 0, 1
524216, 1, 0
524338, 0, 1
524341, 1, 0
524463, 0, 1
524466, 1, 0
524588, 0, 1
524591, 1, 0
524713, 0, 1
524716, 1, 0
524838, 0, 1
524841, 1, 0
524963, 0, 1
524966, 1, 0
525088, 0, 1
525091, 1, 0
525213, 0, 1
525216, 1, 0
525338, 0, 1
525341, 1, prem 1
525341, 1, 1
525463, 0, 1
525466, 1, 1
525588, 0, 1
525591, 1, 1
525713, 0, 1
525716, 1, 1
525838, 0, 1
525841, 1, 1
525963, 0, 1
525966, 1, 1
526088, 0, prem 1
526088, 0, 1
526091, 1, 1
526213, 0, 1
526216, 1, 1
526338, 0, 1
526341, 1, 1
526464, 0, 1
526466, 1, 1
526589, 0, 1
526592, 1, 1
526714, 0, 1
526717, 1, 1
526839, 0, 1
526842, 1, 1
526964, 0, 1
526967, 1, 1
527089, 0, 1
527092, 1, 1
527214, 0, 1
527217, 1, 1
527339, 0, 1
527342, 1, 0
527464, 0, 1
527467, 1, 0
527589, 0, 1
527592, 1, 0
527714, 0, 1
527717, 1, 0
527839, 0, 1
527842, 1, 0
527964, 0, 1
527967, 1, 0
528089, 0, 0
528092, 1, 0
528214, 0, 0
528217, 1, 0
528339, 0, 0
528342, 1, 0
528464, 0, 0
528467, 1, 0
528589, 0, 0
528592, 1, 0
528714, 0, 0
528717, 1, 0
528839, 0, 0
528842, 1, 0
528964, 0, 0
528967, 1, 0
529089, 0, 0
529092, 1, 0
529214, 0, 0
529217, 1, 0
529339, 0, 0
529342, 1, prem 0
529342, 1, 0
529464, 0, 0
529467, 1, 0
529589, 0, 0
529592, 1, 0
529714, 0, 0
529717, 1, 0
529839, 0, 0
529842, 1, 0
529964, 0, 0
529967, 1, 0
530089, 0, prem 0
530089, 0, 0
530092, 1, 0
530214, 0, 0
530217, 1, 0
530339, 0, 0
530342, 1, 0
530464, 0, 0
530467, 1, 0
530589, 0, 0
530592, 1, 0
530714, 0, 0
530717, 1, 0
530839, 0, 0
530842, 1, 0
530964, 0, 0
530967, 1, 0
531089, 0, 0
531092, 1, 0
531214, 0, 0
531217, 1, 0
531339, 0, 0
531342, 1, 1
531464, 0, 0
531467, 1, 1
531589, 0, 0
531592, 1, 1
531714, 0, 0
531717, 1, 1
531840, 0, 0
531842, 1, 1
531965, 0, 0
531968, 1, 1
532090, 0, 1
532093, 1, 1
532215, 0, 1
532218, 1, 1
532340, 0, 1
532343, 1, 1
532465, 0, 1
532468, 1, 1
532590, 0, 1
532593, 1, 1
532715, 0, 1
532718, 1, 1
532840, 0, 1
532843, 1, 1
532965, 0, 1
532968, 1, 1
533090, 0, 1
533093, 1, 1
533215, 0, 1
533218, 1, 1
533340, 0, 1
533343, 1, prem 0
533343, 1, 0
533465, 0, 1
533468, 1, 0
533590, 0, 1
533593, 1, 0
533715, 0, 1
533718, 1, 0
533840, 0, 1
533843, 1, 0
533965, 0, 1
533968, 1, 0
534090, 0, bit 1
534090, 0, 0
534093, 1, 0
534215, 0, 1
534218, 1, 0
534340, 0, 0
534343, 1, 0
534465, 0, 1
534468, 1, 0
534590, 0, 1
534593, 1, 0
534715, 0, 0
534718, 1, 0
534840, 0, 0
534843, 1, 0
534965, 0, 1
534968, 1, 0
535090, 0, 0
535093, 1, 0
535215, 0, 1
535218, 1, 0
535340, 0, 1
535343, 1, 1
535465, 0, 0
535468, 1, 1
535590, 0, 0
535593, 1, 1
535715, 0, 1
535718, 1, 1
535840, 0, bit 1
535840, 0, 0
535843, 1, 1
535965, 0, 1
535968, 1, 1
536090, 0, 0
536093, 1, 1
536215, 0, 1
536218, 1, 1
536340, 0, 1
536343, 1, 1
536465, 0, 0
536468, 1, 1
536590, 0, 0
536593, 1, 1
536715, 0, 1
536718, 1, 1
536840, 0, 0
536843, 1, 1
536965, 0, 1
536968, 1, 1
537090, 0, 1
537093, 1, 1
537216, 0, 0
537218, 1, 1
537341, 0, 0
537345, 1, prem 0
537345, 1, 0
537466, 0, 1
537470, 1, 0
537591, 0, bit 0
537591, 0, 1
537595, 1, 0
537716, 0, 0
537720, 1, 0
537841, 0, 1
537845, 1, 0
537966, 0, 0
537970, 1, 0
538091, 0, 0
538095, 1, 0
538216, 0, 1
538220, 1, 0
538341, 0, 1
538345, 1, 0
538466, 0, 0
538470, 1, 0
538591, 0, 1
538595, 1, 0
538716, 0, 0
538720, 1, 0
538841, 0, 0
538845, 1, 0
538966, 0, 1
538970, 1, 0
539091, 0, 1
539095, 1, 0
539216, 0, 0
539220, 1, 0
539341, 0, bit 1
539341, 0, 0
539345, 1, 1
539466, 0, 1
539470, 1, 1
539591, 0, 0
539595, 1, 1
539716, 0, 1
539720, 1, 1
539841, 0, 1
539845, 1, 1
539966, 0, 0
539970, 1, 1
540091, 0, 0
540095, 1, 1
540216, 0, 1
540220, 1, 1
540341, 0, 0
540345, 1, 1
540466, 0, 1
540470, 1, 1
540591, 0, 1
540595, 1, 1
540716, 0, 0
540720, 1, 1
540841, 0, 0
540845, 1, 1
540966, 0, 1
540971, 1, 1
541091, 0, bit 0
541091, 0, 1
541096, 1, 1
541216, 0, 0
541221, 1, 1
541341, 0, 1
541346, 1, prem 0
541346, 1, 0
541466, 0, 0
541471, 1, 0
541591, 0, 0
541596, 1, 0
541716, 0, 1
541721, 1, 0
541841, 0, 1
541846, 1, 0
541966, 0, 0
541971, 1, 0
542091, 0, 1
542096, 1, 0
542216, 0, 0
542221, 1, 0
542341, 0, 0
542346, 1, 0
542466, 0, 1
542471, 1, 0
542592, 0, 1
542596, 1, 0
542717, 0, 0
542721, 1, 0
542842, 0, bit 0
542842, 0, 1
542846, 1, 0
542967, 0, 0
542971, 1, 0
543092, 0, 1
543096, 1, 0
543217, 0, 0
543221, 1, 0
543342, 0, 0
543346, 1, 1
543467, 0, 1
543471, 1, 1
543592, 0, 1
543596, 1, 1
543717, 0, 0
543721, 1, 1
543842, 0, 1
543846, 1, 1
543967, 0, 0
543971, 1, 1
544092, 0, 0
544096, 1, 1
544217, 0, 1
544221, 1, 1
544342, 0, 1
544346, 1, 1
544467, 0, 0
544471, 1, 1
544592, 0, bit 0
544592, 0, 1
544596, 1, 1
544717, 0, 0
544721, 1, 1
544842, 0, 1
544846, 1, 1
544967, 0, 0
544971, 1, 1
545092, 0, 0
545096, 1, 1
545217, 0, 1
545221, 1, 1
545342, 0, 1
545346, 1, prem 0
545346, 1, 0
545467, 0, 0
545471, 1, 0
545592, 0, 1
545596, 1, 0
545717, 0, 0
545721, 1, 0
545842, 0, 0
545846, 1, 0
545967, 0, 1
545971, 1, 0
546092, 0, 1
546096, 1, 0
546217, 0, 0
546221, 1, 0
546342, 0, bit 1
546342, 0, 0
546347, 1, 0
546467, 0, 1
546472, 1, 0
546592, 0, 0
546597, 1, 0
546717, 0, 1
546722, 1, 0
546842, 0, 1
546847, 1, 0
546967, 0, 0
546972, 1, 0
547092, 0, 0
547097, 1, 0
547217, 0, 1
547222, 1, 0
547342, 0, 0
547347, 1, 1
547467, 0, 1
547472, 1, 1
547592, 0, 1
547597, 1, 1
547717, 0, 0
547722, 1, 1
547842, 0, 0
547847, 1, 1
547968, 0, 1
547972, 1, 1
548093, 0, bit 1
548093, 0, 0
548097, 1, 1
548218, 0, 1
548222, 1, 1
548343, 0, 0
548347, 1, 1
548468, 0, 1
548472, 1, 1
548593, 0, 1
548597, 1, 1
548718, 0, 0
548722, 1, 1
548843, 0, 0
548847, 1, 1
548968, 0, 1
548972, 1, 1
549093, 0, 0
549097, 1, 1
549218, 0, 1
549222, 1, 1
549343, 0, 1
549347, 1, bit 1
549347, 1, 1
549468, 0, 0
549472, 1, 0
549593, 0, 0
549597, 1, 1
549718, 0, 1
549722, 1, 0
549843, 0, bit 1
549843, 0, 0
549847, 1, 0
549968, 0, 1
549972, 1, 1
550093, 0, 0
550097, 1, 0
550218, 0, 1
550222, 1, 1
550343, 0, 1
550347, 1, 0
550468, 0, 0
550472, 1, 1
550593, 0, 0
550597, 1, 0
550718, 0, 1
550722, 1, 1
550843, 0, 0
550847, 1, 0
550968, 0, 1
550972, 1, 1
551093, 0, 1
551097, 1, bit 1
551097, 1, 1
551218, 0, 0
551222, 1, 0
551343, 0, 0
551347, 1, 1
551468, 0, 1
551472, 1, 0
551593, 0, bit 0
551593, 0, 1
551597, 1, 0
551718, 0, 0
551723, 1, 1
551843, 0, 1
551848, 1, 0
551968, 0, 0
551973, 1, 1
552093, 0, 0
552098, 1, 0
552218, 0, 1
552223, 1, 1
552343, 0, 1
552348, 1, 0
552468, 0, 0
552473, 1, 1
552593, 0, 1
552598, 1, 0
552718, 0, 0
552723, 1, 1
552843, 0, 0
552848, 1, bit 1
552848, 1, 1
552968, 0, 1
552973, 1, 0
553093, 0, 1
553098, 1, 1
553218, 0, 0
553223, 1, 0
553344, 0, bit 0
553344, 0, 1
553348, 1, 0
553469, 0, 0
553473, 1, 1
553594, 0, 1
553598, 1, 0
553719, 0, 0
553723, 1, 1
553844, 0, 0
553848, 1, 0
553969, 0, 1
553973, 1, 1
554094, 0, 1
554098, 1, 0
554219, 0, 0
554223, 1, 1
554344, 0, 1
554348, 1, 0
554469, 0, 0
554473, 1, 1
554594, 0, 0
554598, 1, bit 0
554598, 1, 0
554719, 0, 1
554723, 1, 1
554844, 0, 1
554848, 1, 0
554969, 0, 0
554973, 1, 1
555094, 0, bit 1
555094, 0, 0
555098, 1, 1
555219, 0, 1
555223, 1, 0
555344, 0, 0
555348, 1, 1
555469, 0, 1
555473, 1, 0
555594, 0, 1
555598, 1, 1
555719, 0, 0
555723, 1, 0
555844, 0, 0
555848, 1, 1
555969, 0, 1
555973, 1, 0
556094, 0, 0
556098, 1, 1
556219, 0, 1
556223, 1, 0
556344, 0, 1
556348, 1, bit 0
556348, 1, 0
556469, 0, 0
556473, 1, 1
556594, 0, 0
556598, 1, 0
556719, 0, 1
556723, 1, 1
556844, 0, bit 1
556844, 0, 0
556848, 1, 1
556969, 0, 1
556973, 1, 0
557094, 0, 0
557099, 1, 1
557219, 0, 1
557224, 1, 0
557344, 0, 1
557349, 1, 1
557469, 0, 0
557474, 1, 0
557594, 0, 0
557599, 1, 1
557719, 0, 1
557724, 1, 0
557844, 0, 0
557849, 1, 1
557969, 0, 1
557974, 1, 0
558094, 0, 1
558099, 1, bit 0
558099, 1, 0
558219, 0, 0
558224, 1, 1
558344, 0, 0
558349, 1, 0
558469, 0, 1
558474, 1, 1
558594, 0, bit 0
558594, 0, 1
558599, 1, 1
558720, 0, 0
558724, 1, 0
558845, 0, 1
558849, 1, 1
558970, 0, 0
558974, 1, 0
559095, 0, 0
559099, 1, 1
559220, 0, 1
559224, 1, 0
559345, 0, 1
559349, 1, 1
559470, 0, 0
559474, 1, 0
559595, 0, 1
559599, 1, 1
559720, 0, 0
559724, 1, 0
559845, 0, 0
559849, 1, bit 0
559849, 1, 0
559970, 0, 1
559974, 1, 1
560095, 0, 1
560099, 1, 0
560220, 0, 0
560224, 1, 1
560345, 0, bit 1
560345, 0, 0
560349, 1, 1
560470, 0, 1
560474, 1, 0
560595, 0, 0
560599, 1, 1
560720, 0, 1
560724, 1, 0
560845, 0, 1
560849, 1, 1
560970, 0, 0
560974, 1, 0
561095, 0, 0
561099, 1, 1
561220, 0, 1
561224, 1, 0
561345, 0, 0
561349, 1, 1
561470, 0, 1
561474, 1, 0
561595, 0, 1
561599, 1, bit 0
561599, 1, 0
561720, 0, 0
561724, 1, 1
561845, 0, 0
561849, 1, 0
561970, 0, 1
561974, 1, 1
562095, 0, bit 1
562095, 0, 0
562099, 1, 1
562220, 0, 1
562224, 1, 0
562345, 0, 0
562349, 1, 1
562470, 0, 1
562475, 1, 0
562595, 0, 1
562600, 1, 1
562720, 0, 0
562725, 1, 0
562845, 0, 0
562850, 1, 1
562970, 0, 1
562975, 1, 0
563095, 0, 0
563100, 1, 1
563220, 0, 1
563225, 1, 0
563345, 0, 1
563350, 1, bit 0
563350, 1, 0
563470, 0, 0
563475, 1, 1
563595, 0, 0
563600, 1, 0
563720, 0, 1
563725, 1, 1
563845, 0, bit 0
563845, 0, 1
563850, 1, 1
563970, 0, 0
563975, 1, 0
564096, 0, 1
564100, 1, 1
564221, 0, 0
564225, 1, 0
564346, 0, 0
564350, 1, 1
564471, 0, 1
564475, 1, 0
564596, 0, 1
564600, 1, 1
564721, 0, 0
564725, 1, 0
564846, 0, 1
564850, 1, 1
564971, 0, 0
564975, 1, 0
565096, 0, 0
565100, 1, bit 0
565100, 1, 0
565221, 0, 1
565225, 1, 1
565346, 0, 1
565350, 1, 0
565471, 0, 0
565475, 1, 1
565596, 0, bit 0
565596, 0, 1
565600, 1, 1
565721, 0, 0
565725, 1, 0
565846, 0, 1
565850, 1, 1
565971, 0, 0
565975, 1, 0
566096, 0, 0
566100, 1, 1
566221, 0, 1
566225, 1, 0
566346, 0, 1
566350, 1, 1
566471, 0, 0
566475, 1, 0
566596, 0, 1
566600, 1, 1
566721, 0, 0
566725, 1, 0
566846, 0, 0
566850, 1, bit 0
566853, 1, 0
566971, 0, 1
566975, 1, 1
567096, 0, 1
567100, 1, 0
567221, 0, 0
567225, 1, 1
567346, 0, bit 0
567346, 0, 1
567350, 1, 1
567471, 0, 0
567475, 1, 0
567596, 0, 1
567600, 1, 1
567721, 0, 0
567725, 1, 0
567846, 0, 0
567851, 1, 1
567971, 0, 1
567976, 1, 0
568096, 0, 1
568101, 1, 1
568221, 0, 0
568226, 1, 0
568346, 0, 1
568351, 1, 1
568471, 0, 0
568476, 1, 0
568596, 0, 0
568601, 1, bit 1
568601, 1, 1
568721, 0, 1
568726, 1, 0
568846, 0, 1
568851, 1, 1
568971, 0, 0
568976, 1, 0
569096, 0, bit 0
569096, 0, 1
569101, 1, 0
569221, 0, 0
569226, 1, 1
569346, 0, 1
569351, 1, 0
569472, 0, 0
569476, 1, 1
569597, 0, 0
569601, 1, 0
569722, 0, 1
569726, 1, 1
569847, 0, 1
569851, 1, 0
569972, 0, 0
569976, 1, 1
570097, 0, 1
570101, 1, 0
570222, 0, 0
570226, 1, 1
570347, 0, 0
570351, 1, bit 0
570351, 1, 0
570472, 0, 1
570476, 1, 1
570597, 0, 1
570601, 1, 0
570722, 0, 0
570726, 1, 1
570847, 0, bit 1
570847, 0, 0
570851, 1, 1
570972, 0, 1
570976, 1, 0
571097, 0, 0
571101, 1, 1
571222, 0, 1
571226, 1, 0
571347, 0, 1
571351, 1, 1
571472, 0, 0
571476, 1, 0
571597, 0, 0
571601, 1, 1
571722, 0, 1
571726, 1, 0
571847, 0, 0
571851, 1, 1
571972, 0, 1
571976, 1, 0
572097, 0, 1
572101, 1, bit 1
572101, 1, 1
572222, 0, 0
572226, 1, 0
572347, 0, 0
572351, 1, 1
572472, 0, 1
572476, 1, 0
572597, 0, bit 1
572597, 0, 0
572601, 1, 0
572722, 0, 1
572726, 1, 1
572847, 0, 0
572851, 1, 0
572972, 0, 1
572976, 1, 1
573097, 0, 1
573101, 1, 0
573222, 0, 0
573227, 1, 1
573347, 0, 0
573352, 1, 0
573472, 0, 1
573477, 1, 1
573597, 0, 0
573602, 1, 0
573722, 0, 1
573727, 1, 1
573847, 0, 1
573852, 1, bit 1
573852, 1, 1
573972, 0, 0
573977, 1, 0
574097, 0, 0
574102, 1, 1
574222, 0, 1
574227, 1, 0
574347, 0, bit 1
574347, 0, 0
574352, 1, 0
574472, 0, 1
574477, 1, 1
574597, 0, 0
574602, 1, 0
574722, 0, 1
574727, 1, 1
574848, 0, 1
574852, 1, 0
574973, 0, 0
574977, 1, 1
575098, 0, 0
575102, 1, 0
575223, 0, 1
575227, 1, 1
575348, 0, 0
575352, 1, 0
575473, 0, 1
575477, 1, 1
575598, 0, 1
575602, 1, bit 0
575602, 1, 0
575723, 0, 0
575727, 1, 1
575848, 0, 0
575852, 1, 0
575973, 0, 1
575977, 1, 1
576098, 0, bit 1
576098, 0, 0
576102, 1, 1
576223, 0, 1
576227, 1, 0
576348, 0, 0
576352, 1, 1
576473, 0, 1
576477, 1, 0
576598, 0, 1
576602, 1, 1
576723, 0, 0
576727, 1, 0
576848, 0, 0
576852, 1, 1
576973, 0, 1
576977, 1, 0
577098, 0, 0
577102, 1, 1
577223, 0, 1
577227, 1, 0
577348, 0, 1
577352, 1, bit 1
577355, 1, 1
577473, 0, 0
577477, 1, 0
577598, 0, 0
577602, 1, 1
577723, 0, 1
577727, 1, 0
577848, 0, bit 1
577848, 0, 0
577852, 1, 0
577973, 0, 1
577977, 1, 1
578098, 0, 0
578102, 1, 0
578223, 0, 1
578227, 1, 1
578348, 0, 1
578352, 1, 0
578473, 0, 0
578477, 1, 1
578598, 0, 0
578603, 1, 0
578723, 0, 1
578728, 1, 1
578848, 0, 0
578853, 1, 0
578973, 0, 1
578978, 1, 1
579098, 0, 1
579103, 1, bit 0
579103, 1, 0
579223, 0, 0
579228, 1, 1
579348, 0, 0
579353, 1, 0
579473, 0, 1
579478, 1, 1
579598, 0, bit 1
579598, 0, 0
579603, 1, 1
579723, 0, 1
579728, 1, 0
579848, 0, 0
579853, 1, 1
579973, 0, 1
579978, 1, 0
580098, 0, 1
580103, 1, 1
580224, 0, 0
580228, 1, 0
580349, 0, 0
580353, 1, 1
580474, 0, 1
580478, 1, 0
580599, 0, 0
580603, 1, 1
580724, 0, 1
580728, 1, 0
580849, 0, 1
580853, 1, bit 0
580853, 1, 0
580974, 0, 0
580978, 1, 1
581099, 0, 0
581103, 1, 0
581224, 0, 1
581228, 1, 1
581349, 0, bit 1
581349, 0, 0
581353, 1, 1
581474, 0, 1
581484, 1, 0
581599, 0, 0
581609, 1, 1
581724, 0, 1
581734, 1, 0
581849, 0, 1
581859, 1, 1
581974, 0, 0
581984, 1, 0
582099, 0, 0
582109, 1, 1
582224, 0, 1
582234, 1, 0
582349, 0, 0
582359, 1, 1
582474, 0, 1
582484, 1, 0
582599, 0, 1
582609, 1, bit 0
582609, 1, 0
582724, 0, 0
582734, 1, 1
582849, 0, 0
582859, 1, 0
582974, 0, 1
582984, 1, 1
583099, 0, bit 0
583099, 0, 1
583109, 1, 1
583224, 0, 0
583234, 1, 0
583349, 0, 1
583359, 1, 1
583474, 0, 0
583484, 1, 0
583599, 0, 0
583609, 1, 1
583724, 0, 1
583734, 1, 0
583849, 0, 1
583859, 1, 1
583974, 0, 0
583984, 1, 0
584099, 0, 1
584109, 1, 1
584224, 0, 0
584235, 1, 0
584349, 0, 0
584360, 1, bit 0
584360, 1, 0
584474, 0, 1
584485, 1, 1
584599, 0, 1
584610, 1, 0
584724, 0, 0
584735, 1, 1
584849, 0, bit 0
584849, 0, 1
584860, 1, 1
584974, 0, 0
584985, 1, 0
585099, 0, 1
585110, 1, 1
585224, 0, 0
585235, 1, 0
585349, 0, 0
585360, 1, 1
585474, 0, 1
585485, 1, 0
585600, 0, 1
585610, 1, 1
585725, 0, 0
585735, 1, 0
585850, 0, 1
585860, 1, 1
585975, 0, 0
585985, 1, 0
586100, 0, 0
586110, 1, bit 1
586110, 1, 1
586225, 0, 1
586235, 1, 0
586350, 0, 1
586360, 1, 1
586475, 0, 0
586485, 1, 0
586600, 0, bit 1
586600, 0, 0
586610, 1, 0
586725, 0, 1
586735, 1, 1
586850, 0, 0
586860, 1, 0
586975, 0, 1
586985, 1, 1
587100, 0, 1
587110, 1, 0
587225, 0, 0
587235, 1, 1
587350, 0, 0
587360, 1, 0
587475, 0, 1
587485, 1, 1
587600, 0, 0
587610, 1, 0
587725, 0, 1
587735, 1, 1
587850, 0, 1
587860, 1, bit 1
587860, 1, 1
587975, 0, 0
587985, 1, 0
588100, 0, 0
588110, 1, 1
588225, 0, 1
588235, 1, 0
588350, 0, bit 1
588350, 0, 0
588360, 1, 0
588475, 0, 1
588485, 1, 1
588600, 0, 0
588610, 1, 0
588725, 0, 1
588735, 1, 1
588850, 0, 1
588860, 1, 0
588975, 0, 0
588985, 1, 1
589100, 0, 0
589110, 1, 0
589225, 0, 1
589235, 1, 1
589350, 0, 0
589360, 1, 0
589475, 0, 1
589485, 1, 1
589600, 0, 1
589611, 1, bit 1
589611, 1, 1
589725, 0, 0
589736, 1, 0
589850, 0, 0
589861, 1, 1
589975, 0, 1
589986, 1, 0
590100, 0, bit 1
590100, 0, 0
590111, 1, 0
590225, 0, 1
590236, 1, 1
590350, 0, 0
590361, 1, 0
590475, 0, 1
590486, 1, 1
590600, 0, 1
590611, 1, 0
590725, 0, 0
590736, 1, 1
590850, 0, 0
590861, 1, 0
590976, 0, 1
590986, 1, 1
591101, 0, 0
591111, 1, 0
591226, 0, 1
591236, 1, 1
591351, 0, 1
591361, 1, bit 1
591361, 1, 1
591476, 0, 0
591486, 1, 0
591601, 0, 0
591611, 1, 1
591726, 0, 1
591736, 1, 0
591851, 0, bit 0
591851, 0, 1
591861, 1, 0
591976, 0, 0
591986, 1, 1
592101, 0, 1
592111, 1, 0
592226, 0, 0
592236, 1, 1
592351, 0, 0
592361, 1, 0
592476, 0, 1
592486, 1, 1
592601, 0, 1
592611, 1, 0
592726, 0, 0
592736, 1, 1
592851, 0, 1
592861, 1, 0
592976, 0, 0
592986, 1, 1
593101, 0, 0
593111, 1, bit 1
593111, 1, 1
593226, 0, 1
593236, 1, 0
593351, 0, 1
593361, 1, 1
593476, 0, 0
593486, 1, 0
593601, 0, bit 0
593601, 0, 1
593611, 1, 0
593726, 0, 0
593736, 1, 1
593851, 0, 1
593861, 1, 0
593976, 0, 0
593986, 1, 1
594101, 0, 0
594111, 1, 0
594226, 0, 1
594236, 1, 1
594351, 0, 1
594361, 1, 0
594476, 0, 0
594486, 1, 1
594601, 0, 1
594611, 1, 0
594726, 0, 0
594736, 1, 1
594851, 0, 0
594861, 1, bit 1
594861, 1, 1
594976, 0, 1
594987, 1, 0
595101, 0, 1
595112, 1, 1
595226, 0, 0
595237, 1, 0
595351, 0, bit 1
595351, 0, 0
595362, 1, 0
595476, 0, 1
595487, 1, 1
595601, 0, 0
595612, 1, 0
595726, 0, 1
595737, 1, 1
595851, 0, 1
595862, 1, 0
595976, 0, 0
595987, 1, 1
596101, 0, 0
596112, 1, 0
596226, 0, 1
596237, 1, 1
596352, 0, 0
596362, 1, 0
596477, 0, 1
596487, 1, 1
596602, 0, 1
596612, 1, bit 1
596612, 1, 1
596727, 0, 0
596737, 1, 0
596852, 0, 0
596862, 1, 1
596977, 0, 1
596987, 1, 0
597102, 0, bit 0
597102, 0, 1
597112, 1, 0
597227, 0, 0
597237, 1, 1
597352, 0, 1
597362, 1, 0
597477, 0, 0
597487, 1, 1
597602, 0, 0
597612, 1, 0
597727, 0, 1
597737, 1, 1
597852, 0, 1
597862, 1, 0
597977, 0, 0
597987, 1, 1
598102, 0, 1
598112, 1, 0
598227, 0, 0
598237, 1, 1
598352, 0, 0
598362, 1, bit 0
598362, 1, 0
598477, 0, 1
598487, 1, 1
598602, 0, 1
598612, 1, 0
598727, 0, 0
598737, 1, 1
598852, 0, bit 1
598852, 0, 0
598862, 1, 1
598977, 0, 1
598987, 1, 0
599102, 0, 0
599112, 1, 1
599227, 0, 1
599237, 1, 0
599352, 0, 1
599362, 1, 1
599477, 0, 0
599487, 1, 0
599602, 0, 0
599612, 1, 1
599727, 0, 1
599737, 1, 0
599852, 0, 0
599862, 1, 1
599977, 0, 1
599987, 1, 0
600102, 0, 1
600112, 1, bit 1
600112, 1, 1
600227, 0, 0
600237, 1, 0
600352, 0, 0
600363, 1, 1
600477, 0, 1
600488, 1, 0
600602, 0, bit 1
600602, 0, 0
600613, 1, 0
600727, 0, 1
600738, 1, 1
600852, 0, 0
600863, 1, 0
600977, 0, 1
600988, 1, 1
601102, 0, 1
601113, 1, 0
601227, 0, 0
601238, 1, 1
601352, 0, 0
601363, 1, 0
601477, 0, 1
601488, 1, 1
601602, 0, 0
601613, 1, 0
601728, 0, 1
601738, 1, 1
601853, 0, 1
601863, 1, bit 1
601863, 1, 1
601978, 0, 0
601988, 1, 0
602103, 0, 0
602113, 1, 1
602228, 0, 1
602238, 1, 0
602353, 0, bit 0
602353, 0, 1
602363, 1, 0
602478, 0, 0
602488, 1, 1
602603, 0, 1
602613, 1, 0
602728, 0, 0
602738, 1, 1
602853, 0, 0
602863, 1, 0
602978, 0, 1
602988, 1, 1
603103, 0, 1
603113, 1, 0
603228, 0, 0
603238, 1, 1
603353, 0, 1
603363, 1, 0
603478, 0, 0
603488, 1, 1
603603, 0, 0
603613, 1, bit 1
603613, 1, 1
603728, 0, 1
603738, 1, 0
603853, 0, 1
603863, 1, 1
603978, 0, 0
603988, 1, 0
604103, 0, bit 0
604103, 0, 1
604113, 1, 0
604228, 0, 0
604238, 1, 1
604353, 0, 1
604363, 1, 0
604478, 0, 0
604488, 1, 1
604603, 0, 0
604613, 1, 0
604728, 0, 1
604738, 1, 1
604853, 0, 1
604863, 1, 0
604978, 0, 0
604988, 1, 1
605103, 0, 1
605113, 1, 0
605228, 0, 0
605238, 1, 1
605353, 0, 0
605363, 1, bit 0
605363, 1, 0
605478, 0, 1
605488, 1, 1
605603, 0, 1
605613, 1, 0
605728, 0, 0
605739, 1, 1
605853, 0, bit 0
605853, 0, 1
605864, 1, 1
605978, 0, 0
605989, 1, 0
606103, 0, 1
606114, 1, 1
606228, 0, 0
606239, 1, 0
606353, 0, 0
606364, 1, 1
606478, 0, 1
606489, 1, 0
606603, 0, 1
606614, 1, 1
606728, 0, 0
606739, 1, 0
606853, 0, 1
606864, 1, 1
606978, 0, 0
606989, 1, 0
607104, 0, 0
607114, 1, bit 0
607114, 1, 0
607229, 0, 1
607239, 1, 1
607354, 0, 1
607364, 1, 0
607479, 0, 0
607489, 1, 1
607604, 0, bit 1
607604, 0, 0
607614, 1, 1
607729, 0, 1
607739, 1, 0
607854, 0, 0
607864, 1, 1
607979, 0, 1
607989, 1, 0
608104, 0, 1
608114, 1, 1
608229, 0, 0
608239, 1, 0
608354, 0, 0
608364, 1, 1
608479, 0, 1
608489, 1, 0
608604, 0, 0
608614, 1, 1
608729, 0, 1
608739, 1, 0
608854, 0, 1
608864, 1, bit 0
608864, 1, 0
608979, 0, 0
608989, 1, 1
609104, 0, 0
609114, 1, 0
609229, 0, 1
609239, 1, 1
609354, 0, bit 0
609354, 0, 1
609364, 1, 1
609479, 0, 0
609489, 1, 0
609604, 0, 1
609614, 1, 1
609729, 0, 0
609739, 1, 0
609854, 0, 0
609864, 1, 1
609979, 0, 1
609989, 1, 0
610104, 0, 1
610114, 1, 1
610229, 0, 0
610239, 1, 0
610354, 0, 1
610364, 1, 1
610479, 0, 0
610489, 1, 0
610604, 0, 0
610614, 1, bit 0
610614, 1, 0
610729, 0, 1
610739, 1, 1
610854, 0, 1
610864, 1, 0
610979, 0, 0
610989, 1, 1
611104, 0, bit 1
611104, 0, 0
611115, 1, 1
611229, 0, 1
611240, 1, 0
611354, 0, 0
611365, 1, 1
611479, 0, 1
611490, 1, 0
611604, 0, 1
611615, 1, 1
611729, 0, 0
611740, 1, 0
611854, 0, 0
611865, 1, 1
611979, 0, 1
611990, 1, 0
612104, 0, 0
612115, 1, 1
612229, 0, 1
612240, 1, 0
612354, 0, 1
612365, 1, bit 1
612365, 1, 1
612480, 0, 0
612490, 1, 0
612605, 0, 0
612615, 1, 1
612730, 0, 1
612740, 1, 0
612855, 0, bit 0
612855, 0, 1
612865, 1, 0
612980, 0, 0
612990, 1, 1
613105, 0, 1
613115, 1, 0
613230, 0, 0
613240, 1, 1
613355, 0, 0
613365, 1, 0
613480, 0, 1
613490, 1, 1
613605, 0, 1
613615, 1, 0
613730, 0, 0
613740, 1, 1
613855, 0, 1
613865, 1, 0
613980, 0, 0
613990, 1, 1
614105, 0, 0
614115, 1, bit 0
614115, 1, 0
614230, 0, 1
614240, 1, 1
614355, 0, 1
614365, 1, 0
614480, 0, 0
614490, 1, 1
614605, 0, bit 1
614605, 0, 0
614615, 1, 1
614730, 0, 1
614740, 1, 0
614855, 0, 0
614865, 1, 1
614980, 0, 1
614990, 1, 0
615105, 0, 1
615115, 1, 1
615230, 0, 0
615240, 1, 0
615355, 0, 0
615365, 1, 1
615480, 0, 1
615490, 1, 0
615605, 0, 0
615615, 1, 1
615730, 0, 1
615740, 1, 0
615855, 0, 1
615865, 1, bit 0
615865, 1, 0
615980, 0, 0
615990, 1, 1
616105, 0, 0
616115, 1, 0
616230, 0, 1
616240, 1, 1
616355, 0, bit 1
616355, 0, 0
616365, 1, 1
616480, 0, 1
616491, 1, 0
616605, 0, 0
616616, 1, 1
616730, 0, 1
616741, 1, 0
616855, 0, 1
616866, 1, 1
616980, 0, 0
616991, 1, 0
617105, 0, 0
617116, 1, 1
617230, 0, 1
617241, 1, 0
617355, 0, 0
617366, 1, 1
617480, 0, 1
617491, 1, 0
617605, 0, 1
617616, 1, bit 0
617616, 1, 0
617730, 0, 0
617741, 1, 1
617856, 0, 0
617866, 1, 0
617981, 0, 1
617991, 1, 1
618106, 0, bit 0
618106, 0, 1
618116, 1, 1
618231, 0, 0
618241, 1, 0
618356, 0, 1
618366, 1, 1
618481, 0, 0
618491, 1, 0
618606, 0, 0
618616, 1, 1
618731, 0, 1
618741, 1, 0
618856, 0, 1
618866, 1, 1
618981, 0, 0
618991, 1, 0
619106, 0, 1
619116, 1, 1
619231, 0, 0
619241, 1, 0
619356, 0, 0
619366, 1, bit 0
619366, 1, 0
619481, 0, 1
619491, 1, 1
619606, 0, 1
619616, 1, 0
619731, 0, 0
619741, 1, 1
619856, 0, bit 0
619856, 0, 1
619866, 1, 1
619981, 0, 0
619991, 1, 0
620106, 0, 1
620116, 1, 1
620231, 0, 0
620241, 1, 0
620356, 0, 0
620366, 1, 1
620481, 0, 1
620491, 1, 0
620606, 0, 1
620616, 1, 1
620731, 0, 0
620741, 1, 0
620856, 0, 1
620866, 1, 1
620981, 0, 0
620991, 1, 0
621106, 0, 0
621116, 1, bit 1
621116, 1, 1
621231, 0, 1
621241, 1, 0
621356, 0, 1
621366, 1, 1
621481, 0, 0
621491, 1, 0
621606, 0, bit 0
621606, 0, 1
621616, 1, 0
621731, 0, 0
621741, 1, 1
621856, 0, 1
621867, 1, 0
621981, 0, 0
621992, 1, 1
622106, 0, 0
622117, 1, 0
622231, 0, 1
622242, 1, 1
622356, 0, 1
622367, 1, 0
622481, 0, 0
622492, 1, 1
622606, 0, 1
622617, 1, 0
622731, 0, 0
622742, 1, 1
622856, 0, 0
622867, 1, bit 0
622867, 1, 0
622981, 0, 1
622992, 1, 1
623106, 0, 1
623117, 1, 0
623232, 0, 0
623242, 1, 1
623357, 0, bit 0
623357, 0, 1
623367, 1, 1
623482, 0, 0
623492, 1, 0
623607, 0, 1
623617, 1, 1
623732, 0, 0
623742, 1, 0
623857, 0, 0
623867, 1, 1
623982, 0, 1
623992, 1, 0
624107, 0, 1
624117, 1, 1
624232, 0, 0
624242, 1, 0
624357, 0, 1
624367, 1, 1
624482, 0, 0
624492, 1, 0
624607, 0, 0
624617, 1, bit 1
624617, 1, 1
624732, 0, 1
624742, 1, 0
624857, 0, 1
624867, 1, 1
624982, 0, 0
624992, 1, 0
625107, 0, bit 0
625107, 0, 1
625117, 1, 0
625232, 0, 0
625242, 1, 1
625357, 0, 1
625367, 1, 0
625482, 0, 0
625492, 1, 1
625607, 0, 0
625617, 1, 0
625732, 0, 1
625742, 1, 1
625857, 0, 1
625867, 1, 0
625982, 0, 0
625992, 1, 1
626107, 0, 1
626117, 1, 0
626232, 0, 0
626242, 1, 1
626357, 0, 0
626367, 1, bit 0
626367, 1, 0
626482, 0, 1
626492, 1, 1
626607, 0, 1
626617, 1, 0
626732, 0, 0
626742, 1, 1
626857, 0, bit 0
626857, 0, 1
626867, 1, 1
626982, 0, 0
626992, 1, 0
627107, 0, 1
627117, 1, 1
627232, 0, 0
627243, 1, 0
627357, 0, 0
627368, 1, 1
627482, 0, 1
627493, 1, 0
627607, 0, 1
627618, 1, 1
627732, 0, 0
627743, 1, 0
627857, 0, 1
627868, 1, 1
627982, 0, 0
627993, 1, 0
628107, 0, 0
628118, 1, bit 1
628118, 1, 1
628232, 0, 1
628243, 1, 0
628357, 0, 1
628368, 1, 1
628482, 0, 0
628493, 1, 0
628608, 0, bit 0
628608, 0, 1
628618, 1, 0
628733, 0, 0
628743, 1, 1
628858, 0, 1
628868, 1, 0
628983, 0, 0
628993, 1, 1
629108, 0, 0
629118, 1, 0
629233, 0, 1
629243, 1, 1
629358, 0, 1
629368, 1, 0
629483, 0, 0
629493, 1, 1
629608, 0, 1
629618, 1, 0
629733, 0, 0
629779, 1, 1
629858, 0, 0
629904, 1, bit 1
629904, 1, 1
629983, 0, 1
630029, 1, 0
630108, 0, 1
630154, 1, 1
630233, 0, 0
630279, 1, 0
630358, 0, bit 1
630358, 0, 0
630404, 1, 0
630483, 0, 1
630529, 1, 1
630608, 0, 0
630654, 1, 0
630733, 0, 1
630779, 1, 1
630858, 0, 1
630904, 1, 0
630983, 0, 0
631029, 1, 1
631108, 0, 0
631154, 1, 0
631233, 0, 1
631279, 1, 1
631358, 0, 0
631404, 1, 0
631483, 0, 1
631529, 1, 1
631608, 0, 1
631654, 1, bit 0
631654, 1, 0
631733, 0, 0
631779, 1, 1
631858, 0, 0
631904, 1, 0
631983, 0, 1
632029, 1, 1
632108, 0, bit 0
632108, 0, 1
632154, 1, 1
632233, 0, 0
632279, 1, 0
632358, 0, 1
632404, 1, 1
632483, 0, 0
632529, 1, 0
632608, 0, 0
632654, 1, 1
632733, 0, 1
632779, 1, 0
632858, 0, 1
632904, 1, 1
632983, 0, 0
633029, 1, 0
633108, 0, 1
633154, 1, 1
633233, 0, 0
633279, 1, 0
633358, 0, 0
633404, 1, bit 1
633404, 1, 1
633483, 0, 1
633529, 1, 0
633608, 0, 1
633654, 1, 1
633733, 0, 0
633779, 1, 0
633858, 0, bit 1
633858, 0, 0
633904, 1, 0
633984, 0, 1
634029, 1, 1
634109, 0, 0
634155, 1, 0
634234, 0, 1
634280, 1, 1
634359, 0, 1
634405, 1, 0
634484, 0, 0
634530, 1, 1
634609, 0, 0
634655, 1, 0
634734, 0, 1
634780, 1, 1
634859, 0, 0
634905, 1, 0
634984, 0, 1
635030, 1, 1
635109, 0, 1
635155, 1, bit 0
635155, 1, 0
635234, 0, 0
635280, 1, 1
635359, 0, 0
635405, 1, 0
635484, 0, 1
635530, 1, 1
635609, 0, bit 0
635609, 0, 1
635655, 1, 1
635734, 0, 0
635780, 1, 0
635859, 0, 1
635905, 1, 1
635984, 0, 0
636030, 1, 0
636109, 0, 0
636155, 1, 1
636234, 0, 1
636280, 1, 0
636359, 0, 1
636405, 1, 1
636484, 0, 0
636530, 1, 0
636609, 0, 1
636655, 1, 1
636734, 0, 0
636780, 1, 0
636859, 0, 0
636905, 1, bit 1
636905, 1, 1
636984, 0, 1
637030, 1, 0
637109, 0, 1
637155, 1, 1
637234, 0, 0
637280, 1, 0
637359, 0, bit 1
637359, 0, 0
637405, 1, 0
637484, 0, 1
637530, 1, 1
637609, 0, 0
637655, 1, 0
637734, 0, 1
637780, 1, 1
637859, 0, 1
637905, 1, 0
637984, 0, 0
638030, 1, 1
638109, 0, 0
638155, 1, 0
638234, 0, 1
638280, 1, 1
638359, 0, 0
638405, 1, 0
638484, 0, 1
638530, 1, 1
638609, 0, 1
638655, 1, bit 0
638655, 1, 0
638734, 0, 0
638780, 1, 1
638859, 0, 0
638905, 1, 0
638984, 0, 1
639030, 1, 1
639109, 0, bit 0
639109, 0, 1
639155, 1, 1
639234, 0, 0
639280, 1, 0
639360, 0, 1
639405, 1, 1
639485, 0, 0
639531, 1, 0
639610, 0, 0
639656, 1, 1
639735, 0, 1
639781, 1, 0
639860, 0, 1
639906, 1, 1
639985, 0, 0
640031, 1, 0
640110, 0, 1
640156, 1, 1
640235, 0, 0
640281, 1, 0
640360, 0, 0
640406, 1, bit 0
640406, 1, 0
640485, 0, 1
640531, 1, 1
640610, 0, 1
640656, 1, 0
640735, 0, 0
640781, 1, 1
640860, 0, bit 0
640860, 0, 1
640906, 1, 1
640985, 0, 0
641031, 1, 0
641110, 0, 1
641156, 1, 1
641235, 0, 0
641281, 1, 0
641360, 0, 0
641406, 1, 1
641485, 0, 1
641531, 1, 0
641610, 0, 1
641656, 1, 1
641735, 0, 0
641781, 1, 0
641860, 0, 1
641906, 1, 1
641985, 0, 0
642031, 1, 0
642110, 0, 0
642156, 1, bit 1
642156, 1, 1
642235, 0, 1
642281, 1, 0
642360, 0, 1
642406, 1, 1
642485, 0, 0
642531, 1, 0
642610, 0, bit 0
642610, 0, 1
642656, 1, 0
642735, 0, 0
642781, 1, 1
642860, 0, 1
642906, 1, 0
642985, 0, 0
643031, 1, 1
643110, 0, 0
643156, 1, 0
643235, 0, 1
643281, 1, 1
643360, 0, 1
643406, 1, 0
643485, 0, 0
643531, 1, 1
643610, 0, 1
643656, 1, 0
643735, 0, 0
643781, 1, 1
643860, 0, 0
643906, 1, bit 1
643906, 1, 1
643985, 0, 1
644031, 1, 0
644110, 0, 1
644156, 1, 1
644235, 0, 0
644281, 1, 0
644360, 0, bit 0
644363, 0, 1
644406, 1, 0
644485, 0, 0
644531, 1, 1
644610, 0, 1
644656, 1, 0
644736, 0, 0
644781, 1, 1
644861, 0, 0
644907, 1, 0
644986, 0, 1
645032, 1, 1
645111, 0, 1
645157, 1, 0
645236, 0, 0
645282, 1, 1
645361, 0, 1
645407, 1, 0
645486, 0, 0
645532, 1, 1
645611, 0, 0
645657, 1, bit 0
645657, 1, 0
645736, 0, 1
645782, 1, 1
645861, 0, 1
645907, 1, 0
645986, 0, 0
646032, 1, 1
646111, 0, bit 1
646111, 0, 0
646157, 1, 1
646236, 0, 1
646282, 1, 0
646361, 0, 0
646407, 1, 1
646486, 0, 1
646532, 1, 0
646611, 0, 1
646657, 1, 1
646736, 0, 0
646782, 1, 0
646861, 0, 0
646907, 1, 1
646986, 0, 1
647032, 1, 0
647111, 0, 0
647157, 1, 1
647236, 0, 1
647282, 1, 0
647361, 0, 1
647407, 1, bit 0
647407, 1, 0
647486, 0, 0
647532, 1, 1
647611, 0, 0
647657, 1, 0
647736, 0, 1
647782, 1, 1
647861, 0, bit 1
647861, 0, 0
647907, 1, 1
647986, 0, 1
648032, 1, 0
648111, 0, 0
648157, 1, 1
648236, 0, 1
648282, 1, 0
648361, 0, 1
648407, 1, 1
648486, 0, 0
648532, 1, 0
648611, 0, 0
648657, 1, 1
648736, 0, 1
648782, 1, 0
648861, 0, 0
648907, 1, 1
648986, 0, 1
649032, 1, 0
649111, 0, 1
649157, 1, bit 0
649157, 1, 0
649236, 0, 0
649282, 1, 1
649361, 0, 0
649407, 1, 0
649486, 0, 1
649532, 1, 1
649611, 0, bit 0
649611, 0, 1
649657, 1, 1
649736, 0, 0
649782, 1, 0
649861, 0, 1
649907, 1, 1
649986, 0, 0
650032, 1, 0
650112, 0, 0
650157, 1, 1
650237, 0, 1
650283, 1, 0
650362, 0, 1
650408, 1, 1
650487, 0, 0
650533, 1, 0
650612, 0, 1
650658, 1, 1
650737, 0, 0
650783, 1, 0
650862, 0, 0
650908, 1, bit 0
650908, 1, 0
650987, 0, 1
651033, 1, 1
651112, 0, 1
651158, 1, 0
651237, 0, 0
651283, 1, 1
651362, 0, bit 0
651362, 0, 1
651408, 1, 1
651487, 0, 0
651533, 1, 0
651612, 0, 1
651658, 1, 1
651737, 0, 0
651783, 1, 0
651862, 0, 0
651908, 1, 1
651987, 0, 1
652033, 1, 0
652112, 0, 1
652158, 1, 1
652237, 0, 0
652283, 1, 0
652362, 0, 1
652408, 1, 1
652487, 0, 0
652533, 1, 0
652612, 0, 0
652658, 1, bit 0
652658, 1, 0
652737, 0, 1
652783, 1, 1
652862, 0, 1
652908, 1, 0
652987, 0, 0
653033, 1, 1
653112, 0, bit 0
653112, 0, 1
653158, 1, 1
653237, 0, 0
653283, 1, 0
653362, 0, 1
653408, 1, 1
653487, 0, 0
653533, 1, 0
653612, 0, 0
653658, 1, 1
653737, 0, 1
653783, 1, 0
653862, 0, 1
653908, 1, 1
653987, 0, 0
654033, 1, 0
654112, 0, 1
654158, 1, 1
654237, 0, 0
654283, 1, 0
654362, 0, 0
654408, 1, bit 0
654408, 1, 0
654487, 0, 1
654533, 1, 1
654612, 0, 1
654658, 1, 0
654737, 0, 0
654783, 1, 1
654862, 0, bit 1
654865, 0, 0
654908, 1, 1
654987, 0, 1
655033, 1, 0
655112, 0, 0
655158, 1, 1
655237, 0, 1
655283, 1, 0
655362, 0, 1
655408, 1, 1
655488, 0, 0
655533, 1, 0
655613, 0, 0
655659, 1, 1
655738, 0, 1
655784, 1, 0
655863, 0, 0
655909, 1, 1
655988, 0, 1
656034, 1, 0
656113, 0, 1
656159, 1, bit 0
656159, 1, 0
656238, 0, 0
656284, 1, 1
656363, 0, 0
656409, 1, 0
656488, 0, 1
656534, 1, 1
656613, 0, bit 0
656613, 0, 1
656659, 1, 1
656738, 0, 0
656784, 1, 0
656863, 0, 1
656909, 1, 1
656988, 0, 0
657034, 1, 0
657113, 0, 0
657159, 1, 1
657238, 0, 1
657284, 1, 0
657363, 0, 1
657409, 1, 1
657488, 0, 0
657534, 1, 0
657613, 0, 1
657659, 1, 1
657738, 0, 0
657784, 1, 0
657863, 0, 0
657909, 1, bit 1
657909, 1, 1
657988, 0, 1
658034, 1, 0
658113, 0, 1
658159, 1, 1
658238, 0, 0
658284, 1, 0
658363, 0, bit 1
658363, 0, 0
658409, 1, 0
658488, 0, 1
658534, 1, 1
658613, 0, 0
658659, 1, 0
658738, 0, 1
658784, 1, 1
658863, 0, 1
658909, 1, 0
658988, 0, 0
659034, 1, 1
659113, 0, 0
659159, 1, 0
659238, 0, 1
659284, 1, 1
659363, 0, 0
659409, 1, 0
659488, 0, 1
659534, 1, 1
659613, 0, 1
659659, 1, bit 0
659659, 1, 0
659738, 0, 0
659784, 1, 1
659863, 0, 0
659909, 1, 0
659988, 0, 1
660034, 1, 1
660113, 0, bit 1
660113, 0, 0
660159, 1, 1
660238, 0, 1
660284, 1, 0
660363, 0, 0
660409, 1, 1
660488, 0, 1
660534, 1, 0
660613, 0, 1
660659, 1, 1
660738, 0, 0
660784, 1, 0
660864, 0, 0
660909, 1, 1
660989, 0, 1
661035, 1, 0
661114, 0, 0
661160, 1, 1
661239, 0, 1
661285, 1, 0
661364, 0, 1
661410, 1, bit 0
661410, 1, 0
661489, 0, 0
661535, 1, 1
661614, 0, 0
661660, 1, 0
661739, 0, 1
661785, 1, 1
661864, 0, bit 1
661864, 0, 0
661910, 1, 1
661989, 0, 1
662035, 1, 0
662114, 0, 0
662160, 1, 1
662239, 0, 1
662285, 1, 0
662364, 0, 1
662410, 1, 1
662489, 0, 0
662535, 1, 0
662614, 0, 0
662660, 1, 1
662739, 0, 1
662785, 1, 0
662864, 0, 0
662910, 1, 1
662989, 0, 1
663035, 1, 0
663114, 0, 1
663160, 1, bit 0
663160, 1, 0
663239, 0, 0
663285, 1, 1
663364, 0, 0
663410, 1, 0
663489, 0, 1
663535, 1, 1
663614, 0, bit 1
663614, 0, 0
663660, 1, 1
663739, 0, 1
663785, 1, 0
663864, 0, 0
663910, 1, 1
663989, 0, 1
664035, 1, 0
664114, 0, 1
664160, 1, 1
664239, 0, 0
664285, 1, 0
664364, 0, 0
664410, 1, 1
664489, 0, 1
664535, 1, 0
664614, 0, 0
664660, 1, 1
664739, 0, 1
664785, 1, 0
664864, 0, 1
664910, 1, bit 0
664910, 1, 0
664989, 0, 0
665035, 1, 1
665114, 0, 0
665160, 1, 0
665239, 0, 1
665285, 1, 1
665364, 0, bit 0
665364, 0, 1
665410, 1, 1
665489, 0, 0
665535, 1, 0
665614, 0, 1
665660, 1, 1
665739, 0, 0
665785, 1, 0
665864, 0, 0
665910, 1, 1
665989, 0, 1
666035, 1, 0
666114, 0, 1
666160, 1, 1
666240, 0, 0
666285, 1, 0
666365, 0, 1
666411, 1, 1
666490, 0, 0
666536, 1, 0
666615, 0, 0
666661, 1, bit 0
666661, 1, 0
666740, 0, 1
666786, 1, 1
666865, 0, 1
666911, 1, 0
666990, 0, 0
667036, 1, 1
667115, 0, bit 0
667115, 0, 1
667161, 1, 1
667240, 0, 0
667286, 1, 0
667365, 0, 1
667411, 1, 1
667490, 0, 0
667536, 1, 0
667615, 0, 0
667661, 1, 1
667740, 0, 1
667786, 1, 0
667865, 0, 1
667911, 1, 1
667990, 0, 0
668036, 1, 0
668115, 0, 1
668161, 1, 1
668240, 0, 0
668286, 1, 0
668365, 0, 0
668411, 1, bit 1
668411, 1, 1
668490, 0, 1
668536, 1, 0
668615, 0, 1
668661, 1, 1
668740, 0, 0
668786, 1, 0
668865, 0, bit 1
668865, 0, 0
668911, 1, 0
668990, 0, 1
669036, 1, 1
669115, 0, 0
669161, 1, 0
669240, 0, 1
669286, 1, 1
669365, 0, 1
669411, 1, 0
669490, 0, 0
669536, 1, 1
669615, 0, 0
669661, 1, 0
669740, 0, 1
669786, 1, 1
669865, 0, 0
669911, 1, 0
669990, 0, 1
670036, 1, 1
670115, 0, 1
670161, 1, bit 1
670161, 1, 1
670240, 0, 0
670286, 1, 0
670365, 0, 0
670411, 1, 1
670490, 0, 1
670536, 1, 0
670615, 0, bit 1
670615, 0, 0
670661, 1, 0
670740, 0, 1
670786, 1, 1
670865, 0, 0
670911, 1, 0
670990, 0, 1
671036, 1, 1
671115, 0, 1
671161, 1, 0
671240, 0, 0
671286, 1, 1
671365, 0, 0
671411, 1, 0
671490, 0, 1
671536, 1, 1
671616, 0, 0
671661, 1, 0
671741, 0, 1
671787, 1, 1
671866, 0, 1
671912, 1, bit 0
671912, 1, 0
671991, 0, 0
672037, 1, 1
672116, 0, 0
672162, 1, 0
672241, 0, 1
672287, 1, 1
672366, 0, bit 1
672366, 0, 0
672412, 1, 1
672491, 0, 1
672537, 1, 0
672616, 0, 0
672662, 1, 1
672741, 0, 1
672787, 1, 0
672866, 0, 1
672912, 1, 1
672991, 0, 0
673037, 1, 0
673116, 0, 0
673162, 1, 1
673241, 0, 1
673287, 1, 0
673366, 0, 0
673412, 1, 1
673491, 0, 1
673537, 1, 0
673616, 0, 1
673662, 1, bit 0
673662, 1, 0
673741, 0, 0
673787, 1, 1
673866, 0, 0
673912, 1, 0
673991, 0, 1
674037, 1, 1
674116, 0, bit 0
674116, 0, 1
674162, 1, 1
674241, 0, 0
674287, 1, 0
674366, 0, 1
674412, 1, 1
674491, 0, 0
674537, 1, 0
674616, 0, 0
674662, 1, 1
674741, 0, 1
674787, 1, 0
674866, 0, 1
674912, 1, 1
674991, 0, 0
675037, 1, 0
675116, 0, 1
675162, 1, 1
675241, 0, 0
675287, 1, 0
675366, 0, 0
675412, 1, bit 1
675412, 1, 1
675491, 0, 1
675537, 1, 0
675616, 0, 1
675662, 1, 1
675741, 0, 0
675787, 1, 0
675866, 0, bit 1
675866, 0, 0
675912, 1, 0
675991, 0, 1
676037, 1, 1
676116, 0, 0
676162, 1, 0
676241, 0, 1
676287, 1, 1
676366, 0, 1
676412, 1, 0
676491, 0, 0
676537, 1, 1
676616, 0, 0
676662, 1, 0
676741, 0, 1
676787, 1, 1
676866, 0, 0
676912, 1, 0
676992, 0, 1
677037, 1, 1
677117, 0, 1
677163, 1, bit 1
677163, 1, 1
677242, 0, 0
677288, 1, 0
677367, 0, 0
677413, 1, 1
677492, 0, 1
677538, 1, 0
677617, 0, bit 0
677617, 0, 1
677663, 1, 0
677742, 0, 0
677788, 1, 1
677867, 0, 1
677913, 1, 0
677992, 0, 0
678038, 1, 1
678117, 0, 0
678163, 1, 0
678242, 0, 1
678288, 1, 1
678367, 0, 1
678413, 1, 0
678492, 0, 0
678538, 1, 1
678617, 0, 1
678663, 1, 0
678742, 0, 0
678788, 1, 1
678867, 0, 0
678913, 1, bit 1
678913, 1, 1
678992, 0, 1
679038, 1, 0
679117, 0, 1
679163, 1, 1
679242, 0, 0
679288, 1, 0
679367, 0, bit 1
679367, 0, 0
679413, 1, 0
679492, 0, 1
679538, 1, 1
679617, 0, 0
679663, 1, 0
679742, 0, 1
679788, 1, 1
679867, 0, 1
679913, 1, 0
679992, 0, 0
680038, 1, 1
680117, 0, 0
680163, 1, 0
680242, 0, 1
680288, 1, 1
680367, 0, 0
680413, 1, 0
680492, 0, 1
680538, 1, 1
680617, 0, 1
680663, 1, bit 0
680663, 1, 0
680742, 0, 0
680788, 1, 1
680867, 0, 0
680913, 1, 0
680992, 0, 1
681038, 1, 1
681117, 0, bit 0
681117, 0, 1
681163, 1, 1
681242, 0, 0
681288, 1, 0
681367, 0, 1
681413, 1, 1
681492, 0, 0
681538, 1, 0
681617, 0, 0
681663, 1, 1
681742, 0, 1
681788, 1, 0
681867, 0, 1
681913, 1, 1
681992, 0, 0
682038, 1, 0
682117, 0, 1
682163, 1, 1
682242, 0, 0
682288, 1, 0
682368, 0, 0
682413, 1, bit 0
682413, 1, 0
682493, 0, 1
682539, 1, 1
682618, 0, 1
682664, 1, 0
682743, 0, 0
682789, 1, 1
682868, 0, bit 1
682868, 0, 0
682914, 1, 1
682993, 0, 1
683039, 1, 0
683118, 0, 0
683164, 1, 1
683243, 0, 1
683289, 1, 0
683368, 0, 1
683414, 1, 1
683493, 0, 0
683539, 1, 0
683618, 0, 0
683664, 1, 1
683743, 0, 1
683789, 1, 0
683868, 0, 0
683914, 1, 1
683993, 0, 1
684039, 1, 0
684118, 0, 1
684164, 1, bit 1
684167, 1, 1
684243, 0, 0
684289, 1, 0
684368, 0, 0
684414, 1, 1
684493, 0, 1
684539, 1, 0
684618, 0, bit 0
684618, 0, 1
684664, 1, 0
684743, 0, 0
684789, 1, 1
684868, 0, 1
684914, 1, 0
684993, 0, 0
685039, 1, 1
685118, 0, 0
685164, 1, 0
685243, 0, 1
685289, 1, 1
685368, 0, 1
685414, 1, 0
685493, 0, 0
685539, 1, 1
685618, 0, 1
685664, 1, 0
685743, 0, 0
685789, 1, 1
685868, 0, 0
685914, 1, bit 1
685914, 1, 1
685993, 0, 1
686039, 1, 0
686118, 0, 1
686164, 1, 1
686243, 0, 0
686289, 1, 0
686368, 0, bit 0
686368, 0, 1
686414, 1, 0
686493, 0, 0
686539, 1, 1
686618, 0, 1
686664, 1, 0
686743, 0, 0
686789, 1, 1
686868, 0, 0
686914, 1, 0
686993, 0, 1
687039, 1, 1
687118, 0, 1
687164, 1, 0
687243, 0, 0
687289, 1, 1
687368, 0, 1
687414, 1, 0
687493, 0, 0
687539, 1, 1
687618, 0, 0
687664, 1, bit 1
687664, 1, 1
687744, 0, 1
687789, 1, 0
687869, 0, 1
687915, 1, 1
687994, 0, 0
688040, 1, 0
688119, 0, bit 1
688119, 0, 0
688165, 1, 0
688244, 0, 1
688290, 1, 1
688369, 0, 0
688415, 1, 0
688494, 0, 1
688540, 1, 1
688619, 0, 1
688665, 1, 0
688744, 0, 0
688790, 1, 1
688869, 0, 0
688915, 1, 0
688994, 0, 1
689040, 1, 1
689119, 0, 0
689165, 1, 0
689244, 0, 1
689290, 1, 1
689369, 0, 1
689415, 1, bit 1
689415, 1, 1
689494, 0, 0
689540, 1, 0
689619, 0, 0
689665, 1, 1
689744, 0, 1
689790, 1, 0
689869, 0, bit 0
689869, 0, 1
689915, 1, 0
689994, 0, 0
690040, 1, 1
690119, 0, 1
690165, 1, 0
690244, 0, 0
690290, 1, 1
690369, 0, 0
690415, 1, 0
690494, 0, 1
690540, 1, 1
690619, 0, 1
690665, 1, 0
690744, 0, 0
690790, 1, 1
690869, 0, 1
690915, 1, 0
690994, 0, 0
691040, 1, 1
691119, 0, 0
691165, 1, bit 0
691165, 1, 0
691244, 0, 1
691290, 1, 1
691369, 0, 1
691415, 1, 0
691494, 0, 0
691540, 1, 1
691619, 0, bit 0
691619, 0, 1
691665, 1, 1
691744, 0, 0
691790, 1, 0
691869, 0, 1
691915, 1, 1
691994, 0, 0
692040, 1, 0
692119, 0, 0
692165, 1, 1
692244, 0, 1
692290, 1, 0
692369, 0, 1
692415, 1, 1
692494, 0, 0
692540, 1, 0
692619, 0, 1
692665, 1, 1
692744, 0, 0
692790, 1, 0
692869, 0, 0
692915, 1, bit 1
692915, 1, 1
692994, 0, 1
693040, 1, 0
693120, 0, 1
693165, 1, 1
693245, 0, 0
693291, 1, 0
693370, 0, bit 1
693370, 0, 0
693416, 1, 0
693495, 0, 1
693541, 1, 1
693620, 0, 0
693666, 1, 0
693745, 0, 1
693791, 1, 1
693870, 0, 1
693916, 1, 0
693995, 0, 0
694041, 1, 1
694120, 0, 0
694166, 1, 0
694245, 0, 1
694291, 1, 1
694370, 0, 0
694416, 1, 0
694495, 0, 1
694541, 1, 1
694620, 0, 1
694666, 1, bit 1
694669, 1, 1
694745, 0, 0
694791, 1, 0
694870, 0, 0
694916, 1, 1
694995, 0, 1
695041, 1, 0
695120, 0, bit 1
695120, 0, 0
695166, 1, 0
695245, 0, 1
695291, 1, 1
695370, 0, 0
695416, 1, 0
695495, 0, 1
695541, 1, 1
695620, 0, 1
695666, 1, 0
695745, 0, 0
695791, 1, 1
695870, 0, 0
695916, 1, 0
695995, 0, 1
696041, 1, 1
696120, 0, 0
696166, 1, 0
696245, 0, 1
696291, 1, 1
696370, 0, 1
696416, 1, bit 0
696416, 1, 0
696495, 0, 0
696541, 1, 1
696620, 0, 0
696666, 1, 0
696745, 0, 1
696791, 1, 1
696870, 0, bit 0
696870, 0, 1
696916, 1, 1
696995, 0, 0
697041, 1, 0
697120, 0, 1
697166, 1, 1
697245, 0, 0
697291, 1, 0
697370, 0, 0
697416, 1, 1
697495, 0, 1
697541, 1, 0
697620, 0, 1
697666, 1, 1
697745, 0, 0
697791, 1, 0
697870, 0, 1
697916, 1, 1
697995, 0, 0
698041, 1, 0
698120, 0, 0
698166, 1, bit 0
698166, 1, 0
698245, 0, 1
698291, 1, 1
698370, 0, 1
698416, 1, 0
698496, 0, 0
698541, 1, 1
698621, 0, bit 1
698621, 0, 0
698667, 1, 1
698746, 0, 1
698792, 1, 0
698871, 0, 0
698917, 1, 1
698996, 0, 1
699042, 1, 0
699121, 0, 1
699167, 1, 1
699246, 0, 0
699292, 1, 0
699371, 0, 0
699417, 1, 1
699496, 0, 1
699542, 1, 0
699621, 0, 0
699667, 1, 1
699746, 0, 1
699792, 1, 0
699871, 0, 1
699917, 1, bit 1
699917, 1, 1
699996, 0, 0
700042, 1, 0
700121, 0, 0
700167, 1, 1
700246, 0, 1
700292, 1, 0
700371, 0, bit 1
700371, 0, 0
700417, 1, 0
700496, 0, 1
700542, 1, 1
700621, 0, 0
700667, 1, 0
700746, 0, 1
700792, 1, 1
700871, 0, 1
700917, 1, 0
700996, 0, 0
701042, 1, 1
701121, 0, 0
701167, 1, 0
701246, 0, 1
701292, 1, 1
701371, 0, 0
701417, 1, 0
701496, 0, 1
701542, 1, 1
701621, 0, 1
701667, 1, bit 1
701667, 1, 1
701746, 0, 0
701792, 1, 0
701871, 0, 0
701917, 1, 1
701996, 0, 1
702042, 1, 0
702121, 0, bit 1
702121, 0, 0
702167, 1, 0
702246, 0, 1
702292, 1, 1
702371, 0, 0
702417, 1, 0
702496, 0, 1
702542, 1, 1
702621, 0, 1
702667, 1, 0
702746, 0, 0
702792, 1, 1
702871, 0, 0
702917, 1, 0
702996, 0, 1
703042, 1, 1
703121, 0, 0
703167, 1, 0
703246, 0, 1
703292, 1, 1
703371, 0, 1
703417, 1, bit 0
703417, 1, 0
703496, 0, 0
703542, 1, 1
703621, 0, 0
703667, 1, 0
703746, 0, 1
703792, 1, 1
703872, 0, bit 0
703872, 0, 1
703917, 1, 1
703997, 0, 0
704043, 1, 0
704122, 0, 1
704168, 1, 1
704247, 0, 0
704293, 1, 0
704372, 0, 0
704418, 1, 1
704497, 0, 1
704543, 1, 0
704622, 0, 1
704668, 1, 1
704747, 0, 0
704793, 1, 0
704872, 0, 1
704918, 1, 1
704997, 0, 0
705043, 1, 0
705122, 0, 0
705168, 1, bit 1
705168, 1, 1
705247, 0, 1
705293, 1, 0
705372, 0, 1
705418, 1, 1
705497, 0, 0
705543, 1, 0
705622, 0, bit 0
705622, 0, 1
705668, 1, 0
705747, 0, 0
705793, 1, 1
705872, 0, 1
705918, 1, 0
705997, 0, 0
706043, 1, 1
706122, 0, 0
706168, 1, 0
706247, 0, 1
706293, 1, 1
706372, 0, 1
706418, 1, 0
706497, 0, 0
706543, 1, 1
706622, 0, 1
706668, 1, 0
706747, 0, 0
706793, 1, 1
706872, 0, 0
706918, 1, bit 0
706918, 1, 0
706997, 0, 1
707043, 1, 1
707122, 0, 1
707168, 1, 0
707247, 0, 0
707293, 1, 1
707372, 0, bit 1
707372, 0, 0
707418, 1, 1
707497, 0, 1
707543, 1, 0
707622, 0, 0
707668, 1, 1
707747, 0, 1
707793, 1, 0
707872, 0, 1
707918, 1, 1
707997, 0, 0
708043, 1, 0
708122, 0, 0
708168, 1, 1
708247, 0, 1
708293, 1, 0
708372, 0, 0
708418, 1, 1
708497, 0, 1
708543, 1, 0
708622, 0, 1
708668, 1, bit 0
708668, 1, 0
708747, 0, 0
708793, 1, 1
708872, 0, 0
708918, 1, 0
708997, 0, 1
709043, 1, 1
709168, 1, 1
709293, 1, 0
709419, 1, 1
709544, 1, 0
709669, 1, 1
709794, 1, 0
709919, 1, 1
710044, 1, 0
710169, 1, 1
710294, 1, 0
710419, 1, bit 1
710419, 1, 1
710544, 1, 0
710669, 1, 1
710794, 1, 0
710919, 1, 0
711044, 1, 1
711169, 1, 0
711294, 1, 1
711419, 1, 0
711544, 1, 1
711669, 1, 0
711794, 1, 1
711919, 1, 0
712044, 1, 1
712169, 1, bit 0
712169, 1, 0
712294, 1, 1
712419, 1, 0
712544, 1, 1
712669, 1, 1
712794, 1, 0
712919, 1, 1
713044, 1, 0
713169, 1, 1
713294, 1, 0
713419, 1, 1
713544, 1, 0
713669, 1, 1
713794, 1, 0
713919, 1, bit 0
713919, 1, 0
714044, 1, 1
714169, 1, 0
714294, 1, 1
714419, 1, 1
714544, 1, 0
714669, 1, 1
714795, 1, 0
714920, 1, 1
715045, 1, 0
715170, 1, 1
715295, 1, 0
715420, 1, 1
715545, 1, 0
715670, 1, bit 0
715670, 1, 0
715795, 1, 1
715920, 1, 0
716045, 1, 1
716170, 1, 1
716295, 1, 0
716420, 1, 1
716545, 1, 0
716670, 1, 1
716795, 1, 0
716920, 1, 1
717045, 1, 0
717170, 1, 1
717295, 1, 0
717420, 1, bit 1
717420, 1, 1
717545, 1, 0
717670, 1, 1
717795, 1, 0
717920, 1, 0
718045, 1, 1
718170, 1, 0
718295, 1, 1
718420, 1, 0
718545, 1, 1
718670, 1, 0
718795, 1, 1
718920, 1, 0
719045, 1, 1
719170, 1, bit 0
719170, 1, 0
719295, 1, 1
719420, 1, 0
719545, 1, 1
719670, 1, 1
719795, 1, 0
719920, 1, 1
720045, 1, 0
720171, 1, 1
720296, 1, 0
720421, 1, 1
720546, 1, 0
720671, 1, 1
720796, 1, 0
720921, 1, bit 1
720921, 1, 1
721046, 1, 0
721171, 1, 1
721296, 1, 0
721421, 1, 0
721546, 1, 1
721671, 1, 0
721796, 1, 1
721921, 1, 0
722046, 1, 1
722171, 1, 0
722296, 1, 1
722421, 1, 0
722546, 1, 1
722671, 1, bit 0
722671, 1, 0
722796, 1, 1
722921, 1, 0
723046, 1, 1
723171, 1, 1
723296, 1, 0
723421, 1, 1
723546, 1, 0
723671, 1, 1
723796, 1, 0
723921, 1, 1
724046, 1, 0
724171, 1, 1
724296, 1, 0
