125 60 4 14 16
(2, 20, 7, 10.00), (code 0)
(3, 258, 1, 10.00), (code 2)
(4, 496, 5, 10.00), (code 1)
(5, 734, 9, 10.00), (code 5)
START
984715, 0, prem 1
984715, 0, 1
984840, 0, 1
984965, 0, 1
985090, 0, 1
985216, 0, 1
985341, 0, 1
985466, 0, 1
985591, 0, 1
985716, 0, 1
985841, 0, 1
985966, 0, 1
986091, 0, 1
986216, 0, 1
986341, 0, 1
986466, 0, 1
986591, 0, 1
986716, 0, prem 1
986716, 0, 1
986841, 0, 1
986966, 0, 1
987091, 0, 1
987216, 0, 1
987341, 0, 1
987466, 0, 1
987591, 0, 1
987716, 0, 1
987841, 0, 1
987966, 0, 1
988091, 0, 1
988216, 0, 1
988341, 0, 1
988466, 0, 1
988591, 0, 1
988716, 0, prem 1
988716, 0, 1
988841, 0, 1
988966, 0, 1
989091, 0, 1
989216, 0, 1
989341, 0, 1
989466, 0, 1
989591, 0, 1
989716, 0, 1
989841, 0, 1
989966, 0, 1
990091, 0, 1
990216, 0, 1
990341, 0, 1
990466, 0, 1
990592, 0, 1
990717, 0, prem 0
990717, 0, 0
990842, 0, 0
990967, 0, 0
991092, 0, 0
991217, 0, 0
991342, 0, 0
991467, 0, 0
991592, 0, 0
991717, 0, 0
991842, 0, 0
991967, 0, 0
992092, 0, 0
992217, 0, 0
992342, 0, 0
992467, 0, 0
992592, 0, 0
992717, 0, prem 0
992717, 0, 0
992842, 0, 0
992967, 0, 0
993092, 0, 0
993217, 0, 0
993342, 0, 0
993467, 0, 0
993592, 0, 0
993717, 0, 0
993842, 0, 0
993967, 0, 0
994092, 0, 0
994217, 0, 0
994342, 0, 0
994467, 0, 0
994592, 0, 0
994717, 0, prem 0
994717, 0, 0
994842, 0, 0
994967, 0, 0
995092, 0, 0
995217, 0, 0
995342, 0, 0
995467, 0, 0
995592, 0, 0
995717, 0, 0
995842, 0, 0
995968, 0, 0
996093, 0, 0
996218, 0, 0
996343, 0, 0
996468, 0, 0
996593, 0, 0
996718, 0, prem 0
996718, 0, 0
996843, 0, 0
996968, 0, 0
997093, 0, 0
997218, 0, 0
997343, 0, 0
997468, 0, 0
997593, 0, 0
997718, 0, 0
997843, 0, 0
997968, 0, 0
998093, 0, 0
998218, 0, 0
998343, 0, 0
998468, 0, 0
998593, 0, 0
998718, 0, prem 0
998718, 0, 0
998843, 0, 0
998968, 0, 0
999093, 0, 0
999218, 0, 0
999343, 0, 0
999468, 0, 0
999593, 0, 0
999718, 0, 0
999843, 0, 0
999968, 0, 0
1000093, 0, 0
1000218, 0, 0
1000343, 0, 0
1000468, 0, 0
1000593, 0, 0
1000718, 0, prem 1
1000718, 0, 1
1000843, 0, 1
1000968, 0, 1
1001093, 0, 1
1001218, 0, 1
1001344, 0, 1
1001469, 0, 1
1001594, 0, 1
1001719, 0, 1
1001844, 0, 1
1001969, 0, 1
1002094, 0, 1
1002219, 0, 1
1002344, 0, 1
1002469, 0, 1
1002594, 0, 1
1002719, 0, prem 0
1002719, 0, 0
1002844, 0, 0
1002969, 0, 0
1003094, 0, 0
1003219, 0, 0
1003344, 0, 0
1003469, 0, 0
1003594, 0, 0
1003719, 0, 0
1003844, 0, 0
1003969, 0, 0
1004094, 0, 0
1004219, 0, 0
1004344, 0, 0
1004469, 0, 0
1004594, 0, 0
1004719, 0, prem 0
1004719, 0, 0
1004844, 0, 0
1004969, 0, 0
1005094, 0, 0
1005219, 0, 0
1005344, 0, 0
1005469, 0, 0
1005594, 0, 0
1005719, 0, 0
1005844, 0, 0
1005969, 0, 0
1006094, 0, 0
1006219, 0, 0
1006344, 0, 0
1006469, 0, 0
1006594, 0, 0
1006720, 0, prem 0
1006720, 0, 0
1006845, 0, 0
1006970, 0, 0
1007095, 0, 0
1007220, 0, 0
1007345, 0, 0
1007470, 0, 0
1007595, 0, 0
1007720, 0, 0
1007845, 0, 0
1007970, 0, 0
1008095, 0, 0
1008220, 0, 0
1008345, 0, 0
1008470, 0, 0
1008595, 0, 0
1008720, 0, prem 0
1008720, 0, 0
1008845, 0, 0
1008970, 0, 0
1009095, 0, 0
1009220, 0, 0
1009345, 0, 0
1009470, 0, 0
1009595, 0, 0
1009720, 0, 0
1009845, 0, 0
1009970, 0, 0
1010095, 0, 0
1010220, 0, 0
1010345, 0, 0
1010470, 0, 0
1010595, 0, 0
1010720, 0, prem 0
1010720, 0, 0
1010845, 0, 0
1010970, 0, 0
1011095, 0, 0
1011220, 0, 0
1011345, 0, 0
1011470, 0, 0
1011595, 0, 0
1011720, 0, 0
1011845, 0, 0
1011970, 0, 0
1012096, 0, 0
1012221, 0, 0
1012346, 0, 0
1012471, 0, 0
1012596, 0, 0
1012721, 0, bit 1
1012721, 0, 1
1012846, 0, 1
1012971, 0, 1
1013096, 0, 0
1013221, 0, 0
1013346, 0, 0
1013471, 0, 0
1013596, 0, 0
1013721, 0, 1
1013725, 1, prem 1
1013725, 1, 1
1013846, 0, 0
1013850, 1, 1
1013971, 0, 0
1013975, 1, 1
1014096, 0, 0
1014100, 1, 1
1014221, 0, 0
1014225, 1, 1
1014346, 0, 0
1014350, 1, 1
1014471, 0, bit 1
1014471, 0, 1
1014475, 1, 1
1014596, 0, 1
1014600, 1, 1
1014721, 0, 1
1014725, 1, 1
1014846, 0, 0
1014850, 1, 1
1014971, 0, 0
1014975, 1, 1
1015096, 0, 0
1015100, 1, 1
1015221, 0, 0
1015225, 1, 1
1015346, 0, 0
1015350, 1, 1
1015471, 0, 1
1015475, 1, 1
1015596, 0, 0
1015600, 1, 1
1015721, 0, 0
1015725, 1, prem 1
1015725, 1, 1
1015846, 0, 0
1015851, 1, 1
1015971, 0, 0
1015976, 1, 1
1016096, 0, 0
1016101, 1, 1
1016221, 0, bit 0
1016221, 0, 0
1016226, 1, 1
1016346, 0, 0
1016351, 1, 1
1016471, 0, 0
1016476, 1, 1
1016596, 0, 1
1016601, 1, 1
1016721, 0, 1
1016726, 1, 1
1016846, 0, 1
1016851, 1, 1
1016971, 0, 1
1016976, 1, 1
1017096, 0, 1
1017101, 1, 1
1017221, 0, 0
1017226, 1, 1
1017346, 0, 1
1017351, 1, 1
1017472, 0, 1
1017476, 1, 1
1017597, 0, 1
1017601, 1, 1
1017722, 0, 1
1017726, 1, prem 0
1017726, 1, 0
1017847, 0, 1
1017851, 1, 0
1017972, 0, bit 1
1017972, 0, 1
1017976, 1, 0
1018097, 0, 1
1018101, 1, 0
1018222, 0, 1
1018226, 1, 0
1018347, 0, 0
1018351, 1, 0
1018472, 0, 0
1018476, 1, 0
1018597, 0, 0
1018601, 1, 0
1018722, 0, 0
1018726, 1, 0
1018847, 0, 0
1018851, 1, 0
1018972, 0, 1
1018976, 1, 0
1019097, 0, 0
1019101, 1, 0
1019222, 0, 0
1019226, 1, 0
1019347, 0, 0
1019351, 1, 0
1019472, 0, 0
1019476, 1, 0
1019597, 0, 0
1019601, 1, 0
1019722, 0, bit 1
1019722, 0, 1
1019726, 1, prem 0
1019726, 1, 0
1019847, 0, 1
1019851, 1, 0
1019972, 0, 1
1019976, 1, 0
1020097, 0, 0
1020101, 1, 0
1020222, 0, 0
1020226, 1, 0
1020347, 0, 0
1020351, 1, 0
1020472, 0, 0
1020476, 1, 0
1020597, 0, 0
1020601, 1, 0
1020722, 0, 1
1020726, 1, 0
1020847, 0, 0
1020851, 1, 0
1020972, 0, 0
1020976, 1, 0
1021097, 0, 0
1021101, 1, 0
1021222, 0, 0
1021227, 1, 0
1021347, 0, 0
1021352, 1, 0
1021472, 0, bit 0
1021472, 0, 0
1021477, 1, 0
1021597, 0, 0
1021602, 1, 0
1021722, 0, 0
1021727, 1, prem 1
1021727, 1, 1
1021847, 0, 1
1021852, 1, 1
1021972, 0, 1
1021977, 1, 1
1022097, 0, 1
1022102, 1, 1
1022222, 0, 1
1022227, 1, 1
1022347, 0, 1
1022352, 1, 1
1022472, 0, 0
1022477, 1, 1
1022597, 0, 1
1022602, 1, 1
1022722, 0, 1
1022727, 1, 1
1022848, 0, 1
1022852, 1, 1
1022973, 0, 1
1022977, 1, 1
1023098, 0, 1
1023102, 1, 1
1023223, 0, bit 0
1023223, 0, 0
1023227, 1, 1
1023348, 0, 0
1023352, 1, 1
1023473, 0, 0
1023477, 1, 1
1023598, 0, 1
1023602, 1, 1
1023723, 0, 1
1023727, 1, prem 1
1023727, 1, 1
1023848, 0, 1
1023852, 1, 1
1023973, 0, 1
1023977, 1, 1
1024098, 0, 1
1024102, 1, 1
1024223, 0, 0
1024227, 1, 1
1024348, 0, 1
1024352, 1, 1
1024473, 0, 1
1024477, 1, 1
1024598, 0, 1
1024602, 1, 1
1024723, 0, 1
1024727, 1, 1
1024848, 0, 1
1024852, 1, 1
1024973, 0, bit 1
1024973, 0, 1
1024977, 1, 1
1025098, 0, 1
1025102, 1, 1
1025223, 0, 1
1025227, 1, 1
1025348, 0, 0
1025352, 1, 1
1025473, 0, 0
1025477, 1, 1
1025598, 0, 0
1025602, 1, 1
1025723, 0, 0
1025727, 1, prem 0
1025727, 1, 0
1025848, 0, 0
1025852, 1, 0
1025973, 0, 1
1025977, 1, 0
1026098, 0, 0
1026102, 1, 0
1026223, 0, 0
1026227, 1, 0
1026348, 0, 0
1026352, 1, 0
1026473, 0, 0
1026477, 1, 0
1026598, 0, 0
1026603, 1, 0
1026723, 0, bit 0
1026723, 0, 0
1026728, 1, 0
1026848, 0, 0
1026853, 1, 0
1026973, 0, 0
1026978, 1, 0
1027098, 0, 1
1027103, 1, 0
1027223, 0, 1
1027228, 1, 0
1027348, 0, 1
1027353, 1, 0
1027473, 0, 1
1027478, 1, 0
1027598, 0, 1
1027603, 1, 0
1027723, 0, 0
1027728, 1, prem 0
1027728, 1, 0
1027848, 0, 1
1027853, 1, 0
1027973, 0, 1
1027978, 1, 0
1028098, 0, 1
1028103, 1, 0
1028224, 0, 1
1028228, 1, 0
1028349, 0, 1
1028353, 1, 0
1028474, 0, bit 0
1028474, 0, 0
1028478, 1, 0
1028599, 0, 0
1028603, 1, 0
1028724, 0, 0
1028728, 1, 0
1028849, 0, 1
1028853, 1, 0
1028974, 0, 1
1028978, 1, 0
1029099, 0, 1
1029103, 1, 0
1029224, 0, 1
1029228, 1, 0
1029349, 0, 1
1029353, 1, 0
1029474, 0, 0
1029478, 1, 0
1029599, 0, 1
1029603, 1, 0
1029724, 0, 1
1029728, 1, prem 0
1029728, 1, 0
1029849, 0, 1
1029853, 1, 0
1029974, 0, 1
1029978, 1, 0
1030099, 0, 1
1030103, 1, 0
1030224, 0, bit 0
1030224, 0, 0
1030228, 1, 0
1030349, 0, 0
1030353, 1, 0
1030474, 0, 0
1030478, 1, 0
1030599, 0, 1
1030603, 1, 0
1030724, 0, 1
1030728, 1, 0
1030849, 0, 1
1030853, 1, 0
1030974, 0, 1
1030978, 1, 0
1031099, 0, 1
1031103, 1, 0
1031224, 0, 0
1031228, 1, 0
1031349, 0, 1
1031353, 1, 0
1031474, 0, 1
1031478, 1, 0
1031599, 0, 1
1031603, 1, 0
1031724, 0, 1
1031728, 1, prem 0
1031728, 1, 0
1031849, 0, 1
1031853, 1, 0
1031974, 0, bit 0
1031974, 0, 0
1031979, 1, 0
1032099, 0, 0
1032104, 1, 0
1032224, 0, 0
1032229, 1, 0
1032349, 0, 1
1032354, 1, 0
1032474, 0, 1
1032479, 1, 0
1032599, 0, 1
1032604, 1, 0
1032724, 0, 1
1032729, 1, 0
1032849, 0, 1
1032854, 1, 0
1032974, 0, 0
1032979, 1, 0
1033099, 0, 1
1033104, 1, 0
1033224, 0, 1
1033229, 1, 0
1033349, 0, 1
1033354, 1, 0
1033474, 0, 1
1033479, 1, 0
1033600, 0, 1
1033604, 1, 0
1033725, 0, bit 1
1033725, 0, 1
1033729, 1, prem 0
1033729, 1, 0
1033850, 0, 1
1033854, 1, 0
1033975, 0, 1
1033979, 1, 0
1034100, 0, 0
1034104, 1, 0
1034225, 0, 0
1034229, 1, 0
1034350, 0, 0
1034354, 1, 0
1034475, 0, 0
1034479, 1, 0
1034600, 0, 0
1034604, 1, 0
1034725, 0, 1
1034729, 1, 0
1034850, 0, 0
1034854, 1, 0
1034975, 0, 0
1034979, 1, 0
1035100, 0, 0
1035104, 1, 0
1035225, 0, 0
1035229, 1, 0
1035350, 0, 0
1035354, 1, 0
1035475, 0, bit 1
1035475, 0, 1
1035479, 1, 0
1035600, 0, 1
1035604, 1, 0
1035725, 0, 1
1035729, 1, prem 0
1035729, 1, 0
1035850, 0, 0
1035854, 1, 0
1035975, 0, 0
1035979, 1, 0
1036100, 0, 0
1036104, 1, 0
1036225, 0, 0
1036229, 1, 0
1036350, 0, 0
1036354, 1, 0
1036475, 0, 1
1036479, 1, 0
1036600, 0, 0
1036604, 1, 0
1036725, 0, 0
1036729, 1, 0
1036850, 0, 0
1036854, 1, 0
1036975, 0, 0
1036979, 1, 0
1037100, 0, 0
1037104, 1, 0
1037225, 0, bit 1
1037225, 0, 1
1037229, 1, 0
1037350, 0, 1
1037355, 1, 0
1037475, 0, 1
1037480, 1, 0
1037600, 0, 0
1037605, 1, 0
1037725, 0, 0
1037730, 1, prem 0
1037730, 1, 0
1037850, 0, 0
1037855, 1, 0
1037975, 0, 0
1037980, 1, 0
1038100, 0, 0
1038105, 1, 0
1038225, 0, 1
1038230, 1, 0
1038350, 0, 0
1038355, 1, 0
1038475, 0, 0
1038480, 1, 0
1038600, 0, 0
1038605, 1, 0
1038725, 0, 0
1038730, 1, 0
1038850, 0, 0
1038855, 1, 0
1038976, 0, bit 0
1038976, 0, 0
1038980, 1, 0
1039101, 0, 0
1039105, 1, 0
1039226, 0, 0
1039230, 1, 0
1039351, 0, 1
1039355, 1, 0
1039476, 0, 1
1039480, 1, 0
1039601, 0, 1
1039605, 1, 0
1039726, 0, 1
1039730, 1, prem 0
1039730, 1, 0
1039851, 0, 1
1039855, 1, 0
1039976, 0, 0
1039980, 1, 0
1040101, 0, 1
1040105, 1, 0
1040226, 0, 1
1040230, 1, 0
1040351, 0, 1
1040355, 1, 0
1040476, 0, 1
1040480, 1, 0
1040601, 0, 1
1040605, 1, 0
1040726, 0, bit 1
1040726, 0, 1
1040730, 1, 0
1040851, 0, 1
1040855, 1, 0
1040976, 0, 1
1040980, 1, 0
1041101, 0, 0
1041105, 1, 0
1041226, 0, 0
1041230, 1, 0
1041351, 0, 0
1041355, 1, 0
1041476, 0, 0
1041480, 1, 0
1041601, 0, 0
1041605, 1, 0
1041726, 0, 1
1041730, 1, bit 1
1041730, 1, 1
1041851, 0, 0
1041855, 1, 1
1041976, 0, 0
1041980, 1, 0
1042101, 0, 0
1042105, 1, 0
1042226, 0, 0
1042230, 1, 1
1042351, 0, 0
1042355, 1, 1
1042476, 0, bit 1
1042476, 0, 1
1042480, 1, 0
1042601, 0, 1
1042605, 1, 0
1042726, 0, 1
1042731, 1, 0
1042851, 0, 0
1042856, 1, 0
1042976, 0, 0
1042981, 1, 0
1043101, 0, 0
1043106, 1, 0
1043226, 0, 0
1043231, 1, 0
1043351, 0, 0
1043356, 1, 0
1043476, 0, 1
1043481, 1, bit 0
1043481, 1, 0
1043601, 0, 0
1043606, 1, 0
1043726, 0, 0
1043731, 1, 1
1043851, 0, 0
1043856, 1, 1
1043976, 0, 0
1043981, 1, 0
1043985, 2, prem 1
1043985, 2, 1
1044101, 0, 0
1044106, 1, 0
1044110, 2, 1
1044226, 0, bit 0
1044226, 0, 0
1044231, 1, 1
1044235, 2, 1
1044352, 0, 0
1044356, 1, 1
1044360, 2, 1
1044477, 0, 0
1044481, 1, 1
1044485, 2, 1
1044602, 0, 1
1044606, 1, 1
1044610, 2, 1
1044727, 0, 1
1044731, 1, 1
1044736, 2, 1
1044852, 0, 1
1044856, 1, 1
1044861, 2, 1
1044977, 0, 1
1044981, 1, 1
1044986, 2, 1
1045102, 0, 1
1045106, 1, 1
1045111, 2, 1
1045227, 0, 0
1045231, 1, bit 1
1045231, 1, 1
1045236, 2, 1
1045352, 0, 1
1045356, 1, 1
1045361, 2, 1
1045477, 0, 1
1045481, 1, 0
1045486, 2, 1
1045602, 0, 1
1045606, 1, 0
1045611, 2, 1
1045727, 0, 1
1045731, 1, 1
1045736, 2, 1
1045852, 0, 1
1045856, 1, 1
1045861, 2, 1
1045977, 0, bit 0
1045977, 0, 0
1045981, 1, 0
1045986, 2, prem 1
1045986, 2, 1
1046102, 0, 0
1046106, 1, 0
1046111, 2, 1
1046227, 0, 0
1046231, 1, 0
1046236, 2, 1
1046352, 0, 1
1046356, 1, 0
1046361, 2, 1
1046477, 0, 1
1046481, 1, 0
1046486, 2, 1
1046602, 0, 1
1046606, 1, 0
1046611, 2, 1
1046727, 0, 1
1046731, 1, 0
1046736, 2, 1
1046852, 0, 1
1046856, 1, 0
1046861, 2, 1
1046977, 0, 0
1046981, 1, bit 1
1046981, 1, 1
1046986, 2, 1
1047102, 0, 1
1047106, 1, 1
1047111, 2, 1
1047227, 0, 1
1047231, 1, 0
1047236, 2, 1
1047352, 0, 1
1047356, 1, 0
1047361, 2, 1
1047477, 0, 1
1047481, 1, 1
1047486, 2, 1
1047602, 0, 1
1047606, 1, 1
1047611, 2, 1
1047727, 0, bit 0
1047727, 0, 0
1047731, 1, 0
1047736, 2, 1
1047852, 0, 0
1047856, 1, 0
1047861, 2, 1
1047977, 0, 0
1047981, 1, 0
1047986, 2, prem 0
1047989, 2, 0
1048102, 0, 1
1048107, 1, 0
1048111, 2, 0
1048227, 0, 1
1048232, 1, 0
1048236, 2, 0
1048352, 0, 1
1048357, 1, 0
1048361, 2, 0
1048477, 0, 1
1048482, 1, 0
1048486, 2, 0
1048602, 0, 1
1048607, 1, 0
1048611, 2, 0
1048727, 0, 0
1048732, 1, bit 0
1048732, 1, 0
1048736, 2, 0
1048852, 0, 1
1048857, 1, 0
1048861, 2, 0
1048977, 0, 1
1048982, 1, 1
1048986, 2, 0
1049102, 0, 1
1049107, 1, 1
1049111, 2, 0
1049227, 0, 1
1049232, 1, 0
1049236, 2, 0
1049352, 0, 1
1049357, 1, 0
1049361, 2, 0
1049477, 0, bit 1
1049477, 0, 1
1049482, 1, 1
1049486, 2, 0
1049602, 0, 1
1049607, 1, 1
1049611, 2, 0
1049728, 0, 1
1049732, 1, 1
1049736, 2, 0
1049853, 0, 0
1049857, 1, 1
1049861, 2, 0
1049978, 0, 0
1049982, 1, 1
1049986, 2, prem 1
1049986, 2, 1
1050103, 0, 0
1050107, 1, 1
1050112, 2, 1
1050228, 0, 0
1050232, 1, 1
1050237, 2, 1
1050353, 0, 0
1050357, 1, 1
1050362, 2, 1
1050478, 0, 1
1050482, 1, bit 1
1050482, 1, 1
1050487, 2, 1
1050603, 0, 0
1050607, 1, 1
1050612, 2, 1
1050728, 0, 0
1050732, 1, 0
1050737, 2, 1
1050853, 0, 0
1050857, 1, 0
1050862, 2, 1
1050978, 0, 0
1050982, 1, 1
1050987, 2, 1
1051103, 0, 0
1051107, 1, 1
1051112, 2, 1
1051228, 0, bit 0
1051228, 0, 0
1051232, 1, 0
1051237, 2, 1
1051353, 0, 0
1051357, 1, 0
1051362, 2, 1
1051478, 0, 0
1051482, 1, 0
1051487, 2, 1
1051603, 0, 1
1051607, 1, 0
1051612, 2, 1
1051728, 0, 1
1051732, 1, 0
1051737, 2, 1
1051853, 0, 1
1051857, 1, 0
1051862, 2, 1
1051978, 0, 1
1051982, 1, 0
1051987, 2, prem 0
1051987, 2, 0
1052103, 0, 1
1052107, 1, 0
1052112, 2, 0
1052228, 0, 0
1052232, 1, bit 0
1052232, 1, 0
1052237, 2, 0
1052353, 0, 1
1052357, 1, 0
1052362, 2, 0
1052478, 0, 1
1052482, 1, 1
1052487, 2, 0
1052603, 0, 1
1052607, 1, 1
1052612, 2, 0
1052728, 0, 1
1052732, 1, 0
1052737, 2, 0
1052853, 0, 1
1052857, 1, 0
1052862, 2, 0
1052978, 0, bit 1
1052978, 0, 1
1052982, 1, 1
1052987, 2, 0
1053103, 0, 1
1053107, 1, 1
1053112, 2, 0
1053228, 0, 1
1053232, 1, 1
1053237, 2, 0
1053353, 0, 0
1053357, 1, 1
1053362, 2, 0
1053478, 0, 0
1053483, 1, 1
1053487, 2, 0
1053603, 0, 0
1053608, 1, 1
1053612, 2, 0
1053728, 0, 0
1053733, 1, 1
1053737, 2, 0
1053853, 0, 0
1053858, 1, 1
1053862, 2, 0
1053978, 0, 1
1053983, 1, bit 0
1053983, 1, 0
1053987, 2, prem 0
1053987, 2, 0
1054103, 0, 0
1054108, 1, 0
1054112, 2, 0
1054228, 0, 0
1054233, 1, 1
1054237, 2, 0
1054353, 0, 0
1054358, 1, 1
1054362, 2, 0
1054478, 0, 0
1054483, 1, 0
1054487, 2, 0
1054603, 0, 0
1054608, 1, 0
1054612, 2, 0
1054728, 0, bit 1
1054728, 0, 1
1054733, 1, 1
1054737, 2, 0
1054853, 0, 1
1054858, 1, 1
1054862, 2, 0
1054978, 0, 1
1054983, 1, 1
1054987, 2, 0
1055104, 0, 0
1055108, 1, 1
1055112, 2, 0
1055229, 0, 0
1055233, 1, 1
1055237, 2, 0
1055354, 0, 0
1055358, 1, 1
1055362, 2, 0
1055479, 0, 0
1055483, 1, 1
1055488, 2, 0
1055604, 0, 0
1055608, 1, 1
1055613, 2, 0
1055729, 0, 1
1055733, 1, bit 1
1055733, 1, 1
1055738, 2, 0
1055854, 0, 0
1055858, 1, 1
1055863, 2, 0
1055979, 0, 0
1055983, 1, 0
1055988, 2, prem 0
1055988, 2, 0
1056104, 0, 0
1056108, 1, 0
1056113, 2, 0
1056229, 0, 0
1056233, 1, 1
1056238, 2, 0
1056354, 0, 0
1056358, 1, 1
1056363, 2, 0
1056479, 0, bit 0
1056479, 0, 0
1056483, 1, 0
1056488, 2, 0
1056604, 0, 0
1056608, 1, 0
1056613, 2, 0
1056729, 0, 0
1056733, 1, 0
1056738, 2, 0
1056854, 0, 1
1056858, 1, 0
1056863, 2, 0
1056979, 0, 1
1056983, 1, 0
1056988, 2, 0
1057104, 0, 1
1057108, 1, 0
1057113, 2, 0
1057229, 0, 1
1057233, 1, 0
1057238, 2, 0
1057354, 0, 1
1057358, 1, 0
1057363, 2, 0
1057479, 0, 0
1057483, 1, bit 0
1057483, 1, 0
1057488, 2, 0
1057604, 0, 1
1057608, 1, 0
1057613, 2, 0
1057729, 0, 1
1057733, 1, 1
1057738, 2, 0
1057854, 0, 1
1057858, 1, 1
1057863, 2, 0
1057979, 0, 1
1057983, 1, 0
1057988, 2, prem 0
1057988, 2, 0
1058104, 0, 1
1058108, 1, 0
1058113, 2, 0
1058229, 0, bit 1
1058229, 0, 1
1058233, 1, 1
1058238, 2, 0
1058354, 0, 1
1058358, 1, 1
1058363, 2, 0
1058479, 0, 1
1058483, 1, 1
1058488, 2, 0
1058604, 0, 0
1058608, 1, 1
1058613, 2, 0
1058729, 0, 0
1058733, 1, 1
1058738, 2, 0
1058854, 0, 0
1058859, 1, 1
1058863, 2, 0
1058979, 0, 0
1058984, 1, 1
1058988, 2, 0
1059104, 0, 0
1059109, 1, 1
1059113, 2, 0
1059229, 0, 1
1059234, 1, bit 0
1059234, 1, 0
1059238, 2, 0
1059354, 0, 0
1059359, 1, 0
1059363, 2, 0
1059479, 0, 0
1059484, 1, 1
1059488, 2, 0
1059604, 0, 0
1059609, 1, 1
1059613, 2, 0
1059729, 0, 0
1059734, 1, 0
1059738, 2, 0
1059854, 0, 0
1059859, 1, 0
1059863, 2, 0
1059979, 0, bit 0
1059979, 0, 0
1059984, 1, 1
1059988, 2, prem 0
1059988, 2, 0
1060104, 0, 0
1060109, 1, 1
1060113, 2, 0
1060229, 0, 0
1060234, 1, 1
1060238, 2, 0
1060354, 0, 1
1060359, 1, 1
1060363, 2, 0
1060480, 0, 1
1060484, 1, 1
1060488, 2, 0
1060605, 0, 1
1060609, 1, 1
1060613, 2, 0
1060730, 0, 1
1060734, 1, 1
1060738, 2, 0
1060855, 0, 1
1060859, 1, 1
1060864, 2, 0
1060980, 0, 0
1060984, 1, bit 1
1060984, 1, 1
1060989, 2, 0
1061105, 0, 1
1061109, 1, 1
1061114, 2, 0
1061230, 0, 1
1061234, 1, 0
1061239, 2, 0
1061355, 0, 1
1061359, 1, 0
1061364, 2, 0
1061480, 0, 1
1061484, 1, 1
1061489, 2, 0
1061605, 0, 1
1061609, 1, 1
1061614, 2, 0
1061730, 0, bit 1
1061730, 0, 1
1061734, 1, 0
1061739, 2, 0
1061855, 0, 1
1061859, 1, 0
1061864, 2, 0
1061980, 0, 1
1061984, 1, 0
1061989, 2, prem 0
1061989, 2, 0
1062105, 0, 0
1062109, 1, 0
1062114, 2, 0
1062230, 0, 0
1062234, 1, 0
1062239, 2, 0
1062355, 0, 0
1062359, 1, 0
1062364, 2, 0
1062480, 0, 0
1062484, 1, 0
1062489, 2, 0
1062605, 0, 0
1062609, 1, 0
1062614, 2, 0
1062730, 0, 1
1062734, 1, bit 0
1062734, 1, 0
1062739, 2, 0
1062855, 0, 0
1062859, 1, 0
1062864, 2, 0
1062980, 0, 0
1062984, 1, 1
1062989, 2, 0
1063105, 0, 0
1063109, 1, 1
1063114, 2, 0
1063230, 0, 0
1063234, 1, 0
1063239, 2, 0
1063355, 0, 0
1063359, 1, 0
1063364, 2, 0
1063480, 0, bit 1
1063480, 0, 1
1063484, 1, 1
1063489, 2, 0
1063605, 0, 1
1063609, 1, 1
1063614, 2, 0
1063730, 0, 1
1063734, 1, 1
1063739, 2, 0
1063855, 0, 0
1063859, 1, 1
1063864, 2, 0
1063980, 0, 0
1063984, 1, 1
1063989, 2, prem 0
1063989, 2, 0
1064105, 0, 0
1064109, 1, 1
1064114, 2, 0
1064230, 0, 0
1064235, 1, 1
1064239, 2, 0
1064355, 0, 0
1064360, 1, 1
1064364, 2, 0
1064480, 0, 1
1064485, 1, bit 0
1064485, 1, 0
1064489, 2, 0
1064605, 0, 0
1064610, 1, 0
1064614, 2, 0
1064730, 0, 0
1064735, 1, 1
1064739, 2, 0
1064855, 0, 0
1064860, 1, 1
1064864, 2, 0
1064980, 0, 0
1064985, 1, 0
1064989, 2, 0
1065105, 0, 0
1065110, 1, 0
1065114, 2, 0
1065230, 0, bit 0
1065230, 0, 0
1065235, 1, 1
1065239, 2, 0
1065355, 0, 0
1065360, 1, 1
1065364, 2, 0
1065480, 0, 0
1065485, 1, 1
1065489, 2, 0
1065605, 0, 1
1065610, 1, 1
1065614, 2, 0
1065730, 0, 1
1065735, 1, 1
1065739, 2, 0
1065856, 0, 1
1065860, 1, 1
1065864, 2, 0
1065981, 0, 1
1065985, 1, 1
1065989, 2, prem 0
1065989, 2, 0
1066106, 0, 1
1066110, 1, 1
1066114, 2, 0
1066231, 0, 0
1066235, 1, bit 0
1066235, 1, 0
1066240, 2, 0
1066356, 0, 1
1066360, 1, 0
1066365, 2, 0
1066481, 0, 1
1066485, 1, 1
1066490, 2, 0
1066606, 0, 1
1066610, 1, 1
1066615, 2, 0
1066731, 0, 1
1066735, 1, 0
1066740, 2, 0
1066856, 0, 1
1066860, 1, 0
1066865, 2, 0
1066981, 0, bit 1
1066981, 0, 1
1066985, 1, 1
1066990, 2, 0
1067106, 0, 1
1067110, 1, 1
1067115, 2, 0
1067231, 0, 1
1067235, 1, 1
1067240, 2, 0
1067356, 0, 0
1067360, 1, 1
1067365, 2, 0
1067481, 0, 0
1067485, 1, 1
1067490, 2, 0
1067606, 0, 0
1067610, 1, 1
1067615, 2, 0
1067731, 0, 0
1067735, 1, 1
1067740, 2, 0
1067856, 0, 0
1067860, 1, 1
1067865, 2, 0
1067981, 0, 1
1067985, 1, bit 0
1067985, 1, 0
1067990, 2, prem 1
1067990, 2, 1
1068106, 0, 0
1068110, 1, 0
1068115, 2, 1
1068231, 0, 0
1068235, 1, 1
1068240, 2, 1
1068356, 0, 0
1068360, 1, 1
1068365, 2, 1
1068481, 0, 0
1068485, 1, 0
1068490, 2, 1
1068606, 0, 0
1068610, 1, 0
1068615, 2, 1
1068731, 0, bit 0
1068731, 0, 0
1068735, 1, 1
1068740, 2, 1
1068856, 0, 0
1068860, 1, 1
1068865, 2, 1
1068981, 0, 0
1068985, 1, 1
1068990, 2, 1
1069106, 0, 1
1069110, 1, 1
1069115, 2, 1
1069231, 0, 1
1069235, 1, 1
1069240, 2, 1
1069356, 0, 1
1069360, 1, 1
1069365, 2, 1
1069481, 0, 1
1069485, 1, 1
1069490, 2, 1
1069606, 0, 1
1069611, 1, 1
1069615, 2, 1
1069731, 0, 0
1069736, 1, bit 1
1069736, 1, 1
1069740, 2, 1
1069856, 0, 1
1069861, 1, 1
1069865, 2, 1
1069981, 0, 1
1069986, 1, 0
1069990, 2, prem 0
1069990, 2, 0
1070106, 0, 1
1070111, 1, 0
1070115, 2, 0
1070231, 0, 1
1070236, 1, 1
1070240, 2, 0
1070356, 0, 1
1070361, 1, 1
1070365, 2, 0
1070481, 0, bit 1
1070481, 0, 1
1070486, 1, 0
1070490, 2, 0
1070606, 0, 1
1070611, 1, 0
1070615, 2, 0
1070731, 0, 1
1070736, 1, 0
1070740, 2, 0
1070856, 0, 0
1070861, 1, 0
1070865, 2, 0
1070981, 0, 0
1070986, 1, 0
1070990, 2, 0
1071106, 0, 0
1071111, 1, 0
1071115, 2, 0
1071232, 0, 0
1071236, 1, 0
1071240, 2, 0
1071357, 0, 0
1071361, 1, 0
1071365, 2, 0
1071482, 0, 1
1071486, 1, bit 0
1071486, 1, 0
1071490, 2, 0
1071607, 0, 0
1071611, 1, 0
1071616, 2, 0
1071732, 0, 0
1071736, 1, 1
1071741, 2, 0
1071857, 0, 0
1071861, 1, 1
1071866, 2, 0
1071982, 0, 0
1071986, 1, 0
1071991, 2, bit 1
1071991, 2, 1
1072107, 0, 0
1072111, 1, 0
1072116, 2, 1
1072232, 0, bit 0
1072232, 0, 0
1072236, 1, 1
1072241, 2, 0
1072357, 0, 0
1072361, 1, 1
1072366, 2, 1
1072482, 0, 0
1072486, 1, 1
1072491, 2, 0
1072607, 0, 1
1072611, 1, 1
1072616, 2, 0
1072732, 0, 1
1072736, 1, 1
1072741, 2, 0
1072857, 0, 1
1072861, 1, 1
1072866, 2, 0
1072982, 0, 1
1072986, 1, 1
1072991, 2, 0
1073107, 0, 1
1073111, 1, 1
1073116, 2, 0
1073232, 0, 0
1073236, 1, bit 1
1073236, 1, 1
1073241, 2, 0
1073357, 0, 1
1073361, 1, 1
1073366, 2, 0
1073482, 0, 1
1073486, 1, 0
1073491, 2, 1
1073607, 0, 1
1073611, 1, 0
1073616, 2, 0
1073732, 0, 1
1073736, 1, 1
1073741, 2, bit 0
1073741, 2, 0
1073857, 0, 1
1073861, 1, 1
1073866, 2, 0
1073982, 0, bit 1
1073982, 0, 1
1073986, 1, 0
1073991, 2, 1
1074107, 0, 1
1074111, 1, 0
1074116, 2, 0
1074232, 0, 1
1074236, 1, 0
1074241, 2, 1
1074253, 3, prem 1
1074253, 3, 1
1074357, 0, 0
1074361, 1, 0
1074366, 2, 1
1074378, 3, 1
1074482, 0, 0
1074486, 1, 0
1074491, 2, 1
1074503, 3, 1
1074607, 0, 0
1074611, 1, 0
1074616, 2, 1
1074628, 3, 1
1074732, 0, 0
1074736, 1, 0
1074741, 2, 1
1074753, 3, 1
1074857, 0, 0
1074861, 1, 0
1074866, 2, 1
1074878, 3, 1
1074982, 0, 1
1074987, 1, bit 1
1074987, 1, 1
1074991, 2, 1
1075003, 3, 1
1075107, 0, 0
1075112, 1, 1
1075116, 2, 1
1075128, 3, 1
1075232, 0, 0
1075237, 1, 0
1075241, 2, 0
1075253, 3, 1
1075357, 0, 0
1075362, 1, 0
1075366, 2, 1
1075378, 3, 1
1075482, 0, 0
1075487, 1, 1
1075491, 2, bit 0
1075491, 2, 0
1075503, 3, 1
1075607, 0, 0
1075612, 1, 1
1075616, 2, 0
1075628, 3, 1
1075732, 0, bit 1
1075732, 0, 1
1075737, 1, 0
1075741, 2, 1
1075753, 3, 1
1075857, 0, 1
1075862, 1, 0
1075866, 2, 0
1075878, 3, 1
1075982, 0, 1
1075987, 1, 0
1075991, 2, 1
1076003, 3, 1
1076107, 0, 0
1076112, 1, 0
1076116, 2, 1
1076128, 3, 1
1076232, 0, 0
1076237, 1, 0
1076241, 2, 1
1076253, 3, prem 0
1076253, 3, 0
1076357, 0, 0
1076362, 1, 0
1076366, 2, 1
1076378, 3, 0
1076482, 0, 0
1076487, 1, 0
1076491, 2, 1
1076503, 3, 0
1076608, 0, 0
1076612, 1, 0
1076616, 2, 1
1076628, 3, 0
1076733, 0, 1
1076737, 1, bit 1
1076737, 1, 1
1076741, 2, 1
1076753, 3, 0
1076858, 0, 0
1076862, 1, 1
1076866, 2, 1
1076878, 3, 0
1076983, 0, 0
1076987, 1, 0
1076992, 2, 0
1077003, 3, 0
1077108, 0, 0
1077112, 1, 0
1077117, 2, 1
1077128, 3, 0
1077233, 0, 0
1077237, 1, 1
1077242, 2, bit 1
1077242, 2, 1
1077253, 3, 0
1077358, 0, 0
1077362, 1, 1
1077367, 2, 1
1077378, 3, 0
1077483, 0, bit 0
1077483, 0, 0
1077487, 1, 0
1077492, 2, 0
1077504, 3, 0
1077608, 0, 0
1077612, 1, 0
1077617, 2, 1
1077629, 3, 0
1077733, 0, 0
1077737, 1, 0
1077742, 2, 0
1077754, 3, 0
1077858, 0, 1
1077862, 1, 0
1077867, 2, 0
1077879, 3, 0
1077983, 0, 1
1077987, 1, 0
1077992, 2, 0
1078004, 3, 0
1078108, 0, 1
1078112, 1, 0
1078117, 2, 0
1078129, 3, 0
1078233, 0, 1
1078237, 1, 0
1078242, 2, 0
1078254, 3, prem 0
1078254, 3, 0
1078358, 0, 1
1078362, 1, 0
1078367, 2, 0
1078379, 3, 0
1078483, 0, 0
1078487, 1, bit 0
1078487, 1, 0
1078492, 2, 0
1078504, 3, 0
1078608, 0, 1
1078612, 1, 0
1078617, 2, 0
1078629, 3, 0
1078733, 0, 1
1078737, 1, 1
1078742, 2, 1
1078754, 3, 0
1078858, 0, 1
1078862, 1, 1
1078867, 2, 0
1078879, 3, 0
1078983, 0, 1
1078987, 1, 0
1078992, 2, bit 1
1078992, 2, 1
1079004, 3, 0
1079108, 0, 1
1079112, 1, 0
1079117, 2, 1
1079129, 3, 0
1079233, 0, bit 1
1079233, 0, 1
1079237, 1, 1
1079242, 2, 0
1079254, 3, 0
1079358, 0, 1
1079362, 1, 1
1079367, 2, 1
1079379, 3, 0
1079483, 0, 1
1079487, 1, 1
1079492, 2, 0
1079504, 3, 0
1079608, 0, 0
1079612, 1, 1
1079617, 2, 0
1079629, 3, 0
1079733, 0, 0
1079737, 1, 1
1079742, 2, 0
1079754, 3, 0
1079858, 0, 0
1079862, 1, 1
1079867, 2, 0
1079879, 3, 0
1079983, 0, 0
1079987, 1, 1
1079992, 2, 0
1080004, 3, 0
1080108, 0, 0
1080112, 1, 1
1080117, 2, 0
1080129, 3, 0
1080233, 0, 1
1080237, 1, bit 1
1080237, 1, 1
1080242, 2, 0
1080254, 3, prem 1
1080254, 3, 1
1080358, 0, 0
1080363, 1, 1
1080367, 2, 0
1080379, 3, 1
1080483, 0, 0
1080488, 1, 0
1080492, 2, 1
1080504, 3, 1
1080608, 0, 0
1080613, 1, 0
1080617, 2, 0
1080629, 3, 1
1080733, 0, 0
1080738, 1, 1
1080742, 2, bit 0
1080742, 2, 0
1080754, 3, 1
1080858, 0, 0
1080863, 1, 1
1080867, 2, 0
1080879, 3, 1
1080983, 0, bit 0
1080983, 0, 0
1080988, 1, 0
1080992, 2, 1
1081004, 3, 1
1081108, 0, 0
1081113, 1, 0
1081117, 2, 0
1081129, 3, 1
1081233, 0, 0
1081238, 1, 0
1081242, 2, 1
1081254, 3, 1
1081358, 0, 1
1081363, 1, 0
1081367, 2, 1
1081379, 3, 1
1081483, 0, 1
1081488, 1, 0
1081492, 2, 1
1081504, 3, 1
1081608, 0, 1
1081613, 1, 0
1081617, 2, 1
1081629, 3, 1
1081733, 0, 1
1081738, 1, 0
1081742, 2, 1
1081754, 3, 1
1081858, 0, 1
1081863, 1, 0
1081867, 2, 1
1081879, 3, 1
1081984, 0, 0
1081988, 1, bit 0
1081988, 1, 0
1081992, 2, 1
1082004, 3, 1
1082109, 0, 1
1082113, 1, 0
1082117, 2, 1
1082129, 3, 1
1082234, 0, 1
1082238, 1, 1
1082242, 2, 0
1082254, 3, prem 0
1082254, 3, 0
1082359, 0, 1
1082363, 1, 1
1082368, 2, 1
1082379, 3, 0
1082484, 0, 1
1082488, 1, 0
1082493, 2, bit 0
1082493, 2, 0
1082504, 3, 0
1082609, 0, 1
1082613, 1, 0
1082618, 2, 0
1082629, 3, 0
1082734, 0, bit 1
1082734, 0, 1
1082738, 1, 1
1082743, 2, 1
1082754, 3, 0
1082859, 0, 1
1082863, 1, 1
1082868, 2, 0
1082880, 3, 0
1082984, 0, 1
1082988, 1, 1
1082993, 2, 1
1083005, 3, 0
1083109, 0, 0
1083113, 1, 1
1083118, 2, 1
1083130, 3, 0
1083234, 0, 0
1083238, 1, 1
1083243, 2, 1
1083255, 3, 0
1083359, 0, 0
1083363, 1, 1
1083368, 2, 1
1083380, 3, 0
1083484, 0, 0
1083488, 1, 1
1083493, 2, 1
1083505, 3, 0
1083609, 0, 0
1083613, 1, 1
1083618, 2, 1
1083630, 3, 0
1083734, 0, 1
1083738, 1, bit 0
1083738, 1, 0
1083743, 2, 1
1083755, 3, 0
1083859, 0, 0
1083863, 1, 0
1083868, 2, 1
1083880, 3, 0
1083984, 0, 0
1083988, 1, 1
1083993, 2, 0
1084005, 3, 0
1084109, 0, 0
1084113, 1, 1
1084118, 2, 1
1084130, 3, 0
1084234, 0, 0
1084238, 1, 0
1084243, 2, bit 1
1084243, 2, 1
1084255, 3, prem 0
1084255, 3, 0
1084359, 0, 0
1084363, 1, 0
1084368, 2, 1
1084380, 3, 0
1084484, 0, bit 0
1084484, 0, 0
1084488, 1, 1
1084493, 2, 0
1084505, 3, 0
1084609, 0, 0
1084613, 1, 1
1084618, 2, 1
1084630, 3, 0
1084734, 0, 0
1084738, 1, 1
1084743, 2, 0
1084755, 3, 0
1084859, 0, 1
1084863, 1, 1
1084868, 2, 0
1084880, 3, 0
1084984, 0, 1
1084988, 1, 1
1084993, 2, 0
1085005, 3, 0
1085109, 0, 1
1085113, 1, 1
1085118, 2, 0
1085130, 3, 0
1085234, 0, 1
1085238, 1, 1
1085243, 2, 0
1085255, 3, 0
1085359, 0, 1
1085363, 1, 1
1085368, 2, 0
1085380, 3, 0
1085484, 0, 0
1085488, 1, bit 1
1085488, 1, 1
1085493, 2, 0
1085505, 3, 0
1085609, 0, 1
1085613, 1, 1
1085618, 2, 0
1085630, 3, 0
1085734, 0, 1
1085739, 1, 0
1085743, 2, 1
1085755, 3, 0
1085859, 0, 1
1085864, 1, 0
1085868, 2, 0
1085880, 3, 0
1085984, 0, 1
1085989, 1, 1
1085993, 2, bit 0
1085993, 2, 0
1086005, 3, 0
1086109, 0, 1
1086114, 1, 1
1086118, 2, 0
1086130, 3, 0
1086234, 0, bit 1
1086234, 0, 1
1086239, 1, 0
1086243, 2, 1
1086255, 3, prem 1
1086255, 3, 1
1086359, 0, 1
1086364, 1, 0
1086368, 2, 0
1086380, 3, 1
1086484, 0, 1
1086489, 1, 0
1086493, 2, 1
1086505, 3, 1
1086609, 0, 0
1086614, 1, 0
1086618, 2, 1
1086630, 3, 1
1086734, 0, 0
1086739, 1, 0
1086743, 2, 1
1086755, 3, 1
1086859, 0, 0
1086864, 1, 0
1086868, 2, 1
1086880, 3, 1
1086984, 0, 0
1086989, 1, 0
1086993, 2, 1
1087005, 3, 1
1087109, 0, 0
1087114, 1, 0
1087118, 2, 1
1087130, 3, 1
1087234, 0, 1
1087239, 1, bit 1
1087239, 1, 1
1087243, 2, 1
1087255, 3, 1
1087360, 0, 0
1087364, 1, 1
1087368, 2, 1
1087380, 3, 1
1087485, 0, 0
1087489, 1, 0
1087493, 2, 0
1087505, 3, 1
1087610, 0, 0
1087614, 1, 0
1087618, 2, 1
1087630, 3, 1
1087735, 0, 0
1087739, 1, 1
1087744, 2, bit 1
1087744, 2, 1
1087755, 3, 1
1087860, 0, 0
1087864, 1, 1
1087869, 2, 1
1087880, 3, 1
1087985, 0, bit 1
1087985, 0, 1
1087989, 1, 0
1087994, 2, 0
1088005, 3, 1
1088110, 0, 1
1088114, 1, 0
1088119, 2, 1
1088130, 3, 1
1088235, 0, 1
1088239, 1, 0
1088244, 2, 0
1088256, 3, prem 0
1088256, 3, 0
1088360, 0, 0
1088364, 1, 0
1088369, 2, 0
1088381, 3, 0
1088485, 0, 0
1088489, 1, 0
1088494, 2, 0
1088506, 3, 0
1088610, 0, 0
1088614, 1, 0
1088619, 2, 0
1088631, 3, 0
1088735, 0, 0
1088739, 1, 0
1088744, 2, 0
1088756, 3, 0
1088860, 0, 0
1088864, 1, 0
1088869, 2, 0
1088881, 3, 0
1088985, 0, 1
1088989, 1, bit 0
1088989, 1, 0
1088994, 2, 0
1089006, 3, 0
1089110, 0, 0
1089114, 1, 0
1089119, 2, 0
1089131, 3, 0
1089235, 0, 0
1089239, 1, 1
1089244, 2, 1
1089256, 3, 0
1089360, 0, 0
1089364, 1, 1
1089369, 2, 0
1089381, 3, 0
1089485, 0, 0
1089489, 1, 0
1089494, 2, bit 0
1089494, 2, 0
1089506, 3, 0
1089610, 0, 0
1089614, 1, 0
1089619, 2, 0
1089631, 3, 0
1089735, 0, bit 1
1089735, 0, 1
1089739, 1, 1
1089744, 2, 1
1089756, 3, 0
1089860, 0, 1
1089864, 1, 1
1089869, 2, 0
1089881, 3, 0
1089985, 0, 1
1089989, 1, 1
1089994, 2, 1
1090006, 3, 0
1090110, 0, 0
1090114, 1, 1
1090119, 2, 1
1090131, 3, 0
1090235, 0, 0
1090239, 1, 1
1090244, 2, 1
1090256, 3, prem 0
1090256, 3, 0
1090360, 0, 0
1090364, 1, 1
1090369, 2, 1
1090381, 3, 0
1090485, 0, 0
1090489, 1, 1
1090494, 2, 1
1090506, 3, 0
1090610, 0, 0
1090614, 1, 1
1090619, 2, 1
1090631, 3, 0
1090735, 0, 1
1090739, 1, bit 1
1090739, 1, 1
1090744, 2, 1
1090756, 3, 0
1090860, 0, 0
1090864, 1, 1
1090869, 2, 1
1090881, 3, 0
1090985, 0, 0
1090989, 1, 0
1090994, 2, 0
1091006, 3, 0
1091110, 0, 0
1091115, 1, 0
1091119, 2, 1
1091131, 3, 0
1091235, 0, 0
1091240, 1, 1
1091244, 2, bit 1
1091244, 2, 1
1091256, 3, 0
1091360, 0, 0
1091365, 1, 1
1091369, 2, 1
1091381, 3, 0
1091485, 0, bit 1
1091485, 0, 1
1091490, 1, 0
1091494, 2, 0
1091506, 3, 0
1091610, 0, 1
1091615, 1, 0
1091619, 2, 1
1091631, 3, 0
1091735, 0, 1
1091740, 1, 0
1091744, 2, 0
1091756, 3, 0
1091860, 0, 0
1091865, 1, 0
1091869, 2, 0
1091881, 3, 0
1091985, 0, 0
1091990, 1, 0
1091994, 2, 0
1092006, 3, 0
1092110, 0, 0
1092115, 1, 0
1092119, 2, 0
1092131, 3, 0
1092235, 0, 0
1092240, 1, 0
1092244, 2, 0
1092256, 3, prem 0
1092256, 3, 0
1092360, 0, 0
1092365, 1, 0
1092369, 2, 0
1092381, 3, 0
1092485, 0, 1
1092490, 1, bit 1
1092490, 1, 1
1092494, 2, 0
1092506, 3, 0
1092610, 0, 0
1092615, 1, 1
1092619, 2, 0
1092631, 3, 0
1092736, 0, 0
1092740, 1, 0
1092744, 2, 1
1092756, 3, 0
1092861, 0, 0
1092865, 1, 0
1092869, 2, 0
1092881, 3, 0
1092986, 0, 0
1092990, 1, 1
1092994, 2, bit 0
1092994, 2, 0
1093006, 3, 0
1093111, 0, 0
1093115, 1, 1
1093120, 2, 0
1093131, 3, 0
1093236, 0, bit 0
1093236, 0, 0
1093240, 1, 0
1093245, 2, 1
1093256, 3, 0
1093361, 0, 0
1093365, 1, 0
1093370, 2, 0
1093381, 3, 0
1093486, 0, 0
1093490, 1, 0
1093495, 2, 1
1093506, 3, 0
1093611, 0, 1
1093615, 1, 0
1093620, 2, 1
1093632, 3, 0
1093736, 0, 1
1093740, 1, 0
1093745, 2, 1
1093757, 3, 0
1093861, 0, 1
1093865, 1, 0
1093870, 2, 1
1093882, 3, 0
1093986, 0, 1
1093990, 1, 0
1093995, 2, 1
1094007, 3, 0
1094111, 0, 1
1094115, 1, 0
1094120, 2, 1
1094132, 3, 0
1094236, 0, 0
1094240, 1, bit 0
1094240, 1, 0
1094245, 2, 1
1094257, 3, prem 1
1094257, 3, 1
1094361, 0, 1
1094365, 1, 0
1094370, 2, 1
1094382, 3, 1
1094486, 0, 1
1094490, 1, 1
1094495, 2, 0
1094507, 3, 1
1094611, 0, 1
1094615, 1, 1
1094620, 2, 1
1094632, 3, 1
1094736, 0, 1
1094740, 1, 0
1094745, 2, bit 0
1094748, 2, 0
1094757, 3, 1
1094861, 0, 1
1094865, 1, 0
1094870, 2, 0
1094882, 3, 1
1094986, 0, bit 0
1094986, 0, 0
1094990, 1, 1
1094995, 2, 1
1095007, 3, 1
1095111, 0, 0
1095115, 1, 1
1095120, 2, 0
1095132, 3, 1
1095236, 0, 0
1095240, 1, 1
1095245, 2, 1
1095257, 3, 1
1095361, 0, 1
1095365, 1, 1
1095370, 2, 1
1095382, 3, 1
1095486, 0, 1
1095490, 1, 1
1095495, 2, 1
1095507, 3, 1
1095611, 0, 1
1095615, 1, 1
1095620, 2, 1
1095632, 3, 1
1095736, 0, 1
1095740, 1, 1
1095745, 2, 1
1095757, 3, 1
1095861, 0, 1
1095865, 1, 1
1095870, 2, 1
1095882, 3, 1
1095986, 0, 0
1095990, 1, bit 1
1095990, 1, 1
1095995, 2, 1
1096007, 3, 1
1096111, 0, 1
1096115, 1, 1
1096120, 2, 1
1096132, 3, 1
1096236, 0, 1
1096240, 1, 0
1096245, 2, 0
1096257, 3, prem 0
1096257, 3, 0
1096361, 0, 1
1096365, 1, 0
1096370, 2, 1
1096382, 3, 0
1096486, 0, 1
1096491, 1, 1
1096495, 2, bit 0
1096495, 2, 0
1096507, 3, 0
1096611, 0, 1
1096616, 1, 1
1096620, 2, 0
1096632, 3, 0
1096736, 0, bit 0
1096739, 0, 0
1096741, 1, 0
1096745, 2, 1
1096757, 3, 0
1096861, 0, 0
1096866, 1, 0
1096870, 2, 0
1096882, 3, 0
1096986, 0, 0
1096991, 1, 0
1096995, 2, 1
1097007, 3, 0
1097111, 0, 1
1097116, 1, 0
1097120, 2, 1
1097132, 3, 0
1097236, 0, 1
1097241, 1, 0
1097245, 2, 1
1097257, 3, 0
1097361, 0, 1
1097366, 1, 0
1097370, 2, 1
1097382, 3, 0
1097486, 0, 1
1097491, 1, 0
1097495, 2, 1
1097507, 3, 0
1097611, 0, 1
1097616, 1, 0
1097620, 2, 1
1097632, 3, 0
1097736, 0, 0
1097741, 1, bit 1
1097744, 1, 1
1097745, 2, 1
1097757, 3, 0
1097861, 0, 1
1097866, 1, 1
1097870, 2, 1
1097882, 3, 0
1097986, 0, 1
1097991, 1, 0
1097995, 2, 0
1098007, 3, 0
1098112, 0, 1
1098116, 1, 0
1098120, 2, 1
1098132, 3, 0
1098237, 0, 1
1098241, 1, 1
1098245, 2, bit 0
1098245, 2, 0
1098257, 3, prem 0
1098257, 3, 0
1098362, 0, 1
1098366, 1, 1
1098370, 2, 0
1098382, 3, 0
1098487, 0, bit 0
1098487, 0, 0
1098491, 1, 0
1098496, 2, 1
1098507, 3, 0
1098612, 0, 0
1098616, 1, 0
1098621, 2, 0
1098632, 3, 0
1098737, 0, 0
1098741, 1, 0
1098746, 2, 1
1098757, 3, 0
1098862, 0, 1
1098866, 1, 0
1098871, 2, 1
1098882, 3, 0
1098987, 0, 1
1098991, 1, 0
1098996, 2, 1
1099008, 3, 0
1099112, 0, 1
1099116, 1, 0
1099121, 2, 1
1099133, 3, 0
1099237, 0, 1
1099241, 1, 0
1099246, 2, 1
1099258, 3, 0
1099362, 0, 1
1099366, 1, 0
1099371, 2, 1
1099383, 3, 0
1099487, 0, 0
1099491, 1, bit 1
1099491, 1, 1
1099496, 2, 1
1099508, 3, 0
1099612, 0, 1
1099616, 1, 1
1099621, 2, 1
1099633, 3, 0
1099737, 0, 1
1099741, 1, 0
1099746, 2, 0
1099758, 3, 0
1099862, 0, 1
1099866, 1, 0
1099871, 2, 1
1099883, 3, 0
1099987, 0, 1
1099991, 1, 1
1099996, 2, bit 1
1099996, 2, 1
1100008, 3, 0
1100112, 0, 1
1100116, 1, 1
1100121, 2, 1
1100133, 3, 0
1100237, 0, bit 1
1100237, 0, 1
1100241, 1, 0
1100246, 2, 0
1100258, 3, prem 0
1100258, 3, 0
1100362, 0, 1
1100366, 1, 0
1100371, 2, 1
1100383, 3, 0
1100487, 0, 1
1100491, 1, 0
1100496, 2, 0
1100508, 3, 0
1100612, 0, 0
1100616, 1, 0
1100621, 2, 0
1100633, 3, 0
1100737, 0, 0
1100741, 1, 0
1100746, 2, 0
1100758, 3, 0
1100862, 0, 0
1100866, 1, 0
1100871, 2, 0
1100883, 3, 0
1100987, 0, 0
1100991, 1, 0
1100996, 2, 0
1101008, 3, 0
1101112, 0, 0
1101116, 1, 0
1101121, 2, 0
1101133, 3, 0
1101237, 0, 1
1101241, 1, bit 1
1101241, 1, 1
1101246, 2, 0
1101258, 3, 0
1101362, 0, 0
1101366, 1, 1
1101371, 2, 0
1101383, 3, 0
1101487, 0, 0
1101491, 1, 0
1101496, 2, 1
1101508, 3, 0
1101612, 0, 0
1101616, 1, 0
1101621, 2, 0
1101633, 3, 0
1101737, 0, 0
1101741, 1, 1
1101746, 2, bit 1
1101746, 2, 1
1101758, 3, 0
1101862, 0, 0
1101867, 1, 1
1101871, 2, 1
1101883, 3, 0
1101987, 0, bit 0
1101987, 0, 0
1101992, 1, 0
1101996, 2, 0
1102008, 3, 0
1102112, 0, 0
1102117, 1, 0
1102121, 2, 1
1102133, 3, 0
1102237, 0, 0
1102242, 1, 0
1102246, 2, 0
1102258, 3, bit 1
1102258, 3, 1
1102362, 0, 1
1102367, 1, 0
1102371, 2, 0
1102383, 3, 0
1102487, 0, 1
1102492, 1, 0
1102496, 2, 0
1102508, 3, 0
1102612, 0, 1
1102617, 1, 0
1102621, 2, 0
1102633, 3, 1
1102737, 0, 1
1102742, 1, 0
1102746, 2, 0
1102758, 3, 0
1102862, 0, 1
1102867, 1, 0
1102871, 2, 0
1102883, 3, 0
1102987, 0, 0
1102992, 1, bit 0
1102992, 1, 0
1102996, 2, 0
1103008, 3, 1
1103112, 0, 1
1103117, 1, 0
1103121, 2, 0
1103133, 3, 0
1103237, 0, 1
1103242, 1, 1
1103246, 2, 1
1103258, 3, 0
1103362, 0, 1
1103367, 1, 1
1103371, 2, 0
1103383, 3, 0
1103488, 0, 1
1103492, 1, 0
1103496, 2, bit 0
1103496, 2, 0
1103508, 3, 1
1103613, 0, 1
1103617, 1, 0
1103621, 2, 0
1103633, 3, 0
1103738, 0, bit 0
1103738, 0, 0
1103742, 1, 1
1103746, 2, 1
1103758, 3, 0
1103863, 0, 0
1103867, 1, 1
1103872, 2, 0
1103883, 3, 0
1103988, 0, 0
1103992, 1, 1
1103997, 2, 1
1104008, 3, bit 0
1104008, 3, 0
1104113, 0, 1
1104117, 1, 1
1104122, 2, 1
1104133, 3, 1
1104238, 0, 1
1104242, 1, 1
1104247, 2, 1
1104258, 3, 1
1104363, 0, 1
1104367, 1, 1
1104372, 2, 1
1104384, 3, 0
1104488, 0, 1
1104492, 1, 1
1104497, 2, 1
1104509, 3, 1
1104613, 0, 1
1104617, 1, 1
1104622, 2, 1
1104634, 3, 1
1104738, 0, 0
1104742, 1, bit 1
1104742, 1, 1
1104747, 2, 1
1104759, 3, 0
1104863, 0, 1
1104867, 1, 1
1104872, 2, 1
1104884, 3, 1
1104988, 0, 1
1104992, 1, 0
1104997, 2, 0
1105009, 3, 1
1105113, 0, 1
1105117, 1, 0
1105122, 2, 1
1105134, 3, 1
1105238, 0, 1
1105242, 1, 1
1105247, 2, bit 0
1105247, 2, 0
1105259, 3, 0
1105363, 0, 1
1105367, 1, 1
1105372, 2, 0
1105384, 3, 1
1105488, 0, bit 1
1105488, 0, 1
1105492, 1, 0
1105497, 2, 1
1105509, 3, 1
1105613, 0, 1
1105617, 1, 0
1105622, 2, 0
1105634, 3, 1
1105738, 0, 1
1105742, 1, 0
1105747, 2, 1
1105759, 3, bit 1
1105759, 3, 1
1105863, 0, 0
1105867, 1, 0
1105872, 2, 1
1105884, 3, 0
1105988, 0, 0
1105992, 1, 0
1105997, 2, 1
1106009, 3, 0
1106113, 0, 0
1106117, 1, 0
1106122, 2, 1
1106134, 3, 1
1106238, 0, 0
1106242, 1, 0
1106247, 2, 1
1106259, 3, 0
1106363, 0, 0
1106367, 1, 0
1106372, 2, 1
1106384, 3, 0
1106488, 0, 1
1106492, 1, bit 1
1106492, 1, 1
1106497, 2, 1
1106509, 3, 1
1106613, 0, 0
1106617, 1, 1
1106622, 2, 1
1106634, 3, 0
1106738, 0, 0
1106742, 1, 0
1106747, 2, 0
1106759, 3, 0
1106863, 0, 0
1106867, 1, 0
1106872, 2, 1
1106884, 3, 0
1106988, 0, 0
1106992, 1, 1
1106997, 2, bit 0
1106997, 2, 0
1107009, 3, 1
1107113, 0, 0
1107117, 1, 1
1107122, 2, 0
1107134, 3, 0
1107238, 0, bit 1
1107238, 0, 1
1107243, 1, 0
1107247, 2, 1
1107259, 3, 0
1107363, 0, 1
1107368, 1, 0
1107372, 2, 0
1107384, 3, 0
1107488, 0, 1
1107493, 1, 0
1107497, 2, 1
1107509, 3, bit 0
1107509, 3, 0
1107613, 0, 0
1107618, 1, 0
1107622, 2, 1
1107634, 3, 1
1107738, 0, 0
1107743, 1, 0
1107747, 2, 1
1107759, 3, 1
1107863, 0, 0
1107868, 1, 0
1107872, 2, 1
1107884, 3, 0
1107988, 0, 0
1107993, 1, 0
1107997, 2, 1
1108009, 3, 1
1108113, 0, 0
1108118, 1, 0
1108122, 2, 1
1108134, 3, 1
1108238, 0, 1
1108243, 1, bit 0
1108243, 1, 0
1108247, 2, 1
1108259, 3, 0
1108363, 0, 0
1108368, 1, 0
1108372, 2, 1
1108384, 3, 1
1108488, 0, 0
1108493, 1, 1
1108497, 2, 0
1108509, 3, 1
1108613, 0, 0
1108618, 1, 1
1108622, 2, 1
1108634, 3, 1
1108738, 0, 0
1108743, 1, 0
1108747, 2, bit 0
1108747, 2, 0
1108759, 3, 0
1108864, 0, 0
1108868, 1, 0
1108872, 2, 0
1108884, 3, 1
1108989, 0, bit 1
1108989, 0, 1
1108993, 1, 1
1108997, 2, 1
1109009, 3, 1
1109114, 0, 1
1109118, 1, 1
1109122, 2, 0
1109134, 3, 1
1109239, 0, 1
1109243, 1, 1
1109248, 2, 1
1109259, 3, bit 0
1109259, 3, 0
1109364, 0, 0
1109368, 1, 1
1109373, 2, 1
1109384, 3, 1
1109489, 0, 0
1109493, 1, 1
1109498, 2, 1
1109509, 3, 1
1109614, 0, 0
1109618, 1, 1
1109623, 2, 1
1109634, 3, 0
1109739, 0, 0
1109743, 1, 1
1109748, 2, 1
1109760, 3, 1
1109864, 0, 0
1109868, 1, 1
1109873, 2, 1
1109885, 3, 1
1109989, 0, 1
1109993, 1, bit 1
1109993, 1, 1
1109998, 2, 1
1110010, 3, 0
1110114, 0, 0
1110118, 1, 1
1110123, 2, 1
1110135, 3, 1
1110239, 0, 0
1110243, 1, 0
1110248, 2, 0
1110260, 3, 1
1110364, 0, 0
1110368, 1, 0
1110373, 2, 1
1110385, 3, 1
1110489, 0, 0
1110493, 1, 1
1110498, 2, bit 1
1110498, 2, 1
1110510, 3, 0
1110614, 0, 0
1110618, 1, 1
1110623, 2, 1
1110635, 3, 1
1110739, 0, bit 0
1110739, 0, 0
1110743, 1, 0
1110748, 2, 0
1110760, 3, 1
1110864, 0, 0
1110868, 1, 0
1110873, 2, 1
1110885, 3, 1
1110989, 0, 0
1110993, 1, 0
1110998, 2, 0
1111010, 3, bit 0
1111010, 3, 0
1111114, 0, 1
1111118, 1, 0
1111123, 2, 0
1111135, 3, 1
1111239, 0, 1
1111243, 1, 0
1111248, 2, 0
1111260, 3, 1
1111364, 0, 1
1111368, 1, 0
1111373, 2, 0
1111385, 3, 0
1111489, 0, 1
1111493, 1, 0
1111498, 2, 0
1111510, 3, 1
1111614, 0, 1
1111618, 1, 0
1111623, 2, 0
1111635, 3, 1
1111739, 0, 0
1111743, 1, bit 0
1111743, 1, 0
1111748, 2, 0
1111760, 3, 0
1111864, 0, 1
1111868, 1, 0
1111873, 2, 0
1111885, 3, 1
1111989, 0, 1
1111993, 1, 1
1111998, 2, 1
1112010, 3, 1
1112114, 0, 1
1112118, 1, 1
1112123, 2, 0
1112135, 3, 1
1112239, 0, 1
1112243, 1, 0
1112248, 2, bit 0
1112248, 2, 0
1112260, 3, 0
1112364, 0, 1
1112368, 1, 0
1112373, 2, 0
1112385, 3, 1
1112489, 0, bit 1
1112489, 0, 1
1112493, 1, 1
1112498, 2, 1
1112510, 3, 1
1112614, 0, 1
1112619, 1, 1
1112623, 2, 0
1112635, 3, 1
1112739, 0, 1
1112744, 1, 1
1112748, 2, 1
1112760, 3, bit 1
1112760, 3, 1
1112864, 0, 0
1112869, 1, 1
1112873, 2, 1
1112885, 3, 0
1112989, 0, 0
1112994, 1, 1
1112998, 2, 1
1113010, 3, 0
1113114, 0, 0
1113119, 1, 1
1113123, 2, 1
1113135, 3, 1
1113239, 0, 0
1113244, 1, 1
1113248, 2, 1
1113260, 3, 0
1113364, 0, 0
1113369, 1, 1
1113373, 2, 1
1113385, 3, 0
1113489, 0, 1
1113494, 1, bit 0
1113494, 1, 0
1113498, 2, 1
1113510, 3, 1
1113614, 0, 0
1113619, 1, 0
1113623, 2, 1
1113635, 3, 0
1113739, 0, 0
1113744, 1, 1
1113748, 2, 0
1113760, 3, 0
1113864, 0, 0
1113869, 1, 1
1113873, 2, 1
1113885, 3, 0
1113989, 0, 0
1113994, 1, 0
1113998, 2, bit 0
1113998, 2, 0
1114010, 3, 1
1114114, 0, 0
1114119, 1, 0
1114123, 2, 0
1114135, 3, 0
1114240, 0, bit 1
1114240, 0, 1
1114244, 1, 1
1114248, 2, 1
1114260, 3, 0
1114365, 0, 1
1114369, 1, 1
1114373, 2, 0
1114385, 3, 0
1114490, 0, 1
1114494, 1, 1
1114498, 2, 1
1114510, 3, bit 1
1114510, 3, 1
1114615, 0, 0
1114619, 1, 1
1114624, 2, 1
1114635, 3, 0
1114740, 0, 0
1114744, 1, 1
1114749, 2, 1
1114760, 3, 0
1114865, 0, 0
1114869, 1, 1
1114874, 2, 1
1114885, 3, 1
1114990, 0, 0
1114994, 1, 1
1114999, 2, 1
1115010, 3, 0
1115115, 0, 0
1115119, 1, 1
1115124, 2, 1
1115136, 3, 0
1115240, 0, 1
1115244, 1, bit 1
1115244, 1, 1
1115249, 2, 1
1115261, 3, 1
1115365, 0, 0
1115369, 1, 1
1115374, 2, 1
1115386, 3, 0
1115490, 0, 0
1115494, 1, 0
1115499, 2, 0
1115511, 3, 0
1115615, 0, 0
1115619, 1, 0
1115624, 2, 1
1115636, 3, 0
1115740, 0, 0
1115744, 1, 1
1115749, 2, bit 0
1115749, 2, 0
1115761, 3, 1
1115865, 0, 0
1115869, 1, 1
1115874, 2, 0
1115886, 3, 0
1115990, 0, bit 1
1115990, 0, 1
1115994, 1, 0
1115999, 2, 1
1116011, 3, 0
1116115, 0, 1
1116119, 1, 0
1116124, 2, 0
1116136, 3, 0
1116240, 0, 1
1116244, 1, 0
1116249, 2, 1
1116261, 3, bit 1
1116261, 3, 1
1116365, 0, 0
1116369, 1, 0
1116374, 2, 1
1116386, 3, 0
1116490, 0, 0
1116494, 1, 0
1116499, 2, 1
1116511, 3, 0
1116615, 0, 0
1116619, 1, 0
1116624, 2, 1
1116636, 3, 1
1116740, 0, 0
1116744, 1, 0
1116749, 2, 1
1116761, 3, 0
1116865, 0, 0
1116869, 1, 0
1116874, 2, 1
1116886, 3, 0
1116990, 0, 1
1116994, 1, bit 1
1116994, 1, 1
1116999, 2, 1
1117011, 3, 1
1117115, 0, 0
1117119, 1, 1
1117124, 2, 1
1117136, 3, 0
1117240, 0, 0
1117244, 1, 0
1117249, 2, 0
1117261, 3, 0
1117365, 0, 0
1117369, 1, 0
1117374, 2, 1
1117386, 3, 0
1117490, 0, 0
1117494, 1, 1
1117499, 2, bit 0
1117499, 2, 0
1117511, 3, 1
1117615, 0, 0
1117619, 1, 1
1117624, 2, 0
1117636, 3, 0
1117744, 1, 0
1117749, 2, 1
1117761, 3, 0
1117869, 1, 0
1117874, 2, 0
1117886, 3, 0
1117995, 1, 0
1117999, 2, 1
1118011, 3, bit 0
1118011, 3, 0
1118120, 1, 0
1118124, 2, 1
1118136, 3, 1
1118245, 1, 0
1118249, 2, 1
1118261, 3, 1
1118370, 1, 0
1118374, 2, 1
1118386, 3, 0
1118495, 1, 0
1118499, 2, 1
1118511, 3, 1
1118620, 1, 0
1118624, 2, 1
1118636, 3, 1
1118745, 1, bit 0
1118745, 1, 0
1118749, 2, 1
1118761, 3, 0
1118870, 1, 0
1118874, 2, 1
1118886, 3, 1
1118995, 1, 1
1118999, 2, 0
1119011, 3, 1
1119120, 1, 1
1119124, 2, 1
1119136, 3, 1
1119245, 1, 0
1119249, 2, bit 1
1119249, 2, 1
1119261, 3, 0
1119370, 1, 0
1119374, 2, 1
1119386, 3, 1
1119495, 1, 1
1119499, 2, 0
1119511, 3, 1
1119620, 1, 1
1119624, 2, 1
1119636, 3, 1
1119745, 1, 1
1119749, 2, 0
1119761, 3, bit 0
1119761, 3, 0
1119870, 1, 1
1119874, 2, 0
1119886, 3, 1
1119995, 1, 1
1120000, 2, 0
1120011, 3, 1
1120120, 1, 1
1120125, 2, 0
1120136, 3, 0
1120245, 1, 1
1120250, 2, 0
1120261, 3, 1
1120370, 1, 1
1120375, 2, 0
1120386, 3, 1
1120495, 1, bit 1
1120495, 1, 1
1120500, 2, 0
1120512, 3, 0
1120620, 1, 1
1120625, 2, 0
1120637, 3, 1
1120745, 1, 0
1120750, 2, 1
1120762, 3, 1
1120870, 1, 0
1120875, 2, 0
1120887, 3, 1
1120995, 1, 1
1121000, 2, bit 1
1121000, 2, 1
1121012, 3, 0
1121120, 1, 1
1121125, 2, 1
1121137, 3, 1
1121245, 1, 0
1121250, 2, 0
1121262, 3, 1
1121370, 1, 0
1121375, 2, 1
1121387, 3, 1
1121495, 1, 0
1121500, 2, 0
1121512, 3, bit 0
1121512, 3, 0
1121620, 1, 0
1121625, 2, 0
1121637, 3, 1
1121745, 1, 0
1121750, 2, 0
1121762, 3, 1
1121870, 1, 0
1121875, 2, 0
1121887, 3, 0
1121995, 1, 0
1122000, 2, 0
1122012, 3, 1
1122120, 1, 0
1122125, 2, 0
1122137, 3, 1
1122245, 1, bit 0
1122245, 1, 0
1122250, 2, 0
1122262, 3, 0
1122370, 1, 0
1122375, 2, 0
1122387, 3, 1
1122495, 1, 1
1122500, 2, 1
1122512, 3, 1
1122620, 1, 1
1122625, 2, 0
1122637, 3, 1
1122745, 1, 0
1122750, 2, bit 1
1122750, 2, 1
1122762, 3, 0
1122870, 1, 0
1122875, 2, 1
1122887, 3, 1
1122995, 1, 1
1123000, 2, 0
1123012, 3, 1
1123120, 1, 1
1123125, 2, 1
1123137, 3, 1
1123245, 1, 1
1123250, 2, 0
1123262, 3, bit 1
1123262, 3, 1
1123371, 1, 1
1123375, 2, 0
1123387, 3, 0
1123496, 1, 1
1123500, 2, 0
1123512, 3, 0
1123621, 1, 1
1123625, 2, 0
1123637, 3, 1
1123746, 1, 1
1123750, 2, 0
1123762, 3, 0
1123871, 1, 1
1123875, 2, 0
1123887, 3, 0
1123996, 1, bit 1
1123996, 1, 1
1124000, 2, 0
1124012, 3, 1
1124121, 1, 1
1124125, 2, 0
1124137, 3, 0
1124246, 1, 0
1124250, 2, 1
1124262, 3, 0
1124371, 1, 0
1124375, 2, 0
1124387, 3, 0
1124496, 1, 1
1124500, 2, bit 0
1124500, 2, 0
1124512, 3, 1
1124621, 1, 1
1124625, 2, 0
1124637, 3, 0
1124746, 1, 0
1124750, 2, 1
1124762, 3, 0
1124871, 1, 0
1124875, 2, 0
1124887, 3, 0
1124996, 1, 0
1125006, 2, 1
1125012, 3, bit 0
1125012, 3, 0
1125121, 1, 0
1125131, 2, 1
1125137, 3, 1
1125246, 1, 0
1125256, 2, 1
1125262, 3, 1
1125371, 1, 0
1125381, 2, 1
1125387, 3, 0
1125496, 1, 0
1125506, 2, 1
1125512, 3, 1
1125621, 1, 0
1125632, 2, 1
1125637, 3, 1
1125746, 1, bit 0
1125746, 1, 0
1125757, 2, 1
1125762, 3, 0
1125871, 1, 0
1125882, 2, 1
1125888, 3, 1
1125996, 1, 1
1126007, 2, 0
1126013, 3, 1
1126121, 1, 1
1126132, 2, 1
1126138, 3, 1
1126246, 1, 0
1126257, 2, bit 0
1126257, 2, 0
1126263, 3, 0
1126371, 1, 0
1126382, 2, 0
1126388, 3, 1
1126496, 1, 1
1126507, 2, 1
1126513, 3, 1
1126621, 1, 1
1126632, 2, 0
1126638, 3, 1
1126746, 1, 1
1126757, 2, 1
1126763, 3, bit 0
1126763, 3, 0
1126871, 1, 1
1126882, 2, 1
1126888, 3, 1
1126996, 1, 1
1127007, 2, 1
1127013, 3, 1
1127121, 1, 1
1127132, 2, 1
1127138, 3, 0
1127246, 1, 1
1127257, 2, 1
1127263, 3, 1
1127371, 1, 1
1127382, 2, 1
1127388, 3, 1
1127496, 1, bit 1
1127496, 1, 1
1127507, 2, 1
1127513, 3, 0
1127621, 1, 1
1127632, 2, 1
1127638, 3, 1
1127746, 1, 0
1127757, 2, 0
1127763, 3, 1
1127871, 1, 0
1127882, 2, 1
1127888, 3, 1
1127996, 1, 1
1128007, 2, bit 0
1128007, 2, 0
1128013, 3, 0
1128121, 1, 1
1128132, 2, 0
1128138, 3, 1
1128246, 1, 0
1128257, 2, 1
1128263, 3, 1
1128371, 1, 0
1128382, 2, 0
1128388, 3, 1
1128496, 1, 0
1128507, 2, 1
1128513, 3, bit 0
1128513, 3, 0
1128621, 1, 0
1128632, 2, 1
1128638, 3, 1
1128747, 1, 0
1128757, 2, 1
1128763, 3, 1
1128872, 1, 0
1128882, 2, 1
1128888, 3, 0
1128997, 1, 0
1129007, 2, 1
1129013, 3, 1
1129122, 1, 0
1129132, 2, 1
1129138, 3, 1
1129247, 1, bit 0
1129247, 1, 0
1129257, 2, 1
1129263, 3, 0
1129372, 1, 0
1129382, 2, 1
1129388, 3, 1
1129497, 1, 1
1129507, 2, 0
1129513, 3, 1
1129622, 1, 1
1129632, 2, 1
1129638, 3, 1
1129747, 1, 0
1129757, 2, bit 0
1129757, 2, 0
1129763, 3, 0
1129872, 1, 0
1129882, 2, 0
1129888, 3, 1
1129997, 1, 1
1130007, 2, 1
1130013, 3, 1
1130122, 1, 1
1130132, 2, 0
1130138, 3, 1
1130247, 1, 1
1130257, 2, 1
1130263, 3, bit 0
1130263, 3, 0
1130372, 1, 1
1130382, 2, 1
1130388, 3, 1
1130497, 1, 1
1130507, 2, 1
1130513, 3, 1
1130622, 1, 1
1130632, 2, 1
1130638, 3, 0
1130747, 1, 1
1130757, 2, 1
1130763, 3, 1
1130872, 1, 1
1130882, 2, 1
1130888, 3, 1
1130997, 1, bit 0
1130997, 1, 0
1131008, 2, 1
1131013, 3, 0
1131122, 1, 0
1131133, 2, 1
1131138, 3, 1
1131247, 1, 1
1131258, 2, 0
1131264, 3, 1
1131372, 1, 1
1131383, 2, 1
1131389, 3, 1
1131497, 1, 0
1131508, 2, bit 0
1131511, 2, 0
1131514, 3, 0
1131622, 1, 0
1131633, 2, 0
1131639, 3, 1
1131747, 1, 1
1131758, 2, 1
1131764, 3, 1
1131872, 1, 1
1131883, 2, 0
1131889, 3, 1
1131997, 1, 1
1132008, 2, 1
1132014, 3, bit 1
1132014, 3, 1
1132122, 1, 1
1132133, 2, 1
1132139, 3, 0
1132247, 1, 1
1132258, 2, 1
1132264, 3, 0
1132372, 1, 1
1132383, 2, 1
1132389, 3, 1
1132497, 1, 1
1132508, 2, 1
1132514, 3, 0
1132622, 1, 1
1132633, 2, 1
1132639, 3, 0
1132747, 1, bit 0
1132747, 1, 0
1132758, 2, 1
1132764, 3, 1
1132872, 1, 0
1132883, 2, 1
1132889, 3, 0
1132997, 1, 1
1133008, 2, 0
1133014, 3, 0
1133122, 1, 1
1133133, 2, 1
1133139, 3, 0
1133247, 1, 0
1133258, 2, bit 0
1133258, 2, 0
1133264, 3, 1
1133372, 1, 0
1133383, 2, 0
1133389, 3, 0
1133497, 1, 1
1133508, 2, 1
1133514, 3, 0
1133622, 1, 1
1133633, 2, 0
1133639, 3, 0
1133747, 1, 1
1133758, 2, 1
1133764, 3, bit 0
1133764, 3, 0
1133872, 1, 1
1133883, 2, 1
1133889, 3, 1
1133997, 1, 1
1134008, 2, 1
1134014, 3, 1
1134123, 1, 1
1134133, 2, 1
1134139, 3, 0
1134248, 1, 1
1134258, 2, 1
1134264, 3, 1
1134373, 1, 1
1134383, 2, 1
1134389, 3, 1
1134498, 1, bit 1
1134498, 1, 1
1134508, 2, 1
1134514, 3, 0
1134623, 1, 1
1134633, 2, 1
1134639, 3, 1
1134748, 1, 0
1134758, 2, 0
1134764, 3, 1
1134873, 1, 0
1134883, 2, 1
1134889, 3, 1
1134998, 1, 1
1135008, 2, bit 0
1135008, 2, 0
1135014, 3, 0
1135123, 1, 1
1135133, 2, 0
1135139, 3, 1
1135248, 1, 0
1135258, 2, 1
1135264, 3, 1
1135373, 1, 0
1135383, 2, 0
1135389, 3, 1
1135498, 1, 0
1135508, 2, 1
1135514, 3, bit 1
1135514, 3, 1
1135623, 1, 0
1135633, 2, 1
1135639, 3, 0
1135748, 1, 0
1135758, 2, 1
1135764, 3, 0
1135873, 1, 0
1135883, 2, 1
1135889, 3, 1
1135998, 1, 0
1136008, 2, 1
1136014, 3, 0
1136123, 1, 0
1136133, 2, 1
1136139, 3, 0
1136248, 1, bit 0
1136248, 1, 0
1136258, 2, 1
1136264, 3, 1
1136373, 1, 0
1136384, 2, 1
1136389, 3, 0
1136498, 1, 1
1136509, 2, 0
1136514, 3, 0
1136623, 1, 1
1136634, 2, 1
1136640, 3, 0
1136748, 1, 0
1136759, 2, bit 1
1136759, 2, 1
1136765, 3, 1
1136873, 1, 0
1136884, 2, 1
1136890, 3, 0
1136998, 1, 1
1137009, 2, 0
1137015, 3, 0
1137123, 1, 1
1137134, 2, 1
1137140, 3, 0
1137248, 1, 1
1137259, 2, 0
1137265, 3, bit 1
1137265, 3, 1
1137373, 1, 1
1137384, 2, 0
1137390, 3, 0
1137498, 1, 1
1137509, 2, 0
1137515, 3, 0
1137623, 1, 1
1137634, 2, 0
1137640, 3, 1
1137748, 1, 1
1137759, 2, 0
1137765, 3, 0
1137873, 1, 1
1137884, 2, 0
1137890, 3, 0
1137998, 1, bit 1
1137998, 1, 1
1138009, 2, 0
1138015, 3, 1
1138123, 1, 1
1138134, 2, 0
1138140, 3, 0
1138248, 1, 0
1138259, 2, 1
1138265, 3, 0
1138373, 1, 0
1138384, 2, 0
1138390, 3, 0
1138498, 1, 1
1138509, 2, bit 1
1138509, 2, 1
1138515, 3, 1
1138623, 1, 1
1138634, 2, 1
1138640, 3, 0
1138748, 1, 0
1138759, 2, 0
1138765, 3, 0
1138873, 1, 0
1138884, 2, 1
1138890, 3, 0
1138998, 1, 0
1139009, 2, 0
1139015, 3, bit 0
1139015, 3, 0
1139123, 1, 0
1139134, 2, 0
1139140, 3, 1
1139248, 1, 0
1139259, 2, 0
1139265, 3, 1
1139373, 1, 0
1139384, 2, 0
1139390, 3, 0
1139499, 1, 0
1139509, 2, 0
1139515, 3, 1
1139624, 1, 0
1139634, 2, 0
1139640, 3, 1
1139749, 1, bit 1
1139749, 1, 1
1139759, 2, 0
1139765, 3, 0
1139874, 1, 1
1139884, 2, 0
1139890, 3, 1
1139999, 1, 0
1140009, 2, 1
1140015, 3, 1
1140124, 1, 0
1140134, 2, 0
1140140, 3, 1
1140249, 1, 1
1140259, 2, bit 1
1140259, 2, 1
1140265, 3, 0
1140374, 1, 1
1140384, 2, 1
1140390, 3, 1
1140499, 1, 0
1140509, 2, 0
1140515, 3, 1
1140624, 1, 0
1140634, 2, 1
1140640, 3, 1
1140749, 1, 0
1140759, 2, 0
1140765, 3, bit 0
1140765, 3, 0
1140874, 1, 0
1140884, 2, 0
1140890, 3, 1
1140999, 1, 0
1141009, 2, 0
1141015, 3, 1
1141124, 1, 0
1141134, 2, 0
1141140, 3, 0
1141249, 1, 0
1141259, 2, 0
1141265, 3, 1
1141374, 1, 0
1141384, 2, 0
1141390, 3, 1
1141499, 1, bit 0
1141499, 1, 0
1141509, 2, 0
1141515, 3, 0
1141624, 1, 0
1141634, 2, 0
1141640, 3, 1
1141749, 1, 1
1141760, 2, 1
1141765, 3, 1
1141874, 1, 1
1141885, 2, 0
1141890, 3, 1
1141999, 1, 0
1142010, 2, bit 1
1142010, 2, 1
1142016, 3, 0
1142124, 1, 0
1142135, 2, 1
1142141, 3, 1
1142249, 1, 1
1142260, 2, 0
1142266, 3, 1
1142374, 1, 1
1142385, 2, 1
1142391, 3, 1
1142499, 1, 1
1142510, 2, 0
1142516, 3, bit 0
1142516, 3, 0
1142624, 1, 1
1142635, 2, 0
1142641, 3, 1
1142749, 1, 1
1142760, 2, 0
1142766, 3, 1
1142874, 1, 1
1142885, 2, 0
1142891, 3, 0
1142999, 1, 1
1143010, 2, 0
1143016, 3, 1
1143124, 1, 1
1143135, 2, 0
1143141, 3, 1
1143249, 1, bit 0
1143249, 1, 0
1143260, 2, 0
1143266, 3, 0
1143374, 1, 0
1143385, 2, 0
1143391, 3, 1
1143499, 1, 1
1143510, 2, 1
1143516, 3, 1
1143624, 1, 1
1143635, 2, 0
1143641, 3, 1
1143749, 1, 0
1143760, 2, bit 0
1143760, 2, 0
1143766, 3, 0
1143874, 1, 0
1143885, 2, 0
1143891, 3, 1
1143999, 1, 1
1144010, 2, 1
1144016, 3, 1
1144124, 1, 1
1144135, 2, 0
1144141, 3, 1
1144249, 1, 1
1144260, 2, 1
1144266, 3, bit 0
1144266, 3, 0
1144374, 1, 1
1144385, 2, 1
1144391, 3, 1
1144499, 1, 1
1144510, 2, 1
1144516, 3, 1
1144624, 1, 1
1144635, 2, 1
1144641, 3, 0
1144749, 1, 1
1144760, 2, 1
1144766, 3, 1
1144875, 1, 1
1144885, 2, 1
1144891, 3, 1
1145000, 1, bit 1
1145000, 1, 1
1145010, 2, 1
1145016, 3, 0
1145125, 1, 1
1145135, 2, 1
1145141, 3, 1
1145250, 1, 0
1145260, 2, 0
1145266, 3, 1
1145375, 1, 0
1145385, 2, 1
1145391, 3, 1
1145500, 1, 1
1145510, 2, bit 1
1145510, 2, 1
1145516, 3, 0
1145625, 1, 1
1145635, 2, 1
1145641, 3, 1
1145750, 1, 0
1145760, 2, 0
1145766, 3, 1
1145875, 1, 0
1145885, 2, 1
1145891, 3, 1
1146000, 1, 0
1146010, 2, 0
1146016, 3, bit 0
1146016, 3, 0
1146125, 1, 0
1146135, 2, 0
1146141, 3, 1
1146250, 1, 0
1146260, 2, 0
1146266, 3, 1
1146375, 1, 0
1146385, 2, 0
1146391, 3, 0
1146500, 1, 0
1146510, 2, 0
1146516, 3, 1
1146625, 1, 0
1146635, 2, 0
1146641, 3, 1
1146760, 2, 0
1146766, 3, 0
1146885, 2, 0
1146891, 3, 1
1147010, 2, 1
1147016, 3, 1
1147136, 2, 0
1147141, 3, 1
1147261, 2, bit 1
1147261, 2, 1
1147266, 3, 0
1147386, 2, 1
1147392, 3, 1
1147511, 2, 0
1147517, 3, 1
1147636, 2, 1
1147642, 3, 1
1147761, 2, 0
1147767, 3, bit 0
1147767, 3, 0
1147886, 2, 0
1147892, 3, 1
1148011, 2, 0
1148017, 3, 1
1148136, 2, 0
1148142, 3, 0
1148261, 2, 0
1148267, 3, 1
1148386, 2, 0
1148392, 3, 1
1148511, 2, 0
1148517, 3, 0
1148636, 2, 0
1148642, 3, 1
1148761, 2, 1
1148767, 3, 1
1148886, 2, 0
1148892, 3, 1
1149011, 2, bit 1
1149011, 2, 1
1149017, 3, 0
1149136, 2, 1
1149142, 3, 1
1149261, 2, 0
1149267, 3, 1
1149386, 2, 1
1149392, 3, 1
1149511, 2, 0
1149517, 3, bit 1
1149517, 3, 1
1149636, 2, 0
1149642, 3, 0
1149761, 2, 0
1149767, 3, 0
1149886, 2, 0
1149892, 3, 1
1150011, 2, 0
1150017, 3, 0
1150136, 2, 0
1150142, 3, 0
1150261, 2, 0
1150267, 3, 1
1150386, 2, 0
1150392, 3, 0
1150511, 2, 1
1150517, 3, 0
1150636, 2, 0
1150642, 3, 0
1150761, 2, bit 1
1150761, 2, 1
1150767, 3, 1
1150886, 2, 1
1150892, 3, 0
1151011, 2, 0
1151017, 3, 0
1151136, 2, 1
1151142, 3, 0
1151261, 2, 0
1151267, 3, bit 1
1151270, 3, 1
1151386, 2, 0
1151392, 3, 0
1151511, 2, 0
1151517, 3, 0
1151636, 2, 0
1151642, 3, 1
1151761, 2, 0
1151767, 3, 0
1151886, 2, 0
1151892, 3, 0
1152011, 2, 0
1152017, 3, 1
1152136, 2, 0
1152142, 3, 0
1152261, 2, 1
1152267, 3, 0
1152386, 2, 0
1152392, 3, 0
1152512, 2, bit 1
1152512, 2, 1
1152517, 3, 1
1152637, 2, 1
1152642, 3, 0
1152762, 2, 0
1152768, 3, 0
1152887, 2, 1
1152893, 3, 0
1153012, 2, 0
1153018, 3, bit 1
1153018, 3, 1
1153137, 2, 0
1153143, 3, 0
1153262, 2, 0
1153268, 3, 0
1153387, 2, 0
1153393, 3, 1
1153512, 2, 0
1153518, 3, 0
1153637, 2, 0
1153643, 3, 0
1153762, 2, 0
1153768, 3, 1
1153887, 2, 0
1153893, 3, 0
1154012, 2, 1
1154018, 3, 0
1154137, 2, 0
1154143, 3, 0
1154262, 2, bit 1
1154262, 2, 1
1154268, 3, 1
1154387, 2, 1
1154393, 3, 0
1154512, 2, 0
1154518, 3, 0
1154637, 2, 1
1154643, 3, 0
1154762, 2, 0
1154768, 3, bit 1
1154768, 3, 1
1154887, 2, 0
1154893, 3, 0
1155012, 2, 0
1155018, 3, 0
1155137, 2, 0
1155143, 3, 1
1155262, 2, 0
1155268, 3, 0
1155387, 2, 0
1155393, 3, 0
1155512, 2, 0
1155518, 3, 1
1155637, 2, 0
1155643, 3, 0
1155762, 2, 1
1155768, 3, 0
1155887, 2, 0
1155893, 3, 0
1156012, 2, bit 1
1156012, 2, 1
1156018, 3, 1
1156137, 2, 1
1156143, 3, 0
1156262, 2, 0
1156268, 3, 0
1156387, 2, 1
1156393, 3, 0
1156512, 2, 0
1156518, 3, bit 0
1156518, 3, 0
1156637, 2, 0
1156643, 3, 1
1156762, 2, 0
1156768, 3, 1
1156887, 2, 0
1156893, 3, 0
1157012, 2, 0
1157018, 3, 1
1157137, 2, 0
1157143, 3, 1
1157262, 2, 0
1157268, 3, 0
1157387, 2, 0
1157393, 3, 1
1157512, 2, 1
1157518, 3, 1
1157637, 2, 0
1157643, 3, 1
1157762, 2, bit 0
1157762, 2, 0
1157768, 3, 0
1157888, 2, 0
1157893, 3, 1
1158013, 2, 1
1158018, 3, 1
1158138, 2, 0
1158144, 3, 1
1158263, 2, 1
1158269, 3, bit 0
1158269, 3, 0
1158388, 2, 1
1158394, 3, 1
1158513, 2, 1
1158519, 3, 1
1158638, 2, 1
1158644, 3, 0
1158763, 2, 1
1158769, 3, 1
1158888, 2, 1
1158894, 3, 1
1159013, 2, 1
1159019, 3, 0
1159138, 2, 1
1159144, 3, 1
1159263, 2, 0
1159269, 3, 1
1159388, 2, 1
1159394, 3, 1
1159513, 2, bit 1
1159513, 2, 1
1159519, 3, 0
1159638, 2, 1
1159644, 3, 1
1159763, 2, 0
1159769, 3, 1
1159888, 2, 1
1159894, 3, 1
1160013, 2, 0
1160019, 3, bit 1
1160019, 3, 1
1160138, 2, 0
1160144, 3, 0
1160263, 2, 0
1160269, 3, 0
1160388, 2, 0
1160394, 3, 1
1160513, 2, 0
1160519, 3, 0
1160638, 2, 0
1160644, 3, 0
1160763, 2, 0
1160769, 3, 1
1160888, 2, 0
1160894, 3, 0
1161013, 2, 1
1161019, 3, 0
1161138, 2, 0
1161144, 3, 0
1161263, 2, bit 1
1161263, 2, 1
1161269, 3, 1
1161388, 2, 1
1161394, 3, 0
1161513, 2, 0
1161519, 3, 0
1161638, 2, 1
1161644, 3, 0
1161763, 2, 0
1161769, 3, bit 1
1161769, 3, 1
1161888, 2, 0
1161894, 3, 0
1162013, 2, 0
1162019, 3, 0
1162138, 2, 0
1162144, 3, 1
1162263, 2, 0
1162269, 3, 0
1162388, 2, 0
1162394, 3, 0
1162513, 2, 0
1162519, 3, 1
1162638, 2, 0
1162644, 3, 0
1162763, 2, 1
1162769, 3, 0
1162888, 2, 0
1162894, 3, 0
1163013, 2, bit 1
1163013, 2, 1
1163019, 3, 1
1163138, 2, 1
1163144, 3, 0
1163264, 2, 0
1163269, 3, 0
1163389, 2, 1
1163394, 3, 0
1163514, 2, 0
1163520, 3, bit 0
1163520, 3, 0
1163639, 2, 0
1163645, 3, 1
1163764, 2, 0
1163770, 3, 1
1163889, 2, 0
1163895, 3, 0
1164014, 2, 0
1164020, 3, 1
1164139, 2, 0
1164145, 3, 1
1164264, 2, 0
1164270, 3, 0
1164389, 2, 0
1164395, 3, 1
1164514, 2, 1
1164520, 3, 1
1164639, 2, 0
1164645, 3, 1
1164764, 2, bit 0
1164764, 2, 0
1164770, 3, 0
1164889, 2, 0
1164895, 3, 1
1165014, 2, 1
1165020, 3, 1
1165139, 2, 0
1165145, 3, 1
1165264, 2, 1
1165270, 3, bit 0
1165270, 3, 0
1165389, 2, 1
1165395, 3, 1
1165514, 2, 1
1165520, 3, 1
1165639, 2, 1
1165645, 3, 0
1165764, 2, 1
1165770, 3, 1
1165889, 2, 1
1165895, 3, 1
1166014, 2, 1
1166020, 3, 0
1166139, 2, 1
1166145, 3, 1
1166264, 2, 0
1166270, 3, 1
1166389, 2, 1
1166395, 3, 1
1166514, 2, bit 1
1166514, 2, 1
1166520, 3, 0
1166639, 2, 1
1166645, 3, 1
1166764, 2, 0
1166770, 3, 1
1166889, 2, 1
1166895, 3, 1
1167014, 2, 0
1167020, 3, bit 1
1167020, 3, 1
1167139, 2, 0
1167145, 3, 0
1167264, 2, 0
1167270, 3, 0
1167389, 2, 0
1167395, 3, 1
1167514, 2, 0
1167520, 3, 0
1167639, 2, 0
1167645, 3, 0
1167764, 2, 0
1167770, 3, 1
1167889, 2, 0
1167895, 3, 0
1168014, 2, 1
1168020, 3, 0
1168139, 2, 0
1168145, 3, 0
1168264, 2, bit 0
1168264, 2, 0
1168270, 3, 1
1168389, 2, 0
1168395, 3, 0
1168514, 2, 1
1168520, 3, 0
1168640, 2, 0
1168645, 3, 0
1168765, 2, 1
1168770, 3, bit 1
1168770, 3, 1
1168890, 2, 1
1168896, 3, 0
1169015, 2, 1
1169021, 3, 0
1169140, 2, 1
1169146, 3, 1
1169265, 2, 1
1169271, 3, 0
1169390, 2, 1
1169396, 3, 0
1169515, 2, 1
1169521, 3, 1
1169640, 2, 1
1169646, 3, 0
1169765, 2, 0
1169771, 3, 0
1169890, 2, 1
1169896, 3, 0
1170015, 2, bit 1
1170015, 2, 1
1170021, 3, 1
1170140, 2, 1
1170146, 3, 0
1170265, 2, 0
1170271, 3, 0
1170390, 2, 1
1170396, 3, 0
1170515, 2, 0
1170521, 3, bit 0
1170521, 3, 0
1170640, 2, 0
1170646, 3, 1
1170765, 2, 0
1170771, 3, 1
1170890, 2, 0
1170896, 3, 0
1171015, 2, 0
1171021, 3, 1
1171140, 2, 0
1171146, 3, 1
1171265, 2, 0
1171271, 3, 0
1171390, 2, 0
1171396, 3, 1
1171515, 2, 1
1171521, 3, 1
1171640, 2, 0
1171646, 3, 1
1171765, 2, bit 1
1171765, 2, 1
1171771, 3, 0
1171890, 2, 1
1171896, 3, 1
1172015, 2, 0
1172021, 3, 1
1172140, 2, 1
1172146, 3, 1
1172265, 2, 0
1172271, 3, bit 1
1172271, 3, 1
1172390, 2, 0
1172396, 3, 0
1172515, 2, 0
1172521, 3, 0
1172640, 2, 0
1172646, 3, 1
1172765, 2, 0
1172771, 3, 0
1172890, 2, 0
1172896, 3, 0
1173015, 2, 0
1173021, 3, 1
1173140, 2, 0
1173146, 3, 0
1173265, 2, 1
1173271, 3, 0
1173390, 2, 0
1173396, 3, 0
1173515, 2, bit 0
1173515, 2, 0
1173521, 3, 1
1173640, 2, 0
1173646, 3, 0
1173765, 2, 1
1173771, 3, 0
1173890, 2, 0
1173896, 3, 0
1174016, 2, 1
1174021, 3, bit 0
1174021, 3, 0
1174141, 2, 1
1174146, 3, 1
1174266, 2, 1
1174272, 3, 1
1174391, 2, 1
1174397, 3, 0
1174516, 2, 1
1174522, 3, 1
1174641, 2, 1
1174647, 3, 1
1174766, 2, 1
1174772, 3, 0
1174891, 2, 1
1174897, 3, 1
1175016, 2, 0
1175022, 3, 1
1175141, 2, 1
1175147, 3, 1
1175266, 2, bit 1
1175266, 2, 1
1175272, 3, 0
1175391, 2, 1
1175397, 3, 1
1175516, 2, 0
1175522, 3, 1
1175641, 2, 1
1175647, 3, 1
1175766, 2, 0
1175772, 3, bit 1
1175772, 3, 1
1175891, 2, 0
1175897, 3, 0
1176016, 2, 0
1176022, 3, 0
1176141, 2, 0
1176147, 3, 1
1176266, 2, 0
1176272, 3, 0
1176391, 2, 0
1176397, 3, 0
1176516, 2, 0
1176522, 3, 1
1176641, 2, 0
1176647, 3, 0
1176766, 2, 1
1176772, 3, 0
1176891, 2, 0
1176897, 3, 0
1177022, 3, 1
1177147, 3, 0
1177272, 3, 0
1177397, 3, 0
1177522, 3, bit 1
1177522, 3, 1
1177647, 3, 0
1177772, 3, 0
1177897, 3, 1
1178022, 3, 0
1178147, 3, 0
1178272, 3, 1
1178397, 3, 0
1178522, 3, 0
1178647, 3, 0
1178772, 3, 1
1178897, 3, 0
1179022, 3, 0
1179147, 3, 0
1179272, 3, bit 0
1179272, 3, 0
1179397, 3, 1
1179522, 3, 1
1179648, 3, 0
1179773, 3, 1
1179898, 3, 1
1180023, 3, 0
1180148, 3, 1
1180273, 3, 1
1180398, 3, 1
1180523, 3, 0
1180648, 3, 1
1180773, 3, 1
1180898, 3, 1
1181023, 3, bit 1
1181023, 3, 1
1181148, 3, 0
1181273, 3, 0
1181398, 3, 1
1181523, 3, 0
1181648, 3, 0
1181773, 3, 1
1181898, 3, 0
1182023, 3, 0
1182148, 3, 0
1182273, 3, 1
1182398, 3, 0
1182523, 3, 0
1182648, 3, 0
1182773, 3, bit 1
1182773, 3, 1
1182898, 3, 0
1183023, 3, 0
1183148, 3, 1
1183273, 3, 0
1183398, 3, 0
1183523, 3, 1
1183648, 3, 0
1183773, 3, 0
1183898, 3, 0
1184023, 3, 1
1184148, 3, 0
1184273, 3, 0
1184398, 3, 0
1184523, 3, bit 0
1184526, 3, 0
1184648, 3, 1
1184773, 3, 1
1184898, 3, 0
1185024, 3, 1
1185149, 3, 1
1185274, 3, 0
1185399, 3, 1
1185524, 3, 1
1185649, 3, 1
1185774, 3, 0
1185899, 3, 1
1186024, 3, 1
1186149, 3, 1
1186274, 3, bit 0
1186274, 3, 0
1186399, 3, 1
1186524, 3, 1
1186649, 3, 0
1186774, 3, 1
1186899, 3, 1
1187024, 3, 0
1187149, 3, 1
1187274, 3, 1
1187399, 3, 1
1187524, 3, 0
1187649, 3, 1
1187774, 3, 1
1187899, 3, 1
1188024, 3, bit 1
1188024, 3, 1
1188149, 3, 0
1188274, 3, 0
1188399, 3, 1
1188524, 3, 0
1188649, 3, 0
1188774, 3, 1
1188899, 3, 0
1189024, 3, 0
1189149, 3, 0
1189274, 3, 1
1189399, 3, 0
1189524, 3, 0
1189649, 3, 0
1189774, 3, bit 1
1189774, 3, 1
1189899, 3, 0
1190024, 3, 0
1190149, 3, 1
1190274, 3, 0
1190400, 3, 0
1190525, 3, 1
1190650, 3, 0
1190775, 3, 0
1190900, 3, 0
1191025, 3, 1
1191150, 3, 0
1191275, 3, 0
1191400, 3, 0
1191525, 3, bit 0
1191525, 3, 0
1191650, 3, 1
1191775, 3, 1
1191900, 3, 0
1192025, 3, 1
1192150, 3, 1
1192275, 3, 0
1192400, 3, 1
1192525, 3, 1
1192650, 3, 1
1192775, 3, 0
1192900, 3, 1
1193025, 3, 1
1193150, 3, 1
1193275, 3, bit 1
1193275, 3, 1
1193400, 3, 0
1193525, 3, 0
1193650, 3, 1
1193775, 3, 0
1193900, 3, 0
1194025, 3, 1
1194150, 3, 0
1194275, 3, 0
1194400, 3, 0
1194525, 3, 1
1194650, 3, 0
1194775, 3, 0
1194900, 3, 0
1195025, 3, bit 0
1195025, 3, 0
1195150, 3, 1
1195275, 3, 1
1195400, 3, 0
1195525, 3, 1
1195650, 3, 1
1195776, 3, 0
1195901, 3, 1
1196026, 3, 1
1196151, 3, 1
1196276, 3, 0
1196401, 3, 1
1196526, 3, 1
1196651, 3, 1
1196776, 3, bit 0
1196776, 3, 0
1196901, 3, 1
1197026, 3, 1
1197151, 3, 0
1197276, 3, 1
1197401, 3, 1
1197526, 3, 0
1197651, 3, 1
1197776, 3, 1
1197901, 3, 1
1198026, 3, 0
1198151, 3, 1
1198276, 3, 1
1198401, 3, 1
1198526, 3, bit 1
1198526, 3, 1
1198651, 3, 0
1198776, 3, 0
1198901, 3, 1
1199026, 3, 0
1199151, 3, 0
1199276, 3, 1
1199401, 3, 0
1199526, 3, 0
1199651, 3, 0
1199776, 3, 1
1199901, 3, 0
1200026, 3, 0
1200151, 3, 0
1200276, 3, bit 1
1200276, 3, 1
1200401, 3, 0
1200526, 3, 0
1200651, 3, 1
1200776, 3, 0
1200901, 3, 0
1201026, 3, 1
1201152, 3, 0
1201277, 3, 0
1201402, 3, 0
1201527, 3, 1
1201652, 3, 0
1201777, 3, 0
1201902, 3, 0
1202027, 3, bit 0
1202027, 3, 0
1202152, 3, 1
1202277, 3, 1
1202402, 3, 0
1202527, 3, 1
1202652, 3, 1
1202777, 3, 0
1202902, 3, 1
1203027, 3, 1
1203152, 3, 1
1203277, 3, 0
1203402, 3, 1
1203527, 3, 1
1203652, 3, 1
1203777, 3, bit 1
1203777, 3, 1
1203902, 3, 0
1204027, 3, 0
1204152, 3, 1
1204277, 3, 0
1204402, 3, 0
1204527, 3, 1
1204652, 3, 0
1204777, 3, 0
1204902, 3, 0
1205027, 3, 1
1205152, 3, 0
1205277, 3, 0
1205402, 3, 0
1205527, 3, bit 0
1205527, 3, 0
1205652, 3, 1
1205777, 3, 1
1205902, 3, 0
1206027, 3, 1
1206152, 3, 1
1206277, 3, 0
1206402, 3, 1
1206528, 3, 1
1206653, 3, 1
1206778, 3, 0
1206903, 3, 1
1207028, 3, 1
1207153, 3, 1
