125 60 4 14 16
(2, 20, 12, 10.00), (code 2)
(3, 258, 13, 10.00), (code 1)
(4, 496, 5, 10.00), (code 3)
(5, 734, 8, 10.00), (code 5)
START
39831, 0, prem 1
39831, 0, 1
39956, 0, 1
40081, 0, 1
40206, 0, 1
40331, 0, 1
40456, 0, 1
40581, 0, 1
40706, 0, 1
40832, 0, 1
40957, 0, 1
41082, 0, 1
41207, 0, 1
41332, 0, 1
41457, 0, 1
41582, 0, 1
41707, 0, 1
41832, 0, prem 1
41832, 0, 1
41957, 0, 1
42082, 0, 1
42207, 0, 1
42332, 0, 1
42457, 0, 1
42582, 0, 1
42707, 0, 1
42832, 0, 1
42957, 0, 1
43082, 0, 1
43207, 0, 1
43332, 0, 1
43457, 0, 1
43582, 0, 1
43707, 0, 1
43832, 0, prem 0
43832, 0, 0
43957, 0, 0
44082, 0, 0
44207, 0, 0
44332, 0, 0
44457, 0, 0
44582, 0, 0
44707, 0, 0
44832, 0, 0
44957, 0, 0
45082, 0, 0
45207, 0, 0
45332, 0, 0
45457, 0, 0
45582, 0, 0
45707, 0, 0
45832, 0, prem 0
45832, 0, 0
45957, 0, 0
46082, 0, 0
46208, 0, 0
46333, 0, 0
46458, 0, 0
46583, 0, 0
46708, 0, 0
46833, 0, 0
46958, 0, 0
47083, 0, 0
47208, 0, 0
47333, 0, 0
47458, 0, 0
47583, 0, 0
47708, 0, 0
47833, 0, prem 1
47833, 0, 1
47958, 0, 1
48083, 0, 1
48208, 0, 1
48333, 0, 1
48458, 0, 1
48583, 0, 1
48708, 0, 1
48833, 0, 1
48958, 0, 1
49083, 0, 1
49208, 0, 1
49333, 0, 1
49458, 0, 1
49583, 0, 1
49708, 0, 1
49833, 0, prem 1
49833, 0, 1
49958, 0, 1
50083, 0, 1
50208, 0, 1
50333, 0, 1
50458, 0, 1
50583, 0, 1
50708, 0, 1
50833, 0, 1
50958, 0, 1
51083, 0, 1
51208, 0, 1
51333, 0, 1
51458, 0, 1
51584, 0, 1
51709, 0, 1
51834, 0, prem 0
51834, 0, 0
51959, 0, 0
52084, 0, 0
52209, 0, 0
52334, 0, 0
52459, 0, 0
52584, 0, 0
52709, 0, 0
52834, 0, 0
52959, 0, 0
53084, 0, 0
53209, 0, 0
53334, 0, 0
53459, 0, 0
53584, 0, 0
53709, 0, 0
53834, 0, prem 0
53834, 0, 0
53959, 0, 0
54084, 0, 0
54209, 0, 0
54334, 0, 0
54459, 0, 0
54584, 0, 0
54709, 0, 0
54834, 0, 0
54959, 0, 0
55084, 0, 0
55209, 0, 0
55334, 0, 0
55459, 0, 0
55584, 0, 0
55709, 0, 0
55834, 0, prem 0
55834, 0, 0
55959, 0, 0
56084, 0, 0
56209, 0, 0
56334, 0, 0
56459, 0, 0
56584, 0, 0
56709, 0, 0
56834, 0, 0
56960, 0, 0
57085, 0, 0
57210, 0, 0
57335, 0, 0
57460, 0, 0
57585, 0, 0
57710, 0, 0
57835, 0, prem 0
57835, 0, 0
57960, 0, 0
58085, 0, 0
58210, 0, 0
58335, 0, 0
58460, 0, 0
58585, 0, 0
58710, 0, 0
58835, 0, 0
58960, 0, 0
59085, 0, 0
59210, 0, 0
59335, 0, 0
59460, 0, 0
59585, 0, 0
59710, 0, 0
59835, 0, prem 0
59835, 0, 0
59960, 0, 0
60085, 0, 0
60210, 0, 0
60335, 0, 0
60460, 0, 0
60585, 0, 0
60710, 0, 0
60835, 0, 0
60960, 0, 0
61085, 0, 0
61210, 0, 0
61335, 0, 0
61460, 0, 0
61585, 0, 0
61710, 0, 0
61835, 0, prem 0
61835, 0, 0
61960, 0, 0
62085, 0, 0
62210, 0, 0
62336, 0, 0
62461, 0, 0
62586, 0, 0
62711, 0, 0
62836, 0, 0
62961, 0, 0
63086, 0, 0
63211, 0, 0
63336, 0, 0
63461, 0, 0
63586, 0, 0
63711, 0, 0
63836, 0, prem 0
63836, 0, 0
63961, 0, 0
64086, 0, 0
64211, 0, 0
64336, 0, 0
64461, 0, 0
64586, 0, 0
64711, 0, 0
64836, 0, 0
64961, 0, 0
65086, 0, 0
65211, 0, 0
65336, 0, 0
65461, 0, 0
65586, 0, 0
65711, 0, 0
65836, 0, prem 0
65836, 0, 0
65961, 0, 0
66086, 0, 0
66211, 0, 0
66336, 0, 0
66461, 0, 0
66586, 0, 0
66711, 0, 0
66836, 0, 0
66961, 0, 0
67086, 0, 0
67211, 0, 0
67336, 0, 0
67461, 0, 0
67586, 0, 0
67712, 0, 0
67837, 0, bit 1
67837, 0, 1
67962, 0, 1
68087, 0, 0
68212, 0, 0
68337, 0, 1
68462, 0, 1
68587, 0, 0
68712, 0, 0
68837, 0, 0
68962, 0, 0
69087, 0, 0
69212, 0, 0
69337, 0, 0
69462, 0, 0
69587, 0, bit 0
69587, 0, 0
69712, 0, 0
69715, 1, prem 1
69715, 1, 1
69837, 0, 1
69840, 1, 1
69962, 0, 1
69965, 1, 1
70087, 0, 0
70090, 1, 1
70212, 0, 0
70215, 1, 1
70337, 0, 1
70340, 1, 1
70462, 0, 1
70465, 1, 1
70587, 0, 1
70590, 1, 1
70712, 0, 1
70715, 1, 1
70837, 0, 1
70840, 1, 1
70962, 0, 1
70965, 1, 1
71087, 0, 1
71090, 1, 1
71212, 0, 1
71215, 1, 1
71337, 0, bit 0
71337, 0, 0
71340, 1, 1
71462, 0, 0
71465, 1, 1
71587, 0, 1
71590, 1, 1
71712, 0, 1
71715, 1, prem 1
71715, 1, 1
71837, 0, 0
71840, 1, 1
71962, 0, 0
71965, 1, 1
72087, 0, 1
72090, 1, 1
72212, 0, 1
72215, 1, 1
72337, 0, 1
72340, 1, 1
72462, 0, 1
72465, 1, 1
72587, 0, 1
72590, 1, 1
72712, 0, 1
72715, 1, 1
72837, 0, 1
72840, 1, 1
72962, 0, 1
72965, 1, 1
73088, 0, bit 0
73088, 0, 0
73090, 1, 1
73213, 0, 0
73216, 1, 1
73338, 0, 1
73341, 1, 1
73463, 0, 1
73466, 1, 1
73588, 0, 0
73591, 1, 1
73713, 0, 0
73716, 1, prem 0
73716, 1, 0
73838, 0, 1
73841, 1, 0
73963, 0, 1
73966, 1, 0
74088, 0, 1
74091, 1, 0
74213, 0, 1
74216, 1, 0
74338, 0, 1
74341, 1, 0
74463, 0, 1
74466, 1, 0
74588, 0, 1
74591, 1, 0
74713, 0, 1
74716, 1, 0
74838, 0, bit 0
74838, 0, 0
74841, 1, 0
74963, 0, 0
74966, 1, 0
75088, 0, 1
75091, 1, 0
75213, 0, 1
75216, 1, 0
75338, 0, 0
75341, 1, 0
75463, 0, 0
75466, 1, 0
75588, 0, 1
75591, 1, 0
75713, 0, 1
75716, 1, prem 1
75716, 1, 1
75838, 0, 1
75841, 1, 1
75963, 0, 1
75966, 1, 1
76088, 0, 1
76091, 1, 1
76213, 0, 1
76216, 1, 1
76338, 0, 1
76341, 1, 1
76463, 0, 1
76466, 1, 1
76588, 0, bit 1
76588, 0, 1
76591, 1, 1
76713, 0, 1
76716, 1, 1
76838, 0, 0
76841, 1, 1
76963, 0, 0
76966, 1, 1
77088, 0, 1
77091, 1, 1
77213, 0, 1
77216, 1, 1
77338, 0, 0
77341, 1, 1
77463, 0, 0
77466, 1, 1
77588, 0, 0
77591, 1, 1
77713, 0, 0
77716, 1, prem 0
77716, 1, 0
77838, 0, 0
77841, 1, 0
77963, 0, 0
77966, 1, 0
78088, 0, 0
78091, 1, 0
78213, 0, 0
78216, 1, 0
78338, 0, bit 0
78338, 0, 0
78341, 1, 0
78464, 0, 0
78466, 1, 0
78589, 0, 1
78592, 1, 0
78714, 0, 1
78717, 1, 0
78839, 0, 0
78842, 1, 0
78964, 0, 0
78967, 1, 0
79089, 0, 1
79092, 1, 0
79214, 0, 1
79217, 1, 0
79339, 0, 1
79342, 1, 0
79464, 0, 1
79467, 1, 0
79589, 0, 1
79592, 1, 0
79714, 0, 1
79717, 1, prem 0
79717, 1, 0
79839, 0, 1
79842, 1, 0
79964, 0, 1
79967, 1, 0
80089, 0, bit 1
80089, 0, 1
80092, 1, 0
80214, 0, 1
80217, 1, 0
80339, 0, 0
80342, 1, 0
80464, 0, 0
80467, 1, 0
80589, 0, 1
80592, 1, 0
80714, 0, 1
80717, 1, 0
80839, 0, 0
80842, 1, 0
80964, 0, 0
80967, 1, 0
81089, 0, 0
81092, 1, 0
81214, 0, 0
81217, 1, 0
81339, 0, 0
81342, 1, 0
81464, 0, 0
81467, 1, 0
81589, 0, 0
81592, 1, 0
81714, 0, 0
81717, 1, prem 0
81717, 1, 0
81839, 0, bit 0
81839, 0, 0
81842, 1, 0
81964, 0, 0
81967, 1, 0
82089, 0, 1
82092, 1, 0
82214, 0, 1
82217, 1, 0
82339, 0, 0
82342, 1, 0
82464, 0, 0
82467, 1, 0
82589, 0, 1
82592, 1, 0
82714, 0, 1
82717, 1, 0
82839, 0, 1
82842, 1, 0
82964, 0, 1
82967, 1, 0
83089, 0, 1
83092, 1, 0
83214, 0, 1
83217, 1, 0
83339, 0, 1
83342, 1, 0
83464, 0, 1
83467, 1, 0
83589, 0, bit 1
83589, 0, 1
83592, 1, 0
83714, 0, 1
83717, 1, prem 0
83717, 1, 0
83840, 0, 0
83842, 1, 0
83965, 0, 0
83968, 1, 0
84090, 0, 1
84093, 1, 0
84215, 0, 1
84218, 1, 0
84340, 0, 0
84343, 1, 0
84465, 0, 0
84468, 1, 0
84590, 0, 0
84593, 1, 0
84715, 0, 0
84718, 1, 0
84840, 0, 0
84843, 1, 0
84965, 0, 0
84968, 1, 0
85090, 0, 0
85093, 1, 0
85215, 0, 0
85218, 1, 0
85340, 0, bit 0
85340, 0, 0
85343, 1, 0
85465, 0, 0
85468, 1, 0
85590, 0, 1
85593, 1, 0
85715, 0, 1
85720, 1, prem 0
85720, 1, 0
85840, 0, 0
85846, 1, 0
85965, 0, 0
85971, 1, 0
86090, 0, 1
86096, 1, 0
86215, 0, 1
86221, 1, 0
86340, 0, 1
86346, 1, 0
86465, 0, 1
86471, 1, 0
86590, 0, 1
86596, 1, 0
86715, 0, 1
86721, 1, 0
86840, 0, 1
86846, 1, 0
86965, 0, 1
86971, 1, 0
87090, 0, bit 0
87090, 0, 0
87096, 1, 0
87215, 0, 0
87221, 1, 0
87340, 0, 1
87346, 1, 0
87465, 0, 1
87471, 1, 0
87590, 0, 0
87596, 1, 0
87715, 0, 0
87721, 1, prem 0
87721, 1, 0
87840, 0, 1
87846, 1, 0
87965, 0, 1
87971, 1, 0
88090, 0, 1
88096, 1, 0
88215, 0, 1
88221, 1, 0
88340, 0, 1
88346, 1, 0
88465, 0, 1
88471, 1, 0
88590, 0, 1
88596, 1, 0
88715, 0, 1
88721, 1, 0
88840, 0, bit 0
88840, 0, 0
88846, 1, 0
88965, 0, 0
88971, 1, 0
89090, 0, 1
89096, 1, 0
89216, 0, 1
89221, 1, 0
89341, 0, 0
89346, 1, 0
89466, 0, 0
89472, 1, 0
89591, 0, 1
89597, 1, 0
89716, 0, 1
89722, 1, prem 0
89722, 1, 0
89841, 0, 1
89847, 1, 0
89966, 0, 1
89972, 1, 0
90091, 0, 1
90097, 1, 0
90216, 0, 1
90222, 1, 0
90341, 0, 1
90347, 1, 0
90466, 0, 1
90472, 1, 0
90591, 0, bit 0
90591, 0, 0
90597, 1, 0
90716, 0, 0
90722, 1, 0
90841, 0, 1
90847, 1, 0
90966, 0, 1
90972, 1, 0
91091, 0, 0
91097, 1, 0
91216, 0, 0
91222, 1, 0
91341, 0, 1
91347, 1, 0
91466, 0, 1
91472, 1, 0
91591, 0, 1
91597, 1, 0
91716, 0, 1
91722, 1, prem 0
91722, 1, 0
91841, 0, 1
91847, 1, 0
91966, 0, 1
91972, 1, 0
92091, 0, 1
92097, 1, 0
92216, 0, 1
92222, 1, 0
92341, 0, bit 0
92341, 0, 0
92347, 1, 0
92466, 0, 0
92472, 1, 0
92591, 0, 1
92597, 1, 0
92716, 0, 1
92722, 1, 0
92841, 0, 0
92847, 1, 0
92966, 0, 0
92972, 1, 0
93091, 0, 1
93097, 1, 0
93216, 0, 1
93222, 1, 0
93341, 0, 1
93347, 1, 0
93466, 0, 1
93472, 1, 0
93591, 0, 1
93597, 1, 0
93716, 0, 1
93722, 1, prem 1
93722, 1, 1
93841, 0, 1
93847, 1, 1
93966, 0, 1
93972, 1, 1
94091, 0, bit 0
94091, 0, 0
94097, 1, 1
94216, 0, 0
94222, 1, 1
94341, 0, 1
94347, 1, 1
94466, 0, 1
94472, 1, 1
94592, 0, 0
94597, 1, 1
94717, 0, 0
94722, 1, 1
94842, 0, 1
94848, 1, 1
94967, 0, 1
94973, 1, 1
95092, 0, 1
95098, 1, 1
95217, 0, 1
95223, 1, 1
95342, 0, 1
95348, 1, 1
95467, 0, 1
95473, 1, 1
95592, 0, 1
95598, 1, 1
95717, 0, 1
95723, 1, prem 0
95723, 1, 0
95842, 0, bit 1
95842, 0, 1
95848, 1, 0
95967, 0, 1
95973, 1, 0
96092, 0, 0
96098, 1, 0
96217, 0, 0
96223, 1, 0
96342, 0, 1
96348, 1, 0
96467, 0, 1
96473, 1, 0
96592, 0, 0
96598, 1, 0
96717, 0, 0
96723, 1, 0
96842, 0, 0
96848, 1, 0
96967, 0, 0
96973, 1, 0
97092, 0, 0
97098, 1, 0
97217, 0, 0
97223, 1, 0
97342, 0, 0
97348, 1, 0
97467, 0, 0
97473, 1, 0
97592, 0, bit 1
97592, 0, 1
97598, 1, 0
97717, 0, 1
97723, 1, bit 1
97723, 1, 1
97842, 0, 0
97848, 1, 1
97967, 0, 0
97973, 1, 0
98092, 0, 1
98098, 1, 1
98217, 0, 1
98223, 1, 0
98342, 0, 0
98348, 1, 0
98467, 0, 0
98473, 1, 0
98477, 2, prem 1
98477, 2, 1
98592, 0, 0
98598, 1, 0
98603, 2, 1
98717, 0, 0
98723, 1, 0
98728, 2, 1
98842, 0, 0
98848, 1, 0
98853, 2, 1
98967, 0, 0
98973, 1, 0
98978, 2, 1
99092, 0, 0
99098, 1, 0
99103, 2, 1
99217, 0, 0
99223, 1, 1
99228, 2, 1
99342, 0, bit 0
99342, 0, 0
99348, 1, 0
99353, 2, 1
99467, 0, 0
99473, 1, bit 0
99473, 1, 0
99478, 2, 1
99592, 0, 1
99598, 1, 0
99603, 2, 1
99717, 0, 1
99723, 1, 1
99728, 2, 1
99842, 0, 0
99848, 1, 0
99853, 2, 1
99968, 0, 0
99973, 1, 1
99978, 2, 1
100093, 0, 1
100098, 1, 1
100103, 2, 1
100218, 0, 1
100224, 1, 1
100228, 2, 1
100343, 0, 1
100349, 1, 1
100353, 2, 1
100468, 0, 1
100474, 1, 1
100478, 2, prem 1
100478, 2, 1
100593, 0, 1
100599, 1, 1
100603, 2, 1
100718, 0, 1
100724, 1, 1
100728, 2, 1
100843, 0, 1
100849, 1, 1
100853, 2, 1
100968, 0, 1
100974, 1, 0
100978, 2, 1
101093, 0, bit 0
101093, 0, 0
101099, 1, 1
101103, 2, 1
101218, 0, 0
101224, 1, bit 1
101224, 1, 1
101228, 2, 1
101343, 0, 1
101349, 1, 1
101353, 2, 1
101468, 0, 1
101474, 1, 0
101478, 2, 1
101593, 0, 0
101599, 1, 1
101603, 2, 1
101718, 0, 0
101724, 1, 0
101728, 2, 1
101843, 0, 1
101849, 1, 0
101853, 2, 1
101968, 0, 1
101974, 1, 0
101978, 2, 1
102093, 0, 1
102099, 1, 0
102103, 2, 1
102218, 0, 1
102224, 1, 0
102228, 2, 1
102343, 0, 1
102349, 1, 0
102353, 2, 1
102468, 0, 1
102474, 1, 0
102478, 2, prem 0
102478, 2, 0
102593, 0, 1
102599, 1, 0
102603, 2, 0
102718, 0, 1
102724, 1, 1
102728, 2, 0
102843, 0, bit 0
102843, 0, 0
102849, 1, 0
102853, 2, 0
102968, 0, 0
102974, 1, bit 0
102974, 1, 0
102978, 2, 0
103093, 0, 1
103099, 1, 0
103103, 2, 0
103218, 0, 1
103224, 1, 1
103228, 2, 0
103343, 0, 0
103349, 1, 0
103353, 2, 0
103468, 0, 0
103474, 1, 1
103478, 2, 0
103593, 0, 1
103599, 1, 1
103603, 2, 0
103718, 0, 1
103724, 1, 1
103728, 2, 0
103843, 0, 1
103849, 1, 1
103853, 2, 0
103968, 0, 1
103974, 1, 1
103979, 2, 0
104093, 0, 1
104099, 1, 1
104104, 2, 0
104218, 0, 1
104224, 1, 1
104229, 2, 0
104343, 0, 1
104349, 1, 1
104354, 2, 0
104468, 0, 1
104474, 1, 0
104479, 2, prem 0
104479, 2, 0
104593, 0, bit 1
104593, 0, 1
104599, 1, 1
104604, 2, 0
104718, 0, 1
104724, 1, bit 1
104724, 1, 1
104729, 2, 0
104843, 0, 0
104849, 1, 1
104854, 2, 0
104968, 0, 0
104974, 1, 0
104979, 2, 0
105093, 0, 1
105099, 1, 1
105104, 2, 0
105218, 0, 1
105224, 1, 0
105229, 2, 0
105344, 0, 0
105349, 1, 0
105354, 2, 0
105469, 0, 0
105474, 1, 0
105479, 2, 0
105594, 0, 0
105600, 1, 0
105604, 2, 0
105719, 0, 0
105725, 1, 0
105729, 2, 0
105844, 0, 0
105850, 1, 0
105854, 2, 0
105969, 0, 0
105975, 1, 0
105979, 2, 0
106094, 0, 0
106100, 1, 0
106104, 2, 0
106219, 0, 0
106225, 1, 1
106229, 2, 0
106344, 0, bit 0
106344, 0, 0
106350, 1, 0
106354, 2, 0
106469, 0, 0
106475, 1, bit 1
106475, 1, 1
106479, 2, prem 0
106479, 2, 0
106594, 0, 1
106600, 1, 1
106604, 2, 0
106719, 0, 1
106725, 1, 0
106729, 2, 0
106844, 0, 0
106850, 1, 1
106854, 2, 0
106969, 0, 0
106975, 1, 0
106979, 2, 0
107094, 0, 1
107100, 1, 0
107104, 2, 0
107219, 0, 1
107225, 1, 0
107229, 2, 0
107344, 0, 1
107350, 1, 0
107354, 2, 0
107469, 0, 1
107475, 1, 0
107479, 2, 0
107594, 0, 1
107600, 1, 0
107604, 2, 0
107719, 0, 1
107725, 1, 0
107729, 2, 0
107844, 0, 1
107850, 1, 0
107854, 2, 0
107969, 0, 1
107975, 1, 1
107979, 2, 0
108094, 0, bit 1
108094, 0, 1
108100, 1, 0
108104, 2, 0
108219, 0, 1
108225, 1, bit 0
108225, 1, 0
108229, 2, 0
108344, 0, 0
108350, 1, 0
108354, 2, 0
108469, 0, 0
108475, 1, 1
108479, 2, prem 0
108479, 2, 0
108594, 0, 1
108600, 1, 0
108604, 2, 0
108719, 0, 1
108725, 1, 1
108729, 2, 0
108844, 0, 0
108850, 1, 1
108854, 2, 0
108969, 0, 0
108975, 1, 1
108979, 2, 0
109094, 0, 0
109100, 1, 1
109104, 2, 0
109219, 0, 0
109225, 1, 1
109229, 2, 0
109344, 0, 0
109350, 1, 1
109355, 2, 0
109469, 0, 0
109475, 1, 1
109480, 2, 0
109594, 0, 0
109600, 1, 1
109605, 2, 0
109719, 0, 0
109725, 1, 0
109730, 2, 0
109844, 0, bit 0
109844, 0, 0
109850, 1, 1
109855, 2, 0
109969, 0, 0
109975, 1, bit 1
109975, 1, 1
109980, 2, 0
110094, 0, 1
110100, 1, 1
110105, 2, 0
110219, 0, 1
110225, 1, 0
110230, 2, 0
110344, 0, 0
110350, 1, 1
110355, 2, 0
110469, 0, 0
110475, 1, 0
110480, 2, prem 1
110480, 2, 1
110594, 0, 1
110600, 1, 0
110605, 2, 1
110720, 0, 1
110725, 1, 0
110730, 2, 1
110845, 0, 1
110850, 1, 0
110855, 2, 1
110970, 0, 1
110976, 1, 0
110980, 2, 1
111095, 0, 1
111101, 1, 0
111105, 2, 1
111220, 0, 1
111226, 1, 0
111230, 2, 1
111345, 0, 1
111351, 1, 0
111355, 2, 1
111470, 0, 1
111476, 1, 1
111480, 2, 1
111595, 0, bit 0
111595, 0, 0
111601, 1, 0
111605, 2, 1
111720, 0, 0
111726, 1, bit 1
111726, 1, 1
111730, 2, 1
111845, 0, 1
111851, 1, 1
111855, 2, 1
111970, 0, 1
111976, 1, 0
111980, 2, 1
112095, 0, 0
112101, 1, 1
112105, 2, 1
112220, 0, 0
112226, 1, 0
112230, 2, 1
112345, 0, 1
112351, 1, 0
112355, 2, 1
112470, 0, 1
112476, 1, 0
112480, 2, prem 0
112480, 2, 0
112595, 0, 1
112601, 1, 0
112605, 2, 0
112720, 0, 1
112726, 1, 0
112730, 2, 0
112845, 0, 1
112851, 1, 0
112855, 2, 0
112970, 0, 1
112976, 1, 0
112980, 2, 0
113095, 0, 1
113101, 1, 0
113105, 2, 0
113220, 0, 1
113226, 1, 1
113230, 2, 0
113345, 0, bit 0
113345, 0, 0
113351, 1, 0
113355, 2, 0
113470, 0, 0
113476, 1, bit 0
113476, 1, 0
113480, 2, 0
113595, 0, 1
113601, 1, 0
113605, 2, 0
113720, 0, 1
113726, 1, 1
113730, 2, 0
113845, 0, 0
113851, 1, 0
113855, 2, 0
113970, 0, 0
113976, 1, 1
113980, 2, 0
114095, 0, 1
114101, 1, 1
114105, 2, 0
114220, 0, 1
114226, 1, 1
114230, 2, 0
114345, 0, 1
114351, 1, 1
114355, 2, 0
114470, 0, 1
114476, 1, 1
114480, 2, prem 0
114480, 2, 0
114595, 0, 1
114601, 1, 1
114605, 2, 0
114720, 0, 1
114726, 1, 1
114731, 2, 0
114845, 0, 1
114851, 1, 1
114856, 2, 0
114970, 0, 1
114976, 1, 0
114981, 2, 0
115095, 0, bit 0
115095, 0, 0
115101, 1, 1
115106, 2, 0
115220, 0, 0
115226, 1, bit 1
115226, 1, 1
115231, 2, 0
115345, 0, 1
115351, 1, 1
115356, 2, 0
115470, 0, 1
115476, 1, 0
115481, 2, 0
115595, 0, 0
115601, 1, 1
115606, 2, 0
115720, 0, 0
115726, 1, 0
115731, 2, 0
115845, 0, 1
115851, 1, 0
115856, 2, 0
115970, 0, 1
115976, 1, 0
115981, 2, 0
116096, 0, 1
116101, 1, 0
116106, 2, 0
116221, 0, 1
116226, 1, 0
116231, 2, 0
116346, 0, 1
116352, 1, 0
116356, 2, 0
116471, 0, 1
116477, 1, 0
116481, 2, prem 1
116481, 2, 1
116596, 0, 1
116602, 1, 0
116606, 2, 1
116721, 0, 1
116727, 1, 1
116731, 2, 1
116846, 0, bit 1
116846, 0, 1
116852, 1, 0
116856, 2, 1
116971, 0, 1
116977, 1, bit 0
116977, 1, 0
116981, 2, 1
117096, 0, 0
117102, 1, 0
117106, 2, 1
117221, 0, 0
117227, 1, 1
117231, 2, 1
117346, 0, 1
117352, 1, 0
117356, 2, 1
117471, 0, 1
117477, 1, 1
117481, 2, 1
117596, 0, 0
117602, 1, 1
117606, 2, 1
117721, 0, 0
117727, 1, 1
117731, 2, 1
117846, 0, 0
117852, 1, 1
117856, 2, 1
117971, 0, 0
117977, 1, 1
117981, 2, 1
118096, 0, 0
118102, 1, 1
118106, 2, 1
118221, 0, 0
118227, 1, 1
118231, 2, 1
118346, 0, 0
118352, 1, 1
118356, 2, 1
118471, 0, 0
118477, 1, 0
118481, 2, prem 0
118481, 2, 0
118596, 0, bit 0
118596, 0, 0
118602, 1, 1
118606, 2, 0
118721, 0, 0
118727, 1, bit 1
118727, 1, 1
118731, 2, 0
118846, 0, 1
118852, 1, 1
118856, 2, 0
118971, 0, 1
118977, 1, 0
118981, 2, 0
119096, 0, 0
119102, 1, 1
119106, 2, 0
119221, 0, 0
119227, 1, 0
119231, 2, 0
119346, 0, 1
119352, 1, 0
119356, 2, 0
119471, 0, 1
119477, 1, 0
119481, 2, 0
119596, 0, 1
119602, 1, 0
119606, 2, 0
119721, 0, 1
119727, 1, 0
119731, 2, 0
119846, 0, 1
119852, 1, 0
119856, 2, 0
119971, 0, 1
119977, 1, 0
119981, 2, 0
120096, 0, 1
120102, 1, 0
120107, 2, 0
120221, 0, 1
120227, 1, 1
120232, 2, 0
120346, 0, bit 1
120346, 0, 1
120352, 1, 0
120357, 2, 0
120471, 0, 1
120477, 1, bit 0
120477, 1, 0
120482, 2, prem 0
120482, 2, 0
120596, 0, 0
120602, 1, 0
120607, 2, 0
120721, 0, 0
120727, 1, 1
120732, 2, 0
120846, 0, 1
120852, 1, 0
120857, 2, 0
120971, 0, 1
120977, 1, 1
120982, 2, 0
121096, 0, 0
121102, 1, 1
121107, 2, 0
121221, 0, 0
121227, 1, 1
121232, 2, 0
121346, 0, 0
121352, 1, 1
121357, 2, 0
121472, 0, 0
121477, 1, 1
121482, 2, 0
121597, 0, 0
121602, 1, 1
121607, 2, 0
121722, 0, 0
121728, 1, 1
121732, 2, 0
121847, 0, 0
121853, 1, 1
121857, 2, 0
121972, 0, 0
121978, 1, 0
121982, 2, 0
122097, 0, bit 1
122097, 0, 1
122103, 1, 1
122107, 2, 0
122222, 0, 1
122228, 1, bit 0
122228, 1, 0
122232, 2, 0
122347, 0, 0
122353, 1, 0
122357, 2, 0
122472, 0, 0
122478, 1, 1
122482, 2, prem 0
122482, 2, 0
122597, 0, 1
122603, 1, 0
122607, 2, 0
122722, 0, 1
122728, 1, 1
122732, 2, 0
122847, 0, 0
122853, 1, 1
122857, 2, 0
122972, 0, 0
122978, 1, 1
122982, 2, 0
123097, 0, 0
123103, 1, 1
123107, 2, 0
123222, 0, 0
123228, 1, 1
123232, 2, 0
123347, 0, 0
123353, 1, 1
123357, 2, 0
123472, 0, 0
123478, 1, 1
123482, 2, 0
123597, 0, 0
123603, 1, 1
123607, 2, 0
123722, 0, 0
123728, 1, 0
123732, 2, 0
123847, 0, bit 0
123847, 0, 0
123853, 1, 1
123857, 2, 0
123972, 0, 0
123978, 1, bit 0
123978, 1, 0
123982, 2, 0
124097, 0, 1
124103, 1, 0
124107, 2, 0
124222, 0, 1
124228, 1, 1
124232, 2, 0
124347, 0, 0
124353, 1, 0
124357, 2, 0
124472, 0, 0
124478, 1, 1
124482, 2, prem 0
124482, 2, 0
124597, 0, 1
124603, 1, 1
124607, 2, 0
124722, 0, 1
124728, 1, 1
124732, 2, 0
124847, 0, 1
124853, 1, 1
124857, 2, 0
124972, 0, 1
124978, 1, 1
124982, 2, 0
125097, 0, 1
125103, 1, 1
125107, 2, 0
125222, 0, 1
125228, 1, 1
125232, 2, 0
125347, 0, 1
125353, 1, 1
125357, 2, 0
125472, 0, 1
125478, 1, 0
125483, 2, 0
125597, 0, bit 1
125597, 0, 1
125603, 1, 1
125608, 2, 0
125722, 0, 1
125728, 1, bit 0
125728, 1, 0
125733, 2, 0
125847, 0, 0
125853, 1, 0
125858, 2, 0
125972, 0, 0
125978, 1, 1
125983, 2, 0
126097, 0, 1
126103, 1, 0
126108, 2, 0
126222, 0, 1
126228, 1, 1
126233, 2, 0
126347, 0, 0
126353, 1, 1
126358, 2, 0
126472, 0, 0
126478, 1, 1
126483, 2, bit 1
126483, 2, 1
126597, 0, 0
126603, 1, 1
126608, 2, 1
126722, 0, 0
126728, 1, 1
126733, 2, 0
126848, 0, 0
126853, 1, 1
126858, 2, 0
126973, 0, 0
126978, 1, 1
126983, 2, 0
127098, 0, 0
127104, 1, 1
127108, 2, 0
127223, 0, 0
127229, 1, 0
127233, 2, 1
127348, 0, bit 1
127348, 0, 1
127354, 1, 1
127358, 2, 0
127473, 0, 1
127479, 1, bit 0
127479, 1, 0
127483, 2, 0
127598, 0, 0
127604, 1, 0
127608, 2, 1
127723, 0, 0
127729, 1, 1
127733, 2, 0
127848, 0, 1
127854, 1, 0
127858, 2, 0
127973, 0, 1
127979, 1, 1
127983, 2, 0
128098, 0, 0
128104, 1, 1
128108, 2, 0
128223, 0, 0
128229, 1, 1
128233, 2, bit 1
128233, 2, 1
128348, 0, 0
128354, 1, 1
128358, 2, 1
128473, 0, 0
128479, 1, 1
128483, 2, 0
128598, 0, 0
128604, 1, 1
128608, 2, 0
128619, 3, prem 1
128619, 3, 1
128723, 0, 0
128729, 1, 1
128733, 2, 0
128744, 3, 1
128848, 0, 0
128854, 1, 1
128858, 2, 0
128869, 3, 1
128973, 0, 0
128979, 1, 0
128983, 2, 1
128994, 3, 1
129098, 0, bit 1
129098, 0, 1
129104, 1, 1
129108, 2, 0
129119, 3, 1
129223, 0, 1
129229, 1, bit 0
129229, 1, 0
129233, 2, 0
129244, 3, 1
129348, 0, 0
129354, 1, 0
129358, 2, 1
129369, 3, 1
129473, 0, 0
129479, 1, 1
129483, 2, 0
129494, 3, 1
129598, 0, 1
129604, 1, 0
129608, 2, 0
129619, 3, 1
129723, 0, 1
129729, 1, 1
129733, 2, 0
129744, 3, 1
129848, 0, 0
129854, 1, 1
129858, 2, 0
129869, 3, 1
129973, 0, 0
129979, 1, 1
129983, 2, bit 0
129983, 2, 0
129994, 3, 1
130098, 0, 0
130104, 1, 1
130108, 2, 0
130119, 3, 1
130223, 0, 0
130229, 1, 1
130233, 2, 1
130244, 3, 1
130348, 0, 0
130354, 1, 1
130358, 2, 1
130369, 3, 1
130473, 0, 0
130479, 1, 1
130483, 2, 1
130494, 3, 1
130598, 0, 0
130604, 1, 1
130608, 2, 1
130619, 3, prem 0
130619, 3, 0
130723, 0, 0
130729, 1, 0
130733, 2, 0
130744, 3, 0
130848, 0, bit 0
130848, 0, 0
130854, 1, 1
130859, 2, 1
130869, 3, 0
130973, 0, 0
130979, 1, bit 0
130979, 1, 0
130984, 2, 1
130994, 3, 0
131098, 0, 1
131104, 1, 0
131109, 2, 0
131119, 3, 0
131223, 0, 1
131229, 1, 1
131234, 2, 1
131244, 3, 0
131348, 0, 0
131354, 1, 0
131359, 2, 1
131369, 3, 0
131473, 0, 0
131479, 1, 1
131484, 2, 1
131494, 3, 0
131598, 0, 1
131604, 1, 1
131609, 2, 1
131619, 3, 0
131723, 0, 1
131729, 1, 1
131734, 2, bit 0
131734, 2, 0
131744, 3, 0
131848, 0, 1
131854, 1, 1
131859, 2, 0
131869, 3, 0
131973, 0, 1
131979, 1, 1
131984, 2, 1
131994, 3, 0
132098, 0, 1
132104, 1, 1
132109, 2, 1
132119, 3, 0
132224, 0, 1
132229, 1, 1
132234, 2, 1
132244, 3, 0
132349, 0, 1
132354, 1, 1
132359, 2, 1
132369, 3, 0
132474, 0, 1
132480, 1, 0
132484, 2, 0
132494, 3, 0
132599, 0, bit 1
132599, 0, 1
132605, 1, 1
132609, 2, 1
132619, 3, prem 0
132619, 3, 0
132724, 0, 1
132730, 1, bit 1
132730, 1, 1
132734, 2, 1
132744, 3, 0
132849, 0, 0
132855, 1, 1
132859, 2, 0
132869, 3, 0
132974, 0, 0
132980, 1, 0
132984, 2, 1
132994, 3, 0
133099, 0, 1
133105, 1, 1
133109, 2, 1
133120, 3, 0
133224, 0, 1
133230, 1, 0
133234, 2, 1
133245, 3, 0
133349, 0, 0
133355, 1, 0
133359, 2, 1
133370, 3, 0
133474, 0, 0
133480, 1, 0
133484, 2, bit 1
133484, 2, 1
133495, 3, 0
133599, 0, 0
133605, 1, 0
133609, 2, 1
133620, 3, 0
133724, 0, 0
133730, 1, 0
133734, 2, 0
133745, 3, 0
133849, 0, 0
133855, 1, 0
133859, 2, 0
133870, 3, 0
133974, 0, 0
133980, 1, 0
133984, 2, 0
133995, 3, 0
134099, 0, 0
134105, 1, 0
134109, 2, 0
134120, 3, 0
134224, 0, 0
134230, 1, 1
134234, 2, 1
134245, 3, 0
134349, 0, bit 0
134349, 0, 0
134355, 1, 0
134359, 2, 0
134370, 3, 0
134474, 0, 0
134480, 1, bit 0
134480, 1, 0
134484, 2, 0
134495, 3, 0
134599, 0, 1
134605, 1, 0
134609, 2, 1
134620, 3, prem 1
134620, 3, 1
134724, 0, 1
134730, 1, 1
134734, 2, 0
134745, 3, 1
134849, 0, 0
134855, 1, 0
134859, 2, 0
134870, 3, 1
134974, 0, 0
134980, 1, 1
134984, 2, 0
134995, 3, 1
135099, 0, 1
135105, 1, 1
135109, 2, 0
135120, 3, 1
135224, 0, 1
135230, 1, 1
135234, 2, bit 0
135234, 2, 0
135245, 3, 1
135349, 0, 1
135355, 1, 1
135359, 2, 0
135370, 3, 1
135474, 0, 1
135480, 1, 1
135484, 2, 1
135495, 3, 1
135599, 0, 1
135605, 1, 1
135609, 2, 1
135620, 3, 1
135724, 0, 1
135730, 1, 1
135734, 2, 1
135745, 3, 1
135849, 0, 1
135855, 1, 1
135859, 2, 1
135870, 3, 1
135974, 0, 1
135980, 1, 0
135984, 2, 0
135995, 3, 1
136099, 0, bit 1
136099, 0, 1
136105, 1, 1
136109, 2, 1
136120, 3, 1
136224, 0, 1
136230, 1, bit 0
136230, 1, 0
136235, 2, 1
136245, 3, 1
136349, 0, 0
136355, 1, 0
136360, 2, 0
136370, 3, 1
136474, 0, 0
136480, 1, 1
136485, 2, 1
136495, 3, 1
136599, 0, 1
136605, 1, 0
136610, 2, 1
136620, 3, prem 0
136620, 3, 0
136724, 0, 1
136730, 1, 1
136735, 2, 1
136745, 3, 0
136849, 0, 0
136855, 1, 1
136860, 2, 1
136870, 3, 0
136974, 0, 0
136980, 1, 1
136985, 2, bit 0
136985, 2, 0
136995, 3, 0
137099, 0, 0
137105, 1, 1
137110, 2, 0
137120, 3, 0
137224, 0, 0
137230, 1, 1
137235, 2, 1
137245, 3, 0
137349, 0, 0
137355, 1, 1
137360, 2, 1
137370, 3, 0
137474, 0, 0
137480, 1, 1
137485, 2, 1
137495, 3, 0
137600, 0, 0
137605, 1, 1
137610, 2, 1
137620, 3, 0
137725, 0, 0
137730, 1, 0
137735, 2, 0
137745, 3, 0
137850, 0, bit 0
137850, 0, 0
137856, 1, 1
137860, 2, 1
137870, 3, 0
137975, 0, 0
137981, 1, bit 1
137981, 1, 1
137985, 2, 1
137995, 3, 0
138100, 0, 1
138106, 1, 1
138110, 2, 0
138120, 3, 0
138225, 0, 1
138231, 1, 0
138235, 2, 1
138245, 3, 0
138350, 0, 0
138356, 1, 1
138360, 2, 1
138370, 3, 0
138475, 0, 0
138481, 1, 0
138485, 2, 1
138496, 3, 0
138600, 0, 1
138606, 1, 0
138610, 2, 1
138621, 3, prem 0
138621, 3, 0
138725, 0, 1
138731, 1, 0
138735, 2, bit 1
138735, 2, 1
138746, 3, 0
138850, 0, 1
138856, 1, 0
138860, 2, 1
138871, 3, 0
138975, 0, 1
138981, 1, 0
138985, 2, 0
138996, 3, 0
139100, 0, 1
139106, 1, 0
139110, 2, 0
139121, 3, 0
139225, 0, 1
139231, 1, 0
139235, 2, 0
139246, 3, 0
139350, 0, 1
139356, 1, 0
139360, 2, 0
139371, 3, 0
139475, 0, 1
139481, 1, 1
139485, 2, 1
139496, 3, 0
139600, 0, bit 1
139600, 0, 1
139606, 1, 0
139610, 2, 0
139621, 3, 0
139725, 0, 1
139731, 1, bit 0
139731, 1, 0
139735, 2, 0
139746, 3, 0
139850, 0, 0
139856, 1, 0
139860, 2, 1
139871, 3, 0
139975, 0, 0
139981, 1, 1
139985, 2, 0
139996, 3, 0
140100, 0, 1
140106, 1, 0
140110, 2, 0
140121, 3, 0
140225, 0, 1
140231, 1, 1
140235, 2, 0
140246, 3, 0
140350, 0, 0
140356, 1, 1
140360, 2, 0
140371, 3, 0
140475, 0, 0
140481, 1, 1
140485, 2, bit 1
140485, 2, 1
140496, 3, 0
140600, 0, 0
140606, 1, 1
140610, 2, 1
140621, 3, prem 1
140621, 3, 1
140725, 0, 0
140731, 1, 1
140735, 2, 0
140746, 3, 1
140850, 0, 0
140856, 1, 1
140860, 2, 0
140871, 3, 1
140975, 0, 0
140981, 1, 1
140985, 2, 0
140996, 3, 1
141100, 0, 0
141106, 1, 1
141110, 2, 0
141121, 3, 1
141225, 0, 0
141231, 1, 0
141235, 2, 1
141246, 3, 1
141350, 0, bit 0
141350, 0, 0
141356, 1, 1
141360, 2, 0
141371, 3, 1
141475, 0, 0
141481, 1, bit 0
141481, 1, 0
141485, 2, 0
141496, 3, 1
141600, 0, 1
141606, 1, 0
141611, 2, 1
141621, 3, 1
141725, 0, 1
141731, 1, 1
141736, 2, 0
141746, 3, 1
141850, 0, 0
141856, 1, 0
141861, 2, 0
141871, 3, 1
141975, 0, 0
141981, 1, 1
141986, 2, 0
141996, 3, 1
142100, 0, 1
142106, 1, 1
142111, 2, 0
142121, 3, 1
142225, 0, 1
142231, 1, 1
142236, 2, bit 1
142236, 2, 1
142246, 3, 1
142350, 0, 1
142356, 1, 1
142361, 2, 1
142371, 3, 1
142475, 0, 1
142481, 1, 1
142486, 2, 0
142496, 3, 1
142600, 0, 1
142606, 1, 1
142611, 2, 0
142621, 3, prem 0
142621, 3, 0
142725, 0, 1
142731, 1, 1
142736, 2, 0
142746, 3, 0
142850, 0, 1
142856, 1, 1
142861, 2, 0
142871, 3, 0
142976, 0, 1
142981, 1, 0
142986, 2, 1
142996, 3, 0
143101, 0, bit 1
143101, 0, 1
143106, 1, 1
143111, 2, 0
143121, 3, 0
143226, 0, 1
143232, 1, bit 0
143232, 1, 0
143236, 2, 0
143246, 3, 0
143351, 0, 0
143357, 1, 0
143361, 2, 1
143371, 3, 0
143476, 0, 0
143482, 1, 1
143486, 2, 0
143496, 3, 0
143601, 0, 1
143607, 1, 0
143611, 2, 0
143621, 3, 0
143726, 0, 1
143732, 1, 1
143736, 2, 0
143746, 3, 0
143851, 0, 0
143857, 1, 1
143861, 2, 0
143872, 3, 0
143976, 0, 0
143982, 1, 1
143986, 2, bit 1
143986, 2, 1
143997, 3, 0
144101, 0, 0
144107, 1, 1
144111, 2, 1
144122, 3, 0
144226, 0, 0
144232, 1, 1
144236, 2, 0
144247, 3, 0
144351, 0, 0
144357, 1, 1
144361, 2, 0
144372, 3, 0
144476, 0, 0
144482, 1, 1
144486, 2, 0
144497, 3, 0
144601, 0, 0
144607, 1, 1
144611, 2, 0
144622, 3, prem 0
144622, 3, 0
144726, 0, 0
144732, 1, 0
144736, 2, 1
144747, 3, 0
144851, 0, bit 1
144851, 0, 1
144857, 1, 1
144861, 2, 0
144872, 3, 0
144976, 0, 1
144982, 1, bit 1
144982, 1, 1
144986, 2, 0
144997, 3, 0
145101, 0, 0
145107, 1, 1
145111, 2, 1
145122, 3, 0
145226, 0, 0
145232, 1, 0
145236, 2, 0
145247, 3, 0
145351, 0, 1
145357, 1, 1
145361, 2, 0
145372, 3, 0
145476, 0, 1
145482, 1, 0
145486, 2, 0
145497, 3, 0
145601, 0, 0
145607, 1, 0
145611, 2, 0
145622, 3, 0
145726, 0, 0
145732, 1, 0
145736, 2, bit 0
145736, 2, 0
145747, 3, 0
145851, 0, 0
145857, 1, 0
145861, 2, 0
145872, 3, 0
145976, 0, 0
145982, 1, 0
145986, 2, 1
145997, 3, 0
146101, 0, 0
146107, 1, 0
146111, 2, 1
146122, 3, 0
146226, 0, 0
146232, 1, 0
146236, 2, 1
146247, 3, 0
146351, 0, 0
146357, 1, 0
146361, 2, 1
146372, 3, 0
146476, 0, 0
146482, 1, 1
146486, 2, 0
146497, 3, 0
146601, 0, bit 1
146601, 0, 1
146607, 1, 0
146611, 2, 1
146622, 3, prem 0
146622, 3, 0
146726, 0, 1
146732, 1, bit 1
146732, 1, 1
146736, 2, 1
146747, 3, 0
146851, 0, 0
146857, 1, 1
146861, 2, 0
146872, 3, 0
146976, 0, 0
146982, 1, 0
146987, 2, 1
146997, 3, 0
147101, 0, 1
147107, 1, 1
147112, 2, 1
147122, 3, 0
147226, 0, 1
147232, 1, 0
147237, 2, 1
147247, 3, 0
147351, 0, 0
147357, 1, 0
147362, 2, 1
147372, 3, 0
147476, 0, 0
147482, 1, 0
147487, 2, bit 0
147487, 2, 0
147497, 3, 0
147601, 0, 0
147607, 1, 0
147612, 2, 0
147622, 3, 0
147726, 0, 0
147732, 1, 0
147737, 2, 1
147747, 3, 0
147851, 0, 0
147857, 1, 0
147862, 2, 1
147872, 3, 0
147976, 0, 0
147982, 1, 0
147987, 2, 1
147997, 3, 0
148101, 0, 0
148107, 1, 0
148112, 2, 1
148122, 3, 0
148226, 0, 0
148232, 1, 1
148237, 2, 0
148247, 3, 0
148352, 0, bit 1
148352, 0, 1
148357, 1, 0
148362, 2, 1
148372, 3, 0
148477, 0, 1
148482, 1, bit 1
148482, 1, 1
148487, 2, 1
148497, 3, 0
148602, 0, 0
148608, 1, 1
148612, 2, 0
148622, 3, prem 1
148622, 3, 1
148727, 0, 0
148733, 1, 0
148737, 2, 1
148747, 3, 1
148852, 0, 1
148858, 1, 1
148862, 2, 1
148872, 3, 1
148977, 0, 1
148983, 1, 0
148987, 2, 1
148997, 3, 1
149102, 0, 0
149108, 1, 0
149112, 2, 1
149122, 3, 1
149227, 0, 0
149233, 1, 0
149237, 2, bit 1
149237, 2, 1
149248, 3, 1
149352, 0, 0
149358, 1, 0
149362, 2, 1
149373, 3, 1
149477, 0, 0
149483, 1, 0
149487, 2, 0
149498, 3, 1
149602, 0, 0
149608, 1, 0
149612, 2, 0
149623, 3, 1
149727, 0, 0
149733, 1, 0
149737, 2, 0
149748, 3, 1
149852, 0, 0
149858, 1, 0
149862, 2, 0
149873, 3, 1
149977, 0, 0
149983, 1, 1
149987, 2, 1
149998, 3, 1
150102, 0, bit 1
150102, 0, 1
150108, 1, 0
150112, 2, 0
150123, 3, 1
150227, 0, 1
150233, 1, bit 1
150233, 1, 1
150237, 2, 0
150248, 3, 1
150352, 0, 0
150358, 1, 1
150362, 2, 1
150373, 3, 1
150477, 0, 0
150483, 1, 0
150487, 2, 0
150498, 3, 1
150602, 0, 1
150608, 1, 1
150612, 2, 0
150623, 3, prem 0
150623, 3, 0
150727, 0, 1
150733, 1, 0
150737, 2, 0
150748, 3, 0
150852, 0, 0
150858, 1, 0
150862, 2, 0
150873, 3, 0
150977, 0, 0
150983, 1, 0
150987, 2, bit 1
150987, 2, 1
150998, 3, 0
151102, 0, 0
151108, 1, 0
151112, 2, 1
151123, 3, 0
151227, 0, 0
151233, 1, 0
151237, 2, 0
151248, 3, 0
151352, 0, 0
151358, 1, 0
151362, 2, 0
151373, 3, 0
151477, 0, 0
151483, 1, 0
151487, 2, 0
151498, 3, 0
151602, 0, 0
151608, 1, 0
151612, 2, 0
151623, 3, 0
151727, 0, 0
151733, 1, 1
151737, 2, 1
151748, 3, 0
151852, 0, bit 1
151852, 0, 1
151858, 1, 0
151862, 2, 0
151873, 3, 0
151977, 0, 1
151983, 1, bit 0
151983, 1, 0
151987, 2, 0
151998, 3, 0
152102, 0, 0
152108, 1, 0
152112, 2, 1
152123, 3, 0
152227, 0, 0
152233, 1, 1
152237, 2, 0
152248, 3, 0
152352, 0, 1
152358, 1, 0
152363, 2, 0
152373, 3, 0
152477, 0, 1
152483, 1, 1
152488, 2, 0
152498, 3, 0
152602, 0, 0
152608, 1, 1
152613, 2, 0
152623, 3, prem 0
152623, 3, 0
152727, 0, 0
152733, 1, 1
152738, 2, bit 0
152738, 2, 0
152748, 3, 0
152852, 0, 0
152858, 1, 1
152863, 2, 0
152873, 3, 0
152977, 0, 0
152983, 1, 1
152988, 2, 1
152998, 3, 0
153102, 0, 0
153108, 1, 1
153113, 2, 1
153123, 3, 0
153227, 0, 0
153233, 1, 1
153238, 2, 1
153248, 3, 0
153352, 0, 0
153358, 1, 1
153363, 2, 1
153373, 3, 0
153477, 0, 0
153483, 1, 0
153488, 2, 0
153498, 3, 0
153602, 0, bit 1
153602, 0, 1
153608, 1, 1
153613, 2, 1
153623, 3, 0
153728, 0, 1
153733, 1, bit 1
153733, 1, 1
153738, 2, 1
153748, 3, 0
153853, 0, 0
153858, 1, 1
153863, 2, 0
153873, 3, 0
153978, 0, 0
153984, 1, 0
153988, 2, 1
153998, 3, 0
154103, 0, 1
154109, 1, 1
154113, 2, 1
154123, 3, 0
154228, 0, 1
154234, 1, 0
154238, 2, 1
154248, 3, 0
154353, 0, 0
154359, 1, 0
154363, 2, 1
154373, 3, 0
154478, 0, 0
154484, 1, 0
154488, 2, bit 0
154488, 2, 0
154498, 3, 0
154603, 0, 0
154609, 1, 0
154613, 2, 0
154624, 3, prem 0
154624, 3, 0
154728, 0, 0
154734, 1, 0
154738, 2, 1
154749, 3, 0
154853, 0, 0
154859, 1, 0
154863, 2, 1
154874, 3, 0
154978, 0, 0
154984, 1, 0
154988, 2, 1
154999, 3, 0
155103, 0, 0
155109, 1, 0
155113, 2, 1
155124, 3, 0
155228, 0, 0
155234, 1, 1
155238, 2, 0
155249, 3, 0
155353, 0, bit 1
155353, 0, 1
155359, 1, 0
155363, 2, 1
155374, 3, 0
155478, 0, 1
155484, 1, bit 1
155484, 1, 1
155488, 2, 1
155499, 3, 0
155603, 0, 0
155609, 1, 1
155613, 2, 0
155624, 3, 0
155728, 0, 0
155734, 1, 0
155738, 2, 1
155749, 3, 0
155853, 0, 1
155859, 1, 1
155863, 2, 1
155874, 3, 0
155978, 0, 1
155984, 1, 0
155988, 2, 1
155999, 3, 0
156103, 0, 0
156109, 1, 0
156113, 2, 1
156124, 3, 0
156228, 0, 0
156234, 1, 0
156238, 2, bit 0
156238, 2, 0
156249, 3, 0
156353, 0, 0
156359, 1, 0
156363, 2, 0
156374, 3, 0
156478, 0, 0
156484, 1, 0
156488, 2, 1
156499, 3, 0
156603, 0, 0
156609, 1, 0
156613, 2, 1
156624, 3, bit 1
156624, 3, 1
156728, 0, 0
156734, 1, 0
156738, 2, 1
156749, 3, 0
156853, 0, 0
156859, 1, 0
156863, 2, 1
156874, 3, 0
156978, 0, 0
156984, 1, 1
156988, 2, 0
156999, 3, 1
157103, 0, bit 0
157103, 0, 0
157109, 1, 0
157113, 2, 1
157124, 3, 0
157228, 0, 0
157234, 1, bit 1
157234, 1, 1
157238, 2, 1
157249, 3, 0
157353, 0, 1
157359, 1, 1
157363, 2, 0
157374, 3, 1
157478, 0, 1
157484, 1, 0
157488, 2, 1
157499, 3, 0
157603, 0, 0
157609, 1, 1
157613, 2, 1
157624, 3, 0
157728, 0, 0
157734, 1, 0
157739, 2, 1
157749, 3, 0
157853, 0, 1
157859, 1, 0
157864, 2, 1
157874, 3, 1
157978, 0, 1
157984, 1, 0
157989, 2, bit 1
157989, 2, 1
157999, 3, 0
158103, 0, 1
158109, 1, 0
158114, 2, 1
158124, 3, 0
158228, 0, 1
158234, 1, 0
158239, 2, 0
158249, 3, 0
158353, 0, 1
158359, 1, 0
158364, 2, 0
158374, 3, bit 0
158374, 3, 0
158478, 0, 1
158484, 1, 0
158489, 2, 0
158499, 3, 1
158603, 0, 1
158609, 1, 0
158614, 2, 0
158624, 3, 1
158728, 0, 1
158734, 1, 1
158739, 2, 1
158749, 3, 0
158853, 0, bit 1
158856, 0, 1
158859, 1, 0
158864, 2, 0
158874, 3, 1
158978, 0, 1
158984, 1, bit 0
158984, 1, 0
158989, 2, 0
158999, 3, 1
159104, 0, 0
159109, 1, 0
159114, 2, 1
159124, 3, 0
159229, 0, 0
159234, 1, 1
159239, 2, 0
159249, 3, 1
159354, 0, 1
159360, 1, 0
159364, 2, 0
159374, 3, 1
159479, 0, 1
159485, 1, 1
159489, 2, 0
159499, 3, 1
159604, 0, 0
159610, 1, 1
159614, 2, 0
159624, 3, 0
159729, 0, 0
159735, 1, 1
159739, 2, bit 0
159739, 2, 0
159749, 3, 1
159854, 0, 0
159860, 1, 1
159864, 2, 0
159874, 3, 1
159979, 0, 0
159985, 1, 1
159989, 2, 1
160000, 3, 1
160104, 0, 0
160110, 1, 1
160114, 2, 1
160125, 3, bit 1
160125, 3, 1
160229, 0, 0
160235, 1, 1
160239, 2, 1
160250, 3, 0
160354, 0, 0
160360, 1, 1
160364, 2, 1
160375, 3, 0
160479, 0, 0
160485, 1, 0
160489, 2, 0
160500, 3, 1
160604, 0, bit 1
160604, 0, 1
160610, 1, 1
160614, 2, 1
160625, 3, 0
160729, 0, 1
160735, 1, bit 0
160735, 1, 0
160739, 2, 1
160750, 3, 0
160854, 0, 0
160860, 1, 0
160864, 2, 0
160875, 3, 1
160979, 0, 0
160985, 1, 1
160989, 2, 1
161000, 3, 0
161104, 0, 1
161110, 1, 0
161114, 2, 1
161125, 3, 0
161229, 0, 1
161235, 1, 1
161239, 2, 1
161250, 3, 0
161354, 0, 0
161360, 1, 1
161364, 2, 1
161375, 3, 1
161479, 0, 0
161485, 1, 1
161489, 2, bit 1
161489, 2, 1
161500, 3, 0
161604, 0, 0
161610, 1, 1
161614, 2, 1
161625, 3, 0
161729, 0, 0
161735, 1, 1
161739, 2, 0
161750, 3, 0
161854, 0, 0
161860, 1, 1
161864, 2, 0
161875, 3, bit 1
161875, 3, 1
161979, 0, 0
161985, 1, 1
161989, 2, 0
162000, 3, 0
162104, 0, 0
162110, 1, 1
162114, 2, 0
162125, 3, 0
162229, 0, 0
162235, 1, 0
162239, 2, 1
162250, 3, 1
162354, 0, bit 1
162354, 0, 1
162360, 1, 1
162364, 2, 0
162375, 3, 0
162479, 0, 1
162485, 1, bit 0
162485, 1, 0
162489, 2, 0
162500, 3, 0
162604, 0, 0
162610, 1, 0
162614, 2, 1
162625, 3, 1
162729, 0, 0
162735, 1, 1
162739, 2, 0
162750, 3, 0
162854, 0, 1
162860, 1, 0
162864, 2, 0
162875, 3, 0
162979, 0, 1
162985, 1, 1
162989, 2, 0
163000, 3, 0
163104, 0, 0
163110, 1, 1
163115, 2, 0
163125, 3, 1
163229, 0, 0
163235, 1, 1
163240, 2, bit 1
163240, 2, 1
163250, 3, 0
163354, 0, 0
163360, 1, 1
163365, 2, 1
163375, 3, 0
163479, 0, 0
163485, 1, 1
163490, 2, 0
163500, 3, 0
163604, 0, 0
163610, 1, 1
163615, 2, 0
163625, 3, bit 1
163625, 3, 1
163729, 0, 0
163735, 1, 1
163740, 2, 0
163750, 3, 0
163854, 0, 0
163860, 1, 1
163865, 2, 0
163875, 3, 0
163979, 0, 0
163985, 1, 0
163990, 2, 1
164000, 3, 1
164104, 0, bit 0
164107, 0, 0
164110, 1, 1
164115, 2, 0
164125, 3, 0
164229, 0, 0
164235, 1, bit 0
164235, 1, 0
164240, 2, 0
164250, 3, 0
164354, 0, 1
164360, 1, 0
164365, 2, 1
164375, 3, 1
164480, 0, 1
164485, 1, 1
164490, 2, 0
164500, 3, 0
164605, 0, 0
164610, 1, 0
164615, 2, 0
164625, 3, 0
164730, 0, 0
164736, 1, 1
164740, 2, 0
164750, 3, 0
164855, 0, 1
164861, 1, 1
164865, 2, 0
164875, 3, 1
164980, 0, 1
164986, 1, 1
164990, 2, bit 1
164990, 2, 1
165000, 3, 0
165105, 0, 1
165111, 1, 1
165115, 2, 1
165125, 3, 0
165230, 0, 1
165236, 1, 1
165240, 2, 0
165250, 3, 0
165355, 0, 1
165361, 1, 1
165365, 2, 0
165376, 3, bit 1
165376, 3, 1
165480, 0, 1
165486, 1, 1
165490, 2, 0
165501, 3, 0
165605, 0, 1
165611, 1, 1
165615, 2, 0
165626, 3, 0
165730, 0, 1
165736, 1, 0
165740, 2, 1
165751, 3, 1
165855, 0, bit 1
165855, 0, 1
165861, 1, 1
165865, 2, 0
165876, 3, 0
165980, 0, 1
165986, 1, bit 0
165986, 1, 0
165990, 2, 0
166001, 3, 0
166105, 0, 0
166111, 1, 0
166115, 2, 1
166126, 3, 1
166230, 0, 0
166236, 1, 1
166240, 2, 0
166251, 3, 0
166355, 0, 1
166361, 1, 0
166365, 2, 0
166376, 3, 0
166480, 0, 1
166486, 1, 1
166490, 2, 0
166501, 3, 0
166605, 0, 0
166611, 1, 1
166615, 2, 0
166626, 3, 1
166730, 0, 0
166736, 1, 1
166740, 2, bit 0
166740, 2, 0
166751, 3, 0
166855, 0, 0
166861, 1, 1
166865, 2, 0
166876, 3, 0
166980, 0, 0
166986, 1, 1
166990, 2, 1
167001, 3, 0
167105, 0, 0
167111, 1, 1
167115, 2, 1
167126, 3, bit 1
167126, 3, 1
167230, 0, 0
167236, 1, 1
167240, 2, 1
167251, 3, 0
167355, 0, 0
167361, 1, 1
167365, 2, 1
167376, 3, 0
167480, 0, 0
167486, 1, 0
167490, 2, 0
167501, 3, 1
167605, 0, bit 0
167605, 0, 0
167611, 1, 1
167615, 2, 1
167626, 3, 0
167730, 0, 0
167736, 1, bit 1
167736, 1, 1
167740, 2, 1
167751, 3, 0
167855, 0, 1
167861, 1, 1
167865, 2, 0
167876, 3, 1
167980, 0, 1
167986, 1, 0
167990, 2, 1
168001, 3, 0
168105, 0, 0
168111, 1, 1
168115, 2, 1
168126, 3, 0
168230, 0, 0
168236, 1, 0
168240, 2, 1
168251, 3, 0
168355, 0, 1
168361, 1, 0
168365, 2, 1
168376, 3, 1
168480, 0, 1
168486, 1, 0
168491, 2, bit 1
168491, 2, 1
168501, 3, 0
168605, 0, 1
168611, 1, 0
168616, 2, 1
168626, 3, 0
168730, 0, 1
168736, 1, 0
168741, 2, 0
168751, 3, 0
168855, 0, 1
168861, 1, 0
168866, 2, 0
168876, 3, bit 0
168876, 3, 0
168980, 0, 1
168986, 1, 0
168991, 2, 0
169001, 3, 1
169105, 0, 1
169111, 1, 0
169116, 2, 0
169126, 3, 1
169230, 0, 1
169236, 1, 1
169241, 2, 1
169251, 3, 0
169355, 0, bit 1
169358, 0, 1
169361, 1, 0
169366, 2, 0
169376, 3, 1
169480, 0, 1
169486, 1, bit 0
169486, 1, 0
169491, 2, 0
169501, 3, 1
169605, 0, 0
169611, 1, 0
169616, 2, 1
169626, 3, 0
169730, 0, 0
169736, 1, 1
169741, 2, 0
169751, 3, 1
169856, 0, 1
169861, 1, 0
169866, 2, 0
169876, 3, 1
169981, 0, 1
169986, 1, 1
169991, 2, 0
170001, 3, 1
170106, 0, 0
170112, 1, 1
170116, 2, 0
170126, 3, 0
170231, 0, 0
170237, 1, 1
170241, 2, bit 1
170241, 2, 1
170251, 3, 1
170356, 0, 0
170362, 1, 1
170366, 2, 1
170376, 3, 1
170481, 0, 0
170487, 1, 1
170491, 2, 0
170501, 3, 1
170606, 0, 0
170612, 1, 1
170616, 2, 0
170626, 3, bit 1
170626, 3, 1
170731, 0, 0
170737, 1, 1
170741, 2, 0
170752, 3, 0
170856, 0, 0
170862, 1, 1
170866, 2, 0
170877, 3, 0
170981, 0, 0
170987, 1, 0
170991, 2, 1
171002, 3, 1
171106, 0, bit 1
171106, 0, 1
171112, 1, 1
171116, 2, 0
171127, 3, 0
171231, 0, 1
171237, 1, bit 1
171237, 1, 1
171241, 2, 0
171252, 3, 0
171356, 0, 0
171362, 1, 1
171366, 2, 1
171377, 3, 1
171481, 0, 0
171487, 1, 0
171491, 2, 0
171502, 3, 0
171606, 0, 1
171612, 1, 1
171616, 2, 0
171627, 3, 0
171731, 0, 1
171737, 1, 0
171741, 2, 0
171752, 3, 0
171856, 0, 0
171862, 1, 0
171866, 2, 0
171877, 3, 1
171981, 0, 0
171987, 1, 0
171991, 2, bit 0
171991, 2, 0
172002, 3, 0
172106, 0, 0
172112, 1, 0
172116, 2, 0
172127, 3, 0
172231, 0, 0
172237, 1, 0
172241, 2, 1
172252, 3, 0
172356, 0, 0
172362, 1, 0
172366, 2, 1
172377, 3, bit 1
172377, 3, 1
172481, 0, 0
172487, 1, 0
172491, 2, 1
172502, 3, 0
172606, 0, 0
172612, 1, 0
172616, 2, 1
172627, 3, 0
172731, 0, 0
172737, 1, 1
172741, 2, 0
172752, 3, 1
172862, 1, 0
172866, 2, 1
172877, 3, 0
172987, 1, bit 0
172987, 1, 0
172991, 2, 1
173002, 3, 0
173112, 1, 0
173116, 2, 0
173127, 3, 1
173237, 1, 1
173241, 2, 1
173252, 3, 0
173362, 1, 0
173366, 2, 1
173377, 3, 0
173487, 1, 1
173491, 2, 1
173502, 3, 0
173612, 1, 1
173616, 2, 1
173627, 3, 1
173737, 1, 1
173741, 2, bit 1
173744, 2, 1
173752, 3, 0
173862, 1, 1
173867, 2, 1
173877, 3, 0
173987, 1, 1
173992, 2, 0
174002, 3, 0
174112, 1, 1
174117, 2, 0
174127, 3, bit 1
174127, 3, 1
174237, 1, 1
174242, 2, 0
174252, 3, 0
174362, 1, 1
174367, 2, 0
174377, 3, 0
174487, 1, 0
174492, 2, 1
174502, 3, 1
174612, 1, 1
174617, 2, 0
174627, 3, 0
174737, 1, bit 0
174737, 1, 0
174742, 2, 0
174752, 3, 0
174862, 1, 0
174867, 2, 1
174877, 3, 1
174987, 1, 1
174992, 2, 0
175002, 3, 0
175112, 1, 0
175117, 2, 0
175127, 3, 0
175237, 1, 1
175242, 2, 0
175252, 3, 0
175362, 1, 1
175367, 2, 0
175377, 3, 1
175488, 1, 1
175492, 2, bit 1
175492, 2, 1
175502, 3, 0
175613, 1, 1
175617, 2, 1
175627, 3, 0
175738, 1, 1
175742, 2, 0
175752, 3, 0
175863, 1, 1
175867, 2, 0
175877, 3, bit 0
175877, 3, 0
175988, 1, 1
175992, 2, 0
176002, 3, 1
176113, 1, 1
176117, 2, 0
176128, 3, 1
176238, 1, 0
176242, 2, 1
176253, 3, 0
176363, 1, 1
176367, 2, 0
176378, 3, 1
176488, 1, bit 0
176488, 1, 0
176492, 2, 0
176503, 3, 1
176613, 1, 0
176617, 2, 1
176628, 3, 0
176738, 1, 1
176742, 2, 0
176753, 3, 1
176863, 1, 0
176867, 2, 0
176878, 3, 1
176988, 1, 1
176992, 2, 0
177003, 3, 1
177113, 1, 1
177117, 2, 0
177128, 3, 0
177238, 1, 1
177242, 2, bit 1
177242, 2, 1
177253, 3, 1
177363, 1, 1
177367, 2, 1
177378, 3, 1
177488, 1, 1
177492, 2, 0
177503, 3, 1
177613, 1, 1
177617, 2, 0
177628, 3, bit 1
177628, 3, 1
177738, 1, 1
177742, 2, 0
177753, 3, 0
177863, 1, 1
177867, 2, 0
177878, 3, 0
177988, 1, 0
177992, 2, 1
178003, 3, 1
178113, 1, 1
178117, 2, 0
178128, 3, 0
178238, 1, bit 0
178238, 1, 0
178242, 2, 0
178253, 3, 0
178363, 1, 0
178367, 2, 1
178378, 3, 1
178488, 1, 1
178492, 2, 0
178503, 3, 0
178613, 1, 0
178617, 2, 0
178628, 3, 0
178738, 1, 1
178742, 2, 0
178753, 3, 0
178863, 1, 1
178867, 2, 0
178878, 3, 1
178988, 1, 1
178992, 2, bit 0
178992, 2, 0
179003, 3, 0
179113, 1, 1
179117, 2, 0
179128, 3, 0
179238, 1, 1
179243, 2, 1
179253, 3, 0
179363, 1, 1
179368, 2, 1
179378, 3, bit 1
179378, 3, 1
179488, 1, 1
179493, 2, 1
179503, 3, 0
179613, 1, 1
179618, 2, 1
179628, 3, 0
179738, 1, 0
179743, 2, 0
179753, 3, 1
179863, 1, 1
179868, 2, 1
179878, 3, 0
179988, 1, bit 0
179988, 1, 0
179993, 2, 1
180003, 3, 0
180113, 1, 0
180118, 2, 0
180128, 3, 1
180238, 1, 1
180243, 2, 1
180253, 3, 0
180363, 1, 0
180368, 2, 1
180378, 3, 0
180488, 1, 1
180493, 2, 1
180503, 3, 0
180613, 1, 1
180618, 2, 1
180628, 3, 1
180738, 1, 1
180743, 2, bit 0
180746, 2, 0
180753, 3, 0
180864, 1, 1
180868, 2, 0
180878, 3, 0
180989, 1, 1
180993, 2, 1
181003, 3, 0
181114, 1, 1
181118, 2, 1
181128, 3, bit 0
181128, 3, 0
181239, 1, 1
181243, 2, 1
181253, 3, 1
181364, 1, 1
181368, 2, 1
181378, 3, 1
181489, 1, 0
181493, 2, 0
181504, 3, 0
181614, 1, 1
181618, 2, 1
181629, 3, 1
181739, 1, bit 1
181739, 1, 1
181743, 2, 1
181754, 3, 1
181864, 1, 1
181868, 2, 0
181879, 3, 0
181989, 1, 0
181993, 2, 1
182004, 3, 1
182114, 1, 1
182118, 2, 1
182129, 3, 1
182239, 1, 0
182243, 2, 1
182254, 3, 1
182364, 1, 0
182368, 2, 1
182379, 3, 0
182489, 1, 0
182493, 2, bit 1
182493, 2, 1
182504, 3, 1
182614, 1, 0
182618, 2, 1
182629, 3, 1
182739, 1, 0
182743, 2, 0
182754, 3, 1
182864, 1, 0
182868, 2, 0
182879, 3, bit 1
182879, 3, 1
182989, 1, 0
182993, 2, 0
183004, 3, 0
183114, 1, 0
183118, 2, 0
183129, 3, 0
183239, 1, 1
183243, 2, 1
183254, 3, 1
183364, 1, 0
183368, 2, 0
183379, 3, 0
183489, 1, bit 1
183489, 1, 1
183493, 2, 0
183504, 3, 0
183614, 1, 1
183618, 2, 1
183629, 3, 1
183739, 1, 0
183743, 2, 0
183754, 3, 0
183864, 1, 1
183868, 2, 0
183879, 3, 0
183989, 1, 0
183993, 2, 0
184004, 3, 0
184114, 1, 0
184118, 2, 0
184129, 3, 1
184239, 1, 0
184243, 2, bit 1
184243, 2, 1
184254, 3, 0
184364, 1, 0
184368, 2, 1
184379, 3, 0
184489, 1, 0
184493, 2, 0
184504, 3, 0
184614, 1, 0
184619, 2, 0
184629, 3, bit 0
184629, 3, 0
184739, 1, 0
184744, 2, 0
184754, 3, 1
184864, 1, 0
184869, 2, 0
184879, 3, 1
184989, 1, 1
184994, 2, 1
185004, 3, 0
185114, 1, 0
185119, 2, 0
185129, 3, 1
185239, 1, bit 1
185239, 1, 1
185244, 2, 0
185254, 3, 1
185364, 1, 1
185369, 2, 1
185379, 3, 0
185489, 1, 0
185494, 2, 0
185504, 3, 1
185614, 1, 1
185619, 2, 0
185629, 3, 1
185739, 1, 0
185744, 2, 0
185754, 3, 1
185864, 1, 0
185869, 2, 0
185879, 3, 0
185989, 1, 0
185994, 2, bit 1
185994, 2, 1
186004, 3, 1
186114, 1, 0
186119, 2, 1
186129, 3, 1
186240, 1, 0
186244, 2, 0
186254, 3, 1
186365, 1, 0
186369, 2, 0
186379, 3, bit 1
186379, 3, 1
186490, 1, 0
186494, 2, 0
186504, 3, 0
186615, 1, 0
186619, 2, 0
186629, 3, 0
186740, 1, 1
186744, 2, 1
186754, 3, 1
186865, 1, 0
186869, 2, 0
186880, 3, 0
186990, 1, bit 0
186990, 1, 0
186994, 2, 0
187005, 3, 0
187115, 1, 0
187119, 2, 1
187130, 3, 1
187240, 1, 1
187244, 2, 0
187255, 3, 0
187365, 1, 0
187369, 2, 0
187380, 3, 0
187490, 1, 1
187494, 2, 0
187505, 3, 0
187615, 1, 1
187619, 2, 0
187630, 3, 1
187740, 1, 1
187744, 2, bit 1
187744, 2, 1
187755, 3, 0
187865, 1, 1
187869, 2, 1
187880, 3, 0
187990, 1, 1
187994, 2, 0
188005, 3, 0
188115, 1, 1
188119, 2, 0
188130, 3, bit 1
188130, 3, 1
188240, 1, 1
188244, 2, 0
188255, 3, 0
188365, 1, 1
188369, 2, 0
188380, 3, 0
188490, 1, 0
188494, 2, 1
188505, 3, 1
188615, 1, 1
188619, 2, 0
188630, 3, 0
188740, 1, bit 0
188740, 1, 0
188744, 2, 0
188755, 3, 0
188865, 1, 0
188869, 2, 1
188880, 3, 1
188990, 1, 1
188994, 2, 0
189005, 3, 0
189115, 1, 0
189119, 2, 0
189130, 3, 0
189240, 1, 1
189244, 2, 0
189255, 3, 0
189365, 1, 1
189369, 2, 0
189380, 3, 1
189490, 1, 1
189494, 2, bit 0
189494, 2, 0
189505, 3, 0
189615, 1, 1
189619, 2, 0
189630, 3, 0
189740, 1, 1
189744, 2, 1
189755, 3, 0
189865, 1, 1
189869, 2, 1
189880, 3, bit 0
189880, 3, 0
189990, 1, 1
189995, 2, 1
190005, 3, 1
190115, 1, 1
190120, 2, 1
190130, 3, 1
190240, 1, 0
190245, 2, 0
190255, 3, 0
190365, 1, 1
190370, 2, 1
190380, 3, 1
190490, 1, bit 0
190490, 1, 0
190501, 2, 1
190505, 3, 1
190615, 1, 0
190626, 2, 0
190630, 3, 0
190740, 1, 1
190751, 2, 1
190755, 3, 1
190865, 1, 0
190876, 2, 1
190880, 3, 1
190990, 1, 1
191001, 2, 1
191005, 3, 1
191115, 1, 1
191126, 2, 1
191130, 3, 0
191240, 1, 1
191251, 2, bit 0
191251, 2, 0
191255, 3, 1
191365, 1, 1
191376, 2, 0
191380, 3, 1
191490, 1, 1
191501, 2, 1
191505, 3, 1
191616, 1, 1
191626, 2, 1
191630, 3, bit 0
191630, 3, 0
191741, 1, 1
191751, 2, 1
191755, 3, 1
191866, 1, 1
191876, 2, 1
191880, 3, 1
191991, 1, 0
192001, 2, 0
192005, 3, 0
192116, 1, 1
192126, 2, 1
192130, 3, 1
192241, 1, bit 1
192241, 1, 1
192251, 2, 1
192256, 3, 1
192366, 1, 1
192376, 2, 0
192381, 3, 0
192491, 1, 0
192501, 2, 1
192506, 3, 1
192616, 1, 1
192626, 2, 1
192631, 3, 1
192741, 1, 0
192751, 2, 1
192756, 3, 1
192866, 1, 0
192876, 2, 1
192881, 3, 0
192991, 1, 0
193001, 2, bit 1
193001, 2, 1
193006, 3, 1
193116, 1, 0
193126, 2, 1
193131, 3, 1
193241, 1, 0
193251, 2, 0
193256, 3, 1
193366, 1, 0
193376, 2, 0
193381, 3, bit 1
193381, 3, 1
193491, 1, 0
193501, 2, 0
193506, 3, 0
193616, 1, 0
193626, 2, 0
193631, 3, 0
193741, 1, 1
193751, 2, 1
193756, 3, 1
193866, 1, 0
193876, 2, 0
193881, 3, 0
193991, 1, bit 1
193991, 1, 1
194001, 2, 0
194006, 3, 0
194116, 1, 1
194126, 2, 1
194131, 3, 1
194241, 1, 0
194251, 2, 0
194256, 3, 0
194366, 1, 1
194376, 2, 0
194381, 3, 0
194491, 1, 0
194501, 2, 0
194506, 3, 0
194616, 1, 0
194626, 2, 0
194631, 3, 1
194741, 1, 0
194751, 2, bit 1
194751, 2, 1
194756, 3, 0
194866, 1, 0
194876, 2, 1
194881, 3, 0
194991, 1, 0
195001, 2, 0
195006, 3, 0
195116, 1, 0
195126, 2, 0
195131, 3, bit 0
195131, 3, 0
195241, 1, 0
195251, 2, 0
195256, 3, 1
195366, 1, 0
195376, 2, 0
195381, 3, 1
195491, 1, 1
195501, 2, 1
195506, 3, 0
195616, 1, 0
195627, 2, 0
195631, 3, 1
195741, 1, bit 1
195741, 1, 1
195752, 2, 0
195756, 3, 1
195866, 1, 1
195877, 2, 1
195881, 3, 0
195991, 1, 0
196002, 2, 0
196006, 3, 1
196116, 1, 1
196127, 2, 0
196131, 3, 1
196241, 1, 0
196252, 2, 0
196256, 3, 1
196366, 1, 0
196377, 2, 0
196381, 3, 0
196491, 1, 0
196502, 2, bit 1
196502, 2, 1
196506, 3, 1
196616, 1, 0
196627, 2, 1
196631, 3, 1
196741, 1, 0
196752, 2, 0
196756, 3, 1
196866, 1, 0
196877, 2, 0
196881, 3, bit 0
196881, 3, 0
196992, 1, 0
197002, 2, 0
197006, 3, 1
197117, 1, 0
197127, 2, 0
197131, 3, 1
197242, 1, 1
197252, 2, 1
197256, 3, 0
197367, 1, 0
197377, 2, 0
197381, 3, 1
197492, 1, bit 0
197495, 1, 0
197502, 2, 0
197506, 3, 1
197617, 1, 0
197627, 2, 1
197632, 3, 0
197742, 1, 1
197752, 2, 0
197757, 3, 1
197867, 1, 0
197877, 2, 0
197882, 3, 1
197992, 1, 1
198002, 2, 0
198007, 3, 1
198117, 1, 1
198127, 2, 0
198132, 3, 0
198242, 1, 1
198252, 2, bit 1
198252, 2, 1
198257, 3, 1
198367, 1, 1
198377, 2, 1
198382, 3, 1
198492, 1, 1
198502, 2, 0
198507, 3, 1
198617, 1, 1
198627, 2, 0
198632, 3, bit 1
198632, 3, 1
198742, 1, 1
198752, 2, 0
198757, 3, 0
198867, 1, 1
198877, 2, 0
198882, 3, 0
198992, 1, 0
199002, 2, 1
199007, 3, 1
199117, 1, 1
199127, 2, 0
199132, 3, 0
199242, 1, bit 0
199242, 1, 0
199252, 2, 0
199257, 3, 0
199367, 1, 0
199377, 2, 1
199382, 3, 1
199492, 1, 1
199502, 2, 0
199507, 3, 0
199617, 1, 0
199627, 2, 0
199632, 3, 0
199742, 1, 1
199752, 2, 0
199757, 3, 0
199867, 1, 1
199877, 2, 0
199882, 3, 1
199992, 1, 1
200002, 2, bit 1
200002, 2, 1
200007, 3, 0
200117, 1, 1
200127, 2, 1
200132, 3, 0
200242, 1, 1
200252, 2, 0
200257, 3, 0
200367, 1, 1
200377, 2, 0
200382, 3, bit 1
200382, 3, 1
200492, 1, 1
200502, 2, 0
200507, 3, 0
200617, 1, 1
200627, 2, 0
200632, 3, 0
200742, 1, 0
200752, 2, 1
200757, 3, 1
200867, 1, 1
200877, 2, 0
200882, 3, 0
200992, 1, bit 0
200992, 1, 0
201003, 2, 0
201007, 3, 0
201117, 1, 0
201128, 2, 1
201132, 3, 1
201242, 1, 1
201253, 2, 0
201257, 3, 0
201367, 1, 0
201378, 2, 0
201382, 3, 0
201492, 1, 1
201503, 2, 0
201507, 3, 0
201617, 1, 1
201628, 2, 0
201632, 3, 1
201742, 1, 1
201753, 2, bit 0
201753, 2, 0
201757, 3, 0
201867, 1, 1
201878, 2, 0
201882, 3, 0
201992, 1, 1
202003, 2, 1
202007, 3, 0
202117, 1, 1
202128, 2, 1
202132, 3, bit 1
202132, 3, 1
202242, 1, 1
202253, 2, 1
202257, 3, 0
202368, 1, 1
202378, 2, 1
202382, 3, 0
202493, 1, 0
202503, 2, 0
202507, 3, 1
202618, 1, 1
202628, 2, 1
202632, 3, 0
202753, 2, 1
202757, 3, 0
202878, 2, 0
202882, 3, 1
203003, 2, 1
203008, 3, 0
203128, 2, 1
203133, 3, 0
203253, 2, 1
203258, 3, 0
203378, 2, 1
203383, 3, 1
203503, 2, bit 0
203503, 2, 0
203508, 3, 0
203628, 2, 0
203633, 3, 0
203753, 2, 1
203758, 3, 0
203878, 2, 1
203883, 3, bit 0
203883, 3, 0
204003, 2, 1
204008, 3, 1
204128, 2, 1
204133, 3, 1
204253, 2, 0
204258, 3, 0
204378, 2, 1
204383, 3, 1
204503, 2, 1
204508, 3, 1
204628, 2, 0
204633, 3, 0
204753, 2, 1
204758, 3, 1
204878, 2, 1
204883, 3, 1
205003, 2, 1
205008, 3, 1
205128, 2, 1
205133, 3, 0
205253, 2, bit 1
205253, 2, 1
205258, 3, 1
205378, 2, 1
205383, 3, 1
205503, 2, 0
205508, 3, 1
205628, 2, 0
205633, 3, bit 1
205633, 3, 1
205753, 2, 0
205758, 3, 0
205878, 2, 0
205883, 3, 0
206003, 2, 1
206008, 3, 1
206128, 2, 0
206133, 3, 0
206253, 2, 0
206258, 3, 0
206379, 2, 1
206383, 3, 1
206504, 2, 0
206508, 3, 0
206629, 2, 0
206633, 3, 0
206754, 2, 0
206758, 3, 0
206879, 2, 0
206883, 3, 1
207004, 2, bit 0
207004, 2, 0
207008, 3, 0
207129, 2, 0
207133, 3, 0
207254, 2, 1
207258, 3, 0
207379, 2, 1
207383, 3, bit 0
207386, 3, 0
207504, 2, 1
207508, 3, 1
207629, 2, 1
207633, 3, 1
207754, 2, 0
207758, 3, 0
207879, 2, 1
207883, 3, 1
208004, 2, 1
208008, 3, 1
208129, 2, 0
208133, 3, 0
208254, 2, 1
208258, 3, 1
208379, 2, 1
208384, 3, 1
208504, 2, 1
208509, 3, 1
208629, 2, 1
208634, 3, 0
208754, 2, bit 1
208754, 2, 1
208759, 3, 1
208879, 2, 1
208884, 3, 1
209004, 2, 0
209009, 3, 1
209129, 2, 0
209134, 3, bit 0
209134, 3, 0
209254, 2, 0
209259, 3, 1
209379, 2, 0
209384, 3, 1
209504, 2, 1
209509, 3, 0
209629, 2, 0
209634, 3, 1
209754, 2, 0
209759, 3, 1
209879, 2, 1
209884, 3, 0
210004, 2, 0
210009, 3, 1
210129, 2, 0
210134, 3, 1
210254, 2, 0
210259, 3, 1
210379, 2, 0
210384, 3, 0
210504, 2, bit 0
210504, 2, 0
210509, 3, 1
210629, 2, 0
210634, 3, 1
210754, 2, 1
210759, 3, 1
210879, 2, 1
210884, 3, bit 0
210884, 3, 0
211004, 2, 1
211009, 3, 1
211129, 2, 1
211134, 3, 1
211254, 2, 0
211259, 3, 0
211379, 2, 1
211384, 3, 1
211504, 2, 1
211509, 3, 1
211629, 2, 0
211634, 3, 0
211755, 2, 1
211759, 3, 1
211880, 2, 1
211884, 3, 1
212005, 2, 1
212009, 3, 1
212130, 2, 1
212134, 3, 0
212255, 2, bit 1
212255, 2, 1
212259, 3, 1
212380, 2, 1
212384, 3, 1
212505, 2, 0
212509, 3, 1
212630, 2, 0
212634, 3, bit 0
212634, 3, 0
212755, 2, 0
212759, 3, 1
212880, 2, 0
212884, 3, 1
213005, 2, 1
213009, 3, 0
213130, 2, 0
213134, 3, 1
213255, 2, 0
213259, 3, 1
213380, 2, 1
213384, 3, 0
213505, 2, 0
213509, 3, 1
213630, 2, 0
213634, 3, 1
213755, 2, 0
213760, 3, 1
213880, 2, 0
213885, 3, 0
214005, 2, bit 0
214005, 2, 0
214010, 3, 1
214130, 2, 0
214135, 3, 1
214255, 2, 1
214260, 3, 1
214380, 2, 1
214385, 3, bit 0
214385, 3, 0
214505, 2, 1
214510, 3, 1
214630, 2, 1
214635, 3, 1
214755, 2, 0
214760, 3, 0
214880, 2, 1
214885, 3, 1
215005, 2, 1
215010, 3, 1
215130, 2, 0
215135, 3, 0
215255, 2, 1
215260, 3, 1
215380, 2, 1
215385, 3, 1
215505, 2, 1
215510, 3, 1
215630, 2, 1
215635, 3, 0
215755, 2, bit 0
215755, 2, 0
215760, 3, 1
215880, 2, 0
215885, 3, 1
216005, 2, 1
216010, 3, 1
216130, 2, 1
216135, 3, bit 1
216135, 3, 1
216255, 2, 1
216260, 3, 0
216380, 2, 1
216385, 3, 0
216505, 2, 0
216510, 3, 1
216630, 2, 1
216635, 3, 0
216755, 2, 1
216760, 3, 0
216880, 2, 0
216885, 3, 1
217005, 2, 1
217010, 3, 0
217131, 2, 1
217135, 3, 0
217256, 2, 1
217260, 3, 0
217381, 2, 1
217385, 3, 1
217506, 2, bit 1
217506, 2, 1
217510, 3, 0
217631, 2, 1
217635, 3, 0
217756, 2, 0
217760, 3, 0
217881, 2, 0
217885, 3, bit 0
217888, 3, 0
218006, 2, 0
218010, 3, 1
218131, 2, 0
218135, 3, 1
218256, 2, 1
218260, 3, 0
218381, 2, 0
218385, 3, 1
218506, 2, 0
218510, 3, 1
218631, 2, 1
218635, 3, 0
218756, 2, 0
218760, 3, 1
218881, 2, 0
218885, 3, 1
219006, 2, 0
219010, 3, 1
219131, 2, 0
219136, 3, 0
219256, 2, bit 0
219256, 2, 0
219261, 3, 1
219381, 2, 0
219386, 3, 1
219506, 2, 1
219511, 3, 1
219631, 2, 1
219636, 3, bit 0
219636, 3, 0
219756, 2, 1
219761, 3, 1
219881, 2, 1
219886, 3, 1
220006, 2, 0
220011, 3, 0
220131, 2, 1
220136, 3, 1
220256, 2, 1
220261, 3, 1
220381, 2, 0
220386, 3, 0
220506, 2, 1
220511, 3, 1
220631, 2, 1
220636, 3, 1
220756, 2, 1
220761, 3, 1
220881, 2, 1
220886, 3, 0
221006, 2, bit 1
221006, 2, 1
221011, 3, 1
221131, 2, 1
221136, 3, 1
221256, 2, 0
221261, 3, 1
221381, 2, 0
221386, 3, bit 0
221386, 3, 0
221506, 2, 0
221511, 3, 1
221631, 2, 0
221636, 3, 1
221756, 2, 1
221761, 3, 0
221881, 2, 0
221886, 3, 1
222006, 2, 0
222011, 3, 1
222131, 2, 1
222136, 3, 0
222256, 2, 0
222261, 3, 1
222381, 2, 0
222386, 3, 1
222507, 2, 0
222511, 3, 1
222632, 2, 0
222636, 3, 0
222757, 2, bit 0
222757, 2, 0
222761, 3, 1
222882, 2, 0
222886, 3, 1
223007, 2, 1
223011, 3, 1
223132, 2, 1
223136, 3, bit 1
223136, 3, 1
223257, 2, 1
223261, 3, 0
223382, 2, 1
223386, 3, 0
223507, 2, 0
223511, 3, 1
223632, 2, 1
223636, 3, 0
223757, 2, 1
223761, 3, 0
223882, 2, 0
223886, 3, 1
224007, 2, 1
224011, 3, 0
224132, 2, 1
224136, 3, 0
224257, 2, 1
224261, 3, 0
224382, 2, 1
224386, 3, 1
224507, 2, bit 1
224507, 2, 1
224512, 3, 0
224632, 2, 1
224637, 3, 0
224757, 2, 0
224762, 3, 0
224882, 2, 0
224887, 3, bit 1
224887, 3, 1
225007, 2, 0
225012, 3, 0
225132, 2, 0
225137, 3, 0
225257, 2, 1
225262, 3, 1
225382, 2, 0
225387, 3, 0
225507, 2, 0
225512, 3, 0
225632, 2, 1
225637, 3, 1
225757, 2, 0
225762, 3, 0
225882, 2, 0
225887, 3, 0
226007, 2, 0
226012, 3, 0
226132, 2, 0
226137, 3, 1
226257, 2, bit 1
226257, 2, 1
226262, 3, 0
226382, 2, 1
226387, 3, 0
226507, 2, 0
226512, 3, 0
226632, 2, 0
226637, 3, bit 0
226637, 3, 0
226757, 2, 0
226762, 3, 1
226882, 2, 0
226887, 3, 1
227007, 2, 1
227012, 3, 0
227132, 2, 0
227137, 3, 1
227257, 2, 0
227262, 3, 1
227382, 2, 1
227387, 3, 0
227507, 2, 0
227512, 3, 1
227632, 2, 0
227637, 3, 1
227757, 2, 0
227762, 3, 1
227883, 2, 0
227887, 3, 0
228008, 2, bit 1
228008, 2, 1
228012, 3, 1
228133, 2, 1
228137, 3, 1
228258, 2, 0
228262, 3, 1
228383, 2, 0
228387, 3, bit 1
228390, 3, 1
228508, 2, 0
228512, 3, 0
228633, 2, 0
228637, 3, 0
228758, 2, 1
228762, 3, 1
228883, 2, 0
228887, 3, 0
229008, 2, 0
229012, 3, 0
229133, 2, 1
229137, 3, 1
229258, 2, 0
229262, 3, 0
229383, 2, 0
229387, 3, 0
229508, 2, 0
229512, 3, 0
229633, 2, 0
229637, 3, 1
229758, 2, bit 1
229758, 2, 1
229762, 3, 0
229883, 2, 1
229888, 3, 0
230008, 2, 0
230013, 3, 0
230133, 2, 0
230138, 3, bit 1
230138, 3, 1
230258, 2, 0
230263, 3, 0
230383, 2, 0
230388, 3, 0
230508, 2, 1
230513, 3, 1
230633, 2, 0
230638, 3, 0
230758, 2, 0
230763, 3, 0
230883, 2, 1
230888, 3, 1
231008, 2, 0
231013, 3, 0
231133, 2, 0
231138, 3, 0
231258, 2, 0
231263, 3, 0
231383, 2, 0
231388, 3, 1
231513, 3, 0
231638, 3, 0
231763, 3, 0
231888, 3, bit 0
231888, 3, 0
232013, 3, 1
232138, 3, 1
232263, 3, 0
232388, 3, 1
232513, 3, 1
232638, 3, 0
232763, 3, 1
232888, 3, 1
233013, 3, 1
233138, 3, 0
233263, 3, 1
233388, 3, 1
233513, 3, 1
233638, 3, bit 1
233638, 3, 1
233763, 3, 0
233888, 3, 0
234013, 3, 1
234138, 3, 0
234263, 3, 0
234388, 3, 1
234513, 3, 0
234638, 3, 0
234763, 3, 0
234888, 3, 1
235013, 3, 0
235138, 3, 0
235264, 3, 0
235389, 3, bit 0
235389, 3, 0
235514, 3, 1
235639, 3, 1
235764, 3, 0
235889, 3, 1
236014, 3, 1
236139, 3, 0
236264, 3, 1
236389, 3, 1
236514, 3, 1
236639, 3, 0
236764, 3, 1
236889, 3, 1
237014, 3, 1
237139, 3, bit 0
237139, 3, 0
237264, 3, 1
237389, 3, 1
237514, 3, 0
237639, 3, 1
237764, 3, 1
237889, 3, 0
238014, 3, 1
238139, 3, 1
238264, 3, 1
238389, 3, 0
238514, 3, 1
238639, 3, 1
238764, 3, 1
238889, 3, bit 0
238889, 3, 0
239014, 3, 1
239139, 3, 1
239264, 3, 0
239389, 3, 1
239514, 3, 1
239639, 3, 0
239764, 3, 1
239889, 3, 1
240014, 3, 1
240139, 3, 0
240264, 3, 1
240389, 3, 1
240514, 3, 1
240640, 3, bit 0
240640, 3, 0
240765, 3, 1
240890, 3, 1
241015, 3, 0
241140, 3, 1
241265, 3, 1
241390, 3, 0
241515, 3, 1
241640, 3, 1
241765, 3, 1
241890, 3, 0
242015, 3, 1
242140, 3, 1
242265, 3, 1
242390, 3, bit 0
242390, 3, 0
242515, 3, 1
242640, 3, 1
242765, 3, 0
242890, 3, 1
243015, 3, 1
243140, 3, 0
243265, 3, 1
243390, 3, 1
243515, 3, 1
243640, 3, 0
243765, 3, 1
243890, 3, 1
244015, 3, 1
244140, 3, bit 0
244140, 3, 0
244265, 3, 1
244390, 3, 1
244515, 3, 0
244640, 3, 1
244765, 3, 1
244890, 3, 0
245015, 3, 1
245140, 3, 1
245265, 3, 1
245390, 3, 0
245515, 3, 1
245640, 3, 1
245765, 3, 1
245890, 3, bit 1
245890, 3, 1
246016, 3, 0
246141, 3, 0
246266, 3, 1
246391, 3, 0
246516, 3, 0
246641, 3, 1
246766, 3, 0
246891, 3, 0
247016, 3, 0
247141, 3, 1
247266, 3, 0
247391, 3, 0
247516, 3, 0
247641, 3, bit 0
247641, 3, 0
247766, 3, 1
247891, 3, 1
248016, 3, 0
248141, 3, 1
248266, 3, 1
248391, 3, 0
248516, 3, 1
248641, 3, 1
248766, 3, 1
248891, 3, 0
249016, 3, 1
249141, 3, 1
249266, 3, 1
249391, 3, bit 1
249391, 3, 1
249516, 3, 0
249641, 3, 0
249766, 3, 1
249891, 3, 0
250016, 3, 0
250141, 3, 1
250266, 3, 0
250391, 3, 0
250516, 3, 0
250641, 3, 1
250766, 3, 0
250891, 3, 0
251016, 3, 0
251141, 3, bit 0
251141, 3, 0
251266, 3, 1
251392, 3, 1
251517, 3, 0
251642, 3, 1
251767, 3, 1
251892, 3, 0
252017, 3, 1
252142, 3, 1
252267, 3, 1
252392, 3, 0
252517, 3, 1
252642, 3, 1
252767, 3, 1
252892, 3, bit 0
252892, 3, 0
253017, 3, 1
253142, 3, 1
253267, 3, 0
253392, 3, 1
253517, 3, 1
253642, 3, 0
253767, 3, 1
253892, 3, 1
254017, 3, 1
254142, 3, 0
254267, 3, 1
254392, 3, 1
254517, 3, 1
254642, 3, bit 0
254642, 3, 0
254767, 3, 1
254892, 3, 1
255017, 3, 0
255142, 3, 1
255267, 3, 1
255392, 3, 0
255517, 3, 1
255642, 3, 1
255767, 3, 1
255892, 3, 0
256017, 3, 1
256142, 3, 1
256267, 3, 1
256392, 3, bit 0
256392, 3, 0
256517, 3, 1
256642, 3, 1
256768, 3, 0
256893, 3, 1
257018, 3, 1
257143, 3, 0
257268, 3, 1
257393, 3, 1
257518, 3, 1
257643, 3, 0
257768, 3, 1
257893, 3, 1
258018, 3, 1
258143, 3, bit 1
258143, 3, 1
258268, 3, 0
258393, 3, 0
258518, 3, 1
258643, 3, 0
258768, 3, 0
258893, 3, 1
259018, 3, 0
259143, 3, 0
259268, 3, 0
259393, 3, 1
259518, 3, 0
259643, 3, 0
259768, 3, 0
259893, 3, bit 1
259893, 3, 1
260018, 3, 0
260143, 3, 0
260268, 3, 1
260393, 3, 0
260518, 3, 0
260643, 3, 1
260768, 3, 0
260893, 3, 0
261018, 3, 0
261143, 3, 1
261268, 3, 0
261393, 3, 0
261518, 3, 0
