125 100 1 7 16
(2, 20, 12, 10.00), (code 1)
START
690491, 0, prem 1
690491, 0, 1
690616, 0, 1
690741, 0, 1
690866, 0, 1
690991, 0, 1
691116, 0, 1
691241, 0, 1
691366, 0, 1
691491, 0, 1
691616, 0, 1
691741, 0, 1
691866, 0, 1
691991, 0, 1
692116, 0, 1
692241, 0, 1
692366, 0, 1
692491, 0, 0
692616, 0, 0
692741, 0, 0
692866, 0, 0
692992, 0, 0
693117, 0, 0
693242, 0, 0
693367, 0, 0
693492, 0, 0
693617, 0, 0
693742, 0, 0
693867, 0, 0
693992, 0, 0
694117, 0, 0
694242, 0, 0
694367, 0, 0
694492, 0, prem 1
694492, 0, 1
694617, 0, 1
694742, 0, 1
694867, 0, 1
694992, 0, 1
695117, 0, 1
695242, 0, 1
695367, 0, 1
695492, 0, 1
695617, 0, 1
695742, 0, 1
695867, 0, 1
695992, 0, 1
696117, 0, 1
696242, 0, 1
696367, 0, 1
696492, 0, 0
696617, 0, 0
696742, 0, 0
696867, 0, 0
696992, 0, 0
697117, 0, 0
697242, 0, 0
697367, 0, 0
697492, 0, 0
697617, 0, 0
697742, 0, 0
697867, 0, 0
697992, 0, 0
698117, 0, 0
698242, 0, 0
698368, 0, 0
698493, 0, prem 0
698493, 0, 0
698618, 0, 0
698743, 0, 0
698868, 0, 0
698993, 0, 0
699118, 0, 0
699243, 0, 0
699368, 0, 0
699493, 0, 0
699618, 0, 0
699743, 0, 0
699868, 0, 0
699993, 0, 0
700118, 0, 0
700243, 0, 0
700368, 0, 0
700493, 0, 1
700618, 0, 1
700743, 0, 1
700868, 0, 1
700993, 0, 1
701118, 0, 1
701243, 0, 1
701368, 0, 1
701493, 0, 1
701618, 0, 1
701743, 0, 1
701868, 0, 1
701993, 0, 1
702118, 0, 1
702243, 0, 1
702368, 0, 1
702493, 0, prem 0
702493, 0, 0
702618, 0, 0
702743, 0, 0
702868, 0, 0
702993, 0, 0
703118, 0, 0
703243, 0, 0
703368, 0, 0
703493, 0, 0
703618, 0, 0
703744, 0, 0
703869, 0, 0
703994, 0, 0
704119, 0, 0
704244, 0, 0
704369, 0, 0
704494, 0, 1
704619, 0, 1
704744, 0, 1
704869, 0, 1
704994, 0, 1
705119, 0, 1
705244, 0, 1
705369, 0, 1
705494, 0, 1
705619, 0, 1
705744, 0, 1
705869, 0, 1
705994, 0, 1
706119, 0, 1
706244, 0, 1
706369, 0, 1
706494, 0, prem 0
706494, 0, 0
706619, 0, 0
706744, 0, 0
706869, 0, 0
706994, 0, 0
707119, 0, 0
707244, 0, 0
707369, 0, 0
707494, 0, 0
707619, 0, 0
707744, 0, 0
707869, 0, 0
707994, 0, 0
708119, 0, 0
708244, 0, 0
708369, 0, 0
708494, 0, 1
708619, 0, 1
708744, 0, 1
708869, 0, 1
708994, 0, 1
709120, 0, 1
709245, 0, 1
709370, 0, 1
709495, 0, 1
709620, 0, 1
709745, 0, 1
709870, 0, 1
709995, 0, 1
710120, 0, 1
710245, 0, 1
710370, 0, 1
710495, 0, prem 0
710495, 0, 0
710620, 0, 0
710745, 0, 0
710870, 0, 0
710995, 0, 0
711120, 0, 0
711245, 0, 0
711370, 0, 0
711495, 0, 0
711620, 0, 0
711745, 0, 0
711870, 0, 0
711995, 0, 0
712120, 0, 0
712245, 0, 0
712370, 0, 0
712495, 0, 1
712620, 0, 1
712745, 0, 1
712870, 0, 1
712995, 0, 1
713120, 0, 1
713245, 0, 1
713370, 0, 1
713495, 0, 1
713620, 0, 1
713745, 0, 1
713870, 0, 1
713995, 0, 1
714120, 0, 1
714245, 0, 1
714370, 0, 1
714496, 0, prem 0
714496, 0, 0
714621, 0, 0
714746, 0, 0
714871, 0, 0
714996, 0, 0
715121, 0, 0
715246, 0, 0
715371, 0, 0
715496, 0, 0
715621, 0, 0
715746, 0, 0
715871, 0, 0
715996, 0, 0
716121, 0, 0
716246, 0, 0
716371, 0, 0
716496, 0, 1
716621, 0, 1
716746, 0, 1
716871, 0, 1
716996, 0, 1
717121, 0, 1
717246, 0, 1
717371, 0, 1
717496, 0, 1
717621, 0, 1
717746, 0, 1
717871, 0, 1
717996, 0, 1
718121, 0, 1
718246, 0, 1
718371, 0, 1
718496, 0, bit 1
718496, 0, 1
718621, 0, 0
718746, 0, 1
718871, 0, 0
718996, 0, 0
719121, 0, 1
719246, 0, 0
719371, 0, 1
719496, 0, 0
719621, 0, 1
719746, 0, 0
719872, 0, 1
719997, 0, 0
720122, 0, 1
720247, 0, bit 0
720247, 0, 0
720372, 0, 1
720497, 0, 0
720622, 0, 1
720747, 0, 1
720872, 0, 0
720997, 0, 1
721122, 0, 0
721247, 0, 1
721372, 0, 0
721497, 0, 1
721622, 0, 0
721747, 0, 1
721872, 0, 0
721997, 0, bit 1
721997, 0, 1
722122, 0, 0
722247, 0, 1
722372, 0, 0
722497, 0, 0
722622, 0, 1
722747, 0, 0
722872, 0, 1
722997, 0, 0
723122, 0, 1
723247, 0, 0
723372, 0, 1
723497, 0, 0
723622, 0, 1
723747, 0, bit 0
723747, 0, 0
723872, 0, 1
723997, 0, 0
724122, 0, 1
724247, 0, 1
724372, 0, 0
724497, 0, 1
724622, 0, 0
724747, 0, 1
724872, 0, 0
724997, 0, 1
725122, 0, 0
725248, 0, 1
725373, 0, 0
725498, 0, bit 0
725498, 0, 0
725623, 0, 1
725748, 0, 0
725873, 0, 1
725998, 0, 1
726123, 0, 0
726248, 0, 1
726373, 0, 0
726498, 0, 1
726623, 0, 0
726748, 0, 1
726873, 0, 0
726998, 0, 1
727123, 0, 0
727248, 0, bit 0
727248, 0, 0
727373, 0, 1
727498, 0, 0
727623, 0, 1
727748, 0, 1
727873, 0, 0
727998, 0, 1
728123, 0, 0
728248, 0, 1
728373, 0, 0
728498, 0, 1
728623, 0, 0
728748, 0, 1
728873, 0, 0
728998, 0, bit 1
729001, 0, 1
729123, 0, 0
729248, 0, 1
729373, 0, 0
729498, 0, 0
729623, 0, 1
729748, 0, 0
729873, 0, 1
729998, 0, 0
730123, 0, 1
730248, 0, 0
730373, 0, 1
730498, 0, 0
730624, 0, 1
730749, 0, bit 0
730749, 0, 0
730874, 0, 1
730999, 0, 0
731124, 0, 1
731249, 0, 1
731374, 0, 0
731499, 0, 1
731624, 0, 0
731749, 0, 1
731874, 0, 0
731999, 0, 1
732124, 0, 0
732249, 0, 1
732374, 0, 0
732499, 0, bit 0
732499, 0, 0
732624, 0, 1
732749, 0, 0
732874, 0, 1
732999, 0, 1
733124, 0, 0
733249, 0, 1
733374, 0, 0
733499, 0, 1
733624, 0, 0
733749, 0, 1
733874, 0, 0
733999, 0, 1
734124, 0, 0
734249, 0, bit 0
734249, 0, 0
734374, 0, 1
734499, 0, 0
734624, 0, 1
734749, 0, 1
734874, 0, 0
734999, 0, 1
735124, 0, 0
735249, 0, 1
735374, 0, 0
735499, 0, 1
735624, 0, 0
735749, 0, 1
735874, 0, 0
736000, 0, bit 1
736000, 0, 1
736125, 0, 0
736250, 0, 1
736375, 0, 0
736500, 0, 0
736625, 0, 1
736750, 0, 0
736875, 0, 1
737000, 0, 0
737125, 0, 1
737250, 0, 0
737375, 0, 1
737500, 0, 0
737625, 0, 1
737750, 0, bit 0
737750, 0, 0
737875, 0, 1
738000, 0, 0
738125, 0, 1
738250, 0, 1
738375, 0, 0
738500, 0, 1
738625, 0, 0
738750, 0, 1
738875, 0, 0
739000, 0, 1
739125, 0, 0
739250, 0, 1
739375, 0, 0
739500, 0, bit 1
739500, 0, 1
739625, 0, 0
739750, 0, 1
739875, 0, 0
740000, 0, 0
740125, 0, 1
740250, 0, 0
740375, 0, 1
740500, 0, 0
740625, 0, 1
740750, 0, 0
740875, 0, 1
741000, 0, 0
741125, 0, 1
741250, 0, bit 0
741250, 0, 0
741376, 0, 1
741501, 0, 0
741626, 0, 1
741751, 0, 1
741876, 0, 0
742001, 0, 1
742126, 0, 0
742251, 0, 1
742376, 0, 0
742501, 0, 1
742626, 0, 0
742751, 0, 1
742876, 0, 0
743001, 0, bit 1
743001, 0, 1
743126, 0, 0
743251, 0, 1
743376, 0, 0
743501, 0, 0
743626, 0, 1
743751, 0, 0
743876, 0, 1
744001, 0, 0
744126, 0, 1
744251, 0, 0
744376, 0, 1
744501, 0, 0
744626, 0, 1
744751, 0, bit 1
744751, 0, 1
744876, 0, 0
745001, 0, 1
745126, 0, 0
745251, 0, 0
745376, 0, 1
745501, 0, 0
745626, 0, 1
745751, 0, 0
745876, 0, 1
746001, 0, 0
746126, 0, 1
746251, 0, 0
746376, 0, 1
746501, 0, bit 0
746501, 0, 0
746626, 0, 1
746752, 0, 0
746877, 0, 1
747002, 0, 1
747127, 0, 0
747252, 0, 1
747377, 0, 0
747502, 0, 1
747627, 0, 0
747752, 0, 1
747877, 0, 0
748002, 0, 1
748127, 0, 0
748252, 0, bit 0
748252, 0, 0
748377, 0, 1
748502, 0, 0
748627, 0, 1
748752, 0, 1
748877, 0, 0
749002, 0, 1
749127, 0, 0
749252, 0, 1
749377, 0, 0
749502, 0, 1
749627, 0, 0
749752, 0, 1
749877, 0, 0
750002, 0, bit 1
750002, 0, 1
750127, 0, 0
750252, 0, 1
750377, 0, 0
750502, 0, 0
750627, 0, 1
750752, 0, 0
750877, 0, 1
751002, 0, 0
751127, 0, 1
751252, 0, 0
751377, 0, 1
751502, 0, 0
751627, 0, 1
751752, 0, bit 1
751752, 0, 1
751877, 0, 0
752002, 0, 1
752128, 0, 0
752253, 0, 0
752378, 0, 1
752503, 0, 0
752628, 0, 1
752753, 0, 0
752878, 0, 1
753003, 0, 0
753128, 0, 1
753253, 0, 0
753378, 0, 1
753503, 0, bit 1
753503, 0, 1
753628, 0, 0
753753, 0, 1
753878, 0, 0
754003, 0, 0
754128, 0, 1
754253, 0, 0
754378, 0, 1
754503, 0, 0
754628, 0, 1
754753, 0, 0
754878, 0, 1
755003, 0, 0
755128, 0, 1
755253, 0, bit 1
755253, 0, 1
755378, 0, 0
755503, 0, 1
755628, 0, 0
755753, 0, 0
755878, 0, 1
756003, 0, 0
756128, 0, 1
756253, 0, 0
756378, 0, 1
756503, 0, 0
756628, 0, 1
756753, 0, 0
756878, 0, 1
757003, 0, bit 1
757003, 0, 1
757128, 0, 0
757253, 0, 1
757378, 0, 0
757504, 0, 0
757629, 0, 1
757754, 0, 0
757879, 0, 1
758004, 0, 0
758129, 0, 1
758254, 0, 0
758379, 0, 1
758504, 0, 0
758629, 0, 1
758754, 0, bit 1
758754, 0, 1
758879, 0, 0
759004, 0, 1
759129, 0, 0
759254, 0, 0
759379, 0, 1
759504, 0, 0
759629, 0, 1
759754, 0, 0
759879, 0, 1
760004, 0, 0
760129, 0, 1
760254, 0, 0
760379, 0, 1
760504, 0, bit 1
760504, 0, 1
760629, 0, 0
760754, 0, 1
760879, 0, 0
761004, 0, 0
761129, 0, 1
761254, 0, 0
761379, 0, 1
761504, 0, 0
761629, 0, 1
761754, 0, 0
761879, 0, 1
762004, 0, 0
762129, 0, 1
762254, 0, bit 1
762254, 0, 1
762379, 0, 0
762504, 0, 1
762629, 0, 0
762754, 0, 0
762880, 0, 1
763005, 0, 0
763130, 0, 1
763255, 0, 0
763380, 0, 1
763505, 0, 0
763630, 0, 1
763755, 0, 0
763880, 0, 1
764005, 0, bit 0
764005, 0, 0
764130, 0, 1
764255, 0, 0
764380, 0, 1
764505, 0, 1
764630, 0, 0
764755, 0, 1
764880, 0, 0
765005, 0, 1
765130, 0, 0
765255, 0, 1
765380, 0, 0
765505, 0, 1
765630, 0, 0
765755, 0, bit 1
765755, 0, 1
765880, 0, 0
766005, 0, 1
766130, 0, 0
766255, 0, 0
766380, 0, 1
766505, 0, 0
766630, 0, 1
766755, 0, 0
766880, 0, 1
767005, 0, 0
767130, 0, 1
767255, 0, 0
767380, 0, 1
767505, 0, bit 0
767505, 0, 0
767630, 0, 1
767755, 0, 0
767880, 0, 1
768005, 0, 1
768130, 0, 0
768256, 0, 1
768381, 0, 0
768506, 0, 1
768631, 0, 0
768756, 0, 1
768881, 0, 0
769006, 0, 1
769131, 0, 0
769256, 0, bit 1
769256, 0, 1
769381, 0, 0
769506, 0, 1
769631, 0, 0
769756, 0, 0
769881, 0, 1
770006, 0, 0
770131, 0, 1
770256, 0, 0
770381, 0, 1
770506, 0, 0
770631, 0, 1
770756, 0, 0
770881, 0, 1
771006, 0, bit 1
771006, 0, 1
771131, 0, 0
771256, 0, 1
771381, 0, 0
771506, 0, 0
771631, 0, 1
771756, 0, 0
771881, 0, 1
772006, 0, 0
772131, 0, 1
772256, 0, 0
772381, 0, 1
772506, 0, 0
772631, 0, 1
772756, 0, bit 1
772756, 0, 1
772881, 0, 0
773006, 0, 1
773131, 0, 0
773256, 0, 0
773381, 0, 1
773506, 0, 0
773632, 0, 1
773757, 0, 0
773882, 0, 1
774007, 0, 0
774132, 0, 1
774257, 0, 0
774382, 0, 1
774507, 0, bit 0
774507, 0, 0
774632, 0, 1
774757, 0, 0
774882, 0, 1
775007, 0, 1
775132, 0, 0
775257, 0, 1
775382, 0, 0
775507, 0, 1
775632, 0, 0
775757, 0, 1
775882, 0, 0
776007, 0, 1
776132, 0, 0
776257, 0, bit 0
776257, 0, 0
776382, 0, 1
776507, 0, 0
776632, 0, 1
776757, 0, 1
776882, 0, 0
777007, 0, 1
777132, 0, 0
777257, 0, 1
777382, 0, 0
777507, 0, 1
777632, 0, 0
777757, 0, 1
777882, 0, 0
778007, 0, bit 0
778007, 0, 0
778132, 0, 1
778257, 0, 0
778382, 0, 1
778507, 0, 1
778632, 0, 0
778757, 0, 1
778882, 0, 0
779008, 0, 1
779133, 0, 0
779258, 0, 1
779383, 0, 0
779508, 0, 1
779633, 0, 0
779758, 0, bit 1
779758, 0, 1
779883, 0, 0
780008, 0, 1
780133, 0, 0
780258, 0, 0
780383, 0, 1
780508, 0, 0
780633, 0, 1
780758, 0, 0
780883, 0, 1
781008, 0, 0
781133, 0, 1
781258, 0, 0
781383, 0, 1
781508, 0, bit 1
781508, 0, 1
781633, 0, 0
781758, 0, 1
781883, 0, 0
782008, 0, 0
782133, 0, 1
782258, 0, 0
782383, 0, 1
782508, 0, 0
782633, 0, 1
782758, 0, 0
782883, 0, 1
783008, 0, 0
783133, 0, 1
783258, 0, bit 0
783258, 0, 0
783383, 0, 1
783508, 0, 0
783633, 0, 1
783758, 0, 1
783883, 0, 0
784008, 0, 1
784133, 0, 0
784258, 0, 1
784384, 0, 0
784509, 0, 1
784634, 0, 0
784759, 0, 1
784884, 0, 0
785009, 0, bit 0
785009, 0, 0
785134, 0, 1
785259, 0, 0
785384, 0, 1
785509, 0, 1
785634, 0, 0
785759, 0, 1
785884, 0, 0
786009, 0, 1
786134, 0, 0
786259, 0, 1
786384, 0, 0
786509, 0, 1
786634, 0, 0
786759, 0, bit 0
786759, 0, 0
786884, 0, 1
787009, 0, 0
787134, 0, 1
787259, 0, 1
787384, 0, 0
787509, 0, 1
787634, 0, 0
787759, 0, 1
787884, 0, 0
788009, 0, 1
788134, 0, 0
788259, 0, 1
788384, 0, 0
788509, 0, bit 1
788509, 0, 1
788634, 0, 0
788759, 0, 1
788884, 0, 0
789009, 0, 0
789134, 0, 1
789259, 0, 0
789384, 0, 1
789509, 0, 0
789634, 0, 1
789760, 0, 0
789885, 0, 1
790010, 0, 0
790135, 0, 1
790260, 0, bit 1
790260, 0, 1
790385, 0, 0
790510, 0, 1
790635, 0, 0
790760, 0, 0
790885, 0, 1
791010, 0, 0
791135, 0, 1
791260, 0, 0
791385, 0, 1
791510, 0, 0
791635, 0, 1
791760, 0, 0
791885, 0, 1
792010, 0, bit 0
792010, 0, 0
792135, 0, 1
792260, 0, 0
792385, 0, 1
792510, 0, 1
792635, 0, 0
792760, 0, 1
792885, 0, 0
793010, 0, 1
793135, 0, 0
793260, 0, 1
793385, 0, 0
793510, 0, 1
793635, 0, 0
793760, 0, bit 0
793760, 0, 0
793885, 0, 1
794010, 0, 0
794135, 0, 1
794260, 0, 1
794385, 0, 0
794510, 0, 1
794635, 0, 0
794760, 0, 1
794885, 0, 0
795010, 0, 1
795136, 0, 0
795261, 0, 1
795386, 0, 0
795511, 0, bit 0
795511, 0, 0
795636, 0, 1
795761, 0, 0
795886, 0, 1
796011, 0, 1
796136, 0, 0
796261, 0, 1
796386, 0, 0
796511, 0, 1
796636, 0, 0
796761, 0, 1
796886, 0, 0
797011, 0, 1
797136, 0, 0
797261, 0, bit 0
797261, 0, 0
797386, 0, 1
797511, 0, 0
797636, 0, 1
797761, 0, 1
797886, 0, 0
798011, 0, 1
798136, 0, 0
798261, 0, 1
798386, 0, 0
798511, 0, 1
798636, 0, 0
798761, 0, 1
798886, 0, 0
799011, 0, bit 0
799011, 0, 0
799136, 0, 1
799261, 0, 0
799386, 0, 1
799511, 0, 1
799636, 0, 0
799761, 0, 1
799886, 0, 0
800011, 0, 1
800136, 0, 0
800261, 0, 1
800386, 0, 0
800512, 0, 1
800637, 0, 0
800762, 0, bit 0
800762, 0, 0
800887, 0, 1
801012, 0, 0
801137, 0, 1
801262, 0, 1
801387, 0, 0
801512, 0, 1
801637, 0, 0
801762, 0, 1
801887, 0, 0
802012, 0, 1
802137, 0, 0
802262, 0, 1
802387, 0, 0
802512, 0, bit 0
802512, 0, 0
802637, 0, 1
802762, 0, 0
802887, 0, 1
803012, 0, 1
803137, 0, 0
803262, 0, 1
803387, 0, 0
803512, 0, 1
803637, 0, 0
803762, 0, 1
803887, 0, 0
804012, 0, 1
804137, 0, 0
804262, 0, bit 1
804265, 0, 1
804387, 0, 0
804512, 0, 1
804637, 0, 0
804762, 0, 0
804887, 0, 1
805012, 0, 0
805137, 0, 1
805262, 0, 0
805387, 0, 1
805512, 0, 0
805637, 0, 1
805762, 0, 0
805888, 0, 1
806013, 0, bit 0
806013, 0, 0
806138, 0, 1
806263, 0, 0
806388, 0, 1
806513, 0, 1
806638, 0, 0
806763, 0, 1
806888, 0, 0
807013, 0, 1
807138, 0, 0
807263, 0, 1
807388, 0, 0
807513, 0, 1
807638, 0, 0
807763, 0, bit 1
807763, 0, 1
807888, 0, 0
808013, 0, 1
808138, 0, 0
808263, 0, 0
808388, 0, 1
808513, 0, 0
808638, 0, 1
808763, 0, 0
808888, 0, 1
809013, 0, 0
809138, 0, 1
809263, 0, 0
809388, 0, 1
809513, 0, bit 0
809513, 0, 0
809638, 0, 1
809763, 0, 0
809888, 0, 1
810013, 0, 1
810138, 0, 0
810263, 0, 1
810388, 0, 0
810513, 0, 1
810638, 0, 0
810763, 0, 1
810888, 0, 0
811013, 0, 1
811138, 0, 0
811264, 0, bit 1
811264, 0, 1
811389, 0, 0
811514, 0, 1
811639, 0, 0
811764, 0, 0
811889, 0, 1
812014, 0, 0
812139, 0, 1
812264, 0, 0
812389, 0, 1
812514, 0, 0
812639, 0, 1
812764, 0, 0
812889, 0, 1
813014, 0, bit 0
813014, 0, 0
813139, 0, 1
813264, 0, 0
813389, 0, 1
813514, 0, 1
813639, 0, 0
813764, 0, 1
813889, 0, 0
814014, 0, 1
814139, 0, 0
814264, 0, 1
814389, 0, 0
814514, 0, 1
814639, 0, 0
814764, 0, bit 0
814764, 0, 0
814889, 0, 1
815014, 0, 0
815139, 0, 1
815264, 0, 1
815389, 0, 0
815514, 0, 1
815639, 0, 0
815764, 0, 1
815889, 0, 0
816014, 0, 1
816139, 0, 0
816264, 0, 1
816389, 0, 0
816514, 0, bit 1
816514, 0, 1
816640, 0, 0
816765, 0, 1
816890, 0, 0
817015, 0, 0
817140, 0, 1
817265, 0, 0
817390, 0, 1
817515, 0, 0
817640, 0, 1
817765, 0, 0
817890, 0, 1
818015, 0, 0
818140, 0, 1
818265, 0, bit 1
818265, 0, 1
818390, 0, 0
818515, 0, 1
818640, 0, 0
818765, 0, 0
818890, 0, 1
819015, 0, 0
819140, 0, 1
819265, 0, 0
819390, 0, 1
819515, 0, 0
819640, 0, 1
819765, 0, 0
819890, 0, 1
820015, 0, bit 0
820015, 0, 0
820140, 0, 1
820265, 0, 0
820390, 0, 1
820515, 0, 1
820640, 0, 0
820765, 0, 1
820890, 0, 0
821015, 0, 1
821140, 0, 0
821265, 0, 1
821390, 0, 0
821515, 0, 1
821640, 0, 0
821765, 0, bit 0
821765, 0, 0
821890, 0, 1
822016, 0, 0
822141, 0, 1
822266, 0, 1
822391, 0, 0
822516, 0, 1
822641, 0, 0
822766, 0, 1
822891, 0, 0
823016, 0, 1
823141, 0, 0
823266, 0, 1
823391, 0, 0
823516, 0, bit 0
823516, 0, 0
823641, 0, 1
823766, 0, 0
823891, 0, 1
824016, 0, 1
824141, 0, 0
824266, 0, 1
824391, 0, 0
824516, 0, 1
824641, 0, 0
824766, 0, 1
824891, 0, 0
825016, 0, 1
825141, 0, 0
825266, 0, bit 0
825276, 0, 0
825391, 0, 1
825516, 0, 0
825641, 0, 1
825766, 0, 1
825891, 0, 0
826016, 0, 1
826141, 0, 0
826266, 0, 1
826391, 0, 0
826516, 0, 1
826641, 0, 0
826766, 0, 1
826891, 0, 0
827016, 0, bit 1
827016, 0, 1
827141, 0, 0
827266, 0, 1
827392, 0, 0
827517, 0, 0
827642, 0, 1
827767, 0, 0
827892, 0, 1
828017, 0, 0
828142, 0, 1
828267, 0, 0
828392, 0, 1
828517, 0, 0
828642, 0, 1
828767, 0, bit 1
828767, 0, 1
828892, 0, 0
829017, 0, 1
829142, 0, 0
829267, 0, 0
829392, 0, 1
829517, 0, 0
829642, 0, 1
829767, 0, 0
829892, 0, 1
830017, 0, 0
830142, 0, 1
830267, 0, 0
830392, 0, 1
830517, 0, bit 1
830517, 0, 1
830642, 0, 0
830767, 0, 1
830892, 0, 0
831017, 0, 0
831142, 0, 1
831267, 0, 0
831392, 0, 1
831517, 0, 0
831642, 0, 1
831767, 0, 0
831892, 0, 1
832017, 0, 0
832142, 0, 1
832267, 0, bit 0
832267, 0, 0
832392, 0, 1
832517, 0, 0
832642, 0, 1
832768, 0, 1
832893, 0, 0
833018, 0, 1
833143, 0, 0
833268, 0, 1
833393, 0, 0
833518, 0, 1
833643, 0, 0
833768, 0, 1
833893, 0, 0
834018, 0, bit 0
834018, 0, 0
834143, 0, 1
834268, 0, 0
834393, 0, 1
834518, 0, 1
834643, 0, 0
834768, 0, 1
834893, 0, 0
835018, 0, 1
835143, 0, 0
835268, 0, 1
835393, 0, 0
835518, 0, 1
835643, 0, 0
835768, 0, bit 0
835768, 0, 0
835893, 0, 1
836018, 0, 0
836143, 0, 1
836268, 0, 1
836393, 0, 0
836518, 0, 1
836643, 0, 0
836768, 0, 1
836893, 0, 0
837018, 0, 1
837143, 0, 0
837268, 0, 1
837393, 0, 0
837518, 0, bit 0
837518, 0, 0
837643, 0, 1
837768, 0, 0
837893, 0, 1
838018, 0, 1
838144, 0, 0
838269, 0, 1
838394, 0, 0
838519, 0, 1
838644, 0, 0
838769, 0, 1
838894, 0, 0
839019, 0, 1
839144, 0, 0
839269, 0, bit 1
839269, 0, 1
839394, 0, 0
839519, 0, 1
839644, 0, 0
839769, 0, 0
839894, 0, 1
840019, 0, 0
840144, 0, 1
840269, 0, 0
840394, 0, 1
840519, 0, 0
840644, 0, 1
840769, 0, 0
840894, 0, 1
841019, 0, bit 0
841019, 0, 0
841144, 0, 1
841269, 0, 0
841394, 0, 1
841519, 0, 1
841644, 0, 0
841769, 0, 1
841894, 0, 0
842019, 0, 1
842144, 0, 0
842269, 0, 1
842394, 0, 0
842519, 0, 1
842644, 0, 0
842769, 0, bit 0
842769, 0, 0
842894, 0, 1
843019, 0, 0
843144, 0, 1
843269, 0, 1
843394, 0, 0
843520, 0, 1
843645, 0, 0
843770, 0, 1
843895, 0, 0
844020, 0, 1
844145, 0, 0
844270, 0, 1
844395, 0, 0
844520, 0, bit 0
844520, 0, 0
844645, 0, 1
844770, 0, 0
844895, 0, 1
845020, 0, 1
845145, 0, 0
845270, 0, 1
845395, 0, 0
845520, 0, 1
845645, 0, 0
845770, 0, 1
845895, 0, 0
846020, 0, 1
846145, 0, 0
846270, 0, bit 1
846273, 0, 1
846395, 0, 0
846520, 0, 1
846645, 0, 0
846770, 0, 0
846895, 0, 1
847020, 0, 0
847145, 0, 1
847270, 0, 0
847395, 0, 1
847520, 0, 0
847645, 0, 1
847770, 0, 0
847895, 0, 1
848020, 0, bit 0
848020, 0, 0
848145, 0, 1
848270, 0, 0
848395, 0, 1
848520, 0, 1
848645, 0, 0
848770, 0, 1
848896, 0, 0
849021, 0, 1
849146, 0, 0
849271, 0, 1
849396, 0, 0
849521, 0, 1
849646, 0, 0
849771, 0, bit 1
849771, 0, 1
849896, 0, 0
850021, 0, 1
850146, 0, 0
850271, 0, 0
850396, 0, 1
850521, 0, 0
850646, 0, 1
850771, 0, 0
850896, 0, 1
851021, 0, 0
851146, 0, 1
851271, 0, 0
851396, 0, 1
851521, 0, bit 1
851521, 0, 1
851646, 0, 0
851771, 0, 1
851896, 0, 0
852021, 0, 0
852146, 0, 1
852271, 0, 0
852396, 0, 1
852521, 0, 0
852646, 0, 1
852771, 0, 0
852896, 0, 1
853021, 0, 0
853146, 0, 1
853271, 0, bit 0
853271, 0, 0
853396, 0, 1
853521, 0, 0
853646, 0, 1
853771, 0, 1
853896, 0, 0
854021, 0, 1
854146, 0, 0
854272, 0, 1
854397, 0, 0
854522, 0, 1
854647, 0, 0
854772, 0, 1
854897, 0, 0
855022, 0, bit 0
855022, 0, 0
855147, 0, 1
855272, 0, 0
855397, 0, 1
855522, 0, 1
855647, 0, 0
855772, 0, 1
855897, 0, 0
856022, 0, 1
856147, 0, 0
856272, 0, 1
856397, 0, 0
856522, 0, 1
856647, 0, 0
856772, 0, bit 0
856772, 0, 0
856897, 0, 1
857022, 0, 0
857147, 0, 1
857272, 0, 1
857397, 0, 0
857522, 0, 1
857647, 0, 0
857772, 0, 1
857897, 0, 0
858022, 0, 1
858147, 0, 0
858272, 0, 1
858397, 0, 0
858522, 0, bit 0
858522, 0, 0
858647, 0, 1
858772, 0, 0
858897, 0, 1
859022, 0, 1
859147, 0, 0
859272, 0, 1
859397, 0, 0
859522, 0, 1
859648, 0, 0
859773, 0, 1
859898, 0, 0
860023, 0, 1
860148, 0, 0
860273, 0, bit 0
860273, 0, 0
860398, 0, 1
860523, 0, 0
860648, 0, 1
860773, 0, 1
860898, 0, 0
861023, 0, 1
861148, 0, 0
861273, 0, 1
861398, 0, 0
861523, 0, 1
861648, 0, 0
861773, 0, 1
861898, 0, 0
862023, 0, bit 0
862023, 0, 0
862148, 0, 1
862273, 0, 0
862398, 0, 1
862523, 0, 1
862648, 0, 0
862773, 0, 1
862898, 0, 0
863023, 0, 1
863148, 0, 0
863273, 0, 1
863398, 0, 0
863523, 0, 1
863648, 0, 0
863773, 0, bit 0
863773, 0, 0
863898, 0, 1
864023, 0, 0
864148, 0, 1
864273, 0, 1
864398, 0, 0
864523, 0, 1
864648, 0, 0
864773, 0, 1
864898, 0, 0
865024, 0, 1
865149, 0, 0
865274, 0, 1
865399, 0, 0
865524, 0, bit 1
865524, 0, 1
865649, 0, 0
865774, 0, 1
865899, 0, 0
866024, 0, 0
866149, 0, 1
866274, 0, 0
866399, 0, 1
866524, 0, 0
866649, 0, 1
866774, 0, 0
866899, 0, 1
867024, 0, 0
867149, 0, 1
867274, 0, bit 0
867274, 0, 0
867399, 0, 1
867524, 0, 0
867649, 0, 1
867774, 0, 1
867899, 0, 0
868024, 0, 1
868149, 0, 0
868274, 0, 1
868399, 0, 0
868524, 0, 1
868649, 0, 0
868774, 0, 1
868899, 0, 0
869024, 0, bit 1
869024, 0, 1
869149, 0, 0
869274, 0, 1
869399, 0, 0
869524, 0, 0
869649, 0, 1
869774, 0, 0
869899, 0, 1
870024, 0, 0
870149, 0, 1
870274, 0, 0
870400, 0, 1
870525, 0, 0
870650, 0, 1
870775, 0, bit 0
870775, 0, 0
870900, 0, 1
871025, 0, 0
871150, 0, 1
871275, 0, 1
871400, 0, 0
871525, 0, 1
871650, 0, 0
871775, 0, 1
871900, 0, 0
872025, 0, 1
872150, 0, 0
872275, 0, 1
872400, 0, 0
872525, 0, bit 1
872525, 0, 1
872650, 0, 0
872775, 0, 1
872900, 0, 0
873025, 0, 0
873150, 0, 1
873275, 0, 0
873400, 0, 1
873525, 0, 0
873650, 0, 1
873775, 0, 0
873900, 0, 1
874025, 0, 0
874150, 0, 1
874275, 0, bit 0
874275, 0, 0
874400, 0, 1
874525, 0, 0
874650, 0, 1
874775, 0, 1
874900, 0, 0
875025, 0, 1
875150, 0, 0
875275, 0, 1
875400, 0, 0
875525, 0, 1
875650, 0, 0
875776, 0, 1
875901, 0, 0
876026, 0, bit 0
876026, 0, 0
876151, 0, 1
876276, 0, 0
876401, 0, 1
876526, 0, 1
876651, 0, 0
876776, 0, 1
876901, 0, 0
877026, 0, 1
877151, 0, 0
877276, 0, 1
877401, 0, 0
877526, 0, 1
877651, 0, 0
877776, 0, bit 1
877776, 0, 1
877901, 0, 0
878026, 0, 1
878151, 0, 0
878276, 0, 0
878401, 0, 1
878526, 0, 0
878651, 0, 1
878776, 0, 0
878901, 0, 1
879026, 0, 0
879151, 0, 1
879276, 0, 0
879401, 0, 1
879526, 0, bit 0
879526, 0, 0
879651, 0, 1
879776, 0, 0
879901, 0, 1
880026, 0, 1
880151, 0, 0
880276, 0, 1
880401, 0, 0
880526, 0, 1
880651, 0, 0
880776, 0, 1
880901, 0, 0
881026, 0, 1
881152, 0, 0
881277, 0, bit 0
881277, 0, 0
881402, 0, 1
881527, 0, 0
881652, 0, 1
881777, 0, 1
881902, 0, 0
882027, 0, 1
882152, 0, 0
882277, 0, 1
882402, 0, 0
882527, 0, 1
882652, 0, 0
882777, 0, 1
882902, 0, 0
883027, 0, bit 0
883027, 0, 0
883152, 0, 1
883277, 0, 0
883402, 0, 1
883527, 0, 1
883652, 0, 0
883777, 0, 1
883902, 0, 0
884027, 0, 1
884152, 0, 0
884277, 0, 1
884402, 0, 0
884527, 0, 1
884652, 0, 0
884777, 0, bit 0
884777, 0, 0
884902, 0, 1
885027, 0, 0
885152, 0, 1
885277, 0, 1
885402, 0, 0
885527, 0, 1
885652, 0, 0
885777, 0, 1
885902, 0, 0
886027, 0, 1
886152, 0, 0
886277, 0, 1
886402, 0, 0
886528, 0, bit 1
886528, 0, 1
886653, 0, 0
886778, 0, 1
886903, 0, 0
887028, 0, 0
887153, 0, 1
887278, 0, 0
887403, 0, 1
887528, 0, 0
887653, 0, 1
887778, 0, 0
887903, 0, 1
888028, 0, 0
888153, 0, 1
888278, 0, bit 1
888278, 0, 1
888403, 0, 0
888528, 0, 1
888653, 0, 0
888778, 0, 0
888903, 0, 1
889028, 0, 0
889153, 0, 1
889278, 0, 0
889403, 0, 1
889528, 0, 0
889653, 0, 1
889778, 0, 0
889903, 0, 1
890028, 0, bit 0
890028, 0, 0
890153, 0, 1
890278, 0, 0
890403, 0, 1
890528, 0, 1
890653, 0, 0
890778, 0, 1
890903, 0, 0
891028, 0, 1
891153, 0, 0
891278, 0, 1
891403, 0, 0
891528, 0, 1
891653, 0, 0
891778, 0, bit 1
891778, 0, 1
891904, 0, 0
892029, 0, 1
892154, 0, 0
892279, 0, 0
892404, 0, 1
892529, 0, 0
892654, 0, 1
892779, 0, 0
892904, 0, 1
893029, 0, 0
893154, 0, 1
893279, 0, 0
893404, 0, 1
