125 100 4 7 4
(2, 20, 7, 10.00), (code 1)
(3, 90, 8, 10.00), (code 4)
(4, 160, 11, 10.00), (code 2)
(5, 230, 10, 10.00), (code 6)
START
929116, 0, prem 1
929116, 0, 1
929241, 0, 1
929366, 0, 1
929491, 0, 1
929616, 0, 0
929741, 0, 0
929866, 0, 0
929991, 0, 0
930116, 0, prem 1
930116, 0, 1
930241, 0, 1
930366, 0, 1
930491, 0, 1
930616, 0, 0
930741, 0, 0
930866, 0, 0
930991, 0, 0
931116, 0, prem 0
931116, 0, 0
931241, 0, 0
931366, 0, 0
931491, 0, 0
931616, 0, 1
931741, 0, 1
931866, 0, 1
931991, 0, 1
932116, 0, prem 0
932116, 0, 0
932241, 0, 0
932366, 0, 0
932491, 0, 0
932616, 0, 1
932741, 0, 1
932866, 0, 1
932992, 0, 1
933117, 0, prem 0
933117, 0, 0
933242, 0, 0
933367, 0, 0
933492, 0, 0
933617, 0, 1
933742, 0, 1
933867, 0, 1
933992, 0, 1
934117, 0, prem 0
934117, 0, 0
934242, 0, 0
934367, 0, 0
934492, 0, 0
934617, 0, 1
934742, 0, 1
934867, 0, 1
934992, 0, 1
935117, 0, prem 0
935117, 0, 0
935242, 0, 0
935367, 0, 0
935492, 0, 0
935617, 0, 1
935742, 0, 1
935867, 0, 1
935992, 0, 1
936117, 0, bit 1
936117, 0, 1
936242, 0, 0
936367, 0, 1
936492, 0, 0
936617, 0, 0
936742, 0, 1
936867, 0, 0
936992, 0, 1
937117, 0, 0
937242, 0, 1
937367, 0, 0
937492, 0, 1
937617, 0, 0
937742, 0, 1
937867, 0, bit 1
937867, 0, 1
937992, 0, 0
937995, 1, prem 0
937995, 1, 0
938117, 0, 1
938120, 1, 0
938242, 0, 0
938245, 1, 0
938368, 0, 0
938370, 1, 0
938493, 0, 1
938496, 1, 1
938618, 0, 0
938621, 1, 1
938743, 0, 1
938746, 1, 1
938868, 0, 0
938871, 1, 1
938993, 0, 1
938996, 1, prem 0
938996, 1, 0
939118, 0, 0
939121, 1, 0
939243, 0, 1
939246, 1, 0
939368, 0, 0
939371, 1, 0
939493, 0, 1
939496, 1, 1
939618, 0, bit 0
939618, 0, 0
939621, 1, 1
939743, 0, 1
939746, 1, 1
939868, 0, 0
939871, 1, 1
939993, 0, 1
939996, 1, prem 0
939996, 1, 0
940118, 0, 1
940121, 1, 0
940243, 0, 0
940246, 1, 0
940368, 0, 1
940371, 1, 0
940493, 0, 0
940496, 1, 1
940618, 0, 1
940621, 1, 1
940743, 0, 0
940746, 1, 1
940868, 0, 1
940871, 1, 1
940993, 0, 0
940996, 1, prem 0
940996, 1, 0
941118, 0, 1
941121, 1, 0
941243, 0, 0
941246, 1, 0
941368, 0, bit 0
941368, 0, 0
941371, 1, 0
941493, 0, 1
941496, 1, 1
941618, 0, 0
941621, 1, 1
941743, 0, 1
941746, 1, 1
941868, 0, 1
941871, 1, 1
941993, 0, 0
941996, 1, prem 1
941996, 1, 1
942118, 0, 1
942121, 1, 1
942243, 0, 0
942246, 1, 1
942368, 0, 1
942371, 1, 1
942493, 0, 0
942496, 1, 0
942618, 0, 1
942621, 1, 0
942743, 0, 0
942746, 1, 0
942868, 0, 1
942871, 1, 0
942993, 0, 0
942996, 1, prem 0
942996, 1, 0
943118, 0, bit 0
943118, 0, 0
943121, 1, 0
943243, 0, 1
943246, 1, 0
943368, 0, 0
943371, 1, 0
943493, 0, 1
943496, 1, 1
943618, 0, 1
943621, 1, 1
943744, 0, 0
943746, 1, 1
943869, 0, 1
943872, 1, 1
943994, 0, 0
943997, 1, prem 1
943997, 1, 1
944119, 0, 1
944122, 1, 1
944244, 0, 0
944247, 1, 1
944369, 0, 1
944372, 1, 1
944494, 0, 0
944497, 1, 0
944619, 0, 1
944622, 1, 0
944744, 0, 0
944747, 1, 0
944869, 0, bit 1
944869, 0, 1
944872, 1, 0
944994, 0, 0
944997, 1, bit 1
944997, 1, 0
945119, 0, 1
945122, 1, 1
945244, 0, 0
945247, 1, 0
945369, 0, 0
945372, 1, 1
945494, 0, 1
945497, 1, 0
945619, 0, 0
945622, 1, 1
945744, 0, 1
945747, 1, 0
945869, 0, 0
945872, 1, 1
945994, 0, 1
945997, 1, 1
946119, 0, 0
946122, 1, 0
946244, 0, 1
946247, 1, 0
946369, 0, 0
946372, 1, 1
946494, 0, 1
946497, 1, 1
946619, 0, bit 1
946619, 0, 1
946622, 1, 0
946744, 0, 0
946747, 1, bit 0
946747, 1, 1
946869, 0, 1
946872, 1, 0
946994, 0, 0
946997, 1, 1
947119, 0, 0
947122, 1, 0
947125, 2, prem 0
947125, 2, 0
947244, 0, 1
947247, 1, 1
947250, 2, 0
947369, 0, 0
947372, 1, 0
947375, 2, 0
947494, 0, 1
947497, 1, 1
947500, 2, 0
947619, 0, 0
947622, 1, 0
947625, 2, 1
947744, 0, 1
947747, 1, 0
947750, 2, 1
947869, 0, 0
947872, 1, 1
947875, 2, 1
947994, 0, 1
947997, 1, 1
948000, 2, 1
948119, 0, 0
948122, 1, 0
948125, 2, prem 1
948125, 2, 1
948244, 0, 1
948247, 1, 0
948250, 2, 1
948369, 0, bit 0
948369, 0, 0
948372, 1, 1
948375, 2, 1
948494, 0, 1
948497, 1, bit 0
948497, 1, 1
948500, 2, 1
948619, 0, 0
948622, 1, 0
948625, 2, 0
948744, 0, 1
948747, 1, 1
948750, 2, 0
948869, 0, 1
948872, 1, 0
948875, 2, 0
948994, 0, 0
948997, 1, 1
949000, 2, 0
949120, 0, 1
949122, 1, 0
949125, 2, prem 0
949125, 2, 0
949245, 0, 0
949248, 1, 1
949250, 2, 0
949370, 0, 1
949373, 1, 0
949376, 2, 0
949495, 0, 0
949498, 1, 0
949501, 2, 0
949620, 0, 1
949623, 1, 1
949626, 2, 1
949745, 0, 0
949748, 1, 1
949751, 2, 1
949870, 0, 1
949873, 1, 0
949876, 2, 1
949995, 0, 0
949998, 1, 0
950001, 2, 1
950120, 0, bit 0
950120, 0, 0
950123, 1, 1
950126, 2, prem 1
950126, 2, 1
950245, 0, 1
950248, 1, bit 1
950248, 1, 0
950251, 2, 1
950370, 0, 0
950373, 1, 1
950376, 2, 1
950495, 0, 1
950498, 1, 0
950501, 2, 1
950620, 0, 1
950623, 1, 1
950626, 2, 0
950745, 0, 0
950748, 1, 0
950751, 2, 0
950870, 0, 1
950873, 1, 1
950876, 2, 0
950995, 0, 0
950998, 1, 0
951001, 2, 0
951120, 0, 1
951123, 1, 1
951127, 2, prem 0
951127, 2, 0
951245, 0, 0
951248, 1, 1
951252, 2, 0
951370, 0, 1
951373, 1, 0
951377, 2, 0
951495, 0, 0
951498, 1, 0
951502, 2, 0
951620, 0, 1
951623, 1, 1
951627, 2, 1
951745, 0, 0
951748, 1, 1
951752, 2, 1
951870, 0, bit 0
951870, 0, 0
951873, 1, 0
951877, 2, 1
951995, 0, 1
951998, 1, bit 0
951998, 1, 1
952002, 2, 1
952120, 0, 0
952123, 1, 0
952127, 2, prem 1
952127, 2, 1
952245, 0, 1
952248, 1, 1
952252, 2, 1
952370, 0, 1
952373, 1, 0
952377, 2, 1
952495, 0, 0
952498, 1, 1
952502, 2, 1
952620, 0, 1
952623, 1, 0
952627, 2, 0
952745, 0, 0
952748, 1, 1
952752, 2, 0
952870, 0, 1
952873, 1, 0
952877, 2, 0
952995, 0, 0
952998, 1, 0
953003, 2, 0
953120, 0, 1
953123, 1, 1
953128, 2, prem 1
953128, 2, 1
953245, 0, 0
953248, 1, 1
953253, 2, 1
953370, 0, 1
953373, 1, 0
953378, 2, 1
953495, 0, 0
953498, 1, 0
953503, 2, 1
953620, 0, bit 1
953620, 0, 1
953623, 1, 1
953628, 2, 0
953745, 0, 0
953748, 1, bit 0
953748, 1, 1
953753, 2, 0
953870, 0, 1
953873, 1, 0
953878, 2, 0
953995, 0, 0
953998, 1, 1
954003, 2, 0
954120, 0, 0
954123, 1, 0
954128, 2, bit 1
954128, 2, 0
954245, 0, 1
954248, 1, 1
954253, 2, 1
954370, 0, 0
954373, 1, 0
954378, 2, 1
954496, 0, 1
954498, 1, 1
954503, 2, 0
954621, 0, 0
954624, 1, 0
954628, 2, 0
954746, 0, 1
954749, 1, 0
954753, 2, 1
954871, 0, 0
954874, 1, 1
954878, 2, 1
954996, 0, 1
954999, 1, 1
955003, 2, 0
955121, 0, 0
955124, 1, 0
955128, 2, 0
955246, 0, 1
955249, 1, 0
955253, 2, 1
955371, 0, bit 1
955371, 0, 1
955374, 1, 1
955378, 2, 1
955496, 0, 0
955499, 1, bit 1
955499, 1, 0
955503, 2, 0
955621, 0, 1
955624, 1, 1
955628, 2, 1
955746, 0, 0
955749, 1, 0
955753, 2, 0
955756, 3, prem 0
955756, 3, 0
955871, 0, 0
955874, 1, 1
955878, 2, bit 1
955878, 2, 0
955881, 3, 0
955996, 0, 1
955999, 1, 0
956003, 2, 1
956006, 3, 0
956121, 0, 0
956124, 1, 1
956128, 2, 1
956131, 3, 0
956246, 0, 1
956249, 1, 0
956253, 2, 0
956256, 3, 1
956371, 0, 0
956374, 1, 1
956378, 2, 0
956381, 3, 1
956496, 0, 1
956499, 1, 1
956503, 2, 1
956506, 3, 1
956621, 0, 0
956624, 1, 0
956628, 2, 1
956631, 3, 1
956746, 0, 1
956749, 1, 0
956753, 2, 0
956756, 3, prem 0
956756, 3, 0
956871, 0, 0
956874, 1, 1
956878, 2, 0
956881, 3, 0
956996, 0, 1
956999, 1, 1
957003, 2, 1
957006, 3, 0
957121, 0, bit 0
957121, 0, 0
957124, 1, 0
957128, 2, 1
957131, 3, 0
957246, 0, 1
957249, 1, bit 1
957249, 1, 0
957253, 2, 0
957256, 3, 1
957371, 0, 0
957374, 1, 1
957378, 2, 1
957381, 3, 1
957496, 0, 1
957499, 1, 0
957503, 2, 0
957506, 3, 1
957621, 0, 1
957624, 1, 1
957628, 2, bit 1
957628, 2, 0
957631, 3, 1
957746, 0, 0
957749, 1, 0
957753, 2, 1
957756, 3, prem 1
957756, 3, 1
957871, 0, 1
957874, 1, 1
957878, 2, 1
957881, 3, 1
957996, 0, 0
957999, 1, 0
958003, 2, 0
958006, 3, 1
958121, 0, 1
958124, 1, 1
958128, 2, 0
958131, 3, 1
958246, 0, 0
958249, 1, 1
958253, 2, 1
958256, 3, 0
958371, 0, 1
958374, 1, 0
958379, 2, 1
958381, 3, 0
958496, 0, 0
958499, 1, 0
958504, 2, 0
958507, 3, 0
958621, 0, 1
958624, 1, 1
958629, 2, 0
958632, 3, 0
958746, 0, 0
958749, 1, 1
958754, 2, 1
958757, 3, prem 0
958757, 3, 0
958871, 0, bit 1
958871, 0, 1
958874, 1, 0
958879, 2, 1
958882, 3, 0
958996, 0, 0
958999, 1, bit 0
958999, 1, 1
959004, 2, 0
959007, 3, 0
959121, 0, 1
959124, 1, 0
959129, 2, 1
959132, 3, 0
959246, 0, 0
959249, 1, 1
959254, 2, 0
959257, 3, 1
959371, 0, 0
959374, 1, 0
959379, 2, bit 0
959379, 2, 1
959382, 3, 1
959496, 0, 1
959499, 1, 1
959504, 2, 0
959507, 3, 1
959621, 0, 0
959624, 1, 0
959629, 2, 0
959632, 3, 1
959746, 0, 1
959749, 1, 1
959754, 2, 1
959757, 3, prem 0
959757, 3, 0
959872, 0, 0
959874, 1, 0
959879, 2, 1
959882, 3, 0
959997, 0, 1
960000, 1, 0
960004, 2, 0
960007, 3, 0
960122, 0, 0
960125, 1, 1
960129, 2, 0
960132, 3, 0
960247, 0, 1
960250, 1, 1
960254, 2, 1
960257, 3, 1
960372, 0, 0
960375, 1, 0
960379, 2, 1
960382, 3, 1
960497, 0, 1
960500, 1, 0
960504, 2, 0
960507, 3, 1
960622, 0, bit 0
960622, 0, 0
960625, 1, 1
960629, 2, 0
960632, 3, 1
960747, 0, 1
960750, 1, bit 0
960750, 1, 1
960754, 2, 1
960757, 3, prem 1
960757, 3, 1
960872, 0, 0
960875, 1, 0
960879, 2, 0
960882, 3, 1
960997, 0, 1
961000, 1, 1
961004, 2, 1
961007, 3, 1
961122, 0, 1
961125, 1, 0
961129, 2, bit 0
961129, 2, 1
961132, 3, 1
961247, 0, 0
961250, 1, 1
961254, 2, 0
961257, 3, 0
961372, 0, 1
961375, 1, 0
961379, 2, 0
961382, 3, 0
961497, 0, 0
961500, 1, 1
961504, 2, 1
961507, 3, 0
961622, 0, 1
961625, 1, 0
961629, 2, 1
961632, 3, 0
961747, 0, 0
961750, 1, 0
961754, 2, 0
961757, 3, prem 0
961757, 3, 0
961872, 0, 1
961875, 1, 1
961879, 2, 0
961882, 3, 0
961997, 0, 0
962000, 1, 1
962004, 2, 1
962007, 3, 0
962122, 0, 1
962125, 1, 0
962129, 2, 1
962132, 3, 0
962247, 0, 0
962250, 1, 0
962254, 2, 0
962257, 3, 1
962372, 0, bit 0
962372, 0, 0
962375, 1, 1
962379, 2, 0
962382, 3, 1
962497, 0, 1
962500, 1, bit 0
962500, 1, 1
962504, 2, 1
962507, 3, 1
962622, 0, 0
962625, 1, 0
962629, 2, 0
962632, 3, 1
962747, 0, 1
962750, 1, 1
962754, 2, 1
962757, 3, bit 1
962757, 3, 0
962872, 0, 1
962875, 1, 0
962879, 2, bit 1
962879, 2, 0
962882, 3, 1
962997, 0, 0
963000, 1, 1
963004, 2, 1
963007, 3, 0
963122, 0, 1
963125, 1, 0
963129, 2, 1
963132, 3, 1
963247, 0, 0
963250, 1, 1
963254, 2, 0
963257, 3, 1
963372, 0, 1
963375, 1, 0
963379, 2, 0
963382, 3, 0
963497, 0, 0
963500, 1, 0
963504, 2, 1
963507, 3, 0
963622, 0, 1
963625, 1, 1
963629, 2, 1
963632, 3, 1
963747, 0, 0
963750, 1, 1
963755, 2, 0
963757, 3, 0
963872, 0, 1
963875, 1, 0
963880, 2, 0
963883, 3, 1
963997, 0, 0
964000, 1, 0
964005, 2, 1
964008, 3, 1
964122, 0, bit 0
964122, 0, 0
964125, 1, 1
964130, 2, 1
964133, 3, 0
964247, 0, 1
964250, 1, bit 0
964250, 1, 1
964255, 2, 0
964258, 3, 0
964372, 0, 0
964375, 1, 0
964380, 2, 1
964383, 3, 1
964497, 0, 1
964500, 1, 1
964505, 2, 0
964508, 3, bit 1
964508, 3, 0
964622, 0, 1
964625, 1, 0
964630, 2, bit 1
964630, 2, 0
964633, 3, 1
964747, 0, 0
964750, 1, 1
964755, 2, 1
964758, 3, 0
964872, 0, 1
964875, 1, 0
964880, 2, 1
964883, 3, 1
964997, 0, 0
965000, 1, 1
965005, 2, 0
965008, 3, 1
965122, 0, 1
965125, 1, 0
965130, 2, 0
965133, 3, 0
965248, 0, 0
965250, 1, 0
965255, 2, 1
965258, 3, 0
965373, 0, 1
965376, 1, 1
965380, 2, 1
965383, 3, 1
965498, 0, 0
965501, 1, 1
965505, 2, 0
965508, 3, 0
965623, 0, 1
965626, 1, 0
965630, 2, 0
965633, 3, 1
965748, 0, 0
965751, 1, 0
965755, 2, 1
965758, 3, 1
965873, 0, bit 0
965873, 0, 0
965876, 1, 1
965880, 2, 1
965883, 3, 0
965998, 0, 1
966001, 1, bit 0
966001, 1, 1
966005, 2, 0
966008, 3, 0
966123, 0, 0
966126, 1, 0
966130, 2, 1
966133, 3, 1
966248, 0, 1
966251, 1, 1
966255, 2, 0
966258, 3, bit 1
966258, 3, 0
966373, 0, 1
966376, 1, 0
966380, 2, bit 0
966380, 2, 1
966383, 3, 1
966498, 0, 0
966501, 1, 1
966505, 2, 0
966508, 3, 0
966623, 0, 1
966626, 1, 0
966630, 2, 0
966633, 3, 1
966748, 0, 0
966751, 1, 1
966755, 2, 1
966758, 3, 1
966873, 0, 1
966876, 1, 0
966880, 2, 1
966883, 3, 0
966998, 0, 0
967001, 1, 0
967005, 2, 0
967008, 3, 0
967123, 0, 1
967126, 1, 1
967130, 2, 0
967133, 3, 1
967248, 0, 0
967251, 1, 1
967255, 2, 1
967258, 3, 0
967373, 0, 1
967376, 1, 0
967380, 2, 1
967383, 3, 1
967498, 0, 0
967501, 1, 0
967505, 2, 0
967508, 3, 1
967623, 0, bit 0
967623, 0, 0
967626, 1, 1
967630, 2, 0
967633, 3, 0
967748, 0, 1
967751, 1, bit 1
967751, 1, 0
967755, 2, 1
967758, 3, 0
967873, 0, 0
967876, 1, 1
967880, 2, 0
967883, 3, 1
967998, 0, 1
968001, 1, 0
968005, 2, 1
968008, 3, bit 0
968008, 3, 1
968123, 0, 1
968126, 1, 1
968130, 2, bit 0
968130, 2, 1
968133, 3, 0
968248, 0, 0
968251, 1, 0
968255, 2, 0
968258, 3, 1
968373, 0, 1
968376, 1, 1
968380, 2, 0
968383, 3, 0
968498, 0, 0
968501, 1, 0
968505, 2, 1
968508, 3, 0
968623, 0, 1
968626, 1, 1
968630, 2, 1
968633, 3, 1
968748, 0, 0
968751, 1, 1
968755, 2, 0
968758, 3, 1
968873, 0, 1
968876, 1, 0
968880, 2, 0
968883, 3, 0
968998, 0, 0
969001, 1, 0
969005, 2, 1
969008, 3, 1
969123, 0, 1
969126, 1, 1
969131, 2, 1
969133, 3, 0
969248, 0, 0
969251, 1, 1
969256, 2, 0
969259, 3, 0
969373, 0, bit 0
969373, 0, 0
969376, 1, 0
969381, 2, 0
969384, 3, 1
969498, 0, 1
969501, 1, bit 1
969501, 1, 0
969506, 2, 1
969509, 3, 1
969623, 0, 0
969626, 1, 1
969631, 2, 0
969634, 3, 0
969748, 0, 1
969751, 1, 0
969756, 2, 1
969759, 3, bit 1
969759, 3, 0
969873, 0, 1
969876, 1, 1
969881, 2, bit 1
969881, 2, 0
969884, 3, 1
969998, 0, 0
970001, 1, 0
970006, 2, 1
970009, 3, 0
970123, 0, 1
970126, 1, 1
970131, 2, 1
970134, 3, 1
970248, 0, 0
970251, 1, 0
970256, 2, 0
970259, 3, 1
970373, 0, 1
970376, 1, 1
970381, 2, 0
970384, 3, 0
970498, 0, 0
970501, 1, 1
970506, 2, 1
970509, 3, 0
970624, 0, 1
970626, 1, 0
970631, 2, 1
970634, 3, 1
970749, 0, 0
970752, 1, 0
970756, 2, 0
970759, 3, 0
970874, 0, 1
970877, 1, 1
970881, 2, 0
970884, 3, 1
970999, 0, 0
971002, 1, 1
971006, 2, 1
971009, 3, 1
971124, 0, bit 0
971124, 0, 0
971127, 1, 0
971131, 2, 1
971134, 3, 0
971249, 0, 1
971252, 1, bit 0
971252, 1, 1
971256, 2, 0
971259, 3, 0
971374, 0, 0
971377, 1, 0
971381, 2, 1
971384, 3, 1
971499, 0, 1
971502, 1, 1
971506, 2, 0
971509, 3, bit 0
971509, 3, 1
971624, 0, 1
971627, 1, 0
971631, 2, bit 1
971631, 2, 0
971634, 3, 0
971749, 0, 0
971752, 1, 1
971756, 2, 1
971759, 3, 1
971874, 0, 1
971877, 1, 0
971881, 2, 1
971884, 3, 0
971999, 0, 0
972002, 1, 1
972006, 2, 0
972009, 3, 0
972124, 0, 1
972127, 1, 0
972131, 2, 0
972134, 3, 1
972249, 0, 0
972252, 1, 0
972256, 2, 1
972259, 3, 1
972374, 0, 1
972377, 1, 1
972381, 2, 1
972384, 3, 0
972499, 0, 0
972502, 1, 1
972506, 2, 0
972509, 3, 1
972624, 0, 1
972627, 1, 0
972631, 2, 0
972634, 3, 0
972749, 0, 0
972752, 1, 0
972756, 2, 1
972759, 3, 0
972874, 0, bit 0
972874, 0, 0
972877, 1, 1
972881, 2, 1
972884, 3, 1
972999, 0, 1
973002, 1, bit 0
973002, 1, 1
973006, 2, 0
973009, 3, 1
973124, 0, 0
973127, 1, 0
973131, 2, 1
973134, 3, 0
973249, 0, 1
973252, 1, 1
973256, 2, 0
973259, 3, bit 0
973259, 3, 1
973374, 0, 1
973377, 1, 0
973381, 2, bit 0
973381, 2, 1
973384, 3, 0
973499, 0, 0
973502, 1, 1
973506, 2, 0
973509, 3, 1
973624, 0, 1
973627, 1, 0
973631, 2, 0
973634, 3, 0
973749, 0, 0
973752, 1, 1
973756, 2, 1
973759, 3, 0
973874, 0, 1
973877, 1, 0
973881, 2, 1
973884, 3, 1
973999, 0, 0
974002, 1, 0
974006, 2, 0
974009, 3, 1
974124, 0, 1
974127, 1, 1
974131, 2, 0
974134, 3, 0
974249, 0, 0
974252, 1, 1
974256, 2, 1
974259, 3, 1
974374, 0, 1
974377, 1, 0
974381, 2, 1
974384, 3, 0
974499, 0, 0
974502, 1, 0
974507, 2, 0
974509, 3, 0
974624, 0, bit 1
974624, 0, 1
974627, 1, 1
974632, 2, 0
974635, 3, 1
974749, 0, 0
974752, 1, bit 0
974752, 1, 1
974757, 2, 1
974760, 3, 1
974874, 0, 1
974877, 1, 0
974882, 2, 0
974885, 3, 0
974999, 0, 0
975002, 1, 1
975007, 2, 1
975010, 3, bit 1
975010, 3, 0
975124, 0, 0
975127, 1, 0
975132, 2, bit 1
975132, 2, 0
975135, 3, 1
975249, 0, 1
975252, 1, 1
975257, 2, 1
975260, 3, 0
975374, 0, 0
975377, 1, 0
975382, 2, 1
975385, 3, 1
975499, 0, 1
975502, 1, 1
975507, 2, 0
975510, 3, 1
975624, 0, 0
975627, 1, 0
975632, 2, 0
975635, 3, 0
975749, 0, 1
975752, 1, 0
975757, 2, 1
975760, 3, 0
975874, 0, 0
975877, 1, 1
975882, 2, 1
975885, 3, 1
976000, 0, 1
976002, 1, 1
976007, 2, 0
976010, 3, 0
976125, 0, 0
976128, 1, 0
976132, 2, 0
976135, 3, 1
976250, 0, 1
976253, 1, 0
976257, 2, 1
976260, 3, 1
976375, 0, bit 0
976375, 0, 0
976378, 1, 1
976382, 2, 1
976385, 3, 0
976500, 0, 1
976503, 1, bit 1
976503, 1, 0
976507, 2, 0
976510, 3, 0
976625, 0, 0
976628, 1, 1
976632, 2, 1
976635, 3, 1
976750, 0, 1
976753, 1, 0
976757, 2, 0
976760, 3, bit 1
976760, 3, 0
976875, 0, 1
976878, 1, 1
976882, 2, bit 1
976882, 2, 0
976885, 3, 1
977000, 0, 0
977003, 1, 0
977007, 2, 1
977010, 3, 0
977125, 0, 1
977128, 1, 1
977132, 2, 1
977135, 3, 1
977250, 0, 0
977253, 1, 0
977257, 2, 0
977260, 3, 1
977375, 0, 1
977378, 1, 1
977382, 2, 0
977385, 3, 0
977500, 0, 0
977503, 1, 1
977507, 2, 1
977510, 3, 0
977625, 0, 1
977628, 1, 0
977632, 2, 1
977635, 3, 1
977750, 0, 0
977753, 1, 0
977757, 2, 0
977760, 3, 0
977875, 0, 1
977878, 1, 1
977882, 2, 0
977885, 3, 1
978000, 0, 0
978003, 1, 1
978007, 2, 1
978010, 3, 1
978125, 0, bit 0
978125, 0, 0
978128, 1, 0
978132, 2, 1
978135, 3, 0
978250, 0, 1
978253, 1, bit 1
978256, 1, 0
978257, 2, 0
978260, 3, 0
978375, 0, 0
978378, 1, 1
978382, 2, 1
978385, 3, 1
978500, 0, 1
978503, 1, 0
978507, 2, 0
978510, 3, bit 0
978510, 3, 1
978625, 0, 1
978628, 1, 1
978632, 2, bit 1
978632, 2, 0
978635, 3, 0
978750, 0, 0
978753, 1, 0
978757, 2, 1
978760, 3, 1
978875, 0, 1
978878, 1, 1
978882, 2, 1
978885, 3, 0
979000, 0, 0
979003, 1, 0
979007, 2, 0
979010, 3, 0
979125, 0, 1
979128, 1, 1
979132, 2, 0
979135, 3, 1
979250, 0, 0
979253, 1, 1
979257, 2, 1
979260, 3, 1
979375, 0, 1
979378, 1, 0
979382, 2, 1
979385, 3, 0
979500, 0, 0
979503, 1, 0
979507, 2, 0
979510, 3, 1
979625, 0, 1
979628, 1, 1
979632, 2, 0
979635, 3, 0
979750, 0, 0
979753, 1, 1
979757, 2, 1
979760, 3, 0
979875, 0, bit 1
979875, 0, 1
979878, 1, 0
979883, 2, 1
979885, 3, 1
980000, 0, 0
980003, 1, bit 0
980003, 1, 1
980008, 2, 0
980011, 3, 1
980125, 0, 1
980128, 1, 0
980133, 2, 1
980136, 3, 0
980250, 0, 0
980253, 1, 1
980258, 2, 0
980261, 3, bit 1
980261, 3, 0
980375, 0, 0
980378, 1, 0
980383, 2, bit 0
980383, 2, 1
980386, 3, 1
980500, 0, 1
980503, 1, 1
980508, 2, 0
980511, 3, 0
980625, 0, 0
980628, 1, 0
980633, 2, 0
980636, 3, 1
980750, 0, 1
980753, 1, 1
980758, 2, 1
980761, 3, 1
980875, 0, 0
980878, 1, 0
980883, 2, 1
980886, 3, 0
981000, 0, 1
981003, 1, 0
981008, 2, 0
981011, 3, 0
981125, 0, 0
981128, 1, 1
981133, 2, 0
981136, 3, 1
981250, 0, 1
981253, 1, 1
981258, 2, 1
981261, 3, 0
981376, 0, 0
981378, 1, 0
981383, 2, 1
981386, 3, 1
981501, 0, 1
981504, 1, 0
981508, 2, 0
981511, 3, 1
981626, 0, bit 0
981626, 0, 0
981629, 1, 1
981633, 2, 0
981636, 3, 0
981751, 0, 1
981754, 1, bit 1
981754, 1, 0
981758, 2, 1
981761, 3, 0
981876, 0, 0
981879, 1, 1
981883, 2, 0
981886, 3, 1
982001, 0, 1
982004, 1, 0
982008, 2, 1
982011, 3, bit 1
982011, 3, 0
982126, 0, 1
982129, 1, 1
982133, 2, bit 0
982133, 2, 1
982136, 3, 1
982251, 0, 0
982254, 1, 0
982258, 2, 0
982261, 3, 0
982376, 0, 1
982379, 1, 1
982383, 2, 0
982386, 3, 1
982501, 0, 0
982504, 1, 0
982508, 2, 1
982511, 3, 1
982626, 0, 1
982629, 1, 1
982633, 2, 1
982636, 3, 0
982751, 0, 0
982754, 1, 1
982758, 2, 0
982761, 3, 0
982876, 0, 1
982879, 1, 0
982883, 2, 0
982886, 3, 1
983001, 0, 0
983004, 1, 0
983008, 2, 1
983011, 3, 0
983126, 0, 1
983129, 1, 1
983133, 2, 1
983136, 3, 1
983251, 0, 0
983254, 1, 1
983258, 2, 0
983261, 3, 1
983376, 0, bit 0
983376, 0, 0
983379, 1, 0
983383, 2, 0
983386, 3, 0
983501, 0, 1
983504, 1, bit 0
983507, 1, 1
983508, 2, 1
983511, 3, 0
983626, 0, 0
983629, 1, 0
983633, 2, 0
983636, 3, 1
983751, 0, 1
983754, 1, 1
983758, 2, 1
983761, 3, bit 0
983761, 3, 1
983876, 0, 1
983879, 1, 0
983883, 2, bit 1
983883, 2, 0
983886, 3, 0
984001, 0, 0
984004, 1, 1
984008, 2, 1
984011, 3, 1
984126, 0, 1
984129, 1, 0
984133, 2, 1
984136, 3, 0
984251, 0, 0
984254, 1, 1
984258, 2, 0
984261, 3, 0
984376, 0, 1
984379, 1, 0
984383, 2, 0
984386, 3, 1
984501, 0, 0
984504, 1, 0
984508, 2, 1
984511, 3, 1
984626, 0, 1
984629, 1, 1
984633, 2, 1
984636, 3, 0
984751, 0, 0
984754, 1, 1
984758, 2, 0
984761, 3, 1
984876, 0, 1
984879, 1, 0
984883, 2, 0
984886, 3, 0
985001, 0, 0
985004, 1, 0
985008, 2, 1
985011, 3, 0
985126, 0, bit 0
985126, 0, 0
985129, 1, 1
985133, 2, 1
985136, 3, 1
985251, 0, 1
985254, 1, bit 1
985254, 1, 0
985259, 2, 0
985261, 3, 1
985376, 0, 0
985379, 1, 1
985384, 2, 1
985387, 3, 0
985501, 0, 1
985504, 1, 0
985509, 2, 0
985512, 3, bit 0
985516, 3, 1
985626, 0, 1
985629, 1, 1
985634, 2, bit 1
985634, 2, 0
985637, 3, 0
985751, 0, 0
985754, 1, 0
985759, 2, 1
985762, 3, 1
985876, 0, 1
985879, 1, 1
985884, 2, 1
985887, 3, 0
986001, 0, 0
986004, 1, 0
986009, 2, 0
986012, 3, 0
986126, 0, 1
986129, 1, 1
986134, 2, 0
986137, 3, 1
986251, 0, 0
986254, 1, 1
986259, 2, 1
986262, 3, 1
986376, 0, 1
986379, 1, 0
986384, 2, 1
986387, 3, 0
986501, 0, 0
986504, 1, 0
986509, 2, 0
986512, 3, 1
986626, 0, 1
986629, 1, 1
986634, 2, 0
986637, 3, 0
986752, 0, 0
986754, 1, 1
986759, 2, 1
986762, 3, 0
986877, 0, bit 0
986877, 0, 0
986880, 1, 0
986884, 2, 1
986887, 3, 1
987002, 0, 1
987005, 1, bit 0
987005, 1, 1
987009, 2, 0
987012, 3, 1
987127, 0, 0
987130, 1, 0
987134, 2, 1
987137, 3, 0
987252, 0, 1
987255, 1, 1
987259, 2, 0
987262, 3, bit 0
987262, 3, 1
987377, 0, 1
987380, 1, 0
987384, 2, bit 1
987384, 2, 0
987387, 3, 0
987502, 0, 0
987505, 1, 1
987509, 2, 1
987512, 3, 1
987627, 0, 1
987630, 1, 0
987634, 2, 1
987637, 3, 0
987752, 0, 0
987755, 1, 1
987759, 2, 0
987762, 3, 0
987877, 0, 1
987880, 1, 0
987884, 2, 0
987887, 3, 1
988002, 0, 0
988005, 1, 0
988009, 2, 1
988012, 3, 1
988127, 0, 1
988130, 1, 1
988134, 2, 1
988137, 3, 0
988252, 0, 0
988255, 1, 1
988259, 2, 0
988262, 3, 1
988377, 0, 1
988380, 1, 0
988384, 2, 0
988387, 3, 0
988502, 0, 0
988505, 1, 0
988509, 2, 1
988512, 3, 0
988627, 0, bit 0
988627, 0, 0
988630, 1, 1
988634, 2, 1
988637, 3, 1
988752, 0, 1
988755, 1, bit 0
988755, 1, 1
988759, 2, 0
988762, 3, 1
988877, 0, 0
988880, 1, 0
988884, 2, 1
988887, 3, 0
989002, 0, 1
989005, 1, 1
989009, 2, 0
989012, 3, bit 1
989012, 3, 0
989127, 0, 1
989130, 1, 0
989134, 2, bit 1
989134, 2, 0
989137, 3, 1
989252, 0, 0
989255, 1, 1
989259, 2, 1
989262, 3, 0
989377, 0, 1
989380, 1, 0
989384, 2, 1
989387, 3, 1
989502, 0, 0
989505, 1, 1
989509, 2, 0
989512, 3, 1
989627, 0, 1
989630, 1, 0
989634, 2, 0
989637, 3, 0
989752, 0, 0
989755, 1, 0
989759, 2, 1
989762, 3, 0
989877, 0, 1
989880, 1, 1
989884, 2, 1
989887, 3, 1
990002, 0, 0
990005, 1, 1
990009, 2, 0
990012, 3, 0
990127, 0, 1
990130, 1, 0
990134, 2, 0
990137, 3, 1
990252, 0, 0
990255, 1, 0
990259, 2, 1
990262, 3, 1
990377, 0, bit 0
990377, 0, 0
990380, 1, 1
990384, 2, 1
990387, 3, 0
990502, 0, 1
990505, 1, bit 1
990505, 1, 0
990509, 2, 0
990512, 3, 0
990627, 0, 0
990630, 1, 1
990635, 2, 1
990637, 3, 1
990752, 0, 1
990755, 1, 0
990760, 2, 0
990763, 3, bit 1
990766, 3, 0
990877, 0, 1
990880, 1, 1
990885, 2, bit 1
990885, 2, 0
990888, 3, 1
991002, 0, 0
991005, 1, 0
991010, 2, 1
991013, 3, 0
991127, 0, 1
991130, 1, 1
991135, 2, 1
991138, 3, 1
991252, 0, 0
991255, 1, 0
991260, 2, 0
991263, 3, 1
991377, 0, 1
991380, 1, 1
991385, 2, 0
991388, 3, 0
991502, 0, 0
991505, 1, 1
991510, 2, 1
991513, 3, 0
991627, 0, 1
991630, 1, 0
991635, 2, 1
991638, 3, 1
991752, 0, 0
991755, 1, 0
991760, 2, 0
991763, 3, 0
991877, 0, 1
991880, 1, 1
991885, 2, 0
991888, 3, 1
992002, 0, 0
992005, 1, 1
992010, 2, 1
992013, 3, 1
992128, 0, bit 0
992128, 0, 0
992130, 1, 0
992135, 2, 1
992138, 3, 0
992253, 0, 1
992256, 1, bit 0
992256, 1, 1
992260, 2, 0
992263, 3, 0
992378, 0, 0
992381, 1, 0
992385, 2, 1
992388, 3, 1
992503, 0, 1
992506, 1, 1
992510, 2, 0
992513, 3, bit 1
992513, 3, 0
992628, 0, 1
992631, 1, 0
992635, 2, bit 1
992635, 2, 0
992638, 3, 1
992753, 0, 0
992756, 1, 1
992760, 2, 1
992763, 3, 0
992878, 0, 1
992881, 1, 0
992885, 2, 1
992888, 3, 1
993003, 0, 0
993006, 1, 1
993010, 2, 0
993013, 3, 1
993128, 0, 1
993131, 1, 0
993135, 2, 0
993138, 3, 0
993253, 0, 0
993256, 1, 0
993260, 2, 1
993263, 3, 0
993378, 0, 1
993381, 1, 1
993385, 2, 1
993388, 3, 1
993503, 0, 0
993506, 1, 1
993510, 2, 0
993513, 3, 0
993628, 0, 1
993631, 1, 0
993635, 2, 0
993638, 3, 1
993753, 0, 0
993756, 1, 0
993760, 2, 1
993763, 3, 1
993878, 0, bit 1
993878, 0, 1
993881, 1, 1
993885, 2, 1
993888, 3, 0
994003, 0, 0
994007, 1, bit 0
994007, 1, 1
994010, 2, 0
994013, 3, 0
994128, 0, 1
994132, 1, 0
994135, 2, 1
994138, 3, 1
994253, 0, 0
994257, 1, 1
994260, 2, 0
994263, 3, bit 0
994263, 3, 1
994378, 0, 0
994382, 1, 0
994385, 2, bit 1
994385, 2, 0
994388, 3, 0
994503, 0, 1
994507, 1, 1
994510, 2, 1
994513, 3, 1
994628, 0, 0
994632, 1, 0
994635, 2, 1
994638, 3, 0
994753, 0, 1
994757, 1, 1
994760, 2, 0
994763, 3, 0
994878, 0, 0
994882, 1, 0
994885, 2, 0
994888, 3, 1
995003, 0, 1
995007, 1, 0
995010, 2, 1
995013, 3, 1
995128, 0, 0
995132, 1, 1
995135, 2, 1
995138, 3, 0
995253, 0, 1
995257, 1, 1
995260, 2, 0
995263, 3, 1
995378, 0, 0
995382, 1, 0
995385, 2, 0
995388, 3, 0
995503, 0, 1
995507, 1, 0
995510, 2, 1
995513, 3, 0
995628, 0, bit 0
995628, 0, 0
995632, 1, 1
995635, 2, 1
995638, 3, 1
995753, 0, 1
995757, 1, bit 1
995757, 1, 0
995760, 2, 0
995763, 3, 1
995878, 0, 0
995883, 1, 1
995885, 2, 1
995888, 3, 0
996003, 0, 1
996008, 1, 0
996011, 2, 0
996014, 3, bit 1
996014, 3, 0
996128, 0, 1
996133, 1, 1
996136, 2, bit 1
996136, 2, 0
996139, 3, 1
996253, 0, 0
996258, 1, 0
996261, 2, 1
996264, 3, 0
996378, 0, 1
996383, 1, 1
996386, 2, 1
996389, 3, 1
996503, 0, 0
996508, 1, 0
996511, 2, 0
996514, 3, 1
996628, 0, 1
996633, 1, 1
996636, 2, 0
996639, 3, 0
996753, 0, 0
996758, 1, 1
996761, 2, 1
996764, 3, 0
996878, 0, 1
996883, 1, 0
996886, 2, 1
996889, 3, 1
997003, 0, 0
997008, 1, 0
997011, 2, 0
997014, 3, 0
997128, 0, 1
997133, 1, 1
997136, 2, 0
997139, 3, 1
997253, 0, 0
997258, 1, 1
997261, 2, 1
997264, 3, 1
997378, 0, bit 1
997378, 0, 1
997383, 1, 0
997386, 2, 1
997389, 3, 0
997504, 0, 0
997508, 1, bit 0
997508, 1, 1
997511, 2, 0
997514, 3, 0
997629, 0, 1
997633, 1, 0
997636, 2, 1
997639, 3, 1
997754, 0, 0
997758, 1, 1
997761, 2, 0
997764, 3, bit 0
997764, 3, 1
997879, 0, 0
997883, 1, 0
997886, 2, bit 0
997886, 2, 1
997889, 3, 0
998004, 0, 1
998008, 1, 1
998011, 2, 0
998014, 3, 1
998129, 0, 0
998133, 1, 0
998136, 2, 0
998139, 3, 0
998254, 0, 1
998258, 1, 1
998261, 2, 1
998264, 3, 0
998379, 0, 0
998383, 1, 0
998386, 2, 1
998389, 3, 1
998504, 0, 1
998508, 1, 0
998511, 2, 0
998514, 3, 1
998629, 0, 0
998633, 1, 1
998636, 2, 0
998639, 3, 0
998754, 0, 1
998758, 1, 1
998761, 2, 1
998764, 3, 1
998879, 0, 0
998883, 1, 0
998886, 2, 1
998889, 3, 0
999004, 0, 1
999008, 1, 0
999011, 2, 0
999014, 3, 0
999129, 0, bit 0
999129, 0, 0
999133, 1, 1
999136, 2, 0
999139, 3, 1
999254, 0, 1
999258, 1, bit 1
999258, 1, 0
999261, 2, 1
999264, 3, 1
999379, 0, 0
999383, 1, 1
999386, 2, 0
999389, 3, 0
999504, 0, 1
999508, 1, 0
999511, 2, 1
999514, 3, bit 1
999514, 3, 0
999629, 0, 1
999633, 1, 1
999636, 2, bit 1
999636, 2, 0
999639, 3, 1
999754, 0, 0
999758, 1, 0
999761, 2, 1
999764, 3, 0
999879, 0, 1
999883, 1, 1
999886, 2, 1
999889, 3, 1
1000004, 0, 0
1000008, 1, 0
1000011, 2, 0
1000014, 3, 1
1000129, 0, 1
1000133, 1, 1
1000136, 2, 0
1000139, 3, 0
1000254, 0, 0
1000258, 1, 1
1000261, 2, 1
1000264, 3, 0
1000379, 0, 1
1000383, 1, 0
1000386, 2, 1
1000389, 3, 1
1000504, 0, 0
1000508, 1, 0
1000511, 2, 0
1000514, 3, 0
1000629, 0, 1
1000633, 1, 1
1000636, 2, 0
1000639, 3, 1
1000754, 0, 0
1000758, 1, 1
1000761, 2, 1
1000764, 3, 1
1000879, 0, bit 1
1000879, 0, 1
1000883, 1, 0
1000886, 2, 1
1000889, 3, 0
1001004, 0, 0
1001008, 1, bit 1
1001008, 1, 0
1001011, 2, 0
1001014, 3, 0
1001129, 0, 1
1001133, 1, 1
1001136, 2, 1
1001139, 3, 1
1001254, 0, 0
1001259, 1, 0
1001261, 2, 0
1001264, 3, bit 1
1001264, 3, 0
1001379, 0, 0
1001384, 1, 1
1001387, 2, bit 0
1001387, 2, 1
1001389, 3, 1
1001504, 0, 1
1001509, 1, 0
1001512, 2, 0
1001515, 3, 0
1001629, 0, 0
1001634, 1, 1
1001637, 2, 0
1001640, 3, 1
1001754, 0, 1
1001759, 1, 0
1001762, 2, 1
1001765, 3, 1
1001879, 0, 0
1001884, 1, 1
1001887, 2, 1
1001890, 3, 0
1002004, 0, 1
1002009, 1, 1
1002012, 2, 0
1002015, 3, 0
1002129, 0, 0
1002134, 1, 0
1002137, 2, 0
1002140, 3, 1
1002254, 0, 1
1002259, 1, 0
1002262, 2, 1
1002265, 3, 0
1002379, 0, 0
1002384, 1, 1
1002387, 2, 1
1002390, 3, 1
1002504, 0, 1
1002509, 1, 1
1002512, 2, 0
1002515, 3, 1
1002629, 0, bit 1
1002629, 0, 1
1002634, 1, 0
1002637, 2, 0
1002640, 3, 0
1002754, 0, 0
1002759, 1, bit 1
1002759, 1, 0
1002762, 2, 1
1002765, 3, 0
1002880, 0, 1
1002884, 1, 1
1002887, 2, 0
1002890, 3, 1
1003005, 0, 0
1003009, 1, 0
1003012, 2, 1
1003015, 3, bit 1
1003015, 3, 0
1003130, 0, 0
1003134, 1, 1
1003138, 2, bit 1
1003138, 2, 0
1003140, 3, 1
1003255, 0, 1
1003259, 1, 0
1003264, 2, 1
1003265, 3, 0
1003380, 0, 0
1003384, 1, 1
1003389, 2, 1
1003390, 3, 1
1003505, 0, 1
1003509, 1, 0
1003514, 2, 0
1003515, 3, 1
1003630, 0, 0
1003634, 1, 1
1003639, 2, 0
1003640, 3, 0
1003755, 0, 1
1003759, 1, 1
1003764, 2, 1
1003765, 3, 0
1003880, 0, 0
1003884, 1, 0
1003889, 2, 1
1003890, 3, 1
1004005, 0, 1
1004009, 1, 0
1004014, 2, 0
1004015, 3, 0
1004130, 0, 0
1004134, 1, 1
1004139, 2, 0
1004142, 3, 1
1004255, 0, 1
1004259, 1, 1
1004264, 2, 1
1004267, 3, 1
1004380, 0, bit 0
1004380, 0, 0
1004384, 1, 0
1004389, 2, 1
1004392, 3, 0
1004505, 0, 1
1004509, 1, bit 1
1004509, 1, 0
1004514, 2, 0
1004517, 3, 0
1004630, 0, 0
1004634, 1, 1
1004639, 2, 1
1004642, 3, 1
1004755, 0, 1
1004759, 1, 0
1004764, 2, 0
1004767, 3, bit 0
1004767, 3, 1
1004880, 0, 1
1004884, 1, 1
1004889, 2, bit 1
1004889, 2, 0
1004892, 3, 0
1005005, 0, 0
1005009, 1, 0
1005014, 2, 1
1005017, 3, 1
1005130, 0, 1
1005134, 1, 1
1005139, 2, 1
1005142, 3, 0
1005255, 0, 0
1005259, 1, 0
1005264, 2, 0
1005267, 3, 0
1005380, 0, 1
1005384, 1, 1
1005389, 2, 0
1005392, 3, 1
1005505, 0, 0
1005509, 1, 1
1005514, 2, 1
1005517, 3, 1
1005630, 0, 1
1005634, 1, 0
1005639, 2, 1
1005642, 3, 0
1005755, 0, 0
1005759, 1, 0
1005764, 2, 0
1005767, 3, 1
1005880, 0, 1
1005884, 1, 1
1005889, 2, 0
1005892, 3, 0
1006005, 0, 0
1006009, 1, 1
1006014, 2, 1
1006017, 3, 0
1006130, 0, bit 1
1006133, 0, 1
1006134, 1, 0
1006139, 2, 1
1006142, 3, 1
1006255, 0, 0
1006259, 1, bit 0
1006259, 1, 1
1006264, 2, 0
1006267, 3, 1
1006380, 0, 1
1006384, 1, 0
1006389, 2, 1
1006392, 3, 0
1006505, 0, 0
1006509, 1, 1
1006514, 2, 0
1006517, 3, bit 1
1006517, 3, 0
1006630, 0, 0
1006635, 1, 0
1006639, 2, bit 1
1006639, 2, 0
1006642, 3, 1
1006755, 0, 1
1006760, 1, 1
1006764, 2, 1
1006767, 3, 0
1006880, 0, 0
1006885, 1, 0
1006889, 2, 1
1006892, 3, 1
1007005, 0, 1
1007010, 1, 1
1007014, 2, 0
1007017, 3, 1
1007130, 0, 0
1007135, 1, 0
1007139, 2, 0
1007142, 3, 0
1007255, 0, 1
1007260, 1, 0
1007264, 2, 1
1007267, 3, 0
1007380, 0, 0
1007385, 1, 1
1007389, 2, 1
1007392, 3, 1
1007505, 0, 1
1007510, 1, 1
1007514, 2, 0
1007517, 3, 0
1007630, 0, 0
1007635, 1, 0
1007639, 2, 0
1007642, 3, 1
1007755, 0, 1
1007760, 1, 0
1007764, 2, 1
1007767, 3, 1
1007880, 0, bit 1
1007880, 0, 1
1007885, 1, 1
1007889, 2, 1
1007892, 3, 0
1008005, 0, 0
1008010, 1, bit 1
1008010, 1, 0
1008021, 2, 0
1008021, 3, 0
1008130, 0, 1
1008135, 1, 1
1008146, 3, 1
1008146, 2, 1
1008256, 0, 0
1008260, 1, 0
1008271, 2, 0
1008271, 3, bit 1
1008272, 3, 0
1008381, 0, 0
1008385, 1, 1
1008396, 3, 1
1008396, 2, bit 0
1008397, 2, 1
1008506, 0, 1
1008510, 1, 0
1008521, 2, 0
1008521, 3, 0
1008631, 0, 0
1008635, 1, 1
1008646, 3, 1
1008646, 2, 0
1008756, 0, 1
1008760, 1, 0
1008771, 2, 1
1008771, 3, 1
1008881, 0, 0
1008885, 1, 1
1008896, 2, 1
1008896, 3, 0
1009006, 0, 1
1009010, 1, 1
1009021, 3, 0
1009021, 2, 0
1009131, 0, 0
1009135, 1, 0
1009146, 2, 0
1009146, 3, 1
1009256, 0, 1
1009260, 1, 0
1009271, 2, 1
1009271, 3, 0
1009381, 0, 0
1009385, 1, 1
1009396, 2, 1
1009396, 3, 1
1009506, 0, 1
1009510, 1, 1
1009521, 2, 0
1009521, 3, 1
1009631, 0, bit 0
1009631, 0, 0
1009635, 1, 0
1009646, 2, 0
1009646, 3, 0
1009756, 0, 1
1009760, 1, bit 1
1009760, 1, 0
1009771, 3, 0
1009771, 2, 1
1009881, 0, 0
1009885, 1, 1
1009896, 2, 0
1009896, 3, 1
1010006, 0, 1
1010010, 1, 0
1010021, 2, 1
1010021, 3, bit 1
1010022, 3, 0
1010131, 0, 1
1010135, 1, 1
1010146, 2, bit 1
1010146, 2, 0
1010147, 3, 1
1010256, 0, 0
1010260, 1, 0
1010271, 2, 1
1010272, 3, 0
1010381, 0, 1
1010385, 1, 1
1010396, 2, 1
1010397, 3, 1
1010506, 0, 0
1010510, 1, 0
1010521, 2, 0
1010522, 3, 1
1010631, 0, 1
1010635, 1, 1
1010646, 2, 0
1010647, 3, 0
1010756, 0, 0
1010760, 1, 1
1010771, 2, 1
1010772, 3, 0
1010881, 0, 1
1010885, 1, 0
1010896, 2, 1
1010897, 3, 1
1011006, 0, 0
1011010, 1, 0
1011021, 2, 0
1011022, 3, 0
1011131, 0, 1
1011135, 1, 1
1011146, 2, 0
1011147, 3, 1
1011256, 0, 0
1011260, 1, 1
1011271, 2, 1
1011272, 3, 1
1011381, 0, bit 0
1011381, 0, 0
1011385, 1, 0
1011396, 2, 1
1011397, 3, 0
1011506, 0, 1
1011510, 1, bit 0
1011510, 1, 1
1011521, 2, 0
1011522, 3, 0
1011631, 0, 0
1011635, 1, 0
1011646, 2, 1
1011647, 3, 1
1011756, 0, 1
1011760, 1, 1
1011771, 2, 0
1011772, 3, bit 1
1011772, 3, 0
1011881, 0, 1
1011885, 1, 0
1011896, 2, bit 0
1011899, 2, 1
1011899, 3, 1
1012006, 0, 0
1012011, 1, 1
1012021, 2, 0
1012024, 3, 0
1012131, 0, 1
1012136, 1, 0
1012146, 2, 0
1012149, 3, 1
1012256, 0, 0
1012261, 1, 1
1012271, 2, 1
1012274, 3, 1
1012381, 0, 1
1012386, 1, 0
1012396, 2, 1
1012399, 3, 0
1012506, 0, 0
1012511, 1, 0
1012521, 2, 0
1012524, 3, 0
1012631, 0, 1
1012636, 1, 1
1012646, 2, 0
1012649, 3, 1
1012756, 0, 0
1012761, 1, 1
1012771, 2, 1
1012774, 3, 0
1012881, 0, 1
1012886, 1, 0
1012896, 2, 1
1012899, 3, 1
1013006, 0, 0
1013011, 1, 0
1013021, 2, 0
1013024, 3, 1
1013131, 0, bit 1
1013131, 0, 1
1013136, 1, 1
1013146, 2, 0
1013149, 3, 0
1013256, 0, 0
1013261, 1, bit 0
1013261, 1, 1
1013271, 2, 1
1013274, 3, 0
1013381, 0, 1
1013386, 1, 0
1013396, 2, 0
1013399, 3, 1
1013506, 0, 0
1013511, 1, 1
1013521, 2, 1
1013524, 3, bit 0
1013524, 3, 1
1013632, 0, 0
1013636, 1, 0
1013646, 2, bit 0
1013646, 2, 1
1013649, 3, 0
1013757, 0, 1
1013761, 1, 1
1013771, 2, 0
1013774, 3, 1
1013882, 0, 0
1013886, 1, 0
1013896, 2, 0
1013899, 3, 0
1014007, 0, 1
1014011, 1, 1
1014021, 2, 1
1014024, 3, 0
1014132, 0, 0
1014136, 1, 0
1014146, 2, 1
1014149, 3, 1
1014257, 0, 1
1014261, 1, 0
1014272, 2, 0
1014274, 3, 1
1014382, 0, 0
1014386, 1, 1
1014397, 2, 0
1014400, 3, 0
1014507, 0, 1
1014511, 1, 1
1014522, 2, 1
1014525, 3, 1
1014632, 0, 0
1014636, 1, 0
1014647, 2, 1
1014650, 3, 0
1014757, 0, 1
1014761, 1, 0
1014772, 2, 0
1014775, 3, 0
1014882, 0, bit 0
1014882, 0, 0
1014886, 1, 1
1014897, 2, 0
1014900, 3, 1
1015007, 0, 1
1015011, 1, bit 0
1015011, 1, 1
1015022, 2, 1
1015025, 3, 1
1015132, 0, 0
1015136, 1, 0
1015147, 2, 0
1015150, 3, 0
1015257, 0, 1
1015261, 1, 1
1015272, 2, 1
1015275, 3, bit 0
1015275, 3, 1
1015382, 0, 1
1015386, 1, 0
1015397, 2, bit 0
1015397, 2, 1
1015400, 3, 0
1015507, 0, 0
1015511, 1, 1
1015522, 2, 0
1015525, 3, 1
1015632, 0, 1
1015636, 1, 0
1015647, 2, 0
1015650, 3, 0
1015757, 0, 0
1015761, 1, 1
1015772, 2, 1
1015775, 3, 0
1015882, 0, 1
1015886, 1, 0
1015897, 2, 1
1015900, 3, 1
1016007, 0, 0
1016011, 1, 0
1016022, 2, 0
1016025, 3, 1
1016132, 0, 1
1016136, 1, 1
1016147, 2, 0
1016150, 3, 0
1016257, 0, 0
1016261, 1, 1
1016272, 2, 1
1016275, 3, 1
1016382, 0, 1
1016386, 1, 0
1016397, 2, 1
1016400, 3, 0
1016507, 0, 0
1016511, 1, 0
1016522, 2, 0
1016525, 3, 0
1016632, 0, bit 0
1016632, 0, 0
1016636, 1, 1
1016647, 2, 0
1016650, 3, 1
1016757, 0, 1
1016761, 1, bit 0
1016761, 1, 1
1016772, 2, 1
1016775, 3, 1
1016882, 0, 0
1016886, 1, 0
1016897, 2, 0
1016900, 3, 0
1017007, 0, 1
1017011, 1, 1
1017022, 2, 1
1017025, 3, bit 0
1017025, 3, 1
1017132, 0, 1
1017136, 1, 0
1017147, 2, bit 1
1017147, 2, 0
1017150, 3, 0
1017257, 0, 0
1017261, 1, 1
1017272, 2, 1
1017275, 3, 1
1017382, 0, 1
1017387, 1, 0
1017397, 2, 1
1017400, 3, 0
1017507, 0, 0
1017512, 1, 1
1017522, 2, 0
1017525, 3, 0
1017632, 0, 1
1017637, 1, 0
1017647, 2, 0
1017650, 3, 1
1017757, 0, 0
1017762, 1, 0
1017772, 2, 1
1017775, 3, 1
1017882, 0, 1
1017887, 1, 1
1017897, 2, 1
1017900, 3, 0
1018007, 0, 0
1018012, 1, 1
1018022, 2, 0
1018025, 3, 1
1018132, 0, 1
1018137, 1, 0
1018147, 2, 0
1018150, 3, 0
1018257, 0, 0
1018262, 1, 0
1018272, 2, 1
1018275, 3, 0
1018382, 0, bit 1
1018382, 0, 1
1018387, 1, 1
1018397, 2, 1
1018400, 3, 1
1018507, 0, 0
1018512, 1, bit 1
1018512, 1, 0
1018522, 2, 0
1018525, 3, 1
1018632, 0, 1
1018637, 1, 1
1018647, 2, 1
1018650, 3, 0
1018757, 0, 0
1018762, 1, 0
1018772, 2, 0
1018775, 3, bit 0
1018776, 3, 1
1018882, 0, 0
1018887, 1, 1
1018897, 2, bit 1
1018897, 2, 0
1018900, 3, 0
1019008, 0, 1
1019012, 1, 0
1019022, 2, 1
1019025, 3, 1
1019133, 0, 0
1019137, 1, 1
1019147, 2, 1
1019150, 3, 0
1019258, 0, 1
1019262, 1, 0
1019272, 2, 0
1019275, 3, 0
1019383, 0, 0
1019387, 1, 1
1019397, 2, 0
1019400, 3, 1
1019508, 0, 1
1019512, 1, 1
1019522, 2, 1
1019525, 3, 1
1019633, 0, 0
1019637, 1, 0
1019648, 2, 1
1019650, 3, 0
1019758, 0, 1
1019762, 1, 0
1019773, 2, 0
1019777, 3, 1
1019883, 0, 0
1019887, 1, 1
1019898, 2, 0
1019902, 3, 0
1020008, 0, 1
1020012, 1, 1
1020023, 2, 1
1020027, 3, 0
1020133, 0, bit 0
1020133, 0, 0
1020137, 1, 0
1020148, 2, 1
1020152, 3, 1
1020258, 0, 1
1020262, 1, bit 0
1020262, 1, 1
1020273, 2, 0
1020277, 3, 1
1020383, 0, 0
1020387, 1, 0
1020398, 2, 1
1020402, 3, 0
1020508, 0, 1
1020512, 1, 1
1020523, 2, 0
1020527, 3, bit 0
1020527, 3, 1
1020633, 0, 1
1020637, 1, 0
1020648, 2, bit 0
1020648, 2, 1
1020652, 3, 0
1020758, 0, 0
1020762, 1, 1
1020773, 2, 0
1020777, 3, 1
1020883, 0, 1
1020887, 1, 0
1020898, 2, 0
1020902, 3, 0
1021008, 0, 0
1021012, 1, 1
1021023, 2, 1
1021027, 3, 0
1021133, 0, 1
1021137, 1, 0
1021148, 2, 1
1021152, 3, 1
1021258, 0, 0
1021262, 1, 0
1021273, 2, 0
1021277, 3, 1
1021383, 0, 1
1021387, 1, 1
1021398, 2, 0
1021402, 3, 0
1021508, 0, 0
1021512, 1, 1
1021523, 2, 1
1021527, 3, 1
1021633, 0, 1
1021637, 1, 0
1021648, 2, 1
1021652, 3, 0
1021758, 0, 0
1021762, 1, 0
1021773, 2, 0
1021777, 3, 0
1021883, 0, bit 0
1021883, 0, 0
1021887, 1, 1
1021898, 2, 0
1021902, 3, 1
1022008, 0, 1
1022012, 1, bit 1
1022012, 1, 0
1022023, 2, 1
1022027, 3, 1
1022133, 0, 0
1022137, 1, 1
1022148, 2, 0
1022152, 3, 0
1022258, 0, 1
1022262, 1, 0
1022273, 2, 1
1022277, 3, bit 1
1022277, 3, 0
1022383, 0, 1
1022387, 1, 1
1022398, 2, bit 0
1022398, 2, 1
1022402, 3, 1
1022508, 0, 0
1022512, 1, 0
1022523, 2, 0
1022527, 3, 0
1022633, 0, 1
1022637, 1, 1
1022648, 2, 0
1022652, 3, 1
1022758, 0, 0
1022763, 1, 0
1022773, 2, 1
1022777, 3, 1
1022883, 0, 1
1022888, 1, 1
1022898, 2, 1
1022902, 3, 0
1023008, 0, 0
1023013, 1, 1
1023023, 2, 0
1023027, 3, 0
1023133, 0, 1
1023138, 1, 0
1023148, 2, 0
1023152, 3, 1
1023258, 0, 0
1023263, 1, 0
1023273, 2, 1
1023277, 3, 0
1023383, 0, 1
1023388, 1, 1
1023398, 2, 1
1023403, 3, 1
1023508, 0, 0
1023513, 1, 1
1023523, 2, 0
1023528, 3, 1
1023633, 0, bit 1
1023633, 0, 1
1023638, 1, 0
1023648, 2, 0
1023653, 3, 0
1023758, 0, 0
1023763, 1, bit 0
1023763, 1, 1
1023773, 2, 1
1023778, 3, 0
1023883, 0, 1
1023888, 1, 0
1023898, 2, 0
1023903, 3, 1
1024008, 0, 0
1024013, 1, 1
1024023, 2, 1
1024028, 3, bit 0
1024028, 3, 1
1024133, 0, 0
1024138, 1, 0
1024148, 2, bit 0
1024148, 2, 1
1024153, 3, 0
1024258, 0, 1
1024263, 1, 1
1024273, 2, 0
1024278, 3, 1
1024384, 0, 0
1024388, 1, 0
1024398, 2, 0
1024403, 3, 0
1024509, 0, 1
1024513, 1, 1
1024523, 2, 1
1024528, 3, 0
1024634, 0, 0
1024638, 1, 0
1024648, 2, 1
1024653, 3, 1
1024759, 0, 1
1024763, 1, 0
1024773, 2, 0
1024778, 3, 1
1024884, 0, 0
1024888, 1, 1
1024898, 2, 0
1024903, 3, 0
1025009, 0, 1
1025013, 1, 1
1025024, 2, 1
1025028, 3, 1
1025134, 0, 0
1025138, 1, 0
1025149, 2, 1
1025153, 3, 0
1025259, 0, 1
1025263, 1, 0
1025274, 2, 0
1025278, 3, 0
1025384, 0, bit 1
1025384, 0, 1
1025388, 1, 1
1025399, 2, 0
1025403, 3, 1
1025509, 0, 0
1025513, 1, bit 1
1025513, 1, 0
1025524, 2, 1
1025528, 3, 1
1025634, 0, 1
1025638, 1, 1
1025649, 2, 0
1025653, 3, 0
1025759, 0, 0
1025763, 1, 0
1025774, 2, 1
1025778, 3, bit 0
1025778, 3, 1
1025884, 0, 0
1025888, 1, 1
1025899, 2, bit 1
1025899, 2, 0
1025903, 3, 0
1026009, 0, 1
1026013, 1, 0
1026024, 2, 1
1026028, 3, 1
1026134, 0, 0
1026138, 1, 1
1026149, 2, 1
1026153, 3, 0
1026259, 0, 1
1026263, 1, 0
1026274, 2, 0
1026278, 3, 0
1026384, 0, 0
1026388, 1, 1
1026399, 2, 0
1026403, 3, 1
1026509, 0, 1
1026513, 1, 1
1026524, 2, 1
1026528, 3, 1
1026634, 0, 0
1026638, 1, 0
1026649, 2, 1
1026653, 3, 0
1026759, 0, 1
1026763, 1, 0
1026774, 2, 0
1026778, 3, 1
1026884, 0, 0
1026888, 1, 1
1026899, 2, 0
1026903, 3, 0
1027009, 0, 1
1027013, 1, 1
1027024, 2, 1
1027028, 3, 0
1027134, 0, bit 0
1027134, 0, 0
1027138, 1, 0
1027149, 2, 1
1027153, 3, 1
1027259, 0, 1
1027263, 1, bit 1
1027263, 1, 0
1027274, 2, 0
1027278, 3, 1
1027384, 0, 0
1027388, 1, 1
1027399, 2, 1
1027403, 3, 0
1027509, 0, 1
1027513, 1, 0
1027524, 2, 0
1027528, 3, bit 0
1027528, 3, 1
1027634, 0, 1
1027638, 1, 1
1027649, 2, bit 1
1027649, 2, 0
1027653, 3, 0
1027759, 0, 0
1027763, 1, 0
1027774, 2, 1
1027778, 3, 1
1027884, 0, 1
1027888, 1, 1
1027899, 2, 1
1027903, 3, 0
1028009, 0, 0
1028013, 1, 0
1028024, 2, 0
1028028, 3, 0
1028134, 0, 1
1028139, 1, 1
1028149, 2, 0
1028153, 3, 1
1028259, 0, 0
1028264, 1, 1
1028274, 2, 1
1028278, 3, 1
1028384, 0, 1
1028389, 1, 0
1028399, 2, 1
1028403, 3, 0
1028509, 0, 0
1028514, 1, 0
1028524, 2, 0
1028528, 3, 1
1028634, 0, 1
1028639, 1, 1
1028649, 2, 0
1028653, 3, 0
1028759, 0, 0
1028764, 1, 1
1028774, 2, 1
1028779, 3, 0
1028884, 0, bit 1
1028884, 0, 1
1028889, 1, 0
1028899, 2, 1
1028904, 3, 1
1029009, 0, 0
1029014, 1, bit 0
1029014, 1, 1
1029024, 2, 0
1029029, 3, 1
1029134, 0, 1
1029139, 1, 0
1029149, 2, 1
1029154, 3, 0
1029259, 0, 0
1029264, 1, 1
1029274, 2, 0
1029279, 3, bit 1
1029279, 3, 0
1029384, 0, 0
1029389, 1, 0
1029399, 2, bit 1
1029399, 2, 0
1029404, 3, 1
1029509, 0, 1
1029514, 1, 1
1029524, 2, 1
1029529, 3, 0
1029634, 0, 0
1029639, 1, 0
1029649, 2, 1
1029654, 3, 1
1029760, 0, 1
1029764, 1, 1
1029774, 2, 0
1029779, 3, 1
1029885, 0, 0
1029889, 1, 0
1029899, 2, 0
1029904, 3, 0
1030010, 0, 1
1030014, 1, 0
1030024, 2, 1
1030029, 3, 0
1030135, 0, 0
1030139, 1, 1
1030149, 2, 1
1030154, 3, 1
1030260, 0, 1
1030264, 1, 1
1030274, 2, 0
1030279, 3, 0
1030385, 0, 0
1030389, 1, 0
1030400, 2, 0
1030404, 3, 1
1030510, 0, 1
1030514, 1, 0
1030525, 2, 1
1030529, 3, 1
1030635, 0, bit 1
1030635, 0, 1
1030639, 1, 1
1030650, 2, 1
1030654, 3, 0
1030760, 0, 0
1030764, 1, bit 0
1030764, 1, 1
1030775, 2, 0
1030779, 3, 0
1030885, 0, 1
1030889, 1, 0
1030900, 2, 1
1030904, 3, 1
1031010, 0, 0
1031014, 1, 1
1031025, 2, 0
1031029, 3, bit 0
1031029, 3, 1
1031135, 0, 0
1031139, 1, 0
1031150, 2, bit 1
1031150, 2, 0
1031154, 3, 0
1031260, 0, 1
1031264, 1, 1
1031275, 2, 1
1031279, 3, 1
1031385, 0, 0
1031389, 1, 0
1031400, 2, 1
1031404, 3, 0
1031510, 0, 1
1031514, 1, 1
1031525, 2, 0
1031529, 3, 0
1031635, 0, 0
1031639, 1, 0
1031650, 2, 0
1031654, 3, 1
1031760, 0, 1
1031764, 1, 0
1031775, 2, 1
1031779, 3, 1
1031885, 0, 0
1031889, 1, 1
1031900, 2, 1
1031904, 3, 0
1032010, 0, 1
1032014, 1, 1
1032025, 2, 0
1032029, 3, 1
1032135, 0, 0
1032139, 1, 0
1032150, 2, 0
1032154, 3, 0
1032260, 0, 1
1032264, 1, 0
1032275, 2, 1
1032279, 3, 0
1032385, 0, bit 0
1032385, 0, 0
1032389, 1, 1
1032400, 2, 1
1032404, 3, 1
1032510, 0, 1
1032514, 1, bit 1
1032517, 1, 0
1032525, 2, 0
1032529, 3, 1
1032635, 0, 0
1032639, 1, 1
1032650, 2, 1
1032654, 3, 0
1032760, 0, 1
1032764, 1, 0
1032775, 2, 0
1032779, 3, bit 1
1032779, 3, 0
1032885, 0, 1
1032889, 1, 1
1032900, 2, bit 0
1032900, 2, 1
1032904, 3, 1
1033010, 0, 0
1033014, 1, 0
1033025, 2, 0
1033029, 3, 0
1033135, 0, 1
1033139, 1, 1
1033150, 2, 0
1033154, 3, 1
1033260, 0, 0
1033264, 1, 0
1033275, 2, 1
1033279, 3, 1
1033385, 0, 1
1033389, 1, 1
1033400, 2, 1
1033404, 3, 0
1033510, 0, 0
1033515, 1, 1
1033525, 2, 0
1033529, 3, 0
1033635, 0, 1
1033640, 1, 0
1033650, 2, 0
1033654, 3, 1
1033760, 0, 0
1033765, 1, 0
1033775, 2, 1
1033779, 3, 0
1033885, 0, 1
1033890, 1, 1
1033900, 2, 1
1033904, 3, 1
1034010, 0, 0
1034015, 1, 1
1034025, 2, 0
1034029, 3, 1
1034135, 0, bit 0
1034135, 0, 0
1034140, 1, 0
1034150, 2, 0
1034155, 3, 0
1034260, 0, 1
1034265, 1, bit 1
1034265, 1, 0
1034275, 2, 1
1034280, 3, 0
1034385, 0, 0
1034390, 1, 1
1034400, 2, 0
1034405, 3, 1
1034510, 0, 1
1034515, 1, 0
1034525, 2, 1
1034530, 3, bit 0
1034530, 3, 1
1034635, 0, 1
1034640, 1, 1
1034650, 2, bit 1
1034650, 2, 0
1034655, 3, 0
1034760, 0, 0
1034765, 1, 0
1034775, 2, 1
1034780, 3, 1
1034885, 0, 1
1034890, 1, 1
1034900, 2, 1
1034905, 3, 0
1035010, 0, 0
1035015, 1, 0
1035025, 2, 0
1035030, 3, 0
1035136, 0, 1
1035140, 1, 1
1035150, 2, 0
1035155, 3, 1
1035261, 0, 0
1035265, 1, 1
1035275, 2, 1
1035280, 3, 1
1035386, 0, 1
1035390, 1, 0
1035400, 2, 1
1035405, 3, 0
1035511, 0, 0
1035515, 1, 0
1035525, 2, 0
1035530, 3, 1
1035636, 0, 1
1035640, 1, 1
1035650, 2, 0
1035655, 3, 0
1035761, 0, 0
1035765, 1, 1
1035776, 2, 1
1035780, 3, 0
1035886, 0, bit 0
1035886, 0, 0
1035890, 1, 0
1035901, 2, 1
1035905, 3, 1
1036011, 0, 1
1036015, 1, bit 0
1036015, 1, 1
1036026, 2, 0
1036030, 3, 1
1036136, 0, 0
1036140, 1, 0
1036151, 2, 1
1036155, 3, 0
1036261, 0, 1
1036265, 1, 1
1036276, 2, 0
1036280, 3, bit 0
1036280, 3, 1
1036386, 0, 1
1036390, 1, 0
1036401, 2, bit 0
1036401, 2, 1
1036405, 3, 0
1036511, 0, 0
1036515, 1, 1
1036526, 2, 0
1036530, 3, 1
1036636, 0, 1
1036640, 1, 0
1036651, 2, 0
1036655, 3, 0
1036761, 0, 0
1036765, 1, 1
1036776, 2, 1
1036780, 3, 0
1036886, 0, 1
1036890, 1, 0
1036901, 2, 1
1036905, 3, 1
1037011, 0, 0
1037015, 1, 0
1037026, 2, 0
1037030, 3, 1
1037136, 0, 1
1037140, 1, 1
1037151, 2, 0
1037155, 3, 0
1037261, 0, 0
1037265, 1, 1
1037276, 2, 1
1037280, 3, 1
1037386, 0, 1
1037390, 1, 0
1037401, 2, 1
1037405, 3, 0
1037511, 0, 0
1037515, 1, 0
1037526, 2, 0
1037530, 3, 0
1037636, 0, bit 1
1037636, 0, 1
1037640, 1, 1
1037651, 2, 0
1037655, 3, 1
1037761, 0, 0
1037765, 1, bit 0
1037765, 1, 1
1037776, 2, 1
1037780, 3, 1
1037886, 0, 1
1037890, 1, 0
1037901, 2, 0
1037905, 3, 0
1038011, 0, 0
1038015, 1, 1
1038026, 2, 1
1038030, 3, bit 1
1038030, 3, 0
1038136, 0, 0
1038140, 1, 0
1038151, 2, bit 1
1038151, 2, 0
1038155, 3, 1
1038261, 0, 1
1038265, 1, 1
1038276, 2, 1
1038280, 3, 0
1038386, 0, 0
1038390, 1, 0
1038401, 2, 1
1038405, 3, 1
1038511, 0, 1
1038515, 1, 1
1038526, 2, 0
1038530, 3, 1
1038636, 0, 0
1038640, 1, 0
1038651, 2, 0
1038655, 3, 0
1038761, 0, 1
1038765, 1, 0
1038776, 2, 1
1038780, 3, 0
1038886, 0, 0
1038891, 1, 1
1038901, 2, 1
1038905, 3, 1
1039011, 0, 1
1039016, 1, 1
1039026, 2, 0
1039030, 3, 0
1039136, 0, 0
1039141, 1, 0
1039151, 2, 0
1039155, 3, 1
1039261, 0, 1
1039266, 1, 0
1039276, 2, 1
1039280, 3, 1
1039386, 0, bit 1
1039386, 0, 1
1039397, 1, 1
1039401, 2, 1
1039405, 3, 0
1039511, 0, 0
1039522, 1, bit 1
1039522, 1, 0
1039526, 2, 0
1039531, 3, 0
1039636, 0, 1
1039647, 1, 1
1039651, 2, 1
1039656, 3, 1
1039761, 0, 0
1039772, 1, 0
1039776, 2, 0
1039781, 3, bit 1
1039781, 3, 0
1039886, 0, 0
1039897, 1, 1
1039901, 2, bit 1
1039901, 2, 0
1039906, 3, 1
1040011, 0, 1
1040022, 1, 0
1040026, 2, 1
1040031, 3, 0
1040136, 0, 0
1040147, 1, 1
1040151, 2, 1
1040156, 3, 1
1040261, 0, 1
1040272, 1, 0
1040276, 2, 0
1040281, 3, 1
1040386, 0, 0
1040397, 1, 1
1040401, 2, 0
1040406, 3, 0
1040512, 0, 1
1040522, 1, 1
1040526, 2, 1
1040531, 3, 0
1040637, 0, 0
1040647, 1, 0
1040651, 2, 1
1040656, 3, 1
1040762, 0, 1
1040772, 1, 0
1040776, 2, 0
1040781, 3, 0
1040887, 0, 0
1040897, 1, 1
1040901, 2, 0
1040906, 3, 1
1041012, 0, 1
1041022, 1, 1
1041026, 2, 1
1041031, 3, 1
1041137, 0, bit 0
1041137, 0, 0
1041147, 1, 0
1041152, 2, 1
1041156, 3, 0
1041262, 0, 1
1041272, 1, bit 1
1041272, 1, 0
1041277, 2, 0
1041281, 3, 0
1041387, 0, 0
1041397, 1, 1
1041402, 2, 1
1041406, 3, 1
1041512, 0, 1
1041522, 1, 0
1041527, 2, 0
1041531, 3, bit 1
1041531, 3, 0
1041637, 0, 1
1041647, 1, 1
1041652, 2, bit 0
1041652, 2, 1
1041656, 3, 1
1041762, 0, 0
1041772, 1, 0
1041777, 2, 0
1041781, 3, 0
1041887, 0, 1
1041897, 1, 1
1041902, 2, 0
1041906, 3, 1
1042012, 0, 0
1042022, 1, 0
1042027, 2, 1
1042031, 3, 1
1042137, 0, 1
1042147, 1, 1
1042152, 2, 1
1042156, 3, 0
1042262, 0, 0
1042272, 1, 1
1042277, 2, 0
1042281, 3, 0
1042387, 0, 1
1042397, 1, 0
1042402, 2, 0
1042406, 3, 1
1042512, 0, 0
1042522, 1, 0
1042527, 2, 1
1042531, 3, 0
1042637, 0, 1
1042647, 1, 1
1042652, 2, 1
1042656, 3, 1
1042762, 0, 0
1042772, 1, 1
1042777, 2, 0
1042781, 3, 1
1042887, 0, bit 0
1042887, 0, 0
1042897, 1, 0
1042902, 2, 0
1042906, 3, 0
1043012, 0, 1
1043022, 1, bit 1
1043022, 1, 0
1043027, 2, 1
1043031, 3, 0
1043137, 0, 0
1043147, 1, 1
1043152, 2, 0
1043156, 3, 1
1043262, 0, 1
1043272, 1, 0
1043277, 2, 1
1043281, 3, bit 0
1043281, 3, 1
1043387, 0, 1
1043397, 1, 1
1043402, 2, bit 0
1043402, 2, 1
1043406, 3, 0
1043512, 0, 0
1043522, 1, 0
1043527, 2, 0
1043531, 3, 1
1043637, 0, 1
1043647, 1, 1
1043652, 2, 0
1043656, 3, 0
1043762, 0, 0
1043772, 1, 0
1043777, 2, 1
1043781, 3, 0
1043887, 0, 1
1043897, 1, 1
1043902, 2, 1
1043906, 3, 1
1044012, 0, 0
1044022, 1, 1
1044027, 2, 0
1044031, 3, 1
1044137, 0, 1
1044147, 1, 0
1044152, 2, 0
1044156, 3, 0
1044262, 0, 0
1044272, 1, 0
1044277, 2, 1
1044281, 3, 1
1044387, 0, 1
1044397, 1, 1
1044402, 2, 1
1044406, 3, 0
1044512, 0, 0
1044523, 1, 1
1044527, 2, 0
1044531, 3, 0
1044637, 0, bit 1
1044637, 0, 1
1044648, 1, 0
1044652, 2, 0
1044656, 3, 1
1044762, 0, 0
1044773, 1, bit 0
1044773, 1, 1
1044777, 2, 1
1044781, 3, 1
1044887, 0, 1
1044898, 1, 0
1044902, 2, 0
1044907, 3, 0
1045012, 0, 0
1045023, 1, 1
1045027, 2, 1
1045032, 3, bit 0
1045032, 3, 1
1045137, 0, 0
1045148, 1, 0
1045152, 2, bit 1
1045152, 2, 0
1045157, 3, 0
1045262, 0, 1
1045273, 1, 1
1045277, 2, 1
1045282, 3, 1
1045387, 0, 0
1045398, 1, 0
1045402, 2, 1
1045407, 3, 0
1045512, 0, 1
1045523, 1, 1
1045527, 2, 0
1045532, 3, 0
1045637, 0, 0
1045648, 1, 0
1045652, 2, 0
1045657, 3, 1
1045762, 0, 1
1045773, 1, 0
1045777, 2, 1
1045782, 3, 1
1045888, 0, 0
1045898, 1, 1
1045902, 2, 1
1045907, 3, 0
1046013, 0, 1
1046023, 1, 1
1046027, 2, 0
1046032, 3, 1
1046138, 0, 0
1046148, 1, 0
1046152, 2, 0
1046157, 3, 0
1046263, 0, 1
1046273, 1, 0
1046277, 2, 1
1046282, 3, 0
1046388, 0, bit 0
1046388, 0, 0
1046398, 1, 1
1046402, 2, 1
1046407, 3, 1
1046513, 0, 1
1046523, 1, bit 0
1046523, 1, 1
1046528, 2, 0
1046532, 3, 1
1046638, 0, 0
1046648, 1, 0
1046653, 2, 1
1046657, 3, 0
1046763, 0, 1
1046773, 1, 1
1046778, 2, 0
1046782, 3, bit 1
1046782, 3, 0
1046888, 0, 1
1046898, 1, 0
1046903, 2, bit 1
1046903, 2, 0
1046907, 3, 1
1047013, 0, 0
1047023, 1, 1
1047028, 2, 1
1047032, 3, 0
1047138, 0, 1
1047148, 1, 0
1047153, 2, 1
1047157, 3, 1
1047263, 0, 0
1047273, 1, 1
1047278, 2, 0
1047282, 3, 1
1047388, 0, 1
1047398, 1, 0
1047403, 2, 0
1047407, 3, 0
1047513, 0, 0
1047523, 1, 0
1047528, 2, 1
1047532, 3, 0
1047638, 0, 1
1047648, 1, 1
1047653, 2, 1
1047657, 3, 1
1047763, 0, 0
1047773, 1, 1
1047778, 2, 0
1047782, 3, 0
1047888, 0, 1
1047898, 1, 0
1047903, 2, 0
1047907, 3, 1
1048013, 0, 0
1048023, 1, 0
1048028, 2, 1
1048032, 3, 1
1048138, 0, bit 0
1048138, 0, 0
1048148, 1, 1
1048153, 2, 1
1048157, 3, 0
1048263, 0, 1
1048273, 1, bit 0
1048273, 1, 1
1048278, 2, 0
1048282, 3, 0
1048388, 0, 0
1048398, 1, 0
1048403, 2, 1
1048407, 3, 1
1048513, 0, 1
1048523, 1, 1
1048528, 2, 0
1048532, 3, bit 0
1048532, 3, 1
1048638, 0, 1
1048648, 1, 0
1048653, 2, bit 1
1048653, 2, 0
1048657, 3, 0
1048763, 0, 0
1048773, 1, 1
1048778, 2, 1
1048782, 3, 1
1048888, 0, 1
1048898, 1, 0
1048903, 2, 1
1048907, 3, 0
1049013, 0, 0
1049023, 1, 1
1049028, 2, 0
1049032, 3, 0
1049138, 0, 1
1049148, 1, 0
1049153, 2, 0
1049157, 3, 1
1049263, 0, 0
1049273, 1, 0
1049278, 2, 1
1049282, 3, 1
1049388, 0, 1
1049398, 1, 1
1049403, 2, 1
1049407, 3, 0
1049513, 0, 0
1049523, 1, 1
1049528, 2, 0
1049532, 3, 1
1049638, 0, 1
1049648, 1, 0
1049653, 2, 0
1049657, 3, 0
1049763, 0, 0
1049773, 1, 0
1049778, 2, 1
1049782, 3, 0
1049888, 0, bit 1
1049888, 0, 1
1049899, 1, 1
1049903, 2, 1
1049907, 3, 1
1050013, 0, 0
1050024, 1, bit 0
1050024, 1, 1
1050028, 2, 0
1050032, 3, 1
1050138, 0, 1
1050149, 1, 0
1050153, 2, 1
1050157, 3, 0
1050263, 0, 0
1050274, 1, 1
1050278, 2, 0
1050283, 3, bit 0
1050283, 3, 1
1050388, 0, 0
1050399, 1, 0
1050403, 2, bit 0
1050403, 2, 1
1050408, 3, 0
1050513, 0, 1
1050524, 1, 1
1050528, 2, 0
1050533, 3, 1
1050638, 0, 0
1050649, 1, 0
1050653, 2, 0
1050658, 3, 0
1050763, 0, 1
1050774, 1, 1
1050778, 2, 1
1050783, 3, 0
1050888, 0, 0
1050899, 1, 0
1050903, 2, 1
1050908, 3, 1
1051013, 0, 1
1051024, 1, 0
1051028, 2, 0
1051033, 3, 1
1051138, 0, 0
1051149, 1, 1
1051153, 2, 0
1051158, 3, 0
1051264, 0, 1
1051274, 1, 1
1051278, 2, 1
1051283, 3, 1
1051389, 0, 0
1051399, 1, 0
1051403, 2, 1
1051408, 3, 0
1051514, 0, 1
1051524, 1, 0
1051528, 2, 0
1051533, 3, 0
1051639, 0, bit 1
1051639, 0, 1
1051649, 1, 1
1051653, 2, 0
1051658, 3, 1
1051764, 0, 0
1051774, 1, bit 0
1051774, 1, 1
1051778, 2, 1
1051783, 3, 1
1051889, 0, 1
1051899, 1, 0
1051904, 2, 0
1051908, 3, 0
1052014, 0, 0
1052024, 1, 1
1052029, 2, 1
1052033, 3, bit 1
1052036, 3, 0
1052139, 0, 0
1052149, 1, 0
1052154, 2, bit 0
1052154, 2, 1
1052158, 3, 1
1052264, 0, 1
1052274, 1, 1
1052279, 2, 0
1052283, 3, 0
1052389, 0, 0
1052399, 1, 0
1052404, 2, 0
1052408, 3, 1
1052514, 0, 1
1052524, 1, 1
1052529, 2, 1
1052533, 3, 1
1052639, 0, 0
1052649, 1, 0
1052654, 2, 1
1052658, 3, 0
1052764, 0, 1
1052774, 1, 0
1052779, 2, 0
1052783, 3, 0
1052889, 0, 0
1052899, 1, 1
1052904, 2, 0
1052908, 3, 1
1053014, 0, 1
1053024, 1, 1
1053029, 2, 1
1053033, 3, 0
1053139, 0, 0
1053149, 1, 0
1053154, 2, 1
1053158, 3, 1
1053264, 0, 1
1053274, 1, 0
1053279, 2, 0
1053283, 3, 1
1053389, 0, bit 1
1053389, 0, 1
1053399, 1, 1
1053404, 2, 0
1053408, 3, 0
1053514, 0, 0
1053524, 1, bit 0
1053524, 1, 1
1053529, 2, 1
1053533, 3, 0
1053639, 0, 1
1053649, 1, 0
1053654, 2, 0
1053658, 3, 1
1053764, 0, 0
1053774, 1, 1
1053779, 2, 1
1053783, 3, bit 0
1053783, 3, 1
1053889, 0, 0
1053899, 1, 0
1053904, 2, bit 1
1053904, 2, 0
1053908, 3, 0
1054014, 0, 1
1054024, 1, 1
1054029, 2, 1
1054033, 3, 1
1054139, 0, 0
1054149, 1, 0
1054154, 2, 1
1054158, 3, 0
1054264, 0, 1
1054274, 1, 1
1054279, 2, 0
1054283, 3, 0
1054389, 0, 0
1054399, 1, 0
1054404, 2, 0
1054408, 3, 1
1054514, 0, 1
1054524, 1, 0
1054529, 2, 1
1054533, 3, 1
1054639, 0, 0
1054649, 1, 1
1054654, 2, 1
1054658, 3, 0
1054764, 0, 1
1054774, 1, 1
1054779, 2, 0
1054783, 3, 1
1054889, 0, 0
1054899, 1, 0
1054904, 2, 0
1054908, 3, 0
1055014, 0, 1
1055024, 1, 0
1055029, 2, 1
1055033, 3, 0
1055139, 0, bit 0
1055139, 0, 0
1055149, 1, 1
1055154, 2, 1
1055158, 3, 1
1055264, 0, 1
1055275, 1, bit 1
1055275, 1, 0
1055279, 2, 0
1055283, 3, 1
1055389, 0, 0
1055400, 1, 1
1055404, 2, 1
1055408, 3, 0
1055514, 0, 1
1055525, 1, 0
1055529, 2, 0
1055533, 3, bit 0
1055533, 3, 1
1055639, 0, 1
1055650, 1, 1
1055654, 2, bit 1
1055654, 2, 0
1055659, 3, 0
1055764, 0, 0
1055775, 1, 0
1055779, 2, 1
1055784, 3, 1
1055889, 0, 1
1055900, 1, 1
1055904, 2, 1
1055909, 3, 0
1056014, 0, 0
1056025, 1, 0
1056029, 2, 0
1056034, 3, 0
1056139, 0, 1
1056150, 1, 1
1056154, 2, 0
1056159, 3, 1
1056264, 0, 0
1056275, 1, 1
1056279, 2, 1
1056284, 3, 1
1056389, 0, 1
1056400, 1, 0
1056404, 2, 1
1056409, 3, 0
1056514, 0, 0
1056525, 1, 0
1056529, 2, 0
1056534, 3, 1
1056640, 0, 1
1056650, 1, 1
1056654, 2, 0
1056659, 3, 0
1056765, 0, 0
1056775, 1, 1
1056779, 2, 1
1056784, 3, 0
1056890, 0, bit 1
1056890, 0, 1
1056900, 1, 0
1056904, 2, 1
1056909, 3, 1
1057015, 0, 0
1057025, 1, bit 0
1057025, 1, 1
1057029, 2, 0
1057034, 3, 1
1057140, 0, 1
1057150, 1, 0
1057154, 2, 1
1057159, 3, 0
1057265, 0, 0
1057275, 1, 1
1057280, 2, 0
1057284, 3, bit 1
1057284, 3, 0
1057390, 0, 0
1057400, 1, 0
1057405, 2, bit 0
1057405, 2, 1
1057409, 3, 1
1057515, 0, 1
1057525, 1, 1
1057530, 2, 0
1057534, 3, 0
1057640, 0, 0
1057650, 1, 0
1057655, 2, 0
1057659, 3, 1
1057765, 0, 1
1057775, 1, 1
1057780, 2, 1
1057784, 3, 1
1057890, 0, 0
1057900, 1, 0
1057905, 2, 1
1057909, 3, 0
1058015, 0, 1
1058025, 1, 0
1058030, 2, 0
1058034, 3, 0
1058140, 0, 0
1058150, 1, 1
1058155, 2, 0
1058159, 3, 1
1058265, 0, 1
1058275, 1, 1
1058280, 2, 1
1058284, 3, 0
1058390, 0, 0
1058400, 1, 0
1058405, 2, 1
1058409, 3, 1
1058515, 0, 1
1058525, 1, 0
1058530, 2, 0
1058534, 3, 1
1058640, 0, bit 1
1058640, 0, 1
1058650, 1, 1
1058655, 2, 0
1058659, 3, 0
1058765, 0, 0
1058775, 1, bit 1
1058775, 1, 0
1058780, 2, 1
1058784, 3, 0
1058890, 0, 1
1058900, 1, 1
1058905, 2, 0
1058909, 3, 1
1059015, 0, 0
1059025, 1, 0
1059030, 2, 1
1059034, 3, bit 1
1059034, 3, 0
1059140, 0, 0
1059150, 1, 1
1059155, 2, bit 0
1059155, 2, 1
1059159, 3, 1
1059265, 0, 1
1059275, 1, 0
1059280, 2, 0
1059284, 3, 0
1059390, 0, 0
1059400, 1, 1
1059405, 2, 0
1059409, 3, 1
1059515, 0, 1
1059525, 1, 0
1059530, 2, 1
1059534, 3, 1
1059640, 0, 0
1059650, 1, 1
1059655, 2, 1
1059659, 3, 0
1059765, 0, 1
1059775, 1, 1
1059780, 2, 0
1059784, 3, 0
1059890, 0, 0
1059900, 1, 0
1059905, 2, 0
1059909, 3, 1
1060015, 0, 1
1060025, 1, 0
1060030, 2, 1
1060034, 3, 0
1060140, 0, 0
1060150, 1, 1
1060155, 2, 1
1060159, 3, 1
1060265, 0, 1
1060275, 1, 1
1060280, 2, 0
1060284, 3, 1
1060390, 0, bit 0
1060390, 0, 0
1060400, 1, 0
1060405, 2, 0
1060409, 3, 0
1060515, 0, 1
1060525, 1, bit 1
1060525, 1, 0
1060530, 2, 1
1060534, 3, 0
1060640, 0, 0
1060651, 1, 1
1060655, 2, 0
1060659, 3, 1
1060765, 0, 1
1060776, 1, 0
1060780, 2, 1
1060784, 3, bit 0
1060784, 3, 1
1060890, 0, 1
1060901, 1, 1
1060905, 2, bit 0
1060905, 2, 1
1060909, 3, 0
1061015, 0, 0
1061026, 1, 0
1061030, 2, 0
1061035, 3, 1
1061140, 0, 1
1061151, 1, 1
1061155, 2, 0
1061160, 3, 0
1061265, 0, 0
1061276, 1, 0
1061280, 2, 1
1061285, 3, 0
1061390, 0, 1
1061401, 1, 1
1061405, 2, 1
1061410, 3, 1
1061515, 0, 0
1061526, 1, 1
1061530, 2, 0
1061535, 3, 1
1061640, 0, 1
1061651, 1, 0
1061655, 2, 0
1061660, 3, 0
1061765, 0, 0
1061776, 1, 0
1061780, 2, 1
1061785, 3, 1
1061890, 0, 1
1061901, 1, 1
1061905, 2, 1
1061910, 3, 0
1062016, 0, 0
1062026, 1, 1
1062030, 2, 0
1062035, 3, 0
1062141, 0, bit 0
1062141, 0, 0
1062151, 1, 0
1062155, 2, 0
1062160, 3, 1
1062266, 0, 1
1062276, 1, bit 1
1062276, 1, 0
1062280, 2, 1
1062285, 3, 1
1062391, 0, 0
1062401, 1, 1
1062405, 2, 0
1062410, 3, 0
1062516, 0, 1
1062526, 1, 0
1062530, 2, 1
1062535, 3, bit 0
1062535, 3, 1
1062641, 0, 1
1062651, 1, 1
1062656, 2, bit 0
1062656, 2, 1
1062660, 3, 0
1062766, 0, 0
1062776, 1, 0
1062781, 2, 0
1062785, 3, 1
1062891, 0, 1
1062901, 1, 1
1062906, 2, 0
1062910, 3, 0
1063016, 0, 0
1063026, 1, 0
1063031, 2, 1
1063035, 3, 0
1063141, 0, 1
1063151, 1, 1
1063156, 2, 1
1063160, 3, 1
1063266, 0, 0
1063276, 1, 1
1063281, 2, 0
1063285, 3, 1
1063391, 0, 1
1063401, 1, 0
1063406, 2, 0
1063410, 3, 0
1063516, 0, 0
1063526, 1, 0
1063531, 2, 1
1063535, 3, 1
1063641, 0, 1
1063651, 1, 1
1063656, 2, 1
1063660, 3, 0
1063766, 0, 0
1063776, 1, 1
1063781, 2, 0
1063785, 3, 0
1063891, 0, bit 1
1063891, 0, 1
1063901, 1, 0
1063906, 2, 0
1063910, 3, 1
1064016, 0, 0
1064026, 1, bit 1
1064026, 1, 0
1064031, 2, 1
1064035, 3, 1
1064141, 0, 1
1064151, 1, 1
1064156, 2, 0
1064160, 3, 0
1064266, 0, 0
1064276, 1, 0
1064281, 2, 1
1064285, 3, bit 0
1064285, 3, 1
1064391, 0, 0
1064401, 1, 1
1064406, 2, bit 0
1064406, 2, 1
1064410, 3, 0
1064516, 0, 1
1064526, 1, 0
1064531, 2, 0
1064535, 3, 1
1064641, 0, 0
1064651, 1, 1
1064656, 2, 0
1064660, 3, 0
1064766, 0, 1
1064776, 1, 0
1064781, 2, 1
1064785, 3, 0
1064891, 0, 0
1064901, 1, 1
1064906, 2, 1
1064910, 3, 1
1065016, 0, 1
1065026, 1, 1
1065031, 2, 0
1065035, 3, 1
1065141, 0, 0
1065151, 1, 0
1065156, 2, 0
1065160, 3, 0
1065266, 0, 1
1065276, 1, 0
1065281, 2, 1
1065285, 3, 1
1065391, 0, 0
1065401, 1, 1
1065406, 2, 1
1065410, 3, 0
1065516, 0, 1
1065526, 1, 1
1065531, 2, 0
1065535, 3, 0
1065641, 0, bit 1
1065641, 0, 1
1065651, 1, 0
1065656, 2, 0
1065660, 3, 1
1065766, 0, 0
1065776, 1, bit 1
1065779, 1, 0
1065781, 2, 1
1065785, 3, 1
1065891, 0, 1
1065901, 1, 1
1065906, 2, 0
1065910, 3, 0
1066016, 0, 0
1066027, 1, 0
1066031, 2, 1
1066035, 3, bit 1
1066035, 3, 0
1066141, 0, 0
1066152, 1, 1
1066156, 2, bit 1
1066156, 2, 0
1066160, 3, 1
1066266, 0, 1
1066277, 1, 0
1066281, 2, 1
1066285, 3, 0
1066391, 0, 0
1066402, 1, 1
1066406, 2, 1
1066411, 3, 1
1066516, 0, 1
1066527, 1, 0
1066531, 2, 0
1066536, 3, 1
1066641, 0, 0
1066652, 1, 1
1066656, 2, 0
1066661, 3, 0
1066766, 0, 1
1066777, 1, 1
1066781, 2, 1
1066786, 3, 0
1066891, 0, 0
1066902, 1, 0
1066906, 2, 1
1066911, 3, 1
1067016, 0, 1
1067027, 1, 0
1067031, 2, 0
1067036, 3, 0
1067141, 0, 0
1067152, 1, 1
1067156, 2, 0
1067161, 3, 1
1067266, 0, 1
1067277, 1, 1
1067281, 2, 1
1067286, 3, 1
1067392, 0, bit 1
1067392, 0, 1
1067402, 1, 0
1067406, 2, 1
1067411, 3, 0
1067517, 0, 0
1067527, 1, bit 1
1067527, 1, 0
1067531, 2, 0
1067536, 3, 0
1067642, 0, 1
1067652, 1, 1
1067656, 2, 1
1067661, 3, 1
1067767, 0, 0
1067777, 1, 0
1067781, 2, 0
1067786, 3, bit 1
1067786, 3, 0
1067892, 0, 0
1067902, 1, 1
1067906, 2, bit 1
1067906, 2, 0
1067911, 3, 1
1068017, 0, 1
1068027, 1, 0
1068032, 2, 1
1068036, 3, 0
1068142, 0, 0
1068152, 1, 1
1068157, 2, 1
1068161, 3, 1
1068267, 0, 1
1068277, 1, 0
1068282, 2, 0
1068286, 3, 1
1068392, 0, 0
1068402, 1, 1
1068407, 2, 0
1068411, 3, 0
1068517, 0, 1
1068527, 1, 1
1068532, 2, 1
1068536, 3, 0
1068642, 0, 0
1068652, 1, 0
1068657, 2, 1
1068661, 3, 1
1068767, 0, 1
1068777, 1, 0
1068782, 2, 0
1068786, 3, 0
1068892, 0, 0
1068902, 1, 1
1068907, 2, 0
1068911, 3, 1
1069017, 0, 1
1069027, 1, 1
1069032, 2, 1
1069036, 3, 1
1069142, 0, bit 0
1069142, 0, 0
1069152, 1, 0
1069157, 2, 1
1069161, 3, 0
1069267, 0, 1
1069277, 1, bit 1
1069277, 1, 0
1069282, 2, 0
1069286, 3, 0
1069392, 0, 0
1069402, 1, 1
1069407, 2, 1
1069411, 3, 1
1069517, 0, 1
1069527, 1, 0
1069532, 2, 0
1069536, 3, bit 1
1069536, 3, 0
1069642, 0, 1
1069652, 1, 1
1069657, 2, bit 0
1069657, 2, 1
1069661, 3, 1
1069767, 0, 0
1069777, 1, 0
1069782, 2, 0
1069786, 3, 0
1069892, 0, 1
1069902, 1, 1
1069907, 2, 0
1069911, 3, 1
1070017, 0, 0
1070027, 1, 0
1070032, 2, 1
1070036, 3, 1
1070142, 0, 1
1070152, 1, 1
1070157, 2, 1
1070161, 3, 0
1070267, 0, 0
1070277, 1, 1
1070282, 2, 0
1070286, 3, 0
1070392, 0, 1
1070402, 1, 0
1070407, 2, 0
1070411, 3, 1
1070517, 0, 0
1070527, 1, 0
1070532, 2, 1
1070536, 3, 0
1070642, 0, 1
1070652, 1, 1
1070657, 2, 1
1070667, 3, 1
1070767, 0, 0
1070777, 1, 1
1070782, 2, 0
1070792, 3, 1
1070892, 0, bit 0
1070892, 0, 0
1070902, 1, 0
1070907, 2, 0
1070917, 3, 0
1071017, 0, 1
1071027, 1, bit 0
1071027, 1, 1
1071032, 2, 1
1071042, 3, 0
1071142, 0, 0
1071152, 1, 0
1071157, 2, 0
1071167, 3, 1
1071267, 0, 1
1071277, 1, 1
1071282, 2, 1
1071292, 3, bit 0
1071292, 3, 1
1071392, 0, 1
1071403, 1, 0
1071407, 2, bit 0
1071407, 2, 1
1071417, 3, 0
1071517, 0, 0
1071528, 1, 1
1071532, 2, 0
1071542, 3, 1
1071642, 0, 1
1071653, 1, 0
1071657, 2, 0
1071667, 3, 0
1071767, 0, 0
1071778, 1, 1
1071782, 2, 1
1071792, 3, 0
1071892, 0, 1
1071903, 1, 0
1071907, 2, 1
1071917, 3, 1
1072017, 0, 0
1072028, 1, 0
1072032, 2, 0
1072043, 3, 1
1072142, 0, 1
1072153, 1, 1
1072157, 2, 0
1072168, 3, 0
1072267, 0, 0
1072278, 1, 1
1072282, 2, 1
1072293, 3, 1
1072392, 0, 1
1072403, 1, 0
1072407, 2, 1
1072418, 3, 0
1072517, 0, 0
1072528, 1, 0
1072532, 2, 0
1072543, 3, 0
1072642, 0, bit 1
1072642, 0, 1
1072653, 1, 1
1072657, 2, 0
1072668, 3, 1
1072768, 0, 0
1072778, 1, bit 0
1072778, 1, 1
1072782, 2, 1
1072793, 3, 1
1072893, 0, 1
1072903, 1, 0
1072907, 2, 0
1072918, 3, 0
1073018, 0, 0
1073028, 1, 1
1073032, 2, 1
1073043, 3, bit 0
1073043, 3, 1
1073143, 0, 0
1073153, 1, 0
1073157, 2, bit 0
1073157, 2, 1
1073168, 3, 0
1073268, 0, 1
1073278, 1, 1
1073282, 2, 0
1073293, 3, 1
1073393, 0, 0
1073403, 1, 0
1073408, 2, 0
1073418, 3, 0
1073518, 0, 1
1073528, 1, 1
1073533, 2, 1
1073543, 3, 0
1073643, 0, 0
1073653, 1, 0
1073658, 2, 1
1073668, 3, 1
1073768, 0, 1
1073778, 1, 0
1073783, 2, 0
1073793, 3, 1
1073893, 0, 0
1073903, 1, 1
1073908, 2, 0
1073918, 3, 0
1074018, 0, 1
1074028, 1, 1
1074033, 2, 1
1074043, 3, 1
1074143, 0, 0
1074153, 1, 0
1074158, 2, 1
1074168, 3, 0
1074268, 0, 1
1074278, 1, 0
1074283, 2, 0
1074293, 3, 0
1074393, 0, bit 0
1074393, 0, 0
1074403, 1, 1
1074408, 2, 0
1074418, 3, 1
1074518, 0, 1
1074528, 1, bit 1
1074528, 1, 0
1074533, 2, 1
1074543, 3, 1
1074643, 0, 0
1074653, 1, 1
1074658, 2, 0
1074668, 3, 0
1074768, 0, 1
1074778, 1, 0
1074783, 2, 1
1074793, 3, bit 1
1074793, 3, 0
1074893, 0, 1
1074903, 1, 1
1074908, 2, bit 1
1074908, 2, 0
1074918, 3, 1
1075018, 0, 0
1075028, 1, 0
1075033, 2, 1
1075043, 3, 0
1075143, 0, 1
1075153, 1, 1
1075158, 2, 1
1075168, 3, 1
1075268, 0, 0
1075278, 1, 0
1075283, 2, 0
1075293, 3, 1
1075393, 0, 1
1075403, 1, 1
1075408, 2, 0
1075418, 3, 0
1075518, 0, 0
1075528, 1, 1
1075533, 2, 1
1075543, 3, 0
1075643, 0, 1
1075653, 1, 0
1075658, 2, 1
1075668, 3, 1
1075768, 0, 0
1075778, 1, 0
1075783, 2, 0
1075793, 3, 0
1075893, 0, 1
1075903, 1, 1
1075908, 2, 0
1075918, 3, 1
1076018, 0, 0
1076028, 1, 1
1076033, 2, 1
1076043, 3, 1
1076143, 0, bit 0
1076143, 0, 0
1076153, 1, 0
1076158, 2, 1
1076168, 3, 0
1076268, 0, 1
1076278, 1, bit 1
1076278, 1, 0
1076283, 2, 0
1076293, 3, 0
1076393, 0, 0
1076403, 1, 1
1076408, 2, 1
1076418, 3, 1
1076518, 0, 1
1076528, 1, 0
1076533, 2, 0
1076543, 3, bit 1
1076543, 3, 0
1076643, 0, 1
1076653, 1, 1
1076658, 2, bit 1
1076658, 2, 0
1076668, 3, 1
1076768, 0, 0
1076779, 1, 0
1076783, 2, 1
1076793, 3, 0
1076893, 0, 1
1076904, 1, 1
1076908, 2, 1
1076918, 3, 1
1077018, 0, 0
1077029, 1, 0
1077033, 2, 0
1077043, 3, 1
1077143, 0, 1
1077154, 1, 1
1077158, 2, 0
1077168, 3, 0
1077268, 0, 0
1077279, 1, 1
1077283, 2, 1
1077293, 3, 0
1077393, 0, 1
1077404, 1, 0
1077408, 2, 1
1077419, 3, 1
1077518, 0, 0
1077529, 1, 0
1077533, 2, 0
1077544, 3, 0
1077643, 0, 1
1077654, 1, 1
1077658, 2, 0
1077669, 3, 1
1077768, 0, 0
1077779, 1, 1
1077783, 2, 1
1077794, 3, 1
1077893, 0, bit 0
1077893, 0, 0
1077904, 1, 0
1077908, 2, 1
1077919, 3, 0
1078018, 0, 1
1078029, 1, bit 0
1078029, 1, 1
1078033, 2, 0
1078044, 3, 0
1078144, 0, 0
1078154, 1, 0
1078158, 2, 1
1078169, 3, 1
1078269, 0, 1
1078279, 1, 1
1078283, 2, 0
1078294, 3, bit 0
1078294, 3, 1
1078394, 0, 1
1078404, 1, 0
1078408, 2, bit 1
1078408, 2, 0
1078419, 3, 0
1078519, 0, 0
1078529, 1, 1
1078533, 2, 1
1078544, 3, 1
1078644, 0, 1
1078654, 1, 0
1078658, 2, 1
1078669, 3, 0
1078769, 0, 0
1078779, 1, 1
1078784, 2, 0
1078794, 3, 0
1078894, 0, 1
1078904, 1, 0
1078909, 2, 0
1078919, 3, 1
1079019, 0, 0
1079029, 1, 0
1079034, 2, 1
1079044, 3, 1
1079144, 0, 1
1079154, 1, 1
1079159, 2, 1
1079169, 3, 0
1079269, 0, 0
1079279, 1, 1
1079284, 2, 0
1079294, 3, 1
1079394, 0, 1
1079404, 1, 0
1079409, 2, 0
1079419, 3, 0
1079519, 0, 0
1079529, 1, 0
1079534, 2, 1
1079544, 3, 0
1079644, 0, bit 0
1079644, 0, 0
1079654, 1, 1
1079659, 2, 1
1079669, 3, 1
1079769, 0, 1
1079779, 1, bit 0
1079779, 1, 1
1079784, 2, 0
1079794, 3, 1
1079894, 0, 0
1079904, 1, 0
1079909, 2, 1
1079919, 3, 0
1080019, 0, 1
1080029, 1, 1
1080034, 2, 0
1080044, 3, bit 1
1080044, 3, 0
1080144, 0, 1
1080154, 1, 0
1080159, 2, bit 0
1080159, 2, 1
1080169, 3, 1
1080269, 0, 0
1080279, 1, 1
1080284, 2, 0
1080294, 3, 0
1080394, 0, 1
1080404, 1, 0
1080409, 2, 0
1080419, 3, 1
1080519, 0, 0
1080529, 1, 1
1080534, 2, 1
1080544, 3, 1
1080644, 0, 1
1080654, 1, 0
1080659, 2, 1
1080669, 3, 0
1080769, 0, 0
1080779, 1, 0
1080784, 2, 0
1080794, 3, 0
1080894, 0, 1
1080904, 1, 1
1080909, 2, 0
1080919, 3, 1
1081019, 0, 0
1081029, 1, 1
1081034, 2, 1
1081044, 3, 0
1081144, 0, 1
1081154, 1, 0
1081159, 2, 1
1081169, 3, 1
1081269, 0, 0
1081279, 1, 0
1081284, 2, 0
1081294, 3, 1
1081394, 0, bit 1
1081394, 0, 1
1081404, 1, 1
1081409, 2, 0
1081419, 3, 0
1081519, 0, 0
1081529, 1, bit 1
1081529, 1, 0
1081534, 2, 1
1081544, 3, 0
1081644, 0, 1
1081654, 1, 1
1081659, 2, 0
1081669, 3, 1
1081769, 0, 0
1081779, 1, 0
1081784, 2, 1
1081794, 3, bit 1
1081794, 3, 0
1081894, 0, 0
1081904, 1, 1
1081909, 2, bit 1
1081909, 2, 0
1081919, 3, 1
1082019, 0, 1
1082029, 1, 0
1082034, 2, 1
1082044, 3, 0
1082144, 0, 0
1082155, 1, 1
1082159, 2, 1
1082169, 3, 1
1082269, 0, 1
1082280, 1, 0
1082284, 2, 0
1082294, 3, 1
1082394, 0, 0
1082405, 1, 1
1082409, 2, 0
1082419, 3, 0
1082519, 0, 1
1082530, 1, 1
1082534, 2, 1
1082544, 3, 0
1082644, 0, 0
1082655, 1, 0
1082659, 2, 1
1082669, 3, 1
1082769, 0, 1
1082780, 1, 0
1082784, 2, 0
1082795, 3, 0
1082894, 0, 0
1082905, 1, 1
1082909, 2, 0
1082920, 3, 1
1083019, 0, 1
1083030, 1, 1
1083034, 2, 1
1083045, 3, 1
1083144, 0, bit 1
1083144, 0, 1
1083155, 1, 0
1083159, 2, 1
1083170, 3, 0
1083269, 0, 0
1083280, 1, bit 1
1083280, 1, 0
1083284, 2, 0
1083295, 3, 0
1083394, 0, 1
1083405, 1, 1
1083409, 2, 1
1083420, 3, 1
1083520, 0, 0
1083530, 1, 0
1083534, 2, 0
1083545, 3, bit 0
1083545, 3, 1
1083645, 0, 0
1083655, 1, 1
1083659, 2, bit 0
1083659, 2, 1
1083670, 3, 0
1083770, 0, 1
1083780, 1, 0
1083784, 2, 0
1083795, 3, 1
1083895, 0, 0
1083905, 1, 1
1083909, 2, 0
1083920, 3, 0
1084020, 0, 1
1084030, 1, 0
1084034, 2, 1
1084045, 3, 0
1084145, 0, 0
1084155, 1, 1
1084160, 2, 1
1084170, 3, 1
1084270, 0, 1
1084280, 1, 1
1084285, 2, 0
1084295, 3, 1
1084395, 0, 0
1084405, 1, 0
1084410, 2, 0
1084420, 3, 0
1084520, 0, 1
1084530, 1, 0
1084535, 2, 1
1084545, 3, 1
1084645, 0, 0
1084655, 1, 1
1084660, 2, 1
1084670, 3, 0
1084770, 0, 1
1084780, 1, 1
1084785, 2, 0
1084795, 3, 0
1084895, 0, bit 0
1084895, 0, 0
1084905, 1, 0
1084910, 2, 0
1084920, 3, 1
1085020, 0, 1
1085030, 1, bit 0
1085030, 1, 1
1085035, 2, 1
1085045, 3, 1
1085145, 0, 0
1085155, 1, 0
1085160, 2, 0
1085170, 3, 0
1085270, 0, 1
1085280, 1, 1
1085285, 2, 1
1085295, 3, bit 1
1085298, 3, 0
1085395, 0, 1
1085405, 1, 0
1085410, 2, bit 0
1085410, 2, 1
1085420, 3, 1
1085520, 0, 0
1085530, 1, 1
1085535, 2, 0
1085545, 3, 0
1085645, 0, 1
1085655, 1, 0
1085660, 2, 0
1085670, 3, 1
1085770, 0, 0
1085780, 1, 1
1085785, 2, 1
1085795, 3, 1
1085895, 0, 1
1085905, 1, 0
1085910, 2, 1
1085920, 3, 0
1086020, 0, 0
1086030, 1, 0
1086035, 2, 0
1086045, 3, 0
1086145, 0, 1
1086155, 1, 1
1086160, 2, 0
1086170, 3, 1
1086270, 0, 0
1086280, 1, 1
1086285, 2, 1
1086295, 3, 0
1086395, 0, 1
1086405, 1, 0
1086410, 2, 1
1086420, 3, 1
1086520, 0, 0
1086530, 1, 0
1086535, 2, 0
1086545, 3, 1
1086645, 0, bit 0
1086645, 0, 0
1086655, 1, 1
1086660, 2, 0
1086670, 3, 0
1086770, 0, 1
1086780, 1, bit 0
1086780, 1, 1
1086785, 2, 1
1086795, 3, 0
1086895, 0, 0
1086905, 1, 0
1086910, 2, 0
1086920, 3, 1
1087020, 0, 1
1087030, 1, 1
1087035, 2, 1
1087045, 3, bit 1
1087045, 3, 0
1087145, 0, 1
1087155, 1, 0
1087160, 2, bit 0
1087160, 2, 1
1087170, 3, 1
1087270, 0, 0
1087280, 1, 1
1087285, 2, 0
1087295, 3, 0
1087395, 0, 1
1087405, 1, 0
1087410, 2, 0
1087420, 3, 1
1087520, 0, 0
1087531, 1, 1
1087535, 2, 1
1087545, 3, 1
1087645, 0, 1
1087656, 1, 0
1087660, 2, 1
1087670, 3, 0
1087770, 0, 0
1087781, 1, 0
1087785, 2, 0
1087795, 3, 0
1087895, 0, 1
1087906, 1, 1
1087910, 2, 0
1087920, 3, 1
1088020, 0, 0
1088031, 1, 1
1088035, 2, 1
1088045, 3, 0
1088145, 0, 1
1088156, 1, 0
1088160, 2, 1
1088171, 3, 1
1088270, 0, 0
1088281, 1, 0
1088285, 2, 0
1088296, 3, 1
1088395, 0, bit 1
1088395, 0, 1
1088406, 1, 1
1088410, 2, 0
1088421, 3, 0
1088520, 0, 0
1088531, 1, bit 1
1088531, 1, 0
1088535, 2, 1
1088546, 3, 0
1088645, 0, 1
1088656, 1, 1
1088660, 2, 0
1088671, 3, 1
1088770, 0, 0
1088781, 1, 0
1088785, 2, 1
1088796, 3, bit 1
1088796, 3, 0
1088896, 0, 0
1088906, 1, 1
1088910, 2, bit 0
1088910, 2, 1
1088921, 3, 1
1089021, 0, 1
1089031, 1, 0
1089035, 2, 0
1089046, 3, 0
1089146, 0, 0
1089156, 1, 1
1089160, 2, 0
1089171, 3, 1
1089271, 0, 1
1089281, 1, 0
1089285, 2, 1
1089296, 3, 1
1089396, 0, 0
1089406, 1, 1
1089410, 2, 1
1089421, 3, 0
1089521, 0, 1
1089531, 1, 1
1089536, 2, 0
1089546, 3, 0
1089646, 0, 0
1089656, 1, 0
1089661, 2, 0
1089671, 3, 1
1089771, 0, 1
1089781, 1, 0
1089786, 2, 1
1089796, 3, 0
1089896, 0, 0
1089906, 1, 1
1089911, 2, 1
1089921, 3, 1
1090021, 0, 1
1090031, 1, 1
1090036, 2, 0
1090046, 3, 1
1090146, 0, bit 0
1090146, 0, 0
1090156, 1, 0
1090161, 2, 0
1090171, 3, 0
1090271, 0, 1
1090281, 1, bit 0
1090281, 1, 1
1090286, 2, 1
1090296, 3, 0
1090396, 0, 0
1090406, 1, 0
1090411, 2, 0
1090421, 3, 1
1090521, 0, 1
1090531, 1, 1
1090536, 2, 1
1090546, 3, bit 0
1090546, 3, 1
1090646, 0, 1
1090656, 1, 0
1090661, 2, bit 1
1090661, 2, 0
1090671, 3, 0
1090771, 0, 0
1090781, 1, 1
1090786, 2, 1
1090796, 3, 1
1090896, 0, 1
1090906, 1, 0
1090911, 2, 1
1090921, 3, 0
1091021, 0, 0
1091031, 1, 1
1091036, 2, 0
1091046, 3, 0
1091146, 0, 1
1091156, 1, 0
1091161, 2, 0
1091171, 3, 1
1091271, 0, 0
1091281, 1, 0
1091286, 2, 1
1091296, 3, 1
1091396, 0, 1
1091406, 1, 1
1091411, 2, 1
1091421, 3, 0
1091521, 0, 0
1091531, 1, 1
1091536, 2, 0
1091546, 3, 1
1091646, 0, 1
1091656, 1, 0
1091661, 2, 0
1091671, 3, 0
1091771, 0, 0
1091781, 1, 0
1091786, 2, 1
1091796, 3, 0
1091896, 0, bit 1
1091896, 0, 1
1091906, 1, 1
1091911, 2, 1
1091921, 3, 1
1092021, 0, 0
1092031, 1, bit 1
1092031, 1, 0
1092036, 2, 0
1092046, 3, 1
1092146, 0, 1
1092156, 1, 1
1092161, 2, 1
1092171, 3, 0
1092271, 0, 0
1092281, 1, 0
1092286, 2, 0
1092296, 3, bit 0
1092296, 3, 1
1092396, 0, 0
1092406, 1, 1
1092411, 2, bit 0
1092411, 2, 1
1092421, 3, 0
1092521, 0, 1
1092531, 1, 0
1092536, 2, 0
1092546, 3, 1
1092646, 0, 0
1092656, 1, 1
1092661, 2, 0
1092671, 3, 0
1092771, 0, 1
1092781, 1, 0
1092786, 2, 1
1092796, 3, 0
1092896, 0, 0
1092907, 1, 1
1092911, 2, 1
1092921, 3, 1
1093021, 0, 1
1093032, 1, 1
1093036, 2, 0
1093046, 3, 1
1093146, 0, 0
1093157, 1, 0
1093161, 2, 0
1093171, 3, 0
1093271, 0, 1
1093282, 1, 0
1093286, 2, 1
1093296, 3, 1
1093396, 0, 0
1093407, 1, 1
1093411, 2, 1
1093421, 3, 0
1093521, 0, 1
1093532, 1, 1
1093536, 2, 0
1093547, 3, 0
1093646, 0, bit 0
1093646, 0, 0
1093657, 1, 0
1093661, 2, 0
1093672, 3, 1
1093771, 0, 1
1093782, 1, bit 1
1093782, 1, 0
1093786, 2, 1
1093797, 3, 1
1093896, 0, 0
1093907, 1, 1
1093911, 2, 0
1093922, 3, 0
1094021, 0, 1
1094032, 1, 0
1094036, 2, 1
1094047, 3, bit 1
1094047, 3, 0
1094146, 0, 1
1094157, 1, 1
1094161, 2, bit 1
1094161, 2, 0
1094172, 3, 1
1094272, 0, 0
1094282, 1, 0
1094286, 2, 1
1094297, 3, 0
1094397, 0, 1
1094407, 1, 1
1094411, 2, 1
1094422, 3, 1
1094522, 0, 0
1094532, 1, 0
1094536, 2, 0
1094547, 3, 1
1094647, 0, 1
1094657, 1, 1
1094661, 2, 0
1094672, 3, 0
1094772, 0, 0
1094782, 1, 1
1094786, 2, 1
1094797, 3, 0
1094897, 0, 1
1094907, 1, 0
1094912, 2, 1
1094922, 3, 1
1095022, 0, 0
1095032, 1, 0
1095037, 2, 0
1095047, 3, 0
1095147, 0, 1
1095157, 1, 1
1095162, 2, 0
1095172, 3, 1
1095272, 0, 0
1095282, 1, 1
1095287, 2, 1
1095297, 3, 1
1095397, 0, bit 0
1095397, 0, 0
1095407, 1, 0
1095412, 2, 1
1095422, 3, 0
1095522, 0, 1
1095532, 1, bit 0
1095532, 1, 1
1095537, 2, 0
1095547, 3, 0
1095647, 0, 0
1095657, 1, 0
1095662, 2, 1
1095672, 3, 1
1095772, 0, 1
1095782, 1, 1
1095787, 2, 0
1095797, 3, bit 1
1095797, 3, 0
1095897, 0, 1
1095907, 1, 0
1095912, 2, bit 1
1095912, 2, 0
1095922, 3, 1
1096022, 0, 0
1096032, 1, 1
1096037, 2, 1
1096047, 3, 0
1096147, 0, 1
1096157, 1, 0
1096162, 2, 1
1096172, 3, 1
1096272, 0, 0
1096282, 1, 1
1096287, 2, 0
1096297, 3, 1
1096397, 0, 1
1096407, 1, 0
1096412, 2, 0
1096422, 3, 0
1096522, 0, 0
1096532, 1, 0
1096537, 2, 1
1096547, 3, 0
1096647, 0, 1
1096657, 1, 1
1096662, 2, 1
1096672, 3, 1
1096772, 0, 0
1096782, 1, 1
1096787, 2, 0
1096797, 3, 0
1096897, 0, 1
1096907, 1, 0
1096912, 2, 0
1096922, 3, 1
1097022, 0, 0
1097032, 1, 0
1097037, 2, 1
1097047, 3, 1
1097147, 0, bit 0
1097150, 0, 0
1097157, 1, 1
1097162, 2, 1
1097172, 3, 0
1097272, 0, 1
1097282, 1, bit 0
1097282, 1, 1
1097287, 2, 0
1097297, 3, 0
1097397, 0, 0
1097407, 1, 0
1097412, 2, 1
1097422, 3, 1
1097522, 0, 1
1097532, 1, 1
1097537, 2, 0
1097547, 3, bit 0
1097547, 3, 1
1097647, 0, 1
1097657, 1, 0
1097662, 2, bit 1
1097662, 2, 0
1097672, 3, 0
1097772, 0, 0
1097782, 1, 1
1097787, 2, 1
1097797, 3, 1
1097897, 0, 1
1097907, 1, 0
1097912, 2, 1
1097922, 3, 0
1098022, 0, 0
1098032, 1, 1
1098037, 2, 0
1098047, 3, 0
1098147, 0, 1
1098157, 1, 0
1098162, 2, 0
1098172, 3, 1
1098272, 0, 0
1098283, 1, 0
1098287, 2, 1
1098297, 3, 1
1098397, 0, 1
1098408, 1, 1
1098412, 2, 1
1098422, 3, 0
1098522, 0, 0
1098533, 1, 1
1098537, 2, 0
1098547, 3, 1
1098647, 0, 1
1098658, 1, 0
1098662, 2, 0
1098672, 3, 0
1098772, 0, 0
1098783, 1, 0
1098787, 2, 1
1098797, 3, 0
1098897, 0, bit 1
1098897, 0, 1
1098908, 1, 1
1098912, 2, 1
1098923, 3, 1
1099022, 0, 0
1099033, 1, bit 1
1099036, 1, 0
1099037, 2, 0
1099048, 3, 1
1099147, 0, 1
1099158, 1, 1
1099162, 2, 1
1099173, 3, 0
1099272, 0, 0
1099283, 1, 0
1099287, 2, 0
1099298, 3, bit 0
1099298, 3, 1
1099397, 0, 0
1099408, 1, 1
1099412, 2, bit 1
1099412, 2, 0
1099423, 3, 0
1099522, 0, 1
1099533, 1, 0
1099537, 2, 1
1099548, 3, 1
1099648, 0, 0
1099658, 1, 1
1099662, 2, 1
1099673, 3, 0
1099773, 0, 1
1099783, 1, 0
1099787, 2, 0
1099798, 3, 0
1099898, 0, 0
1099908, 1, 1
1099912, 2, 0
1099923, 3, 1
1100023, 0, 1
1100033, 1, 1
1100037, 2, 1
1100048, 3, 1
1100148, 0, 0
1100158, 1, 0
1100162, 2, 1
1100173, 3, 0
1100273, 0, 1
1100283, 1, 0
1100288, 2, 0
1100298, 3, 1
1100398, 0, 0
1100408, 1, 1
1100413, 2, 0
1100423, 3, 0
1100523, 0, 1
1100533, 1, 1
1100538, 2, 1
1100548, 3, 0
1100648, 0, bit 1
1100648, 0, 1
1100658, 1, 0
1100663, 2, 1
1100673, 3, 1
1100773, 0, 0
1100783, 1, bit 0
1100783, 1, 1
1100788, 2, 0
1100798, 3, 1
1100898, 0, 1
1100908, 1, 0
1100913, 2, 1
1100923, 3, 0
1101023, 0, 0
1101033, 1, 1
1101038, 2, 0
1101048, 3, bit 1
1101048, 3, 0
1101148, 0, 0
1101158, 1, 0
1101163, 2, bit 0
1101163, 2, 1
1101173, 3, 1
1101273, 0, 1
1101283, 1, 1
1101288, 2, 0
1101298, 3, 0
1101398, 0, 0
1101408, 1, 0
1101413, 2, 0
1101423, 3, 1
1101523, 0, 1
1101533, 1, 1
1101538, 2, 1
1101548, 3, 1
1101648, 0, 0
1101658, 1, 0
1101663, 2, 1
1101673, 3, 0
1101773, 0, 1
1101783, 1, 0
1101788, 2, 0
1101798, 3, 0
1101898, 0, 0
1101908, 1, 1
1101913, 2, 0
1101923, 3, 1
1102023, 0, 1
1102033, 1, 1
1102038, 2, 1
1102048, 3, 0
1102148, 0, 0
1102158, 1, 0
1102163, 2, 1
1102173, 3, 1
1102273, 0, 1
1102283, 1, 0
1102288, 2, 0
1102298, 3, 1
1102398, 0, bit 0
1102398, 0, 0
1102408, 1, 1
1102413, 2, 0
1102423, 3, 0
1102523, 0, 1
1102533, 1, bit 1
1102533, 1, 0
1102538, 2, 1
1102548, 3, 0
1102648, 0, 0
1102658, 1, 1
1102663, 2, 0
1102673, 3, 1
1102773, 0, 1
1102783, 1, 0
1102788, 2, 1
1102798, 3, bit 0
1102798, 3, 1
1102898, 0, 1
1102908, 1, 1
1102913, 2, bit 0
1102913, 2, 1
1102923, 3, 0
1103023, 0, 0
1103033, 1, 0
1103038, 2, 0
1103048, 3, 1
1103148, 0, 1
1103158, 1, 1
1103163, 2, 0
1103173, 3, 0
1103273, 0, 0
1103283, 1, 0
1103288, 2, 1
1103298, 3, 0
1103398, 0, 1
1103408, 1, 1
1103413, 2, 1
1103423, 3, 1
1103523, 0, 0
1103533, 1, 1
1103538, 2, 0
1103548, 3, 1
1103648, 0, 1
1103659, 1, 0
1103663, 2, 0
1103673, 3, 0
1103773, 0, 0
1103784, 1, 0
1103788, 2, 1
1103798, 3, 1
1103898, 0, 1
1103909, 1, 1
1103913, 2, 1
1103923, 3, 0
1104023, 0, 0
1104034, 1, 1
1104038, 2, 0
1104048, 3, 0
1104148, 0, bit 0
1104148, 0, 0
1104159, 1, 0
1104163, 2, 0
1104173, 3, 1
1104273, 0, 1
1104284, 1, bit 1
1104284, 1, 0
1104288, 2, 1
1104299, 3, 1
1104398, 0, 0
1104409, 1, 1
1104413, 2, 0
1104424, 3, 0
1104523, 0, 1
1104534, 1, 0
1104538, 2, 1
1104549, 3, bit 1
1104549, 3, 0
1104648, 0, 1
1104659, 1, 1
1104663, 2, bit 0
1104663, 2, 1
1104674, 3, 1
1104773, 0, 0
1104784, 1, 0
1104788, 2, 0
1104799, 3, 0
1104898, 0, 1
1104909, 1, 1
1104913, 2, 0
1104924, 3, 1
1105024, 0, 0
1105034, 1, 0
1105038, 2, 1
1105049, 3, 1
1105149, 0, 1
1105159, 1, 1
1105163, 2, 1
1105174, 3, 0
1105274, 0, 0
1105284, 1, 1
1105288, 2, 0
1105299, 3, 0
1105399, 0, 1
1105409, 1, 0
1105413, 2, 0
1105424, 3, 1
1105524, 0, 0
1105534, 1, 0
1105538, 2, 1
1105549, 3, 0
1105649, 0, 1
1105659, 1, 1
1105664, 2, 1
1105674, 3, 1
1105774, 0, 0
1105784, 1, 1
1105789, 2, 0
1105799, 3, 1
1105899, 0, bit 0
1105899, 0, 0
1105909, 1, 0
1105914, 2, 0
1105924, 3, 0
1106024, 0, 1
1106034, 1, bit 1
1106034, 1, 0
1106039, 2, 1
1106049, 3, 0
1106149, 0, 0
1106159, 1, 1
1106164, 2, 0
1106174, 3, 1
1106274, 0, 1
1106284, 1, 0
1106289, 2, 1
1106299, 3, bit 1
1106299, 3, 0
1106399, 0, 1
1106409, 1, 1
1106414, 2, bit 0
1106414, 2, 1
1106424, 3, 1
1106524, 0, 0
1106534, 1, 0
1106539, 2, 0
1106549, 3, 0
1106649, 0, 1
1106659, 1, 1
1106664, 2, 0
1106674, 3, 1
1106774, 0, 0
1106784, 1, 0
1106789, 2, 1
1106799, 3, 1
1106899, 0, 1
1106909, 1, 1
1106914, 2, 1
1106924, 3, 0
1107024, 0, 0
1107034, 1, 1
1107039, 2, 0
1107049, 3, 0
1107149, 0, 1
1107159, 1, 0
1107164, 2, 0
1107174, 3, 1
1107274, 0, 0
1107284, 1, 0
1107289, 2, 1
1107299, 3, 0
1107399, 0, 1
1107409, 1, 1
1107414, 2, 1
1107424, 3, 1
1107524, 0, 0
1107534, 1, 1
1107539, 2, 0
1107549, 3, 1
1107649, 0, bit 1
1107649, 0, 1
1107659, 1, 0
1107664, 2, 0
1107674, 3, 0
1107774, 0, 0
1107784, 1, bit 0
1107784, 1, 1
1107789, 2, 1
1107799, 3, 0
1107899, 0, 1
1107909, 1, 0
1107914, 2, 0
1107924, 3, 1
1108024, 0, 0
1108034, 1, 1
1108039, 2, 1
1108049, 3, bit 0
1108049, 3, 1
1108149, 0, 0
1108159, 1, 0
1108164, 2, bit 0
1108164, 2, 1
1108174, 3, 0
1108274, 0, 1
1108284, 1, 1
1108289, 2, 0
1108299, 3, 1
1108399, 0, 0
1108409, 1, 0
1108414, 2, 0
1108424, 3, 0
1108524, 0, 1
1108534, 1, 1
1108539, 2, 1
1108549, 3, 0
1108649, 0, 0
1108659, 1, 0
1108664, 2, 1
1108674, 3, 1
1108774, 0, 1
1108784, 1, 0
1108789, 2, 0
1108799, 3, 1
1108899, 0, 0
1108909, 1, 1
1108914, 2, 0
1108924, 3, 0
1109024, 0, 1
1109035, 1, 1
1109039, 2, 1
1109049, 3, 1
1109149, 0, 0
1109160, 1, 0
1109164, 2, 1
1109174, 3, 0
1109274, 0, 1
1109285, 1, 0
1109289, 2, 0
1109299, 3, 0
1109399, 0, bit 0
1109399, 0, 0
1109410, 1, 1
1109414, 2, 0
1109424, 3, 1
1109524, 0, 1
1109535, 1, bit 1
1109535, 1, 0
1109539, 2, 1
1109549, 3, 1
1109649, 0, 0
1109660, 1, 1
1109664, 2, 0
1109675, 3, 0
1109774, 0, 1
1109785, 1, 0
1109789, 2, 1
1109800, 3, bit 1
1109800, 3, 0
1109899, 0, 1
1109910, 1, 1
1109914, 2, bit 1
1109914, 2, 0
1109925, 3, 1
1110024, 0, 0
1110035, 1, 0
1110039, 2, 1
1110050, 3, 0
1110149, 0, 1
1110160, 1, 1
1110164, 2, 1
1110175, 3, 1
1110274, 0, 0
1110285, 1, 0
1110289, 2, 0
1110300, 3, 1
1110400, 0, 1
1110410, 1, 1
1110414, 2, 0
1110425, 3, 0
1110525, 0, 0
1110535, 1, 1
1110539, 2, 1
1110550, 3, 0
1110650, 0, 1
1110660, 1, 0
1110664, 2, 1
1110675, 3, 1
1110775, 0, 0
1110785, 1, 0
1110789, 2, 0
1110800, 3, 0
1110900, 0, 1
1110910, 1, 1
1110914, 2, 0
1110925, 3, 1
1111025, 0, 0
1111035, 1, 1
1111040, 2, 1
1111050, 3, 1
1111160, 1, 0
1111165, 2, 1
1111175, 3, 0
1111285, 1, bit 0
1111285, 1, 1
1111290, 2, 0
1111300, 3, 0
1111410, 1, 0
1111415, 2, 1
1111425, 3, 1
1111535, 1, 1
1111540, 2, 0
1111550, 3, bit 1
1111550, 3, 0
1111660, 1, 0
1111665, 2, bit 1
1111665, 2, 0
1111675, 3, 1
1111785, 1, 1
1111790, 2, 1
1111800, 3, 0
1111910, 1, 0
1111915, 2, 1
1111925, 3, 1
1112035, 1, 1
1112040, 2, 0
1112050, 3, 1
1112160, 1, 0
1112165, 2, 0
1112175, 3, 0
1112285, 1, 0
1112290, 2, 1
1112300, 3, 0
1112410, 1, 1
1112415, 2, 1
1112425, 3, 1
1112535, 1, 1
1112540, 2, 0
1112550, 3, 0
1112660, 1, 0
1112665, 2, 0
1112675, 3, 1
1112785, 1, 0
1112790, 2, 1
1112800, 3, 1
1112910, 1, 1
1112915, 2, 1
1112925, 3, 0
1113035, 1, bit 0
1113035, 1, 1
1113040, 2, 0
1113050, 3, 0
1113160, 1, 0
1113165, 2, 1
1113175, 3, 1
1113285, 1, 1
1113290, 2, 0
1113300, 3, bit 0
1113300, 3, 1
1113410, 1, 0
1113415, 2, bit 0
1113415, 2, 1
1113425, 3, 0
1113535, 1, 1
1113540, 2, 0
1113550, 3, 1
1113660, 1, 0
1113665, 2, 0
1113675, 3, 0
1113785, 1, 1
1113790, 2, 1
1113800, 3, 0
1113910, 1, 0
1113915, 2, 1
1113925, 3, 1
1114035, 1, 0
1114040, 2, 0
1114050, 3, 1
1114160, 1, 1
1114165, 2, 0
1114175, 3, 0
1114285, 1, 1
1114290, 2, 1
1114300, 3, 1
1114411, 1, 0
1114415, 2, 1
1114425, 3, 0
1114536, 1, 0
1114540, 2, 0
1114550, 3, 0
1114661, 1, 1
1114665, 2, 0
1114675, 3, 1
1114786, 1, bit 0
1114786, 1, 1
1114790, 2, 1
1114800, 3, 1
1114911, 1, 0
1114915, 2, 0
1114925, 3, 0
1115036, 1, 1
1115040, 2, 1
1115051, 3, bit 0
1115051, 3, 1
1115161, 1, 0
1115165, 2, bit 0
1115165, 2, 1
1115176, 3, 0
1115286, 1, 1
1115290, 2, 0
1115301, 3, 1
1115411, 1, 0
1115415, 2, 0
1115426, 3, 0
1115536, 1, 1
1115540, 2, 1
1115551, 3, 0
1115661, 1, 0
1115665, 2, 1
1115676, 3, 1
1115786, 1, 0
1115790, 2, 0
1115801, 3, 1
1115911, 1, 1
1115915, 2, 0
1115926, 3, 0
1116036, 1, 1
1116040, 2, 1
1116051, 3, 1
1116161, 1, 0
1116165, 2, 1
1116176, 3, 0
1116286, 1, 0
1116290, 2, 0
1116301, 3, 0
1116411, 1, 1
1116416, 2, 0
1116426, 3, 1
1116536, 1, bit 1
1116536, 1, 0
1116541, 2, 1
1116551, 3, 1
1116661, 1, 1
1116666, 2, 0
1116676, 3, 0
1116786, 1, 0
1116791, 2, 1
1116801, 3, bit 0
1116801, 3, 1
1116911, 1, 1
1116916, 2, bit 1
1116916, 2, 0
1116926, 3, 0
1117036, 1, 0
1117041, 2, 1
1117051, 3, 1
1117161, 1, 1
1117166, 2, 1
1117176, 3, 0
1117286, 1, 0
1117291, 2, 0
1117301, 3, 0
1117411, 1, 1
1117416, 2, 0
1117426, 3, 1
1117536, 1, 1
1117541, 2, 1
1117551, 3, 1
1117661, 1, 0
1117666, 2, 1
1117676, 3, 0
1117786, 1, 0
1117791, 2, 0
1117801, 3, 1
1117911, 1, 1
1117916, 2, 0
1117926, 3, 0
1118036, 1, 1
1118041, 2, 1
1118051, 3, 0
1118161, 1, 0
1118166, 2, 1
1118176, 3, 1
1118286, 1, bit 0
1118286, 1, 1
1118291, 2, 0
1118301, 3, 1
1118411, 1, 0
1118416, 2, 1
1118426, 3, 0
1118536, 1, 1
1118541, 2, 0
1118551, 3, bit 0
1118551, 3, 1
1118661, 1, 0
1118666, 2, bit 0
1118666, 2, 1
1118676, 3, 0
1118786, 1, 1
1118791, 2, 0
1118801, 3, 1
1118911, 1, 0
1118916, 2, 0
1118926, 3, 0
1119036, 1, 1
1119041, 2, 1
1119051, 3, 0
1119161, 1, 0
1119166, 2, 1
1119176, 3, 1
1119286, 1, 0
1119291, 2, 0
1119301, 3, 1
1119411, 1, 1
1119416, 2, 0
1119426, 3, 0
1119536, 1, 1
1119541, 2, 1
1119551, 3, 1
1119661, 1, 0
1119666, 2, 1
1119676, 3, 0
1119787, 1, 0
1119791, 2, 0
1119801, 3, 0
1119912, 1, 1
1119916, 2, 0
1119926, 3, 1
1120041, 2, 1
1120051, 3, 1
1120166, 2, 0
1120176, 3, 0
1120291, 2, 1
1120301, 3, bit 0
1120301, 3, 1
1120416, 2, bit 0
1120416, 2, 1
1120427, 3, 0
1120541, 2, 0
1120552, 3, 1
1120666, 2, 0
1120677, 3, 0
1120791, 2, 1
1120802, 3, 0
1120916, 2, 1
1120927, 3, 1
1121041, 2, 0
1121052, 3, 1
1121166, 2, 0
1121177, 3, 0
1121291, 2, 1
1121302, 3, 1
1121416, 2, 1
1121427, 3, 0
1121541, 2, 0
1121552, 3, 0
1121666, 2, 0
1121677, 3, 1
1121792, 2, 1
1121802, 3, 1
1121917, 2, 0
1121927, 3, 0
1122042, 2, 1
1122052, 3, bit 1
1122052, 3, 0
1122167, 2, bit 1
1122167, 2, 0
1122177, 3, 1
1122292, 2, 1
1122302, 3, 0
1122417, 2, 1
1122427, 3, 1
1122542, 2, 0
1122552, 3, 1
1122667, 2, 0
1122677, 3, 0
1122792, 2, 1
1122802, 3, 0
1122917, 2, 1
1122927, 3, 1
1123042, 2, 0
1123052, 3, 0
1123167, 2, 0
1123177, 3, 1
1123292, 2, 1
1123302, 3, 1
1123417, 2, 1
1123427, 3, 0
1123542, 2, 0
1123552, 3, 0
1123667, 2, 1
1123677, 3, 1
1123792, 2, 0
1123802, 3, bit 0
1123802, 3, 1
1123917, 2, bit 1
1123917, 2, 0
1123927, 3, 0
1124042, 2, 1
1124052, 3, 1
1124167, 2, 1
1124177, 3, 0
1124292, 2, 0
1124302, 3, 0
1124417, 2, 0
1124427, 3, 1
1124542, 2, 1
1124552, 3, 1
1124667, 2, 1
1124677, 3, 0
1124792, 2, 0
1124802, 3, 1
1124917, 2, 0
1124927, 3, 0
1125042, 2, 1
1125052, 3, 0
1125167, 2, 1
1125177, 3, 1
1125292, 2, 0
1125302, 3, 1
1125417, 2, 1
1125427, 3, 0
1125542, 2, 0
1125552, 3, bit 1
1125552, 3, 0
1125667, 2, bit 1
1125667, 2, 0
1125677, 3, 1
1125792, 2, 1
1125803, 3, 0
1125917, 2, 1
1125928, 3, 1
1126042, 2, 0
1126053, 3, 1
1126167, 2, 0
1126178, 3, 0
1126292, 2, 1
1126303, 3, 0
1126417, 2, 1
1126428, 3, 1
1126542, 2, 0
1126553, 3, 0
1126667, 2, 0
1126678, 3, 1
1126792, 2, 1
1126803, 3, 1
1126917, 2, 1
1126928, 3, 0
1127042, 2, 0
1127053, 3, 0
1127168, 2, 1
1127178, 3, 1
1127293, 2, 0
1127303, 3, bit 1
1127303, 3, 0
1127418, 2, bit 0
1127418, 2, 1
1127428, 3, 1
1127543, 2, 0
1127553, 3, 0
1127668, 2, 0
1127678, 3, 1
1127793, 2, 1
1127803, 3, 1
1127918, 2, 1
1127928, 3, 0
1128043, 2, 0
1128053, 3, 0
1128168, 2, 0
1128178, 3, 1
1128293, 2, 1
1128303, 3, 0
1128418, 2, 1
1128428, 3, 1
1128543, 2, 0
1128553, 3, 1
1128668, 2, 0
1128678, 3, 0
1128793, 2, 1
1128803, 3, 0
1128918, 2, 0
1128928, 3, 1
1129043, 2, 1
1129053, 3, bit 0
1129053, 3, 1
1129178, 3, 0
1129303, 3, 1
1129428, 3, 0
1129553, 3, 0
1129678, 3, 1
1129803, 3, 1
1129928, 3, 0
1130053, 3, 1
1130178, 3, 0
1130303, 3, 0
1130428, 3, 1
1130553, 3, 1
1130678, 3, 0
1130803, 3, bit 1
1130803, 3, 0
1130928, 3, 1
1131053, 3, 0
1131179, 3, 1
1131304, 3, 1
1131429, 3, 0
1131554, 3, 0
1131679, 3, 1
1131804, 3, 0
1131929, 3, 1
1132054, 3, 1
1132179, 3, 0
1132304, 3, 0
1132429, 3, 1
1132554, 3, bit 0
1132554, 3, 1
1132679, 3, 0
1132804, 3, 1
1132929, 3, 0
1133054, 3, 0
1133179, 3, 1
1133304, 3, 1
1133429, 3, 0
1133554, 3, 1
1133679, 3, 0
1133804, 3, 0
1133929, 3, 1
1134054, 3, 1
1134179, 3, 0
1134304, 3, bit 0
1134304, 3, 1
1134429, 3, 0
1134554, 3, 1
1134679, 3, 0
1134804, 3, 0
1134929, 3, 1
1135054, 3, 1
1135179, 3, 0
1135304, 3, 1
1135429, 3, 0
1135554, 3, 0
1135679, 3, 1
1135804, 3, 1
1135929, 3, 0
1136054, 3, bit 1
1136054, 3, 0
1136179, 3, 1
1136304, 3, 0
1136429, 3, 1
1136555, 3, 1
1136680, 3, 0
1136805, 3, 0
1136930, 3, 1
1137055, 3, 0
1137180, 3, 1
1137305, 3, 1
1137430, 3, 0
1137555, 3, 0
1137680, 3, 1
