125 100 4 7 4
(2, 20, 12, 10.00), (code 0)
(3, 90, 4, 10.00), (code 6)
(4, 160, 11, 10.00), (code 5)
(5, 230, 10, 10.00), (code 2)
START
39799, 0, prem 0
39799, 0, 0
39924, 0, 0
40049, 0, 0
40174, 0, 0
40299, 0, 1
40424, 0, 1
40549, 0, 1
40674, 0, 1
40799, 0, prem 1
40799, 0, 1
40924, 0, 1
41049, 0, 1
41174, 0, 1
41299, 0, 0
41424, 0, 0
41549, 0, 0
41674, 0, 0
41799, 0, prem 1
41799, 0, 1
41924, 0, 1
42049, 0, 1
42174, 0, 1
42299, 0, 0
42424, 0, 0
42549, 0, 0
42674, 0, 0
42799, 0, prem 1
42850, 0, 1
42924, 0, 1
43049, 0, 1
43174, 0, 1
43299, 0, 0
43424, 0, 0
43549, 0, 0
43674, 0, 0
43799, 0, prem 1
43799, 0, 1
43924, 0, 1
44049, 0, 1
44174, 0, 1
44299, 0, 0
44424, 0, 0
44549, 0, 0
44674, 0, 0
44800, 0, prem 0
44800, 0, 0
44925, 0, 0
45050, 0, 0
45175, 0, 0
45300, 0, 1
45425, 0, 1
45550, 0, 1
45675, 0, 1
45800, 0, prem 0
45800, 0, 0
45925, 0, 0
46050, 0, 0
46175, 0, 0
46300, 0, 1
46425, 0, 1
46550, 0, 1
46675, 0, 1
46800, 0, bit 1
46800, 0, 0
46925, 0, 1
47050, 0, 1
47175, 0, 0
47300, 0, 1
47425, 0, 0
47550, 0, 1
47601, 1, prem 0
47601, 1, 0
47675, 0, 0
47726, 1, 0
47800, 0, 1
47851, 1, 0
47925, 0, 0
47976, 1, 0
48050, 0, 0
48101, 1, 1
48175, 0, 1
48226, 1, 1
48300, 0, 0
48351, 1, 1
48425, 0, 1
48476, 1, 1
48550, 0, bit 0
48550, 0, 1
48601, 1, prem 0
48601, 1, 0
48675, 0, 0
48726, 1, 0
48800, 0, 0
48851, 1, 0
48925, 0, 1
48976, 1, 0
49050, 0, 0
49101, 1, 1
49175, 0, 1
49226, 1, 1
49300, 0, 0
49351, 1, 1
49425, 0, 1
49476, 1, 1
49550, 0, 0
49601, 1, prem 1
49601, 1, 1
49675, 0, 1
49726, 1, 1
49800, 0, 1
49851, 1, 1
49925, 0, 0
49976, 1, 1
50050, 0, 1
50101, 1, 0
50176, 0, 0
50226, 1, 0
50301, 0, bit 1
50301, 0, 0
50351, 1, 0
50426, 0, 1
50476, 1, 0
50551, 0, 1
50601, 1, prem 0
50601, 1, 0
50676, 0, 0
50726, 1, 0
50801, 0, 1
50851, 1, 0
50926, 0, 0
50976, 1, 0
51051, 0, 1
51101, 1, 1
51176, 0, 0
51226, 1, 1
51301, 0, 1
51351, 1, 1
51426, 0, 0
51476, 1, 1
51551, 0, 0
51601, 1, prem 0
51604, 1, 0
51676, 0, 1
51726, 1, 0
51801, 0, 0
51851, 1, 0
51926, 0, 1
51976, 1, 0
52051, 0, bit 0
52051, 0, 1
52101, 1, 1
52176, 0, 0
52226, 1, 1
52301, 0, 0
52352, 1, 1
52426, 0, 1
52477, 1, 1
52551, 0, 0
52602, 1, prem 1
52602, 1, 1
52676, 0, 1
52727, 1, 1
52801, 0, 0
52852, 1, 1
52926, 0, 1
52977, 1, 1
53051, 0, 0
53102, 1, 0
53176, 0, 1
53227, 1, 0
53301, 0, 1
53352, 1, 0
53426, 0, 0
53477, 1, 0
53551, 0, 1
53602, 1, prem 0
53602, 1, 0
53676, 0, 0
53727, 1, 0
53801, 0, bit 1
53801, 0, 0
53852, 1, 0
53926, 0, 1
53977, 1, 0
54051, 0, 1
54102, 1, 1
54176, 0, 0
54227, 1, 1
54301, 0, 1
54352, 1, 1
54426, 0, 0
54477, 1, 1
54551, 0, 1
54602, 1, bit 1
54602, 1, 0
54676, 0, 0
54727, 1, 1
54801, 0, 1
54852, 1, 0
54926, 0, 0
54977, 1, 1
55051, 0, 0
55102, 1, 1
55176, 0, 1
55227, 1, 0
55301, 0, 0
55352, 1, 0
55426, 0, 1
55477, 1, 1
55552, 0, bit 0
55552, 0, 1
55602, 1, 0
55677, 0, 0
55727, 1, 1
55802, 0, 0
55852, 1, 1
55927, 0, 1
55977, 1, 0
56052, 0, 0
56102, 1, 0
56177, 0, 1
56227, 1, 1
56302, 0, 0
56352, 1, bit 1
56352, 1, 0
56427, 0, 1
56477, 1, 1
56552, 0, 0
56602, 1, 0
56677, 0, 1
56727, 1, 1
56802, 0, 1
56852, 1, 1
56927, 0, 0
56977, 1, 0
57052, 0, 1
57102, 1, 0
57177, 0, 0
57227, 1, 1
57230, 2, prem 1
57230, 2, 1
57302, 0, bit 1
57302, 0, 0
57352, 1, 0
57355, 2, 1
57427, 0, 1
57477, 1, 1
57480, 2, 1
57552, 0, 1
57602, 1, 1
57605, 2, 1
57677, 0, 0
57728, 1, 0
57730, 2, 0
57802, 0, 1
57853, 1, 0
57857, 2, 0
57927, 0, 0
57978, 1, 1
57982, 2, 0
58052, 0, 1
58103, 1, bit 1
58103, 1, 0
58107, 2, 0
58177, 0, 0
58228, 1, 1
58232, 2, prem 0
58232, 2, 0
58302, 0, 1
58353, 1, 0
58357, 2, 0
58427, 0, 0
58478, 1, 1
58482, 2, 0
58552, 0, 0
58603, 1, 1
58607, 2, 0
58677, 0, 1
58728, 1, 0
58732, 2, 1
58802, 0, 0
58853, 1, 0
58857, 2, 1
58927, 0, 1
58978, 1, 1
58982, 2, 1
59052, 0, bit 1
59052, 0, 0
59103, 1, 0
59107, 2, 1
59177, 0, 1
59228, 1, 1
59232, 2, prem 1
59232, 2, 1
59302, 0, 1
59353, 1, 1
59357, 2, 1
59427, 0, 0
59478, 1, 0
59482, 2, 1
59552, 0, 1
59603, 1, 0
59607, 2, 1
59677, 0, 0
59728, 1, 1
59732, 2, 0
59802, 0, 1
59853, 1, bit 0
59853, 1, 1
59857, 2, 0
59927, 0, 0
59978, 1, 0
59982, 2, 0
60052, 0, 1
60103, 1, 1
60107, 2, 0
60177, 0, 0
60228, 1, 0
60232, 2, prem 1
60232, 2, 1
60302, 0, 0
60353, 1, 0
60357, 2, 1
60427, 0, 1
60478, 1, 1
60482, 2, 1
60552, 0, 0
60603, 1, 1
60607, 2, 1
60677, 0, 1
60728, 1, 0
60732, 2, 0
60802, 0, bit 0
60802, 0, 1
60853, 1, 1
60857, 2, 0
60928, 0, 0
60978, 1, 0
60982, 2, 0
61053, 0, 0
61103, 1, 0
61107, 2, 0
61178, 0, 1
61228, 1, 1
61232, 2, prem 0
61232, 2, 0
61303, 0, 0
61353, 1, 1
61357, 2, 0
61428, 0, 1
61478, 1, 0
61483, 2, 0
61553, 0, 0
61603, 1, bit 1
61603, 1, 0
61608, 2, 0
61678, 0, 1
61728, 1, 1
61733, 2, 1
61803, 0, 0
61853, 1, 0
61858, 2, 1
61928, 0, 1
61978, 1, 1
61983, 2, 1
62053, 0, 1
62103, 1, 1
62108, 2, 1
62178, 0, 0
62228, 1, 0
62233, 2, prem 0
62236, 2, 0
62303, 0, 1
62353, 1, 0
62358, 2, 0
62428, 0, 0
62478, 1, 1
62483, 2, 0
62553, 0, bit 1
62553, 0, 0
62603, 1, 0
62608, 2, 0
62678, 0, 1
62728, 1, 1
62733, 2, 1
62803, 0, 1
62853, 1, 1
62858, 2, 1
62928, 0, 0
62978, 1, 0
62983, 2, 1
63053, 0, 1
63104, 1, 0
63108, 2, 1
63178, 0, 0
63229, 1, 1
63233, 2, prem 1
63233, 2, 1
63303, 0, 1
63354, 1, bit 0
63354, 1, 1
63358, 2, 1
63428, 0, 0
63479, 1, 0
63483, 2, 1
63553, 0, 1
63604, 1, 1
63608, 2, 1
63678, 0, 0
63729, 1, 0
63733, 2, 0
63803, 0, 0
63854, 1, 0
63858, 2, 0
63928, 0, 1
63979, 1, 1
63983, 2, 0
64053, 0, 0
64104, 1, 1
64108, 2, 0
64178, 0, 1
64229, 1, 0
64233, 2, bit 1
64233, 2, 1
64303, 0, bit 0
64303, 0, 1
64354, 1, 1
64358, 2, 0
64428, 0, 0
64479, 1, 0
64483, 2, 0
64553, 0, 0
64604, 1, 0
64608, 2, 1
64678, 0, 1
64729, 1, 1
64733, 2, 1
64803, 0, 0
64854, 1, 1
64858, 2, 0
64928, 0, 1
64979, 1, 0
64983, 2, 1
65053, 0, 0
65104, 1, bit 1
65104, 1, 0
65108, 2, 0
65178, 0, 1
65229, 1, 1
65233, 2, 0
65303, 0, 0
65354, 1, 0
65358, 2, 1
65428, 0, 1
65479, 1, 1
65483, 2, 0
65553, 0, 1
65604, 1, 1
65608, 2, 1
65678, 0, 0
65729, 1, 0
65733, 2, 1
65803, 0, 1
65854, 1, 0
65858, 2, 0
65863, 3, prem 0
65863, 3, 0
65928, 0, 0
65979, 1, 1
65983, 2, bit 0
65983, 2, 0
65988, 3, 0
66053, 0, bit 1
66053, 0, 0
66104, 1, 0
66108, 2, 1
66113, 3, 0
66178, 0, 1
66229, 1, 1
66233, 2, 1
66238, 3, 0
66304, 0, 1
66354, 1, 1
66358, 2, 0
66363, 3, 1
66429, 0, 0
66479, 1, 0
66483, 2, 0
66488, 3, 1
66554, 0, 1
66604, 1, 0
66608, 2, 1
66613, 3, 1
66679, 0, 0
66729, 1, 1
66733, 2, 0
66738, 3, 1
66804, 0, 1
66854, 1, bit 0
66854, 1, 1
66859, 2, 1
66863, 3, prem 1
66863, 3, 1
66929, 0, 0
66979, 1, 0
66984, 2, 1
66988, 3, 1
67054, 0, 1
67104, 1, 1
67109, 2, 0
67113, 3, 1
67179, 0, 0
67229, 1, 0
67234, 2, 1
67238, 3, 1
67304, 0, 0
67354, 1, 0
67359, 2, 0
67363, 3, 0
67429, 0, 1
67479, 1, 1
67484, 2, 0
67488, 3, 0
67554, 0, 0
67604, 1, 1
67609, 2, 1
67613, 3, 0
67679, 0, 1
67729, 1, 0
67734, 2, bit 0
67734, 2, 0
67738, 3, 0
67804, 0, bit 0
67804, 0, 1
67854, 1, 1
67859, 2, 1
67863, 3, prem 0
67863, 3, 0
67929, 0, 0
67979, 1, 0
67984, 2, 1
67988, 3, 0
68054, 0, 0
68104, 1, 0
68109, 2, 0
68113, 3, 0
68179, 0, 1
68229, 1, 1
68234, 2, 0
68238, 3, 0
68304, 0, 0
68354, 1, 1
68359, 2, 1
68363, 3, 1
68429, 0, 1
68480, 1, 0
68484, 2, 0
68488, 3, 1
68554, 0, 0
68605, 1, bit 0
68605, 1, 1
68609, 2, 1
68613, 3, 1
68679, 0, 1
68730, 1, 0
68734, 2, 1
68738, 3, 1
68804, 0, 0
68855, 1, 1
68859, 2, 0
68864, 3, prem 1
68864, 3, 1
68929, 0, 1
68980, 1, 0
68984, 2, 1
68989, 3, 1
69054, 0, 1
69105, 1, 0
69109, 2, 0
69114, 3, 1
69179, 0, 0
69230, 1, 1
69234, 2, 0
69239, 3, 1
69304, 0, 1
69355, 1, 1
69359, 2, 1
69364, 3, 0
69429, 0, 0
69480, 1, 0
69484, 2, bit 0
69484, 2, 0
69489, 3, 0
69554, 0, bit 0
69554, 0, 1
69605, 1, 1
69609, 2, 1
69614, 3, 0
69679, 0, 0
69730, 1, 0
69734, 2, 1
69739, 3, 0
69804, 0, 0
69855, 1, 0
69859, 2, 0
69864, 3, prem 0
69864, 3, 0
69929, 0, 1
69980, 1, 1
69984, 2, 0
69989, 3, 0
70054, 0, 0
70105, 1, 1
70109, 2, 1
70114, 3, 0
70179, 0, 1
70230, 1, 0
70234, 2, 0
70239, 3, 0
70304, 0, 0
70355, 1, bit 1
70355, 1, 0
70359, 2, 1
70364, 3, 1
70429, 0, 1
70480, 1, 1
70484, 2, 1
70489, 3, 1
70554, 0, 0
70605, 1, 0
70609, 2, 0
70614, 3, 1
70679, 0, 1
70730, 1, 1
70734, 2, 1
70739, 3, 1
70804, 0, 1
70855, 1, 1
70859, 2, 0
70864, 3, prem 1
70864, 3, 1
70929, 0, 0
70980, 1, 0
70984, 2, 0
70989, 3, 1
71054, 0, 1
71105, 1, 0
71109, 2, 1
71114, 3, 1
71179, 0, 0
71230, 1, 1
71234, 2, bit 0
71234, 2, 0
71239, 3, 1
71304, 0, bit 1
71304, 0, 0
71355, 1, 0
71359, 2, 1
71364, 3, 0
71429, 0, 1
71480, 1, 1
71484, 2, 1
71489, 3, 0
71554, 0, 1
71605, 1, 1
71609, 2, 0
71614, 3, 0
71680, 0, 0
71730, 1, 0
71734, 2, 0
71739, 3, 0
71805, 0, 1
71855, 1, 0
71859, 2, 1
71864, 3, prem 1
71864, 3, 1
71930, 0, 0
71980, 1, 1
71984, 2, 0
71989, 3, 1
72055, 0, 1
72105, 1, bit 1
72105, 1, 0
72109, 2, 1
72114, 3, 1
72180, 0, 0
72230, 1, 1
72235, 2, 1
72239, 3, 1
72305, 0, 1
72355, 1, 0
72360, 2, 0
72364, 3, 0
72430, 0, 0
72480, 1, 1
72485, 2, 1
72489, 3, 0
72555, 0, 0
72605, 1, 1
72610, 2, 0
72614, 3, 0
72680, 0, 1
72730, 1, 0
72735, 2, 0
72739, 3, 0
72805, 0, 0
72855, 1, 0
72860, 2, 1
72864, 3, bit 1
72864, 3, 0
72930, 0, 1
72980, 1, 1
72985, 2, bit 0
72985, 2, 0
72989, 3, 1
73055, 0, bit 1
73058, 0, 0
73105, 1, 0
73110, 2, 1
73114, 3, 1
73180, 0, 1
73230, 1, 1
73235, 2, 1
73239, 3, 0
73305, 0, 1
73355, 1, 1
73360, 2, 0
73364, 3, 0
73430, 0, 0
73480, 1, 0
73485, 2, 0
73489, 3, 1
73555, 0, 1
73605, 1, 0
73610, 2, 1
73614, 3, 1
73680, 0, 0
73730, 1, 1
73735, 2, 0
73739, 3, 0
73805, 0, 1
73856, 1, bit 1
73856, 1, 0
73860, 2, 1
73864, 3, 0
73930, 0, 0
73981, 1, 1
73985, 2, 1
73989, 3, 1
74055, 0, 1
74106, 1, 0
74110, 2, 0
74114, 3, 1
74180, 0, 0
74231, 1, 1
74235, 2, 1
74240, 3, 0
74305, 0, 0
74356, 1, 1
74360, 2, 0
74365, 3, 1
74430, 0, 1
74481, 1, 0
74485, 2, 0
74490, 3, 0
74555, 0, 0
74606, 1, 0
74610, 2, 1
74615, 3, bit 0
74615, 3, 1
74680, 0, 1
74731, 1, 1
74735, 2, bit 0
74735, 2, 0
74740, 3, 0
74805, 0, bit 0
74805, 0, 1
74856, 1, 0
74860, 2, 1
74865, 3, 0
74930, 0, 0
74981, 1, 1
74985, 2, 1
74990, 3, 1
75055, 0, 0
75106, 1, 1
75110, 2, 0
75115, 3, 1
75180, 0, 1
75231, 1, 0
75235, 2, 0
75240, 3, 0
75305, 0, 0
75356, 1, 0
75360, 2, 1
75365, 3, 0
75430, 0, 1
75481, 1, 1
75485, 2, 0
75490, 3, 1
75555, 0, 0
75606, 1, bit 0
75606, 1, 1
75610, 2, 1
75615, 3, 1
75680, 0, 1
75731, 1, 0
75735, 2, 1
75740, 3, 0
75805, 0, 0
75856, 1, 1
75860, 2, 0
75865, 3, 0
75930, 0, 1
75981, 1, 0
75985, 2, 1
75990, 3, 1
76055, 0, 1
76106, 1, 0
76110, 2, 0
76115, 3, 0
76180, 0, 0
76231, 1, 1
76235, 2, 0
76240, 3, 1
76305, 0, 1
76356, 1, 1
76360, 2, 1
76365, 3, bit 1
76365, 3, 0
76430, 0, 0
76481, 1, 0
76485, 2, bit 0
76485, 2, 0
76490, 3, 1
76555, 0, bit 0
76555, 0, 1
76606, 1, 1
76610, 2, 1
76615, 3, 1
76680, 0, 0
76731, 1, 0
76735, 2, 1
76740, 3, 0
76805, 0, 0
76856, 1, 0
76860, 2, 0
76865, 3, 0
76930, 0, 1
76981, 1, 1
76985, 2, 0
76990, 3, 1
77056, 0, 0
77106, 1, 1
77110, 2, 1
77115, 3, 1
77181, 0, 1
77231, 1, 0
77235, 2, 0
77240, 3, 0
77306, 0, 0
77356, 1, bit 1
77356, 1, 0
77360, 2, 1
77365, 3, 0
77431, 0, 1
77481, 1, 1
77485, 2, 1
77490, 3, 1
77556, 0, 0
77606, 1, 0
77611, 2, 0
77615, 3, 1
77681, 0, 1
77731, 1, 1
77736, 2, 1
77740, 3, 0
77806, 0, 1
77856, 1, 1
77861, 2, 0
77865, 3, 1
77931, 0, 0
77981, 1, 0
77986, 2, 0
77990, 3, 0
78056, 0, 1
78106, 1, 0
78111, 2, 1
78115, 3, bit 0
78115, 3, 1
78181, 0, 0
78231, 1, 1
78236, 2, bit 1
78236, 2, 1
78240, 3, 0
78306, 0, bit 1
78306, 0, 0
78356, 1, 0
78361, 2, 0
78365, 3, 0
78431, 0, 1
78481, 1, 1
78486, 2, 0
78490, 3, 1
78556, 0, 1
78606, 1, 1
78611, 2, 1
78615, 3, 1
78681, 0, 0
78731, 1, 0
78736, 2, 1
78740, 3, 0
78806, 0, 1
78856, 1, 0
78861, 2, 0
78865, 3, 0
78931, 0, 0
78981, 1, 1
78986, 2, 1
78990, 3, 1
79056, 0, 1
79106, 1, bit 0
79106, 1, 1
79111, 2, 0
79115, 3, 1
79181, 0, 0
79232, 1, 0
79236, 2, 0
79240, 3, 0
79306, 0, 1
79357, 1, 1
79361, 2, 1
79365, 3, 0
79431, 0, 0
79482, 1, 0
79486, 2, 0
79490, 3, 1
79556, 0, 0
79607, 1, 0
79611, 2, 1
79616, 3, 0
79681, 0, 1
79732, 1, 1
79736, 2, 1
79741, 3, 1
79806, 0, 0
79857, 1, 1
79861, 2, 0
79866, 3, bit 0
79866, 3, 1
79931, 0, 1
79982, 1, 0
79986, 2, bit 1
79986, 2, 1
79991, 3, 0
80056, 0, bit 0
80056, 0, 1
80107, 1, 1
80111, 2, 0
80116, 3, 0
80181, 0, 0
80232, 1, 0
80236, 2, 0
80241, 3, 1
80306, 0, 0
80357, 1, 0
80361, 2, 1
80366, 3, 1
80431, 0, 1
80482, 1, 1
80486, 2, 1
80491, 3, 0
80556, 0, 0
80607, 1, 1
80611, 2, 0
80616, 3, 0
80681, 0, 1
80732, 1, 0
80736, 2, 1
80741, 3, 1
80806, 0, 0
80857, 1, bit 1
80857, 1, 0
80861, 2, 0
80866, 3, 1
80931, 0, 1
80982, 1, 1
80986, 2, 0
80991, 3, 0
81056, 0, 0
81107, 1, 0
81111, 2, 1
81116, 3, 0
81181, 0, 1
81232, 1, 1
81236, 2, 0
81241, 3, 1
81306, 0, 1
81357, 1, 1
81361, 2, 1
81366, 3, 0
81431, 0, 0
81482, 1, 0
81486, 2, 1
81491, 3, 1
81556, 0, 1
81607, 1, 0
81611, 2, 0
81616, 3, bit 0
81616, 3, 1
81681, 0, 0
81732, 1, 1
81736, 2, bit 1
81736, 2, 1
81741, 3, 0
81806, 0, bit 1
81806, 0, 0
81857, 1, 0
81861, 2, 0
81866, 3, 0
81931, 0, 1
81982, 1, 1
81986, 2, 0
81991, 3, 1
82056, 0, 1
82107, 1, 1
82111, 2, 1
82116, 3, 1
82181, 0, 0
82232, 1, 0
82236, 2, 1
82241, 3, 0
82306, 0, 1
82357, 1, 0
82361, 2, 0
82366, 3, 0
82432, 0, 0
82482, 1, 1
82486, 2, 1
82491, 3, 1
82557, 0, 1
82607, 1, bit 1
82607, 1, 0
82611, 2, 0
82616, 3, 1
82682, 0, 0
82732, 1, 1
82736, 2, 0
82741, 3, 0
82807, 0, 1
82857, 1, 0
82861, 2, 1
82866, 3, 0
82932, 0, 0
82982, 1, 1
82987, 2, 0
82991, 3, 1
83057, 0, 0
83107, 1, 1
83112, 2, 1
83116, 3, 0
83182, 0, 1
83232, 1, 0
83237, 2, 1
83241, 3, 1
83307, 0, 0
83357, 1, 0
83362, 2, 0
83366, 3, bit 1
83366, 3, 0
83432, 0, 1
83482, 1, 1
83487, 2, bit 1
83487, 2, 1
83491, 3, 1
83557, 0, bit 1
83557, 0, 0
83607, 1, 0
83612, 2, 0
83616, 3, 1
83682, 0, 1
83732, 1, 1
83737, 2, 0
83741, 3, 0
83807, 0, 1
83857, 1, 1
83862, 2, 1
83866, 3, 0
83932, 0, 0
83982, 1, 0
83987, 2, 1
83991, 3, 1
84057, 0, 1
84107, 1, 0
84112, 2, 0
84116, 3, 1
84182, 0, 0
84232, 1, 1
84237, 2, 1
84241, 3, 0
84307, 0, 1
84357, 1, bit 0
84361, 1, 1
84362, 2, 0
84366, 3, 0
84432, 0, 0
84482, 1, 0
84487, 2, 0
84491, 3, 1
84557, 0, 1
84608, 1, 1
84612, 2, 1
84616, 3, 1
84682, 0, 0
84733, 1, 0
84737, 2, 0
84741, 3, 0
84807, 0, 0
84858, 1, 0
84862, 2, 1
84866, 3, 1
84932, 0, 1
84983, 1, 1
84987, 2, 1
84992, 3, 0
85057, 0, 0
85108, 1, 1
85112, 2, 0
85117, 3, bit 0
85117, 3, 1
85182, 0, 1
85233, 1, 0
85237, 2, bit 0
85237, 2, 0
85242, 3, 0
85307, 0, bit 1
85307, 0, 0
85358, 1, 1
85362, 2, 1
85367, 3, 0
85432, 0, 1
85483, 1, 0
85487, 2, 1
85492, 3, 1
85557, 0, 1
85608, 1, 0
85612, 2, 0
85617, 3, 1
85682, 0, 0
85733, 1, 1
85737, 2, 0
85742, 3, 0
85807, 0, 1
85858, 1, 1
85862, 2, 1
85867, 3, 0
85932, 0, 0
85983, 1, 0
85987, 2, 0
85992, 3, 1
86057, 0, 1
86108, 1, bit 1
86108, 1, 0
86112, 2, 1
86117, 3, 1
86182, 0, 0
86233, 1, 1
86237, 2, 1
86242, 3, 0
86307, 0, 1
86358, 1, 0
86362, 2, 0
86367, 3, 0
86432, 0, 0
86483, 1, 1
86487, 2, 1
86492, 3, 1
86557, 0, 0
86608, 1, 1
86612, 2, 0
86617, 3, 0
86682, 0, 1
86733, 1, 0
86737, 2, 0
86742, 3, 1
86807, 0, 0
86858, 1, 0
86862, 2, 1
86867, 3, bit 0
86867, 3, 1
86932, 0, 1
86983, 1, 1
86987, 2, bit 1
86987, 2, 1
86992, 3, 0
87057, 0, bit 0
87057, 0, 1
87108, 1, 0
87112, 2, 0
87117, 3, 0
87182, 0, 0
87233, 1, 1
87237, 2, 0
87242, 3, 1
87307, 0, 0
87358, 1, 1
87362, 2, 1
87367, 3, 1
87432, 0, 1
87483, 1, 0
87487, 2, 1
87492, 3, 0
87557, 0, 0
87608, 1, 0
87612, 2, 0
87617, 3, 0
87682, 0, 1
87733, 1, 1
87744, 2, 1
87745, 3, 1
87808, 0, 0
87858, 1, bit 1
87858, 1, 0
87869, 2, 0
87870, 3, 1
87933, 0, 1
87983, 1, 1
87994, 2, 0
87995, 3, 0
88058, 0, 0
88108, 1, 0
88119, 2, 1
88120, 3, 0
88183, 0, 1
88233, 1, 1
88244, 2, 0
88245, 3, 1
88308, 0, 1
88358, 1, 1
88369, 2, 1
88370, 3, 0
88433, 0, 0
88483, 1, 0
88494, 2, 1
88495, 3, 1
88558, 0, 1
88608, 1, 0
88619, 2, 0
88620, 3, bit 0
88620, 3, 1
88683, 0, 0
88733, 1, 1
88744, 2, bit 1
88744, 2, 1
88745, 3, 0
88808, 0, bit 0
88811, 0, 1
88858, 1, 0
88869, 2, 0
88870, 3, 0
88933, 0, 0
88983, 1, 1
88994, 2, 0
88995, 3, 1
89058, 0, 0
89108, 1, 1
89119, 2, 1
89120, 3, 1
89183, 0, 1
89233, 1, 0
89244, 2, 1
89245, 3, 0
89308, 0, 0
89358, 1, 0
89369, 2, 0
89370, 3, 0
89433, 0, 1
89483, 1, 1
89494, 2, 1
89495, 3, 1
89558, 0, 0
89608, 1, bit 1
89608, 1, 0
89619, 2, 0
89620, 3, 1
89683, 0, 1
89733, 1, 1
89744, 2, 0
89745, 3, 0
89808, 0, 0
89858, 1, 0
89869, 2, 1
89870, 3, 0
89933, 0, 1
89984, 1, 1
89994, 2, 0
89995, 3, 1
90058, 0, 1
90109, 1, 1
90119, 2, 1
90120, 3, 0
90183, 0, 0
90234, 1, 0
90244, 2, 1
90245, 3, 1
90308, 0, 1
90359, 1, 0
90369, 2, 0
90370, 3, bit 1
90370, 3, 0
90433, 0, 0
90484, 1, 1
90494, 2, bit 1
90494, 2, 1
90496, 3, 1
90558, 0, bit 1
90558, 0, 0
90609, 1, 0
90619, 2, 0
90621, 3, 1
90683, 0, 1
90734, 1, 1
90744, 2, 0
90746, 3, 0
90808, 0, 1
90859, 1, 1
90869, 2, 1
90871, 3, 0
90933, 0, 0
90984, 1, 0
90994, 2, 1
90996, 3, 1
91058, 0, 1
91109, 1, 0
91119, 2, 0
91121, 3, 1
91183, 0, 0
91234, 1, 1
91244, 2, 1
91246, 3, 0
91308, 0, 1
91359, 1, bit 1
91359, 1, 0
91369, 2, 0
91371, 3, 0
91433, 0, 0
91484, 1, 1
91494, 2, 0
91496, 3, 1
91558, 0, 1
91609, 1, 0
91619, 2, 1
91621, 3, 1
91683, 0, 0
91734, 1, 1
91744, 2, 0
91746, 3, 0
91808, 0, 0
91859, 1, 1
91869, 2, 1
91871, 3, 1
91933, 0, 1
91984, 1, 0
91994, 2, 1
91996, 3, 0
92058, 0, 0
92109, 1, 0
92119, 2, 0
92121, 3, bit 0
92121, 3, 1
92183, 0, 1
92234, 1, 1
92244, 2, bit 0
92244, 2, 0
92246, 3, 0
92308, 0, bit 1
92308, 0, 0
92359, 1, 0
92369, 2, 1
92371, 3, 0
92433, 0, 1
92484, 1, 1
92494, 2, 1
92496, 3, 1
92558, 0, 1
92609, 1, 1
92619, 2, 0
92621, 3, 1
92683, 0, 0
92734, 1, 0
92744, 2, 0
92746, 3, 0
92808, 0, 1
92859, 1, 0
92869, 2, 1
92871, 3, 0
92933, 0, 0
92984, 1, 1
92994, 2, 0
92996, 3, 1
93058, 0, 1
93109, 1, bit 0
93109, 1, 1
93119, 2, 1
93121, 3, 1
93184, 0, 0
93234, 1, 0
93244, 2, 1
93246, 3, 0
93309, 0, 1
93359, 1, 1
93369, 2, 0
93371, 3, 0
93434, 0, 0
93484, 1, 0
93494, 2, 1
93496, 3, 1
93559, 0, 0
93609, 1, 0
93619, 2, 0
93621, 3, 0
93684, 0, 1
93734, 1, 1
93744, 2, 0
93746, 3, 1
93809, 0, 0
93859, 1, 1
93869, 2, 1
93871, 3, bit 1
93871, 3, 0
93934, 0, 1
93984, 1, 0
93995, 2, bit 1
93995, 2, 1
93996, 3, 1
94059, 0, bit 0
94059, 0, 1
94109, 1, 1
94120, 2, 0
94121, 3, 1
94184, 0, 0
94234, 1, 0
94245, 2, 0
94246, 3, 0
94309, 0, 0
94359, 1, 0
94370, 2, 1
94371, 3, 0
94434, 0, 1
94484, 1, 1
94495, 2, 1
94496, 3, 1
94559, 0, 0
94609, 1, 1
94620, 2, 0
94621, 3, 1
94684, 0, 1
94734, 1, 0
94745, 2, 1
94746, 3, 0
94809, 0, 0
94859, 1, bit 1
94859, 1, 0
94870, 2, 0
94871, 3, 0
94934, 0, 1
94984, 1, 1
94995, 2, 0
94996, 3, 1
95059, 0, 0
95109, 1, 0
95120, 2, 1
95121, 3, 1
95184, 0, 1
95234, 1, 1
95245, 2, 0
95246, 3, 0
95309, 0, 1
95360, 1, 1
95370, 2, 1
95371, 3, 1
95434, 0, 0
95485, 1, 0
95495, 2, 1
95496, 3, 0
95559, 0, 1
95610, 1, 0
95620, 2, 0
95623, 3, bit 1
95623, 3, 0
95684, 0, 0
95735, 1, 1
95745, 2, bit 1
95745, 2, 1
95748, 3, 1
95809, 0, bit 0
95809, 0, 1
95860, 1, 0
95870, 2, 0
95873, 3, 1
95934, 0, 0
95985, 1, 1
95995, 2, 0
95998, 3, 0
96059, 0, 0
96110, 1, 1
96120, 2, 1
96123, 3, 0
96184, 0, 1
96235, 1, 0
96245, 2, 1
96248, 3, 1
96309, 0, 0
96360, 1, 0
96370, 2, 0
96373, 3, 1
96434, 0, 1
96485, 1, 1
96495, 2, 1
96498, 3, 0
96559, 0, 0
96610, 1, bit 1
96610, 1, 0
96620, 2, 0
96623, 3, 0
96684, 0, 1
96735, 1, 1
96745, 2, 0
96748, 3, 1
96809, 0, 0
96860, 1, 0
96870, 2, 1
96873, 3, 1
96934, 0, 1
96985, 1, 1
96995, 2, 0
96998, 3, 0
97059, 0, 1
97110, 1, 1
97120, 2, 1
97123, 3, 1
97184, 0, 0
97235, 1, 0
97245, 2, 1
97248, 3, 0
97309, 0, 1
97360, 1, 0
97370, 2, 0
97373, 3, bit 1
97373, 3, 0
97434, 0, 0
97485, 1, 1
97495, 2, bit 0
97495, 2, 0
97498, 3, 1
97559, 0, bit 0
97559, 0, 1
97610, 1, 0
97620, 2, 1
97623, 3, 1
97684, 0, 0
97735, 1, 1
97745, 2, 1
97748, 3, 0
97809, 0, 0
97860, 1, 1
97870, 2, 0
97873, 3, 0
97934, 0, 1
97985, 1, 0
97995, 2, 0
97998, 3, 1
98059, 0, 0
98110, 1, 0
98120, 2, 1
98123, 3, 1
98184, 0, 1
98235, 1, 1
98245, 2, 0
98248, 3, 0
98309, 0, 0
98360, 1, bit 1
98360, 1, 0
98370, 2, 1
98373, 3, 0
98434, 0, 1
98485, 1, 1
98495, 2, 1
98498, 3, 1
98560, 0, 0
98610, 1, 0
98620, 2, 0
98623, 3, 1
98685, 0, 1
98735, 1, 1
98745, 2, 1
98748, 3, 0
98810, 0, 1
98860, 1, 1
98870, 2, 0
98873, 3, 1
98935, 0, 0
98985, 1, 0
98995, 2, 0
98998, 3, 0
99060, 0, 1
99110, 1, 0
99120, 2, 1
99123, 3, bit 0
99123, 3, 1
99185, 0, 0
99235, 1, 1
99245, 2, bit 0
99245, 2, 0
99248, 3, 0
99310, 0, bit 0
99310, 0, 1
99360, 1, 0
99371, 2, 1
99373, 3, 0
99435, 0, 0
99485, 1, 1
99496, 2, 1
99499, 3, 1
99560, 0, 0
99610, 1, 1
99621, 2, 0
99624, 3, 1
99685, 0, 1
99735, 1, 0
99746, 2, 0
99749, 3, 0
99810, 0, 0
99860, 1, 0
99871, 2, 1
99874, 3, 0
99935, 0, 1
99985, 1, 1
99996, 2, 0
99999, 3, 1
100060, 0, 0
100110, 1, bit 1
100113, 1, 0
100121, 2, 1
100124, 3, 1
100185, 0, 1
100235, 1, 1
100246, 2, 1
100249, 3, 0
100310, 0, 0
100360, 1, 0
100371, 2, 0
100374, 3, 0
100435, 0, 1
100485, 1, 1
100496, 2, 1
100499, 3, 1
100560, 0, 1
100610, 1, 1
100621, 2, 0
100624, 3, 0
100685, 0, 0
100736, 1, 0
100746, 2, 0
100749, 3, 1
100810, 0, 1
100861, 1, 0
100871, 2, 1
100874, 3, bit 0
100874, 3, 1
100935, 0, 0
100986, 1, 1
100996, 2, bit 1
100996, 2, 1
100999, 3, 0
101060, 0, bit 1
101060, 0, 0
101111, 1, 0
101121, 2, 0
101124, 3, 0
101185, 0, 1
101236, 1, 1
101246, 2, 0
101249, 3, 1
101310, 0, 1
101361, 1, 1
101371, 2, 1
101374, 3, 1
101435, 0, 0
101486, 1, 0
101496, 2, 1
101499, 3, 0
101560, 0, 1
101611, 1, 0
101621, 2, 0
101624, 3, 0
101685, 0, 0
101736, 1, 1
101746, 2, 1
101749, 3, 1
101810, 0, 1
101861, 1, bit 1
101861, 1, 0
101871, 2, 0
101874, 3, 1
101935, 0, 0
101986, 1, 1
101996, 2, 0
101999, 3, 0
102060, 0, 1
102111, 1, 0
102121, 2, 1
102124, 3, 0
102185, 0, 0
102236, 1, 1
102246, 2, 0
102249, 3, 1
102310, 0, 0
102361, 1, 1
102371, 2, 1
102374, 3, 0
102435, 0, 1
102486, 1, 0
102496, 2, 1
102499, 3, 1
102560, 0, 0
102611, 1, 0
102621, 2, 0
102624, 3, bit 0
102624, 3, 1
102685, 0, 1
102736, 1, 1
102746, 2, bit 1
102746, 2, 1
102749, 3, 0
102810, 0, bit 0
102810, 0, 1
102861, 1, 0
102871, 2, 0
102874, 3, 0
102935, 0, 0
102986, 1, 1
102996, 2, 0
102999, 3, 1
103060, 0, 0
103111, 1, 1
103121, 2, 1
103124, 3, 1
103185, 0, 1
103236, 1, 0
103246, 2, 1
103249, 3, 0
103310, 0, 0
103361, 1, 0
103371, 2, 0
103374, 3, 0
103435, 0, 1
103486, 1, 1
103496, 2, 1
103499, 3, 1
103560, 0, 0
103611, 1, bit 0
103611, 1, 1
103621, 2, 0
103624, 3, 1
103685, 0, 1
103736, 1, 0
103746, 2, 0
103749, 3, 0
103810, 0, 0
103861, 1, 1
103871, 2, 1
103874, 3, 0
103936, 0, 1
103986, 1, 0
103996, 2, 0
103999, 3, 1
104061, 0, 1
104111, 1, 0
104121, 2, 1
104124, 3, 0
104186, 0, 0
104236, 1, 1
104246, 2, 1
104249, 3, 1
104311, 0, 1
104361, 1, 1
104371, 2, 0
104374, 3, bit 0
104374, 3, 1
104436, 0, 0
104486, 1, 0
104496, 2, bit 0
104496, 2, 0
104499, 3, 0
104561, 0, bit 0
104561, 0, 1
104611, 1, 1
104621, 2, 1
104624, 3, 0
104686, 0, 0
104736, 1, 0
104747, 2, 1
104749, 3, 1
104811, 0, 0
104861, 1, 0
104872, 2, 0
104875, 3, 1
104936, 0, 1
104986, 1, 1
104997, 2, 0
105000, 3, 0
105061, 0, 0
105111, 1, 1
105122, 2, 1
105125, 3, 0
105186, 0, 1
105236, 1, 0
105247, 2, 0
105250, 3, 1
105311, 0, 0
105361, 1, bit 1
105364, 1, 0
105372, 2, 1
105375, 3, 1
105436, 0, 1
105486, 1, 1
105497, 2, 1
105500, 3, 0
105561, 0, 0
105611, 1, 0
105622, 2, 0
105625, 3, 0
105686, 0, 1
105736, 1, 1
105747, 2, 1
105750, 3, 1
105811, 0, 1
105861, 1, 1
105872, 2, 0
105875, 3, 0
105936, 0, 0
105986, 1, 0
105997, 2, 0
106000, 3, 1
106061, 0, 1
106112, 1, 0
106122, 2, 1
106125, 3, bit 0
106125, 3, 1
106186, 0, 0
106237, 1, 1
106247, 2, bit 1
106247, 2, 1
106250, 3, 0
106311, 0, bit 1
106311, 0, 0
106362, 1, 0
106372, 2, 0
106375, 3, 0
106436, 0, 1
106487, 1, 1
106497, 2, 0
106500, 3, 1
106561, 0, 1
106612, 1, 1
106622, 2, 1
106625, 3, 1
106686, 0, 0
106737, 1, 0
106747, 2, 1
106750, 3, 0
106811, 0, 1
106862, 1, 0
106872, 2, 0
106875, 3, 0
106936, 0, 0
106987, 1, 1
106997, 2, 1
107000, 3, 1
107061, 0, 1
107112, 1, bit 0
107112, 1, 1
107122, 2, 0
107125, 3, 1
107186, 0, 0
107237, 1, 0
107247, 2, 0
107250, 3, 0
107311, 0, 1
107362, 1, 1
107372, 2, 1
107375, 3, 0
107436, 0, 0
107487, 1, 0
107497, 2, 0
107500, 3, 1
107561, 0, 0
107612, 1, 0
107622, 2, 1
107625, 3, 0
107686, 0, 1
107737, 1, 1
107747, 2, 1
107750, 3, 1
107811, 0, 0
107862, 1, 1
107872, 2, 0
107875, 3, bit 0
107875, 3, 1
107936, 0, 1
107987, 1, 0
107997, 2, bit 0
107997, 2, 0
108000, 3, 0
108061, 0, bit 1
108061, 0, 0
108112, 1, 1
108122, 2, 1
108125, 3, 0
108186, 0, 1
108237, 1, 0
108247, 2, 1
108250, 3, 1
108311, 0, 1
108362, 1, 0
108372, 2, 0
108375, 3, 1
108436, 0, 0
108487, 1, 1
108497, 2, 0
108500, 3, 0
108561, 0, 1
108612, 1, 1
108622, 2, 1
108625, 3, 0
108686, 0, 0
108737, 1, 0
108747, 2, 0
108750, 3, 1
108811, 0, 1
108862, 1, bit 1
108862, 1, 0
108872, 2, 1
108875, 3, 1
108936, 0, 0
108987, 1, 1
108997, 2, 1
109000, 3, 0
109061, 0, 1
109112, 1, 0
109122, 2, 0
109125, 3, 0
109186, 0, 0
109237, 1, 1
109247, 2, 1
109250, 3, 1
109312, 0, 0
109362, 1, 1
109372, 2, 0
109375, 3, 0
109437, 0, 1
109487, 1, 0
109497, 2, 0
109500, 3, 1
109562, 0, 0
109612, 1, 0
109622, 2, 1
109625, 3, bit 0
109625, 3, 1
109687, 0, 1
109737, 1, 1
109747, 2, bit 0
109747, 2, 0
109750, 3, 0
109812, 0, bit 0
109812, 0, 1
109862, 1, 0
109872, 2, 1
109875, 3, 0
109937, 0, 0
109987, 1, 1
109997, 2, 1
110000, 3, 1
110062, 0, 0
110112, 1, 1
110123, 2, 0
110125, 3, 1
110187, 0, 1
110237, 1, 0
110248, 2, 0
110251, 3, 0
110312, 0, 0
110362, 1, 0
110373, 2, 1
110376, 3, 0
110437, 0, 1
110487, 1, 1
110498, 2, 0
110501, 3, 1
110562, 0, 0
110612, 1, bit 1
110612, 1, 0
110623, 2, 1
110626, 3, 1
110687, 0, 1
110737, 1, 1
110748, 2, 1
110751, 3, 0
110812, 0, 0
110862, 1, 0
110873, 2, 0
110876, 3, 0
110937, 0, 1
110987, 1, 1
110998, 2, 1
111001, 3, 1
111062, 0, 1
111112, 1, 1
111123, 2, 0
111126, 3, 0
111187, 0, 0
111237, 1, 0
111248, 2, 0
111251, 3, 1
111312, 0, 1
111362, 1, 0
111373, 2, 1
111376, 3, bit 1
111376, 3, 0
111437, 0, 0
111488, 1, 1
111498, 2, bit 0
111498, 2, 0
111501, 3, 1
111562, 0, bit 1
111562, 0, 0
111613, 1, 0
111623, 2, 1
111626, 3, 1
111687, 0, 1
111738, 1, 1
111748, 2, 1
111751, 3, 0
111812, 0, 1
111863, 1, 1
111873, 2, 0
111876, 3, 0
111937, 0, 0
111988, 1, 0
111998, 2, 0
112001, 3, 1
112062, 0, 1
112113, 1, 0
112123, 2, 1
112126, 3, 1
112187, 0, 0
112238, 1, 1
112248, 2, 0
112251, 3, 0
112312, 0, 1
112363, 1, bit 1
112363, 1, 0
112373, 2, 1
112376, 3, 0
112437, 0, 0
112488, 1, 1
112498, 2, 1
112501, 3, 1
112562, 0, 1
112613, 1, 0
112623, 2, 0
112626, 3, 1
112687, 0, 0
112738, 1, 1
112748, 2, 1
112751, 3, 0
112812, 0, 0
112863, 1, 1
112873, 2, 0
112876, 3, 1
112937, 0, 1
112988, 1, 0
112998, 2, 0
113001, 3, 0
113062, 0, 0
113113, 1, 0
113123, 2, 1
113126, 3, bit 0
113126, 3, 1
113187, 0, 1
113238, 1, 1
113248, 2, bit 0
113248, 2, 0
113251, 3, 0
113312, 0, bit 1
113312, 0, 0
113363, 1, 0
113373, 2, 1
113376, 3, 0
113437, 0, 1
113488, 1, 1
113498, 2, 1
113501, 3, 1
113562, 0, 1
113613, 1, 1
113623, 2, 0
113626, 3, 1
113687, 0, 0
113738, 1, 0
113748, 2, 0
113751, 3, 0
113812, 0, 1
113863, 1, 0
113873, 2, 1
113876, 3, 0
113937, 0, 0
113988, 1, 1
113998, 2, 0
114001, 3, 1
114062, 0, 1
114113, 1, bit 1
114113, 1, 0
114123, 2, 1
114126, 3, 1
114187, 0, 0
114238, 1, 1
114248, 2, 1
114251, 3, 0
114312, 0, 1
114363, 1, 0
114373, 2, 0
114376, 3, 0
114437, 0, 0
114488, 1, 1
114498, 2, 1
114501, 3, 1
114562, 0, 0
114613, 1, 1
114623, 2, 0
114626, 3, 0
114688, 0, 1
114738, 1, 0
114748, 2, 0
114751, 3, 1
114813, 0, 0
114863, 1, 0
114873, 2, 1
114876, 3, bit 1
114876, 3, 0
114938, 0, 1
114988, 1, 1
114998, 2, bit 1
114998, 2, 1
115001, 3, 1
115063, 0, bit 1
115063, 0, 0
115113, 1, 0
115123, 2, 0
115126, 3, 1
115188, 0, 1
115238, 1, 1
115248, 2, 0
115251, 3, 0
115313, 0, 1
115363, 1, 1
115373, 2, 1
115376, 3, 0
115438, 0, 0
115488, 1, 0
115499, 2, 1
115501, 3, 1
115563, 0, 1
115613, 1, 0
115624, 2, 0
115627, 3, 1
115688, 0, 0
115738, 1, 1
115749, 2, 1
115752, 3, 0
115813, 0, 1
115863, 1, bit 1
115863, 1, 0
115874, 2, 0
115877, 3, 0
115938, 0, 0
115988, 1, 1
115999, 2, 0
116002, 3, 1
116063, 0, 1
116113, 1, 0
116124, 2, 1
116127, 3, 1
116188, 0, 0
116238, 1, 1
116249, 2, 0
116252, 3, 0
116313, 0, 0
116363, 1, 1
116374, 2, 1
116377, 3, 1
116438, 0, 1
116488, 1, 0
116499, 2, 1
116502, 3, 0
116563, 0, 0
116613, 1, 0
116624, 2, 0
116627, 3, bit 0
116627, 3, 1
116688, 0, 1
116738, 1, 1
116749, 2, bit 0
116749, 2, 0
116752, 3, 0
116813, 0, bit 1
116816, 0, 0
116864, 1, 0
116874, 2, 1
116877, 3, 0
116938, 0, 1
116989, 1, 1
116999, 2, 1
117002, 3, 1
117063, 0, 1
117114, 1, 1
117124, 2, 0
117127, 3, 1
117188, 0, 0
117239, 1, 0
117249, 2, 0
117252, 3, 0
117313, 0, 1
117364, 1, 0
117374, 2, 1
117377, 3, 0
117438, 0, 0
117489, 1, 1
117499, 2, 0
117502, 3, 1
117563, 0, 1
117614, 1, bit 1
117614, 1, 0
117624, 2, 1
117627, 3, 1
117688, 0, 0
117739, 1, 1
117749, 2, 1
117752, 3, 0
117813, 0, 1
117864, 1, 0
117874, 2, 0
117877, 3, 0
117938, 0, 0
117989, 1, 1
117999, 2, 1
118002, 3, 1
118063, 0, 0
118114, 1, 1
118124, 2, 0
118127, 3, 0
118188, 0, 1
118239, 1, 0
118249, 2, 0
118252, 3, 1
118313, 0, 0
118364, 1, 0
118374, 2, 1
118377, 3, bit 0
118377, 3, 1
118438, 0, 1
118489, 1, 1
118499, 2, bit 0
118499, 2, 0
118502, 3, 0
118563, 0, bit 1
118563, 0, 0
118614, 1, 0
118624, 2, 1
118627, 3, 0
118688, 0, 1
118739, 1, 1
118749, 2, 1
118752, 3, 1
118813, 0, 1
118864, 1, 1
118874, 2, 0
118877, 3, 1
118938, 0, 0
118989, 1, 0
118999, 2, 0
119002, 3, 0
119063, 0, 1
119114, 1, 0
119124, 2, 1
119127, 3, 0
119188, 0, 0
119239, 1, 1
119249, 2, 0
119252, 3, 1
119313, 0, 1
119364, 1, bit 0
119364, 1, 1
119374, 2, 1
119377, 3, 1
119438, 0, 0
119489, 1, 0
119499, 2, 1
119502, 3, 0
119563, 0, 1
119614, 1, 1
119624, 2, 0
119627, 3, 0
119688, 0, 0
119739, 1, 0
119749, 2, 1
119752, 3, 1
119813, 0, 0
119864, 1, 0
119874, 2, 0
119877, 3, 0
119938, 0, 1
119989, 1, 1
119999, 2, 0
120002, 3, 1
120064, 0, 0
120114, 1, 1
120124, 2, 1
120127, 3, bit 0
120127, 3, 1
120189, 0, 1
120239, 1, 0
120249, 2, bit 0
120249, 2, 0
120252, 3, 0
120314, 0, bit 0
120314, 0, 1
120364, 1, 1
120374, 2, 1
120377, 3, 0
120439, 0, 0
120489, 1, 0
120499, 2, 1
120502, 3, 1
120564, 0, 0
120614, 1, 0
120624, 2, 0
120627, 3, 1
120689, 0, 1
120739, 1, 1
120749, 2, 0
120752, 3, 0
120814, 0, 0
120864, 1, 1
120875, 2, 1
120877, 3, 0
120939, 0, 1
120989, 1, 0
121000, 2, 0
121003, 3, 1
121064, 0, 0
121114, 1, bit 0
121114, 1, 1
121125, 2, 1
121128, 3, 1
121189, 0, 1
121239, 1, 0
121250, 2, 1
121253, 3, 0
121314, 0, 0
121364, 1, 1
121375, 2, 0
121378, 3, 0
121439, 0, 1
121489, 1, 0
121500, 2, 1
121503, 3, 1
121564, 0, 1
121614, 1, 0
121625, 2, 0
121628, 3, 0
121689, 0, 0
121739, 1, 1
121750, 2, 0
121753, 3, 1
121814, 0, 1
121864, 1, 1
121875, 2, 1
121878, 3, bit 0
121878, 3, 1
121939, 0, 0
121989, 1, 0
122000, 2, bit 1
122000, 2, 1
122003, 3, 0
122064, 0, bit 0
122075, 0, 1
122114, 1, 1
122125, 2, 0
122128, 3, 0
122189, 0, 0
122240, 1, 0
122250, 2, 0
122253, 3, 1
122314, 0, 0
122365, 1, 0
122375, 2, 1
122378, 3, 1
122439, 0, 1
122490, 1, 1
122500, 2, 1
122503, 3, 0
122564, 0, 0
122615, 1, 1
122625, 2, 0
122628, 3, 0
122689, 0, 1
122740, 1, 0
122750, 2, 1
122753, 3, 1
122814, 0, 0
122865, 1, bit 1
122865, 1, 0
122875, 2, 0
122878, 3, 1
122939, 0, 1
122990, 1, 1
123000, 2, 0
123003, 3, 0
123064, 0, 0
123115, 1, 0
123125, 2, 1
123128, 3, 0
123189, 0, 1
123240, 1, 1
123250, 2, 0
123253, 3, 1
123314, 0, 1
123365, 1, 1
123375, 2, 1
123378, 3, 0
123439, 0, 0
123490, 1, 0
123500, 2, 1
123503, 3, 1
123564, 0, 1
123615, 1, 0
123625, 2, 0
123628, 3, bit 0
123628, 3, 1
123689, 0, 0
123740, 1, 1
123750, 2, bit 1
123750, 2, 1
123753, 3, 0
123814, 0, bit 0
123814, 0, 1
123865, 1, 0
123875, 2, 0
123878, 3, 0
123939, 0, 0
123990, 1, 1
124000, 2, 0
124003, 3, 1
124064, 0, 0
124115, 1, 1
124125, 2, 1
124128, 3, 1
124189, 0, 1
124240, 1, 0
124250, 2, 1
124253, 3, 0
124314, 0, 0
124365, 1, 0
124375, 2, 0
124378, 3, 0
124439, 0, 1
124490, 1, 1
124500, 2, 1
124503, 3, 1
124564, 0, 0
124615, 1, bit 0
124615, 1, 1
124625, 2, 0
124628, 3, 1
124689, 0, 1
124740, 1, 0
124750, 2, 0
124753, 3, 0
124814, 0, 0
124865, 1, 1
124875, 2, 1
124878, 3, 0
124939, 0, 1
124990, 1, 0
125000, 2, 0
125003, 3, 1
125064, 0, 1
125115, 1, 0
125125, 2, 1
125128, 3, 0
125189, 0, 0
125240, 1, 1
125250, 2, 1
125253, 3, 1
125314, 0, 1
125365, 1, 1
125375, 2, 0
125378, 3, bit 0
125378, 3, 1
125440, 0, 0
125490, 1, 0
125500, 2, bit 0
125500, 2, 0
125503, 3, 0
125565, 0, bit 0
125565, 0, 1
125615, 1, 1
125625, 2, 1
125628, 3, 0
125690, 0, 0
125740, 1, 0
125750, 2, 1
125753, 3, 1
125815, 0, 0
125865, 1, 0
125875, 2, 0
125878, 3, 1
125940, 0, 1
125990, 1, 1
126000, 2, 0
126003, 3, 0
126065, 0, 0
126115, 1, 1
126125, 2, 1
126128, 3, 0
126190, 0, 1
126240, 1, 0
126251, 2, 0
126254, 3, 1
126315, 0, 0
126365, 1, bit 0
126365, 1, 1
126376, 2, 1
126379, 3, 1
126440, 0, 1
126490, 1, 0
126501, 2, 1
126504, 3, 0
126565, 0, 0
126615, 1, 1
126626, 2, 0
126629, 3, 0
126690, 0, 1
126740, 1, 0
126751, 2, 1
126754, 3, 1
126815, 0, 1
126865, 1, 0
126876, 2, 0
126879, 3, 0
126940, 0, 0
126990, 1, 1
127001, 2, 0
127004, 3, 1
127065, 0, 1
127115, 1, 1
127126, 2, 1
127129, 3, bit 0
127129, 3, 1
127190, 0, 0
127240, 1, 0
127251, 2, bit 1
127251, 2, 1
127254, 3, 0
127315, 0, bit 1
127315, 0, 0
127365, 1, 1
127376, 2, 0
127379, 3, 0
127440, 0, 1
127490, 1, 0
127501, 2, 0
127504, 3, 1
127565, 0, 1
127616, 1, 0
127626, 2, 1
127629, 3, 1
127690, 0, 0
127741, 1, 1
127751, 2, 1
127754, 3, 0
127815, 0, 1
127866, 1, 1
127876, 2, 0
127879, 3, 0
127940, 0, 0
127991, 1, 0
128001, 2, 1
128004, 3, 1
128065, 0, 1
128116, 1, bit 1
128116, 1, 0
128126, 2, 0
128129, 3, 1
128190, 0, 0
128241, 1, 1
128251, 2, 0
128254, 3, 0
128315, 0, 1
128366, 1, 0
128376, 2, 1
128379, 3, 0
128440, 0, 0
128491, 1, 1
128501, 2, 0
128504, 3, 1
128565, 0, 0
128616, 1, 1
128626, 2, 1
128629, 3, 0
128690, 0, 1
128741, 1, 0
128751, 2, 1
128754, 3, 1
128815, 0, 0
128866, 1, 0
128876, 2, 0
128879, 3, bit 0
128879, 3, 1
128940, 0, 1
128991, 1, 1
129001, 2, bit 1
129001, 2, 1
129004, 3, 0
129065, 0, bit 1
129065, 0, 0
129116, 1, 0
129126, 2, 0
129129, 3, 0
129190, 0, 1
129241, 1, 1
129251, 2, 0
129254, 3, 1
129315, 0, 1
129366, 1, 1
129376, 2, 1
129379, 3, 1
129440, 0, 0
129491, 1, 0
129501, 2, 1
129504, 3, 0
129565, 0, 1
129616, 1, 0
129626, 2, 0
129629, 3, 0
129690, 0, 0
129741, 1, 1
129751, 2, 1
129754, 3, 1
129815, 0, 1
129866, 1, bit 0
129866, 1, 1
129876, 2, 0
129879, 3, 1
129940, 0, 0
129991, 1, 0
130001, 2, 0
130004, 3, 0
130065, 0, 1
130116, 1, 1
130126, 2, 1
130129, 3, 0
130190, 0, 0
130241, 1, 0
130251, 2, 0
130254, 3, 1
130315, 0, 0
130366, 1, 0
130376, 2, 1
130379, 3, 0
130440, 0, 1
130491, 1, 1
130501, 2, 1
130504, 3, 1
130565, 0, 0
130616, 1, 1
130626, 2, 0
130629, 3, bit 0
130629, 3, 1
130690, 0, 1
130741, 1, 0
130751, 2, bit 0
130751, 2, 0
130754, 3, 0
130816, 0, bit 1
130816, 0, 0
130866, 1, 1
130876, 2, 1
130879, 3, 0
130941, 0, 1
130991, 1, 0
131001, 2, 1
131004, 3, 1
131066, 0, 1
131116, 1, 0
131126, 2, 0
131129, 3, 1
131191, 0, 0
131241, 1, 1
131251, 2, 0
131254, 3, 0
131316, 0, 1
131366, 1, 1
131376, 2, 1
131379, 3, 0
131441, 0, 0
131491, 1, 0
131501, 2, 0
131504, 3, 1
131566, 0, 1
131616, 1, bit 0
131616, 1, 1
131627, 2, 1
131629, 3, 1
131691, 0, 0
131741, 1, 0
131752, 2, 1
131755, 3, 0
131816, 0, 1
131866, 1, 1
131877, 2, 0
131880, 3, 0
131941, 0, 0
131991, 1, 0
132002, 2, 1
132005, 3, 1
132066, 0, 0
132116, 1, 0
132127, 2, 0
132130, 3, 0
132191, 0, 1
132241, 1, 1
132252, 2, 0
132255, 3, 1
132316, 0, 0
132366, 1, 1
132377, 2, 1
132380, 3, bit 0
132380, 3, 1
132441, 0, 1
132491, 1, 0
132502, 2, bit 1
132502, 2, 1
132505, 3, 0
132566, 0, bit 1
132566, 0, 0
132616, 1, 1
132627, 2, 0
132630, 3, 0
132691, 0, 1
132741, 1, 0
132752, 2, 0
132755, 3, 1
132816, 0, 1
132866, 1, 0
132877, 2, 1
132880, 3, 1
132941, 0, 0
132992, 1, 1
133002, 2, 1
133005, 3, 0
133066, 0, 1
133117, 1, 1
133127, 2, 0
133130, 3, 0
133191, 0, 0
133242, 1, 0
133252, 2, 1
133255, 3, 1
133316, 0, 1
133367, 1, bit 1
133367, 1, 0
133377, 2, 0
133380, 3, 1
133441, 0, 0
133492, 1, 1
133502, 2, 0
133505, 3, 0
133566, 0, 1
133617, 1, 0
133627, 2, 1
133630, 3, 0
133691, 0, 0
133742, 1, 1
133752, 2, 0
133755, 3, 1
133816, 0, 0
133867, 1, 1
133877, 2, 1
133880, 3, 0
133941, 0, 1
133992, 1, 0
134002, 2, 1
134005, 3, 1
134066, 0, 0
134117, 1, 0
134127, 2, 0
134130, 3, bit 0
134130, 3, 1
134191, 0, 1
134242, 1, 1
134252, 2, bit 0
134252, 2, 0
134255, 3, 0
134316, 0, bit 0
134316, 0, 1
134367, 1, 0
134377, 2, 1
134380, 3, 0
134441, 0, 0
134492, 1, 1
134502, 2, 1
134505, 3, 1
134566, 0, 0
134617, 1, 1
134627, 2, 0
134630, 3, 1
134691, 0, 1
134742, 1, 0
134752, 2, 0
134755, 3, 0
134816, 0, 0
134867, 1, 0
134877, 2, 1
134880, 3, 0
134941, 0, 1
134992, 1, 1
135002, 2, 0
135005, 3, 1
135066, 0, 0
135117, 1, bit 1
135117, 1, 0
135127, 2, 1
135130, 3, 1
135191, 0, 1
135242, 1, 1
135252, 2, 1
135255, 3, 0
135316, 0, 0
135367, 1, 0
135377, 2, 0
135380, 3, 0
135441, 0, 1
135492, 1, 1
135502, 2, 1
135505, 3, 1
135566, 0, 1
135617, 1, 1
135627, 2, 0
135630, 3, 0
135691, 0, 0
135742, 1, 0
135752, 2, 0
135755, 3, 1
135816, 0, 1
135867, 1, 0
135877, 2, 1
135880, 3, bit 0
135880, 3, 1
135941, 0, 0
135992, 1, 1
136002, 2, bit 1
136002, 2, 1
136005, 3, 0
136066, 0, bit 0
136066, 0, 1
136117, 1, 0
136127, 2, 0
136130, 3, 0
136192, 0, 0
136242, 1, 1
136252, 2, 0
136255, 3, 1
136317, 0, 0
136367, 1, 1
136377, 2, 1
136380, 3, 1
136442, 0, 1
136492, 1, 0
136502, 2, 1
136505, 3, 0
136567, 0, 0
136617, 1, 0
136627, 2, 0
136630, 3, 0
136692, 0, 1
136742, 1, 1
136752, 2, 1
136755, 3, 1
136817, 0, 0
136867, 1, bit 0
136867, 1, 1
136877, 2, 0
136880, 3, 1
136942, 0, 1
136992, 1, 0
137003, 2, 0
137005, 3, 0
137067, 0, 0
137117, 1, 1
137128, 2, 1
137131, 3, 0
137192, 0, 1
137242, 1, 0
137253, 2, 0
137256, 3, 1
137317, 0, 1
137367, 1, 0
137378, 2, 1
137381, 3, 0
137442, 0, 0
137492, 1, 1
137503, 2, 1
137506, 3, 1
137567, 0, 1
137617, 1, 1
137628, 2, 0
137631, 3, bit 0
137631, 3, 1
137692, 0, 0
137742, 1, 0
137753, 2, bit 1
137753, 2, 1
137756, 3, 0
137817, 0, bit 1
137817, 0, 0
137867, 1, 1
137878, 2, 0
137881, 3, 0
137942, 0, 1
137992, 1, 0
138003, 2, 0
138006, 3, 1
138067, 0, 1
138117, 1, 0
138128, 2, 1
138131, 3, 1
138192, 0, 0
138242, 1, 1
138253, 2, 1
138256, 3, 0
138317, 0, 1
138368, 1, 1
138378, 2, 0
138381, 3, 0
138442, 0, 0
138493, 1, 0
138503, 2, 1
138506, 3, 1
138567, 0, 1
138618, 1, bit 0
138618, 1, 1
138628, 2, 0
138631, 3, 1
138692, 0, 0
138743, 1, 0
138753, 2, 0
138756, 3, 0
138817, 0, 1
138868, 1, 1
138878, 2, 1
138881, 3, 0
138942, 0, 0
138993, 1, 0
139003, 2, 0
139006, 3, 1
139067, 0, 0
139118, 1, 0
139128, 2, 1
139131, 3, 0
139192, 0, 1
139243, 1, 1
139253, 2, 1
139256, 3, 1
139317, 0, 0
139368, 1, 1
139378, 2, 0
139381, 3, bit 1
139381, 3, 0
139442, 0, 1
139493, 1, 0
139503, 2, bit 0
139503, 2, 0
139506, 3, 1
139567, 0, bit 0
139567, 0, 1
139618, 1, 1
139628, 2, 1
139631, 3, 1
139692, 0, 0
139743, 1, 0
139753, 2, 1
139756, 3, 0
139817, 0, 0
139868, 1, 0
139878, 2, 0
139881, 3, 0
139942, 0, 1
139993, 1, 1
140003, 2, 0
140006, 3, 1
140067, 0, 0
140118, 1, 1
140128, 2, 1
140131, 3, 1
140192, 0, 1
140243, 1, 0
140253, 2, 0
140256, 3, 0
140317, 0, 0
140368, 1, bit 1
140368, 1, 0
140378, 2, 1
140381, 3, 0
140442, 0, 1
140493, 1, 1
140503, 2, 1
140506, 3, 1
140567, 0, 0
140618, 1, 0
140628, 2, 0
140631, 3, 1
140692, 0, 1
140743, 1, 1
140753, 2, 1
140756, 3, 0
140817, 0, 1
140868, 1, 1
140878, 2, 0
140881, 3, 1
140942, 0, 0
140993, 1, 0
141003, 2, 0
141006, 3, 0
141067, 0, 1
141118, 1, 0
141128, 2, 1
141131, 3, bit 0
141131, 3, 1
141192, 0, 0
141243, 1, 1
141253, 2, bit 0
141253, 2, 0
141256, 3, 0
141317, 0, bit 0
141317, 0, 1
141368, 1, 0
141378, 2, 1
141381, 3, 0
141442, 0, 0
141493, 1, 1
141503, 2, 1
141506, 3, 1
141568, 0, 0
141618, 1, 1
141628, 2, 0
141631, 3, 1
141693, 0, 1
141743, 1, 0
141753, 2, 0
141756, 3, 0
141818, 0, 0
141868, 1, 0
141878, 2, 1
141881, 3, 0
141943, 0, 1
141993, 1, 1
142003, 2, 0
142006, 3, 1
142068, 0, 0
142118, 1, bit 0
142118, 1, 1
142128, 2, 1
142131, 3, 1
142193, 0, 1
142243, 1, 0
142253, 2, 1
142256, 3, 0
142318, 0, 0
142368, 1, 1
142379, 2, 0
142381, 3, 0
142443, 0, 1
142493, 1, 0
142504, 2, 1
142507, 3, 1
142568, 0, 1
142618, 1, 0
142629, 2, 0
142632, 3, 0
142693, 0, 0
142743, 1, 1
142754, 2, 0
142757, 3, 1
142818, 0, 1
142868, 1, 1
142879, 2, 1
142882, 3, bit 0
142882, 3, 1
142943, 0, 0
142993, 1, 0
143004, 2, bit 1
143007, 2, 1
143007, 3, 0
143068, 0, bit 0
143068, 0, 1
143118, 1, 1
143129, 2, 0
143132, 3, 0
143193, 0, 0
143243, 1, 0
143254, 2, 0
143257, 3, 1
143318, 0, 0
143368, 1, 0
143379, 2, 1
143382, 3, 1
143443, 0, 1
143493, 1, 1
143504, 2, 1
143507, 3, 0
143568, 0, 0
143618, 1, 1
143629, 2, 0
143632, 3, 0
143693, 0, 1
143744, 1, 0
143754, 2, 1
143757, 3, 1
143818, 0, 0
143869, 1, bit 1
143869, 1, 0
143879, 2, 0
143882, 3, 1
143943, 0, 1
143994, 1, 1
144004, 2, 0
144007, 3, 0
144068, 0, 0
144119, 1, 0
144129, 2, 1
144132, 3, 0
144193, 0, 1
144244, 1, 1
144254, 2, 0
144257, 3, 1
144318, 0, 1
144369, 1, 1
144379, 2, 1
144382, 3, 0
144443, 0, 0
144494, 1, 0
144504, 2, 1
144507, 3, 1
144568, 0, 1
144619, 1, 0
144629, 2, 0
144632, 3, bit 0
144632, 3, 1
144693, 0, 0
144744, 1, 1
144754, 2, bit 1
144754, 2, 1
144757, 3, 0
144818, 0, bit 1
144818, 0, 0
144869, 1, 0
144879, 2, 0
144882, 3, 0
144943, 0, 1
144994, 1, 1
145004, 2, 0
145007, 3, 1
145068, 0, 1
145119, 1, 1
145129, 2, 1
145132, 3, 1
145193, 0, 0
145244, 1, 0
145254, 2, 1
145257, 3, 0
145318, 0, 1
145369, 1, 0
145379, 2, 0
145382, 3, 0
145443, 0, 0
145494, 1, 1
145504, 2, 1
145507, 3, 1
145568, 0, 1
145619, 1, bit 0
145619, 1, 1
145629, 2, 0
145632, 3, 1
145693, 0, 0
145744, 1, 0
145754, 2, 0
145757, 3, 0
145818, 0, 1
145869, 1, 1
145879, 2, 1
145882, 3, 0
145943, 0, 0
145994, 1, 0
146004, 2, 0
146007, 3, 1
146068, 0, 0
146119, 1, 0
146129, 2, 1
146132, 3, 0
146193, 0, 1
146244, 1, 1
146254, 2, 1
146257, 3, 1
146318, 0, 0
146369, 1, 1
146379, 2, 0
146382, 3, bit 0
146382, 3, 1
146443, 0, 1
146494, 1, 0
146504, 2, bit 1
146504, 2, 1
146507, 3, 0
146568, 0, bit 0
146568, 0, 1
146619, 1, 1
146629, 2, 0
146632, 3, 0
146693, 0, 0
146744, 1, 0
146754, 2, 0
146757, 3, 1
146818, 0, 0
146869, 1, 0
146879, 2, 1
146882, 3, 1
146944, 0, 1
146994, 1, 1
147004, 2, 1
147007, 3, 0
147069, 0, 0
147119, 1, 1
147129, 2, 0
147132, 3, 0
147194, 0, 1
147244, 1, 0
147254, 2, 1
147257, 3, 1
147319, 0, 0
147369, 1, bit 1
147369, 1, 0
147379, 2, 0
147382, 3, 1
147444, 0, 1
147494, 1, 1
147504, 2, 0
147507, 3, 0
147569, 0, 0
147619, 1, 0
147629, 2, 1
147632, 3, 0
147694, 0, 1
147744, 1, 1
147755, 2, 0
147757, 3, 1
147819, 0, 1
147869, 1, 1
147880, 2, 1
147883, 3, 0
147944, 0, 0
147994, 1, 0
148005, 2, 1
148008, 3, 1
148069, 0, 1
148119, 1, 0
148130, 2, 0
148133, 3, bit 0
148133, 3, 1
148194, 0, 0
148244, 1, 1
148255, 2, bit 1
148258, 2, 1
148258, 3, 0
148319, 0, bit 1
148319, 0, 0
148369, 1, 0
148380, 2, 0
148383, 3, 0
148444, 0, 1
148494, 1, 1
148505, 2, 0
148508, 3, 1
148569, 0, 1
148619, 1, 1
148630, 2, 1
148633, 3, 1
148694, 0, 0
148744, 1, 0
148755, 2, 1
148758, 3, 0
148819, 0, 1
148869, 1, 0
148880, 2, 0
148883, 3, 0
148944, 0, 0
148994, 1, 1
149005, 2, 1
149008, 3, 1
149069, 0, 1
149120, 1, bit 1
149120, 1, 0
149130, 2, 0
149133, 3, 1
149194, 0, 0
149245, 1, 1
149255, 2, 0
149258, 3, 0
149319, 0, 1
149370, 1, 0
149380, 2, 1
149383, 3, 0
149444, 0, 0
149495, 1, 1
149505, 2, 0
149508, 3, 1
149569, 0, 0
149620, 1, 1
149630, 2, 1
149633, 3, 0
149694, 0, 1
149745, 1, 0
149755, 2, 1
149758, 3, 1
149819, 0, 0
149870, 1, 0
149880, 2, 0
149883, 3, bit 1
149883, 3, 0
149944, 0, 1
149995, 1, 1
150005, 2, bit 1
150005, 2, 1
150008, 3, 1
150069, 0, bit 0
150069, 0, 1
150120, 1, 0
150130, 2, 0
150133, 3, 1
150194, 0, 0
150245, 1, 1
150255, 2, 0
150258, 3, 0
150319, 0, 0
150370, 1, 1
150380, 2, 1
150383, 3, 0
150444, 0, 1
150495, 1, 0
150505, 2, 1
150508, 3, 1
150569, 0, 0
150620, 1, 0
150630, 2, 0
150633, 3, 1
150694, 0, 1
150745, 1, 1
150755, 2, 1
150758, 3, 0
150819, 0, 0
150870, 1, bit 1
150870, 1, 0
150880, 2, 0
150883, 3, 0
150944, 0, 1
150995, 1, 1
151005, 2, 0
151008, 3, 1
151069, 0, 0
151120, 1, 0
151130, 2, 1
151133, 3, 1
151194, 0, 1
151245, 1, 1
151255, 2, 0
151258, 3, 0
151319, 0, 1
151370, 1, 1
151380, 2, 1
151383, 3, 1
151444, 0, 0
151495, 1, 0
151505, 2, 1
151508, 3, 0
151569, 0, 1
151620, 1, 0
151630, 2, 0
151633, 3, bit 0
151633, 3, 1
151694, 0, 0
151745, 1, 1
151755, 2, bit 1
151755, 2, 1
151758, 3, 0
151819, 0, bit 1
151819, 0, 0
151870, 1, 0
151880, 2, 0
151883, 3, 0
151944, 0, 1
151995, 1, 1
152005, 2, 0
152008, 3, 1
152069, 0, 1
152120, 1, 1
152130, 2, 1
152133, 3, 1
152194, 0, 0
152245, 1, 0
152255, 2, 1
152258, 3, 0
152320, 0, 1
152370, 1, 0
152380, 2, 0
152383, 3, 0
152445, 0, 0
152495, 1, 1
152505, 2, 1
152508, 3, 1
152570, 0, 1
152620, 1, bit 0
152620, 1, 1
152630, 2, 0
152633, 3, 1
152695, 0, 0
152745, 1, 0
152755, 2, 0
152758, 3, 0
152820, 0, 1
152870, 1, 1
152880, 2, 1
152883, 3, 0
152945, 0, 0
152995, 1, 0
153005, 2, 0
153008, 3, 1
153070, 0, 0
153120, 1, 0
153131, 2, 1
153133, 3, 0
153195, 0, 1
153245, 1, 1
153256, 2, 1
153259, 3, 1
153320, 0, 0
153370, 1, 1
153381, 2, 0
153384, 3, bit 0
153384, 3, 1
153445, 0, 1
153495, 1, 0
153506, 2, bit 0
153509, 2, 0
153509, 3, 0
153570, 0, bit 0
153570, 0, 1
153620, 1, 1
153631, 2, 1
153634, 3, 0
153695, 0, 0
153745, 1, 0
153756, 2, 1
153759, 3, 1
153820, 0, 0
153870, 1, 0
153881, 2, 0
153884, 3, 1
153945, 0, 1
153995, 1, 1
154006, 2, 0
154009, 3, 0
154070, 0, 0
154120, 1, 1
154131, 2, 1
154134, 3, 0
154195, 0, 1
154245, 1, 0
154256, 2, 0
154259, 3, 1
154320, 0, 0
154370, 1, bit 0
154370, 1, 1
154381, 2, 1
154384, 3, 1
154445, 0, 1
154496, 1, 0
154506, 2, 1
154509, 3, 0
154570, 0, 0
154621, 1, 1
154631, 2, 0
154634, 3, 0
154695, 0, 1
154746, 1, 0
154756, 2, 1
154759, 3, 1
154820, 0, 1
154871, 1, 0
154881, 2, 0
154884, 3, 0
154945, 0, 0
154996, 1, 1
155006, 2, 0
155009, 3, 1
155070, 0, 1
155121, 1, 1
155131, 2, 1
155134, 3, bit 0
155134, 3, 1
155195, 0, 0
155246, 1, 0
155256, 2, bit 1
155256, 2, 1
155259, 3, 0
155320, 0, bit 0
155320, 0, 1
155371, 1, 1
155381, 2, 0
155384, 3, 0
155445, 0, 0
155496, 1, 0
155506, 2, 0
155509, 3, 1
155570, 0, 0
155621, 1, 0
155631, 2, 1
155634, 3, 1
155695, 0, 1
155746, 1, 1
155756, 2, 1
155759, 3, 0
155820, 0, 0
155871, 1, 1
155881, 2, 0
155884, 3, 0
155945, 0, 1
155996, 1, 0
156006, 2, 1
156009, 3, 1
156070, 0, 0
156121, 1, bit 1
156121, 1, 0
156131, 2, 0
156134, 3, 1
156195, 0, 1
156246, 1, 1
156256, 2, 0
156259, 3, 0
156320, 0, 0
156371, 1, 0
156381, 2, 1
156384, 3, 0
156445, 0, 1
156496, 1, 1
156506, 2, 0
156509, 3, 1
156570, 0, 1
156621, 1, 1
156631, 2, 1
156634, 3, 0
156695, 0, 0
156746, 1, 0
156756, 2, 1
156759, 3, 1
156820, 0, 1
156871, 1, 0
156881, 2, 0
156884, 3, bit 1
156884, 3, 0
156945, 0, 0
156996, 1, 1
157006, 2, bit 0
157006, 2, 0
157009, 3, 1
157070, 0, bit 1
157070, 0, 0
157121, 1, 0
157131, 2, 1
157134, 3, 1
157195, 0, 1
157246, 1, 1
157256, 2, 1
157259, 3, 0
157320, 0, 1
157371, 1, 1
157381, 2, 0
157384, 3, 0
157445, 0, 0
157496, 1, 0
157506, 2, 0
157509, 3, 1
157570, 0, 1
157621, 1, 0
157631, 2, 1
157634, 3, 1
157696, 0, 0
157746, 1, 1
157756, 2, 0
157759, 3, 0
157821, 0, 1
157871, 1, bit 1
157871, 1, 0
157881, 2, 1
157884, 3, 0
157946, 0, 0
157996, 1, 1
158006, 2, 1
158009, 3, 1
158071, 0, 1
158121, 1, 0
158131, 2, 0
158134, 3, 1
158196, 0, 0
158246, 1, 1
158256, 2, 1
158259, 3, 0
158321, 0, 0
158371, 1, 1
158381, 2, 0
158384, 3, 1
158446, 0, 1
158496, 1, 0
158507, 2, 0
158509, 3, 0
158571, 0, 0
158621, 1, 0
158632, 2, 1
158635, 3, bit 1
158635, 3, 0
158696, 0, 1
158746, 1, 1
158757, 2, bit 1
158757, 2, 1
158760, 3, 1
158821, 0, bit 1
158821, 0, 0
158871, 1, 0
158882, 2, 0
158885, 3, 1
158946, 0, 1
158996, 1, 1
159007, 2, 0
159010, 3, 0
159071, 0, 1
159121, 1, 1
159132, 2, 1
159135, 3, 0
159196, 0, 0
159246, 1, 0
159257, 2, 1
159260, 3, 1
159321, 0, 1
159371, 1, 0
159382, 2, 0
159385, 3, 1
159446, 0, 0
159496, 1, 1
159507, 2, 1
159510, 3, 0
159571, 0, 1
159621, 1, bit 1
159621, 1, 0
159632, 2, 0
159635, 3, 0
159696, 0, 0
159746, 1, 1
159757, 2, 0
159760, 3, 1
159821, 0, 1
159872, 1, 0
159882, 2, 1
159885, 3, 1
159946, 0, 0
159997, 1, 1
160007, 2, 0
160010, 3, 0
160071, 0, 0
160122, 1, 1
160132, 2, 1
160135, 3, 1
160196, 0, 1
160247, 1, 0
160257, 2, 1
160260, 3, 0
160321, 0, 0
160372, 1, 0
160382, 2, 0
160385, 3, bit 0
160385, 3, 1
160446, 0, 1
160497, 1, 1
160507, 2, bit 1
160507, 2, 1
160510, 3, 0
160571, 0, bit 1
160571, 0, 0
160622, 1, 0
160632, 2, 0
160635, 3, 0
160696, 0, 1
160747, 1, 1
160757, 2, 0
160760, 3, 1
160821, 0, 1
160872, 1, 1
160882, 2, 1
160885, 3, 1
160946, 0, 0
160997, 1, 0
161007, 2, 1
161010, 3, 0
161071, 0, 1
161122, 1, 0
161132, 2, 0
161135, 3, 0
161196, 0, 0
161247, 1, 1
161257, 2, 1
161260, 3, 1
161321, 0, 1
161372, 1, bit 0
161372, 1, 1
161382, 2, 0
161385, 3, 1
161446, 0, 0
161497, 1, 0
161507, 2, 0
161510, 3, 0
161571, 0, 1
161622, 1, 1
161632, 2, 1
161635, 3, 0
161696, 0, 0
161747, 1, 0
161757, 2, 0
161760, 3, 1
161821, 0, 0
161872, 1, 0
161882, 2, 1
161885, 3, 0
161946, 0, 1
161997, 1, 1
162007, 2, 1
162010, 3, 1
162071, 0, 0
162122, 1, 1
162132, 2, 0
162135, 3, bit 1
162135, 3, 0
162196, 0, 1
162247, 1, 0
162257, 2, bit 0
162257, 2, 0
162260, 3, 1
162321, 0, bit 1
162321, 0, 0
162372, 1, 1
162382, 2, 1
162385, 3, 1
162446, 0, 1
162497, 1, 0
162507, 2, 1
162510, 3, 0
162571, 0, 1
162622, 1, 0
162632, 2, 0
162635, 3, 0
162696, 0, 0
162747, 1, 1
162757, 2, 0
162760, 3, 1
162821, 0, 1
162872, 1, 1
162882, 2, 1
162885, 3, 1
162946, 0, 0
162997, 1, 0
163007, 2, 0
163010, 3, 0
163072, 0, 1
163122, 1, bit 1
163122, 1, 0
163132, 2, 1
163135, 3, 0
163197, 0, 0
163247, 1, 1
163257, 2, 1
163260, 3, 1
163322, 0, 1
163372, 1, 0
163382, 2, 0
163385, 3, 1
163447, 0, 0
163497, 1, 1
163507, 2, 1
163510, 3, 0
163572, 0, 0
163622, 1, 1
163632, 2, 0
163635, 3, 1
163697, 0, 1
163747, 1, 0
163757, 2, 0
163760, 3, 0
163822, 0, 0
163872, 1, 0
163883, 2, 1
163885, 3, bit 0
163885, 3, 1
163947, 0, 1
163997, 1, 1
164008, 2, bit 0
164008, 2, 0
164011, 3, 0
164072, 0, bit 1
164072, 0, 0
164122, 1, 0
164133, 2, 1
164136, 3, 0
164197, 0, 1
164247, 1, 1
164258, 2, 1
164261, 3, 1
164322, 0, 1
164372, 1, 1
164383, 2, 0
164386, 3, 1
164447, 0, 0
164497, 1, 0
164508, 2, 0
164511, 3, 0
164572, 0, 1
164622, 1, 0
164633, 2, 1
164636, 3, 0
164697, 0, 0
164747, 1, 1
164758, 2, 0
164761, 3, 1
164822, 0, 1
164872, 1, bit 1
164872, 1, 0
164883, 2, 1
164886, 3, 1
164947, 0, 0
164997, 1, 1
165008, 2, 1
165011, 3, 0
165072, 0, 1
165122, 1, 0
165133, 2, 0
165136, 3, 0
165197, 0, 0
165248, 1, 1
165258, 2, 1
165261, 3, 1
165322, 0, 0
165373, 1, 1
165383, 2, 0
165386, 3, 0
165447, 0, 1
165498, 1, 0
165508, 2, 0
165511, 3, 1
165572, 0, 0
165623, 1, 0
165633, 2, 1
165636, 3, bit 1
165636, 3, 0
165697, 0, 1
165748, 1, 1
165758, 2, bit 1
165758, 2, 1
165761, 3, 1
165822, 0, bit 1
165822, 0, 0
165873, 1, 0
165883, 2, 0
165886, 3, 1
165947, 0, 1
165998, 1, 1
166008, 2, 0
166011, 3, 0
166072, 0, 1
166123, 1, 1
166133, 2, 1
166136, 3, 0
166197, 0, 0
166248, 1, 0
166258, 2, 1
166261, 3, 1
166322, 0, 1
166373, 1, 0
166383, 2, 0
166386, 3, 1
166447, 0, 0
166498, 1, 1
166508, 2, 1
166511, 3, 0
166572, 0, 1
166623, 1, bit 0
166623, 1, 1
166633, 2, 0
166636, 3, 0
166697, 0, 0
166748, 1, 0
166758, 2, 0
166761, 3, 1
166822, 0, 1
166873, 1, 1
166883, 2, 1
166886, 3, 1
166947, 0, 0
166998, 1, 0
167008, 2, 0
167011, 3, 0
167072, 0, 0
167123, 1, 0
167133, 2, 1
167136, 3, 1
167197, 0, 1
167248, 1, 1
167258, 2, 1
167261, 3, 0
167322, 0, 0
167373, 1, 1
167383, 2, 0
167386, 3, bit 0
167386, 3, 1
167447, 0, 1
167498, 1, 0
167508, 2, bit 0
167508, 2, 0
167511, 3, 0
167572, 0, bit 0
167572, 0, 1
167623, 1, 1
167633, 2, 1
167636, 3, 0
167697, 0, 0
167748, 1, 0
167758, 2, 1
167761, 3, 1
167822, 0, 0
167873, 1, 0
167883, 2, 0
167886, 3, 1
167947, 0, 1
167998, 1, 1
168008, 2, 0
168011, 3, 0
168072, 0, 0
168123, 1, 1
168133, 2, 1
168136, 3, 0
168197, 0, 1
168248, 1, 0
168258, 2, 0
168261, 3, 1
168322, 0, 0
168373, 1, bit 0
168373, 1, 1
168383, 2, 1
168386, 3, 1
168448, 0, 1
168498, 1, 0
168508, 2, 1
168511, 3, 0
168573, 0, 0
168623, 1, 1
168633, 2, 0
168636, 3, 0
168698, 0, 1
168748, 1, 0
168758, 2, 1
168761, 3, 1
168823, 0, 1
168873, 1, 0
168883, 2, 0
168886, 3, 0
168948, 0, 0
168998, 1, 1
169008, 2, 0
169011, 3, 1
169073, 0, 1
169123, 1, 1
169133, 2, 1
169136, 3, bit 1
169136, 3, 0
169198, 0, 0
169248, 1, 0
169259, 2, bit 0
169259, 2, 0
169261, 3, 1
169323, 0, bit 1
169323, 0, 0
169373, 1, 1
169384, 2, 1
169387, 3, 1
169448, 0, 1
169498, 1, 0
169509, 2, 1
169512, 3, 0
169573, 0, 1
169623, 1, 0
169634, 2, 0
169637, 3, 0
169698, 0, 0
169748, 1, 1
169759, 2, 0
169762, 3, 1
169823, 0, 1
169873, 1, 1
169884, 2, 1
169887, 3, 1
169948, 0, 0
169998, 1, 0
170009, 2, 0
170012, 3, 0
170073, 0, 1
170123, 1, bit 1
170123, 1, 0
170134, 2, 1
170137, 3, 0
170198, 0, 0
170248, 1, 1
170259, 2, 1
170262, 3, 1
170323, 0, 1
170373, 1, 0
170384, 2, 0
170387, 3, 1
170448, 0, 0
170498, 1, 1
170509, 2, 1
170512, 3, 0
170573, 0, 0
170624, 1, 1
170634, 2, 0
170637, 3, 1
170698, 0, 1
170749, 1, 0
170759, 2, 0
170762, 3, 0
170823, 0, 0
170874, 1, 0
170884, 2, 1
170887, 3, bit 1
170887, 3, 0
170948, 0, 1
170999, 1, 1
171009, 2, bit 0
171009, 2, 0
171012, 3, 1
171073, 0, bit 1
171073, 0, 0
171124, 1, 0
171134, 2, 1
171137, 3, 1
171198, 0, 1
171249, 1, 1
171259, 2, 1
171262, 3, 0
171323, 0, 1
171374, 1, 1
171384, 2, 0
171387, 3, 0
171448, 0, 0
171499, 1, 0
171509, 2, 0
171512, 3, 1
171573, 0, 1
171624, 1, 0
171634, 2, 1
171637, 3, 1
171698, 0, 0
171749, 1, 1
171759, 2, 0
171762, 3, 0
171823, 0, 1
171874, 1, bit 0
171874, 1, 1
171884, 2, 1
171887, 3, 0
171948, 0, 0
171999, 1, 0
172009, 2, 1
172012, 3, 1
172073, 0, 1
172124, 1, 1
172134, 2, 0
172137, 3, 1
172198, 0, 0
172249, 1, 0
172259, 2, 1
172262, 3, 0
172323, 0, 0
172374, 1, 0
172384, 2, 0
172387, 3, 1
172448, 0, 1
172499, 1, 1
172509, 2, 0
172512, 3, 0
172573, 0, 0
172624, 1, 1
172634, 2, 1
172637, 3, bit 1
172637, 3, 0
172698, 0, 1
172749, 1, 0
172759, 2, bit 1
172759, 2, 1
172762, 3, 1
172823, 0, bit 0
172823, 0, 1
172874, 1, 1
172884, 2, 0
172887, 3, 1
172948, 0, 0
172999, 1, 0
173009, 2, 0
173012, 3, 0
173073, 0, 0
173124, 1, 0
173134, 2, 1
173137, 3, 0
173198, 0, 1
173249, 1, 1
173259, 2, 1
173262, 3, 1
173323, 0, 0
173374, 1, 1
173384, 2, 0
173387, 3, 1
173448, 0, 1
173499, 1, 0
173509, 2, 1
173512, 3, 0
173573, 0, 0
173624, 1, bit 0
173624, 1, 1
173634, 2, 0
173637, 3, 0
173698, 0, 1
173749, 1, 0
173759, 2, 0
173762, 3, 1
173824, 0, 0
173874, 1, 1
173884, 2, 1
173887, 3, 1
173949, 0, 1
173999, 1, 0
174009, 2, 0
174012, 3, 0
174074, 0, 1
174124, 1, 0
174134, 2, 1
174137, 3, 1
174199, 0, 0
174249, 1, 1
174259, 2, 1
174262, 3, 0
174324, 0, 1
174374, 1, 1
174384, 2, 0
174387, 3, bit 0
174387, 3, 1
174449, 0, 0
174499, 1, 0
174509, 2, bit 0
174509, 2, 0
174512, 3, 0
174574, 0, bit 1
174574, 0, 0
174624, 1, 1
174635, 2, 1
174637, 3, 0
174699, 0, 1
174749, 1, 0
174760, 2, 1
174763, 3, 1
174824, 0, 1
174874, 1, 0
174885, 2, 0
174888, 3, 1
174949, 0, 0
174999, 1, 1
175010, 2, 0
175013, 3, 0
175074, 0, 1
175124, 1, 1
175135, 2, 1
175138, 3, 0
175199, 0, 0
175249, 1, 0
175260, 2, 0
175263, 3, 1
175324, 0, 1
175374, 1, bit 1
175374, 1, 0
175385, 2, 1
175388, 3, 1
175449, 0, 0
175499, 1, 1
175510, 2, 1
175513, 3, 0
175574, 0, 1
175624, 1, 0
175635, 2, 0
175638, 3, 0
175699, 0, 0
175749, 1, 1
175760, 2, 1
175763, 3, 1
175824, 0, 0
175874, 1, 1
175885, 2, 0
175888, 3, 0
175949, 0, 1
176000, 1, 0
176010, 2, 0
176013, 3, 1
176074, 0, 0
176125, 1, 0
176135, 2, 1
176138, 3, bit 0
176138, 3, 1
176199, 0, 1
176250, 1, 1
176260, 2, bit 1
176260, 2, 1
176263, 3, 0
176324, 0, bit 1
176324, 0, 0
176375, 1, 0
176385, 2, 0
176388, 3, 0
176449, 0, 1
176500, 1, 1
176510, 2, 0
176513, 3, 1
176574, 0, 1
176625, 1, 1
176635, 2, 1
176638, 3, 1
176699, 0, 0
176750, 1, 0
176760, 2, 1
176763, 3, 0
176824, 0, 1
176875, 1, 0
176885, 2, 0
176888, 3, 0
176949, 0, 0
177000, 1, 1
177010, 2, 1
177013, 3, 1
177074, 0, 1
177125, 1, bit 1
177125, 1, 0
177135, 2, 0
177138, 3, 1
177199, 0, 0
177250, 1, 1
177260, 2, 0
177263, 3, 0
177324, 0, 1
177375, 1, 0
177385, 2, 1
177388, 3, 0
177449, 0, 0
177500, 1, 1
177510, 2, 0
177513, 3, 1
177574, 0, 0
177625, 1, 1
177635, 2, 1
177638, 3, 0
177699, 0, 1
177750, 1, 0
177760, 2, 1
177763, 3, 1
177824, 0, 0
177875, 1, 0
177885, 2, 0
177888, 3, bit 1
177888, 3, 0
177949, 0, 1
178000, 1, 1
178010, 2, bit 0
178010, 2, 0
178013, 3, 1
178074, 0, bit 0
178074, 0, 1
178125, 1, 0
178135, 2, 1
178138, 3, 1
178199, 0, 0
178250, 1, 1
178260, 2, 1
178263, 3, 0
178324, 0, 0
178375, 1, 1
178385, 2, 0
178388, 3, 0
178449, 0, 1
178500, 1, 0
178510, 2, 0
178513, 3, 1
178574, 0, 0
178625, 1, 0
178635, 2, 1
178638, 3, 1
178699, 0, 1
178750, 1, 1
178760, 2, 0
178763, 3, 0
178824, 0, 0
178875, 1, bit 0
178875, 1, 1
178885, 2, 1
178888, 3, 0
178949, 0, 1
179000, 1, 0
179010, 2, 1
179013, 3, 1
179074, 0, 0
179125, 1, 1
179135, 2, 0
179138, 3, 1
179200, 0, 1
179250, 1, 0
179260, 2, 1
179263, 3, 0
179325, 0, 1
179375, 1, 0
179385, 2, 0
179388, 3, 1
179450, 0, 0
179500, 1, 1
179510, 2, 0
179513, 3, 0
179575, 0, 1
179625, 1, 1
179635, 2, 1
179638, 3, bit 0
179638, 3, 1
179700, 0, 0
179750, 1, 0
179760, 2, bit 1
179760, 2, 1
179763, 3, 0
179825, 0, bit 0
179825, 0, 1
179875, 1, 1
179885, 2, 0
179888, 3, 0
179950, 0, 0
180000, 1, 0
180011, 2, 0
180013, 3, 1
180075, 0, 0
180125, 1, 0
180136, 2, 1
180139, 3, 1
180200, 0, 1
180250, 1, 1
180261, 2, 1
180264, 3, 0
180325, 0, 0
180375, 1, 1
180386, 2, 0
180389, 3, 0
180450, 0, 1
180500, 1, 0
180511, 2, 1
180514, 3, 1
180575, 0, 0
180625, 1, bit 0
180625, 1, 1
180636, 2, 0
180639, 3, 1
180700, 0, 1
180750, 1, 0
180761, 2, 0
180764, 3, 0
180825, 0, 0
180875, 1, 1
180886, 2, 1
180889, 3, 0
180950, 0, 1
181000, 1, 0
181011, 2, 0
181014, 3, 1
181075, 0, 1
181125, 1, 0
181136, 2, 1
181139, 3, 0
181200, 0, 0
181250, 1, 1
181261, 2, 1
181264, 3, 1
181325, 0, 1
181376, 1, 1
181386, 2, 0
181389, 3, bit 0
181389, 3, 1
181450, 0, 0
181501, 1, 0
181511, 2, bit 1
181511, 2, 1
181514, 3, 0
181575, 0, bit 0
181575, 0, 1
181626, 1, 1
181636, 2, 0
181639, 3, 0
181700, 0, 0
181751, 1, 0
181761, 2, 0
181764, 3, 1
181825, 0, 0
181876, 1, 0
181886, 2, 1
181889, 3, 1
181950, 0, 1
182001, 1, 1
182011, 2, 1
182014, 3, 0
182075, 0, 0
182126, 1, 1
182136, 2, 0
182139, 3, 0
182200, 0, 1
182251, 1, 0
182261, 2, 1
182264, 3, 1
182325, 0, 0
182376, 1, bit 1
182376, 1, 0
182386, 2, 0
182389, 3, 1
182450, 0, 1
182501, 1, 1
182511, 2, 0
182514, 3, 0
182575, 0, 0
182626, 1, 0
182636, 2, 1
182639, 3, 0
182700, 0, 1
182751, 1, 1
182761, 2, 0
182764, 3, 1
182825, 0, 1
182876, 1, 1
182886, 2, 1
182889, 3, 0
182950, 0, 0
183001, 1, 0
183011, 2, 1
183014, 3, 1
183075, 0, 1
183126, 1, 0
183136, 2, 0
183139, 3, bit 0
183139, 3, 1
183200, 0, 0
183251, 1, 1
183261, 2, bit 0
183261, 2, 0
183264, 3, 0
183325, 0, bit 1
183325, 0, 0
183376, 1, 0
183386, 2, 1
183389, 3, 0
183450, 0, 1
183501, 1, 1
183511, 2, 1
183514, 3, 1
183575, 0, 1
183626, 1, 1
183636, 2, 0
183639, 3, 1
183700, 0, 0
183751, 1, 0
183761, 2, 0
183764, 3, 0
183825, 0, 1
183876, 1, 0
183886, 2, 1
183889, 3, 0
183950, 0, 0
184001, 1, 1
184011, 2, 0
184014, 3, 1
184075, 0, 1
184126, 1, bit 0
184126, 1, 1
184136, 2, 1
184139, 3, 1
184200, 0, 0
184251, 1, 0
184261, 2, 1
184264, 3, 0
184325, 0, 1
184376, 1, 1
184386, 2, 0
184389, 3, 0
184450, 0, 0
184501, 1, 0
184511, 2, 1
184514, 3, 1
184576, 0, 0
184626, 1, 0
184636, 2, 0
184639, 3, 0
184701, 0, 1
184751, 1, 1
184761, 2, 0
184764, 3, 1
184826, 0, 0
184876, 1, 1
184886, 2, 1
184889, 3, bit 1
184892, 3, 0
184951, 0, 1
185001, 1, 0
185011, 2, bit 1
185011, 2, 1
185014, 3, 1
185076, 0, bit 0
185076, 0, 1
185126, 1, 1
185136, 2, 0
185139, 3, 1
185201, 0, 0
185251, 1, 0
185261, 2, 0
185264, 3, 0
185326, 0, 0
185376, 1, 0
185387, 2, 1
185389, 3, 0
185451, 0, 1
185501, 1, 1
185512, 2, 1
185515, 3, 1
185576, 0, 0
185626, 1, 1
185637, 2, 0
185640, 3, 1
185701, 0, 1
185751, 1, 0
185762, 2, 1
185765, 3, 0
185826, 0, 0
185876, 1, bit 1
185876, 1, 0
185887, 2, 0
185890, 3, 0
185951, 0, 1
186001, 1, 1
186012, 2, 0
186015, 3, 1
186076, 0, 0
186126, 1, 0
186137, 2, 1
186140, 3, 1
186201, 0, 1
186251, 1, 1
186262, 2, 0
186265, 3, 0
186326, 0, 1
186376, 1, 1
186387, 2, 1
186390, 3, 1
186451, 0, 0
186501, 1, 0
186512, 2, 1
186515, 3, 0
186576, 0, 1
186626, 1, 0
186637, 2, 0
186640, 3, bit 0
186640, 3, 1
186701, 0, 0
186752, 1, 1
186762, 2, bit 1
186762, 2, 1
186765, 3, 0
186826, 0, bit 1
186826, 0, 0
186877, 1, 0
186887, 2, 0
186890, 3, 0
186951, 0, 1
187002, 1, 1
187012, 2, 0
187015, 3, 1
187076, 0, 1
187127, 1, 1
187137, 2, 1
187140, 3, 1
187201, 0, 0
187252, 1, 0
187262, 2, 1
187265, 3, 0
187326, 0, 1
187377, 1, 0
187387, 2, 0
187390, 3, 0
187451, 0, 0
187502, 1, 1
187512, 2, 1
187515, 3, 1
187576, 0, 1
187627, 1, bit 1
187627, 1, 0
187637, 2, 0
187640, 3, 1
187701, 0, 0
187752, 1, 1
187762, 2, 0
187765, 3, 0
187826, 0, 1
187877, 1, 0
187887, 2, 1
187890, 3, 0
187951, 0, 0
188002, 1, 1
188012, 2, 0
188015, 3, 1
188076, 0, 0
188127, 1, 1
188137, 2, 1
188140, 3, 0
188201, 0, 1
188252, 1, 0
188262, 2, 1
188265, 3, 1
188326, 0, 0
188377, 1, 0
188387, 2, 0
188390, 3, bit 0
188390, 3, 1
188451, 0, 1
188502, 1, 1
188512, 2, bit 1
188512, 2, 1
188515, 3, 0
188576, 0, bit 1
188576, 0, 0
188627, 1, 0
188637, 2, 0
188640, 3, 0
188701, 0, 1
188752, 1, 1
188762, 2, 0
188765, 3, 1
188826, 0, 1
188877, 1, 1
188887, 2, 1
188890, 3, 1
188951, 0, 0
189002, 1, 0
189012, 2, 1
189015, 3, 0
189076, 0, 1
189127, 1, 0
189137, 2, 0
189140, 3, 0
189201, 0, 0
189252, 1, 1
189262, 2, 1
189265, 3, 1
189326, 0, 1
189377, 1, bit 0
189377, 1, 1
189387, 2, 0
189390, 3, 1
189451, 0, 0
189502, 1, 0
189512, 2, 0
189515, 3, 0
189576, 0, 1
189627, 1, 1
189637, 2, 1
189640, 3, 0
189701, 0, 0
189752, 1, 0
189762, 2, 0
189765, 3, 1
189826, 0, 0
189877, 1, 0
189887, 2, 1
189890, 3, 0
189952, 0, 1
190002, 1, 1
190012, 2, 1
190015, 3, 1
190077, 0, 0
190127, 1, 1
190137, 2, 0
190140, 3, bit 0
190143, 3, 1
190202, 0, 1
190252, 1, 0
190262, 2, bit 1
190262, 2, 1
190265, 3, 0
190327, 0, bit 1
190327, 0, 0
190377, 1, 1
190387, 2, 0
190390, 3, 0
190452, 0, 1
190502, 1, 0
190512, 2, 0
190515, 3, 1
190577, 0, 1
190627, 1, 0
190637, 2, 1
190640, 3, 1
190702, 0, 0
190752, 1, 1
190763, 2, 1
190765, 3, 0
190827, 0, 1
190877, 1, 1
190888, 2, 0
190891, 3, 0
190952, 0, 0
191002, 1, 0
191013, 2, 1
191016, 3, 1
191077, 0, 1
191127, 1, bit 1
191127, 1, 0
191138, 2, 0
191141, 3, 1
191202, 0, 0
191252, 1, 1
191263, 2, 0
191266, 3, 0
191327, 0, 1
191377, 1, 0
191388, 2, 1
191391, 3, 0
191452, 0, 0
191502, 1, 1
191513, 2, 0
191516, 3, 1
191577, 0, 0
191627, 1, 1
191638, 2, 1
191641, 3, 0
191702, 0, 1
191752, 1, 0
191763, 2, 1
191766, 3, 1
191827, 0, 0
191877, 1, 0
191888, 2, 0
191891, 3, bit 0
191891, 3, 1
191952, 0, 1
192002, 1, 1
192013, 2, bit 1
192013, 2, 1
192016, 3, 0
192077, 0, bit 1
192077, 0, 0
192128, 1, 0
192138, 2, 0
192141, 3, 0
192202, 0, 1
192253, 1, 1
192263, 2, 0
192266, 3, 1
192327, 0, 1
192378, 1, 1
192388, 2, 1
192391, 3, 1
192452, 0, 0
192503, 1, 0
192513, 2, 1
192516, 3, 0
192577, 0, 1
192628, 1, 0
192638, 2, 0
192641, 3, 0
192702, 0, 0
192753, 1, 1
192763, 2, 1
192766, 3, 1
192827, 0, 1
192878, 1, bit 0
192878, 1, 1
192888, 2, 0
192891, 3, 1
192952, 0, 0
193003, 1, 0
193013, 2, 0
193016, 3, 0
193077, 0, 1
193128, 1, 1
193138, 2, 1
193141, 3, 0
193202, 0, 0
193253, 1, 0
193263, 2, 0
193266, 3, 1
193327, 0, 0
193378, 1, 0
193388, 2, 1
193391, 3, 0
193452, 0, 1
193503, 1, 1
193513, 2, 1
193516, 3, 1
193577, 0, 0
193628, 1, 1
193638, 2, 0
193641, 3, bit 1
193641, 3, 0
193702, 0, 1
193753, 1, 0
193763, 2, bit 0
193763, 2, 0
193766, 3, 1
193827, 0, bit 1
193827, 0, 0
193878, 1, 1
193888, 2, 1
193891, 3, 1
193952, 0, 1
194003, 1, 0
194013, 2, 1
194016, 3, 0
194077, 0, 1
194128, 1, 0
194138, 2, 0
194141, 3, 0
194202, 0, 0
194253, 1, 1
194263, 2, 0
194266, 3, 1
194327, 0, 1
194378, 1, 1
194388, 2, 1
194391, 3, 1
194452, 0, 0
194503, 1, 0
194513, 2, 0
194516, 3, 0
194577, 0, 1
194628, 1, bit 0
194628, 1, 1
194638, 2, 1
194641, 3, 0
194702, 0, 0
194753, 1, 0
194763, 2, 1
194766, 3, 1
194827, 0, 1
194878, 1, 1
194888, 2, 0
194891, 3, 1
194952, 0, 0
195003, 1, 0
195013, 2, 1
195016, 3, 0
195077, 0, 0
195128, 1, 0
195138, 2, 0
195141, 3, 1
195202, 0, 1
195253, 1, 1
195263, 2, 0
195266, 3, 0
195328, 0, 0
195378, 1, 1
195388, 2, 1
195391, 3, bit 1
195392, 3, 0
195453, 0, 1
195503, 1, 0
195513, 2, bit 1
195513, 2, 1
195516, 3, 1
195578, 0, bit 1
195578, 0, 0
195628, 1, 1
195638, 2, 0
195641, 3, 1
195703, 0, 1
195753, 1, 0
195763, 2, 0
195766, 3, 0
195828, 0, 1
195878, 1, 0
195888, 2, 1
195891, 3, 0
195953, 0, 0
196003, 1, 1
196013, 2, 1
196016, 3, 1
196078, 0, 1
196128, 1, 1
196139, 2, 0
196141, 3, 1
196203, 0, 0
196253, 1, 0
196264, 2, 1
196267, 3, 0
196328, 0, 1
196378, 1, bit 0
196378, 1, 1
196389, 2, 0
196392, 3, 0
196453, 0, 0
196503, 1, 0
196514, 2, 0
196517, 3, 1
196578, 0, 1
196628, 1, 1
196639, 2, 1
196642, 3, 1
196703, 0, 0
196753, 1, 0
196764, 2, 0
196767, 3, 0
196828, 0, 0
196878, 1, 0
196889, 2, 1
196892, 3, 1
196953, 0, 1
197003, 1, 1
197014, 2, 1
197017, 3, 0
197078, 0, 0
197128, 1, 1
197139, 2, 0
197142, 3, bit 0
197142, 3, 1
197203, 0, 1
197253, 1, 0
197264, 2, bit 0
197264, 2, 0
197267, 3, 0
197328, 0, bit 0
197328, 0, 1
197378, 1, 1
197389, 2, 1
197392, 3, 0
197453, 0, 0
197504, 1, 0
197514, 2, 1
197517, 3, 1
197578, 0, 0
197629, 1, 0
197639, 2, 0
197642, 3, 1
197703, 0, 1
197754, 1, 1
197764, 2, 0
197767, 3, 0
197828, 0, 0
197879, 1, 1
197889, 2, 1
197892, 3, 0
197953, 0, 1
198004, 1, 0
198014, 2, 0
198017, 3, 1
198078, 0, 0
198129, 1, bit 1
198129, 1, 0
198139, 2, 1
198142, 3, 1
198203, 0, 1
198254, 1, 1
198264, 2, 1
198267, 3, 0
198328, 0, 0
198379, 1, 0
198389, 2, 0
198392, 3, 0
198453, 0, 1
198504, 1, 1
198514, 2, 1
198517, 3, 1
198578, 0, 1
198629, 1, 1
198639, 2, 0
198642, 3, 0
198703, 0, 0
198754, 1, 0
198764, 2, 0
198767, 3, 1
198828, 0, 1
198879, 1, 0
198889, 2, 1
198892, 3, bit 1
198892, 3, 0
198953, 0, 0
199004, 1, 1
199014, 2, bit 0
199014, 2, 0
199017, 3, 1
199078, 0, bit 0
199078, 0, 1
199129, 1, 0
199139, 2, 1
199142, 3, 1
199203, 0, 0
199254, 1, 1
199264, 2, 1
199267, 3, 0
199328, 0, 0
199379, 1, 1
199389, 2, 0
199392, 3, 0
199453, 0, 1
199504, 1, 0
199514, 2, 0
199517, 3, 1
199578, 0, 0
199629, 1, 0
199639, 2, 1
199642, 3, 1
199703, 0, 1
199754, 1, 1
199764, 2, 0
199767, 3, 0
199828, 0, 0
199879, 1, bit 0
199879, 1, 1
199889, 2, 1
199892, 3, 0
199953, 0, 1
200004, 1, 0
200014, 2, 1
200017, 3, 1
200078, 0, 0
200129, 1, 1
200139, 2, 0
200142, 3, 1
200203, 0, 1
200254, 1, 0
200264, 2, 1
200267, 3, 0
200328, 0, 1
200379, 1, 0
200389, 2, 0
200392, 3, 1
200453, 0, 0
200504, 1, 1
200514, 2, 0
200517, 3, 0
200578, 0, 1
200629, 1, 1
200639, 2, 1
200642, 3, bit 1
200642, 3, 0
200704, 0, 0
200754, 1, 0
200764, 2, bit 1
200764, 2, 1
200767, 3, 1
200829, 0, bit 0
200829, 0, 1
200879, 1, 1
200889, 2, 0
200892, 3, 1
200954, 0, 0
201004, 1, 0
201014, 2, 0
201017, 3, 0
201079, 0, 0
201129, 1, 0
201139, 2, 1
201142, 3, 0
201204, 0, 1
201254, 1, 1
201264, 2, 1
201267, 3, 1
201329, 0, 0
201379, 1, 1
201389, 2, 0
201392, 3, 1
201454, 0, 1
201504, 1, 0
201515, 2, 1
201517, 3, 0
201579, 0, 0
201629, 1, bit 1
201629, 1, 0
201640, 2, 0
201643, 3, 0
201704, 0, 1
201754, 1, 1
201765, 2, 0
201768, 3, 1
201829, 0, 0
201879, 1, 0
201890, 2, 1
201893, 3, 1
201954, 0, 1
202004, 1, 1
202015, 2, 0
202018, 3, 0
202079, 0, 1
202129, 1, 1
202140, 2, 1
202143, 3, 1
202204, 0, 0
202254, 1, 0
202265, 2, 1
202268, 3, 0
202329, 0, 1
202379, 1, 0
202390, 2, 0
202393, 3, bit 1
202393, 3, 0
202454, 0, 0
202504, 1, 1
202515, 2, bit 1
202515, 2, 1
202518, 3, 1
202579, 0, bit 1
202579, 0, 0
202629, 1, 0
202640, 2, 0
202643, 3, 1
202704, 0, 1
202754, 1, 1
202765, 2, 0
202768, 3, 0
202829, 0, 1
202880, 1, 1
202890, 2, 1
202893, 3, 0
202954, 0, 0
203005, 1, 0
203015, 2, 1
203018, 3, 1
203079, 0, 1
203130, 1, 0
203140, 2, 0
203143, 3, 1
203204, 0, 0
203255, 1, 1
203265, 2, 1
203268, 3, 0
203329, 0, 1
203380, 1, bit 1
203380, 1, 0
203390, 2, 0
203393, 3, 0
203454, 0, 0
203505, 1, 1
203515, 2, 0
203518, 3, 1
203579, 0, 1
203630, 1, 0
203640, 2, 1
203643, 3, 1
203704, 0, 0
203755, 1, 1
203765, 2, 0
203768, 3, 0
203829, 0, 0
203880, 1, 1
203890, 2, 1
203893, 3, 1
203954, 0, 1
204005, 1, 0
204015, 2, 1
204018, 3, 0
204079, 0, 0
204130, 1, 0
204140, 2, 0
204143, 3, bit 0
204143, 3, 1
204204, 0, 1
204255, 1, 1
204265, 2, bit 0
204265, 2, 0
204268, 3, 0
204329, 0, bit 1
204329, 0, 0
204380, 1, 0
204390, 2, 1
204393, 3, 0
204454, 0, 1
204505, 1, 1
204515, 2, 1
204518, 3, 1
204579, 0, 1
204630, 1, 1
204640, 2, 0
204643, 3, 1
204704, 0, 0
204755, 1, 0
204765, 2, 0
204768, 3, 0
204829, 0, 1
204880, 1, 0
204890, 2, 1
204893, 3, 0
204954, 0, 0
205005, 1, 1
205015, 2, 0
205018, 3, 1
205079, 0, 1
205130, 1, bit 0
205130, 1, 1
205140, 2, 1
205143, 3, 1
205204, 0, 0
205255, 1, 0
205265, 2, 1
205268, 3, 0
205329, 0, 1
205380, 1, 1
205390, 2, 0
205393, 3, 0
205454, 0, 0
205505, 1, 0
205515, 2, 1
205518, 3, 1
205579, 0, 0
205630, 1, 0
205640, 2, 0
205643, 3, 0
205704, 0, 1
205755, 1, 1
205765, 2, 0
205768, 3, 1
205829, 0, 0
205880, 1, 1
205890, 2, 1
205893, 3, bit 0
205893, 3, 1
205954, 0, 1
206005, 1, 0
206015, 2, bit 0
206015, 2, 0
206018, 3, 0
206080, 0, bit 0
206080, 0, 1
206130, 1, 1
206140, 2, 1
206143, 3, 0
206205, 0, 0
206255, 1, 0
206265, 2, 1
206268, 3, 1
206330, 0, 0
206380, 1, 0
206390, 2, 0
206393, 3, 1
206455, 0, 1
206505, 1, 1
206515, 2, 0
206518, 3, 0
206580, 0, 0
206630, 1, 1
206640, 2, 1
206643, 3, 0
206705, 0, 1
206755, 1, 0
206765, 2, 0
206768, 3, 1
206830, 0, 0
206880, 1, bit 0
206880, 1, 1
206891, 2, 1
206893, 3, 1
206955, 0, 1
207005, 1, 0
207016, 2, 1
207019, 3, 0
207080, 0, 0
207130, 1, 1
207141, 2, 0
207144, 3, 0
207205, 0, 1
207255, 1, 0
207266, 2, 1
207269, 3, 1
207330, 0, 1
207380, 1, 0
207391, 2, 0
207394, 3, 0
207455, 0, 0
207505, 1, 1
207516, 2, 0
207519, 3, 1
207580, 0, 1
207630, 1, 1
207641, 2, 1
207644, 3, bit 1
207644, 3, 0
207705, 0, 0
207755, 1, 0
207766, 2, bit 1
207766, 2, 1
207769, 3, 1
207830, 0, bit 1
207830, 0, 0
207880, 1, 1
207891, 2, 0
207894, 3, 1
207955, 0, 1
208005, 1, 0
208016, 2, 0
208019, 3, 0
208080, 0, 1
208130, 1, 0
208141, 2, 1
208144, 3, 0
208205, 0, 0
208256, 1, 1
208266, 2, 1
208269, 3, 1
208330, 0, 1
208381, 1, 1
208391, 2, 0
208394, 3, 1
208455, 0, 0
208506, 1, 0
208516, 2, 1
208519, 3, 0
208580, 0, 1
208631, 1, bit 1
208631, 1, 0
208641, 2, 0
208644, 3, 0
208705, 0, 0
208756, 1, 1
208766, 2, 0
208769, 3, 1
208830, 0, 1
208881, 1, 0
208891, 2, 1
208894, 3, 1
208955, 0, 0
209006, 1, 1
209016, 2, 0
209019, 3, 0
209080, 0, 0
209131, 1, 1
209141, 2, 1
209144, 3, 1
209205, 0, 1
209256, 1, 0
209266, 2, 1
209269, 3, 0
209330, 0, 0
209381, 1, 0
209391, 2, 0
209394, 3, bit 0
209394, 3, 1
209455, 0, 1
209506, 1, 1
209516, 2, bit 0
209516, 2, 0
209519, 3, 0
209580, 0, bit 1
209580, 0, 0
209631, 1, 0
209641, 2, 1
209644, 3, 0
209705, 0, 1
209756, 1, 1
209766, 2, 1
209769, 3, 1
209830, 0, 1
209881, 1, 1
209891, 2, 0
209894, 3, 1
209955, 0, 0
210006, 1, 0
210016, 2, 0
210019, 3, 0
210080, 0, 1
210131, 1, 0
210141, 2, 1
210144, 3, 0
210205, 0, 0
210256, 1, 1
210266, 2, 0
210269, 3, 1
210330, 0, 1
210381, 1, bit 0
210381, 1, 1
210391, 2, 1
210394, 3, 1
210455, 0, 0
210506, 1, 0
210516, 2, 1
210519, 3, 0
210580, 0, 1
210631, 1, 1
210641, 2, 0
210644, 3, 0
210705, 0, 0
210756, 1, 0
210766, 2, 1
210769, 3, 1
210830, 0, 0
210881, 1, 0
210891, 2, 0
210894, 3, 0
210955, 0, 1
211006, 1, 1
211016, 2, 0
211019, 3, 1
211080, 0, 0
211131, 1, 1
211141, 2, 1
211144, 3, bit 0
211144, 3, 1
211205, 0, 1
211256, 1, 0
211266, 2, bit 0
211266, 2, 0
211269, 3, 0
211330, 0, bit 1
211330, 0, 0
211381, 1, 1
211391, 2, 1
211394, 3, 0
211456, 0, 1
211506, 1, 0
211516, 2, 1
211519, 3, 1
211581, 0, 1
211631, 1, 0
211641, 2, 0
211644, 3, 1
211706, 0, 0
211756, 1, 1
211766, 2, 0
211769, 3, 0
211831, 0, 1
211881, 1, 1
211891, 2, 1
211894, 3, 0
211956, 0, 0
212006, 1, 0
212016, 2, 0
212019, 3, 1
212081, 0, 1
212131, 1, bit 0
212134, 1, 1
212141, 2, 1
212144, 3, 1
212206, 0, 0
212256, 1, 0
212267, 2, 1
212269, 3, 0
212331, 0, 1
212381, 1, 1
212392, 2, 0
212395, 3, 0
212456, 0, 0
212506, 1, 0
212517, 2, 1
212520, 3, 1
212581, 0, 0
212631, 1, 0
212642, 2, 0
212645, 3, 0
212706, 0, 1
212756, 1, 1
212767, 2, 0
212770, 3, 1
212831, 0, 0
212881, 1, 1
212892, 2, 1
212895, 3, bit 1
212895, 3, 0
212956, 0, 1
213006, 1, 0
213017, 2, bit 1
213017, 2, 1
213020, 3, 1
213081, 0, bit 0
213081, 0, 1
213131, 1, 1
213142, 2, 0
213145, 3, 1
213206, 0, 0
213256, 1, 0
213267, 2, 0
213270, 3, 0
213331, 0, 0
213381, 1, 0
213392, 2, 1
213395, 3, 0
213456, 0, 1
213506, 1, 1
213517, 2, 1
213520, 3, 1
213581, 0, 0
213632, 1, 1
213642, 2, 0
213645, 3, 1
213706, 0, 1
213757, 1, 0
213767, 2, 1
213770, 3, 0
213831, 0, 0
213882, 1, bit 0
213882, 1, 1
213892, 2, 0
213895, 3, 0
213956, 0, 1
214007, 1, 0
214017, 2, 0
214020, 3, 1
214081, 0, 0
214132, 1, 1
214142, 2, 1
214145, 3, 1
214206, 0, 1
214257, 1, 0
214267, 2, 0
214270, 3, 0
214331, 0, 1
214382, 1, 0
214392, 2, 1
214395, 3, 1
214456, 0, 0
214507, 1, 1
214517, 2, 1
214520, 3, 0
214581, 0, 1
214632, 1, 1
214642, 2, 0
214645, 3, bit 1
214645, 3, 0
214706, 0, 0
214757, 1, 0
214767, 2, bit 1
214767, 2, 1
214770, 3, 1
214831, 0, bit 0
214831, 0, 1
214882, 1, 1
214892, 2, 0
214895, 3, 1
214956, 0, 0
215007, 1, 0
215017, 2, 0
215020, 3, 0
215081, 0, 0
215132, 1, 0
215142, 2, 1
215145, 3, 0
215206, 0, 1
215257, 1, 1
215267, 2, 1
215270, 3, 1
215331, 0, 0
215382, 1, 1
215392, 2, 0
215395, 3, 1
215456, 0, 1
215507, 1, 0
215517, 2, 1
215520, 3, 0
215581, 0, 0
215632, 1, bit 1
215632, 1, 0
215642, 2, 0
215645, 3, 0
215706, 0, 1
215757, 1, 1
215767, 2, 0
215770, 3, 1
215831, 0, 0
215882, 1, 0
215892, 2, 1
215895, 3, 1
215956, 0, 1
216007, 1, 1
216017, 2, 0
216020, 3, 0
216081, 0, 1
216132, 1, 1
216142, 2, 1
216145, 3, 1
216206, 0, 0
216257, 1, 0
216267, 2, 1
216270, 3, 0
216331, 0, 1
216382, 1, 0
216392, 2, 0
216395, 3, bit 0
216395, 3, 1
216456, 0, 0
216507, 1, 1
216517, 2, bit 0
216517, 2, 0
216520, 3, 0
216581, 0, bit 0
216581, 0, 1
216632, 1, 0
216642, 2, 1
216645, 3, 0
216706, 0, 0
216757, 1, 1
216767, 2, 1
216770, 3, 1
216832, 0, 0
216882, 1, 1
216892, 2, 0
216895, 3, 1
216957, 0, 1
217007, 1, 0
217017, 2, 0
217020, 3, 0
217082, 0, 0
217132, 1, 0
217142, 2, 1
217145, 3, 0
217207, 0, 1
217257, 1, 1
217267, 2, 0
217270, 3, 1
217332, 0, 0
217382, 1, bit 1
217385, 1, 0
217392, 2, 1
217395, 3, 1
217457, 0, 1
217507, 1, 1
217517, 2, 1
217520, 3, 0
217582, 0, 0
217632, 1, 0
217643, 2, 0
217645, 3, 0
217707, 0, 1
217757, 1, 1
217768, 2, 1
217771, 3, 1
217832, 0, 1
217882, 1, 1
217893, 2, 0
217896, 3, 0
217957, 0, 0
218007, 1, 0
218018, 2, 0
218021, 3, 1
218082, 0, 1
218132, 1, 0
218143, 2, 1
218146, 3, bit 1
218146, 3, 0
218207, 0, 0
218257, 1, 1
218268, 2, bit 0
218268, 2, 0
218271, 3, 1
218332, 0, bit 1
218332, 0, 0
218382, 1, 0
218393, 2, 1
218396, 3, 1
218457, 0, 1
218507, 1, 1
218518, 2, 1
218521, 3, 0
218582, 0, 1
218632, 1, 1
218643, 2, 0
218646, 3, 0
218707, 0, 0
218757, 1, 0
218768, 2, 0
218771, 3, 1
218832, 0, 1
218882, 1, 0
218893, 2, 1
218896, 3, 1
218957, 0, 0
219008, 1, 1
219018, 2, 0
219021, 3, 0
219082, 0, 1
219133, 1, bit 0
219133, 1, 1
219143, 2, 1
219146, 3, 0
219207, 0, 0
219258, 1, 0
219268, 2, 1
219271, 3, 1
219332, 0, 1
219383, 1, 1
219393, 2, 0
219396, 3, 1
219457, 0, 0
219508, 1, 0
219518, 2, 1
219521, 3, 0
219582, 0, 0
219633, 1, 0
219643, 2, 0
219646, 3, 1
219707, 0, 1
219758, 1, 1
219768, 2, 0
219771, 3, 0
219832, 0, 0
219883, 1, 1
219893, 2, 1
219896, 3, bit 0
219896, 3, 1
219957, 0, 1
220008, 1, 0
220018, 2, bit 0
220018, 2, 0
220021, 3, 0
220082, 0, bit 0
220082, 0, 1
220133, 1, 1
220143, 2, 1
220146, 3, 0
220207, 0, 0
220258, 1, 0
220268, 2, 1
220271, 3, 1
220332, 0, 0
220383, 1, 0
220393, 2, 0
220396, 3, 1
220457, 0, 1
220508, 1, 1
220518, 2, 0
220521, 3, 0
220582, 0, 0
220633, 1, 1
220643, 2, 1
220646, 3, 0
220707, 0, 1
220758, 1, 0
220768, 2, 0
220771, 3, 1
220832, 0, 0
220883, 1, bit 1
220883, 1, 0
220893, 2, 1
220896, 3, 1
220957, 0, 1
221008, 1, 1
221018, 2, 1
221021, 3, 0
221082, 0, 0
221133, 1, 0
221143, 2, 0
221146, 3, 0
221207, 0, 1
221258, 1, 1
221268, 2, 1
221271, 3, 1
221332, 0, 1
221383, 1, 1
221393, 2, 0
221396, 3, 0
221457, 0, 0
221508, 1, 0
221518, 2, 0
221521, 3, 1
221582, 0, 1
221633, 1, 0
221643, 2, 1
221646, 3, bit 1
221646, 3, 0
221707, 0, 0
221758, 1, 1
221768, 2, bit 0
221768, 2, 0
221771, 3, 1
221883, 1, 0
221893, 2, 1
221896, 3, 1
222008, 1, 1
222018, 2, 1
222021, 3, 0
222133, 1, 1
222143, 2, 0
222146, 3, 0
222258, 1, 0
222268, 2, 0
222271, 3, 1
222383, 1, 0
222393, 2, 1
222396, 3, 1
222508, 1, 1
222518, 2, 0
222521, 3, 0
222633, 1, bit 0
222633, 1, 1
222643, 2, 1
222646, 3, 0
222758, 1, 0
222768, 2, 1
222771, 3, 1
222883, 1, 1
222894, 2, 0
222896, 3, 1
223008, 1, 0
223019, 2, 1
223021, 3, 0
223133, 1, 0
223144, 2, 0
223147, 3, 1
223258, 1, 1
223269, 2, 0
223272, 3, 0
223383, 1, 1
223394, 2, 1
223397, 3, bit 0
223397, 3, 1
223508, 1, 0
223519, 2, bit 1
223519, 2, 1
223522, 3, 0
223633, 1, 1
223644, 2, 0
223647, 3, 0
223758, 1, 0
223769, 2, 0
223772, 3, 1
223883, 1, 0
223894, 2, 1
223897, 3, 1
224008, 1, 1
224019, 2, 1
224022, 3, 0
224133, 1, 1
224144, 2, 0
224147, 3, 0
224258, 1, 0
224269, 2, 1
224272, 3, 1
224384, 1, bit 1
224384, 1, 0
224394, 2, 0
224397, 3, 1
224509, 1, 1
224519, 2, 0
224522, 3, 0
224634, 1, 0
224644, 2, 1
224647, 3, 0
224759, 1, 1
224769, 2, 0
224772, 3, 1
224884, 1, 1
224894, 2, 1
224897, 3, 0
225009, 1, 0
225019, 2, 1
225022, 3, 1
225134, 1, 0
225144, 2, 0
225147, 3, bit 0
225147, 3, 1
225259, 1, 1
225269, 2, bit 1
225269, 2, 1
225272, 3, 0
225384, 1, 0
225394, 2, 0
225397, 3, 0
225509, 1, 1
225519, 2, 0
225522, 3, 1
225634, 1, 1
225644, 2, 1
225647, 3, 1
225759, 1, 0
225769, 2, 1
225772, 3, 0
225884, 1, 0
225894, 2, 0
225897, 3, 0
226009, 1, 1
226019, 2, 1
226022, 3, 1
226134, 1, bit 0
226134, 1, 1
226144, 2, 0
226147, 3, 1
226259, 1, 0
226269, 2, 0
226272, 3, 0
226384, 1, 1
226394, 2, 1
226397, 3, 0
226509, 1, 0
226519, 2, 0
226522, 3, 1
226634, 1, 0
226644, 2, 1
226647, 3, 0
226759, 1, 1
226769, 2, 1
226772, 3, 1
226884, 1, 1
226894, 2, 0
226897, 3, bit 0
226897, 3, 1
227009, 1, 0
227019, 2, bit 0
227019, 2, 0
227022, 3, 0
227134, 1, 1
227144, 2, 1
227147, 3, 0
227259, 1, 0
227269, 2, 1
227272, 3, 1
227384, 1, 0
227394, 2, 0
227397, 3, 1
227509, 1, 1
227519, 2, 0
227522, 3, 0
227634, 1, 1
227644, 2, 1
227647, 3, 0
227759, 1, 0
227769, 2, 0
227772, 3, 1
227884, 1, bit 0
227884, 1, 1
227894, 2, 1
227897, 3, 1
228009, 1, 0
228019, 2, 1
228022, 3, 0
228134, 1, 1
228144, 2, 0
228147, 3, 0
228259, 1, 0
228269, 2, 1
228272, 3, 1
228384, 1, 0
228395, 2, 0
228397, 3, 0
228509, 1, 1
228520, 2, 0
228523, 3, 1
228634, 1, 1
228645, 2, 1
228648, 3, bit 0
228648, 3, 1
228759, 1, 0
228770, 2, bit 0
228770, 2, 0
228773, 3, 0
228884, 1, 1
228895, 2, 1
228898, 3, 0
229009, 1, 0
229020, 2, 1
229023, 3, 1
229134, 1, 0
229145, 2, 0
229148, 3, 1
229259, 1, 1
229270, 2, 0
229273, 3, 0
229384, 1, 1
229395, 2, 1
229398, 3, 0
229509, 1, 0
229520, 2, 0
229523, 3, 1
229645, 2, 1
229648, 3, 1
229770, 2, 1
229773, 3, 0
229895, 2, 0
229898, 3, 0
230020, 2, 1
230023, 3, 1
230145, 2, 0
230148, 3, 0
230270, 2, 0
230273, 3, 1
230395, 2, 1
230398, 3, bit 1
230398, 3, 0
230520, 2, bit 1
230520, 2, 1
230523, 3, 1
230645, 2, 0
230648, 3, 1
230770, 2, 0
230773, 3, 0
230895, 2, 1
230898, 3, 0
231020, 2, 1
231023, 3, 1
231145, 2, 0
231148, 3, 1
231270, 2, 1
231273, 3, 0
231395, 2, 0
231398, 3, 0
231520, 2, 0
231523, 3, 1
231645, 2, 1
231648, 3, 1
231770, 2, 0
231773, 3, 0
231895, 2, 1
231898, 3, 1
232020, 2, 1
232023, 3, 0
232145, 2, 0
232148, 3, bit 1
232152, 3, 0
232270, 2, bit 1
232270, 2, 1
232273, 3, 1
232395, 2, 0
232398, 3, 1
232520, 2, 0
232523, 3, 0
232645, 2, 1
232648, 3, 0
232770, 2, 1
232773, 3, 1
232895, 2, 0
232898, 3, 1
233020, 2, 1
233023, 3, 0
233145, 2, 0
233148, 3, 0
233270, 2, 0
233273, 3, 1
233395, 2, 1
233398, 3, 1
233520, 2, 0
233523, 3, 0
233645, 2, 1
233648, 3, 1
233771, 2, 1
233773, 3, 0
233896, 2, 0
233899, 3, bit 1
233899, 3, 0
234021, 2, bit 1
234021, 2, 1
234024, 3, 1
234146, 2, 0
234149, 3, 1
234271, 2, 0
234274, 3, 0
234396, 2, 1
234399, 3, 0
234521, 2, 1
234524, 3, 1
234646, 2, 0
234649, 3, 1
234771, 2, 1
234774, 3, 0
234896, 2, 0
234899, 3, 0
235021, 2, 0
235024, 3, 1
235146, 2, 1
235149, 3, 1
235271, 2, 0
235274, 3, 0
235396, 2, 1
235399, 3, 1
235521, 2, 1
235524, 3, 0
235646, 2, 0
235649, 3, bit 1
235649, 3, 0
235771, 2, bit 1
235771, 2, 1
235774, 3, 1
235896, 2, 0
235899, 3, 1
236021, 2, 0
236024, 3, 0
236146, 2, 1
236149, 3, 0
236271, 2, 1
236274, 3, 1
236396, 2, 0
236399, 3, 1
236521, 2, 1
236524, 3, 0
236646, 2, 0
236649, 3, 0
236771, 2, 0
236774, 3, 1
236896, 2, 1
236899, 3, 1
237021, 2, 0
237024, 3, 0
237146, 2, 1
237149, 3, 1
237271, 2, 1
237274, 3, 0
237396, 2, 0
237399, 3, bit 1
237399, 3, 0
237521, 2, bit 1
237521, 2, 1
237524, 3, 1
237646, 2, 0
237649, 3, 1
237771, 2, 0
237774, 3, 0
237896, 2, 1
237899, 3, 0
238021, 2, 1
238024, 3, 1
238146, 2, 0
238149, 3, 1
238271, 2, 1
238274, 3, 0
238396, 2, 0
238399, 3, 0
238521, 2, 0
238524, 3, 1
238646, 2, 1
238649, 3, 1
238771, 2, 0
238774, 3, 0
238896, 2, 1
238899, 3, 1
239021, 2, 1
239024, 3, 0
239147, 2, 0
239149, 3, bit 1
239149, 3, 0
239275, 3, 1
239400, 3, 1
239525, 3, 0
239650, 3, 0
239775, 3, 1
239900, 3, 1
240025, 3, 0
240150, 3, 0
240275, 3, 1
240400, 3, 1
240525, 3, 0
240650, 3, 1
240775, 3, 0
240900, 3, bit 0
240900, 3, 1
241025, 3, 0
241150, 3, 0
241275, 3, 1
241400, 3, 1
241525, 3, 0
241650, 3, 0
241775, 3, 1
241900, 3, 1
242025, 3, 0
242150, 3, 0
242275, 3, 1
242400, 3, 0
242525, 3, 1
242650, 3, bit 0
242650, 3, 1
242775, 3, 0
242900, 3, 0
243025, 3, 1
243150, 3, 1
243275, 3, 0
243400, 3, 0
243525, 3, 1
243650, 3, 1
243775, 3, 0
243900, 3, 0
244025, 3, 1
244150, 3, 0
244275, 3, 1
244400, 3, bit 1
244400, 3, 0
244525, 3, 1
244651, 3, 1
244776, 3, 0
244901, 3, 0
245026, 3, 1
245151, 3, 1
245276, 3, 0
245401, 3, 0
245526, 3, 1
245651, 3, 1
245776, 3, 0
245901, 3, 1
246026, 3, 0
246151, 3, bit 0
246151, 3, 1
246276, 3, 0
246401, 3, 0
246526, 3, 1
246651, 3, 1
246776, 3, 0
246901, 3, 0
247026, 3, 1
247151, 3, 1
247276, 3, 0
247401, 3, 0
247526, 3, 1
247651, 3, 0
247776, 3, 1
