125 100 4 7 4
(2, 20, 8, 10.00), (code 5)
(3, 90, 6, 10.00), (code 0)
(4, 160, 9, 10.00), (code 3)
(5, 230, 10, 10.00), (code 6)
START
706580, 0, prem 1
706580, 0, 1
706705, 0, 1
706830, 0, 1
706955, 0, 1
707080, 0, 0
707205, 0, 0
707330, 0, 0
707456, 0, 0
707581, 0, prem 0
707581, 0, 0
707706, 0, 0
707831, 0, 0
707956, 0, 0
708081, 0, 1
708206, 0, 1
708331, 0, 1
708456, 0, 1
708581, 0, prem 1
708581, 0, 1
708706, 0, 1
708831, 0, 1
708956, 0, 1
709081, 0, 0
709206, 0, 0
709331, 0, 0
709456, 0, 0
709581, 0, prem 1
709581, 0, 1
709706, 0, 1
709831, 0, 1
709956, 0, 1
710081, 0, 0
710206, 0, 0
710331, 0, 0
710456, 0, 0
710581, 0, prem 0
710581, 0, 0
710706, 0, 0
710831, 0, 0
710956, 0, 0
711081, 0, 1
711206, 0, 1
711331, 0, 1
711456, 0, 1
711581, 0, prem 0
711581, 0, 0
711706, 0, 0
711831, 0, 0
711956, 0, 0
712081, 0, 1
712206, 0, 1
712331, 0, 1
712456, 0, 1
712581, 0, prem 1
712581, 0, 1
712706, 0, 1
712832, 0, 1
712957, 0, 1
713082, 0, 0
713207, 0, 0
713332, 0, 0
713457, 0, 0
713582, 0, bit 1
713582, 0, 1
713707, 0, 0
713832, 0, 0
713957, 0, 1
714082, 0, 1
714207, 0, 0
714332, 0, 1
714457, 0, 0
714582, 0, 0
714707, 0, 1
714832, 0, 0
714957, 0, 1
715082, 0, 1
715086, 1, prem 0
715086, 1, 0
715207, 0, 0
715211, 1, 0
715332, 0, bit 1
715332, 0, 1
715336, 1, 0
715457, 0, 0
715461, 1, 0
715582, 0, 0
715586, 1, 1
715707, 0, 1
715711, 1, 1
715832, 0, 1
715836, 1, 1
715957, 0, 0
715961, 1, 1
716082, 0, 1
716086, 1, prem 1
716089, 1, 1
716207, 0, 0
716211, 1, 1
716332, 0, 0
716336, 1, 1
716457, 0, 1
716461, 1, 1
716582, 0, 0
716587, 1, 0
716707, 0, 1
716712, 1, 0
716832, 0, 1
716837, 1, 0
716957, 0, 0
716962, 1, 0
717082, 0, bit 0
717082, 0, 0
717087, 1, prem 1
717087, 1, 1
717207, 0, 1
717212, 1, 1
717332, 0, 1
717337, 1, 1
717457, 0, 0
717462, 1, 1
717582, 0, 0
717587, 1, 0
717707, 0, 1
717712, 1, 0
717832, 0, 0
717837, 1, 0
717957, 0, 1
717962, 1, 0
718082, 0, 1
718087, 1, prem 1
718087, 1, 1
718208, 0, 0
718212, 1, 1
718333, 0, 1
718337, 1, 1
718458, 0, 0
718462, 1, 1
718583, 0, 0
718587, 1, 0
718708, 0, 1
718712, 1, 0
718833, 0, bit 0
718833, 0, 0
718837, 1, 0
718958, 0, 1
718962, 1, 0
719083, 0, 1
719087, 1, prem 1
719087, 1, 1
719208, 0, 0
719212, 1, 1
719333, 0, 0
719337, 1, 1
719458, 0, 1
719462, 1, 1
719583, 0, 0
719587, 1, 0
719708, 0, 1
719712, 1, 0
719833, 0, 1
719837, 1, 0
719958, 0, 0
719962, 1, 0
720083, 0, 1
720087, 1, prem 0
720087, 1, 0
720208, 0, 0
720212, 1, 0
720333, 0, 0
720337, 1, 0
720458, 0, 1
720462, 1, 0
720583, 0, bit 1
720583, 0, 1
720587, 1, 1
720708, 0, 0
720712, 1, 1
720833, 0, 0
720837, 1, 1
720958, 0, 1
720962, 1, 1
721083, 0, 1
721087, 1, prem 0
721087, 1, 0
721208, 0, 0
721212, 1, 0
721333, 0, 1
721337, 1, 0
721458, 0, 0
721462, 1, 0
721583, 0, 0
721587, 1, 1
721708, 0, 1
721712, 1, 1
721833, 0, 0
721837, 1, 1
721958, 0, 1
721963, 1, 1
722083, 0, 1
722088, 1, bit 1
722088, 1, 0
722208, 0, 0
722213, 1, 1
722333, 0, bit 0
722333, 0, 0
722338, 1, 1
722458, 0, 1
722463, 1, 0
722583, 0, 1
722588, 1, 1
722708, 0, 0
722713, 1, 0
722833, 0, 0
722838, 1, 1
722958, 0, 1
722963, 1, 0
723083, 0, 0
723088, 1, 1
723208, 0, 1
723213, 1, 0
723333, 0, 1
723338, 1, 0
723458, 0, 0
723463, 1, 1
723584, 0, 1
723588, 1, 0
723709, 0, 0
723713, 1, 1
723834, 0, 0
723838, 1, bit 0
723838, 1, 1
723959, 0, 1
723963, 1, 0
724084, 0, bit 0
724084, 0, 0
724088, 1, 0
724209, 0, 1
724213, 1, 1
724216, 2, prem 1
724216, 2, 1
724334, 0, 1
724338, 1, 0
724341, 2, 1
724459, 0, 0
724463, 1, 1
724466, 2, 1
724584, 0, 0
724588, 1, 0
724591, 2, 1
724709, 0, 1
724713, 1, 1
724716, 2, 0
724834, 0, 0
724838, 1, 0
724841, 2, 0
724959, 0, 1
724963, 1, 1
724966, 2, 0
725084, 0, 1
725088, 1, 1
725091, 2, 0
725209, 0, 0
725213, 1, 0
725216, 2, prem 1
725216, 2, 1
725334, 0, 1
725338, 1, 1
725341, 2, 1
725459, 0, 0
725463, 1, 0
725466, 2, 1
725584, 0, 0
725588, 1, bit 1
725592, 1, 0
725592, 2, 1
725709, 0, 1
725713, 1, 1
725718, 2, 0
725834, 0, bit 0
725834, 0, 0
725838, 1, 1
725843, 2, 0
725959, 0, 1
725963, 1, 0
725968, 2, 0
726084, 0, 1
726088, 1, 1
726093, 2, 0
726209, 0, 0
726213, 1, 0
726218, 2, prem 1
726218, 2, 1
726334, 0, 0
726338, 1, 1
726343, 2, 1
726459, 0, 1
726463, 1, 0
726468, 2, 1
726584, 0, 0
726588, 1, 1
726593, 2, 1
726709, 0, 1
726713, 1, 0
726718, 2, 0
726834, 0, 1
726838, 1, 0
726843, 2, 0
726959, 0, 0
726963, 1, 1
726968, 2, 0
727084, 0, 1
727088, 1, 0
727093, 2, 0
727209, 0, 0
727213, 1, 1
727218, 2, prem 0
727218, 2, 0
727334, 0, 0
727339, 1, bit 0
727339, 1, 1
727343, 2, 0
727459, 0, 1
727464, 1, 0
727468, 2, 0
727584, 0, bit 0
727584, 0, 0
727589, 1, 0
727593, 2, 0
727709, 0, 1
727714, 1, 1
727718, 2, 1
727834, 0, 1
727839, 1, 0
727843, 2, 1
727959, 0, 0
727964, 1, 1
727968, 2, 1
728084, 0, 0
728089, 1, 0
728093, 2, 1
728209, 0, 1
728214, 1, 1
728218, 2, prem 1
728218, 2, 1
728334, 0, 0
728339, 1, 0
728343, 2, 1
728459, 0, 1
728464, 1, 1
728468, 2, 1
728584, 0, 1
728589, 1, 1
728593, 2, 1
728709, 0, 0
728714, 1, 0
728718, 2, 0
728834, 0, 1
728839, 1, 1
728843, 2, 0
728960, 0, 0
728964, 1, 0
728968, 2, 0
729085, 0, 0
729089, 1, bit 1
729089, 1, 0
729093, 2, 0
729210, 0, 1
729214, 1, 1
729218, 2, prem 1
729218, 2, 1
729335, 0, bit 0
729335, 0, 0
729339, 1, 1
729344, 2, 1
729460, 0, 1
729464, 1, 0
729469, 2, 1
729585, 0, 1
729589, 1, 1
729594, 2, 1
729710, 0, 0
729714, 1, 0
729719, 2, 0
729835, 0, 0
729839, 1, 1
729844, 2, 0
729960, 0, 1
729964, 1, 0
729969, 2, 0
730085, 0, 0
730089, 1, 1
730094, 2, 0
730210, 0, 1
730214, 1, 0
730219, 2, prem 1
730219, 2, 1
730335, 0, 1
730339, 1, 0
730344, 2, 1
730460, 0, 0
730464, 1, 1
730469, 2, 1
730585, 0, 1
730589, 1, 0
730594, 2, 1
730710, 0, 0
730714, 1, 1
730719, 2, 0
730835, 0, 0
730839, 1, bit 0
730839, 1, 1
730844, 2, 0
730960, 0, 1
730964, 1, 0
730969, 2, 0
731085, 0, bit 0
731088, 0, 0
731089, 1, 0
731094, 2, 0
731210, 0, 1
731214, 1, 1
731219, 2, bit 1
731219, 2, 1
731335, 0, 1
731339, 1, 0
731344, 2, 0
731460, 0, 0
731464, 1, 1
731469, 2, 1
731585, 0, 0
731589, 1, 0
731594, 2, 0
731710, 0, 1
731714, 1, 1
731719, 2, 1
731835, 0, 0
731839, 1, 0
731844, 2, 0
731960, 0, 1
731964, 1, 1
731969, 2, 0
732085, 0, 1
732089, 1, 1
732094, 2, 1
732210, 0, 0
732214, 1, 0
732219, 2, 1
732335, 0, 1
732339, 1, 1
732344, 2, 0
732460, 0, 0
732464, 1, 0
732469, 2, 1
732585, 0, 0
732589, 1, bit 0
732589, 1, 1
732594, 2, 0
732710, 0, 1
732715, 1, 0
732719, 2, 1
732835, 0, bit 1
732835, 0, 1
732840, 1, 0
732844, 2, 0
732960, 0, 0
732965, 1, 1
732969, 2, bit 0
732969, 2, 0
733085, 0, 0
733090, 1, 0
733094, 2, 1
733097, 3, prem 0
733097, 3, 0
733210, 0, 1
733215, 1, 1
733219, 2, 0
733222, 3, 0
733335, 0, 1
733340, 1, 0
733344, 2, 1
733347, 3, 0
733460, 0, 0
733465, 1, 1
733469, 2, 0
733472, 3, 0
733585, 0, 1
733590, 1, 0
733594, 2, 1
733597, 3, 1
733710, 0, 0
733715, 1, 1
733719, 2, 1
733722, 3, 1
733835, 0, 0
733840, 1, 1
733844, 2, 0
733847, 3, 1
733960, 0, 1
733965, 1, 0
733969, 2, 0
733972, 3, 1
734085, 0, 0
734090, 1, 1
734094, 2, 1
734097, 3, prem 0
734097, 3, 0
734210, 0, 1
734215, 1, 0
734219, 2, 0
734222, 3, 0
734336, 0, 1
734340, 1, bit 1
734340, 1, 0
734344, 2, 1
734347, 3, 0
734461, 0, 0
734465, 1, 1
734469, 2, 0
734472, 3, 0
734586, 0, bit 0
734586, 0, 0
734590, 1, 1
734594, 2, 1
734597, 3, 1
734711, 0, 1
734715, 1, 0
734720, 2, bit 0
734720, 2, 0
734722, 3, 1
734836, 0, 1
734840, 1, 1
734845, 2, 1
734848, 3, 1
734961, 0, 0
734965, 1, 0
734970, 2, 0
734973, 3, 1
735086, 0, 0
735090, 1, 1
735095, 2, 1
735098, 3, prem 1
735098, 3, 1
735211, 0, 1
735215, 1, 0
735220, 2, 0
735223, 3, 1
735336, 0, 0
735340, 1, 1
735345, 2, 1
735348, 3, 1
735461, 0, 1
735465, 1, 0
735470, 2, 1
735473, 3, 1
735586, 0, 1
735590, 1, 0
735595, 2, 0
735598, 3, 0
735711, 0, 0
735715, 1, 1
735720, 2, 0
735723, 3, 0
735836, 0, 1
735840, 1, 0
735845, 2, 1
735848, 3, 0
735961, 0, 0
735965, 1, 1
735970, 2, 0
735973, 3, 0
736086, 0, 0
736090, 1, bit 0
736090, 1, 1
736095, 2, 1
736098, 3, prem 0
736098, 3, 0
736211, 0, 1
736215, 1, 0
736220, 2, 0
736223, 3, 0
736336, 0, bit 1
736336, 0, 1
736340, 1, 0
736345, 2, 1
736348, 3, 0
736461, 0, 0
736465, 1, 1
736470, 2, bit 1
736470, 2, 1
736473, 3, 0
736586, 0, 0
736590, 1, 0
736595, 2, 0
736598, 3, 1
736711, 0, 1
736715, 1, 1
736720, 2, 1
736723, 3, 1
736836, 0, 1
736840, 1, 0
736845, 2, 0
736848, 3, 1
736961, 0, 0
736965, 1, 1
736970, 2, 1
736973, 3, 1
737086, 0, 1
737090, 1, 0
737095, 2, 0
737098, 3, prem 0
737098, 3, 0
737211, 0, 0
737215, 1, 1
737220, 2, 0
737223, 3, 0
737336, 0, 0
737340, 1, 1
737345, 2, 1
737348, 3, 0
737461, 0, 1
737465, 1, 0
737470, 2, 1
737473, 3, 0
737586, 0, 0
737590, 1, 1
737595, 2, 0
737598, 3, 1
737711, 0, 1
737715, 1, 0
737720, 2, 1
737723, 3, 1
737836, 0, 1
737840, 1, bit 1
737840, 1, 0
737845, 2, 0
737848, 3, 1
737961, 0, 0
737965, 1, 1
737970, 2, 1
737973, 3, 1
738086, 0, bit 1
738086, 0, 1
738091, 1, 1
738095, 2, 0
738098, 3, prem 1
738098, 3, 1
738211, 0, 0
738216, 1, 0
738220, 2, bit 1
738220, 2, 1
738223, 3, 1
738336, 0, 0
738341, 1, 1
738345, 2, 0
738348, 3, 1
738461, 0, 1
738466, 1, 0
738470, 2, 1
738473, 3, 1
738586, 0, 1
738591, 1, 1
738595, 2, 0
738598, 3, 0
738711, 0, 0
738716, 1, 0
738720, 2, 1
738723, 3, 0
738836, 0, 1
738841, 1, 1
738845, 2, 0
738848, 3, 0
738961, 0, 0
738966, 1, 0
738970, 2, 0
738973, 3, 0
739086, 0, 0
739091, 1, 0
739095, 2, 1
739098, 3, prem 0
739098, 3, 0
739211, 0, 1
739216, 1, 1
739220, 2, 1
739223, 3, 0
739336, 0, 0
739341, 1, 0
739345, 2, 0
739348, 3, 0
739461, 0, 1
739466, 1, 1
739470, 2, 1
739473, 3, 0
739586, 0, 1
739591, 1, bit 1
739591, 1, 0
739595, 2, 0
739598, 3, 1
739712, 0, 0
739716, 1, 1
739720, 2, 1
739723, 3, 1
739837, 0, bit 0
739841, 0, 0
739841, 1, 1
739845, 2, 0
739848, 3, 1
739962, 0, 1
739966, 1, 0
739970, 2, bit 0
739970, 2, 0
739973, 3, 1
740087, 0, 1
740091, 1, 1
740096, 2, 1
740098, 3, bit 1
740098, 3, 0
740212, 0, 0
740216, 1, 0
740221, 2, 0
740224, 3, 1
740337, 0, 0
740341, 1, 1
740346, 2, 1
740349, 3, 0
740462, 0, 1
740466, 1, 0
740471, 2, 0
740474, 3, 1
740587, 0, 0
740591, 1, 1
740596, 2, 1
740599, 3, 1
740712, 0, 1
740716, 1, 0
740721, 2, 1
740724, 3, 0
740837, 0, 1
740841, 1, 0
740846, 2, 0
740849, 3, 0
740962, 0, 0
740966, 1, 1
740971, 2, 0
740974, 3, 1
741087, 0, 1
741091, 1, 0
741096, 2, 1
741099, 3, 0
741212, 0, 0
741216, 1, 1
741221, 2, 0
741224, 3, 1
741337, 0, 0
741341, 1, bit 0
741341, 1, 1
741346, 2, 1
741349, 3, 1
741462, 0, 1
741466, 1, 0
741471, 2, 0
741474, 3, 0
741587, 0, bit 1
741587, 0, 1
741591, 1, 0
741596, 2, 1
741599, 3, 0
741712, 0, 0
741716, 1, 1
741721, 2, bit 1
741721, 2, 1
741724, 3, 1
741837, 0, 0
741841, 1, 0
741846, 2, 0
741849, 3, bit 1
741849, 3, 0
741962, 0, 1
741966, 1, 1
741971, 2, 1
741974, 3, 1
742087, 0, 1
742091, 1, 0
742096, 2, 0
742099, 3, 0
742212, 0, 0
742216, 1, 1
742221, 2, 1
742224, 3, 1
742337, 0, 1
742341, 1, 0
742346, 2, 0
742349, 3, 1
742462, 0, 0
742466, 1, 1
742471, 2, 0
742474, 3, 0
742587, 0, 0
742591, 1, 1
742596, 2, 1
742599, 3, 0
742712, 0, 1
742716, 1, 0
742721, 2, 1
742724, 3, 1
742837, 0, 0
742841, 1, 1
742846, 2, 0
742849, 3, 0
742962, 0, 1
742966, 1, 0
742971, 2, 1
742974, 3, 1
743087, 0, 1
743091, 1, bit 0
743091, 1, 1
743096, 2, 0
743099, 3, 1
743212, 0, 0
743216, 1, 0
743221, 2, 1
743224, 3, 0
743337, 0, bit 0
743337, 0, 0
743341, 1, 0
743346, 2, 0
743349, 3, 0
743462, 0, 1
743467, 1, 1
743471, 2, bit 1
743471, 2, 1
743474, 3, 1
743587, 0, 1
743592, 1, 0
743596, 2, 0
743599, 3, bit 0
743599, 3, 1
743712, 0, 0
743717, 1, 1
743721, 2, 1
743724, 3, 0
743837, 0, 0
743842, 1, 0
743846, 2, 0
743849, 3, 1
743962, 0, 1
743967, 1, 1
743971, 2, 1
743974, 3, 0
744087, 0, 0
744092, 1, 0
744096, 2, 0
744099, 3, 0
744212, 0, 1
744217, 1, 1
744221, 2, 0
744224, 3, 1
744337, 0, 1
744342, 1, 1
744346, 2, 1
744349, 3, 1
744462, 0, 0
744467, 1, 0
744471, 2, 1
744474, 3, 0
744587, 0, 1
744592, 1, 1
744596, 2, 0
744599, 3, 1
744712, 0, 0
744717, 1, 0
744721, 2, 1
744724, 3, 0
744837, 0, 0
744842, 1, bit 1
744842, 1, 0
744846, 2, 0
744849, 3, 0
744962, 0, 1
744967, 1, 1
744971, 2, 1
744974, 3, 1
745088, 0, bit 0
745088, 0, 0
745092, 1, 1
745096, 2, 0
745099, 3, 1
745213, 0, 1
745217, 1, 0
745221, 2, bit 1
745221, 2, 1
745224, 3, 0
745338, 0, 1
745342, 1, 1
745346, 2, 0
745349, 3, bit 1
745349, 3, 0
745463, 0, 0
745467, 1, 0
745472, 2, 1
745474, 3, 1
745588, 0, 0
745592, 1, 1
745597, 2, 0
745600, 3, 0
745713, 0, 1
745717, 1, 0
745722, 2, 1
745725, 3, 1
745838, 0, 0
745842, 1, 1
745847, 2, 0
745850, 3, 1
745963, 0, 1
745967, 1, 0
745972, 2, 0
745975, 3, 0
746088, 0, 1
746092, 1, 0
746097, 2, 1
746100, 3, 0
746213, 0, 0
746217, 1, 1
746222, 2, 1
746225, 3, 1
746338, 0, 1
746342, 1, 0
746347, 2, 0
746350, 3, 0
746463, 0, 0
746467, 1, 1
746472, 2, 1
746475, 3, 1
746588, 0, 0
746592, 1, bit 0
746592, 1, 1
746597, 2, 0
746600, 3, 1
746713, 0, 1
746717, 1, 0
746722, 2, 1
746725, 3, 0
746838, 0, bit 0
746838, 0, 0
746842, 1, 0
746847, 2, 0
746850, 3, 0
746963, 0, 1
746967, 1, 1
746972, 2, bit 1
746972, 2, 1
746975, 3, 1
747088, 0, 1
747092, 1, 0
747097, 2, 0
747100, 3, bit 0
747100, 3, 1
747213, 0, 0
747217, 1, 1
747222, 2, 1
747225, 3, 0
747338, 0, 0
747342, 1, 0
747347, 2, 0
747350, 3, 1
747463, 0, 1
747467, 1, 1
747472, 2, 1
747475, 3, 0
747588, 0, 0
747592, 1, 0
747597, 2, 0
747600, 3, 0
747713, 0, 1
747717, 1, 1
747722, 2, 0
747725, 3, 1
747838, 0, 1
747842, 1, 1
747847, 2, 1
747850, 3, 1
747963, 0, 0
747967, 1, 0
747972, 2, 1
747975, 3, 0
748088, 0, 1
748092, 1, 1
748097, 2, 0
748100, 3, 1
748213, 0, 0
748217, 1, 0
748222, 2, 1
748225, 3, 0
748338, 0, 0
748342, 1, bit 1
748342, 1, 0
748347, 2, 0
748350, 3, 0
748463, 0, 1
748467, 1, 1
748472, 2, 1
748475, 3, 1
748588, 0, bit 0
748588, 0, 0
748592, 1, 1
748597, 2, 0
748600, 3, 1
748713, 0, 1
748717, 1, 0
748722, 2, bit 0
748722, 2, 0
748725, 3, 0
748838, 0, 1
748843, 1, 1
748847, 2, 1
748850, 3, bit 1
748850, 3, 0
748963, 0, 0
748968, 1, 0
748972, 2, 0
748975, 3, 1
749088, 0, 0
749093, 1, 1
749097, 2, 1
749100, 3, 0
749213, 0, 1
749218, 1, 0
749222, 2, 0
749225, 3, 1
749338, 0, 0
749343, 1, 1
749347, 2, 1
749350, 3, 1
749463, 0, 1
749468, 1, 0
749472, 2, 1
749475, 3, 0
749588, 0, 1
749593, 1, 0
749597, 2, 0
749600, 3, 0
749713, 0, 0
749718, 1, 1
749722, 2, 0
749725, 3, 1
749838, 0, 1
749843, 1, 0
749847, 2, 1
749850, 3, 0
749963, 0, 0
749968, 1, 1
749972, 2, 0
749975, 3, 1
750088, 0, 0
750093, 1, bit 1
750093, 1, 0
750097, 2, 1
750100, 3, 1
750213, 0, 1
750218, 1, 1
750222, 2, 0
750225, 3, 0
750338, 0, bit 1
750338, 0, 1
750343, 1, 1
750347, 2, 1
750350, 3, 0
750464, 0, 0
750468, 1, 0
750472, 2, bit 1
750472, 2, 1
750475, 3, 1
750589, 0, 0
750593, 1, 1
750597, 2, 0
750600, 3, bit 1
750600, 3, 0
750714, 0, 1
750718, 1, 0
750722, 2, 1
750725, 3, 1
750839, 0, 1
750843, 1, 1
750848, 2, 0
750850, 3, 0
750964, 0, 0
750968, 1, 0
750973, 2, 1
750976, 3, 1
751089, 0, 1
751093, 1, 1
751098, 2, 0
751101, 3, 1
751214, 0, 0
751218, 1, 0
751223, 2, 0
751226, 3, 0
751339, 0, 0
751343, 1, 0
751348, 2, 1
751351, 3, 0
751464, 0, 1
751468, 1, 1
751473, 2, 1
751476, 3, 1
751589, 0, 0
751593, 1, 0
751598, 2, 0
751601, 3, 0
751714, 0, 1
751718, 1, 1
751723, 2, 1
751726, 3, 1
751839, 0, 1
751843, 1, bit 0
751843, 1, 1
751848, 2, 0
751851, 3, 1
751964, 0, 0
751968, 1, 0
751973, 2, 1
751976, 3, 0
752089, 0, bit 0
752089, 0, 0
752093, 1, 0
752098, 2, 0
752101, 3, 0
752214, 0, 1
752218, 1, 1
752223, 2, bit 0
752223, 2, 0
752226, 3, 1
752339, 0, 1
752350, 1, 0
752351, 2, 1
752351, 3, bit 1
752352, 3, 0
752464, 0, 0
752475, 1, 1
752476, 2, 0
752476, 3, 1
752589, 0, 0
752600, 1, 0
752601, 2, 1
752601, 3, 0
752714, 0, 1
752726, 3, 1
752726, 1, 1
752727, 2, 0
752839, 0, 0
752851, 3, 1
752851, 1, 0
752852, 2, 1
752964, 0, 1
752976, 1, 1
752976, 3, 0
752977, 2, 1
753089, 0, 1
753101, 3, 0
753101, 1, 1
753102, 2, 0
753214, 0, 0
753226, 3, 1
753226, 1, 0
753227, 2, 0
753339, 0, 1
753351, 3, 0
753351, 1, 1
753352, 2, 1
753464, 0, 0
753476, 1, 0
753476, 3, 1
753477, 2, 0
753589, 0, 0
753601, 1, bit 1
753601, 1, 0
753602, 2, 1
753602, 3, 1
753714, 0, 1
753726, 1, 1
753727, 2, 0
753727, 3, 0
753839, 0, bit 1
753839, 0, 1
753851, 1, 1
753852, 3, 0
753852, 2, 1
753964, 0, 0
753976, 1, 0
753977, 3, 1
753977, 2, bit 1
753978, 2, 1
754089, 0, 0
754101, 1, 1
754102, 3, bit 0
754102, 3, 1
754103, 2, 0
754214, 0, 1
754226, 1, 0
754227, 3, 0
754228, 2, 1
754339, 0, 1
754351, 1, 1
754352, 3, 1
754353, 2, 0
754464, 0, 0
754476, 1, 0
754477, 3, 0
754478, 2, 1
754589, 0, 1
754601, 1, 1
754603, 2, 0
754603, 3, 0
754714, 0, 0
754726, 1, 0
754728, 3, 1
754728, 2, 0
754839, 0, 0
754851, 1, 0
754853, 2, 1
754853, 3, 1
754964, 0, 1
754976, 1, 1
754978, 2, 1
754978, 3, 0
755089, 0, 0
755101, 1, 0
755103, 2, 0
755103, 3, 1
755214, 0, 1
755226, 1, 1
755228, 2, 1
755228, 3, 0
755339, 0, 1
755351, 1, bit 0
755351, 1, 1
755353, 3, 0
755353, 2, 0
755464, 0, 0
755476, 1, 0
755478, 2, 1
755481, 3, 1
755589, 0, bit 1
755589, 0, 1
755601, 1, 0
755603, 2, 0
755606, 3, 1
755714, 0, 0
755726, 1, 1
755728, 2, bit 1
755728, 2, 1
755731, 3, 0
755840, 0, 0
755851, 1, 0
755853, 2, 0
755856, 3, bit 0
755856, 3, 1
755965, 0, 1
755976, 1, 1
755978, 2, 1
755981, 3, 0
756090, 0, 1
756101, 1, 0
756103, 2, 0
756106, 3, 1
756215, 0, 0
756226, 1, 1
756228, 2, 1
756231, 3, 0
756340, 0, 1
756352, 1, 0
756353, 2, 0
756356, 3, 0
756465, 0, 0
756477, 1, 1
756478, 2, 0
756481, 3, 1
756590, 0, 0
756602, 1, 1
756603, 2, 1
756606, 3, 1
756715, 0, 1
756727, 1, 0
756728, 2, 1
756731, 3, 0
756840, 0, 0
756852, 1, 1
756853, 2, 0
756856, 3, 1
756965, 0, 1
756977, 1, 0
756978, 2, 1
756981, 3, 0
757090, 0, 1
757102, 1, bit 1
757102, 1, 0
757103, 2, 0
757106, 3, 0
757215, 0, 0
757227, 1, 1
757228, 2, 1
757231, 3, 1
757340, 0, bit 1
757340, 0, 1
757352, 1, 1
757353, 2, 0
757356, 3, 1
757465, 0, 0
757477, 1, 0
757478, 2, bit 0
757478, 2, 0
757481, 3, 0
757590, 0, 0
757602, 1, 1
757603, 2, 1
757606, 3, bit 1
757606, 3, 0
757715, 0, 1
757727, 1, 0
757728, 2, 0
757731, 3, 1
757840, 0, 1
757852, 1, 1
757853, 2, 1
757856, 3, 0
757965, 0, 0
757977, 1, 0
757978, 2, 0
757981, 3, 1
758090, 0, 1
758102, 1, 1
758103, 2, 1
758106, 3, 1
758215, 0, 0
758227, 1, 0
758228, 2, 1
758231, 3, 0
758340, 0, 0
758352, 1, 0
758353, 2, 0
758356, 3, 0
758465, 0, 1
758477, 1, 1
758478, 2, 0
758481, 3, 1
758590, 0, 0
758602, 1, 0
758603, 2, 1
758606, 3, 0
758715, 0, 1
758727, 1, 1
758728, 2, 0
758731, 3, 1
758840, 0, 1
758852, 1, bit 0
758852, 1, 1
758853, 2, 1
758856, 3, 1
758965, 0, 0
758977, 1, 0
758978, 2, 0
758981, 3, 0
759090, 0, bit 1
759090, 0, 1
759102, 1, 0
759103, 2, 1
759106, 3, 0
759215, 0, 0
759227, 1, 1
759228, 2, bit 0
759228, 2, 0
759231, 3, 1
759340, 0, 0
759352, 1, 0
759353, 2, 1
759356, 3, bit 1
759356, 3, 0
759465, 0, 1
759477, 1, 1
759478, 2, 0
759481, 3, 1
759590, 0, 1
759602, 1, 0
759603, 2, 1
759606, 3, 0
759715, 0, 0
759727, 1, 1
759728, 2, 0
759731, 3, 1
759840, 0, 1
759852, 1, 0
759853, 2, 1
759856, 3, 1
759965, 0, 0
759977, 1, 1
759979, 2, 1
759981, 3, 0
760090, 0, 0
760102, 1, 1
760104, 2, 0
760107, 3, 0
760215, 0, 1
760227, 1, 0
760229, 2, 0
760232, 3, 1
760340, 0, 0
760352, 1, 1
760354, 2, 1
760357, 3, 0
760465, 0, 1
760477, 1, 0
760479, 2, 0
760482, 3, 1
760590, 0, 1
760602, 1, bit 0
760602, 1, 1
760604, 2, 1
760607, 3, 1
760715, 0, 0
760727, 1, 0
760729, 2, 0
760732, 3, 0
760840, 0, bit 1
760840, 0, 1
760852, 1, 0
760854, 2, 1
760857, 3, 0
760965, 0, 0
760977, 1, 1
760979, 2, bit 1
760979, 2, 1
760982, 3, 1
761090, 0, 0
761102, 1, 0
761104, 2, 0
761107, 3, bit 0
761107, 3, 1
761216, 0, 1
761227, 1, 1
761229, 2, 1
761232, 3, 0
761341, 0, 1
761352, 1, 0
761354, 2, 0
761357, 3, 1
761466, 0, 0
761477, 1, 1
761479, 2, 1
761482, 3, 0
761591, 0, 1
761602, 1, 0
761604, 2, 0
761607, 3, 0
761716, 0, 0
761728, 1, 1
761729, 2, 0
761732, 3, 1
761841, 0, 0
761853, 1, 1
761854, 2, 1
761857, 3, 1
761966, 0, 1
761978, 1, 0
761979, 2, 1
761982, 3, 0
762091, 0, 0
762103, 1, 1
762104, 2, 0
762107, 3, 1
762216, 0, 1
762228, 1, 0
762229, 2, 1
762232, 3, 0
762341, 0, 1
762353, 1, bit 1
762353, 1, 0
762354, 2, 0
762357, 3, 0
762466, 0, 0
762478, 1, 1
762479, 2, 1
762482, 3, 1
762591, 0, bit 1
762591, 0, 1
762603, 1, 1
762604, 2, 0
762607, 3, 1
762716, 0, 0
762728, 1, 0
762729, 2, bit 1
762729, 2, 1
762732, 3, 0
762841, 0, 0
762853, 1, 1
762854, 2, 0
762857, 3, bit 1
762857, 3, 0
762966, 0, 1
762978, 1, 0
762979, 2, 1
762982, 3, 1
763091, 0, 1
763103, 1, 1
763104, 2, 0
763107, 3, 0
763216, 0, 0
763228, 1, 0
763229, 2, 1
763232, 3, 1
763341, 0, 1
763353, 1, 1
763354, 2, 0
763357, 3, 1
763466, 0, 0
763478, 1, 0
763479, 2, 0
763482, 3, 0
763591, 0, 0
763603, 1, 0
763604, 2, 1
763607, 3, 0
763716, 0, 1
763728, 1, 1
763729, 2, 1
763732, 3, 1
763841, 0, 0
763853, 1, 0
763854, 2, 0
763857, 3, 0
763966, 0, 1
763978, 1, 1
763979, 2, 1
763982, 3, 1
764091, 0, 1
764103, 1, bit 0
764103, 1, 1
764104, 2, 0
764107, 3, 1
764216, 0, 0
764228, 1, 0
764229, 2, 1
764232, 3, 0
764341, 0, bit 1
764341, 0, 1
764353, 1, 0
764354, 2, 0
764357, 3, 0
764466, 0, 0
764478, 1, 1
764479, 2, bit 1
764479, 2, 1
764482, 3, 1
764591, 0, 0
764603, 1, 0
764604, 2, 0
764607, 3, bit 0
764607, 3, 1
764716, 0, 1
764728, 1, 1
764729, 2, 1
764732, 3, 0
764841, 0, 1
764853, 1, 0
764854, 2, 0
764857, 3, 1
764966, 0, 0
764978, 1, 1
764979, 2, 1
764982, 3, 0
765091, 0, 1
765103, 1, 0
765104, 2, 0
765107, 3, 0
765216, 0, 0
765228, 1, 1
765229, 2, 0
765232, 3, 1
765341, 0, 0
765353, 1, 1
765355, 2, 1
765357, 3, 1
765466, 0, 1
765478, 1, 0
765480, 2, 1
765483, 3, 0
765591, 0, 0
765603, 1, 1
765605, 2, 0
765608, 3, 1
765716, 0, 1
765728, 1, 0
765730, 2, 1
765733, 3, 0
765841, 0, 1
765853, 1, bit 0
765853, 1, 1
765855, 2, 0
765858, 3, 0
765966, 0, 0
765978, 1, 0
765981, 2, 1
765983, 3, 1
766091, 0, bit 0
766091, 0, 0
766103, 1, 0
766106, 2, 0
766108, 3, 1
766216, 0, 1
766228, 1, 1
766231, 2, bit 1
766231, 2, 1
766233, 3, 0
766341, 0, 1
766353, 1, 0
766356, 2, 0
766358, 3, bit 0
766358, 3, 1
766466, 0, 0
766478, 1, 1
766481, 2, 1
766483, 3, 0
766592, 0, 0
766603, 1, 0
766606, 2, 0
766608, 3, 1
766717, 0, 1
766728, 1, 1
766731, 2, 1
766733, 3, 0
766842, 0, 0
766853, 1, 0
766856, 2, 0
766858, 3, 0
766967, 0, 1
766978, 1, 1
766981, 2, 0
766984, 3, 1
767092, 0, 1
767104, 1, 1
767106, 2, 1
767109, 3, 1
767217, 0, 0
767229, 1, 0
767232, 2, 1
767234, 3, 0
767342, 0, 1
767354, 1, 1
767357, 2, 0
767360, 3, 1
767467, 0, 0
767479, 1, 0
767482, 2, 1
767485, 3, 0
767592, 0, 0
767604, 1, bit 1
767604, 1, 0
767607, 2, 0
767610, 3, 0
767717, 0, 1
767729, 1, 1
767732, 2, 1
767735, 3, 1
767842, 0, bit 1
767842, 0, 1
767854, 1, 1
767857, 2, 0
767860, 3, 1
767967, 0, 0
767979, 1, 0
767982, 2, bit 0
767982, 2, 0
767985, 3, 0
768092, 0, 0
768104, 1, 1
768107, 2, 1
768110, 3, bit 1
768110, 3, 0
768217, 0, 1
768229, 1, 0
768232, 2, 0
768235, 3, 1
768342, 0, 1
768354, 1, 1
768357, 2, 1
768360, 3, 0
768467, 0, 0
768479, 1, 0
768482, 2, 0
768485, 3, 1
768592, 0, 1
768604, 1, 1
768607, 2, 1
768610, 3, 1
768717, 0, 0
768729, 1, 0
768732, 2, 1
768735, 3, 0
768842, 0, 0
768854, 1, 0
768857, 2, 0
768860, 3, 0
768967, 0, 1
768979, 1, 1
768982, 2, 0
768985, 3, 1
769092, 0, 0
769104, 1, 0
769107, 2, 1
769111, 3, 0
769217, 0, 1
769229, 1, 1
769232, 2, 0
769236, 3, 1
769342, 0, 1
769354, 1, bit 1
769354, 1, 0
769357, 2, 1
769361, 3, 1
769467, 0, 0
769479, 1, 1
769482, 2, 0
769486, 3, 0
769592, 0, bit 1
769592, 0, 1
769604, 1, 1
769607, 2, 1
769611, 3, 0
769717, 0, 0
769729, 1, 0
769732, 2, bit 1
769732, 2, 1
769736, 3, 1
769842, 0, 0
769854, 1, 1
769857, 2, 0
769861, 3, bit 0
769861, 3, 1
769967, 0, 1
769979, 1, 0
769982, 2, 1
769986, 3, 0
770092, 0, 1
770104, 1, 1
770107, 2, 0
770111, 3, 1
770217, 0, 0
770229, 1, 0
770232, 2, 1
770236, 3, 0
770342, 0, 1
770354, 1, 1
770357, 2, 0
770361, 3, 0
770467, 0, 0
770479, 1, 0
770482, 2, 0
770486, 3, 1
770592, 0, 0
770604, 1, 0
770607, 2, 1
770611, 3, 1
770717, 0, 1
770729, 1, 1
770732, 2, 1
770736, 3, 0
770842, 0, 0
770854, 1, 0
770857, 2, 0
770861, 3, 1
770967, 0, 1
770979, 1, 1
770982, 2, 1
770987, 3, 0
771092, 0, 1
771104, 1, bit 1
771104, 1, 0
771107, 2, 0
771112, 3, 0
771217, 0, 0
771229, 1, 1
771232, 2, 1
771237, 3, 1
771342, 0, bit 0
771342, 0, 0
771354, 1, 1
771357, 2, 0
771362, 3, 1
771467, 0, 1
771479, 1, 0
771482, 2, bit 0
771482, 2, 0
771487, 3, 0
771592, 0, 1
771604, 1, 1
771607, 2, 1
771612, 3, bit 0
771612, 3, 1
771717, 0, 0
771729, 1, 0
771732, 2, 0
771737, 3, 0
771842, 0, 0
771854, 1, 1
771857, 2, 1
771862, 3, 1
771968, 0, 1
771979, 1, 0
771982, 2, 0
771987, 3, 0
772093, 0, 0
772104, 1, 1
772107, 2, 1
772112, 3, 0
772218, 0, 1
772229, 1, 0
772232, 2, 1
772237, 3, 1
772343, 0, 1
772354, 1, 0
772357, 2, 0
772362, 3, 1
772468, 0, 0
772480, 1, 1
772482, 2, 0
772487, 3, 0
772593, 0, 1
772605, 1, 0
772608, 2, 1
772612, 3, 1
772718, 0, 0
772730, 1, 1
772733, 2, 0
772737, 3, 0
772843, 0, 0
772855, 1, bit 0
772855, 1, 1
772858, 2, 1
772862, 3, 0
772968, 0, 1
772980, 1, 0
772983, 2, 0
772987, 3, 1
773093, 0, bit 1
773093, 0, 1
773105, 1, 0
773108, 2, 1
773112, 3, 1
773218, 0, 0
773230, 1, 1
773233, 2, bit 0
773233, 2, 0
773237, 3, 0
773343, 0, 0
773355, 1, 0
773358, 2, 1
773362, 3, bit 1
773362, 3, 0
773468, 0, 1
773480, 1, 1
773483, 2, 0
773487, 3, 1
773593, 0, 1
773605, 1, 0
773608, 2, 1
773612, 3, 0
773718, 0, 0
773730, 1, 1
773733, 2, 0
773737, 3, 1
773843, 0, 1
773855, 1, 0
773858, 2, 1
773862, 3, 1
773968, 0, 0
773980, 1, 1
773983, 2, 1
773987, 3, 0
774093, 0, 0
774105, 1, 1
774108, 2, 0
774112, 3, 0
774218, 0, 1
774230, 1, 0
774233, 2, 0
774237, 3, 1
774343, 0, 0
774355, 1, 1
774359, 2, 1
774362, 3, 0
774468, 0, 1
774480, 1, 0
774484, 2, 0
774487, 3, 1
774593, 0, 1
774605, 1, bit 1
774605, 1, 0
774609, 2, 1
774612, 3, 1
774718, 0, 0
774730, 1, 1
774734, 2, 0
774737, 3, 0
774843, 0, bit 1
774843, 0, 1
774855, 1, 1
774859, 2, 1
774862, 3, 0
774968, 0, 0
774980, 1, 0
774984, 2, bit 1
774984, 2, 1
774987, 3, 1
775093, 0, 0
775105, 1, 1
775109, 2, 0
775112, 3, bit 0
775112, 3, 1
775218, 0, 1
775230, 1, 0
775234, 2, 1
775237, 3, 0
775343, 0, 1
775355, 1, 1
775359, 2, 0
775362, 3, 1
775468, 0, 0
775480, 1, 0
775484, 2, 1
775487, 3, 0
775593, 0, 1
775605, 1, 1
775609, 2, 0
775612, 3, 0
775718, 0, 0
775730, 1, 0
775734, 2, 0
775737, 3, 1
775843, 0, 0
775855, 1, 0
775859, 2, 1
775862, 3, 1
775968, 0, 1
775980, 1, 1
775984, 2, 1
775987, 3, 0
776093, 0, 0
776105, 1, 0
776109, 2, 0
776112, 3, 1
776218, 0, 1
776230, 1, 1
776235, 2, 1
776237, 3, 0
776343, 0, 1
776355, 1, bit 0
776355, 1, 1
776360, 2, 0
776363, 3, 0
776468, 0, 0
776480, 1, 0
776485, 2, 1
776488, 3, 1
776593, 0, bit 1
776593, 0, 1
776605, 1, 0
776610, 2, 0
776613, 3, 1
776718, 0, 0
776730, 1, 1
776735, 2, bit 1
776735, 2, 1
776738, 3, 0
776843, 0, 0
776855, 1, 0
776860, 2, 0
776863, 3, bit 0
776863, 3, 1
776968, 0, 1
776980, 1, 1
776985, 2, 1
776988, 3, 0
777093, 0, 1
777105, 1, 0
777110, 2, 0
777113, 3, 1
777218, 0, 0
777230, 1, 1
777235, 2, 1
777238, 3, 0
777344, 0, 1
777355, 1, 0
777360, 2, 0
777363, 3, 0
777469, 0, 0
777480, 1, 1
777485, 2, 0
777488, 3, 1
777594, 0, 0
777605, 1, 1
777610, 2, 1
777613, 3, 1
777719, 0, 1
777730, 1, 0
777735, 2, 1
777738, 3, 0
777844, 0, 0
777856, 1, 1
777860, 2, 0
777863, 3, 1
777969, 0, 1
777981, 1, 0
777985, 2, 1
777988, 3, 0
778094, 0, 1
778106, 1, bit 0
778106, 1, 1
778110, 2, 0
778113, 3, 0
778219, 0, 0
778231, 1, 0
778235, 2, 1
778238, 3, 1
778344, 0, bit 0
778344, 0, 0
778356, 1, 0
778360, 2, 0
778363, 3, 1
778469, 0, 1
778481, 1, 1
778485, 2, bit 1
778488, 2, 1
778488, 3, 0
778594, 0, 1
778606, 1, 0
778610, 2, 0
778613, 3, bit 0
778613, 3, 1
778719, 0, 0
778731, 1, 1
778735, 2, 1
778738, 3, 0
778844, 0, 0
778856, 1, 0
778860, 2, 0
778863, 3, 1
778969, 0, 1
778981, 1, 1
778985, 2, 1
778988, 3, 0
779094, 0, 0
779106, 1, 0
779110, 2, 0
779113, 3, 0
779219, 0, 1
779231, 1, 1
779235, 2, 0
779238, 3, 1
779344, 0, 1
779356, 1, 1
779360, 2, 1
779363, 3, 1
779469, 0, 0
779481, 1, 0
779485, 2, 1
779488, 3, 0
779594, 0, 1
779606, 1, 1
779610, 2, 0
779613, 3, 1
779719, 0, 0
779731, 1, 0
779735, 2, 1
779738, 3, 0
779844, 0, 0
779856, 1, bit 0
779856, 1, 1
779860, 2, 0
779863, 3, 0
779969, 0, 1
779981, 1, 0
779985, 2, 1
779988, 3, 1
780094, 0, bit 1
780094, 0, 1
780106, 1, 0
780110, 2, 0
780113, 3, 1
780219, 0, 0
780231, 1, 1
780235, 2, bit 1
780235, 2, 1
780238, 3, 0
780344, 0, 0
780356, 1, 0
780360, 2, 0
780363, 3, bit 1
780363, 3, 0
780469, 0, 1
780481, 1, 1
780485, 2, 1
780488, 3, 1
780594, 0, 1
780606, 1, 0
780610, 2, 0
780613, 3, 0
780719, 0, 0
780731, 1, 1
780735, 2, 1
780738, 3, 1
780844, 0, 1
780856, 1, 0
780860, 2, 0
780863, 3, 1
780969, 0, 0
780981, 1, 1
780985, 2, 0
780988, 3, 0
781094, 0, 0
781106, 1, 1
781110, 2, 1
781113, 3, 0
781219, 0, 1
781231, 1, 0
781235, 2, 1
781238, 3, 1
781344, 0, 0
781356, 1, 1
781360, 2, 0
781363, 3, 0
781469, 0, 1
781481, 1, 0
781485, 2, 1
781488, 3, 1
781594, 0, 1
781606, 1, bit 0
781606, 1, 1
781611, 2, 0
781613, 3, 1
781719, 0, 0
781731, 1, 0
781736, 2, 1
781739, 3, 0
781844, 0, bit 0
781844, 0, 0
781856, 1, 0
781861, 2, 0
781864, 3, 0
781969, 0, 1
781981, 1, 1
781986, 2, bit 1
781986, 2, 1
781989, 3, 1
782094, 0, 1
782106, 1, 0
782111, 2, 0
782114, 3, bit 1
782114, 3, 0
782219, 0, 0
782231, 1, 1
782236, 2, 1
782239, 3, 1
782344, 0, 0
782356, 1, 0
782361, 2, 0
782364, 3, 0
782469, 0, 1
782481, 1, 1
782486, 2, 1
782489, 3, 1
782594, 0, 0
782606, 1, 0
782611, 2, 0
782614, 3, 1
782720, 0, 1
782731, 1, 1
782736, 2, 0
782739, 3, 0
782845, 0, 1
782856, 1, 1
782861, 2, 1
782864, 3, 0
782970, 0, 0
782981, 1, 0
782986, 2, 1
782989, 3, 1
783095, 0, 1
783106, 1, 1
783111, 2, 0
783114, 3, 0
783220, 0, 0
783232, 1, 0
783236, 2, 1
783239, 3, 1
783345, 0, 0
783357, 1, bit 0
783357, 1, 1
783361, 2, 0
783364, 3, 1
783470, 0, 1
783482, 1, 0
783486, 2, 1
783489, 3, 0
783595, 0, bit 0
783595, 0, 0
783607, 1, 0
783611, 2, 0
783614, 3, 0
783720, 0, 1
783732, 1, 1
783736, 2, bit 1
783739, 2, 1
783739, 3, 1
783845, 0, 1
783857, 1, 0
783861, 2, 0
783864, 3, bit 0
783864, 3, 1
783970, 0, 0
783982, 1, 1
783986, 2, 1
783989, 3, 0
784095, 0, 0
784107, 1, 0
784111, 2, 0
784114, 3, 1
784220, 0, 1
784232, 1, 1
784236, 2, 1
784239, 3, 0
784345, 0, 0
784357, 1, 0
784361, 2, 0
784364, 3, 0
784470, 0, 1
784482, 1, 1
784486, 2, 0
784489, 3, 1
784595, 0, 1
784607, 1, 1
784611, 2, 1
784614, 3, 1
784720, 0, 0
784732, 1, 0
784736, 2, 1
784739, 3, 0
784845, 0, 1
784857, 1, 1
784861, 2, 0
784864, 3, 1
784970, 0, 0
784982, 1, 0
784986, 2, 1
784989, 3, 0
785095, 0, 0
785107, 1, bit 1
785107, 1, 0
785111, 2, 0
785114, 3, 0
785220, 0, 1
785232, 1, 1
785236, 2, 1
785239, 3, 1
785345, 0, bit 1
785345, 0, 1
785357, 1, 1
785361, 2, 0
785364, 3, 1
785470, 0, 0
785482, 1, 0
785486, 2, bit 1
785486, 2, 1
785489, 3, 0
785595, 0, 0
785607, 1, 1
785611, 2, 0
785614, 3, bit 1
785614, 3, 0
785720, 0, 1
785732, 1, 0
785736, 2, 1
785739, 3, 1
785845, 0, 1
785865, 1, 1
785865, 2, 0
785866, 3, 0
785970, 0, 0
785990, 1, 0
785990, 2, 1
785991, 3, 1
786095, 0, 1
786115, 1, 1
786115, 2, 0
786116, 3, 1
786220, 0, 0
786240, 1, 0
786240, 2, 0
786241, 3, 0
786345, 0, 0
786365, 1, 0
786365, 2, 1
786366, 3, 0
786470, 0, 1
786490, 1, 1
786490, 2, 1
786491, 3, 1
786595, 0, 0
786615, 2, 0
786615, 1, 0
786616, 3, 0
786720, 0, 1
786740, 1, 1
786740, 2, 1
786741, 3, 1
786845, 0, 1
786865, 1, bit 0
786865, 1, 1
786866, 2, 0
786866, 3, 1
786970, 0, 0
786990, 1, 0
786991, 2, 1
786991, 3, 0
787095, 0, bit 0
787095, 0, 0
787115, 1, 0
787116, 3, 0
787116, 2, 0
787220, 0, 1
787240, 1, 1
787241, 2, bit 0
787241, 2, 0
787243, 3, 1
787345, 0, 1
787365, 1, 0
787366, 2, 1
787368, 3, bit 0
787368, 3, 1
787470, 0, 0
787490, 1, 1
787491, 2, 0
787493, 3, 0
787595, 0, 0
787615, 1, 0
787616, 2, 1
787618, 3, 1
787720, 0, 1
787740, 1, 1
787741, 2, 0
787743, 3, 0
787845, 0, 0
787865, 1, 0
787866, 2, 1
787868, 3, 0
787970, 0, 1
787990, 1, 1
787991, 2, 1
787993, 3, 1
788096, 0, 1
788115, 1, 1
788116, 2, 0
788118, 3, 1
788221, 0, 0
788240, 1, 0
788241, 2, 0
788243, 3, 0
788346, 0, 1
788365, 1, 1
788366, 2, 1
788368, 3, 1
788471, 0, 0
788490, 1, 0
788491, 2, 0
788493, 3, 0
788596, 0, 0
788615, 1, bit 1
788615, 1, 0
788616, 2, 1
788618, 3, 0
788721, 0, 1
788740, 1, 1
788741, 2, 0
788743, 3, 1
788846, 0, bit 1
788846, 0, 1
788865, 1, 1
788866, 2, 1
788868, 3, 1
788971, 0, 0
788990, 1, 0
788992, 2, bit 1
788995, 2, 1
788995, 3, 0
789096, 0, 0
789115, 1, 1
789117, 2, 0
789120, 3, bit 1
789120, 3, 0
789221, 0, 1
789240, 1, 0
789242, 2, 1
789245, 3, 1
789346, 0, 1
789365, 1, 1
789367, 2, 0
789370, 3, 0
789471, 0, 0
789490, 1, 0
789492, 2, 1
789495, 3, 1
789596, 0, 1
789615, 1, 1
789617, 2, 0
789620, 3, 1
789721, 0, 0
789740, 1, 0
789742, 2, 0
789745, 3, 0
789846, 0, 0
789865, 1, 0
789867, 2, 1
789870, 3, 0
789971, 0, 1
789990, 1, 1
789992, 2, 1
789995, 3, 1
790096, 0, 0
790115, 1, 0
790117, 2, 0
790120, 3, 0
790221, 0, 1
790240, 1, 1
790242, 2, 1
790245, 3, 1
790346, 0, 1
790365, 1, bit 1
790365, 1, 0
790367, 2, 0
790370, 3, 1
790471, 0, 0
790490, 1, 1
790492, 2, 1
790495, 3, 0
790596, 0, bit 0
790596, 0, 0
790615, 1, 1
790617, 2, 0
790620, 3, 0
790721, 0, 1
790740, 1, 0
790742, 2, bit 1
790742, 2, 1
790745, 3, 1
790846, 0, 1
790865, 1, 1
790867, 2, 0
790870, 3, bit 0
790870, 3, 1
790971, 0, 0
790990, 1, 0
790992, 2, 1
790995, 3, 0
791096, 0, 0
791115, 1, 1
791117, 2, 0
791120, 3, 1
791221, 0, 1
791240, 1, 0
791242, 2, 1
791245, 3, 0
791346, 0, 0
791365, 1, 1
791367, 2, 0
791370, 3, 0
791471, 0, 1
791490, 1, 0
791492, 2, 0
791495, 3, 1
791596, 0, 1
791615, 1, 0
791617, 2, 1
791620, 3, 1
791721, 0, 0
791740, 1, 1
791742, 2, 1
791745, 3, 0
791846, 0, 1
791865, 1, 0
791867, 2, 0
791870, 3, 1
791971, 0, 0
791990, 1, 1
791992, 2, 1
791995, 3, 0
792096, 0, 0
792115, 1, bit 1
792115, 1, 0
792117, 2, 0
792120, 3, 0
792221, 0, 1
792240, 1, 1
792242, 2, 1
792245, 3, 1
792346, 0, bit 1
792346, 0, 1
792365, 1, 1
792367, 2, 0
792370, 3, 1
792471, 0, 0
792491, 1, 0
792492, 2, bit 0
792492, 2, 0
792495, 3, 0
792596, 0, 0
792616, 1, 1
792617, 2, 1
792620, 3, bit 0
792620, 3, 1
792721, 0, 1
792741, 1, 0
792742, 2, 0
792745, 3, 0
792846, 0, 1
792866, 1, 1
792867, 2, 1
792870, 3, 1
792971, 0, 0
792991, 1, 0
792992, 2, 0
792995, 3, 0
793096, 0, 1
793116, 1, 1
793117, 2, 1
793120, 3, 0
793221, 0, 0
793241, 1, 0
793242, 2, 1
793245, 3, 1
793346, 0, 0
793366, 1, 0
793367, 2, 0
793370, 3, 1
793472, 0, 1
793491, 1, 1
793492, 2, 0
793495, 3, 0
793597, 0, 0
793616, 1, 0
793617, 2, 1
793620, 3, 1
793722, 0, 1
793741, 1, 1
793742, 2, 0
793745, 3, 0
793847, 0, 1
793866, 1, bit 1
793866, 1, 0
793867, 2, 1
793870, 3, 0
793972, 0, 0
793991, 1, 1
793992, 2, 0
793995, 3, 1
794097, 0, bit 1
794097, 0, 1
794116, 1, 1
794117, 2, 1
794120, 3, 1
794222, 0, 0
794241, 1, 0
794244, 2, bit 0
794244, 2, 0
794245, 3, 0
794347, 0, 0
794366, 1, 1
794369, 2, 1
794370, 3, bit 0
794370, 3, 1
794472, 0, 1
794491, 1, 0
794494, 2, 0
794496, 3, 0
794597, 0, 1
794616, 1, 1
794619, 2, 1
794621, 3, 1
794722, 0, 0
794741, 1, 0
794744, 2, 0
794746, 3, 0
794847, 0, 1
794866, 1, 1
794869, 2, 1
794871, 3, 0
794972, 0, 0
794991, 1, 0
794994, 2, 1
794996, 3, 1
795097, 0, 0
795116, 1, 0
795119, 2, 0
795121, 3, 1
795222, 0, 1
795241, 1, 1
795244, 2, 0
795246, 3, 0
795347, 0, 0
795366, 1, 0
795369, 2, 1
795371, 3, 1
795472, 0, 1
795491, 1, 1
795494, 2, 0
795496, 3, 0
795597, 0, 1
795616, 1, bit 1
795616, 1, 0
795619, 2, 1
795621, 3, 0
795722, 0, 0
795741, 1, 1
795744, 2, 0
795746, 3, 1
795847, 0, bit 0
795847, 0, 0
795866, 1, 1
795869, 2, 1
795871, 3, 1
795972, 0, 1
795991, 1, 0
795994, 2, bit 0
795994, 2, 0
795996, 3, 0
796097, 0, 1
796116, 1, 1
796119, 2, 1
796121, 3, bit 0
796121, 3, 1
796222, 0, 0
796241, 1, 0
796244, 2, 0
796248, 3, 0
796347, 0, 0
796366, 1, 1
796369, 2, 1
796374, 3, 1
796472, 0, 1
796491, 1, 0
796494, 2, 0
796499, 3, 0
796597, 0, 0
796616, 1, 1
796619, 2, 1
796624, 3, 0
796722, 0, 1
796741, 1, 0
796744, 2, 1
796749, 3, 1
796847, 0, 1
796866, 1, 0
796869, 2, 0
796874, 3, 1
796972, 0, 0
796991, 1, 1
796994, 2, 0
796999, 3, 0
797097, 0, 1
797116, 1, 0
797119, 2, 1
797124, 3, 1
797222, 0, 0
797241, 1, 1
797244, 2, 0
797249, 3, 0
797347, 0, 0
797366, 1, bit 0
797366, 1, 1
797369, 2, 1
797374, 3, 0
797472, 0, 1
797491, 1, 0
797494, 2, 0
797499, 3, 1
797597, 0, bit 1
797597, 0, 1
797616, 1, 0
797619, 2, 1
797624, 3, 1
797722, 0, 0
797741, 1, 1
797744, 2, bit 1
797744, 2, 1
797749, 3, 0
797847, 0, 0
797867, 1, 0
797869, 2, 0
797874, 3, bit 0
797874, 3, 1
797972, 0, 1
797992, 1, 1
797995, 2, 1
797999, 3, 0
798097, 0, 1
798117, 1, 0
798120, 2, 0
798124, 3, 1
798222, 0, 0
798242, 1, 1
798245, 2, 1
798249, 3, 0
798347, 0, 1
798367, 1, 0
798370, 2, 0
798374, 3, 0
798472, 0, 0
798492, 1, 1
798495, 2, 0
798499, 3, 1
798597, 0, 0
798617, 1, 1
798620, 2, 1
798624, 3, 1
798722, 0, 1
798742, 1, 0
798745, 2, 1
798749, 3, 0
798848, 0, 0
798867, 1, 1
798870, 2, 0
798874, 3, 1
798973, 0, 1
798992, 1, 0
798995, 2, 1
798999, 3, 0
799098, 0, 1
799117, 1, bit 1
799117, 1, 0
799120, 2, 0
799124, 3, 0
799223, 0, 0
799242, 1, 1
799245, 2, 1
799249, 3, 1
799348, 0, bit 0
799348, 0, 0
799367, 1, 1
799370, 2, 0
799374, 3, 1
799473, 0, 1
799492, 1, 0
799495, 2, bit 0
799495, 2, 0
799499, 3, 0
799598, 0, 1
799617, 1, 1
799620, 2, 1
799624, 3, bit 1
799624, 3, 0
799723, 0, 0
799742, 1, 0
799745, 2, 0
799749, 3, 1
799848, 0, 0
799867, 1, 1
799870, 2, 1
799874, 3, 0
799973, 0, 1
799992, 1, 0
799995, 2, 0
800000, 3, 1
800098, 0, 0
800117, 1, 1
800120, 2, 1
800125, 3, 1
800223, 0, 1
800242, 1, 0
800245, 2, 1
800250, 3, 0
800348, 0, 1
800367, 1, 0
800370, 2, 0
800375, 3, 0
800473, 0, 0
800492, 1, 1
800495, 2, 0
800500, 3, 1
800598, 0, 1
800617, 1, 0
800620, 2, 1
800625, 3, 0
800723, 0, 0
800742, 1, 1
800745, 2, 0
800750, 3, 1
800848, 0, 0
800867, 1, bit 1
800867, 1, 0
800870, 2, 1
800875, 3, 1
800973, 0, 1
800992, 1, 1
800995, 2, 0
801000, 3, 0
801098, 0, bit 1
801098, 0, 1
801117, 1, 1
801120, 2, 1
801125, 3, 0
801223, 0, 0
801242, 1, 0
801245, 2, bit 0
801245, 2, 0
801250, 3, 1
801348, 0, 0
801367, 1, 1
801370, 2, 1
801375, 3, bit 1
801375, 3, 0
801473, 0, 1
801492, 1, 0
801495, 2, 0
801500, 3, 1
801598, 0, 1
801617, 1, 1
801620, 2, 1
801625, 3, 0
801723, 0, 0
801742, 1, 0
801745, 2, 0
801750, 3, 1
801848, 0, 1
801867, 1, 1
801870, 2, 1
801875, 3, 1
801973, 0, 0
801992, 1, 0
801995, 2, 1
802000, 3, 0
802098, 0, 0
802117, 1, 0
802120, 2, 0
802125, 3, 0
802223, 0, 1
802242, 1, 1
802245, 2, 0
802250, 3, 1
802348, 0, 0
802367, 1, 0
802370, 2, 1
802375, 3, 0
802473, 0, 1
802492, 1, 1
802495, 2, 0
802500, 3, 1
802598, 0, 1
802617, 1, bit 0
802617, 1, 1
802620, 2, 1
802625, 3, 1
802723, 0, 0
802742, 1, 0
802745, 2, 0
802750, 3, 0
802848, 0, bit 1
802848, 0, 1
802867, 1, 0
802870, 2, 1
802875, 3, 0
802973, 0, 0
802992, 1, 1
802995, 2, bit 0
802995, 2, 0
803000, 3, 1
803098, 0, 0
803117, 1, 0
803120, 2, 1
803125, 3, bit 0
803125, 3, 1
803223, 0, 1
803243, 1, 1
803245, 2, 0
803250, 3, 0
803348, 0, 1
803368, 1, 0
803371, 2, 1
803375, 3, 1
803473, 0, 0
803493, 1, 1
803496, 2, 0
803500, 3, 0
803598, 0, 1
803618, 1, 0
803621, 2, 1
803625, 3, 0
803723, 0, 0
803743, 1, 1
803746, 2, 1
803750, 3, 1
803848, 0, 0
803868, 1, 1
803871, 2, 0
803875, 3, 1
803973, 0, 1
803993, 1, 0
803996, 2, 0
804000, 3, 0
804098, 0, 0
804118, 1, 1
804121, 2, 1
804125, 3, 1
804224, 0, 1
804243, 1, 0
804246, 2, 0
804250, 3, 0
804349, 0, 1
804368, 1, bit 1
804368, 1, 0
804371, 2, 1
804375, 3, 0
804474, 0, 0
804493, 1, 1
804496, 2, 0
804500, 3, 1
804599, 0, bit 0
804599, 0, 0
804618, 1, 1
804621, 2, 1
804625, 3, 1
804724, 0, 1
804743, 1, 0
804746, 2, bit 0
804746, 2, 0
804750, 3, 0
804849, 0, 1
804868, 1, 1
804871, 2, 1
804875, 3, bit 1
804875, 3, 0
804974, 0, 0
804993, 1, 0
804996, 2, 0
805000, 3, 1
805099, 0, 0
805118, 1, 1
805121, 2, 1
805125, 3, 0
805224, 0, 1
805243, 1, 0
805246, 2, 0
805250, 3, 1
805349, 0, 0
805368, 1, 1
805371, 2, 1
805376, 3, 1
805474, 0, 1
805493, 1, 0
805496, 2, 1
805501, 3, 0
805599, 0, 1
805618, 1, 0
805621, 2, 0
805626, 3, 0
805724, 0, 0
805743, 1, 1
805746, 2, 0
805751, 3, 1
805849, 0, 1
805868, 1, 0
805871, 2, 1
805876, 3, 0
805974, 0, 0
805993, 1, 1
805996, 2, 0
806001, 3, 1
806099, 0, 0
806118, 1, bit 0
806118, 1, 1
806121, 2, 1
806126, 3, 1
806224, 0, 1
806243, 1, 0
806246, 2, 0
806251, 3, 0
806349, 0, bit 1
806349, 0, 1
806368, 1, 0
806371, 2, 1
806376, 3, 0
806474, 0, 0
806493, 1, 1
806496, 2, bit 0
806496, 2, 0
806501, 3, 1
806599, 0, 0
806618, 1, 0
806621, 2, 1
806626, 3, bit 1
806626, 3, 0
806724, 0, 1
806743, 1, 1
806746, 2, 0
806751, 3, 1
806849, 0, 1
806868, 1, 0
806871, 2, 1
806876, 3, 0
806974, 0, 0
806993, 1, 1
806996, 2, 0
807001, 3, 1
807099, 0, 1
807118, 1, 0
807121, 2, 1
807126, 3, 1
807224, 0, 0
807243, 1, 1
807246, 2, 1
807251, 3, 0
807349, 0, 0
807368, 1, 1
807371, 2, 0
807376, 3, 0
807474, 0, 1
807493, 1, 0
807496, 2, 0
807501, 3, 1
807599, 0, 0
807618, 1, 1
807621, 2, 1
807626, 3, 0
807724, 0, 1
807743, 1, 0
807746, 2, 0
807751, 3, 1
807849, 0, 1
807868, 1, bit 1
807868, 1, 0
807871, 2, 1
807876, 3, 1
807974, 0, 0
807993, 1, 1
807996, 2, 0
808001, 3, 0
808099, 0, bit 0
808099, 0, 0
808118, 1, 1
808121, 2, 1
808126, 3, 0
808224, 0, 1
808243, 1, 0
808246, 2, bit 1
808246, 2, 1
808251, 3, 1
808349, 0, 1
808368, 1, 1
808371, 2, 0
808376, 3, bit 1
808376, 3, 0
808474, 0, 0
808493, 1, 0
808496, 2, 1
808501, 3, 1
808599, 0, 0
808619, 1, 1
808621, 2, 0
808626, 3, 0
808724, 0, 1
808744, 1, 0
808747, 2, 1
808751, 3, 1
808849, 0, 0
808869, 1, 1
808872, 2, 0
808876, 3, 1
808974, 0, 1
808994, 1, 0
808997, 2, 0
809001, 3, 0
809099, 0, 1
809119, 1, 0
809122, 2, 1
809126, 3, 0
809224, 0, 0
809244, 1, 1
809247, 2, 1
809251, 3, 1
809349, 0, 1
809369, 1, 0
809372, 2, 0
809376, 3, 0
809474, 0, 0
809494, 1, 1
809497, 2, 1
809501, 3, 1
809600, 0, 0
809619, 1, bit 0
809619, 1, 1
809622, 2, 0
809626, 3, 1
809725, 0, 1
809744, 1, 0
809747, 2, 1
809751, 3, 0
809850, 0, bit 0
809850, 0, 0
809869, 1, 0
809872, 2, 0
809876, 3, 0
809975, 0, 1
809994, 1, 1
809997, 2, bit 0
809997, 2, 0
810001, 3, 1
810100, 0, 1
810119, 1, 0
810122, 2, 1
810126, 3, bit 1
810126, 3, 0
810225, 0, 0
810244, 1, 1
810247, 2, 0
810251, 3, 1
810350, 0, 0
810369, 1, 0
810372, 2, 1
810376, 3, 0
810475, 0, 1
810494, 1, 1
810497, 2, 0
810501, 3, 1
810600, 0, 0
810619, 1, 0
810622, 2, 1
810626, 3, 1
810725, 0, 1
810744, 1, 1
810747, 2, 1
810752, 3, 0
810850, 0, 1
810869, 1, 1
810872, 2, 0
810877, 3, 0
810975, 0, 0
810994, 1, 0
810997, 2, 0
811002, 3, 1
811100, 0, 1
811119, 1, 1
811122, 2, 1
811127, 3, 0
811225, 0, 0
811244, 1, 0
811247, 2, 0
811252, 3, 1
811350, 0, 0
811369, 1, bit 0
811369, 1, 1
811372, 2, 1
811377, 3, 1
811475, 0, 1
811494, 1, 0
811497, 2, 0
811502, 3, 0
811600, 0, bit 0
811600, 0, 0
811619, 1, 0
811622, 2, 1
811627, 3, 0
811725, 0, 1
811744, 1, 1
811747, 2, bit 0
811747, 2, 0
811752, 3, 1
811850, 0, 1
811869, 1, 0
811872, 2, 1
811877, 3, bit 0
811877, 3, 1
811975, 0, 0
811994, 1, 1
811997, 2, 0
812002, 3, 0
812100, 0, 0
812119, 1, 0
812122, 2, 1
812127, 3, 1
812225, 0, 1
812244, 1, 1
812247, 2, 0
812252, 3, 0
812350, 0, 0
812369, 1, 0
812372, 2, 1
812377, 3, 0
812475, 0, 1
812494, 1, 1
812497, 2, 1
812502, 3, 1
812600, 0, 1
812619, 1, 1
812622, 2, 0
812627, 3, 1
812725, 0, 0
812744, 1, 0
812747, 2, 0
812752, 3, 0
812850, 0, 1
812869, 1, 1
812872, 2, 1
812877, 3, 1
812975, 0, 0
812994, 1, 0
812997, 2, 0
813002, 3, 0
813100, 0, 0
813119, 1, bit 0
813122, 1, 1
813122, 2, 1
813127, 3, 0
813225, 0, 1
813244, 1, 0
813247, 2, 0
813252, 3, 1
813350, 0, bit 0
813350, 0, 0
813369, 1, 0
813372, 2, 1
813377, 3, 1
813475, 0, 1
813494, 1, 1
813497, 2, bit 1
813497, 2, 1
813502, 3, 0
813600, 0, 1
813619, 1, 0
813622, 2, 0
813627, 3, bit 0
813627, 3, 1
813725, 0, 0
813744, 1, 1
813747, 2, 1
813752, 3, 0
813850, 0, 0
813869, 1, 0
813872, 2, 0
813877, 3, 1
813975, 0, 1
813995, 1, 1
813997, 2, 1
814002, 3, 0
814100, 0, 0
814120, 1, 0
814124, 2, 0
814127, 3, 0
814225, 0, 1
814245, 1, 1
814249, 2, 0
814252, 3, 1
814350, 0, 1
814370, 1, 1
814374, 2, 1
814377, 3, 1
814475, 0, 0
814495, 1, 0
814499, 2, 1
814502, 3, 0
814600, 0, 1
814620, 1, 1
814624, 2, 0
814627, 3, 1
814725, 0, 0
814745, 1, 0
814749, 2, 1
814752, 3, 0
814850, 0, 0
814870, 1, bit 1
814870, 1, 0
814874, 2, 0
814877, 3, 0
814976, 0, 1
814995, 1, 1
814999, 2, 1
815002, 3, 1
815101, 0, bit 0
815101, 0, 0
815120, 1, 1
815124, 2, 0
815127, 3, 1
815226, 0, 1
815245, 1, 0
815249, 2, bit 0
815249, 2, 0
815252, 3, 0
815351, 0, 1
815370, 1, 1
815374, 2, 1
815377, 3, bit 1
815377, 3, 0
815476, 0, 0
815495, 1, 0
815499, 2, 0
815502, 3, 1
815601, 0, 0
815620, 1, 1
815624, 2, 1
815627, 3, 0
815726, 0, 1
815745, 1, 0
815749, 2, 0
815752, 3, 1
815851, 0, 0
815870, 1, 1
815874, 2, 1
815877, 3, 1
815976, 0, 1
815995, 1, 0
816000, 2, 1
816002, 3, 0
816101, 0, 1
816120, 1, 0
816125, 2, 0
816128, 3, 0
816226, 0, 0
816245, 1, 1
816250, 2, 0
816253, 3, 1
816351, 0, 1
816370, 1, 0
816375, 2, 1
816378, 3, 0
816476, 0, 0
816495, 1, 1
816500, 2, 0
816503, 3, 1
816601, 0, 0
816620, 1, bit 1
816620, 1, 0
816625, 2, 1
816628, 3, 1
816726, 0, 1
816745, 1, 1
816750, 2, 0
816753, 3, 0
816851, 0, bit 0
816851, 0, 0
816870, 1, 1
816875, 2, 1
816878, 3, 0
816976, 0, 1
816995, 1, 0
817000, 2, bit 0
817000, 2, 0
817003, 3, 1
817101, 0, 1
817120, 1, 1
817125, 2, 1
817128, 3, bit 1
817128, 3, 0
817226, 0, 0
817245, 1, 0
817250, 2, 0
817253, 3, 1
817351, 0, 0
817370, 1, 1
817375, 2, 1
817378, 3, 0
817476, 0, 1
817495, 1, 0
817500, 2, 0
817503, 3, 1
817601, 0, 0
817620, 1, 1
817625, 2, 1
817628, 3, 1
817726, 0, 1
817745, 1, 0
817750, 2, 1
817753, 3, 0
817851, 0, 1
817870, 1, 0
817875, 2, 0
817878, 3, 0
817976, 0, 0
817995, 1, 1
818000, 2, 0
818003, 3, 1
818101, 0, 1
818120, 1, 0
818125, 2, 1
818128, 3, 0
818226, 0, 0
818245, 1, 1
818250, 2, 0
818253, 3, 1
818351, 0, 0
818370, 1, bit 1
818373, 1, 0
818375, 2, 1
818378, 3, 1
818476, 0, 1
818495, 1, 1
818500, 2, 0
818503, 3, 0
818601, 0, bit 0
818601, 0, 0
818620, 1, 1
818625, 2, 1
818628, 3, 0
818726, 0, 1
818745, 1, 0
818750, 2, bit 0
818750, 2, 0
818753, 3, 1
818851, 0, 1
818870, 1, 1
818875, 2, 1
818878, 3, bit 0
818878, 3, 1
818976, 0, 0
818995, 1, 0
819000, 2, 0
819003, 3, 0
819101, 0, 0
819120, 1, 1
819125, 2, 1
819128, 3, 1
819226, 0, 1
819245, 1, 0
819250, 2, 0
819253, 3, 0
819351, 0, 0
819371, 1, 1
819375, 2, 1
819378, 3, 0
819476, 0, 1
819496, 1, 0
819500, 2, 1
819503, 3, 1
819601, 0, 1
819621, 1, 0
819625, 2, 0
819628, 3, 1
819726, 0, 0
819746, 1, 1
819750, 2, 0
819753, 3, 0
819851, 0, 1
819871, 1, 0
819875, 2, 1
819878, 3, 1
819976, 0, 0
819996, 1, 1
820000, 2, 0
820003, 3, 0
820101, 0, 0
820121, 1, bit 1
820121, 1, 0
820125, 2, 1
820128, 3, 0
820226, 0, 1
820246, 1, 1
820250, 2, 0
820253, 3, 1
820352, 0, bit 1
820352, 0, 1
820371, 1, 1
820375, 2, 1
820378, 3, 1
820477, 0, 0
820496, 1, 0
820500, 2, bit 1
820500, 2, 1
820503, 3, 0
820602, 0, 0
820621, 1, 1
820625, 2, 0
820628, 3, bit 0
820628, 3, 1
820727, 0, 1
820746, 1, 0
820750, 2, 1
820753, 3, 0
820852, 0, 1
820871, 1, 1
820875, 2, 0
820878, 3, 1
820977, 0, 0
820996, 1, 0
821000, 2, 1
821003, 3, 0
821102, 0, 1
821121, 1, 1
821125, 2, 0
821128, 3, 0
821227, 0, 0
821246, 1, 0
821250, 2, 0
821253, 3, 1
821352, 0, 0
821371, 1, 0
821376, 2, 1
821378, 3, 1
821477, 0, 1
821496, 1, 1
821501, 2, 1
821504, 3, 0
821602, 0, 0
821621, 1, 0
821626, 2, 0
821629, 3, 1
821727, 0, 1
821746, 1, 1
821751, 2, 1
821754, 3, 0
821852, 0, 1
821871, 1, bit 1
821871, 1, 0
821876, 2, 0
821879, 3, 0
821977, 0, 0
821996, 1, 1
822001, 2, 1
822004, 3, 1
822102, 0, bit 0
822102, 0, 0
822121, 1, 1
822126, 2, 0
822129, 3, 1
822227, 0, 1
822246, 1, 0
822251, 2, bit 0
822251, 2, 0
822254, 3, 0
822352, 0, 1
822371, 1, 1
822376, 2, 1
822379, 3, bit 0
822379, 3, 1
822477, 0, 0
822496, 1, 0
822501, 2, 0
822504, 3, 0
822602, 0, 0
822621, 1, 1
822626, 2, 1
822629, 3, 1
822727, 0, 1
822746, 1, 0
822751, 2, 0
822754, 3, 0
822852, 0, 0
822871, 1, 1
822876, 2, 1
822879, 3, 0
822977, 0, 1
822996, 1, 0
823001, 2, 1
823004, 3, 1
823102, 0, 1
823121, 1, 0
823126, 2, 0
823129, 3, 1
823227, 0, 0
823246, 1, 1
823251, 2, 0
823254, 3, 0
823352, 0, 1
823371, 1, 0
823376, 2, 1
823379, 3, 1
823477, 0, 0
823496, 1, 1
823501, 2, 0
823504, 3, 0
823602, 0, 0
823621, 1, bit 1
823621, 1, 0
823626, 2, 1
823629, 3, 0
823727, 0, 1
823746, 1, 1
823751, 2, 0
823754, 3, 1
823852, 0, bit 1
823852, 0, 1
823871, 1, 1
823876, 2, 1
823879, 3, 1
823977, 0, 0
823996, 1, 0
824001, 2, bit 0
824001, 2, 0
824004, 3, 0
824102, 0, 0
824121, 1, 1
824126, 2, 1
824129, 3, bit 1
824129, 3, 0
824227, 0, 1
824246, 1, 0
824251, 2, 0
824254, 3, 1
824352, 0, 1
824371, 1, 1
824376, 2, 1
824379, 3, 0
824477, 0, 0
824496, 1, 0
824501, 2, 0
824504, 3, 1
824602, 0, 1
824621, 1, 1
824626, 2, 1
824629, 3, 1
824727, 0, 0
824747, 1, 0
824751, 2, 1
824754, 3, 0
824852, 0, 0
824872, 1, 0
824876, 2, 0
824879, 3, 0
824977, 0, 1
824997, 1, 1
825001, 2, 0
825004, 3, 1
825102, 0, 0
825122, 1, 0
825126, 2, 1
825129, 3, 0
825227, 0, 1
825247, 1, 1
825251, 2, 0
825254, 3, 1
825352, 0, 1
825372, 1, bit 0
825372, 1, 1
825376, 2, 1
825379, 3, 1
825477, 0, 0
825497, 1, 0
825501, 2, 0
825504, 3, 0
825602, 0, bit 0
825602, 0, 0
825622, 1, 0
825626, 2, 1
825629, 3, 0
825728, 0, 1
825747, 1, 1
825751, 2, bit 1
825751, 2, 1
825754, 3, 1
825853, 0, 1
825872, 1, 0
825876, 2, 0
825879, 3, bit 0
825879, 3, 1
825978, 0, 0
825997, 1, 1
826001, 2, 1
826004, 3, 0
826103, 0, 0
826122, 1, 0
826126, 2, 0
826129, 3, 1
826228, 0, 1
826247, 1, 1
826251, 2, 1
826254, 3, 0
826353, 0, 0
826372, 1, 0
826376, 2, 0
826379, 3, 0
826478, 0, 1
826497, 1, 1
826501, 2, 0
826504, 3, 1
826603, 0, 1
826622, 1, 1
826626, 2, 1
826629, 3, 1
826728, 0, 0
826747, 1, 0
826752, 2, 1
826754, 3, 0
826853, 0, 1
826872, 1, 1
826877, 2, 0
826880, 3, 1
826978, 0, 0
826997, 1, 0
827002, 2, 1
827005, 3, 0
827103, 0, 0
827122, 1, bit 1
827122, 1, 0
827127, 2, 0
827130, 3, 0
827228, 0, 1
827247, 1, 1
827252, 2, 1
827255, 3, 1
827353, 0, bit 0
827353, 0, 0
827372, 1, 1
827377, 2, 0
827380, 3, 1
827478, 0, 1
827497, 1, 0
827502, 2, bit 1
827502, 2, 1
827505, 3, 0
827603, 0, 1
827622, 1, 1
827627, 2, 0
827630, 3, bit 0
827630, 3, 1
827728, 0, 0
827747, 1, 0
827752, 2, 1
827755, 3, 0
827853, 0, 0
827872, 1, 1
827877, 2, 0
827880, 3, 1
827978, 0, 1
827997, 1, 0
828002, 2, 1
828005, 3, 0
828103, 0, 0
828122, 1, 1
828127, 2, 0
828130, 3, 0
828228, 0, 1
828247, 1, 0
828252, 2, 0
828255, 3, 1
828353, 0, 1
828372, 1, 0
828377, 2, 1
828380, 3, 1
828478, 0, 0
828497, 1, 1
828502, 2, 1
828505, 3, 0
828603, 0, 1
828622, 1, 0
828627, 2, 0
828630, 3, 1
828728, 0, 0
828747, 1, 1
828752, 2, 1
828755, 3, 0
828853, 0, 0
828872, 1, bit 0
828872, 1, 1
828877, 2, 0
828880, 3, 0
828978, 0, 1
828997, 1, 0
829002, 2, 1
829005, 3, 1
829103, 0, bit 0
829103, 0, 0
829122, 1, 0
829127, 2, 0
829130, 3, 1
829228, 0, 1
829247, 1, 1
829252, 2, bit 0
829252, 2, 0
829255, 3, 0
829353, 0, 1
829372, 1, 0
829377, 2, 1
829380, 3, bit 1
829380, 3, 0
829478, 0, 0
829497, 1, 1
829502, 2, 0
829505, 3, 1
829603, 0, 0
829622, 1, 0
829627, 2, 1
829630, 3, 0
829728, 0, 1
829747, 1, 1
829752, 2, 0
829755, 3, 1
829853, 0, 0
829872, 1, 0
829877, 2, 1
829880, 3, 1
829978, 0, 1
829997, 1, 1
830002, 2, 1
830005, 3, 0
830103, 0, 1
830123, 1, 1
830127, 2, 0
830130, 3, 0
830228, 0, 0
830248, 1, 0
830252, 2, 0
830255, 3, 1
830353, 0, 1
830373, 1, 1
830377, 2, 1
830380, 3, 0
830478, 0, 0
830498, 1, 0
830502, 2, 0
830505, 3, 1
830603, 0, 0
830623, 1, bit 0
830623, 1, 1
830627, 2, 1
830630, 3, 1
830728, 0, 1
830748, 1, 0
830752, 2, 0
830755, 3, 0
830853, 0, bit 0
830853, 0, 0
830873, 1, 0
830877, 2, 1
830880, 3, 0
830978, 0, 1
830998, 1, 1
831002, 2, bit 1
831002, 2, 1
831005, 3, 1
831104, 0, 1
831123, 1, 0
831127, 2, 0
831130, 3, bit 0
831130, 3, 1
831229, 0, 0
831248, 1, 1
831252, 2, 1
831255, 3, 0
831354, 0, 0
831373, 1, 0
831377, 2, 0
831380, 3, 1
831479, 0, 1
831498, 1, 1
831502, 2, 1
831505, 3, 0
831604, 0, 0
831623, 1, 0
831627, 2, 0
831630, 3, 0
831729, 0, 1
831748, 1, 1
831752, 2, 0
831755, 3, 1
831854, 0, 1
831873, 1, 1
831877, 2, 1
831880, 3, 1
831979, 0, 0
831998, 1, 0
832002, 2, 1
832005, 3, 0
832104, 0, 1
832123, 1, 1
832128, 2, 0
832130, 3, 1
832229, 0, 0
832248, 1, 0
832253, 2, 1
832256, 3, 0
832354, 0, 0
832373, 1, bit 0
832373, 1, 1
832378, 2, 0
832381, 3, 0
832479, 0, 1
832498, 1, 0
832503, 2, 1
832506, 3, 1
832604, 0, bit 1
832604, 0, 1
832623, 1, 0
832628, 2, 0
832631, 3, 1
832729, 0, 0
832748, 1, 1
832753, 2, bit 1
832753, 2, 1
832756, 3, 0
832854, 0, 0
832873, 1, 0
832878, 2, 0
832881, 3, bit 0
832884, 3, 1
832979, 0, 1
832998, 1, 1
833003, 2, 1
833006, 3, 0
833104, 0, 1
833123, 1, 0
833128, 2, 0
833131, 3, 1
833229, 0, 0
833248, 1, 1
833253, 2, 1
833256, 3, 0
833354, 0, 1
833373, 1, 0
833378, 2, 0
833381, 3, 0
833479, 0, 0
833498, 1, 1
833503, 2, 0
833506, 3, 1
833604, 0, 0
833623, 1, 1
833628, 2, 1
833631, 3, 1
833729, 0, 1
833748, 1, 0
833753, 2, 1
833756, 3, 0
833854, 0, 0
833873, 1, 1
833878, 2, 0
833881, 3, 1
833979, 0, 1
833998, 1, 0
834003, 2, 1
834006, 3, 0
834104, 0, 1
834123, 1, bit 0
834123, 1, 1
834128, 2, 0
834131, 3, 0
834229, 0, 0
834248, 1, 0
834253, 2, 1
834256, 3, 1
834354, 0, bit 1
834354, 0, 1
834373, 1, 0
834378, 2, 0
834381, 3, 1
834479, 0, 0
834498, 1, 1
834503, 2, bit 0
834503, 2, 0
834506, 3, 0
834604, 0, 0
834623, 1, 0
834628, 2, 1
834631, 3, bit 1
834631, 3, 0
834729, 0, 1
834748, 1, 1
834753, 2, 0
834756, 3, 1
834854, 0, 1
834873, 1, 0
834878, 2, 1
834881, 3, 0
834979, 0, 0
834998, 1, 1
835003, 2, 0
835006, 3, 1
835104, 0, 1
835123, 1, 0
835128, 2, 1
835131, 3, 1
835229, 0, 0
835248, 1, 1
835253, 2, 1
835256, 3, 0
835354, 0, 0
835373, 1, 1
835378, 2, 0
835381, 3, 0
835479, 0, 1
835499, 1, 0
835503, 2, 0
835506, 3, 1
835604, 0, 0
835624, 1, 1
835628, 2, 1
835631, 3, 0
835729, 0, 1
835749, 1, 0
835753, 2, 0
835756, 3, 1
835854, 0, 1
835874, 1, bit 1
835874, 1, 0
835878, 2, 1
835881, 3, 1
835979, 0, 0
835999, 1, 1
836003, 2, 0
836006, 3, 0
836104, 0, bit 1
836104, 0, 1
836124, 1, 1
836128, 2, 1
836131, 3, 0
836229, 0, 0
836249, 1, 0
836253, 2, bit 1
836253, 2, 1
836256, 3, 1
836354, 0, 0
836374, 1, 1
836378, 2, 0
836381, 3, bit 0
836381, 3, 1
836480, 0, 1
836499, 1, 0
836503, 2, 1
836506, 3, 0
836605, 0, 1
836624, 1, 1
836628, 2, 0
836631, 3, 1
836730, 0, 0
836749, 1, 0
836753, 2, 1
836756, 3, 0
836855, 0, 1
836874, 1, 1
836878, 2, 0
836881, 3, 0
836980, 0, 0
836999, 1, 0
837003, 2, 0
837006, 3, 1
837105, 0, 0
837124, 1, 0
837128, 2, 1
837131, 3, 1
837230, 0, 1
837249, 1, 1
837253, 2, 1
837256, 3, 0
837355, 0, 0
837374, 1, 0
837378, 2, 0
837381, 3, 1
837480, 0, 1
837499, 1, 1
837504, 2, 1
837506, 3, 0
837605, 0, 1
837624, 1, bit 1
837624, 1, 0
837629, 2, 0
837632, 3, 0
837730, 0, 0
837749, 1, 1
837754, 2, 1
837757, 3, 1
837855, 0, bit 1
837855, 0, 1
837874, 1, 1
837879, 2, 0
837882, 3, 1
837980, 0, 0
837999, 1, 0
838004, 2, bit 1
838004, 2, 1
838007, 3, 0
838105, 0, 0
838124, 1, 1
838129, 2, 0
838132, 3, bit 0
838135, 3, 1
838230, 0, 1
838249, 1, 0
838254, 2, 1
838257, 3, 0
838355, 0, 1
838374, 1, 1
838379, 2, 0
838382, 3, 1
838480, 0, 0
838499, 1, 0
838504, 2, 1
838507, 3, 0
838605, 0, 1
838624, 1, 1
838629, 2, 0
838632, 3, 0
838730, 0, 0
838749, 1, 0
838754, 2, 0
838757, 3, 1
838855, 0, 0
838874, 1, 0
838879, 2, 1
838882, 3, 1
838980, 0, 1
838999, 1, 1
839004, 2, 1
839007, 3, 0
839105, 0, 0
839124, 1, 0
839129, 2, 0
839132, 3, 1
839230, 0, 1
839249, 1, 1
839254, 2, 1
839257, 3, 0
839355, 0, 1
839374, 1, bit 0
839374, 1, 1
839379, 2, 0
839382, 3, 0
839480, 0, 0
839499, 1, 0
839504, 2, 1
839507, 3, 1
839605, 0, bit 0
839605, 0, 0
839624, 1, 0
839629, 2, 0
839632, 3, 1
839730, 0, 1
839749, 1, 1
839754, 2, bit 0
839754, 2, 0
839757, 3, 0
839855, 0, 1
839874, 1, 0
839879, 2, 1
839882, 3, bit 0
839882, 3, 1
839980, 0, 0
839999, 1, 1
840004, 2, 0
840007, 3, 0
840105, 0, 0
840124, 1, 0
840129, 2, 1
840132, 3, 1
840230, 0, 1
840249, 1, 1
840254, 2, 0
840257, 3, 0
840355, 0, 0
840374, 1, 0
840379, 2, 1
840382, 3, 0
840480, 0, 1
840499, 1, 1
840504, 2, 1
840507, 3, 1
840605, 0, 1
840624, 1, 1
840629, 2, 0
840632, 3, 1
840730, 0, 0
840749, 1, 0
840754, 2, 0
840757, 3, 0
840855, 0, 1
840875, 1, 1
840879, 2, 1
840882, 3, 1
840980, 0, 0
841000, 1, 0
841004, 2, 0
841007, 3, 0
841105, 0, 0
841125, 1, bit 0
841125, 1, 1
841129, 2, 1
841132, 3, 0
841230, 0, 1
841250, 1, 0
841254, 2, 0
841257, 3, 1
841355, 0, bit 0
841355, 0, 0
841375, 1, 0
841379, 2, 1
841382, 3, 1
841480, 0, 1
841500, 1, 1
841504, 2, bit 1
841504, 2, 1
841507, 3, 0
841605, 0, 1
841625, 1, 0
841629, 2, 0
841632, 3, bit 0
841632, 3, 1
841730, 0, 0
841750, 1, 1
841754, 2, 1
841757, 3, 0
841856, 0, 0
841875, 1, 0
841879, 2, 0
841882, 3, 1
841981, 0, 1
842000, 1, 1
842004, 2, 1
842007, 3, 0
842106, 0, 0
842125, 1, 0
842129, 2, 0
842132, 3, 0
842231, 0, 1
842250, 1, 1
842254, 2, 0
842257, 3, 1
842356, 0, 1
842375, 1, 1
842379, 2, 1
842382, 3, 1
842481, 0, 0
842500, 1, 0
842504, 2, 1
842507, 3, 0
842606, 0, 1
842625, 1, 1
842629, 2, 0
842632, 3, 1
842731, 0, 0
842750, 1, 0
842754, 2, 1
842757, 3, 0
842856, 0, 0
842875, 1, bit 0
842875, 1, 1
842880, 2, 0
842882, 3, 0
842981, 0, 1
843000, 1, 0
843005, 2, 1
843008, 3, 1
843106, 0, bit 0
843106, 0, 0
843125, 1, 0
843130, 2, 0
843133, 3, 1
843231, 0, 1
843250, 1, 1
843255, 2, bit 1
843255, 2, 1
843258, 3, 0
843356, 0, 1
843375, 1, 0
843380, 2, 0
843383, 3, bit 1
843386, 3, 0
843481, 0, 0
843500, 1, 1
843505, 2, 1
843508, 3, 1
843606, 0, 0
843625, 1, 0
843630, 2, 0
843633, 3, 0
843731, 0, 1
843750, 1, 1
843755, 2, 1
843758, 3, 1
843856, 0, 0
843875, 1, 0
843880, 2, 0
843883, 3, 1
843981, 0, 1
844000, 1, 1
844005, 2, 0
844008, 3, 0
844106, 0, 1
844125, 1, 1
844130, 2, 1
844133, 3, 0
844231, 0, 0
844250, 1, 0
844255, 2, 1
844258, 3, 1
844356, 0, 1
844375, 1, 1
844380, 2, 0
844383, 3, 0
844481, 0, 0
844500, 1, 0
844505, 2, 1
844508, 3, 1
844606, 0, 0
844625, 1, bit 1
844625, 1, 0
844630, 2, 0
844633, 3, 1
844731, 0, 1
844750, 1, 1
844755, 2, 1
844758, 3, 0
844856, 0, bit 1
844856, 0, 1
844875, 1, 1
844880, 2, 0
844883, 3, 0
844981, 0, 0
845000, 1, 0
845005, 2, bit 0
845005, 2, 0
845008, 3, 1
845106, 0, 0
845125, 1, 1
845130, 2, 1
845133, 3, bit 0
845133, 3, 1
845231, 0, 1
845250, 1, 0
845255, 2, 0
845258, 3, 0
845356, 0, 1
845375, 1, 1
845380, 2, 1
845383, 3, 1
845481, 0, 0
845500, 1, 0
845505, 2, 0
845508, 3, 0
845606, 0, 1
845625, 1, 1
845630, 2, 1
845633, 3, 0
845731, 0, 0
845750, 1, 0
845755, 2, 1
845758, 3, 1
845856, 0, 0
845875, 1, 0
845880, 2, 0
845883, 3, 1
845981, 0, 1
846000, 1, 1
846005, 2, 0
846008, 3, 0
846106, 0, 0
846125, 1, 0
846130, 2, 1
846133, 3, 1
846231, 0, 1
846251, 1, 1
846255, 2, 0
846258, 3, 0
846356, 0, 1
846376, 1, bit 0
846376, 1, 1
846380, 2, 1
846383, 3, 0
846481, 0, 0
846501, 1, 0
846505, 2, 0
846508, 3, 1
846606, 0, bit 1
846609, 0, 1
846626, 1, 0
846630, 2, 1
846633, 3, 1
846731, 0, 0
846751, 1, 1
846755, 2, bit 0
846755, 2, 0
846758, 3, 0
846856, 0, 0
846876, 1, 0
846880, 2, 1
846883, 3, bit 1
846883, 3, 0
846981, 0, 1
847001, 1, 1
847005, 2, 0
847008, 3, 1
847106, 0, 1
847126, 1, 0
847130, 2, 1
847133, 3, 0
847232, 0, 0
847251, 1, 1
847255, 2, 0
847258, 3, 1
847357, 0, 1
847376, 1, 0
847380, 2, 1
847383, 3, 1
847482, 0, 0
847501, 1, 1
847505, 2, 1
847508, 3, 0
847607, 0, 0
847626, 1, 1
847630, 2, 0
847633, 3, 0
847732, 0, 1
847751, 1, 0
847755, 2, 0
847758, 3, 1
847857, 0, 0
847876, 1, 1
847880, 2, 1
847883, 3, 0
847982, 0, 1
848001, 1, 0
848005, 2, 0
848008, 3, 1
848107, 0, 1
848126, 1, bit 1
848126, 1, 0
848130, 2, 1
848133, 3, 1
848232, 0, 0
848251, 1, 1
848256, 2, 0
848258, 3, 0
848357, 0, bit 1
848357, 0, 1
848376, 1, 1
848381, 2, 1
848384, 3, 0
848482, 0, 0
848501, 1, 0
848506, 2, bit 0
848506, 2, 0
848509, 3, 1
848607, 0, 0
848626, 1, 1
848631, 2, 1
848634, 3, bit 1
848634, 3, 0
848732, 0, 1
848751, 1, 0
848756, 2, 0
848759, 3, 1
848857, 0, 1
848876, 1, 1
848881, 2, 1
848884, 3, 0
848982, 0, 0
849001, 1, 0
849006, 2, 0
849009, 3, 1
849107, 0, 1
849126, 1, 1
849131, 2, 1
849134, 3, 1
849232, 0, 0
849251, 1, 0
849256, 2, 1
849259, 3, 0
849357, 0, 0
849376, 1, 0
849381, 2, 0
849384, 3, 0
849482, 0, 1
849501, 1, 1
849506, 2, 0
849509, 3, 1
849607, 0, 0
849626, 1, 0
849631, 2, 1
849634, 3, 0
849732, 0, 1
849751, 1, 1
849756, 2, 0
849759, 3, 1
849857, 0, 1
849876, 1, bit 0
849876, 1, 1
849881, 2, 1
849884, 3, 1
849982, 0, 0
850001, 1, 0
850006, 2, 0
850009, 3, 0
850107, 0, bit 1
850107, 0, 1
850126, 1, 0
850131, 2, 1
850134, 3, 0
850232, 0, 0
850251, 1, 1
850256, 2, bit 1
850256, 2, 1
850259, 3, 1
850357, 0, 0
850376, 1, 0
850381, 2, 0
850384, 3, bit 0
850384, 3, 1
850482, 0, 1
850501, 1, 1
850506, 2, 1
850509, 3, 0
850607, 0, 1
850626, 1, 0
850631, 2, 0
850634, 3, 1
850732, 0, 0
850751, 1, 1
850756, 2, 1
850759, 3, 0
850857, 0, 1
850876, 1, 0
850881, 2, 0
850884, 3, 0
850982, 0, 0
851001, 1, 1
851006, 2, 0
851009, 3, 1
851107, 0, 0
851126, 1, 1
851131, 2, 1
851134, 3, 1
851232, 0, 1
851251, 1, 0
851256, 2, 1
851259, 3, 0
851357, 0, 0
851376, 1, 1
851381, 2, 0
851384, 3, 1
851482, 0, 1
851501, 1, 0
851506, 2, 1
851509, 3, 0
851607, 0, 1
851627, 1, bit 0
851627, 1, 1
851631, 2, 0
851634, 3, 0
851732, 0, 0
851752, 1, 0
851756, 2, 1
851759, 3, 1
851857, 0, bit 1
851860, 0, 1
851877, 1, 0
851881, 2, 0
851884, 3, 1
851982, 0, 0
852002, 1, 1
852006, 2, bit 1
852006, 2, 1
852009, 3, 0
852107, 0, 0
852127, 1, 0
852131, 2, 0
852134, 3, bit 1
852134, 3, 0
852232, 0, 1
852252, 1, 1
852256, 2, 1
852259, 3, 1
852357, 0, 1
852377, 1, 0
852381, 2, 0
852384, 3, 0
852482, 0, 0
852502, 1, 1
852506, 2, 1
852509, 3, 1
852608, 0, 1
852627, 1, 0
852631, 2, 0
852634, 3, 1
852733, 0, 0
852752, 1, 1
852756, 2, 0
852759, 3, 0
852858, 0, 0
852877, 1, 1
852887, 2, 1
852888, 3, 0
852983, 0, 1
853002, 1, 0
853012, 2, 1
853013, 3, 1
853108, 0, 0
853127, 1, 1
853137, 2, 0
853138, 3, 0
853233, 0, 1
853252, 1, 0
853262, 2, 1
853263, 3, 1
853358, 0, 1
853377, 1, bit 1
853377, 1, 0
853387, 2, 0
853388, 3, 1
853483, 0, 0
853502, 1, 1
853512, 2, 1
853513, 3, 0
853608, 0, bit 0
853608, 0, 0
853627, 1, 1
853637, 2, 0
853638, 3, 0
853733, 0, 1
853752, 1, 0
853762, 2, bit 0
853762, 2, 0
853763, 3, 1
853858, 0, 1
853877, 1, 1
853888, 3, bit 0
853888, 3, 1
853889, 2, 1
853983, 0, 0
854002, 1, 0
854013, 3, 0
854014, 2, 0
854108, 0, 0
854127, 1, 1
854138, 3, 1
854139, 2, 1
854233, 0, 1
854252, 1, 0
854263, 3, 0
854264, 2, 0
854358, 0, 0
854377, 1, 1
854388, 3, 0
854389, 2, 1
854483, 0, 1
854502, 1, 0
854513, 3, 1
854514, 2, 1
854608, 0, 1
854627, 1, 0
854638, 3, 1
854639, 2, 0
854733, 0, 0
854752, 1, 1
854763, 3, 0
854764, 2, 0
854858, 0, 1
854877, 1, 0
854888, 3, 1
854889, 2, 1
854983, 0, 0
855002, 1, 1
855013, 3, 0
855014, 2, 0
855108, 0, 0
855127, 1, bit 1
855127, 1, 0
855138, 3, 0
855139, 2, 1
855233, 0, 1
855252, 1, 1
855263, 3, 1
855264, 2, 0
855358, 0, bit 1
855358, 0, 1
855377, 1, 1
855388, 3, 1
855389, 2, 1
855483, 0, 0
855502, 1, 0
855513, 3, 0
855514, 2, bit 0
855514, 2, 0
855608, 0, 0
855627, 1, 1
855638, 3, bit 0
855638, 3, 1
855639, 2, 1
855733, 0, 1
855752, 1, 0
855763, 3, 0
855764, 2, 0
855858, 0, 1
855877, 1, 1
855888, 3, 1
855889, 2, 1
855983, 0, 0
856002, 1, 0
856013, 3, 0
856014, 2, 0
856108, 0, 1
856127, 1, 1
856138, 3, 0
856139, 2, 1
856233, 0, 0
856252, 1, 0
856263, 3, 1
856264, 2, 1
856358, 0, 0
856377, 1, 0
856388, 3, 1
856389, 2, 0
856483, 0, 1
856502, 1, 1
856513, 3, 0
856514, 2, 0
856608, 0, 0
856627, 1, 0
856638, 3, 1
856639, 2, 1
856733, 0, 1
856752, 1, 1
856763, 3, 0
856764, 2, 0
856858, 0, 1
856877, 1, bit 1
856877, 1, 0
856888, 3, 0
856889, 2, 1
856983, 0, 0
857003, 1, 1
857013, 3, 1
857014, 2, 0
857108, 0, bit 0
857108, 0, 0
857128, 1, 1
857138, 3, 1
857139, 2, 1
857233, 0, 1
857253, 1, 0
857263, 3, 0
857264, 2, bit 1
857264, 2, 1
857358, 0, 1
857378, 1, 1
857388, 3, bit 0
857388, 3, 1
857389, 2, 0
857483, 0, 0
857503, 1, 0
857513, 3, 0
857515, 2, 1
857608, 0, 0
857628, 1, 1
857638, 3, 1
857640, 2, 0
857733, 0, 1
857753, 1, 0
857763, 3, 0
857765, 2, 1
857858, 0, 0
857878, 1, 1
857888, 3, 0
857890, 2, 0
857984, 0, 1
858003, 1, 0
858013, 3, 1
858015, 2, 0
858109, 0, 1
858128, 1, 0
858138, 3, 1
858140, 2, 1
858234, 0, 0
858253, 1, 1
858263, 3, 0
858265, 2, 1
858359, 0, 1
858378, 1, 0
858388, 3, 1
858390, 2, 0
858484, 0, 0
858503, 1, 1
858513, 3, 0
858515, 2, 1
858609, 0, 0
858628, 1, bit 0
858628, 1, 1
858638, 3, 0
858640, 2, 0
858734, 0, 1
858753, 1, 0
858763, 3, 1
858765, 2, 1
858859, 0, bit 0
858859, 0, 0
858878, 1, 0
858888, 3, 1
858890, 2, 0
858984, 0, 1
859003, 1, 1
859013, 3, 0
859015, 2, bit 0
859015, 2, 0
859109, 0, 1
859128, 1, 0
859138, 3, bit 0
859138, 3, 1
859140, 2, 1
859234, 0, 0
859253, 1, 1
859264, 3, 0
859265, 2, 0
859359, 0, 0
859378, 1, 0
859389, 3, 1
859390, 2, 1
859484, 0, 1
859503, 1, 1
859514, 3, 0
859515, 2, 0
859609, 0, 0
859628, 1, 0
859639, 3, 0
859640, 2, 1
859734, 0, 1
859753, 1, 1
859764, 3, 1
859765, 2, 1
859859, 0, 1
859878, 1, 1
859889, 3, 1
859890, 2, 0
859984, 0, 0
860003, 1, 0
860014, 3, 0
860015, 2, 0
860109, 0, 1
860128, 1, 1
860139, 3, 1
860140, 2, 1
860234, 0, 0
860253, 1, 0
860264, 3, 0
860265, 2, 0
860359, 0, 0
860378, 1, bit 0
860378, 1, 1
860389, 3, 0
860390, 2, 1
860484, 0, 1
860503, 1, 0
860514, 3, 1
860515, 2, 0
860609, 0, bit 1
860609, 0, 1
860628, 1, 0
860639, 3, 1
860640, 2, 1
860734, 0, 0
860753, 1, 1
860764, 3, 0
860765, 2, bit 1
860765, 2, 1
860859, 0, 0
860878, 1, 0
860889, 3, bit 0
860889, 3, 1
860890, 2, 0
860984, 0, 1
861003, 1, 1
861014, 3, 0
861015, 2, 1
861109, 0, 1
861128, 1, 0
861139, 3, 1
861140, 2, 0
861234, 0, 0
861253, 1, 1
861264, 3, 0
861265, 2, 1
861359, 0, 1
861378, 1, 0
861389, 3, 0
861390, 2, 0
861484, 0, 0
861503, 1, 1
861514, 3, 1
861515, 2, 0
861609, 0, 0
861628, 1, 1
861639, 3, 1
861640, 2, 1
861734, 0, 1
861753, 1, 0
861764, 3, 0
861765, 2, 1
861859, 0, 0
861878, 1, 1
861889, 3, 1
861890, 2, 0
861984, 0, 1
862003, 1, 0
862014, 3, 0
862015, 2, 1
862109, 0, 1
862128, 1, bit 0
862128, 1, 1
862139, 3, 0
862140, 2, 0
862234, 0, 0
862253, 1, 0
862264, 3, 1
862265, 2, 1
862359, 0, bit 1
862359, 0, 1
862379, 1, 0
862389, 3, 1
862390, 2, 0
862484, 0, 0
862504, 1, 1
862514, 3, 0
862515, 2, bit 0
862515, 2, 0
862609, 0, 0
862629, 1, 0
862639, 3, bit 1
862639, 3, 0
862640, 2, 1
862734, 0, 1
862754, 1, 1
862764, 3, 1
862765, 2, 0
862859, 0, 1
862879, 1, 0
862889, 3, 0
862891, 2, 1
862984, 0, 0
863004, 1, 1
863014, 3, 1
863016, 2, 0
863109, 0, 1
863129, 1, 0
863139, 3, 1
863141, 2, 1
863234, 0, 0
863254, 1, 1
863264, 3, 0
863266, 2, 1
863360, 0, 0
863379, 1, 1
863389, 3, 0
863391, 2, 0
863485, 0, 1
863504, 1, 0
863514, 3, 1
863516, 2, 0
863610, 0, 0
863629, 1, 1
863639, 3, 0
863641, 2, 1
863735, 0, 1
863754, 1, 0
863764, 3, 1
863766, 2, 0
863860, 0, 1
863879, 1, bit 0
863879, 1, 1
863889, 3, 1
863891, 2, 1
863985, 0, 0
864004, 1, 0
864014, 3, 0
864016, 2, 0
864110, 0, bit 1
864110, 0, 1
864129, 1, 0
864139, 3, 0
864141, 2, 1
864235, 0, 0
864254, 1, 1
864264, 3, 1
864266, 2, bit 0
864266, 2, 0
864360, 0, 0
864379, 1, 0
864389, 3, bit 1
864389, 3, 0
864391, 2, 1
864485, 0, 1
864504, 1, 1
864514, 3, 1
864516, 2, 0
864610, 0, 1
864629, 1, 0
864640, 3, 0
864641, 2, 1
864735, 0, 0
864754, 1, 1
864765, 3, 1
864766, 2, 0
864860, 0, 1
864879, 1, 0
864890, 3, 1
864891, 2, 1
864985, 0, 0
865004, 1, 1
865015, 3, 0
865016, 2, 1
865110, 0, 0
865129, 1, 1
865140, 3, 0
865141, 2, 0
865235, 0, 1
865254, 1, 0
865265, 3, 1
865266, 2, 0
865360, 0, 0
865379, 1, 1
865390, 3, 0
865391, 2, 1
865485, 0, 1
865504, 1, 0
865515, 3, 1
865516, 2, 0
865610, 0, 1
865629, 1, bit 0
865629, 1, 1
865640, 3, 1
865641, 2, 1
865735, 0, 0
865754, 1, 0
865765, 3, 0
865766, 2, 0
865860, 0, bit 1
865860, 0, 1
865879, 1, 0
865890, 3, 0
865891, 2, 1
865985, 0, 0
866004, 1, 1
866015, 3, 1
866016, 2, bit 1
866016, 2, 1
866110, 0, 0
866129, 1, 0
866140, 3, bit 1
866140, 3, 0
866141, 2, 0
866235, 0, 1
866254, 1, 1
866265, 3, 1
866266, 2, 1
866360, 0, 1
866379, 1, 0
866390, 3, 0
866391, 2, 0
866485, 0, 0
866504, 1, 1
866515, 3, 1
866516, 2, 1
866610, 0, 1
866629, 1, 0
866640, 3, 1
866641, 2, 0
866735, 0, 0
866754, 1, 1
866765, 3, 0
866766, 2, 0
866860, 0, 0
866879, 1, 1
866890, 3, 0
866891, 2, 1
866985, 0, 1
867004, 1, 0
867015, 3, 1
867016, 2, 1
867110, 0, 0
867129, 1, 1
867140, 3, 0
867141, 2, 0
867235, 0, 1
867254, 1, 0
867265, 3, 1
867266, 2, 1
867360, 0, 1
867379, 1, bit 1
867379, 1, 0
867390, 3, 1
867391, 2, 0
867485, 0, 0
867504, 1, 1
867515, 3, 0
867518, 2, 1
867610, 0, bit 0
867610, 0, 0
867629, 1, 1
867640, 3, 0
867643, 2, 0
867735, 0, 1
867755, 1, 0
867765, 3, 1
867768, 2, bit 1
867768, 2, 1
867860, 0, 1
867880, 1, 1
867890, 3, bit 1
867890, 3, 0
867893, 2, 0
867985, 0, 0
868005, 1, 0
868015, 3, 1
868018, 2, 1
868110, 0, 0
868130, 1, 1
868140, 3, 0
868143, 2, 0
868235, 0, 1
868255, 1, 0
868265, 3, 1
868268, 2, 1
868360, 0, 0
868380, 1, 1
868390, 3, 1
868393, 2, 0
868485, 0, 1
868505, 1, 0
868515, 3, 0
868518, 2, 0
868610, 0, 1
868630, 1, 0
868640, 3, 0
868643, 2, 1
868736, 0, 0
868755, 1, 1
868765, 3, 1
868768, 2, 1
868861, 0, 1
868880, 1, 0
868890, 3, 0
868893, 2, 0
868986, 0, 0
869005, 1, 1
869015, 3, 1
869018, 2, 1
869111, 0, 0
869130, 1, bit 1
869130, 1, 0
869140, 3, 1
869143, 2, 0
869236, 0, 1
869255, 1, 1
869265, 3, 0
869268, 2, 1
869361, 0, bit 0
869361, 0, 0
869380, 1, 1
869390, 3, 0
869393, 2, 0
869486, 0, 1
869505, 1, 0
869515, 3, 1
869518, 2, bit 0
869518, 2, 0
869611, 0, 1
869630, 1, 1
869640, 3, bit 1
869640, 3, 0
869643, 2, 1
869736, 0, 0
869755, 1, 0
869765, 3, 1
869768, 2, 0
869861, 0, 0
869880, 1, 1
869890, 3, 0
869893, 2, 1
869986, 0, 1
870005, 1, 0
870016, 3, 1
870018, 2, 0
870111, 0, 0
870130, 1, 1
870141, 3, 1
870144, 2, 1
870236, 0, 1
870255, 1, 0
870266, 3, 0
870269, 2, 1
870361, 0, 1
870380, 1, 0
870391, 3, 0
870394, 2, 0
870486, 0, 0
870505, 1, 1
870516, 3, 1
870519, 2, 0
870611, 0, 1
870630, 1, 0
870641, 3, 0
870644, 2, 1
870736, 0, 0
870755, 1, 1
870766, 3, 1
870769, 2, 0
870861, 0, 0
870880, 1, bit 1
870880, 1, 0
870891, 3, 1
870894, 2, 1
870986, 0, 1
871005, 1, 1
871016, 3, 0
871019, 2, 0
871111, 0, bit 1
871111, 0, 1
871130, 1, 1
871141, 3, 0
871144, 2, 1
871236, 0, 0
871255, 1, 0
871266, 3, 1
871269, 2, bit 0
871269, 2, 0
871361, 0, 0
871380, 1, 1
871391, 3, bit 1
871391, 3, 0
871394, 2, 1
871486, 0, 1
871505, 1, 0
871516, 3, 1
871519, 2, 0
871611, 0, 1
871630, 1, 1
871641, 3, 0
871644, 2, 1
871736, 0, 0
871755, 1, 0
871766, 3, 1
871769, 2, 0
871861, 0, 1
871880, 1, 1
871891, 3, 1
871894, 2, 1
871986, 0, 0
872005, 1, 0
872016, 3, 0
872019, 2, 1
872111, 0, 0
872130, 1, 0
872141, 3, 0
872144, 2, 0
872236, 0, 1
872255, 1, 1
872266, 3, 1
872269, 2, 0
872361, 0, 0
872380, 1, 0
872391, 3, 0
872394, 2, 1
872486, 0, 1
872505, 1, 1
872516, 3, 1
872519, 2, 0
872611, 0, 1
872630, 1, bit 1
872630, 1, 0
872641, 3, 1
872644, 2, 1
872736, 0, 0
872755, 1, 1
872766, 3, 0
872769, 2, 0
872861, 0, bit 0
872861, 0, 0
872880, 1, 1
872891, 3, 0
872894, 2, 1
872986, 0, 1
873005, 1, 0
873016, 3, 1
873019, 2, bit 1
873019, 2, 1
873111, 0, 1
873131, 1, 1
873141, 3, bit 0
873141, 3, 1
873144, 2, 0
873236, 0, 0
873256, 1, 0
873266, 3, 0
873269, 2, 1
873361, 0, 0
873381, 1, 1
873391, 3, 1
873394, 2, 0
873486, 0, 1
873506, 1, 0
873516, 3, 0
873519, 2, 1
873611, 0, 0
873631, 1, 1
873641, 3, 0
873644, 2, 0
873736, 0, 1
873756, 1, 0
873766, 3, 1
873769, 2, 0
873861, 0, 1
873881, 1, 0
873891, 3, 1
873894, 2, 1
873986, 0, 0
874006, 1, 1
874016, 3, 0
874019, 2, 1
874112, 0, 1
874131, 1, 0
874141, 3, 1
874144, 2, 0
874237, 0, 0
874256, 1, 1
874266, 3, 0
874269, 2, 1
874362, 0, 0
874381, 1, bit 1
874381, 1, 0
874391, 3, 0
874394, 2, 0
874487, 0, 1
874506, 1, 1
874516, 3, 1
874519, 2, 1
874612, 0, bit 1
874612, 0, 1
874631, 1, 1
874641, 3, 1
874644, 2, 0
874737, 0, 0
874756, 1, 0
874766, 3, 0
874769, 2, bit 0
874769, 2, 0
874862, 0, 0
874881, 1, 1
874891, 3, bit 1
874891, 3, 0
874894, 2, 1
874987, 0, 1
875006, 1, 0
875016, 3, 1
875019, 2, 0
875112, 0, 1
875131, 1, 1
875141, 3, 0
875144, 2, 1
875237, 0, 0
875256, 1, 0
875266, 3, 1
875269, 2, 0
875362, 0, 1
875381, 1, 1
875392, 3, 1
875394, 2, 1
875487, 0, 0
875506, 1, 0
875517, 3, 0
875520, 2, 1
875612, 0, 0
875631, 1, 0
875642, 3, 0
875645, 2, 0
875737, 0, 1
875756, 1, 1
875767, 3, 1
875770, 2, 0
875862, 0, 0
875881, 1, 0
875892, 3, 0
875895, 2, 1
875987, 0, 1
876006, 1, 1
876017, 3, 1
876020, 2, 0
876112, 0, 1
876131, 1, bit 0
876131, 1, 1
876142, 3, 1
876145, 2, 1
876237, 0, 0
876256, 1, 0
876267, 3, 0
876270, 2, 0
876362, 0, bit 0
876362, 0, 0
876381, 1, 0
876392, 3, 0
876395, 2, 1
876487, 0, 1
876506, 1, 1
876517, 3, 1
876520, 2, bit 1
876520, 2, 1
876612, 0, 1
876631, 1, 0
876642, 3, bit 0
876642, 3, 1
876645, 2, 0
876737, 0, 0
876756, 1, 1
876767, 3, 0
876770, 2, 1
876862, 0, 0
876881, 1, 0
876892, 3, 1
876895, 2, 0
876987, 0, 1
877006, 1, 1
877017, 3, 0
877020, 2, 1
877112, 0, 0
877131, 1, 0
877142, 3, 0
877145, 2, 0
877237, 0, 1
877256, 1, 1
877267, 3, 1
877270, 2, 0
877362, 0, 1
877381, 1, 1
877392, 3, 1
877395, 2, 1
877487, 0, 0
877506, 1, 0
877517, 3, 0
877520, 2, 1
877612, 0, 1
877631, 1, 1
877642, 3, 1
877645, 2, 0
877737, 0, 0
877756, 1, 0
877767, 3, 0
877770, 2, 1
877862, 0, 0
877881, 1, bit 1
877881, 1, 0
877892, 3, 0
877895, 2, 0
877987, 0, 1
878006, 1, 1
878017, 3, 1
878020, 2, 1
878112, 0, bit 1
878112, 0, 1
878131, 1, 1
878142, 3, 1
878145, 2, 0
878237, 0, 0
878256, 1, 0
878267, 3, 0
878270, 2, bit 1
878270, 2, 1
878362, 0, 0
878381, 1, 1
878392, 3, bit 1
878392, 3, 0
878395, 2, 0
878487, 0, 1
878507, 1, 0
878517, 3, 1
878520, 2, 1
878612, 0, 1
878632, 1, 1
878642, 3, 0
878645, 2, 0
878737, 0, 0
878757, 1, 0
878767, 3, 1
878770, 2, 1
878862, 0, 1
878882, 1, 1
878892, 3, 1
878895, 2, 0
878987, 0, 0
879007, 1, 0
879017, 3, 0
879021, 2, 0
879112, 0, 0
879132, 1, 0
879142, 3, 0
879147, 2, 1
879237, 0, 1
879257, 1, 1
879267, 3, 1
879272, 2, 1
879362, 0, 0
879382, 1, 0
879392, 3, 0
879397, 2, 0
879488, 0, 1
879507, 1, 1
879517, 3, 1
879522, 2, 1
879613, 0, 1
879632, 1, bit 1
879632, 1, 0
879642, 3, 1
879647, 2, 0
879738, 0, 0
879757, 1, 1
879767, 3, 0
879772, 2, 1
879863, 0, bit 1
879863, 0, 1
879882, 1, 1
879892, 3, 0
879897, 2, 0
879988, 0, 0
880007, 1, 0
880017, 3, 1
880022, 2, bit 0
880022, 2, 0
880113, 0, 0
880132, 1, 1
880142, 3, bit 0
880142, 3, 1
880147, 2, 1
880238, 0, 1
880257, 1, 0
880267, 3, 0
880272, 2, 0
880363, 0, 1
880382, 1, 1
880392, 3, 1
880397, 2, 1
880488, 0, 0
880507, 1, 0
880517, 3, 0
880522, 2, 0
880613, 0, 1
880632, 1, 1
880642, 3, 0
880647, 2, 1
880738, 0, 0
880757, 1, 0
880768, 3, 1
880772, 2, 1
880863, 0, 0
880882, 1, 0
880893, 3, 1
880897, 2, 0
880988, 0, 1
881007, 1, 1
881018, 3, 0
881022, 2, 0
881113, 0, 0
881132, 1, 0
881143, 3, 1
881147, 2, 1
881238, 0, 1
881257, 1, 1
881268, 3, 0
881272, 2, 0
881363, 0, 1
881382, 1, bit 1
881382, 1, 0
881393, 3, 0
881397, 2, 1
881488, 0, 0
881507, 1, 1
881518, 3, 1
881522, 2, 0
881613, 0, bit 1
881613, 0, 1
881632, 1, 1
881643, 3, 1
881647, 2, 1
881738, 0, 0
881757, 1, 0
881768, 3, 0
881772, 2, bit 0
881772, 2, 0
881863, 0, 0
881882, 1, 1
881893, 3, bit 1
881893, 3, 0
881897, 2, 1
881988, 0, 1
882007, 1, 0
882018, 3, 1
882022, 2, 0
882113, 0, 1
882132, 1, 1
882143, 3, 0
882147, 2, 1
882238, 0, 0
882257, 1, 0
882268, 3, 1
882272, 2, 0
882363, 0, 1
882382, 1, 1
882393, 3, 1
882397, 2, 1
882488, 0, 0
882507, 1, 0
882518, 3, 0
882522, 2, 1
882613, 0, 0
882632, 1, 0
882643, 3, 0
882647, 2, 0
882738, 0, 1
882757, 1, 1
882768, 3, 1
882772, 2, 0
882863, 0, 0
882882, 1, 0
882893, 3, 0
882897, 2, 1
882988, 0, 1
883007, 1, 1
883018, 3, 1
883022, 2, 0
883113, 0, 1
883132, 1, bit 0
883132, 1, 1
883143, 3, 1
883147, 2, 1
883238, 0, 0
883257, 1, 0
883268, 3, 0
883272, 2, 0
883363, 0, bit 1
883363, 0, 1
883382, 1, 0
883393, 3, 0
883397, 2, 1
883488, 0, 0
883507, 1, 1
883518, 3, 1
883522, 2, bit 1
883522, 2, 1
883613, 0, 0
883632, 1, 0
883643, 3, bit 1
883643, 3, 0
883647, 2, 0
883738, 0, 1
883757, 1, 1
883768, 3, 1
883772, 2, 1
883863, 0, 1
883883, 1, 0
883893, 3, 0
883897, 2, 0
883988, 0, 0
884008, 1, 1
884018, 3, 1
884022, 2, 1
884113, 0, 1
884133, 1, 0
884143, 3, 1
884147, 2, 0
884238, 0, 0
884258, 1, 1
884268, 3, 0
884272, 2, 0
884363, 0, 0
884383, 1, 1
884393, 3, 0
884397, 2, 1
884488, 0, 1
884508, 1, 0
884518, 3, 1
884523, 2, 1
884613, 0, 0
884633, 1, 1
884643, 3, 0
884648, 2, 0
884738, 0, 1
884758, 1, 0
884768, 3, 1
884773, 2, 1
884864, 0, 1
884883, 1, bit 0
884883, 1, 1
884893, 3, 1
884898, 2, 0
884989, 0, 0
885008, 1, 0
885018, 3, 0
885023, 2, 1
885114, 0, bit 0
885114, 0, 0
885133, 1, 0
885143, 3, 0
885148, 2, 0
885239, 0, 1
885258, 1, 1
885268, 3, 1
885273, 2, bit 1
885276, 2, 1
885364, 0, 1
885383, 1, 0
885393, 3, bit 1
885393, 3, 0
885398, 2, 0
885489, 0, 0
885508, 1, 1
885518, 3, 1
885523, 2, 1
885614, 0, 0
885633, 1, 0
885643, 3, 0
885648, 2, 0
885739, 0, 1
885758, 1, 1
885768, 3, 1
885773, 2, 1
885864, 0, 0
885883, 1, 0
885893, 3, 1
885898, 2, 0
885989, 0, 1
886008, 1, 1
886018, 3, 0
886023, 2, 0
886114, 0, 1
886133, 1, 1
886144, 3, 0
886148, 2, 1
886239, 0, 0
886258, 1, 0
886269, 3, 1
886273, 2, 1
886364, 0, 1
886383, 1, 1
886394, 3, 0
886398, 2, 0
886489, 0, 0
886508, 1, 0
886519, 3, 1
886523, 2, 1
886614, 0, 0
886633, 1, bit 1
886633, 1, 0
886644, 3, 1
886648, 2, 0
886739, 0, 1
886758, 1, 1
886769, 3, 0
886773, 2, 1
886864, 0, bit 0
886864, 0, 0
886883, 1, 1
886894, 3, 0
886898, 2, 0
886989, 0, 1
887008, 1, 0
887019, 3, 1
887023, 2, bit 0
887023, 2, 0
887114, 0, 1
887133, 1, 1
887144, 3, bit 1
887144, 3, 0
887148, 2, 1
887239, 0, 0
887258, 1, 0
887269, 3, 1
887273, 2, 0
887364, 0, 0
887383, 1, 1
887394, 3, 0
887398, 2, 1
887489, 0, 1
887508, 1, 0
887519, 3, 1
887523, 2, 0
887614, 0, 0
887633, 1, 1
887644, 3, 1
887648, 2, 1
887739, 0, 1
887758, 1, 0
887769, 3, 0
887773, 2, 1
887864, 0, 1
887883, 1, 0
887894, 3, 0
887898, 2, 0
887989, 0, 0
888008, 1, 1
888019, 3, 1
888023, 2, 0
888114, 0, 1
888133, 1, 0
888144, 3, 0
888148, 2, 1
888239, 0, 0
888258, 1, 1
888269, 3, 1
888273, 2, 0
888364, 0, 0
888383, 1, bit 0
888383, 1, 1
888394, 3, 1
888398, 2, 1
888489, 0, 1
888508, 1, 0
888519, 3, 0
888523, 2, 0
888633, 1, 0
888644, 3, 0
888648, 2, 1
888758, 1, 1
888769, 3, 1
888773, 2, bit 0
888773, 2, 0
888883, 1, 0
888894, 3, bit 0
888894, 3, 1
888898, 2, 1
889008, 1, 1
889019, 3, 0
889023, 2, 0
889133, 1, 0
889144, 3, 1
889148, 2, 1
889259, 1, 1
889269, 3, 0
889273, 2, 0
889384, 1, 0
889394, 3, 0
889398, 2, 1
889509, 1, 1
889519, 3, 1
889523, 2, 1
889634, 1, 1
889644, 3, 1
889648, 2, 0
889759, 1, 0
889769, 3, 0
889773, 2, 0
889884, 1, 1
889894, 3, 1
889899, 2, 1
890009, 1, 0
890019, 3, 0
890024, 2, 0
890134, 1, bit 0
890134, 1, 1
890144, 3, 0
890149, 2, 1
890259, 1, 0
890269, 3, 1
890274, 2, 0
890384, 1, 0
890394, 3, 1
890399, 2, 1
890509, 1, 1
890519, 3, 0
890524, 2, bit 0
890524, 2, 0
890634, 1, 0
890644, 3, bit 1
890644, 3, 0
890649, 2, 1
890759, 1, 1
890769, 3, 1
890774, 2, 0
890884, 1, 0
890894, 3, 0
890899, 2, 1
891009, 1, 1
891019, 3, 1
891024, 2, 0
891134, 1, 0
891144, 3, 1
891149, 2, 1
891259, 1, 1
891269, 3, 0
891274, 2, 1
891384, 1, 1
891394, 3, 0
891399, 2, 0
891509, 1, 0
891520, 3, 1
891524, 2, 0
891634, 1, 1
891645, 3, 0
891649, 2, 1
891759, 1, 0
891770, 3, 1
891774, 2, 0
891884, 1, bit 1
891884, 1, 0
891895, 3, 1
891899, 2, 1
892009, 1, 1
892020, 3, 0
892024, 2, 0
892134, 1, 1
892145, 3, 0
892149, 2, 1
892259, 1, 0
892270, 3, 1
892274, 2, bit 1
892274, 2, 1
892384, 1, 1
892395, 3, bit 1
892395, 3, 0
892399, 2, 0
892509, 1, 0
892520, 3, 1
892524, 2, 1
892634, 1, 1
892645, 3, 0
892649, 2, 0
892759, 1, 0
892770, 3, 1
892774, 2, 1
892884, 1, 1
892895, 3, 1
892899, 2, 0
893009, 1, 0
893020, 3, 0
893024, 2, 0
893134, 1, 0
893145, 3, 0
893149, 2, 1
893259, 1, 1
893270, 3, 1
893274, 2, 1
893384, 1, 0
893395, 3, 0
893399, 2, 0
893509, 1, 1
893520, 3, 1
893524, 2, 1
893634, 1, bit 0
893634, 1, 1
893645, 3, 1
893649, 2, 0
893759, 1, 0
893770, 3, 0
893774, 2, 1
893884, 1, 0
893895, 3, 0
893899, 2, 0
894009, 1, 1
894020, 3, 1
894024, 2, bit 0
894027, 2, 0
894134, 1, 0
894145, 3, bit 0
894145, 3, 1
894149, 2, 1
894259, 1, 1
894270, 3, 0
894274, 2, 0
894384, 1, 0
894395, 3, 1
894399, 2, 1
894509, 1, 1
894520, 3, 0
894524, 2, 0
894635, 1, 0
894645, 3, 0
894649, 2, 1
894760, 1, 1
894770, 3, 1
894774, 2, 1
894885, 1, 1
894895, 3, 1
894899, 2, 0
895010, 1, 0
895020, 3, 0
895024, 2, 0
895135, 1, 1
895145, 3, 1
895149, 2, 1
895260, 1, 0
895270, 3, 0
895275, 2, 0
895385, 1, bit 1
895385, 1, 0
895395, 3, 0
895400, 2, 1
895510, 1, 1
895520, 3, 1
895525, 2, 0
895635, 1, 1
895645, 3, 1
895650, 2, 1
895760, 1, 0
895770, 3, 0
895775, 2, bit 1
895775, 2, 1
895885, 1, 1
895895, 3, bit 1
895895, 3, 0
895900, 2, 0
896010, 1, 0
896020, 3, 1
896025, 2, 1
896135, 1, 1
896145, 3, 0
896150, 2, 0
896260, 1, 0
896270, 3, 1
896275, 2, 1
896385, 1, 1
896395, 3, 1
896400, 2, 0
896510, 1, 0
896520, 3, 0
896525, 2, 0
896635, 1, 0
896645, 3, 0
896650, 2, 1
896760, 1, 1
896770, 3, 1
896775, 2, 1
896885, 1, 0
896896, 3, 0
896900, 2, 0
897010, 1, 1
897021, 3, 1
897025, 2, 1
897146, 3, 1
897150, 2, 0
897271, 3, 0
897275, 2, 1
897396, 3, 0
897400, 2, 0
897521, 3, 1
897525, 2, bit 0
897525, 2, 0
897646, 3, bit 0
897646, 3, 1
897650, 2, 1
897771, 3, 0
897775, 2, 0
897896, 3, 1
897900, 2, 1
898021, 3, 0
898025, 2, 0
898146, 3, 0
898150, 2, 1
898271, 3, 1
898275, 2, 1
898396, 3, 1
898400, 2, 0
898521, 3, 0
898525, 2, 0
898646, 3, 1
898650, 2, 1
898771, 3, 0
898775, 2, 0
898896, 3, 0
898900, 2, 1
899021, 3, 1
899025, 2, 0
899146, 3, 1
899150, 2, 1
899271, 3, 0
899275, 2, bit 0
899275, 2, 0
899396, 3, bit 0
899396, 3, 1
899400, 2, 1
899521, 3, 0
899525, 2, 0
899646, 3, 1
899650, 2, 1
899771, 3, 0
899775, 2, 0
899896, 3, 0
899900, 2, 1
900021, 3, 1
900025, 2, 1
900146, 3, 1
900150, 2, 0
900271, 3, 0
900275, 2, 0
900396, 3, 1
900400, 2, 1
900521, 3, 0
900525, 2, 0
900646, 3, 0
900651, 2, 1
900771, 3, 1
900776, 2, 0
900896, 3, 1
900901, 2, 1
901021, 3, 0
901026, 2, bit 1
901026, 2, 1
901146, 3, bit 0
901146, 3, 1
901151, 2, 0
901271, 3, 0
901276, 2, 1
901396, 3, 1
901401, 2, 0
901521, 3, 0
901526, 2, 1
901646, 3, 0
901651, 2, 0
901771, 3, 1
901776, 2, 0
901896, 3, 1
901901, 2, 1
902021, 3, 0
902026, 2, 1
902146, 3, 1
902151, 2, 0
902272, 3, 0
902276, 2, 1
902397, 3, 0
902401, 2, 0
902522, 3, 1
902526, 2, 1
902647, 3, 1
902651, 2, 0
902772, 3, 0
902776, 2, bit 0
902776, 2, 0
902897, 3, bit 1
902897, 3, 0
902901, 2, 1
903022, 3, 1
903026, 2, 0
903147, 3, 0
903151, 2, 1
903272, 3, 1
903276, 2, 0
903397, 3, 1
903401, 2, 1
903522, 3, 0
903526, 2, 1
903647, 3, 0
903651, 2, 0
903772, 3, 1
903776, 2, 0
903897, 3, 0
903901, 2, 1
904022, 3, 1
904026, 2, 0
904147, 3, 1
904151, 2, 1
904272, 3, 0
904276, 2, 0
904397, 3, 0
904401, 2, 1
904522, 3, 1
904526, 2, bit 0
904526, 2, 0
904647, 3, bit 0
904647, 3, 1
904651, 2, 1
904772, 3, 0
904776, 2, 0
904897, 3, 1
904901, 2, 1
905022, 3, 0
905026, 2, 0
905147, 3, 0
905151, 2, 1
905272, 3, 1
905276, 2, 1
905397, 3, 1
905401, 2, 0
905522, 3, 0
905526, 2, 0
905647, 3, 1
905651, 2, 1
905772, 3, 0
905776, 2, 0
905897, 3, 0
905901, 2, 1
906022, 3, 1
906027, 2, 0
906147, 3, 1
906152, 2, 1
906272, 3, 0
906397, 3, bit 0
906397, 3, 1
906522, 3, 0
906647, 3, 1
906772, 3, 0
906897, 3, 0
907022, 3, 1
907147, 3, 1
907272, 3, 0
907397, 3, 1
907522, 3, 0
907648, 3, 0
907773, 3, 1
907898, 3, 1
908023, 3, 0
908148, 3, bit 0
908148, 3, 1
908273, 3, 0
908398, 3, 1
908523, 3, 0
908648, 3, 0
908773, 3, 1
908898, 3, 1
909023, 3, 0
909148, 3, 1
909273, 3, 0
909398, 3, 0
909523, 3, 1
909648, 3, 1
909773, 3, 0
909898, 3, bit 0
909898, 3, 1
910023, 3, 0
910148, 3, 1
910273, 3, 0
910398, 3, 0
910523, 3, 1
910648, 3, 1
910773, 3, 0
910898, 3, 1
911023, 3, 0
911148, 3, 0
911273, 3, 1
911398, 3, 1
911523, 3, 0
911648, 3, bit 1
911648, 3, 0
911773, 3, 1
911898, 3, 0
912023, 3, 1
912148, 3, 1
912273, 3, 0
912398, 3, 0
912523, 3, 1
912648, 3, 0
912773, 3, 1
912898, 3, 1
913024, 3, 0
913149, 3, 0
913274, 3, 1
913399, 3, bit 1
913399, 3, 0
913524, 3, 1
913649, 3, 0
913774, 3, 1
913899, 3, 1
914024, 3, 0
914149, 3, 0
914274, 3, 1
914399, 3, 0
914524, 3, 1
914649, 3, 1
914774, 3, 0
914899, 3, 0
915024, 3, 1
