125 100 4 7 4
(2, 20, 11, 10.00), (code 0)
(3, 90, 4, 10.00), (code 3)
(4, 160, 7, 10.00), (code 4)
(5, 230, 5, 10.00), (code 5)
START
2041381, 0, prem 0
2041381, 0, 0
2041506, 0, 0
2041631, 0, 0
2041756, 0, 0
2041881, 0, 1
2042006, 0, 1
2042131, 0, 1
2042256, 0, 1
2042381, 0, prem 1
2042381, 0, 1
2042506, 0, 1
2042631, 0, 1
2042756, 0, 1
2042881, 0, 0
2043006, 0, 0
2043131, 0, 0
2043256, 0, 0
2043381, 0, prem 1
2043381, 0, 1
2043506, 0, 1
2043631, 0, 1
2043756, 0, 1
2043881, 0, 0
2044006, 0, 0
2044131, 0, 0
2044256, 0, 0
2044381, 0, prem 1
2044381, 0, 1
2044506, 0, 1
2044631, 0, 1
2044756, 0, 1
2044881, 0, 0
2045006, 0, 0
2045131, 0, 0
2045256, 0, 0
2045381, 0, prem 1
2045381, 0, 1
2045506, 0, 1
2045631, 0, 1
2045756, 0, 1
2045881, 0, 0
2046006, 0, 0
2046131, 0, 0
2046256, 0, 0
2046381, 0, prem 0
2046381, 0, 0
2046507, 0, 0
2046632, 0, 0
2046757, 0, 0
2046882, 0, 1
2047007, 0, 1
2047132, 0, 1
2047257, 0, 1
2047382, 0, prem 0
2047382, 0, 0
2047507, 0, 0
2047632, 0, 0
2047757, 0, 0
2047882, 0, 1
2048007, 0, 1
2048132, 0, 1
2048257, 0, 1
2048382, 0, bit 1
2048382, 0, 0
2048507, 0, 1
2048632, 0, 1
2048757, 0, 0
2048882, 0, 1
2049007, 0, 0
2049132, 0, 1
2049257, 0, 0
2049260, 1, prem 1
2049260, 1, 1
2049382, 0, 1
2049385, 1, 1
2049507, 0, 0
2049510, 1, 1
2049632, 0, 0
2049635, 1, 1
2049757, 0, 1
2049760, 1, 0
2049882, 0, 0
2049885, 1, 0
2050007, 0, 1
2050010, 1, 0
2050132, 0, bit 1
2050132, 0, 0
2050135, 1, 0
2050257, 0, 1
2050260, 1, prem 1
2050260, 1, 1
2050382, 0, 1
2050385, 1, 1
2050507, 0, 0
2050510, 1, 1
2050632, 0, 1
2050635, 1, 1
2050757, 0, 0
2050760, 1, 0
2050882, 0, 1
2050885, 1, 0
2051007, 0, 0
2051010, 1, 0
2051132, 0, 1
2051135, 1, 0
2051257, 0, 0
2051260, 1, prem 1
2051260, 1, 1
2051382, 0, 0
2051385, 1, 1
2051507, 0, 1
2051510, 1, 1
2051632, 0, 0
2051635, 1, 1
2051757, 0, 1
2051760, 1, 0
2051883, 0, bit 1
2051883, 0, 0
2051885, 1, 0
2052008, 0, 1
2052011, 1, 0
2052133, 0, 1
2052136, 1, 0
2052258, 0, 0
2052261, 1, prem 0
2052261, 1, 0
2052383, 0, 1
2052386, 1, 0
2052508, 0, 0
2052511, 1, 0
2052633, 0, 1
2052636, 1, 0
2052758, 0, 0
2052761, 1, 1
2052883, 0, 1
2052886, 1, 1
2053008, 0, 0
2053011, 1, 1
2053133, 0, 0
2053136, 1, 1
2053258, 0, 1
2053261, 1, prem 1
2053261, 1, 1
2053383, 0, 0
2053386, 1, 1
2053508, 0, 1
2053511, 1, 1
2053633, 0, bit 0
2053633, 0, 1
2053636, 1, 1
2053758, 0, 0
2053761, 1, 0
2053883, 0, 0
2053886, 1, 0
2054008, 0, 1
2054011, 1, 0
2054133, 0, 0
2054136, 1, 0
2054258, 0, 1
2054261, 1, prem 1
2054261, 1, 1
2054383, 0, 0
2054386, 1, 1
2054508, 0, 1
2054511, 1, 1
2054633, 0, 0
2054636, 1, 1
2054758, 0, 1
2054761, 1, 0
2054883, 0, 1
2054886, 1, 0
2055008, 0, 0
2055011, 1, 0
2055133, 0, 1
2055136, 1, 0
2055258, 0, 0
2055261, 1, prem 1
2055261, 1, 1
2055383, 0, bit 0
2055383, 0, 1
2055386, 1, 1
2055508, 0, 0
2055511, 1, 1
2055633, 0, 0
2055636, 1, 1
2055758, 0, 1
2055761, 1, 0
2055883, 0, 0
2055886, 1, 0
2056008, 0, 1
2056011, 1, 0
2056133, 0, 0
2056136, 1, 0
2056258, 0, 1
2056261, 1, bit 1
2056261, 1, 1
2056383, 0, 0
2056386, 1, 0
2056508, 0, 1
2056511, 1, 1
2056633, 0, 1
2056636, 1, 0
2056758, 0, 0
2056761, 1, 1
2056883, 0, 1
2056886, 1, 0
2057008, 0, 0
2057011, 1, 0
2057133, 0, bit 1
2057133, 0, 0
2057136, 1, 1
2057259, 0, 1
2057261, 1, 1
2057384, 0, 1
2057387, 1, 0
2057509, 0, 0
2057512, 1, 1
2057634, 0, 1
2057637, 1, 0
2057759, 0, 0
2057762, 1, 1
2057884, 0, 1
2057887, 1, 0
2058009, 0, 0
2058012, 1, bit 0
2058012, 1, 0
2058134, 0, 1
2058137, 1, 1
2058259, 0, 0
2058262, 1, 0
2058384, 0, 0
2058387, 1, 1
2058391, 2, prem 0
2058391, 2, 0
2058509, 0, 1
2058512, 1, 0
2058516, 2, 0
2058634, 0, 0
2058637, 1, 1
2058641, 2, 0
2058759, 0, 1
2058762, 1, 1
2058766, 2, 0
2058884, 0, bit 0
2058884, 0, 1
2058887, 1, 0
2058891, 2, 1
2059009, 0, 0
2059012, 1, 0
2059016, 2, 1
2059134, 0, 0
2059137, 1, 1
2059141, 2, 1
2059259, 0, 1
2059262, 1, 0
2059266, 2, 1
2059384, 0, 0
2059387, 1, 1
2059392, 2, prem 0
2059392, 2, 0
2059509, 0, 1
2059512, 1, 0
2059517, 2, 0
2059634, 0, 0
2059637, 1, 1
2059642, 2, 0
2059759, 0, 1
2059762, 1, bit 1
2059762, 1, 1
2059767, 2, 0
2059884, 0, 0
2059887, 1, 0
2059892, 2, 1
2060009, 0, 1
2060012, 1, 1
2060017, 2, 1
2060134, 0, 1
2060137, 1, 0
2060142, 2, 1
2060259, 0, 0
2060262, 1, 1
2060267, 2, 1
2060384, 0, 1
2060387, 1, 0
2060392, 2, prem 0
2060392, 2, 0
2060509, 0, 0
2060512, 1, 0
2060517, 2, 0
2060634, 0, bit 1
2060634, 0, 0
2060637, 1, 1
2060642, 2, 0
2060759, 0, 1
2060762, 1, 1
2060767, 2, 0
2060884, 0, 1
2060887, 1, 0
2060892, 2, 1
2061009, 0, 0
2061012, 1, 1
2061017, 2, 1
2061134, 0, 1
2061137, 1, 0
2061142, 2, 1
2061259, 0, 0
2061262, 1, 1
2061267, 2, 1
2061384, 0, 1
2061387, 1, 0
2061392, 2, prem 0
2061392, 2, 0
2061509, 0, 0
2061512, 1, bit 1
2061512, 1, 1
2061517, 2, 0
2061634, 0, 1
2061637, 1, 0
2061642, 2, 0
2061759, 0, 0
2061762, 1, 1
2061767, 2, 0
2061884, 0, 0
2061887, 1, 0
2061892, 2, 1
2062009, 0, 1
2062012, 1, 1
2062017, 2, 1
2062134, 0, 0
2062137, 1, 0
2062142, 2, 1
2062259, 0, 1
2062262, 1, 0
2062267, 2, 1
2062384, 0, bit 0
2062384, 0, 1
2062387, 1, 1
2062392, 2, prem 1
2062392, 2, 1
2062509, 0, 0
2062512, 1, 1
2062517, 2, 1
2062635, 0, 0
2062637, 1, 0
2062642, 2, 1
2062760, 0, 1
2062763, 1, 1
2062767, 2, 1
2062885, 0, 0
2062888, 1, 0
2062892, 2, 0
2063010, 0, 1
2063013, 1, 1
2063017, 2, 0
2063135, 0, 0
2063138, 1, 0
2063142, 2, 0
2063260, 0, 1
2063263, 1, bit 0
2063263, 1, 0
2063267, 2, 0
2063385, 0, 0
2063388, 1, 1
2063392, 2, prem 0
2063392, 2, 0
2063510, 0, 1
2063513, 1, 0
2063517, 2, 0
2063635, 0, 1
2063638, 1, 1
2063642, 2, 0
2063760, 0, 0
2063763, 1, 0
2063767, 2, 0
2063885, 0, 1
2063888, 1, 1
2063892, 2, 1
2064010, 0, 0
2064013, 1, 1
2064017, 2, 1
2064135, 0, bit 1
2064135, 0, 0
2064138, 1, 0
2064142, 2, 1
2064260, 0, 1
2064263, 1, 0
2064267, 2, 1
2064385, 0, 1
2064388, 1, 1
2064392, 2, prem 1
2064392, 2, 1
2064510, 0, 0
2064513, 1, 0
2064517, 2, 1
2064635, 0, 1
2064638, 1, 1
2064642, 2, 1
2064760, 0, 0
2064763, 1, 0
2064768, 2, 1
2064885, 0, 1
2064888, 1, 1
2064893, 2, 0
2065010, 0, 0
2065013, 1, bit 0
2065013, 1, 0
2065018, 2, 0
2065135, 0, 1
2065138, 1, 1
2065143, 2, 0
2065260, 0, 0
2065263, 1, 0
2065268, 2, 0
2065385, 0, 0
2065388, 1, 1
2065393, 2, bit 1
2065393, 2, 0
2065510, 0, 1
2065513, 1, 0
2065518, 2, 1
2065635, 0, 0
2065638, 1, 1
2065643, 2, 0
2065760, 0, 1
2065763, 1, 1
2065768, 2, 1
2065885, 0, bit 0
2065885, 0, 1
2065888, 1, 0
2065893, 2, 0
2066010, 0, 0
2066013, 1, 0
2066018, 2, 1
2066135, 0, 0
2066138, 1, 1
2066143, 2, 0
2066260, 0, 1
2066263, 1, 0
2066268, 2, 1
2066385, 0, 0
2066388, 1, 1
2066393, 2, 1
2066510, 0, 1
2066513, 1, 0
2066518, 2, 0
2066635, 0, 0
2066638, 1, 1
2066643, 2, 0
2066760, 0, 1
2066763, 1, bit 0
2066763, 1, 0
2066768, 2, 1
2066885, 0, 0
2066888, 1, 1
2066893, 2, 1
2066896, 3, prem 1
2066899, 3, 1
2067010, 0, 1
2067013, 1, 0
2067018, 2, 0
2067021, 3, 1
2067135, 0, 1
2067138, 1, 1
2067143, 2, bit 0
2067143, 2, 1
2067146, 3, 1
2067260, 0, 0
2067263, 1, 0
2067268, 2, 0
2067271, 3, 1
2067385, 0, 1
2067388, 1, 1
2067393, 2, 1
2067396, 3, 0
2067510, 0, 0
2067513, 1, 1
2067518, 2, 0
2067521, 3, 0
2067635, 0, bit 1
2067635, 0, 0
2067638, 1, 0
2067643, 2, 1
2067646, 3, 0
2067760, 0, 1
2067763, 1, 0
2067768, 2, 0
2067771, 3, 0
2067885, 0, 1
2067888, 1, 1
2067893, 2, 1
2067896, 3, prem 0
2067896, 3, 0
2068011, 0, 0
2068013, 1, 0
2068018, 2, 0
2068021, 3, 0
2068136, 0, 1
2068139, 1, 1
2068143, 2, 0
2068146, 3, 0
2068261, 0, 0
2068264, 1, 0
2068268, 2, 1
2068271, 3, 0
2068386, 0, 1
2068389, 1, 1
2068393, 2, 1
2068396, 3, 1
2068511, 0, 0
2068514, 1, bit 1
2068514, 1, 1
2068518, 2, 0
2068521, 3, 1
2068636, 0, 1
2068639, 1, 0
2068643, 2, 0
2068646, 3, 1
2068761, 0, 0
2068764, 1, 1
2068768, 2, 1
2068771, 3, 1
2068886, 0, 0
2068889, 1, 0
2068893, 2, bit 1
2068893, 2, 0
2068896, 3, prem 1
2068896, 3, 1
2069011, 0, 1
2069014, 1, 1
2069018, 2, 1
2069021, 3, 1
2069136, 0, 0
2069139, 1, 0
2069143, 2, 0
2069146, 3, 1
2069261, 0, 1
2069264, 1, 0
2069268, 2, 1
2069271, 3, 1
2069386, 0, bit 0
2069386, 0, 1
2069389, 1, 1
2069393, 2, 0
2069396, 3, 0
2069511, 0, 0
2069514, 1, 1
2069518, 2, 1
2069521, 3, 0
2069636, 0, 0
2069639, 1, 0
2069643, 2, 0
2069646, 3, 0
2069761, 0, 1
2069764, 1, 1
2069768, 2, 1
2069771, 3, 0
2069886, 0, 0
2069889, 1, 0
2069893, 2, 1
2069896, 3, prem 1
2069896, 3, 1
2070011, 0, 1
2070014, 1, 1
2070018, 2, 0
2070021, 3, 1
2070136, 0, 0
2070139, 1, 0
2070144, 2, 0
2070146, 3, 1
2070261, 0, 1
2070264, 1, bit 0
2070264, 1, 0
2070269, 2, 1
2070272, 3, 1
2070386, 0, 0
2070389, 1, 1
2070394, 2, 1
2070397, 3, 0
2070511, 0, 1
2070514, 1, 0
2070519, 2, 0
2070522, 3, 0
2070636, 0, 1
2070639, 1, 1
2070644, 2, bit 1
2070644, 2, 0
2070647, 3, 0
2070761, 0, 0
2070764, 1, 0
2070769, 2, 1
2070772, 3, 0
2070886, 0, 1
2070889, 1, 1
2070894, 2, 0
2070897, 3, prem 0
2070897, 3, 0
2071011, 0, 0
2071014, 1, 1
2071019, 2, 1
2071022, 3, 0
2071136, 0, bit 0
2071136, 0, 1
2071139, 1, 0
2071144, 2, 0
2071147, 3, 0
2071261, 0, 0
2071264, 1, 0
2071269, 2, 1
2071272, 3, 0
2071386, 0, 0
2071389, 1, 1
2071394, 2, 0
2071397, 3, 1
2071511, 0, 1
2071514, 1, 0
2071519, 2, 1
2071522, 3, 1
2071636, 0, 0
2071639, 1, 1
2071644, 2, 1
2071647, 3, 1
2071761, 0, 1
2071764, 1, 0
2071769, 2, 0
2071772, 3, 1
2071886, 0, 0
2071889, 1, 1
2071894, 2, 0
2071897, 3, prem 0
2071897, 3, 0
2072011, 0, 1
2072014, 1, bit 1
2072014, 1, 1
2072019, 2, 1
2072022, 3, 0
2072136, 0, 0
2072139, 1, 0
2072144, 2, 1
2072147, 3, 0
2072261, 0, 1
2072264, 1, 1
2072269, 2, 0
2072272, 3, 0
2072386, 0, 1
2072389, 1, 0
2072394, 2, bit 1
2072394, 2, 0
2072397, 3, 1
2072511, 0, 0
2072514, 1, 1
2072519, 2, 1
2072522, 3, 1
2072636, 0, 1
2072639, 1, 0
2072644, 2, 0
2072647, 3, 1
2072761, 0, 0
2072764, 1, 0
2072769, 2, 1
2072772, 3, 1
2072886, 0, bit 0
2072886, 0, 1
2072889, 1, 1
2072894, 2, 0
2072897, 3, prem 1
2072897, 3, 1
2073011, 0, 0
2073014, 1, 1
2073019, 2, 1
2073022, 3, 1
2073136, 0, 0
2073139, 1, 0
2073144, 2, 0
2073147, 3, 1
2073261, 0, 1
2073264, 1, 1
2073269, 2, 1
2073272, 3, 1
2073387, 0, 0
2073389, 1, 0
2073394, 2, 1
2073397, 3, 0
2073512, 0, 1
2073515, 1, 1
2073519, 2, 0
2073522, 3, 0
2073637, 0, 0
2073640, 1, 0
2073644, 2, 0
2073647, 3, 0
2073762, 0, 1
2073765, 1, bit 1
2073765, 1, 1
2073769, 2, 1
2073772, 3, 0
2073887, 0, 0
2073890, 1, 0
2073894, 2, 1
2073897, 3, bit 1
2073897, 3, 1
2074012, 0, 1
2074015, 1, 1
2074019, 2, 0
2074022, 3, 0
2074137, 0, 1
2074140, 1, 0
2074144, 2, bit 1
2074144, 2, 0
2074147, 3, 0
2074262, 0, 0
2074265, 1, 1
2074269, 2, 1
2074272, 3, 1
2074387, 0, 1
2074390, 1, 0
2074394, 2, 0
2074397, 3, 1
2074512, 0, 0
2074515, 1, 0
2074519, 2, 1
2074522, 3, 0
2074637, 0, bit 1
2074637, 0, 0
2074640, 1, 1
2074644, 2, 0
2074647, 3, 1
2074762, 0, 1
2074765, 1, 1
2074769, 2, 1
2074772, 3, 0
2074887, 0, 1
2074890, 1, 0
2074894, 2, 0
2074897, 3, 0
2075012, 0, 0
2075015, 1, 1
2075019, 2, 1
2075022, 3, 1
2075137, 0, 1
2075140, 1, 0
2075144, 2, 1
2075147, 3, 0
2075262, 0, 0
2075265, 1, 1
2075269, 2, 0
2075272, 3, 1
2075387, 0, 1
2075390, 1, 0
2075394, 2, 0
2075397, 3, 1
2075512, 0, 0
2075515, 1, bit 0
2075515, 1, 0
2075520, 2, 1
2075522, 3, 0
2075637, 0, 1
2075640, 1, 1
2075645, 2, 1
2075648, 3, bit 0
2075648, 3, 0
2075762, 0, 0
2075765, 1, 0
2075770, 2, 0
2075773, 3, 1
2075887, 0, 0
2075890, 1, 1
2075895, 2, bit 0
2075895, 2, 1
2075898, 3, 1
2076012, 0, 1
2076015, 1, 0
2076020, 2, 0
2076023, 3, 0
2076137, 0, 0
2076140, 1, 1
2076145, 2, 1
2076148, 3, 0
2076262, 0, 1
2076265, 1, 1
2076270, 2, 0
2076273, 3, 1
2076387, 0, bit 0
2076387, 0, 1
2076390, 1, 0
2076395, 2, 1
2076398, 3, 0
2076512, 0, 0
2076515, 1, 0
2076520, 2, 0
2076523, 3, 1
2076637, 0, 0
2076640, 1, 1
2076645, 2, 1
2076648, 3, 1
2076762, 0, 1
2076765, 1, 0
2076770, 2, 0
2076773, 3, 0
2076887, 0, 0
2076890, 1, 1
2076895, 2, 0
2076898, 3, 1
2077012, 0, 1
2077015, 1, 0
2077020, 2, 1
2077023, 3, 0
2077137, 0, 0
2077140, 1, 1
2077145, 2, 1
2077148, 3, 0
2077262, 0, 1
2077265, 1, bit 1
2077265, 1, 1
2077270, 2, 0
2077273, 3, 1
2077387, 0, 0
2077390, 1, 0
2077395, 2, 0
2077398, 3, bit 1
2077398, 3, 1
2077512, 0, 1
2077515, 1, 1
2077520, 2, 1
2077523, 3, 0
2077637, 0, 1
2077640, 1, 0
2077645, 2, bit 1
2077645, 2, 0
2077648, 3, 0
2077762, 0, 0
2077765, 1, 1
2077770, 2, 1
2077773, 3, 1
2077887, 0, 1
2077890, 1, 0
2077895, 2, 0
2077898, 3, 1
2078012, 0, 0
2078015, 1, 0
2078020, 2, 1
2078023, 3, 0
2078137, 0, bit 0
2078137, 0, 1
2078140, 1, 1
2078145, 2, 0
2078148, 3, 1
2078262, 0, 0
2078265, 1, 1
2078270, 2, 1
2078273, 3, 0
2078387, 0, 0
2078390, 1, 0
2078395, 2, 0
2078398, 3, 0
2078512, 0, 1
2078515, 1, 1
2078520, 2, 1
2078523, 3, 1
2078637, 0, 0
2078640, 1, 0
2078645, 2, 1
2078648, 3, 0
2078763, 0, 1
2078765, 1, 1
2078770, 2, 0
2078773, 3, 1
2078888, 0, 0
2078891, 1, 0
2078895, 2, 0
2078898, 3, 1
2079013, 0, 1
2079016, 1, bit 1
2079016, 1, 1
2079020, 2, 1
2079023, 3, 0
2079138, 0, 0
2079141, 1, 0
2079145, 2, 1
2079148, 3, bit 0
2079148, 3, 0
2079263, 0, 1
2079266, 1, 1
2079270, 2, 0
2079273, 3, 1
2079388, 0, 1
2079391, 1, 0
2079395, 2, bit 0
2079395, 2, 1
2079398, 3, 1
2079513, 0, 0
2079516, 1, 1
2079520, 2, 0
2079523, 3, 0
2079638, 0, 1
2079641, 1, 0
2079645, 2, 1
2079648, 3, 0
2079763, 0, 0
2079766, 1, 0
2079770, 2, 0
2079773, 3, 1
2079888, 0, bit 1
2079888, 0, 0
2079891, 1, 1
2079895, 2, 1
2079898, 3, 0
2080013, 0, 1
2080016, 1, 1
2080020, 2, 0
2080023, 3, 1
2080138, 0, 1
2080141, 1, 0
2080145, 2, 1
2080148, 3, 1
2080263, 0, 0
2080266, 1, 1
2080270, 2, 0
2080273, 3, 0
2080388, 0, 1
2080391, 1, 0
2080395, 2, 0
2080398, 3, 1
2080513, 0, 0
2080516, 1, 1
2080520, 2, 1
2080523, 3, 0
2080638, 0, 1
2080641, 1, 0
2080645, 2, 1
2080648, 3, 0
2080763, 0, 0
2080766, 1, bit 1
2080766, 1, 1
2080770, 2, 0
2080773, 3, 1
2080888, 0, 1
2080891, 1, 0
2080896, 2, 0
2080898, 3, bit 1
2080898, 3, 1
2081013, 0, 0
2081016, 1, 1
2081021, 2, 1
2081024, 3, 0
2081138, 0, 0
2081141, 1, 0
2081146, 2, bit 1
2081146, 2, 0
2081149, 3, 0
2081263, 0, 1
2081266, 1, 1
2081271, 2, 1
2081274, 3, 1
2081388, 0, 0
2081391, 1, 0
2081396, 2, 0
2081399, 3, 1
2081513, 0, 1
2081516, 1, 0
2081521, 2, 1
2081524, 3, 0
2081638, 0, bit 1
2081638, 0, 0
2081641, 1, 1
2081646, 2, 0
2081649, 3, 1
2081763, 0, 1
2081766, 1, 1
2081771, 2, 1
2081774, 3, 0
2081888, 0, 1
2081891, 1, 0
2081896, 2, 0
2081899, 3, 0
2082013, 0, 0
2082016, 1, 1
2082021, 2, 1
2082024, 3, 1
2082138, 0, 1
2082141, 1, 0
2082146, 2, 1
2082149, 3, 0
2082263, 0, 0
2082266, 1, 1
2082271, 2, 0
2082274, 3, 1
2082388, 0, 1
2082391, 1, 0
2082396, 2, 0
2082399, 3, 1
2082513, 0, 0
2082516, 1, bit 0
2082516, 1, 0
2082521, 2, 1
2082524, 3, 0
2082638, 0, 1
2082641, 1, 1
2082646, 2, 1
2082649, 3, bit 0
2082649, 3, 0
2082763, 0, 0
2082766, 1, 0
2082771, 2, 0
2082774, 3, 1
2082888, 0, 0
2082891, 1, 1
2082896, 2, bit 1
2082896, 2, 0
2082899, 3, 1
2083013, 0, 1
2083016, 1, 0
2083021, 2, 1
2083024, 3, 0
2083138, 0, 0
2083141, 1, 1
2083146, 2, 0
2083149, 3, 0
2083263, 0, 1
2083266, 1, 1
2083271, 2, 1
2083274, 3, 1
2083388, 0, bit 0
2083388, 0, 1
2083391, 1, 0
2083396, 2, 0
2083399, 3, 0
2083513, 0, 0
2083516, 1, 0
2083521, 2, 1
2083524, 3, 1
2083638, 0, 0
2083641, 1, 1
2083646, 2, 0
2083649, 3, 1
2083763, 0, 1
2083766, 1, 0
2083771, 2, 1
2083774, 3, 0
2083888, 0, 0
2083891, 1, 1
2083896, 2, 1
2083899, 3, 1
2084013, 0, 1
2084016, 1, 0
2084021, 2, 0
2084024, 3, 0
2084139, 0, 0
2084141, 1, 1
2084146, 2, 0
2084149, 3, 0
2084264, 0, 1
2084267, 1, bit 0
2084267, 1, 0
2084271, 2, 1
2084274, 3, 1
2084389, 0, 0
2084392, 1, 1
2084396, 2, 1
2084406, 3, bit 1
2084407, 3, 1
2084514, 0, 1
2084517, 1, 0
2084521, 2, 0
2084531, 3, 0
2084639, 0, 1
2084642, 1, 1
2084646, 2, bit 0
2084646, 2, 1
2084656, 3, 0
2084764, 0, 0
2084767, 1, 0
2084771, 2, 0
2084781, 3, 1
2084889, 0, 1
2084892, 1, 1
2084896, 2, 1
2084907, 3, 1
2085014, 0, 0
2085017, 1, 1
2085021, 2, 0
2085032, 3, 0
2085139, 0, bit 1
2085139, 0, 0
2085142, 1, 0
2085146, 2, 1
2085157, 3, 1
2085264, 0, 1
2085267, 1, 0
2085271, 2, 0
2085282, 3, 0
2085389, 0, 1
2085392, 1, 1
2085396, 2, 1
2085407, 3, 0
2085514, 0, 0
2085517, 1, 0
2085521, 2, 0
2085532, 3, 1
2085639, 0, 1
2085642, 1, 1
2085646, 2, 0
2085657, 3, 0
2085764, 0, 0
2085767, 1, 0
2085771, 2, 1
2085782, 3, 1
2085889, 0, 1
2085892, 1, 1
2085896, 2, 1
2085907, 3, 1
2086014, 0, 0
2086017, 1, bit 1
2086017, 1, 1
2086021, 2, 0
2086032, 3, 0
2086139, 0, 1
2086142, 1, 0
2086146, 2, 0
2086157, 3, bit 0
2086157, 3, 0
2086264, 0, 0
2086267, 1, 1
2086272, 2, 1
2086282, 3, 1
2086389, 0, 0
2086392, 1, 0
2086397, 2, bit 0
2086397, 2, 1
2086407, 3, 1
2086514, 0, 1
2086517, 1, 1
2086522, 2, 0
2086532, 3, 0
2086639, 0, 0
2086642, 1, 0
2086647, 2, 1
2086657, 3, 0
2086764, 0, 1
2086767, 1, 0
2086772, 2, 0
2086782, 3, 1
2086889, 0, bit 0
2086889, 0, 1
2086892, 1, 1
2086897, 2, 1
2086907, 3, 0
2087014, 0, 0
2087017, 1, 1
2087022, 2, 0
2087032, 3, 1
2087139, 0, 0
2087142, 1, 0
2087147, 2, 1
2087157, 3, 1
2087264, 0, 1
2087267, 1, 1
2087272, 2, 0
2087282, 3, 0
2087389, 0, 0
2087392, 1, 0
2087397, 2, 0
2087407, 3, 1
2087514, 0, 1
2087517, 1, 1
2087522, 2, 1
2087532, 3, 0
2087639, 0, 0
2087642, 1, 0
2087647, 2, 1
2087657, 3, 0
2087764, 0, 1
2087767, 1, bit 0
2087767, 1, 0
2087772, 2, 0
2087782, 3, 1
2087889, 0, 0
2087892, 1, 1
2087897, 2, 0
2087907, 3, bit 1
2087907, 3, 1
2088014, 0, 1
2088017, 1, 0
2088022, 2, 1
2088032, 3, 0
2088139, 0, 1
2088142, 1, 1
2088147, 2, bit 1
2088147, 2, 0
2088157, 3, 0
2088264, 0, 0
2088267, 1, 0
2088272, 2, 1
2088282, 3, 1
2088389, 0, 1
2088392, 1, 1
2088397, 2, 0
2088407, 3, 1
2088514, 0, 0
2088517, 1, 1
2088522, 2, 1
2088532, 3, 0
2088639, 0, bit 0
2088639, 0, 1
2088642, 1, 0
2088647, 2, 0
2088657, 3, 1
2088764, 0, 0
2088767, 1, 0
2088772, 2, 1
2088782, 3, 0
2088889, 0, 0
2088892, 1, 1
2088897, 2, 0
2088907, 3, 0
2089014, 0, 1
2089017, 1, 0
2089022, 2, 1
2089032, 3, 1
2089139, 0, 0
2089142, 1, 1
2089147, 2, 1
2089157, 3, 0
2089264, 0, 1
2089267, 1, 0
2089272, 2, 0
2089282, 3, 1
2089389, 0, 0
2089392, 1, 1
2089397, 2, 0
2089407, 3, 1
2089515, 0, 1
2089517, 1, bit 1
2089517, 1, 1
2089522, 2, 1
2089532, 3, 0
2089640, 0, 0
2089643, 1, 0
2089647, 2, 1
2089657, 3, bit 1
2089657, 3, 1
2089765, 0, 1
2089768, 1, 1
2089772, 2, 0
2089782, 3, 0
2089890, 0, 1
2089893, 1, 0
2089897, 2, bit 1
2089897, 2, 0
2089907, 3, 0
2090015, 0, 0
2090018, 1, 1
2090022, 2, 1
2090032, 3, 1
2090140, 0, 1
2090143, 1, 0
2090147, 2, 0
2090157, 3, 1
2090265, 0, 0
2090268, 1, 0
2090272, 2, 1
2090283, 3, 0
2090390, 0, bit 1
2090390, 0, 0
2090393, 1, 1
2090397, 2, 0
2090408, 3, 1
2090515, 0, 1
2090518, 1, 1
2090522, 2, 1
2090533, 3, 0
2090640, 0, 1
2090643, 1, 0
2090647, 2, 0
2090658, 3, 0
2090765, 0, 0
2090768, 1, 1
2090772, 2, 1
2090783, 3, 1
2090890, 0, 1
2090893, 1, 0
2090897, 2, 1
2090908, 3, 0
2091015, 0, 0
2091018, 1, 1
2091022, 2, 0
2091033, 3, 1
2091140, 0, 1
2091143, 1, 0
2091147, 2, 0
2091158, 3, 1
2091265, 0, 0
2091268, 1, bit 1
2091268, 1, 1
2091272, 2, 1
2091283, 3, 0
2091390, 0, 1
2091393, 1, 0
2091397, 2, 1
2091408, 3, bit 0
2091408, 3, 0
2091515, 0, 0
2091518, 1, 1
2091522, 2, 0
2091533, 3, 1
2091640, 0, 0
2091643, 1, 0
2091648, 2, bit 1
2091648, 2, 0
2091658, 3, 1
2091765, 0, 1
2091768, 1, 1
2091773, 2, 1
2091783, 3, 0
2091890, 0, 0
2091893, 1, 0
2091898, 2, 0
2091908, 3, 0
2092015, 0, 1
2092018, 1, 0
2092023, 2, 1
2092033, 3, 1
2092140, 0, bit 1
2092140, 0, 0
2092143, 1, 1
2092148, 2, 0
2092158, 3, 0
2092265, 0, 1
2092268, 1, 1
2092273, 2, 1
2092283, 3, 1
2092390, 0, 1
2092393, 1, 0
2092398, 2, 0
2092408, 3, 1
2092515, 0, 0
2092518, 1, 1
2092523, 2, 1
2092533, 3, 0
2092640, 0, 1
2092643, 1, 0
2092648, 2, 1
2092658, 3, 1
2092765, 0, 0
2092768, 1, 1
2092773, 2, 0
2092783, 3, 0
2092890, 0, 1
2092893, 1, 0
2092898, 2, 0
2092908, 3, 0
2093015, 0, 0
2093018, 1, bit 1
2093018, 1, 1
2093023, 2, 1
2093033, 3, 1
2093140, 0, 1
2093143, 1, 0
2093148, 2, 1
2093158, 3, bit 1
2093158, 3, 1
2093265, 0, 0
2093268, 1, 1
2093273, 2, 0
2093283, 3, 0
2093390, 0, 0
2093393, 1, 0
2093398, 2, bit 0
2093398, 2, 1
2093408, 3, 0
2093515, 0, 1
2093518, 1, 1
2093523, 2, 0
2093533, 3, 1
2093640, 0, 0
2093643, 1, 0
2093648, 2, 1
2093658, 3, 1
2093765, 0, 1
2093768, 1, 0
2093773, 2, 0
2093783, 3, 0
2093890, 0, bit 0
2093890, 0, 1
2093893, 1, 1
2093898, 2, 1
2093908, 3, 1
2094015, 0, 0
2094018, 1, 1
2094023, 2, 0
2094033, 3, 0
2094140, 0, 0
2094143, 1, 0
2094148, 2, 1
2094158, 3, 0
2094265, 0, 1
2094268, 1, 1
2094273, 2, 0
2094283, 3, 1
2094390, 0, 0
2094393, 1, 0
2094398, 2, 0
2094408, 3, 0
2094515, 0, 1
2094518, 1, 1
2094523, 2, 1
2094533, 3, 1
2094640, 0, 0
2094643, 1, 0
2094648, 2, 1
2094658, 3, 1
2094765, 0, 1
2094768, 1, bit 1
2094768, 1, 1
2094773, 2, 0
2094783, 3, 0
2094891, 0, 0
2094893, 1, 0
2094898, 2, 0
2094908, 3, bit 1
2094908, 3, 1
2095016, 0, 1
2095019, 1, 1
2095023, 2, 1
2095033, 3, 0
2095141, 0, 1
2095144, 1, 0
2095148, 2, bit 0
2095151, 2, 1
2095158, 3, 0
2095266, 0, 0
2095269, 1, 1
2095273, 2, 0
2095283, 3, 1
2095391, 0, 1
2095394, 1, 0
2095398, 2, 1
2095408, 3, 1
2095516, 0, 0
2095519, 1, 0
2095523, 2, 0
2095533, 3, 0
2095641, 0, bit 1
2095641, 0, 0
2095644, 1, 1
2095648, 2, 1
2095659, 3, 1
2095766, 0, 1
2095769, 1, 1
2095773, 2, 0
2095784, 3, 0
2095891, 0, 1
2095894, 1, 0
2095898, 2, 1
2095909, 3, 0
2096016, 0, 0
2096019, 1, 1
2096023, 2, 0
2096034, 3, 1
2096141, 0, 1
2096144, 1, 0
2096148, 2, 0
2096159, 3, 0
2096266, 0, 0
2096269, 1, 1
2096273, 2, 1
2096284, 3, 1
2096391, 0, 1
2096394, 1, 0
2096398, 2, 1
2096409, 3, 1
2096516, 0, 0
2096519, 1, bit 1
2096519, 1, 1
2096523, 2, 0
2096534, 3, 0
2096641, 0, 1
2096644, 1, 0
2096648, 2, 0
2096659, 3, bit 0
2096659, 3, 0
2096766, 0, 0
2096769, 1, 1
2096773, 2, 1
2096784, 3, 1
2096891, 0, 0
2096894, 1, 0
2096898, 2, bit 0
2096898, 2, 1
2096909, 3, 1
2097016, 0, 1
2097019, 1, 1
2097024, 2, 0
2097034, 3, 0
2097141, 0, 0
2097144, 1, 0
2097149, 2, 1
2097159, 3, 0
2097266, 0, 1
2097269, 1, 0
2097274, 2, 0
2097284, 3, 1
2097391, 0, bit 1
2097391, 0, 0
2097394, 1, 1
2097399, 2, 1
2097409, 3, 0
2097516, 0, 1
2097519, 1, 1
2097524, 2, 0
2097534, 3, 1
2097641, 0, 1
2097644, 1, 0
2097649, 2, 1
2097659, 3, 1
2097766, 0, 0
2097769, 1, 1
2097774, 2, 0
2097784, 3, 0
2097891, 0, 1
2097894, 1, 0
2097899, 2, 0
2097909, 3, 1
2098016, 0, 0
2098019, 1, 1
2098024, 2, 1
2098034, 3, 0
2098141, 0, 1
2098144, 1, 0
2098149, 2, 1
2098159, 3, 0
2098266, 0, 0
2098269, 1, bit 0
2098269, 1, 0
2098274, 2, 0
2098284, 3, 1
2098391, 0, 1
2098394, 1, 1
2098399, 2, 0
2098409, 3, bit 0
2098409, 3, 0
2098516, 0, 0
2098519, 1, 0
2098524, 2, 1
2098534, 3, 1
2098641, 0, 0
2098644, 1, 1
2098649, 2, bit 1
2098649, 2, 0
2098659, 3, 1
2098766, 0, 1
2098769, 1, 0
2098774, 2, 1
2098784, 3, 0
2098891, 0, 0
2098894, 1, 1
2098899, 2, 0
2098909, 3, 0
2099016, 0, 1
2099019, 1, 1
2099024, 2, 1
2099034, 3, 1
2099141, 0, bit 0
2099141, 0, 1
2099144, 1, 0
2099149, 2, 0
2099159, 3, 0
2099266, 0, 0
2099269, 1, 0
2099274, 2, 1
2099284, 3, 1
2099391, 0, 0
2099394, 1, 1
2099399, 2, 0
2099409, 3, 1
2099516, 0, 1
2099519, 1, 0
2099524, 2, 1
2099534, 3, 0
2099641, 0, 0
2099644, 1, 1
2099649, 2, 1
2099659, 3, 1
2099766, 0, 1
2099769, 1, 0
2099774, 2, 0
2099784, 3, 0
2099891, 0, 0
2099894, 1, 1
2099899, 2, 0
2099909, 3, 0
2100016, 0, 1
2100019, 1, bit 1
2100019, 1, 1
2100024, 2, 1
2100034, 3, 1
2100141, 0, 0
2100144, 1, 0
2100149, 2, 1
2100159, 3, bit 1
2100159, 3, 1
2100267, 0, 1
2100269, 1, 1
2100274, 2, 0
2100284, 3, 0
2100392, 0, 1
2100395, 1, 0
2100399, 2, bit 0
2100399, 2, 1
2100409, 3, 0
2100517, 0, 0
2100520, 1, 1
2100524, 2, 0
2100534, 3, 1
2100642, 0, 1
2100645, 1, 0
2100649, 2, 1
2100659, 3, 1
2100767, 0, 0
2100770, 1, 0
2100774, 2, 0
2100784, 3, 0
2100892, 0, bit 1
2100892, 0, 0
2100895, 1, 1
2100899, 2, 1
2100909, 3, 1
2101017, 0, 1
2101020, 1, 1
2101024, 2, 0
2101035, 3, 0
2101142, 0, 1
2101145, 1, 0
2101149, 2, 1
2101160, 3, 0
2101267, 0, 0
2101270, 1, 1
2101274, 2, 0
2101285, 3, 1
2101392, 0, 1
2101395, 1, 0
2101399, 2, 0
2101410, 3, 0
2101517, 0, 0
2101520, 1, 1
2101524, 2, 1
2101535, 3, 1
2101642, 0, 1
2101645, 1, 0
2101649, 2, 1
2101660, 3, 1
2101767, 0, 0
2101770, 1, bit 0
2101770, 1, 0
2101774, 2, 0
2101785, 3, 0
2101892, 0, 1
2101895, 1, 1
2101899, 2, 0
2101910, 3, bit 1
2101910, 3, 1
2102017, 0, 0
2102020, 1, 0
2102024, 2, 1
2102035, 3, 0
2102142, 0, 0
2102145, 1, 1
2102149, 2, bit 0
2102149, 2, 1
2102160, 3, 0
2102267, 0, 1
2102270, 1, 0
2102274, 2, 0
2102285, 3, 1
2102392, 0, 0
2102395, 1, 1
2102400, 2, 1
2102410, 3, 1
2102517, 0, 1
2102520, 1, 1
2102525, 2, 0
2102535, 3, 0
2102642, 0, bit 1
2102642, 0, 0
2102645, 1, 0
2102650, 2, 1
2102660, 3, 1
2102767, 0, 1
2102770, 1, 0
2102775, 2, 0
2102785, 3, 0
2102892, 0, 1
2102895, 1, 1
2102900, 2, 1
2102910, 3, 0
2103017, 0, 0
2103020, 1, 0
2103025, 2, 0
2103035, 3, 1
2103142, 0, 1
2103145, 1, 1
2103150, 2, 0
2103160, 3, 0
2103267, 0, 0
2103270, 1, 0
2103275, 2, 1
2103285, 3, 1
2103392, 0, 1
2103395, 1, 1
2103400, 2, 1
2103410, 3, 1
2103517, 0, 0
2103520, 1, bit 1
2103520, 1, 1
2103525, 2, 0
2103535, 3, 0
2103642, 0, 1
2103645, 1, 0
2103650, 2, 0
2103660, 3, bit 0
2103660, 3, 0
2103767, 0, 0
2103770, 1, 1
2103775, 2, 1
2103785, 3, 1
2103892, 0, 0
2103895, 1, 0
2103900, 2, bit 1
2103900, 2, 0
2103910, 3, 1
2104017, 0, 1
2104020, 1, 1
2104025, 2, 1
2104035, 3, 0
2104142, 0, 0
2104145, 1, 0
2104150, 2, 0
2104160, 3, 0
2104267, 0, 1
2104270, 1, 0
2104275, 2, 1
2104285, 3, 1
2104392, 0, bit 1
2104392, 0, 0
2104395, 1, 1
2104400, 2, 0
2104410, 3, 0
2104517, 0, 1
2104520, 1, 1
2104525, 2, 1
2104535, 3, 1
2104642, 0, 1
2104645, 1, 0
2104650, 2, 0
2104660, 3, 1
2104767, 0, 0
2104770, 1, 1
2104775, 2, 1
2104785, 3, 0
2104892, 0, 1
2104895, 1, 0
2104900, 2, 1
2104910, 3, 1
2105017, 0, 0
2105020, 1, 1
2105025, 2, 0
2105035, 3, 0
2105142, 0, 1
2105145, 1, 0
2105150, 2, 0
2105160, 3, 0
2105267, 0, 0
2105270, 1, bit 1
2105270, 1, 1
2105275, 2, 1
2105285, 3, 1
2105392, 0, 1
2105395, 1, 0
2105400, 2, 1
2105410, 3, bit 1
2105410, 3, 1
2105517, 0, 0
2105520, 1, 1
2105525, 2, 0
2105535, 3, 0
2105643, 0, 0
2105645, 1, 0
2105650, 2, bit 1
2105650, 2, 0
2105660, 3, 0
2105768, 0, 1
2105771, 1, 1
2105775, 2, 1
2105785, 3, 1
2105893, 0, 0
2105896, 1, 0
2105900, 2, 0
2105910, 3, 1
2106018, 0, 1
2106021, 1, 0
2106025, 2, 1
2106035, 3, 0
2106143, 0, bit 1
2106143, 0, 0
2106146, 1, 1
2106150, 2, 0
2106160, 3, 1
2106268, 0, 1
2106271, 1, 1
2106275, 2, 1
2106285, 3, 0
2106393, 0, 1
2106396, 1, 0
2106400, 2, 0
2106411, 3, 0
2106518, 0, 0
2106521, 1, 1
2106525, 2, 1
2106536, 3, 1
2106643, 0, 1
2106646, 1, 0
2106650, 2, 1
2106661, 3, 0
2106768, 0, 0
2106771, 1, 1
2106775, 2, 0
2106786, 3, 1
2106893, 0, 1
2106896, 1, 0
2106900, 2, 0
2106911, 3, 1
2107018, 0, 0
2107021, 1, bit 1
2107021, 1, 1
2107025, 2, 1
2107036, 3, 0
2107143, 0, 1
2107146, 1, 0
2107150, 2, 1
2107161, 3, bit 0
2107161, 3, 0
2107268, 0, 0
2107271, 1, 1
2107275, 2, 0
2107286, 3, 1
2107393, 0, 0
2107396, 1, 0
2107400, 2, bit 1
2107400, 2, 0
2107411, 3, 1
2107518, 0, 1
2107521, 1, 1
2107525, 2, 1
2107536, 3, 0
2107643, 0, 0
2107646, 1, 0
2107650, 2, 0
2107661, 3, 0
2107768, 0, 1
2107771, 1, 0
2107776, 2, 1
2107786, 3, 1
2107893, 0, bit 0
2107893, 0, 1
2107896, 1, 1
2107901, 2, 0
2107911, 3, 0
2108018, 0, 0
2108021, 1, 1
2108026, 2, 1
2108036, 3, 1
2108143, 0, 0
2108146, 1, 0
2108151, 2, 0
2108161, 3, 1
2108268, 0, 1
2108271, 1, 1
2108276, 2, 1
2108286, 3, 0
2108393, 0, 0
2108396, 1, 0
2108401, 2, 1
2108411, 3, 1
2108518, 0, 1
2108521, 1, 1
2108526, 2, 0
2108536, 3, 0
2108643, 0, 0
2108646, 1, 0
2108651, 2, 0
2108661, 3, 0
2108768, 0, 1
2108771, 1, bit 1
2108771, 1, 1
2108776, 2, 1
2108786, 3, 1
2108893, 0, 0
2108896, 1, 0
2108901, 2, 1
2108911, 3, bit 0
2108911, 3, 0
2109018, 0, 1
2109021, 1, 1
2109026, 2, 0
2109036, 3, 1
2109143, 0, 1
2109146, 1, 0
2109151, 2, bit 0
2109151, 2, 1
2109161, 3, 1
2109268, 0, 0
2109271, 1, 1
2109276, 2, 0
2109286, 3, 0
2109393, 0, 1
2109396, 1, 0
2109401, 2, 1
2109411, 3, 0
2109518, 0, 0
2109521, 1, 0
2109526, 2, 0
2109536, 3, 1
2109643, 0, bit 1
2109643, 0, 0
2109646, 1, 1
2109651, 2, 1
2109661, 3, 0
2109768, 0, 1
2109771, 1, 1
2109776, 2, 0
2109786, 3, 1
2109893, 0, 1
2109896, 1, 0
2109901, 2, 1
2109911, 3, 1
2110018, 0, 0
2110021, 1, 1
2110026, 2, 0
2110036, 3, 0
2110143, 0, 1
2110146, 1, 0
2110151, 2, 0
2110161, 3, 1
2110268, 0, 0
2110271, 1, 1
2110276, 2, 1
2110286, 3, 0
2110393, 0, 1
2110396, 1, 0
2110401, 2, 1
2110411, 3, 0
2110518, 0, 0
2110521, 1, bit 0
2110521, 1, 0
2110526, 2, 0
2110536, 3, 1
2110643, 0, 1
2110646, 1, 1
2110651, 2, 0
2110661, 3, bit 0
2110661, 3, 0
2110768, 0, 0
2110771, 1, 0
2110776, 2, 1
2110786, 3, 1
2110893, 0, 0
2110896, 1, 1
2110901, 2, bit 1
2110901, 2, 0
2110911, 3, 1
2111019, 0, 1
2111021, 1, 0
2111026, 2, 1
2111036, 3, 0
2111144, 0, 0
2111147, 1, 1
2111151, 2, 0
2111161, 3, 0
2111269, 0, 1
2111272, 1, 1
2111276, 2, 1
2111286, 3, 1
2111394, 0, bit 0
2111394, 0, 1
2111397, 1, 0
2111401, 2, 0
2111411, 3, 0
2111519, 0, 0
2111522, 1, 0
2111526, 2, 1
2111536, 3, 1
2111644, 0, 0
2111647, 1, 1
2111651, 2, 0
2111661, 3, 1
2111769, 0, 1
2111772, 1, 0
2111776, 2, 1
2111787, 3, 0
2111894, 0, 0
2111897, 1, 1
2111901, 2, 1
2111912, 3, 1
2112019, 0, 1
2112022, 1, 0
2112026, 2, 0
2112037, 3, 0
2112144, 0, 0
2112147, 1, 1
2112151, 2, 0
2112162, 3, 0
2112269, 0, 1
2112272, 1, bit 1
2112272, 1, 1
2112276, 2, 1
2112287, 3, 1
2112394, 0, 0
2112397, 1, 0
2112401, 2, 1
2112412, 3, bit 1
2112412, 3, 1
2112519, 0, 1
2112522, 1, 1
2112526, 2, 0
2112537, 3, 0
2112644, 0, 1
2112647, 1, 0
2112651, 2, bit 0
2112651, 2, 1
2112662, 3, 0
2112769, 0, 0
2112772, 1, 1
2112776, 2, 0
2112787, 3, 1
2112894, 0, 1
2112897, 1, 0
2112901, 2, 1
2112912, 3, 1
2113019, 0, 0
2113022, 1, 0
2113026, 2, 0
2113037, 3, 0
2113144, 0, bit 1
2113144, 0, 0
2113147, 1, 1
2113152, 2, 1
2113162, 3, 1
2113269, 0, 1
2113272, 1, 1
2113277, 2, 0
2113287, 3, 0
2113394, 0, 1
2113397, 1, 0
2113402, 2, 1
2113412, 3, 0
2113519, 0, 0
2113522, 1, 1
2113527, 2, 0
2113537, 3, 1
2113644, 0, 1
2113647, 1, 0
2113652, 2, 0
2113662, 3, 0
2113769, 0, 0
2113772, 1, 1
2113777, 2, 1
2113787, 3, 1
2113894, 0, 1
2113897, 1, 0
2113902, 2, 1
2113912, 3, 1
2114019, 0, 0
2114022, 1, bit 1
2114022, 1, 1
2114027, 2, 0
2114037, 3, 0
2114144, 0, 1
2114147, 1, 0
2114152, 2, 0
2114162, 3, bit 0
2114162, 3, 0
2114269, 0, 0
2114272, 1, 1
2114277, 2, 1
2114287, 3, 1
2114394, 0, 0
2114397, 1, 0
2114402, 2, bit 1
2114402, 2, 0
2114412, 3, 1
2114519, 0, 1
2114522, 1, 1
2114527, 2, 1
2114537, 3, 0
2114644, 0, 0
2114647, 1, 0
2114652, 2, 0
2114662, 3, 0
2114769, 0, 1
2114772, 1, 0
2114777, 2, 1
2114787, 3, 1
2114894, 0, bit 1
2114894, 0, 0
2114897, 1, 1
2114902, 2, 0
2114912, 3, 0
2115019, 0, 1
2115022, 1, 1
2115027, 2, 1
2115037, 3, 1
2115144, 0, 1
2115147, 1, 0
2115152, 2, 0
2115162, 3, 1
2115269, 0, 0
2115272, 1, 1
2115277, 2, 1
2115287, 3, 0
2115394, 0, 1
2115397, 1, 0
2115402, 2, 1
2115412, 3, 1
2115519, 0, 0
2115522, 1, 1
2115527, 2, 0
2115537, 3, 0
2115644, 0, 1
2115647, 1, 0
2115652, 2, 0
2115662, 3, 0
2115769, 0, 0
2115772, 1, bit 1
2115782, 1, 1
2115783, 2, 1
2115787, 3, 1
2115894, 0, 1
2115897, 1, 0
2115908, 2, 1
2115912, 3, bit 0
2115912, 3, 0
2116019, 0, 0
2116022, 1, 1
2116033, 2, 0
2116037, 3, 1
2116144, 0, 0
2116147, 1, 0
2116158, 2, bit 0
2116158, 2, 1
2116162, 3, 1
2116269, 0, 1
2116272, 1, 1
2116283, 2, 0
2116287, 3, 0
2116395, 0, 0
2116397, 1, 0
2116408, 2, 1
2116412, 3, 0
2116520, 0, 1
2116523, 1, 0
2116533, 2, 0
2116537, 3, 1
2116645, 0, bit 1
2116645, 0, 0
2116648, 1, 1
2116658, 2, 1
2116662, 3, 0
2116770, 0, 1
2116773, 1, 1
2116783, 2, 0
2116787, 3, 1
2116895, 0, 1
2116898, 1, 0
2116908, 2, 1
2116912, 3, 1
2117020, 0, 0
2117023, 1, 1
2117033, 2, 0
2117037, 3, 0
2117145, 0, 1
2117148, 1, 0
2117158, 2, 0
2117163, 3, 1
2117270, 0, 0
2117273, 1, 1
2117283, 2, 1
2117288, 3, 0
2117395, 0, 1
2117398, 1, 0
2117408, 2, 1
2117413, 3, 0
2117520, 0, 0
2117523, 1, bit 1
2117523, 1, 1
2117533, 2, 0
2117538, 3, 1
2117645, 0, 1
2117648, 1, 0
2117658, 2, 0
2117663, 3, bit 0
2117666, 3, 0
2117770, 0, 0
2117773, 1, 1
2117783, 2, 1
2117788, 3, 1
2117895, 0, 0
2117898, 1, 0
2117908, 2, bit 1
2117908, 2, 0
2117913, 3, 1
2118020, 0, 1
2118023, 1, 1
2118033, 2, 1
2118038, 3, 0
2118145, 0, 0
2118148, 1, 0
2118158, 2, 0
2118163, 3, 0
2118270, 0, 1
2118273, 1, 0
2118283, 2, 1
2118288, 3, 1
2118395, 0, bit 1
2118395, 0, 0
2118398, 1, 1
2118408, 2, 0
2118413, 3, 0
2118520, 0, 1
2118523, 1, 1
2118533, 2, 1
2118538, 3, 1
2118645, 0, 1
2118648, 1, 0
2118658, 2, 0
2118663, 3, 1
2118770, 0, 0
2118773, 1, 1
2118784, 2, 1
2118788, 3, 0
2118895, 0, 1
2118898, 1, 0
2118909, 2, 1
2118913, 3, 1
2119020, 0, 0
2119023, 1, 1
2119034, 2, 0
2119038, 3, 0
2119145, 0, 1
2119148, 1, 0
2119159, 2, 0
2119163, 3, 0
2119270, 0, 0
2119273, 1, bit 0
2119273, 1, 0
2119284, 2, 1
2119288, 3, 1
2119395, 0, 1
2119398, 1, 1
2119409, 2, 1
2119413, 3, bit 1
2119413, 3, 1
2119520, 0, 0
2119523, 1, 0
2119534, 2, 0
2119538, 3, 0
2119645, 0, 0
2119648, 1, 1
2119659, 2, bit 1
2119659, 2, 0
2119663, 3, 0
2119770, 0, 1
2119773, 1, 0
2119784, 2, 1
2119788, 3, 1
2119895, 0, 0
2119898, 1, 1
2119909, 2, 0
2119913, 3, 1
2120020, 0, 1
2120023, 1, 1
2120034, 2, 1
2120038, 3, 0
2120145, 0, bit 1
2120145, 0, 0
2120148, 1, 0
2120159, 2, 0
2120163, 3, 1
2120270, 0, 1
2120273, 1, 0
2120284, 2, 1
2120288, 3, 0
2120395, 0, 1
2120398, 1, 1
2120409, 2, 0
2120413, 3, 0
2120520, 0, 0
2120523, 1, 0
2120534, 2, 1
2120538, 3, 1
2120645, 0, 1
2120648, 1, 1
2120659, 2, 1
2120663, 3, 0
2120770, 0, 0
2120773, 1, 0
2120784, 2, 0
2120788, 3, 1
2120895, 0, 1
2120898, 1, 1
2120909, 2, 0
2120913, 3, 1
2121020, 0, 0
2121023, 1, bit 1
2121023, 1, 1
2121034, 2, 1
2121038, 3, 0
2121145, 0, 1
2121148, 1, 0
2121159, 2, 1
2121163, 3, bit 0
2121163, 3, 0
2121270, 0, 0
2121273, 1, 1
2121284, 2, 0
2121288, 3, 1
2121395, 0, 0
2121398, 1, 0
2121409, 2, bit 0
2121409, 2, 1
2121413, 3, 1
2121520, 0, 1
2121523, 1, 1
2121534, 2, 0
2121538, 3, 0
2121645, 0, 0
2121648, 1, 0
2121659, 2, 1
2121663, 3, 0
2121771, 0, 1
2121773, 1, 0
2121784, 2, 0
2121788, 3, 1
2121896, 0, bit 0
2121896, 0, 1
2121899, 1, 1
2121909, 2, 1
2121913, 3, 0
2122021, 0, 0
2122024, 1, 1
2122034, 2, 0
2122038, 3, 1
2122146, 0, 0
2122149, 1, 0
2122159, 2, 1
2122163, 3, 1
2122271, 0, 1
2122274, 1, 1
2122284, 2, 0
2122288, 3, 0
2122396, 0, 0
2122399, 1, 0
2122409, 2, 0
2122413, 3, 1
2122521, 0, 1
2122524, 1, 1
2122534, 2, 1
2122539, 3, 0
2122646, 0, 0
2122649, 1, 0
2122659, 2, 1
2122664, 3, 0
2122771, 0, 1
2122774, 1, bit 0
2122774, 1, 0
2122784, 2, 0
2122789, 3, 1
2122896, 0, 0
2122899, 1, 1
2122909, 2, 0
2122914, 3, bit 1
2122914, 3, 1
2123021, 0, 1
2123024, 1, 0
2123034, 2, 1
2123039, 3, 0
2123146, 0, 1
2123149, 1, 1
2123159, 2, bit 1
2123159, 2, 0
2123164, 3, 0
2123271, 0, 0
2123274, 1, 0
2123284, 2, 1
2123289, 3, 1
2123396, 0, 1
2123399, 1, 1
2123409, 2, 0
2123414, 3, 1
2123521, 0, 0
2123524, 1, 1
2123534, 2, 1
2123539, 3, 0
2123646, 0, bit 0
2123646, 0, 1
2123649, 1, 0
2123659, 2, 0
2123664, 3, 1
2123771, 0, 0
2123774, 1, 0
2123784, 2, 1
2123789, 3, 0
2123896, 0, 0
2123899, 1, 1
2123909, 2, 0
2123914, 3, 0
2124021, 0, 1
2124024, 1, 0
2124034, 2, 1
2124039, 3, 1
2124146, 0, 0
2124149, 1, 1
2124160, 2, 1
2124164, 3, 0
2124271, 0, 1
2124274, 1, 0
2124285, 2, 0
2124289, 3, 1
2124396, 0, 0
2124399, 1, 1
2124410, 2, 0
2124414, 3, 1
2124521, 0, 1
2124524, 1, bit 0
2124524, 1, 0
2124535, 2, 1
2124539, 3, 0
2124646, 0, 0
2124649, 1, 1
2124660, 2, 1
2124664, 3, bit 1
2124664, 3, 1
2124771, 0, 1
2124774, 1, 0
2124785, 2, 0
2124789, 3, 0
2124896, 0, 1
2124899, 1, 1
2124910, 2, bit 0
2124910, 2, 1
2124914, 3, 0
2125021, 0, 0
2125024, 1, 0
2125035, 2, 0
2125039, 3, 1
2125146, 0, 1
2125149, 1, 1
2125160, 2, 1
2125164, 3, 1
2125271, 0, 0
2125274, 1, 1
2125285, 2, 0
2125289, 3, 0
2125396, 0, bit 1
2125396, 0, 0
2125399, 1, 0
2125410, 2, 1
2125414, 3, 1
2125521, 0, 1
2125524, 1, 0
2125535, 2, 0
2125539, 3, 0
2125646, 0, 1
2125649, 1, 1
2125660, 2, 1
2125664, 3, 0
2125771, 0, 0
2125774, 1, 0
2125785, 2, 0
2125789, 3, 1
2125896, 0, 1
2125899, 1, 1
2125910, 2, 0
2125914, 3, 0
2126021, 0, 0
2126024, 1, 0
2126035, 2, 1
2126039, 3, 1
2126146, 0, 1
2126149, 1, 1
2126160, 2, 1
2126164, 3, 1
2126271, 0, 0
2126274, 1, bit 1
2126274, 1, 1
2126285, 2, 0
2126289, 3, 0
2126396, 0, 1
2126399, 1, 0
2126410, 2, 0
2126414, 3, bit 1
2126414, 3, 1
2126521, 0, 0
2126524, 1, 1
2126535, 2, 1
2126539, 3, 0
2126646, 0, 0
2126649, 1, 0
2126660, 2, bit 1
2126660, 2, 0
2126664, 3, 0
2126771, 0, 1
2126774, 1, 1
2126785, 2, 1
2126789, 3, 1
2126896, 0, 0
2126899, 1, 0
2126910, 2, 0
2126914, 3, 1
2127021, 0, 1
2127024, 1, 0
2127035, 2, 1
2127039, 3, 0
2127147, 0, bit 0
2127147, 0, 1
2127149, 1, 1
2127160, 2, 0
2127164, 3, 1
2127272, 0, 0
2127275, 1, 1
2127285, 2, 1
2127289, 3, 0
2127397, 0, 0
2127400, 1, 0
2127410, 2, 0
2127414, 3, 0
2127522, 0, 1
2127525, 1, 1
2127535, 2, 1
2127539, 3, 1
2127647, 0, 0
2127650, 1, 0
2127660, 2, 1
2127664, 3, 0
2127772, 0, 1
2127775, 1, 1
2127785, 2, 0
2127789, 3, 1
2127897, 0, 0
2127900, 1, 0
2127910, 2, 0
2127915, 3, 1
2128022, 0, 1
2128025, 1, bit 1
2128025, 1, 1
2128035, 2, 1
2128040, 3, 0
2128147, 0, 0
2128150, 1, 0
2128160, 2, 1
2128165, 3, bit 1
2128165, 3, 1
2128272, 0, 1
2128275, 1, 1
2128285, 2, 0
2128290, 3, 0
2128397, 0, 1
2128400, 1, 0
2128410, 2, bit 0
2128413, 2, 1
2128415, 3, 0
2128522, 0, 0
2128525, 1, 1
2128535, 2, 0
2128540, 3, 1
2128647, 0, 1
2128650, 1, 0
2128660, 2, 1
2128665, 3, 1
2128772, 0, 0
2128775, 1, 0
2128785, 2, 0
2128790, 3, 0
2128897, 0, bit 0
2128897, 0, 1
2128900, 1, 1
2128910, 2, 1
2128915, 3, 1
2129022, 0, 0
2129025, 1, 1
2129035, 2, 0
2129040, 3, 0
2129147, 0, 0
2129150, 1, 0
2129160, 2, 1
2129165, 3, 0
2129272, 0, 1
2129275, 1, 1
2129285, 2, 0
2129290, 3, 1
2129397, 0, 0
2129400, 1, 0
2129410, 2, 0
2129415, 3, 0
2129522, 0, 1
2129525, 1, 1
2129536, 2, 1
2129540, 3, 1
2129647, 0, 0
2129650, 1, 0
2129661, 2, 1
2129665, 3, 1
2129772, 0, 1
2129775, 1, bit 0
2129775, 1, 0
2129786, 2, 0
2129790, 3, 0
2129897, 0, 0
2129900, 1, 1
2129911, 2, 0
2129915, 3, bit 0
2129915, 3, 0
2130022, 0, 1
2130025, 1, 0
2130036, 2, 1
2130040, 3, 1
2130147, 0, 1
2130150, 1, 1
2130161, 2, bit 0
2130161, 2, 1
2130165, 3, 1
2130272, 0, 0
2130275, 1, 0
2130286, 2, 0
2130290, 3, 0
2130397, 0, 1
2130400, 1, 1
2130411, 2, 1
2130415, 3, 0
2130522, 0, 0
2130525, 1, 1
2130536, 2, 0
2130540, 3, 1
2130647, 0, bit 0
2130647, 0, 1
2130650, 1, 0
2130661, 2, 1
2130665, 3, 0
2130772, 0, 0
2130775, 1, 0
2130786, 2, 0
2130790, 3, 1
2130897, 0, 0
2130900, 1, 1
2130911, 2, 1
2130915, 3, 1
2131022, 0, 1
2131025, 1, 0
2131036, 2, 0
2131040, 3, 0
2131147, 0, 0
2131150, 1, 1
2131161, 2, 0
2131165, 3, 1
2131272, 0, 1
2131275, 1, 0
2131286, 2, 1
2131290, 3, 0
2131397, 0, 0
2131400, 1, 1
2131411, 2, 1
2131415, 3, 0
2131522, 0, 1
2131525, 1, bit 1
2131525, 1, 1
2131536, 2, 0
2131540, 3, 1
2131647, 0, 0
2131650, 1, 0
2131661, 2, 0
2131665, 3, bit 1
2131665, 3, 1
2131772, 0, 1
2131775, 1, 1
2131786, 2, 1
2131790, 3, 0
2131897, 0, 1
2131900, 1, 0
2131911, 2, bit 1
2131911, 2, 0
2131915, 3, 0
2132022, 0, 0
2132025, 1, 1
2132036, 2, 1
2132040, 3, 1
2132147, 0, 1
2132150, 1, 0
2132161, 2, 0
2132165, 3, 1
2132272, 0, 0
2132275, 1, 0
2132286, 2, 1
2132290, 3, 0
2132397, 0, bit 1
2132400, 0, 0
2132400, 1, 1
2132411, 2, 0
2132415, 3, 1
2132523, 0, 1
2132525, 1, 1
2132536, 2, 1
2132540, 3, 0
2132648, 0, 1
2132651, 1, 0
2132661, 2, 0
2132665, 3, 0
2132773, 0, 0
2132776, 1, 1
2132786, 2, 1
2132790, 3, 1
2132898, 0, 1
2132901, 1, 0
2132911, 2, 1
2132915, 3, 0
2133023, 0, 0
2133026, 1, 1
2133036, 2, 0
2133040, 3, 1
2133148, 0, 1
2133151, 1, 0
2133161, 2, 0
2133165, 3, 1
2133273, 0, 0
2133276, 1, bit 1
2133276, 1, 1
2133286, 2, 1
2133291, 3, 0
2133398, 0, 1
2133401, 1, 0
2133411, 2, 1
2133416, 3, bit 1
2133416, 3, 1
2133523, 0, 0
2133526, 1, 1
2133536, 2, 0
2133541, 3, 0
2133648, 0, 0
2133651, 1, 0
2133661, 2, bit 1
2133661, 2, 0
2133666, 3, 0
2133773, 0, 1
2133776, 1, 1
2133786, 2, 1
2133791, 3, 1
2133898, 0, 0
2133901, 1, 0
2133911, 2, 0
2133916, 3, 1
2134023, 0, 1
2134026, 1, 0
2134036, 2, 1
2134041, 3, 0
2134148, 0, bit 0
2134148, 0, 1
2134151, 1, 1
2134161, 2, 0
2134166, 3, 1
2134273, 0, 0
2134276, 1, 1
2134286, 2, 1
2134291, 3, 0
2134398, 0, 0
2134401, 1, 0
2134411, 2, 0
2134416, 3, 0
2134523, 0, 1
2134526, 1, 1
2134536, 2, 1
2134541, 3, 1
2134648, 0, 0
2134651, 1, 0
2134661, 2, 1
2134666, 3, 0
2134773, 0, 1
2134776, 1, 1
2134786, 2, 0
2134791, 3, 1
2134898, 0, 0
2134901, 1, 0
2134912, 2, 0
2134916, 3, 1
2135023, 0, 1
2135026, 1, bit 0
2135026, 1, 0
2135037, 2, 1
2135041, 3, 0
2135148, 0, 0
2135151, 1, 1
2135162, 2, 1
2135166, 3, bit 0
2135166, 3, 0
2135273, 0, 1
2135276, 1, 0
2135287, 2, 0
2135291, 3, 1
2135398, 0, 1
2135401, 1, 1
2135412, 2, bit 0
2135412, 2, 1
2135416, 3, 1
2135523, 0, 0
2135526, 1, 0
2135537, 2, 0
2135541, 3, 0
2135648, 0, 1
2135651, 1, 1
2135662, 2, 1
2135666, 3, 0
2135773, 0, 0
2135776, 1, 1
2135787, 2, 0
2135791, 3, 1
2135898, 0, bit 0
2135898, 0, 1
2135901, 1, 0
2135912, 2, 1
2135916, 3, 0
2136023, 0, 0
2136026, 1, 0
2136037, 2, 0
2136041, 3, 1
2136148, 0, 0
2136151, 1, 1
2136162, 2, 1
2136166, 3, 1
2136273, 0, 1
2136276, 1, 0
2136287, 2, 0
2136291, 3, 0
2136398, 0, 0
2136401, 1, 1
2136412, 2, 0
2136416, 3, 1
2136523, 0, 1
2136526, 1, 0
2136537, 2, 1
2136541, 3, 0
2136648, 0, 0
2136651, 1, 1
2136662, 2, 1
2136666, 3, 0
2136773, 0, 1
2136776, 1, bit 1
2136776, 1, 1
2136787, 2, 0
2136791, 3, 1
2136898, 0, 0
2136901, 1, 0
2136912, 2, 0
2136916, 3, bit 0
2136916, 3, 0
2137023, 0, 1
2137026, 1, 1
2137037, 2, 1
2137041, 3, 1
2137148, 0, 1
2137151, 1, 0
2137162, 2, bit 1
2137162, 2, 0
2137166, 3, 1
2137273, 0, 0
2137276, 1, 1
2137287, 2, 1
2137291, 3, 0
2137398, 0, 1
2137401, 1, 0
2137412, 2, 0
2137416, 3, 0
2137523, 0, 0
2137526, 1, 0
2137537, 2, 1
2137541, 3, 1
2137648, 0, bit 0
2137648, 0, 1
2137651, 1, 1
2137662, 2, 0
2137666, 3, 0
2137773, 0, 0
2137776, 1, 1
2137787, 2, 1
2137791, 3, 1
2137899, 0, 0
2137901, 1, 0
2137912, 2, 0
2137916, 3, 1
2138024, 0, 1
2138027, 1, 1
2138037, 2, 1
2138041, 3, 0
2138149, 0, 0
2138152, 1, 0
2138162, 2, 1
2138166, 3, 1
2138274, 0, 1
2138324, 1, 1
2138324, 2, 0
2138326, 3, 0
2138399, 0, 0
2138449, 1, 0
2138449, 2, 0
2138451, 3, 0
2138524, 0, 1
2138574, 1, bit 0
2138574, 1, 0
2138575, 2, 1
2138576, 3, 1
2138649, 0, 0
2138699, 1, 1
2138700, 2, 1
2138701, 3, bit 1
2138701, 3, 1
2138774, 0, 1
2138824, 1, 0
2138825, 2, 0
2138826, 3, 0
2138899, 0, 1
2138949, 1, 1
2138950, 2, bit 1
2138950, 2, 0
2138951, 3, 0
2139024, 0, 0
2139074, 1, 0
2139075, 2, 1
2139076, 3, 1
2139149, 0, 1
2139199, 1, 1
2139200, 2, 0
2139203, 3, 1
2139274, 0, 0
2139324, 1, 1
2139325, 2, 1
2139328, 3, 0
2139399, 0, bit 1
2139399, 0, 0
2139449, 1, 0
2139450, 2, 0
2139453, 3, 1
2139524, 0, 1
2139574, 1, 0
2139575, 2, 1
2139578, 3, 0
2139649, 0, 1
2139699, 1, 1
2139700, 2, 0
2139703, 3, 0
2139774, 0, 0
2139824, 1, 0
2139825, 2, 1
2139828, 3, 1
2139899, 0, 1
2139949, 1, 1
2139950, 2, 1
2139953, 3, 0
2140024, 0, 0
2140075, 1, 0
2140075, 2, 0
2140078, 3, 1
2140149, 0, 1
2140200, 1, 1
2140200, 2, 0
2140203, 3, 1
2140274, 0, 0
2140325, 2, 1
2140325, 1, bit 1
2140326, 1, 1
2140328, 3, 0
2140399, 0, 1
2140450, 1, 0
2140450, 2, 1
2140453, 3, bit 1
2140453, 3, 1
2140524, 0, 0
2140575, 2, 0
2140575, 1, 1
2140578, 3, 0
2140649, 0, 0
2140700, 2, bit 0
2140700, 2, 1
2140701, 1, 0
2140703, 3, 0
2140774, 0, 1
2140825, 2, 0
2140826, 1, 1
2140828, 3, 1
2140899, 0, 0
2140950, 2, 1
2140951, 1, 0
2140953, 3, 1
2141024, 0, 1
2141075, 2, 0
2141076, 1, 0
2141078, 3, 0
2141149, 0, bit 0
2141149, 0, 1
2141200, 2, 1
2141201, 1, 1
2141203, 3, 1
2141274, 0, 0
2141325, 2, 0
2141326, 1, 1
2141328, 3, 0
2141399, 0, 0
2141450, 2, 1
2141451, 1, 0
2141453, 3, 0
2141524, 0, 1
2141575, 2, 0
2141576, 1, 1
2141578, 3, 1
2141649, 0, 0
2141700, 2, 0
2141701, 1, 0
2141703, 3, 0
2141774, 0, 1
2141825, 2, 1
2141826, 1, 1
2141828, 3, 1
2141899, 0, 0
2141950, 2, 1
2141952, 1, 0
2141953, 3, 1
2142024, 0, 1
2142075, 2, 0
2142077, 1, bit 1
2142077, 1, 1
2142078, 3, 0
2142149, 0, 0
2142200, 2, 0
2142203, 3, bit 0
2142203, 3, 0
2142204, 1, 0
2142274, 0, 1
2142325, 2, 1
2142328, 3, 1
2142329, 1, 1
2142399, 0, 1
2142450, 2, bit 1
2142450, 2, 0
2142453, 3, 1
2142454, 1, 0
2142524, 0, 0
2142575, 2, 1
2142578, 3, 0
2142579, 1, 1
2142649, 0, 1
2142700, 2, 0
2142703, 3, 0
2142704, 1, 0
2142774, 0, 0
2142825, 2, 1
2142828, 3, 1
2142829, 1, 0
2142899, 0, bit 0
2142899, 0, 1
2142950, 2, 0
2142953, 3, 0
2142954, 1, 1
2143024, 0, 0
2143075, 2, 1
2143078, 3, 1
2143079, 1, 1
2143149, 0, 0
2143200, 2, 0
2143203, 3, 1
2143204, 1, 0
2143275, 0, 1
2143325, 2, 1
2143328, 3, 0
2143329, 1, 1
2143400, 0, 0
2143450, 2, 1
2143453, 3, 1
2143454, 1, 0
2143525, 0, 1
2143575, 2, 0
2143578, 3, 0
2143579, 1, 1
2143650, 0, 0
2143700, 2, 0
2143703, 3, 0
2143704, 1, 0
2143775, 0, 1
2143825, 2, 1
2143828, 3, 1
2143830, 1, bit 0
2143830, 1, 0
2143900, 0, 0
2143950, 2, 1
2143953, 3, bit 0
2143953, 3, 0
2143955, 1, 1
2144025, 0, 1
2144075, 2, 0
2144078, 3, 1
2144080, 1, 0
2144150, 0, 1
2144200, 2, bit 1
2144200, 2, 0
2144203, 3, 1
2144205, 1, 1
2144275, 0, 0
2144325, 2, 1
2144328, 3, 0
2144330, 1, 0
2144400, 0, 1
2144450, 2, 0
2144453, 3, 0
2144455, 1, 1
2144525, 0, 0
2144575, 2, 1
2144578, 3, 1
2144580, 1, 1
2144650, 0, bit 0
2144650, 0, 1
2144700, 2, 0
2144703, 3, 0
2144705, 1, 0
2144775, 0, 0
2144825, 2, 1
2144828, 3, 1
2144830, 1, 0
2144900, 0, 0
2144950, 2, 0
2144953, 3, 1
2144955, 1, 1
2145025, 0, 1
2145075, 2, 1
2145078, 3, 0
2145080, 1, 0
2145150, 0, 0
2145200, 2, 1
2145203, 3, 1
2145205, 1, 1
2145275, 0, 1
2145325, 2, 0
2145328, 3, 0
2145330, 1, 0
2145400, 0, 0
2145451, 2, 0
2145453, 3, 0
2145455, 1, 1
2145525, 0, 1
2145576, 2, 1
2145579, 3, 1
2145580, 1, bit 1
2145580, 1, 1
2145650, 0, 0
2145701, 2, 1
2145704, 3, bit 1
2145704, 3, 1
2145705, 1, 0
2145775, 0, 1
2145826, 2, 0
2145829, 3, 0
2145830, 1, 1
2145900, 0, 1
2145951, 2, bit 1
2145951, 2, 0
2145954, 3, 0
2145955, 1, 0
2146025, 0, 0
2146076, 2, 1
2146079, 3, 1
2146080, 1, 1
2146150, 0, 1
2146201, 2, 0
2146204, 3, 1
2146205, 1, 0
2146275, 0, 0
2146326, 2, 1
2146329, 3, 0
2146330, 1, 0
2146400, 0, bit 0
2146400, 0, 1
2146451, 2, 0
2146454, 3, 1
2146455, 1, 1
2146525, 0, 0
2146576, 2, 1
2146579, 3, 0
2146580, 1, 1
2146650, 0, 0
2146701, 2, 0
2146704, 3, 0
2146705, 1, 0
2146775, 0, 1
2146826, 2, 1
2146829, 3, 1
2146830, 1, 1
2146900, 0, 0
2146951, 2, 1
2146954, 3, 0
2146955, 1, 0
2147025, 0, 1
2147076, 2, 0
2147079, 3, 1
2147089, 1, 1
2147150, 0, 0
2147201, 2, 0
2147204, 3, 1
2147214, 1, 0
2147275, 0, 1
2147326, 2, 1
2147329, 3, 0
2147339, 1, bit 0
2147339, 1, 0
2147400, 0, 0
2147451, 2, 1
2147454, 3, bit 1
2147454, 3, 1
2147464, 1, 1
2147525, 0, 1
2147576, 2, 0
2147579, 3, 0
2147589, 1, 0
2147650, 0, 1
2147701, 2, bit 1
2147701, 2, 0
2147704, 3, 0
2147714, 1, 1
2147775, 0, 0
2147826, 2, 1
2147829, 3, 1
2147840, 1, 0
2147900, 0, 1
2147951, 2, 0
2147954, 3, 1
2147965, 1, 1
2148025, 0, 0
2148076, 2, 1
2148079, 3, 0
2148090, 1, 1
2148150, 0, bit 1
2148150, 0, 0
2148201, 2, 0
2148204, 3, 1
2148215, 1, 0
2148275, 0, 1
2148326, 2, 1
2148329, 3, 0
2148340, 1, 0
2148400, 0, 1
2148451, 2, 0
2148454, 3, 0
2148465, 1, 1
2148525, 0, 0
2148576, 2, 1
2148579, 3, 1
2148590, 1, 0
2148651, 0, 1
2148701, 2, 1
2148704, 3, 0
2148715, 1, 1
2148776, 0, 0
2148826, 2, 0
2148829, 3, 1
2148840, 1, 0
2148901, 0, 1
2148951, 2, 0
2148954, 3, 1
2148965, 1, 1
2149026, 0, 0
2149076, 2, 1
2149080, 3, 0
2149090, 1, bit 1
2149090, 1, 1
2149151, 0, 1
2149201, 2, 1
2149206, 3, bit 0
2149206, 3, 0
2149215, 1, 0
2149276, 0, 0
2149326, 2, 0
2149331, 3, 1
2149340, 1, 1
2149401, 0, 0
2149451, 2, bit 0
2149451, 2, 1
2149456, 3, 1
2149465, 1, 0
2149526, 0, 1
2149576, 2, 0
2149581, 3, 0
2149590, 1, 1
2149651, 0, 0
2149701, 2, 1
2149706, 3, 0
2149715, 1, 0
2149776, 0, 1
2149826, 2, 0
2149831, 3, 1
2149840, 1, 0
2149901, 0, bit 0
2149901, 0, 1
2149951, 2, 1
2149956, 3, 0
2149965, 1, 1
2150026, 0, 0
2150076, 2, 0
2150081, 3, 1
2150090, 1, 1
2150151, 0, 0
2150201, 2, 1
2150206, 3, 1
2150215, 1, 0
2150276, 0, 1
2150326, 2, 0
2150331, 3, 0
2150340, 1, 1
2150401, 0, 0
2150451, 2, 0
2150456, 3, 1
2150465, 1, 0
2150526, 0, 1
2150576, 2, 1
2150581, 3, 0
2150590, 1, 1
2150651, 0, 0
2150701, 2, 1
2150706, 3, 0
2150715, 1, 0
2150776, 0, 1
2150827, 2, 0
2150831, 3, 1
2150840, 1, bit 1
2150840, 1, 1
2150901, 0, 0
2150952, 2, 0
2150956, 3, bit 1
2150956, 3, 1
2150965, 1, 0
2151026, 0, 1
2151077, 2, 1
2151081, 3, 0
2151090, 1, 1
2151151, 0, 1
2151202, 2, bit 0
2151202, 2, 1
2151206, 3, 0
2151215, 1, 0
2151276, 0, 0
2151327, 2, 0
2151331, 3, 1
2151340, 1, 1
2151401, 0, 1
2151452, 2, 1
2151456, 3, 1
2151465, 1, 0
2151526, 0, 0
2151577, 2, 0
2151581, 3, 0
2151590, 1, 0
2151651, 0, bit 1
2151651, 0, 0
2151702, 2, 1
2151706, 3, 1
2151715, 1, 1
2151776, 0, 1
2151827, 2, 0
2151831, 3, 0
2151840, 1, 1
2151901, 0, 1
2151952, 2, 1
2151956, 3, 0
2151965, 1, 0
2152026, 0, 0
2152077, 2, 0
2152081, 3, 1
2152090, 1, 1
2152151, 0, 1
2152202, 2, 0
2152206, 3, 0
2152215, 1, 0
2152276, 0, 0
2152327, 2, 1
2152331, 3, 1
2152340, 1, 1
2152401, 0, 1
2152452, 2, 1
2152456, 3, 1
2152465, 1, 0
2152526, 0, 0
2152577, 2, 0
2152581, 3, 0
2152590, 1, bit 1
2152590, 1, 1
2152651, 0, 1
2152702, 2, 0
2152706, 3, bit 1
2152706, 3, 1
2152715, 1, 0
2152776, 0, 0
2152827, 2, 1
2152832, 3, 0
2152840, 1, 1
2152901, 0, 0
2152952, 2, bit 0
2152955, 2, 1
2152957, 3, 0
2152965, 1, 0
2153026, 0, 1
2153077, 2, 0
2153082, 3, 1
2153090, 1, 1
2153151, 0, 0
2153202, 2, 1
2153207, 3, 1
2153216, 1, 0
2153276, 0, 1
2153327, 2, 0
2153332, 3, 0
2153341, 1, 0
2153401, 0, bit 0
2153401, 0, 1
2153452, 2, 1
2153457, 3, 1
2153466, 1, 1
2153526, 0, 0
2153577, 2, 0
2153582, 3, 0
2153591, 1, 1
2153651, 0, 0
2153702, 2, 1
2153707, 3, 0
2153716, 1, 0
2153776, 0, 1
2153827, 2, 0
2153832, 3, 1
2153841, 1, 1
2153901, 0, 0
2153952, 2, 0
2153957, 3, 0
2153966, 1, 0
2154027, 0, 1
2154077, 2, 1
2154082, 3, 1
2154091, 1, 1
2154152, 0, 0
2154202, 2, 1
2154207, 3, 1
2154216, 1, 0
2154277, 0, 1
2154327, 2, 0
2154332, 3, 0
2154341, 1, bit 1
2154341, 1, 1
2154402, 0, 0
2154452, 2, 0
2154457, 3, bit 1
2154457, 3, 1
2154466, 1, 0
2154527, 0, 1
2154577, 2, 1
2154582, 3, 0
2154591, 1, 1
2154652, 0, 1
2154702, 2, bit 1
2154702, 2, 0
2154707, 3, 0
2154716, 1, 0
2154777, 0, 0
2154827, 2, 1
2154832, 3, 1
2154841, 1, 1
2154902, 0, 1
2154952, 2, 0
2154957, 3, 1
2154966, 1, 0
2155027, 0, 0
2155077, 2, 1
2155082, 3, 0
2155091, 1, 0
2155152, 0, bit 0
2155152, 0, 1
2155202, 2, 0
2155207, 3, 1
2155216, 1, 1
2155277, 0, 0
2155327, 2, 1
2155332, 3, 0
2155341, 1, 1
2155402, 0, 0
2155452, 2, 0
2155457, 3, 0
2155466, 1, 0
2155527, 0, 1
2155577, 2, 1
2155582, 3, 1
2155591, 1, 1
2155652, 0, 0
2155702, 2, 1
2155707, 3, 0
2155716, 1, 0
2155777, 0, 1
2155827, 2, 0
2155832, 3, 1
2155841, 1, 1
2155902, 0, 0
2155952, 2, 0
2155957, 3, 1
2155966, 1, 0
2156027, 0, 1
2156077, 2, 1
2156082, 3, 0
2156091, 1, bit 1
2156091, 1, 1
2156152, 0, 0
2156203, 2, 1
2156207, 3, bit 1
2156207, 3, 1
2156216, 1, 0
2156277, 0, 1
2156328, 2, 0
2156332, 3, 0
2156341, 1, 1
2156402, 0, 1
2156453, 2, bit 1
2156453, 2, 0
2156457, 3, 0
2156466, 1, 0
2156527, 0, 0
2156578, 2, 1
2156582, 3, 1
2156591, 1, 1
2156652, 0, 1
2156703, 2, 0
2156707, 3, 1
2156716, 1, 0
2156777, 0, 0
2156828, 2, 1
2156832, 3, 0
2156841, 1, 0
2156902, 0, bit 0
2156902, 0, 1
2156953, 2, 0
2156957, 3, 1
2156966, 1, 1
2157027, 0, 0
2157078, 2, 1
2157082, 3, 0
2157091, 1, 1
2157152, 0, 0
2157203, 2, 0
2157207, 3, 0
2157216, 1, 0
2157277, 0, 1
2157328, 2, 1
2157332, 3, 1
2157341, 1, 1
2157402, 0, 0
2157453, 2, 1
2157457, 3, 0
2157466, 1, 0
2157527, 0, 1
2157578, 2, 0
2157582, 3, 1
2157591, 1, 1
2157652, 0, 0
2157703, 2, 0
2157707, 3, 1
2157716, 1, 0
2157777, 0, 1
2157828, 2, 1
2157832, 3, 0
2157841, 1, bit 0
2157844, 1, 0
2157902, 0, 0
2157953, 2, 1
2157957, 3, bit 0
2157957, 3, 0
2157966, 1, 1
2158027, 0, 1
2158078, 2, 0
2158082, 3, 1
2158091, 1, 0
2158152, 0, 1
2158203, 2, bit 1
2158203, 2, 0
2158208, 3, 1
2158216, 1, 1
2158277, 0, 0
2158328, 2, 1
2158333, 3, 0
2158341, 1, 0
2158402, 0, 1
2158453, 2, 0
2158458, 3, 0
2158466, 1, 1
2158527, 0, 0
2158578, 2, 1
2158583, 3, 1
2158592, 1, 1
2158652, 0, bit 0
2158652, 0, 1
2158703, 2, 0
2158708, 3, 0
2158717, 1, 0
2158777, 0, 0
2158828, 2, 1
2158833, 3, 1
2158842, 1, 0
2158902, 0, 0
2158953, 2, 0
2158958, 3, 1
2158967, 1, 1
2159027, 0, 1
2159078, 2, 1
2159083, 3, 0
2159092, 1, 0
2159152, 0, 0
2159203, 2, 1
2159208, 3, 1
2159217, 1, 1
2159277, 0, 1
2159328, 2, 0
2159333, 3, 0
2159342, 1, 0
2159403, 0, 0
2159453, 2, 0
2159458, 3, 0
2159467, 1, 1
2159528, 0, 1
2159578, 2, 1
2159583, 3, 1
2159592, 1, bit 0
2159592, 1, 0
2159653, 0, 0
2159703, 2, 1
2159708, 3, bit 1
2159708, 3, 1
2159717, 1, 1
2159778, 0, 1
2159828, 2, 0
2159833, 3, 0
2159842, 1, 0
2159903, 0, 1
2159953, 2, bit 0
2159953, 2, 1
2159958, 3, 0
2159967, 1, 1
2160028, 0, 0
2160078, 2, 0
2160083, 3, 1
2160092, 1, 0
2160153, 0, 1
2160203, 2, 1
2160208, 3, 1
2160217, 1, 1
2160278, 0, 0
2160328, 2, 0
2160333, 3, 0
2160342, 1, 1
2160403, 0, bit 1
2160403, 0, 0
2160453, 2, 1
2160458, 3, 1
2160467, 1, 0
2160528, 0, 1
2160578, 2, 0
2160583, 3, 0
2160592, 1, 0
2160653, 0, 1
2160703, 2, 1
2160708, 3, 0
2160717, 1, 1
2160778, 0, 0
2160828, 2, 0
2160833, 3, 1
2160842, 1, 0
2160903, 0, 1
2160953, 2, 0
2160958, 3, 0
2160967, 1, 1
2161028, 0, 0
2161078, 2, 1
2161083, 3, 1
2161092, 1, 0
2161153, 0, 1
2161203, 2, 1
2161208, 3, 1
2161217, 1, 1
2161278, 0, 0
2161328, 2, 0
2161333, 3, 0
2161342, 1, bit 0
2161342, 1, 0
2161403, 0, 1
2161453, 2, 0
2161458, 3, bit 1
2161458, 3, 1
2161467, 1, 1
2161528, 0, 0
2161579, 2, 1
2161583, 3, 0
2161592, 1, 0
2161653, 0, 0
2161704, 2, bit 0
2161704, 2, 1
2161708, 3, 0
2161717, 1, 1
2161778, 0, 1
2161829, 2, 0
2161833, 3, 1
2161842, 1, 0
2161903, 0, 0
2161954, 2, 1
2161958, 3, 1
2161967, 1, 1
2162028, 0, 1
2162079, 2, 0
2162083, 3, 0
2162092, 1, 1
2162153, 0, bit 0
2162153, 0, 1
2162204, 2, 1
2162208, 3, 1
2162217, 1, 0
2162278, 0, 0
2162329, 2, 0
2162333, 3, 0
2162342, 1, 0
2162403, 0, 0
2162454, 2, 1
2162458, 3, 0
2162467, 1, 1
2162528, 0, 1
2162579, 2, 0
2162583, 3, 1
2162592, 1, 0
2162653, 0, 0
2162704, 2, 0
2162708, 3, 0
2162717, 1, 1
2162778, 0, 1
2162829, 2, 1
2162833, 3, 1
2162842, 1, 0
2162903, 0, 0
2162954, 2, 1
2162958, 3, 1
2162967, 1, 1
2163028, 0, 1
2163079, 2, 0
2163083, 3, 0
2163092, 1, bit 1
2163092, 1, 1
2163153, 0, 0
2163204, 2, 0
2163208, 3, bit 0
2163208, 3, 0
2163217, 1, 0
2163278, 0, 1
2163329, 2, 1
2163333, 3, 1
2163342, 1, 1
2163403, 0, 1
2163454, 2, bit 0
2163454, 2, 1
2163458, 3, 1
2163467, 1, 0
2163528, 0, 0
2163579, 2, 0
2163584, 3, 0
2163592, 1, 1
2163653, 0, 1
2163704, 2, 1
2163709, 3, 0
2163717, 1, 0
2163778, 0, 0
2163829, 2, 0
2163834, 3, 1
2163842, 1, 0
2163903, 0, bit 0
2163903, 0, 1
2163954, 2, 1
2163959, 3, 0
2163968, 1, 1
2164028, 0, 0
2164079, 2, 0
2164084, 3, 1
2164093, 1, 1
2164153, 0, 0
2164204, 2, 1
2164209, 3, 1
2164218, 1, 0
2164278, 0, 1
2164329, 2, 0
2164334, 3, 0
2164343, 1, 1
2164403, 0, 0
2164454, 2, 0
2164459, 3, 1
2164468, 1, 0
2164528, 0, 1
2164579, 2, 1
2164584, 3, 0
2164593, 1, 1
2164653, 0, 0
2164704, 2, 1
2164709, 3, 0
2164718, 1, 0
2164779, 0, 1
2164829, 2, 0
2164834, 3, 1
2164843, 1, bit 1
2164843, 1, 1
2164904, 0, 0
2164954, 2, 0
2164959, 3, bit 1
2164959, 3, 1
2164968, 1, 0
2165029, 0, 1
2165079, 2, 1
2165084, 3, 0
2165093, 1, 1
2165154, 0, 1
2165204, 2, bit 0
2165204, 2, 1
2165209, 3, 0
2165218, 1, 0
2165279, 0, 0
2165329, 2, 0
2165334, 3, 1
2165343, 1, 1
2165404, 0, 1
2165454, 2, 1
2165459, 3, 1
2165468, 1, 0
2165529, 0, 0
2165579, 2, 0
2165584, 3, 0
2165593, 1, 0
2165654, 0, bit 1
2165657, 0, 0
2165704, 2, 1
2165709, 3, 1
2165718, 1, 1
2165779, 0, 1
2165829, 2, 0
2165834, 3, 0
2165843, 1, 1
2165904, 0, 1
2165954, 2, 1
2165959, 3, 0
2165968, 1, 0
2166029, 0, 0
2166079, 2, 0
2166084, 3, 1
2166093, 1, 1
2166154, 0, 1
2166204, 2, 0
2166209, 3, 0
2166218, 1, 0
2166279, 0, 0
2166329, 2, 1
2166334, 3, 1
2166343, 1, 1
2166404, 0, 1
2166454, 2, 1
2166459, 3, 1
2166468, 1, 0
2166529, 0, 0
2166579, 2, 0
2166584, 3, 0
2166593, 1, bit 1
2166593, 1, 1
2166654, 0, 1
2166704, 2, 0
2166709, 3, bit 1
2166709, 3, 1
2166718, 1, 0
2166779, 0, 0
2166829, 2, 1
2166834, 3, 0
2166843, 1, 1
2166904, 0, 0
2166955, 2, bit 0
2166955, 2, 1
2166959, 3, 0
2166968, 1, 0
2167029, 0, 1
2167080, 2, 0
2167084, 3, 1
2167093, 1, 1
2167154, 0, 0
2167205, 2, 1
2167209, 3, 1
2167218, 1, 0
2167279, 0, 1
2167330, 2, 0
2167334, 3, 0
2167343, 1, 0
2167404, 0, bit 0
2167404, 0, 1
2167455, 2, 1
2167459, 3, 1
2167468, 1, 1
2167529, 0, 0
2167580, 2, 0
2167584, 3, 0
2167593, 1, 1
2167654, 0, 0
2167705, 2, 1
2167709, 3, 0
2167718, 1, 0
2167779, 0, 1
2167830, 2, 0
2167834, 3, 1
2167843, 1, 1
2167904, 0, 0
2167955, 2, 0
2167959, 3, 0
2167968, 1, 0
2168029, 0, 1
2168080, 2, 1
2168084, 3, 1
2168093, 1, 1
2168154, 0, 0
2168205, 2, 1
2168209, 3, 1
2168218, 1, 0
2168279, 0, 1
2168330, 2, 0
2168334, 3, 0
2168343, 1, bit 1
2168343, 1, 1
2168404, 0, 0
2168455, 2, 0
2168459, 3, bit 0
2168459, 3, 0
2168468, 1, 0
2168529, 0, 1
2168580, 2, 1
2168584, 3, 1
2168593, 1, 1
2168654, 0, 1
2168705, 2, bit 0
2168705, 2, 1
2168709, 3, 1
2168718, 1, 0
2168779, 0, 0
2168830, 2, 0
2168834, 3, 0
2168843, 1, 1
2168904, 0, 1
2168955, 2, 1
2168960, 3, 0
2168968, 1, 0
2169029, 0, 0
2169080, 2, 0
2169085, 3, 1
2169093, 1, 0
2169154, 0, bit 1
2169154, 0, 0
2169205, 2, 1
2169210, 3, 0
2169218, 1, 1
2169279, 0, 1
2169330, 2, 0
2169335, 3, 1
2169344, 1, 1
2169404, 0, 1
2169455, 2, 1
2169460, 3, 1
2169469, 1, 0
2169529, 0, 0
2169580, 2, 0
2169585, 3, 0
2169594, 1, 1
2169654, 0, 1
2169705, 2, 0
2169710, 3, 1
2169719, 1, 0
2169779, 0, 0
2169830, 2, 1
2169835, 3, 0
2169844, 1, 1
2169904, 0, 1
2169955, 2, 1
2169960, 3, 0
2169969, 1, 0
2170029, 0, 0
2170080, 2, 0
2170085, 3, 1
2170094, 1, bit 1
2170094, 1, 1
2170155, 0, 1
2170205, 2, 0
2170210, 3, bit 0
2170210, 3, 0
2170219, 1, 0
2170280, 0, 0
2170330, 2, 1
2170335, 3, 1
2170344, 1, 1
2170405, 0, 0
2170455, 2, bit 0
2170455, 2, 1
2170460, 3, 1
2170469, 1, 0
2170530, 0, 1
2170580, 2, 0
2170585, 3, 0
2170594, 1, 1
2170655, 0, 0
2170705, 2, 1
2170710, 3, 0
2170719, 1, 0
2170780, 0, 1
2170830, 2, 0
2170835, 3, 1
2170844, 1, 0
2170905, 0, bit 1
2170905, 0, 0
2170955, 2, 1
2170960, 3, 0
2170969, 1, 1
2171030, 0, 1
2171080, 2, 0
2171085, 3, 1
2171094, 1, 1
2171155, 0, 1
2171205, 2, 1
2171210, 3, 1
2171219, 1, 0
2171280, 0, 0
2171330, 2, 0
2171335, 3, 0
2171344, 1, 1
2171405, 0, 1
2171455, 2, 0
2171460, 3, 1
2171469, 1, 0
2171530, 0, 0
2171580, 2, 1
2171585, 3, 0
2171594, 1, 1
2171655, 0, 1
2171705, 2, 1
2171710, 3, 0
2171719, 1, 0
2171780, 0, 0
2171830, 2, 0
2171835, 3, 1
2171844, 1, bit 0
2171844, 1, 0
2171905, 0, 1
2171955, 2, 0
2171960, 3, bit 1
2171960, 3, 1
2171969, 1, 1
2172030, 0, 0
2172080, 2, 1
2172085, 3, 0
2172094, 1, 0
2172155, 0, 0
2172205, 2, bit 1
2172205, 2, 0
2172210, 3, 0
2172219, 1, 1
2172280, 0, 1
2172331, 2, 1
2172335, 3, 1
2172344, 1, 0
2172405, 0, 0
2172456, 2, 0
2172460, 3, 1
2172469, 1, 1
2172530, 0, 1
2172581, 2, 1
2172585, 3, 0
2172594, 1, 1
2172655, 0, bit 1
2172655, 0, 0
2172706, 2, 0
2172710, 3, 1
2172719, 1, 0
2172780, 0, 1
2172831, 2, 1
2172835, 3, 0
2172844, 1, 0
2172905, 0, 1
2172956, 2, 0
2172960, 3, 0
2172969, 1, 1
2173030, 0, 0
2173081, 2, 1
2173085, 3, 1
2173094, 1, 0
2173155, 0, 1
2173206, 2, 1
2173210, 3, 0
2173219, 1, 1
2173280, 0, 0
2173331, 2, 0
2173335, 3, 1
2173344, 1, 0
2173405, 0, 1
2173456, 2, 0
2173460, 3, 1
2173469, 1, 1
2173530, 0, 0
2173581, 2, 1
2173585, 3, 0
2173594, 1, bit 1
2173594, 1, 1
2173655, 0, 1
2173706, 2, 1
2173710, 3, bit 0
2173710, 3, 0
2173719, 1, 0
2173780, 0, 0
2173831, 2, 0
2173835, 3, 1
2173844, 1, 1
2173905, 0, 0
2173956, 2, bit 0
2173956, 2, 1
2173960, 3, 1
2173969, 1, 0
2174030, 0, 1
2174081, 2, 0
2174085, 3, 0
2174094, 1, 1
2174155, 0, 0
2174206, 2, 1
2174210, 3, 0
2174219, 1, 0
2174280, 0, 1
2174331, 2, 0
2174336, 3, 1
2174344, 1, 0
2174405, 0, bit 0
2174405, 0, 1
2174456, 2, 1
2174461, 3, 0
2174469, 1, 1
2174530, 0, 0
2174581, 2, 0
2174586, 3, 1
2174594, 1, 1
2174655, 0, 0
2174706, 2, 1
2174711, 3, 1
2174720, 1, 0
2174780, 0, 1
2174831, 2, 0
2174836, 3, 0
2174845, 1, 1
2174905, 0, 0
2174956, 2, 0
2174961, 3, 1
2174970, 1, 0
2175030, 0, 1
2175081, 2, 1
2175086, 3, 0
2175095, 1, 1
2175155, 0, 0
2175206, 2, 1
2175211, 3, 0
2175220, 1, 0
2175280, 0, 1
2175331, 2, 0
2175336, 3, 1
2175345, 1, bit 0
2175345, 1, 0
2175405, 0, 0
2175456, 2, 0
2175461, 3, bit 1
2175461, 3, 1
2175470, 1, 1
2175531, 0, 1
2175581, 2, 1
2175586, 3, 0
2175595, 1, 0
2175656, 0, 1
2175706, 2, bit 0
2175706, 2, 1
2175711, 3, 0
2175720, 1, 1
2175781, 0, 0
2175831, 2, 0
2175836, 3, 1
2175845, 1, 0
2175906, 0, 1
2175956, 2, 1
2175961, 3, 1
2175970, 1, 1
2176031, 0, 0
2176081, 2, 0
2176086, 3, 0
2176095, 1, 1
2176156, 0, bit 0
2176156, 0, 1
2176206, 2, 1
2176211, 3, 1
2176220, 1, 0
2176281, 0, 0
2176331, 2, 0
2176336, 3, 0
2176345, 1, 0
2176406, 0, 0
2176456, 2, 1
2176461, 3, 0
2176470, 1, 1
2176531, 0, 1
2176581, 2, 0
2176586, 3, 1
2176595, 1, 0
2176656, 0, 0
2176706, 2, 0
2176711, 3, 0
2176720, 1, 1
2176781, 0, 1
2176831, 2, 1
2176836, 3, 1
2176845, 1, 0
2176906, 0, 0
2176956, 2, 1
2176961, 3, 1
2176970, 1, 1
2177031, 0, 1
2177081, 2, 0
2177086, 3, 0
2177095, 1, bit 1
2177095, 1, 1
2177156, 0, 0
2177206, 2, 0
2177211, 3, bit 0
2177211, 3, 0
2177220, 1, 0
2177281, 0, 1
2177331, 2, 1
2177336, 3, 1
2177345, 1, 1
2177406, 0, 1
2177456, 2, bit 0
2177456, 2, 1
2177461, 3, 1
2177470, 1, 0
2177531, 0, 0
2177581, 2, 0
2177586, 3, 0
2177595, 1, 1
2177656, 0, 1
2177707, 2, 1
2177711, 3, 0
2177720, 1, 0
2177781, 0, 0
2177832, 2, 0
2177836, 3, 1
2177845, 1, 0
2177906, 0, bit 1
2177906, 0, 0
2177957, 2, 1
2177961, 3, 0
2177970, 1, 1
2178031, 0, 1
2178082, 2, 0
2178086, 3, 1
2178095, 1, 1
2178156, 0, 1
2178207, 2, 1
2178211, 3, 1
2178220, 1, 0
2178281, 0, 0
2178332, 2, 0
2178336, 3, 0
2178345, 1, 1
2178406, 0, 1
2178457, 2, 0
2178461, 3, 1
2178470, 1, 0
2178531, 0, 0
2178582, 2, 1
2178586, 3, 0
2178595, 1, 1
2178656, 0, 1
2178707, 2, 1
2178711, 3, 0
2178720, 1, 0
2178781, 0, 0
2178832, 2, 0
2178836, 3, 1
2178845, 1, bit 0
2178845, 1, 0
2178906, 0, 1
2178957, 2, 0
2178961, 3, bit 0
2178961, 3, 0
2178970, 1, 1
2179031, 0, 0
2179082, 2, 1
2179086, 3, 1
2179095, 1, 0
2179156, 0, 0
2179207, 2, bit 0
2179207, 2, 1
2179211, 3, 1
2179220, 1, 1
2179281, 0, 1
2179332, 2, 0
2179336, 3, 0
2179345, 1, 0
2179406, 0, 0
2179457, 2, 1
2179461, 3, 0
2179470, 1, 1
2179531, 0, 1
2179582, 2, 0
2179586, 3, 1
2179595, 1, 1
2179656, 0, bit 0
2179656, 0, 1
2179707, 2, 1
2179712, 3, 0
2179720, 1, 0
2179781, 0, 0
2179832, 2, 0
2179837, 3, 1
2179845, 1, 0
2179906, 0, 0
2179957, 2, 1
2179962, 3, 1
2179970, 1, 1
2180031, 0, 1
2180082, 2, 0
2180087, 3, 0
2180096, 1, 0
2180156, 0, 0
2180207, 2, 0
2180212, 3, 1
2180221, 1, 1
2180281, 0, 1
2180332, 2, 1
2180337, 3, 0
2180346, 1, 0
2180406, 0, 0
2180457, 2, 1
2180462, 3, 0
2180471, 1, 1
2180531, 0, 1
2180582, 2, 0
2180587, 3, 1
2180596, 1, bit 0
2180596, 1, 0
2180656, 0, 0
2180707, 2, 0
2180712, 3, bit 0
2180712, 3, 0
2180721, 1, 1
2180781, 0, 1
2180832, 2, 1
2180837, 3, 1
2180846, 1, 0
2180907, 0, 1
2180957, 2, bit 0
2180957, 2, 1
2180962, 3, 1
2180971, 1, 1
2181032, 0, 0
2181082, 2, 0
2181087, 3, 0
2181096, 1, 0
2181157, 0, 1
2181207, 2, 1
2181212, 3, 0
2181221, 1, 1
2181282, 0, 0
2181332, 2, 0
2181337, 3, 1
2181346, 1, 1
2181407, 0, bit 1
2181407, 0, 0
2181457, 2, 1
2181462, 3, 0
2181471, 1, 0
2181532, 0, 1
2181582, 2, 0
2181587, 3, 1
2181596, 1, 0
2181657, 0, 1
2181707, 2, 1
2181712, 3, 1
2181721, 1, 1
2181782, 0, 0
2181832, 2, 0
2181837, 3, 0
2181846, 1, 0
2181907, 0, 1
2181957, 2, 0
2181962, 3, 1
2181971, 1, 1
2182032, 0, 0
2182082, 2, 1
2182087, 3, 0
2182096, 1, 0
2182157, 0, 1
2182207, 2, 1
2182212, 3, 0
2182221, 1, 1
2182282, 0, 0
2182332, 2, 0
2182337, 3, 1
2182346, 1, bit 0
2182346, 1, 0
2182407, 0, 1
2182457, 2, 0
2182462, 3, bit 0
2182462, 3, 0
2182471, 1, 1
2182532, 0, 0
2182582, 2, 1
2182587, 3, 1
2182596, 1, 0
2182657, 0, 0
2182707, 2, bit 1
2182707, 2, 0
2182712, 3, 1
2182721, 1, 1
2182782, 0, 1
2182832, 2, 1
2182837, 3, 0
2182846, 1, 0
2182907, 0, 0
2182957, 2, 0
2182962, 3, 0
2182971, 1, 1
2183032, 0, 1
2183083, 2, 1
2183087, 3, 1
2183096, 1, 1
2183157, 0, bit 0
2183157, 0, 1
2183208, 2, 0
2183212, 3, 0
2183221, 1, 0
2183282, 0, 0
2183333, 2, 1
2183337, 3, 1
2183346, 1, 0
2183407, 0, 0
2183458, 2, 0
2183462, 3, 1
2183471, 1, 1
2183532, 0, 1
2183583, 2, 1
2183587, 3, 0
2183596, 1, 0
2183657, 0, 0
2183708, 2, 1
2183712, 3, 1
2183721, 1, 1
2183782, 0, 1
2183833, 2, 0
2183837, 3, 0
2183846, 1, 0
2183907, 0, 0
2183958, 2, 0
2183962, 3, 0
2183971, 1, 1
2184032, 0, 1
2184083, 2, 1
2184087, 3, 1
2184096, 1, bit 0
2184096, 1, 0
2184157, 0, 0
2184208, 2, 1
2184212, 3, bit 0
2184212, 3, 0
2184221, 1, 1
2184282, 0, 1
2184333, 2, 0
2184337, 3, 1
2184346, 1, 0
2184407, 0, 1
2184458, 2, bit 1
2184458, 2, 0
2184462, 3, 1
2184471, 1, 1
2184532, 0, 0
2184583, 2, 1
2184587, 3, 0
2184596, 1, 0
2184657, 0, 1
2184708, 2, 0
2184712, 3, 0
2184721, 1, 1
2184782, 0, 0
2184833, 2, 1
2184837, 3, 1
2184846, 1, 1
2184907, 0, bit 1
2184907, 0, 0
2184958, 2, 0
2184962, 3, 0
2184971, 1, 0
2185032, 0, 1
2185083, 2, 1
2185088, 3, 1
2185096, 1, 0
2185157, 0, 1
2185208, 2, 0
2185213, 3, 1
2185221, 1, 1
2185282, 0, 0
2185333, 2, 1
2185338, 3, 0
2185346, 1, 0
2185407, 0, 1
2185458, 2, 1
2185463, 3, 1
2185472, 1, 1
2185532, 0, 0
2185583, 2, 0
2185588, 3, 0
2185597, 1, 0
2185657, 0, 1
2185708, 2, 0
2185713, 3, 0
2185722, 1, 1
2185782, 0, 0
2185833, 2, 1
2185838, 3, 1
2185847, 1, bit 0
2185847, 1, 0
2185907, 0, 1
2185958, 2, 1
2185963, 3, bit 0
2185963, 3, 0
2185972, 1, 1
2186032, 0, 0
2186083, 2, 0
2186088, 3, 1
2186097, 1, 0
2186157, 0, 0
2186208, 2, bit 1
2186211, 2, 0
2186213, 3, 1
2186222, 1, 1
2186283, 0, 1
2186333, 2, 1
2186338, 3, 0
2186347, 1, 0
2186408, 0, 0
2186458, 2, 0
2186463, 3, 0
2186472, 1, 1
2186533, 0, 1
2186583, 2, 1
2186588, 3, 1
2186597, 1, 1
2186658, 0, bit 1
2186658, 0, 0
2186708, 2, 0
2186713, 3, 0
2186722, 1, 0
2186783, 0, 1
2186833, 2, 1
2186838, 3, 1
2186847, 1, 0
2186908, 0, 1
2186958, 2, 0
2186963, 3, 1
2186972, 1, 1
2187033, 0, 0
2187083, 2, 1
2187088, 3, 0
2187097, 1, 0
2187158, 0, 1
2187208, 2, 1
2187213, 3, 1
2187222, 1, 1
2187283, 0, 0
2187333, 2, 0
2187338, 3, 0
2187347, 1, 0
2187408, 0, 1
2187458, 2, 0
2187463, 3, 0
2187472, 1, 1
2187533, 0, 0
2187583, 2, 1
2187588, 3, 1
2187597, 1, bit 1
2187597, 1, 1
2187658, 0, 1
2187708, 2, 1
2187713, 3, bit 1
2187713, 3, 1
2187722, 1, 0
2187783, 0, 0
2187833, 2, 0
2187838, 3, 0
2187847, 1, 1
2187908, 0, 0
2187958, 2, bit 0
2187958, 2, 1
2187963, 3, 0
2187972, 1, 0
2188033, 0, 1
2188083, 2, 0
2188088, 3, 1
2188097, 1, 1
2188158, 0, 0
2188208, 2, 1
2188213, 3, 1
2188222, 1, 0
2188283, 0, 1
2188333, 2, 0
2188338, 3, 0
2188347, 1, 0
2188408, 0, bit 0
2188408, 0, 1
2188459, 2, 1
2188463, 3, 1
2188472, 1, 1
2188533, 0, 0
2188584, 2, 0
2188588, 3, 0
2188597, 1, 1
2188658, 0, 0
2188709, 2, 1
2188713, 3, 0
2188722, 1, 0
2188783, 0, 1
2188834, 2, 0
2188838, 3, 1
2188847, 1, 1
2188908, 0, 0
2188959, 2, 0
2188963, 3, 0
2188972, 1, 0
2189033, 0, 1
2189084, 2, 1
2189088, 3, 1
2189097, 1, 1
2189158, 0, 0
2189209, 2, 1
2189213, 3, 1
2189222, 1, 0
2189283, 0, 1
2189334, 2, 0
2189338, 3, 0
2189347, 1, bit 1
2189347, 1, 1
2189408, 0, 0
2189459, 2, 0
2189463, 3, bit 1
2189463, 3, 1
2189472, 1, 0
2189533, 0, 1
2189584, 2, 1
2189588, 3, 0
2189597, 1, 1
2189658, 0, 1
2189709, 2, bit 0
2189709, 2, 1
2189713, 3, 0
2189722, 1, 0
2189783, 0, 0
2189834, 2, 0
2189838, 3, 1
2189847, 1, 1
2189908, 0, 1
2189959, 2, 1
2189963, 3, 1
2189972, 1, 0
2190033, 0, 0
2190084, 2, 0
2190088, 3, 0
2190097, 1, 0
2190158, 0, bit 1
2190158, 0, 0
2190209, 2, 1
2190213, 3, 1
2190222, 1, 1
2190283, 0, 1
2190334, 2, 0
2190338, 3, 0
2190347, 1, 1
2190408, 0, 1
2190459, 2, 1
2190464, 3, 0
2190472, 1, 0
2190533, 0, 0
2190584, 2, 0
2190589, 3, 1
2190597, 1, 1
2190658, 0, 1
2190709, 2, 0
2190714, 3, 0
2190722, 1, 0
2190783, 0, 0
2190834, 2, 1
2190839, 3, 1
2190848, 1, 1
2190908, 0, 1
2190959, 2, 1
2190964, 3, 1
2190973, 1, 0
2191033, 0, 0
2191084, 2, 0
2191089, 3, 0
2191098, 1, bit 1
2191101, 1, 1
2191158, 0, 1
2191209, 2, 0
2191214, 3, bit 1
2191214, 3, 1
2191223, 1, 0
2191283, 0, 0
2191334, 2, 1
2191339, 3, 0
2191348, 1, 1
2191408, 0, 0
2191459, 2, bit 0
2191459, 2, 1
2191464, 3, 0
2191473, 1, 0
2191533, 0, 1
2191584, 2, 0
2191589, 3, 1
2191598, 1, 1
2191659, 0, 0
2191709, 2, 1
2191714, 3, 1
2191723, 1, 0
2191784, 0, 1
2191834, 2, 0
2191839, 3, 0
2191848, 1, 0
2191909, 0, bit 0
2191909, 0, 1
2191959, 2, 1
2191964, 3, 1
2191973, 1, 1
2192034, 0, 0
2192084, 2, 0
2192089, 3, 0
2192098, 1, 1
2192159, 0, 0
2192209, 2, 1
2192214, 3, 0
2192223, 1, 0
2192284, 0, 1
2192334, 2, 0
2192339, 3, 1
2192348, 1, 1
2192409, 0, 0
2192459, 2, 0
2192464, 3, 0
2192473, 1, 0
2192534, 0, 1
2192584, 2, 1
2192589, 3, 1
2192598, 1, 1
2192659, 0, 0
2192709, 2, 1
2192714, 3, 1
2192723, 1, 0
2192784, 0, 1
2192834, 2, 0
2192839, 3, 0
2192848, 1, bit 1
2192848, 1, 1
2192909, 0, 0
2192959, 2, 0
2192964, 3, bit 1
2192964, 3, 1
2192973, 1, 0
2193034, 0, 1
2193084, 2, 1
2193089, 3, 0
2193098, 1, 1
2193159, 0, 1
2193209, 2, bit 1
2193209, 2, 0
2193214, 3, 0
2193223, 1, 0
2193284, 0, 0
2193334, 2, 1
2193339, 3, 1
2193348, 1, 1
2193409, 0, 1
2193459, 2, 0
2193464, 3, 1
2193473, 1, 0
2193534, 0, 0
2193584, 2, 1
2193589, 3, 0
2193598, 1, 0
2193659, 0, bit 1
2193659, 0, 0
2193709, 2, 0
2193714, 3, 1
2193723, 1, 1
2193784, 0, 1
2193835, 2, 1
2193839, 3, 0
2193848, 1, 1
2193909, 0, 1
2193960, 2, 0
2193964, 3, 0
2193973, 1, 0
2194034, 0, 0
2194085, 2, 1
2194089, 3, 1
2194098, 1, 1
2194159, 0, 1
2194210, 2, 1
2194214, 3, 0
2194223, 1, 0
2194284, 0, 0
2194335, 2, 0
2194339, 3, 1
2194348, 1, 1
2194409, 0, 1
2194460, 2, 0
2194464, 3, 1
2194473, 1, 0
2194534, 0, 0
2194585, 2, 1
2194589, 3, 0
2194598, 1, bit 1
2194598, 1, 1
2194659, 0, 1
2194710, 2, 1
2194714, 3, bit 0
2194714, 3, 0
2194723, 1, 0
2194784, 0, 0
2194835, 2, 0
2194839, 3, 1
2194848, 1, 1
2194909, 0, 0
2194960, 2, bit 0
2194960, 2, 1
2194964, 3, 1
2194973, 1, 0
2195034, 0, 1
2195085, 2, 0
2195089, 3, 0
2195098, 1, 1
2195159, 0, 0
2195210, 2, 1
2195214, 3, 0
2195223, 1, 0
2195284, 0, 1
2195335, 2, 0
2195339, 3, 1
2195348, 1, 0
2195409, 0, bit 1
2195409, 0, 0
2195460, 2, 1
2195464, 3, 0
2195473, 1, 1
2195534, 0, 1
2195585, 2, 0
2195589, 3, 1
2195598, 1, 1
2195659, 0, 1
2195710, 2, 1
2195714, 3, 1
2195723, 1, 0
2195784, 0, 0
2195835, 2, 0
2195840, 3, 0
2195848, 1, 1
2195909, 0, 1
2195960, 2, 0
2195965, 3, 1
2195973, 1, 0
2196034, 0, 0
2196085, 2, 1
2196090, 3, 0
2196098, 1, 1
2196159, 0, 1
2196210, 2, 1
2196215, 3, 0
2196224, 1, 0
2196284, 0, 0
2196335, 2, 0
2196340, 3, 1
2196349, 1, bit 1
2196349, 1, 1
2196409, 0, 1
2196460, 2, 0
2196465, 3, bit 1
2196465, 3, 1
2196474, 1, 0
2196534, 0, 0
2196585, 2, 1
2196590, 3, 0
2196599, 1, 1
2196659, 0, 0
2196710, 2, bit 1
2196710, 2, 0
2196715, 3, 0
2196724, 1, 0
2196784, 0, 1
2196835, 2, 1
2196840, 3, 1
2196849, 1, 1
2196909, 0, 0
2196960, 2, 0
2196965, 3, 1
2196974, 1, 0
2197035, 0, 1
2197085, 2, 1
2197090, 3, 0
2197099, 1, 0
2197160, 0, bit 1
2197160, 0, 0
2197210, 2, 0
2197215, 3, 1
2197224, 1, 1
2197285, 0, 1
2197335, 2, 1
2197340, 3, 0
2197349, 1, 1
2197410, 0, 1
2197460, 2, 0
2197465, 3, 0
2197474, 1, 0
2197535, 0, 0
2197585, 2, 1
2197590, 3, 1
2197599, 1, 1
2197660, 0, 1
2197710, 2, 1
2197715, 3, 0
2197724, 1, 0
2197785, 0, 0
2197835, 2, 0
2197840, 3, 1
2197849, 1, 1
2197910, 0, 1
2197960, 2, 0
2197965, 3, 1
2197974, 1, 0
2198035, 0, 0
2198085, 2, 1
2198090, 3, 0
2198099, 1, bit 0
2198099, 1, 0
2198160, 0, 1
2198210, 2, 1
2198215, 3, bit 0
2198215, 3, 0
2198224, 1, 1
2198285, 0, 0
2198335, 2, 0
2198340, 3, 1
2198349, 1, 0
2198410, 0, 0
2198460, 2, bit 1
2198460, 2, 0
2198465, 3, 1
2198474, 1, 1
2198535, 0, 1
2198585, 2, 1
2198590, 3, 0
2198599, 1, 0
2198660, 0, 0
2198710, 2, 0
2198715, 3, 0
2198724, 1, 1
2198785, 0, 1
2198835, 2, 1
2198840, 3, 1
2198849, 1, 1
2198910, 0, bit 0
2198914, 0, 1
2198960, 2, 0
2198965, 3, 0
2198974, 1, 0
2199035, 0, 0
2199085, 2, 1
2199090, 3, 1
2199099, 1, 0
2199160, 0, 0
2199211, 2, 0
2199215, 3, 1
2199224, 1, 1
2199285, 0, 1
2199336, 2, 1
2199340, 3, 0
2199349, 1, 0
2199410, 0, 0
2199461, 2, 1
2199465, 3, 1
2199474, 1, 1
2199535, 0, 1
2199586, 2, 0
2199590, 3, 0
2199599, 1, 0
2199660, 0, 0
2199711, 2, 0
2199715, 3, 0
2199724, 1, 1
2199785, 0, 1
2199836, 2, 1
2199840, 3, 1
2199849, 1, bit 1
2199849, 1, 1
2199910, 0, 0
2199961, 2, 1
2199965, 3, bit 0
2199965, 3, 0
2199974, 1, 0
2200035, 0, 1
2200086, 2, 0
2200090, 3, 1
2200099, 1, 1
2200160, 0, 1
2200211, 2, bit 1
2200211, 2, 0
2200215, 3, 1
2200224, 1, 0
2200285, 0, 0
2200336, 2, 1
2200340, 3, 0
2200349, 1, 1
2200410, 0, 1
2200461, 2, 0
2200465, 3, 0
2200474, 1, 0
2200535, 0, 0
2200586, 2, 1
2200590, 3, 1
2200599, 1, 0
2200660, 0, bit 0
2200660, 0, 1
2200711, 2, 0
2200715, 3, 0
2200724, 1, 1
2200785, 0, 0
2200836, 2, 1
2200840, 3, 1
2200849, 1, 1
2200910, 0, 0
2200961, 2, 0
2200965, 3, 1
2200974, 1, 0
2201035, 0, 1
2201086, 2, 1
2201090, 3, 0
2201099, 1, 1
2201160, 0, 0
2201211, 2, 1
2201216, 3, 1
2201224, 1, 0
2201285, 0, 1
2201336, 2, 0
2201341, 3, 0
2201349, 1, 1
2201410, 0, 0
2201461, 2, 0
2201466, 3, 0
2201474, 1, 0
2201535, 0, 1
2201586, 2, 1
2201591, 3, 1
2201600, 1, bit 0
2201600, 1, 0
2201660, 0, 0
2201711, 2, 1
2201716, 3, bit 1
2201716, 3, 1
2201725, 1, 1
2201785, 0, 1
2201836, 2, 0
2201841, 3, 0
2201850, 1, 0
2201910, 0, 1
2201961, 2, bit 0
2201961, 2, 1
2201966, 3, 0
2201975, 1, 1
2202035, 0, 0
2202086, 2, 0
2202091, 3, 1
2202100, 1, 0
2202160, 0, 1
2202211, 2, 1
2202216, 3, 1
2202225, 1, 1
2202285, 0, 0
2202336, 2, 0
2202341, 3, 0
2202350, 1, 1
2202411, 0, bit 1
2202411, 0, 0
2202461, 2, 1
2202466, 3, 1
2202475, 1, 0
2202536, 0, 1
2202586, 2, 0
2202591, 3, 0
2202600, 1, 0
2202661, 0, 1
2202711, 2, 1
2202716, 3, 0
2202725, 1, 1
2202786, 0, 0
2202836, 2, 0
2202841, 3, 1
2202850, 1, 0
2202911, 0, 1
2202961, 2, 0
2202966, 3, 0
2202975, 1, 1
2203036, 0, 0
2203086, 2, 1
2203091, 3, 1
2203100, 1, 0
2203161, 0, 1
2203211, 2, 1
2203216, 3, 1
2203225, 1, 1
2203286, 0, 0
2203336, 2, 0
2203341, 3, 0
2203350, 1, bit 0
2203350, 1, 0
2203411, 0, 1
2203461, 2, 0
2203466, 3, bit 0
2203466, 3, 0
2203475, 1, 1
2203536, 0, 0
2203586, 2, 1
2203591, 3, 1
2203600, 1, 0
2203661, 0, 0
2203711, 2, bit 0
2203711, 2, 1
2203716, 3, 1
2203725, 1, 1
2203786, 0, 1
2203836, 2, 0
2203841, 3, 0
2203850, 1, 0
2203911, 0, 0
2203961, 2, 1
2203966, 3, 0
2203975, 1, 1
2204036, 0, 1
2204086, 2, 0
2204091, 3, 1
2204100, 1, 1
2204161, 0, bit 0
2204161, 0, 1
2204211, 2, 1
2204216, 3, 0
2204225, 1, 0
2204286, 0, 0
2204336, 2, 0
2204341, 3, 1
2204350, 1, 0
2204411, 0, 0
2204461, 2, 1
2204466, 3, 1
2204475, 1, 1
2204536, 0, 1
2204587, 2, 0
2204591, 3, 0
2204600, 1, 0
2204661, 0, 0
2204712, 2, 0
2204716, 3, 1
2204725, 1, 1
2204786, 0, 1
2204837, 2, 1
2204841, 3, 0
2204850, 1, 0
2204911, 0, 0
2204962, 2, 1
2204966, 3, 0
2204975, 1, 1
2205036, 0, 1
2205087, 2, 0
2205091, 3, 1
2205100, 1, bit 1
2205100, 1, 1
2205161, 0, 0
2205212, 2, 0
2205216, 3, bit 1
2205216, 3, 1
2205225, 1, 0
2205286, 0, 1
2205337, 2, 1
2205341, 3, 0
2205350, 1, 1
2205411, 0, 1
2205462, 2, bit 0
2205462, 2, 1
2205466, 3, 0
2205475, 1, 0
2205536, 0, 0
2205587, 2, 0
2205591, 3, 1
2205600, 1, 1
2205661, 0, 1
2205712, 2, 1
2205716, 3, 1
2205725, 1, 0
2205786, 0, 0
2205837, 2, 0
2205841, 3, 0
2205850, 1, 0
2205911, 0, bit 1
2205911, 0, 0
2205962, 2, 1
2205966, 3, 1
2205975, 1, 1
2206036, 0, 1
2206087, 2, 0
2206091, 3, 0
2206100, 1, 1
2206161, 0, 1
2206212, 2, 1
2206216, 3, 0
2206225, 1, 0
2206286, 0, 0
2206337, 2, 0
2206341, 3, 1
2206350, 1, 1
2206411, 0, 1
2206462, 2, 0
2206466, 3, 0
2206475, 1, 0
2206536, 0, 0
2206587, 2, 1
2206592, 3, 1
2206600, 1, 1
2206661, 0, 1
2206712, 2, 1
2206717, 3, 1
2206725, 1, 0
2206786, 0, 0
2206837, 2, 0
2206842, 3, 0
2206850, 1, bit 1
2206850, 1, 1
2206911, 0, 1
2206962, 2, 0
2206967, 3, bit 0
2206967, 3, 0
2206976, 1, 0
2207036, 0, 0
2207087, 2, 1
2207092, 3, 1
2207101, 1, 1
2207161, 0, 0
2207212, 2, bit 0
2207212, 2, 1
2207217, 3, 1
2207226, 1, 0
2207286, 0, 1
2207337, 2, 0
2207342, 3, 0
2207351, 1, 1
2207411, 0, 0
2207462, 2, 1
2207467, 3, 0
2207476, 1, 0
2207536, 0, 1
2207587, 2, 0
2207592, 3, 1
2207601, 1, 0
2207661, 0, bit 0
2207661, 0, 1
2207712, 2, 1
2207717, 3, 0
2207726, 1, 1
2207787, 0, 0
2207837, 2, 0
2207842, 3, 1
2207851, 1, 1
2207912, 0, 0
2207962, 2, 1
2207967, 3, 1
2207976, 1, 0
2208037, 0, 1
2208087, 2, 0
2208092, 3, 0
2208101, 1, 1
2208162, 0, 0
2208212, 2, 0
2208217, 3, 1
2208226, 1, 0
2208287, 0, 1
2208337, 2, 1
2208342, 3, 0
2208351, 1, 1
2208412, 0, 0
2208462, 2, 1
2208467, 3, 0
2208476, 1, 0
2208537, 0, 1
2208587, 2, 0
2208592, 3, 1
2208601, 1, bit 1
2208601, 1, 1
2208662, 0, 0
2208712, 2, 0
2208717, 3, bit 0
2208720, 3, 0
2208726, 1, 0
2208787, 0, 1
2208837, 2, 1
2208842, 3, 1
2208851, 1, 1
2208912, 0, 1
2208962, 2, bit 1
2208962, 2, 0
2208967, 3, 1
2208976, 1, 0
2209037, 0, 0
2209087, 2, 1
2209092, 3, 0
2209101, 1, 1
2209162, 0, 1
2209212, 2, 0
2209217, 3, 0
2209226, 1, 0
2209287, 0, 0
2209337, 2, 1
2209342, 3, 1
2209351, 1, 0
2209412, 0, bit 0
2209412, 0, 1
2209462, 2, 0
2209467, 3, 0
2209476, 1, 1
2209537, 0, 0
2209587, 2, 1
2209592, 3, 1
2209601, 1, 1
2209662, 0, 0
2209712, 2, 0
2209717, 3, 1
2209726, 1, 0
2209787, 0, 1
2209837, 2, 1
2209842, 3, 0
2209851, 1, 1
2209912, 0, 0
2209963, 2, 1
2209967, 3, 1
2209976, 1, 0
2210037, 0, 1
2210088, 2, 0
2210092, 3, 0
2210101, 1, 1
2210162, 0, 0
2210213, 2, 0
2210217, 3, 0
2210226, 1, 0
2210287, 0, 1
2210338, 2, 1
2210342, 3, 1
2210351, 1, bit 0
2210351, 1, 0
2210412, 0, 0
2210463, 2, 1
2210467, 3, bit 0
2210467, 3, 0
2210476, 1, 1
2210537, 0, 1
2210588, 2, 0
2210592, 3, 1
2210601, 1, 0
2210662, 0, 1
2210713, 2, bit 0
2210713, 2, 1
2210717, 3, 1
2210726, 1, 1
2210787, 0, 0
2210838, 2, 0
2210842, 3, 0
2210851, 1, 0
2210912, 0, 1
2210963, 2, 1
2210967, 3, 0
2210976, 1, 1
2211037, 0, 0
2211088, 2, 0
2211092, 3, 1
2211101, 1, 1
2211162, 0, bit 0
2211162, 0, 1
2211213, 2, 1
2211217, 3, 0
2211226, 1, 0
2211287, 0, 0
2211338, 2, 0
2211342, 3, 1
2211351, 1, 0
2211412, 0, 0
2211463, 2, 1
2211467, 3, 1
2211476, 1, 1
2211537, 0, 1
2211588, 2, 0
2211592, 3, 0
2211601, 1, 0
2211662, 0, 0
2211713, 2, 0
2211717, 3, 1
2211726, 1, 1
2211787, 0, 1
2211838, 2, 1
2211842, 3, 0
2211851, 1, 0
2211912, 0, 0
2211963, 2, 1
2211968, 3, 0
2211976, 1, 1
2212037, 0, 1
2212088, 2, 0
2212093, 3, 1
2212101, 1, bit 1
2212101, 1, 1
2212162, 0, 0
2212213, 2, 0
2212218, 3, bit 0
2212218, 3, 0
2212226, 1, 0
2212287, 0, 1
2212338, 2, 1
2212343, 3, 1
2212352, 1, 1
2212412, 0, 1
2212463, 2, bit 1
2212463, 2, 0
2212468, 3, 1
2212477, 1, 0
2212537, 0, 0
2212588, 2, 1
2212593, 3, 0
2212602, 1, 1
2212662, 0, 1
2212713, 2, 0
2212718, 3, 0
2212727, 1, 0
2212787, 0, 0
2212838, 2, 1
2212843, 3, 1
2212852, 1, 0
2212912, 0, bit 0
2212912, 0, 1
2212963, 2, 0
2212968, 3, 0
2212977, 1, 1
2213037, 0, 0
2213088, 2, 1
2213093, 3, 1
2213102, 1, 1
2213163, 0, 0
2213213, 2, 0
2213218, 3, 1
2213227, 1, 0
2213288, 0, 1
2213338, 2, 1
2213343, 3, 0
2213352, 1, 1
2213413, 0, 0
2213463, 2, 1
2213468, 3, 1
2213477, 1, 0
2213538, 0, 1
2213588, 2, 0
2213593, 3, 0
2213602, 1, 1
2213663, 0, 0
2213713, 2, 0
2213718, 3, 0
2213727, 1, 0
2213788, 0, 1
2213838, 2, 1
2213843, 3, 1
2213852, 1, bit 1
2213852, 1, 1
2213913, 0, 0
2213963, 2, 1
2213968, 3, bit 0
2213968, 3, 0
2213977, 1, 0
2214038, 0, 1
2214088, 2, 0
2214093, 3, 1
2214102, 1, 1
2214163, 0, 1
2214213, 2, bit 1
2214213, 2, 0
2214218, 3, 1
2214227, 1, 0
2214288, 0, 0
2214338, 2, 1
2214343, 3, 0
2214352, 1, 1
2214413, 0, 1
2214463, 2, 0
2214468, 3, 0
2214477, 1, 0
2214538, 0, 0
2214588, 2, 1
2214593, 3, 1
2214602, 1, 0
2214663, 0, bit 1
2214663, 0, 0
2214713, 2, 0
2214718, 3, 0
2214727, 1, 1
2214788, 0, 1
2214838, 2, 1
2214843, 3, 1
2214852, 1, 1
2214913, 0, 1
2214963, 2, 0
2214968, 3, 1
2214977, 1, 0
2215038, 0, 0
2215088, 2, 1
2215093, 3, 0
2215102, 1, 1
2215163, 0, 1
2215213, 2, 1
2215218, 3, 1
2215227, 1, 0
2215288, 0, 0
2215339, 2, 0
2215343, 3, 0
2215352, 1, 1
2215413, 0, 1
2215464, 2, 0
2215468, 3, 0
2215477, 1, 0
2215538, 0, 0
2215589, 2, 1
2215593, 3, 1
2215602, 1, bit 0
2215602, 1, 0
2215663, 0, 1
2215714, 2, 1
2215718, 3, bit 0
2215718, 3, 0
2215727, 1, 1
2215788, 0, 0
2215839, 2, 0
2215843, 3, 1
2215852, 1, 0
2215913, 0, 0
2215964, 2, bit 1
2215964, 2, 0
2215968, 3, 1
2215977, 1, 1
2216038, 0, 1
2216089, 2, 1
2216093, 3, 0
2216102, 1, 0
2216163, 0, 0
2216214, 2, 0
2216218, 3, 0
2216227, 1, 1
2216288, 0, 1
2216339, 2, 1
2216343, 3, 1
2216352, 1, 1
2216413, 0, bit 0
2216413, 0, 1
2216464, 2, 0
2216468, 3, 0
2216477, 1, 0
2216538, 0, 0
2216589, 2, 1
2216593, 3, 1
2216602, 1, 0
2216663, 0, 0
2216714, 2, 0
2216718, 3, 1
2216727, 1, 1
2216788, 0, 1
2216839, 2, 1
2216843, 3, 0
2216852, 1, 0
2216913, 0, 0
2216964, 2, 1
2216968, 3, 1
2216977, 1, 1
2217038, 0, 1
2217089, 2, 0
2217093, 3, 0
2217102, 1, 0
2217163, 0, 0
2217214, 2, 0
2217218, 3, 0
2217227, 1, 1
2217288, 0, 1
2217339, 2, 1
2217344, 3, 1
2217352, 1, bit 1
2217352, 1, 1
2217413, 0, 0
2217464, 2, 1
2217469, 3, bit 1
2217469, 3, 1
2217477, 1, 0
2217538, 0, 1
2217589, 2, 0
2217594, 3, 0
2217602, 1, 1
2217663, 0, 1
2217714, 2, bit 0
2217714, 2, 1
2217719, 3, 0
2217728, 1, 0
2217788, 0, 0
2217839, 2, 0
2217844, 3, 1
2217853, 1, 1
2217913, 0, 1
2217964, 2, 1
2217969, 3, 1
2217978, 1, 0
2218038, 0, 0
2218089, 2, 0
2218094, 3, 0
2218103, 1, 0
2218163, 0, bit 1
2218163, 0, 0
2218214, 2, 1
2218219, 3, 1
2218228, 1, 1
2218288, 0, 1
2218339, 2, 0
2218344, 3, 0
2218353, 1, 1
2218413, 0, 1
2218464, 2, 1
2218469, 3, 0
2218478, 1, 0
2218539, 0, 0
2218589, 2, 0
2218594, 3, 1
2218603, 1, 1
2218664, 0, 1
2218714, 2, 0
2218719, 3, 0
2218728, 1, 0
2218789, 0, 0
2218839, 2, 1
2218844, 3, 1
2218853, 1, 1
2218914, 0, 1
2218964, 2, 1
2218969, 3, 1
2218978, 1, 0
2219039, 0, 0
2219089, 2, 0
2219094, 3, 0
2219103, 1, bit 1
2219103, 1, 1
2219164, 0, 1
2219214, 2, 0
2219219, 3, bit 1
2219219, 3, 1
2219228, 1, 0
2219289, 0, 0
2219339, 2, 1
2219344, 3, 0
2219353, 1, 1
2219414, 0, 0
2219464, 2, bit 0
2219467, 2, 1
2219469, 3, 0
2219478, 1, 0
2219539, 0, 1
2219589, 2, 0
2219594, 3, 1
2219603, 1, 1
2219664, 0, 0
2219714, 2, 1
2219719, 3, 1
2219728, 1, 0
2219789, 0, 1
2219839, 2, 0
2219844, 3, 0
2219853, 1, 0
2219914, 0, bit 0
2219914, 0, 1
2219964, 2, 1
2219969, 3, 1
2219978, 1, 1
2220039, 0, 0
2220089, 2, 0
2220094, 3, 0
2220103, 1, 1
2220164, 0, 0
2220214, 2, 1
2220219, 3, 0
2220228, 1, 0
2220289, 0, 1
2220339, 2, 0
2220344, 3, 1
2220353, 1, 1
2220414, 0, 0
2220464, 2, 0
2220469, 3, 0
2220478, 1, 0
2220539, 0, 1
2220589, 2, 1
2220594, 3, 1
2220603, 1, 1
2220664, 0, 0
2220715, 2, 1
2220719, 3, 1
2220728, 1, 0
2220789, 0, 1
2220840, 2, 0
2220844, 3, 0
2220853, 1, bit 1
2220853, 1, 1
2220914, 0, 0
2220965, 2, 0
2220969, 3, bit 1
2220969, 3, 1
2220978, 1, 0
2221039, 0, 1
2221090, 2, 1
2221094, 3, 0
2221103, 1, 1
2221164, 0, 1
2221215, 2, bit 0
2221215, 2, 1
2221219, 3, 0
2221228, 1, 0
2221289, 0, 0
2221340, 2, 0
2221344, 3, 1
2221353, 1, 1
2221414, 0, 1
2221465, 2, 1
2221469, 3, 1
2221478, 1, 0
2221539, 0, 0
2221590, 2, 0
2221594, 3, 0
2221603, 1, 0
2221664, 0, bit 1
2221664, 0, 0
2221715, 2, 1
2221719, 3, 1
2221728, 1, 1
2221789, 0, 1
2221840, 2, 0
2221844, 3, 0
2221853, 1, 1
2221914, 0, 1
2221965, 2, 1
2221969, 3, 0
2221978, 1, 0
2222039, 0, 0
2222090, 2, 0
2222094, 3, 1
2222103, 1, 1
2222164, 0, 1
2222215, 2, 0
2222219, 3, 0
2222228, 1, 0
2222289, 0, 0
2222340, 2, 1
2222344, 3, 1
2222353, 1, 1
2222414, 0, 1
2222465, 2, 1
2222469, 3, 1
2222478, 1, 0
2222539, 0, 0
2222590, 2, 0
2222594, 3, 0
2222603, 1, bit 0
2222603, 1, 0
2222664, 0, 1
2222715, 2, 0
2222720, 3, bit 0
2222720, 3, 0
2222728, 1, 1
2222789, 0, 0
2222840, 2, 1
2222845, 3, 1
2222853, 1, 0
2222914, 0, 0
2222965, 2, bit 1
2222965, 2, 0
2222970, 3, 1
2222978, 1, 1
2223039, 0, 1
2223090, 2, 1
2223095, 3, 0
2223104, 1, 0
2223164, 0, 0
2223215, 2, 0
2223220, 3, 0
2223229, 1, 1
2223289, 0, 1
2223340, 2, 1
2223345, 3, 1
2223354, 1, 1
2223465, 2, 0
2223470, 3, 0
2223479, 1, 0
2223590, 2, 1
2223595, 3, 1
2223604, 1, 0
2223715, 2, 0
2223720, 3, 1
2223729, 1, 1
2223840, 2, 1
2223845, 3, 0
2223854, 1, 0
2223965, 2, 1
2223970, 3, 1
2223979, 1, 1
2224090, 2, 0
2224095, 3, 0
2224104, 1, 0
2224215, 2, 0
2224220, 3, 0
2224229, 1, 1
2224340, 2, 1
2224345, 3, 1
2224354, 1, bit 0
2224354, 1, 0
2224465, 2, 1
2224470, 3, bit 1
2224470, 3, 1
2224479, 1, 1
2224590, 2, 0
2224595, 3, 0
2224604, 1, 0
2224715, 2, bit 1
2224718, 2, 0
2224720, 3, 0
2224729, 1, 1
2224840, 2, 1
2224845, 3, 1
2224854, 1, 0
2224965, 2, 0
2224970, 3, 1
2224979, 1, 1
2225090, 2, 1
2225095, 3, 0
2225104, 1, 1
2225215, 2, 0
2225220, 3, 1
2225229, 1, 0
2225340, 2, 1
2225345, 3, 0
2225354, 1, 0
2225465, 2, 0
2225470, 3, 0
2225479, 1, 1
2225590, 2, 1
2225595, 3, 1
2225604, 1, 0
2225715, 2, 1
2225720, 3, 0
2225729, 1, 1
2225840, 2, 0
2225845, 3, 1
2225854, 1, 0
2225965, 2, 0
2225970, 3, 1
2225979, 1, 1
2226091, 2, 1
2226095, 3, 0
2226104, 1, bit 1
2226104, 1, 1
2226216, 2, 1
2226220, 3, bit 1
2226220, 3, 1
2226229, 1, 0
2226341, 2, 0
2226345, 3, 0
2226354, 1, 1
2226466, 2, bit 1
2226466, 2, 0
2226470, 3, 0
2226479, 1, 0
2226591, 2, 1
2226595, 3, 1
2226604, 1, 1
2226716, 2, 0
2226720, 3, 1
2226729, 1, 0
2226841, 2, 1
2226845, 3, 0
2226854, 1, 0
2226966, 2, 0
2226970, 3, 1
2226979, 1, 1
2227091, 2, 1
2227095, 3, 0
2227104, 1, 1
2227216, 2, 0
2227220, 3, 0
2227229, 1, 0
2227341, 2, 1
2227345, 3, 1
2227354, 1, 1
2227466, 2, 1
2227470, 3, 0
2227479, 1, 0
2227591, 2, 0
2227595, 3, 1
2227604, 1, 1
2227716, 2, 0
2227720, 3, 1
2227729, 1, 0
2227841, 2, 1
2227845, 3, 0
2227854, 1, bit 0
2227854, 1, 0
2227966, 2, 1
2227970, 3, bit 1
2227970, 3, 1
2227979, 1, 1
2228091, 2, 0
2228096, 3, 0
2228104, 1, 0
2228216, 2, bit 1
2228216, 2, 0
2228221, 3, 0
2228229, 1, 1
2228341, 2, 1
2228346, 3, 1
2228354, 1, 0
2228466, 2, 0
2228471, 3, 1
2228480, 1, 1
2228591, 2, 1
2228596, 3, 0
2228605, 1, 1
2228716, 2, 0
2228721, 3, 1
2228730, 1, 0
2228841, 2, 1
2228846, 3, 0
2228855, 1, 0
2228966, 2, 0
2228971, 3, 0
2228980, 1, 1
2229091, 2, 1
2229096, 3, 1
2229105, 1, 0
2229216, 2, 1
2229221, 3, 0
2229230, 1, 1
2229341, 2, 0
2229346, 3, 1
2229355, 1, 0
2229466, 2, 0
2229471, 3, 1
2229480, 1, 1
2229591, 2, 1
2229596, 3, 0
2229605, 1, bit 0
2229605, 1, 0
2229716, 2, 1
2229721, 3, bit 0
2229721, 3, 0
2229730, 1, 1
2229841, 2, 0
2229846, 3, 1
2229855, 1, 0
2229966, 2, bit 1
2229966, 2, 0
2229971, 3, 1
2229980, 1, 1
2230091, 2, 1
2230096, 3, 0
2230105, 1, 0
2230216, 2, 0
2230221, 3, 0
2230230, 1, 1
2230341, 2, 1
2230346, 3, 1
2230355, 1, 1
2230466, 2, 0
2230471, 3, 0
2230480, 1, 0
2230591, 2, 1
2230596, 3, 1
2230605, 1, 0
2230716, 2, 0
2230721, 3, 1
2230730, 1, 1
2230841, 2, 1
2230846, 3, 0
2230855, 1, 0
2230966, 2, 1
2230971, 3, 1
2230980, 1, 1
2231091, 2, 0
2231096, 3, 0
2231105, 1, 0
2231216, 2, 0
2231221, 3, 0
2231230, 1, 1
2231341, 2, 1
2231346, 3, 1
2231467, 2, 1
2231471, 3, bit 1
2231471, 3, 1
2231592, 2, 0
2231596, 3, 0
2231717, 2, bit 0
2231717, 2, 1
2231721, 3, 0
2231842, 2, 0
2231846, 3, 1
2231967, 2, 1
2231971, 3, 1
2232092, 2, 0
2232096, 3, 0
2232217, 2, 1
2232221, 3, 1
2232342, 2, 0
2232346, 3, 0
2232467, 2, 1
2232471, 3, 0
2232592, 2, 0
2232596, 3, 1
2232717, 2, 0
2232721, 3, 0
2232842, 2, 1
2232846, 3, 1
2232967, 2, 1
2232971, 3, 1
2233092, 2, 0
2233096, 3, 0
2233217, 2, 0
2233221, 3, bit 0
2233224, 3, 0
2233342, 2, 1
2233346, 3, 1
2233467, 2, bit 0
2233467, 2, 1
2233472, 3, 1
2233592, 2, 0
2233597, 3, 0
2233717, 2, 1
2233722, 3, 0
2233842, 2, 0
2233847, 3, 1
2233967, 2, 1
2233972, 3, 0
2234092, 2, 0
2234097, 3, 1
2234217, 2, 1
2234222, 3, 1
2234342, 2, 0
2234347, 3, 0
2234467, 2, 0
2234472, 3, 1
2234592, 2, 1
2234597, 3, 0
2234717, 2, 1
2234722, 3, 0
2234842, 2, 0
2234847, 3, 1
2234967, 2, 0
2234972, 3, bit 1
2234972, 3, 1
2235092, 2, 1
2235097, 3, 0
2235217, 2, bit 0
2235217, 2, 1
2235222, 3, 0
2235342, 2, 0
2235347, 3, 1
2235467, 2, 1
2235472, 3, 1
2235592, 2, 0
2235597, 3, 0
2235717, 2, 1
2235722, 3, 1
2235842, 2, 0
2235847, 3, 0
2235967, 2, 1
2235972, 3, 0
2236092, 2, 0
2236097, 3, 1
2236217, 2, 0
2236222, 3, 0
2236342, 2, 1
2236347, 3, 1
2236467, 2, 1
2236472, 3, 1
2236592, 2, 0
2236597, 3, 0
2236717, 2, 0
2236722, 3, bit 1
2236722, 3, 1
2236843, 2, 1
2236847, 3, 0
2236968, 2, bit 1
2236968, 2, 0
2236972, 3, 0
2237093, 2, 1
2237097, 3, 1
2237218, 2, 0
2237222, 3, 1
2237343, 2, 1
2237347, 3, 0
2237468, 2, 0
2237472, 3, 1
2237593, 2, 1
2237597, 3, 0
2237718, 2, 0
2237722, 3, 0
2237843, 2, 1
2237847, 3, 1
2237968, 2, 1
2237972, 3, 0
2238093, 2, 0
2238097, 3, 1
2238218, 2, 0
2238222, 3, 1
2238343, 2, 1
2238347, 3, 0
2238468, 2, 1
2238472, 3, bit 1
2238472, 3, 1
2238593, 2, 0
2238597, 3, 0
2238718, 2, bit 1
2238718, 2, 0
2238722, 3, 0
2238843, 2, 1
2238848, 3, 1
2238968, 2, 0
2238973, 3, 1
2239093, 2, 1
2239098, 3, 0
2239218, 2, 0
2239223, 3, 1
2239343, 2, 1
2239348, 3, 0
2239468, 2, 0
2239473, 3, 0
2239593, 2, 1
2239598, 3, 1
2239718, 2, 1
2239723, 3, 0
2239843, 2, 0
2239848, 3, 1
2239968, 2, 0
2239973, 3, 1
2240093, 2, 1
2240098, 3, 0
2240218, 2, 1
2240223, 3, bit 1
2240223, 3, 1
2240343, 2, 0
2240348, 3, 0
2240473, 3, 0
2240598, 3, 1
2240723, 3, 1
2240848, 3, 0
2240973, 3, 1
2241098, 3, 0
2241223, 3, 0
2241348, 3, 1
2241473, 3, 0
2241598, 3, 1
2241723, 3, 1
2241848, 3, 0
2241973, 3, bit 1
2241973, 3, 1
2242098, 3, 0
2242223, 3, 0
2242348, 3, 1
2242473, 3, 1
2242598, 3, 0
2242723, 3, 1
2242848, 3, 0
2242973, 3, 0
2243098, 3, 1
2243223, 3, 0
2243348, 3, 1
2243473, 3, 1
2243598, 3, 0
2243723, 3, bit 1
2243723, 3, 1
2243848, 3, 0
2243973, 3, 0
2244098, 3, 1
2244224, 3, 1
2244349, 3, 0
2244474, 3, 1
2244599, 3, 0
2244724, 3, 0
2244849, 3, 1
2244974, 3, 0
2245099, 3, 1
2245224, 3, 1
2245349, 3, 0
2245474, 3, bit 0
2245474, 3, 0
2245599, 3, 1
2245724, 3, 1
2245849, 3, 0
2245974, 3, 0
2246099, 3, 1
2246224, 3, 0
2246349, 3, 1
2246474, 3, 1
2246599, 3, 0
2246724, 3, 1
2246849, 3, 0
2246974, 3, 0
2247099, 3, 1
2247224, 3, bit 0
2247224, 3, 0
2247349, 3, 1
2247474, 3, 1
2247599, 3, 0
2247724, 3, 0
2247849, 3, 1
2247974, 3, 0
2248099, 3, 1
2248224, 3, 1
2248349, 3, 0
2248474, 3, 1
2248599, 3, 0
2248724, 3, 0
2248849, 3, 1
