125 100 4 7 4
(2, 20, 13, 10.00), (code 5)
(3, 90, 5, 10.00), (code 1)
(4, 160, 1, 10.00), (code 4)
(5, 230, 1, 10.00), (code 3)
START
261512, 0, prem 1
261512, 0, 1
261637, 0, 1
261762, 0, 1
261888, 0, 1
262013, 0, 0
262138, 0, 0
262263, 0, 0
262388, 0, 0
262513, 0, prem 0
262513, 0, 0
262638, 0, 0
262763, 0, 0
262888, 0, 0
263013, 0, 1
263138, 0, 1
263263, 0, 1
263388, 0, 1
263513, 0, prem 1
263513, 0, 1
263638, 0, 1
263763, 0, 1
263888, 0, 1
264013, 0, 0
264138, 0, 0
264263, 0, 0
264388, 0, 0
264513, 0, prem 1
264513, 0, 1
264638, 0, 1
264763, 0, 1
264888, 0, 1
265013, 0, 0
265138, 0, 0
265263, 0, 0
265388, 0, 0
265513, 0, prem 0
265513, 0, 0
265638, 0, 0
265763, 0, 0
265888, 0, 0
266013, 0, 1
266138, 0, 1
266263, 0, 1
266388, 0, 1
266513, 0, prem 0
266513, 0, 0
266638, 0, 0
266763, 0, 0
266888, 0, 0
267013, 0, 1
267138, 0, 1
267264, 0, 1
267389, 0, 1
267514, 0, prem 1
267514, 0, 1
267639, 0, 1
267764, 0, 1
267889, 0, 1
268014, 0, 0
268139, 0, 0
268264, 0, 0
268389, 0, 0
268514, 0, bit 1
268514, 0, 1
268639, 0, 0
268764, 0, 0
268889, 0, 1
269014, 0, 1
269139, 0, 0
269264, 0, 1
269267, 1, prem 1
269267, 1, 1
269389, 0, 0
269392, 1, 1
269514, 0, 0
269517, 1, 1
269639, 0, 1
269642, 1, 1
269764, 0, 0
269767, 1, 0
269889, 0, 1
269892, 1, 0
270014, 0, 1
270017, 1, 0
270139, 0, 0
270142, 1, 0
270264, 0, bit 0
270264, 0, 0
270267, 1, prem 1
270267, 1, 1
270389, 0, 1
270392, 1, 1
270514, 0, 1
270517, 1, 1
270639, 0, 0
270642, 1, 1
270764, 0, 0
270767, 1, 0
270889, 0, 1
270892, 1, 0
271014, 0, 0
271017, 1, 0
271139, 0, 1
271142, 1, 0
271264, 0, 1
271267, 1, prem 0
271267, 1, 0
271389, 0, 0
271392, 1, 0
271514, 0, 1
271517, 1, 0
271639, 0, 0
271642, 1, 0
271764, 0, 0
271767, 1, 1
271889, 0, 1
271892, 1, 1
272014, 0, bit 0
272014, 0, 0
272017, 1, 1
272139, 0, 1
272142, 1, 1
272264, 0, 1
272267, 1, prem 0
272267, 1, 0
272389, 0, 0
272392, 1, 0
272514, 0, 0
272517, 1, 0
272640, 0, 1
272642, 1, 0
272765, 0, 0
272768, 1, 1
272890, 0, 1
272893, 1, 1
273015, 0, 1
273018, 1, 1
273140, 0, 0
273143, 1, 1
273265, 0, 1
273268, 1, prem 0
273268, 1, 0
273390, 0, 0
273393, 1, 0
273515, 0, 0
273518, 1, 0
273640, 0, 1
273643, 1, 0
273765, 0, bit 1
273765, 0, 1
273768, 1, 1
273890, 0, 0
273893, 1, 1
274015, 0, 0
274018, 1, 1
274140, 0, 1
274143, 1, 1
274265, 0, 1
274268, 1, prem 0
274268, 1, 0
274390, 0, 0
274393, 1, 0
274515, 0, 1
274518, 1, 0
274640, 0, 0
274643, 1, 0
274765, 0, 0
274768, 1, 1
274890, 0, 1
274893, 1, 1
275015, 0, 0
275018, 1, 1
275140, 0, 1
275143, 1, 1
275265, 0, 1
275268, 1, prem 0
275268, 1, 0
275390, 0, 0
275393, 1, 0
275515, 0, bit 1
275515, 0, 1
275518, 1, 0
275640, 0, 0
275643, 1, 0
275765, 0, 0
275768, 1, 1
275890, 0, 1
275893, 1, 1
276015, 0, 1
276018, 1, 1
276140, 0, 0
276143, 1, 1
276265, 0, 1
276268, 1, bit 1
276268, 1, 1
276390, 0, 0
276393, 1, 0
276515, 0, 0
276518, 1, 1
276640, 0, 1
276643, 1, 0
276765, 0, 0
276768, 1, 0
276890, 0, 1
276893, 1, 1
277015, 0, 1
277018, 1, 0
277140, 0, 0
277143, 1, 1
277265, 0, bit 1
277265, 0, 1
277268, 1, 0
277390, 0, 0
277393, 1, 1
277515, 0, 0
277518, 1, 0
277521, 2, prem 0
277521, 2, 0
277640, 0, 1
277643, 1, 1
277646, 2, 0
277765, 0, 1
277768, 1, 0
277771, 2, 0
277890, 0, 0
277893, 1, 1
277896, 2, 0
278016, 0, 1
278018, 1, bit 0
278018, 1, 0
278021, 2, 1
278141, 0, 0
278144, 1, 1
278146, 2, 1
278266, 0, 0
278269, 1, 0
278272, 2, 1
278391, 0, 1
278394, 1, 1
278397, 2, 1
278516, 0, 0
278519, 1, 1
278522, 2, prem 0
278522, 2, 0
278641, 0, 1
278644, 1, 0
278647, 2, 0
278766, 0, 1
278769, 1, 1
278772, 2, 0
278891, 0, 0
278894, 1, 0
278897, 2, 0
279016, 0, bit 0
279016, 0, 0
279019, 1, 1
279022, 2, 1
279141, 0, 1
279144, 1, 0
279147, 2, 1
279266, 0, 1
279269, 1, 1
279272, 2, 1
279391, 0, 0
279394, 1, 0
279397, 2, 1
279516, 0, 0
279519, 1, 1
279522, 2, prem 0
279522, 2, 0
279641, 0, 1
279644, 1, 0
279647, 2, 0
279766, 0, 0
279769, 1, bit 0
279769, 1, 0
279772, 2, 0
279891, 0, 1
279894, 1, 1
279897, 2, 0
280016, 0, 1
280019, 1, 0
280022, 2, 1
280141, 0, 0
280144, 1, 1
280147, 2, 1
280266, 0, 1
280269, 1, 1
280272, 2, 1
280391, 0, 0
280394, 1, 0
280397, 2, 1
280516, 0, 0
280519, 1, 1
280522, 2, prem 0
280522, 2, 0
280641, 0, 1
280644, 1, 0
280647, 2, 0
280766, 0, bit 1
280766, 0, 1
280769, 1, 1
280772, 2, 0
280891, 0, 0
280894, 1, 0
280897, 2, 0
281016, 0, 0
281019, 1, 1
281022, 2, 1
281141, 0, 1
281144, 1, 0
281147, 2, 1
281266, 0, 1
281269, 1, 1
281272, 2, 1
281391, 0, 0
281394, 1, 0
281397, 2, 1
281516, 0, 1
281519, 1, bit 0
281519, 1, 0
281522, 2, prem 1
281522, 2, 1
281641, 0, 0
281644, 1, 1
281647, 2, 1
281766, 0, 0
281769, 1, 0
281772, 2, 1
281891, 0, 1
281894, 1, 1
281897, 2, 1
282016, 0, 0
282019, 1, 1
282022, 2, 0
282141, 0, 1
282144, 1, 0
282147, 2, 0
282266, 0, 1
282269, 1, 1
282272, 2, 0
282391, 0, 0
282394, 1, 0
282397, 2, 0
282516, 0, bit 0
282519, 0, 0
282519, 1, 1
282522, 2, prem 0
282522, 2, 0
282641, 0, 1
282644, 1, 0
282647, 2, 0
282766, 0, 1
282769, 1, 1
282772, 2, 0
282891, 0, 0
282894, 1, 0
282897, 2, 0
283016, 0, 0
283019, 1, 1
283022, 2, 1
283141, 0, 1
283144, 1, 0
283147, 2, 1
283266, 0, 0
283269, 1, bit 0
283269, 1, 0
283272, 2, 1
283392, 0, 1
283394, 1, 1
283397, 2, 1
283517, 0, 1
283520, 1, 0
283522, 2, prem 1
283522, 2, 1
283642, 0, 0
283645, 1, 1
283648, 2, 1
283767, 0, 1
283770, 1, 1
283773, 2, 1
283892, 0, 0
283895, 1, 0
283898, 2, 1
284017, 0, 0
284020, 1, 1
284023, 2, 0
284142, 0, 1
284145, 1, 0
284148, 2, 0
284267, 0, bit 1
284267, 0, 1
284270, 1, 1
284273, 2, 0
284392, 0, 0
284395, 1, 0
284398, 2, 0
284517, 0, 0
284520, 1, 1
284523, 2, bit 1
284523, 2, 0
284642, 0, 1
284645, 1, 0
284648, 2, 1
284767, 0, 1
284770, 1, 1
284773, 2, 0
284892, 0, 0
284895, 1, 0
284898, 2, 1
285017, 0, 1
285020, 1, bit 0
285020, 1, 0
285023, 2, 0
285142, 0, 0
285145, 1, 1
285148, 2, 1
285267, 0, 0
285270, 1, 0
285273, 2, 0
285392, 0, 1
285395, 1, 1
285398, 2, 1
285517, 0, 0
285520, 1, 1
285523, 2, 1
285642, 0, 1
285645, 1, 0
285648, 2, 0
285767, 0, 1
285770, 1, 1
285773, 2, 0
285892, 0, 0
285895, 1, 0
285898, 2, 1
286017, 0, bit 0
286017, 0, 0
286020, 1, 1
286023, 2, 1
286142, 0, 1
286145, 1, 0
286148, 2, 0
286267, 0, 1
286270, 1, 1
286273, 2, bit 0
286273, 2, 1
286276, 3, prem 1
286276, 3, 1
286392, 0, 0
286395, 1, 0
286398, 2, 0
286401, 3, 1
286517, 0, 0
286520, 1, 1
286523, 2, 1
286526, 3, 1
286642, 0, 1
286645, 1, 0
286648, 2, 0
286651, 3, 1
286767, 0, 0
286770, 1, bit 0
286770, 1, 0
286773, 2, 1
286776, 3, 0
286892, 0, 1
286895, 1, 1
286898, 2, 0
286901, 3, 0
287017, 0, 1
287020, 1, 0
287023, 2, 1
287026, 3, 0
287142, 0, 0
287145, 1, 1
287148, 2, 0
287151, 3, 0
287267, 0, 1
287270, 1, 1
287273, 2, 0
287276, 3, prem 1
287276, 3, 1
287392, 0, 0
287395, 1, 0
287398, 2, 1
287401, 3, 1
287517, 0, 0
287520, 1, 1
287523, 2, 1
287526, 3, 1
287642, 0, 1
287645, 1, 0
287648, 2, 0
287651, 3, 1
287767, 0, bit 1
287767, 0, 1
287770, 1, 1
287773, 2, 0
287776, 3, 0
287892, 0, 0
287895, 1, 0
287898, 2, 1
287901, 3, 0
288017, 0, 0
288020, 1, 1
288023, 2, bit 1
288023, 2, 0
288026, 3, 0
288142, 0, 1
288145, 1, 0
288148, 2, 1
288151, 3, 0
288267, 0, 1
288270, 1, 1
288273, 2, 0
288276, 3, prem 1
288276, 3, 1
288392, 0, 0
288395, 1, 0
288398, 2, 1
288401, 3, 1
288517, 0, 1
288520, 1, bit 0
288523, 1, 0
288523, 2, 0
288526, 3, 1
288642, 0, 0
288645, 1, 1
288648, 2, 1
288651, 3, 1
288768, 0, 0
288770, 1, 0
288773, 2, 0
288776, 3, 0
288893, 0, 1
288896, 1, 1
288898, 2, 1
288901, 3, 0
289018, 0, 0
289021, 1, 1
289024, 2, 1
289026, 3, 0
289143, 0, 1
289146, 1, 0
289149, 2, 0
289152, 3, 0
289268, 0, 1
289271, 1, 1
289274, 2, 0
289277, 3, prem 0
289277, 3, 0
289393, 0, 0
289396, 1, 0
289399, 2, 1
289402, 3, 0
289518, 0, bit 1
289518, 0, 1
289521, 1, 1
289524, 2, 1
289527, 3, 0
289643, 0, 0
289646, 1, 0
289649, 2, 0
289652, 3, 0
289768, 0, 0
289771, 1, 1
289774, 2, bit 1
289774, 2, 0
289777, 3, 1
289893, 0, 1
289896, 1, 0
289899, 2, 1
289902, 3, 1
290018, 0, 1
290021, 1, 1
290024, 2, 0
290027, 3, 1
290143, 0, 0
290146, 1, 0
290149, 2, 1
290152, 3, 1
290268, 0, 1
290271, 1, bit 1
290271, 1, 1
290274, 2, 0
290277, 3, prem 1
290277, 3, 1
290393, 0, 0
290396, 1, 0
290399, 2, 1
290402, 3, 1
290518, 0, 0
290521, 1, 1
290524, 2, 0
290527, 3, 1
290643, 0, 1
290646, 1, 0
290649, 2, 1
290652, 3, 1
290768, 0, 0
290771, 1, 0
290774, 2, 1
290777, 3, 0
290893, 0, 1
290896, 1, 1
290899, 2, 0
290902, 3, 0
291018, 0, 1
291021, 1, 0
291024, 2, 0
291027, 3, 0
291143, 0, 0
291146, 1, 1
291149, 2, 1
291152, 3, 0
291268, 0, bit 1
291268, 0, 1
291271, 1, 0
291274, 2, 1
291277, 3, prem 1
291277, 3, 1
291393, 0, 0
291396, 1, 1
291399, 2, 0
291402, 3, 1
291518, 0, 0
291521, 1, 0
291524, 2, bit 0
291524, 2, 1
291527, 3, 1
291643, 0, 1
291646, 1, 1
291649, 2, 0
291652, 3, 1
291768, 0, 1
291771, 1, 0
291774, 2, 1
291777, 3, 0
291893, 0, 0
291896, 1, 1
291899, 2, 0
291902, 3, 0
292018, 0, 1
292021, 1, bit 0
292021, 1, 0
292024, 2, 1
292027, 3, 0
292143, 0, 0
292146, 1, 1
292149, 2, 0
292152, 3, 0
292268, 0, 0
292271, 1, 0
292274, 2, 1
292277, 3, prem 1
292277, 3, 1
292393, 0, 1
292396, 1, 1
292399, 2, 0
292402, 3, 1
292518, 0, 0
292521, 1, 1
292524, 2, 0
292527, 3, 1
292643, 0, 1
292646, 1, 0
292649, 2, 1
292652, 3, 1
292768, 0, 1
292771, 1, 1
292774, 2, 1
292777, 3, 0
292893, 0, 0
292896, 1, 0
292899, 2, 0
292902, 3, 0
293018, 0, bit 0
293018, 0, 0
293021, 1, 1
293024, 2, 0
293027, 3, 0
293143, 0, 1
293146, 1, 0
293149, 2, 1
293152, 3, 0
293268, 0, 1
293271, 1, 1
293274, 2, bit 1
293274, 2, 0
293277, 3, bit 1
293277, 3, 1
293393, 0, 0
293396, 1, 0
293399, 2, 1
293402, 3, 0
293518, 0, 0
293521, 1, 1
293524, 2, 0
293527, 3, 1
293643, 0, 1
293646, 1, 0
293649, 2, 1
293652, 3, 0
293768, 0, 0
293771, 1, bit 1
293771, 1, 1
293774, 2, 0
293777, 3, 1
293893, 0, 1
293896, 1, 0
293899, 2, 1
293902, 3, 0
294018, 0, 1
294021, 1, 1
294024, 2, 0
294027, 3, 0
294144, 0, 0
294146, 1, 0
294149, 2, 1
294152, 3, 1
294269, 0, 1
294272, 1, 0
294274, 2, 1
294277, 3, 1
294394, 0, 0
294397, 1, 1
294400, 2, 0
294402, 3, 0
294519, 0, 0
294522, 1, 0
294525, 2, 0
294528, 3, 1
294644, 0, 1
294647, 1, 1
294650, 2, 1
294653, 3, 0
294769, 0, bit 1
294769, 0, 1
294772, 1, 0
294775, 2, 1
294778, 3, 1
294894, 0, 0
294897, 1, 1
294900, 2, 0
294903, 3, 0
295019, 0, 0
295022, 1, 0
295025, 2, bit 0
295025, 2, 1
295028, 3, bit 0
295028, 3, 0
295144, 0, 1
295147, 1, 1
295150, 2, 0
295153, 3, 1
295269, 0, 1
295272, 1, 0
295275, 2, 1
295278, 3, 0
295394, 0, 0
295397, 1, 1
295400, 2, 0
295403, 3, 1
295519, 0, 1
295522, 1, bit 1
295522, 1, 1
295525, 2, 1
295528, 3, 0
295644, 0, 0
295647, 1, 0
295650, 2, 0
295653, 3, 1
295769, 0, 0
295772, 1, 1
295775, 2, 1
295778, 3, 1
295894, 0, 1
295897, 1, 0
295900, 2, 0
295903, 3, 0
296019, 0, 0
296022, 1, 0
296025, 2, 0
296028, 3, 0
296144, 0, 1
296147, 1, 1
296150, 2, 1
296153, 3, 1
296269, 0, 1
296272, 1, 0
296275, 2, 1
296278, 3, 0
296394, 0, 0
296397, 1, 1
296400, 2, 0
296403, 3, 1
296519, 0, bit 0
296519, 0, 0
296522, 1, 0
296525, 2, 0
296528, 3, 0
296644, 0, 1
296647, 1, 1
296650, 2, 1
296653, 3, 1
296769, 0, 1
296772, 1, 0
296775, 2, bit 1
296775, 2, 0
296778, 3, bit 1
296779, 3, 1
296894, 0, 0
296897, 1, 1
296900, 2, 1
296903, 3, 0
297019, 0, 0
297022, 1, 0
297025, 2, 0
297028, 3, 1
297144, 0, 1
297147, 1, 1
297150, 2, 1
297153, 3, 0
297269, 0, 0
297272, 1, bit 1
297272, 1, 1
297275, 2, 0
297278, 3, 1
297394, 0, 1
297397, 1, 0
297400, 2, 1
297403, 3, 0
297519, 0, 1
297522, 1, 1
297525, 2, 0
297528, 3, 0
297644, 0, 0
297647, 1, 0
297650, 2, 1
297653, 3, 1
297769, 0, 1
297772, 1, 0
297775, 2, 1
297778, 3, 1
297894, 0, 0
297897, 1, 1
297900, 2, 0
297903, 3, 0
298019, 0, 0
298022, 1, 0
298025, 2, 0
298028, 3, 1
298144, 0, 1
298147, 1, 1
298150, 2, 1
298153, 3, 0
298269, 0, bit 0
298269, 0, 0
298272, 1, 0
298275, 2, 1
298278, 3, 1
298394, 0, 1
298397, 1, 1
298400, 2, 0
298403, 3, 0
298519, 0, 1
298522, 1, 0
298525, 2, bit 0
298525, 2, 1
298528, 3, bit 1
298528, 3, 1
298644, 0, 0
298647, 1, 1
298650, 2, 0
298653, 3, 0
298769, 0, 0
298772, 1, 0
298775, 2, 1
298778, 3, 1
298894, 0, 1
298897, 1, 1
298900, 2, 0
298903, 3, 0
299019, 0, 0
299022, 1, bit 0
299022, 1, 0
299025, 2, 1
299028, 3, 1
299144, 0, 1
299147, 1, 1
299150, 2, 0
299153, 3, 0
299269, 0, 1
299272, 1, 0
299275, 2, 1
299278, 3, 0
299394, 0, 0
299397, 1, 1
299400, 2, 0
299403, 3, 1
299520, 0, 1
299522, 1, 1
299525, 2, 0
299528, 3, 1
299645, 0, 0
299648, 1, 0
299650, 2, 1
299653, 3, 0
299770, 0, 0
299773, 1, 1
299776, 2, 1
299778, 3, 1
299895, 0, 1
299898, 1, 0
299901, 2, 0
299904, 3, 0
300020, 0, bit 0
300023, 0, 0
300023, 1, 1
300026, 2, 0
300029, 3, 1
300145, 0, 1
300148, 1, 0
300151, 2, 1
300154, 3, 0
300270, 0, 1
300273, 1, 1
300276, 2, bit 1
300276, 2, 0
300279, 3, bit 0
300279, 3, 0
300395, 0, 0
300398, 1, 0
300401, 2, 1
300404, 3, 1
300520, 0, 0
300523, 1, 1
300526, 2, 0
300529, 3, 0
300645, 0, 1
300648, 1, 0
300651, 2, 1
300654, 3, 1
300770, 0, 0
300773, 1, bit 1
300773, 1, 1
300776, 2, 0
300779, 3, 0
300895, 0, 1
300898, 1, 0
300901, 2, 1
300904, 3, 1
301020, 0, 1
301023, 1, 1
301026, 2, 0
301029, 3, 1
301145, 0, 0
301148, 1, 0
301151, 2, 1
301154, 3, 0
301270, 0, 1
301273, 1, 0
301276, 2, 1
301279, 3, 0
301395, 0, 0
301398, 1, 1
301401, 2, 0
301404, 3, 1
301520, 0, 0
301523, 1, 0
301526, 2, 0
301529, 3, 0
301645, 0, 1
301648, 1, 1
301651, 2, 1
301654, 3, 1
301770, 0, bit 1
301770, 0, 1
301773, 1, 0
301776, 2, 1
301779, 3, 0
301895, 0, 0
301898, 1, 1
301901, 2, 0
301904, 3, 1
302020, 0, 0
302023, 1, 0
302026, 2, bit 0
302026, 2, 1
302029, 3, bit 1
302030, 3, 1
302145, 0, 1
302148, 1, 1
302151, 2, 0
302154, 3, 0
302270, 0, 1
302273, 1, 0
302276, 2, 1
302279, 3, 1
302395, 0, 0
302398, 1, 1
302401, 2, 0
302404, 3, 0
302520, 0, 1
302523, 1, bit 0
302523, 1, 0
302526, 2, 1
302529, 3, 1
302645, 0, 0
302648, 1, 1
302651, 2, 0
302654, 3, 0
302770, 0, 0
302773, 1, 0
302776, 2, 1
302779, 3, 0
302895, 0, 1
302898, 1, 1
302901, 2, 0
302904, 3, 1
303020, 0, 0
303023, 1, 1
303026, 2, 0
303029, 3, 1
303145, 0, 1
303149, 1, 0
303151, 2, 1
303154, 3, 0
303270, 0, 1
303275, 1, 1
303276, 2, 1
303279, 3, 1
303395, 0, 0
303400, 1, 0
303401, 2, 0
303404, 3, 0
303520, 0, bit 1
303520, 0, 1
303525, 1, 1
303526, 2, 0
303529, 3, 1
303645, 0, 0
303650, 1, 0
303651, 2, 1
303654, 3, 0
303770, 0, 0
303775, 1, 1
303776, 2, bit 1
303776, 2, 0
303779, 3, bit 0
303779, 3, 0
303895, 0, 1
303900, 1, 0
303901, 2, 1
303904, 3, 1
304020, 0, 1
304025, 1, 1
304026, 2, 0
304029, 3, 0
304145, 0, 0
304150, 1, 0
304153, 2, 1
304154, 3, 1
304270, 0, 1
304275, 1, bit 1
304275, 1, 1
304278, 2, 0
304279, 3, 0
304395, 0, 0
304400, 1, 0
304403, 2, 1
304404, 3, 1
304520, 0, 0
304525, 1, 1
304528, 2, 0
304529, 3, 1
304645, 0, 1
304650, 1, 0
304653, 2, 1
304654, 3, 0
304770, 0, 0
304775, 1, 0
304778, 2, 1
304779, 3, 0
304896, 0, 1
304900, 1, 1
304903, 2, 0
304904, 3, 1
305021, 0, 1
305025, 1, 0
305028, 2, 0
305029, 3, 0
305146, 0, 0
305150, 1, 1
305153, 2, 1
305154, 3, 1
305271, 0, bit 0
305274, 0, 0
305275, 1, 0
305278, 2, 1
305280, 3, 0
305396, 0, 1
305400, 1, 1
305403, 2, 0
305405, 3, 1
305521, 0, 1
305525, 1, 0
305528, 2, bit 1
305528, 2, 0
305530, 3, bit 1
305530, 3, 1
305646, 0, 0
305650, 1, 1
305653, 2, 1
305655, 3, 0
305771, 0, 0
305775, 1, 0
305778, 2, 0
305780, 3, 1
305896, 0, 1
305900, 1, 1
305903, 2, 1
305905, 3, 0
306021, 0, 0
306025, 1, bit 1
306025, 1, 1
306028, 2, 0
306030, 3, 1
306146, 0, 1
306150, 1, 0
306153, 2, 1
306155, 3, 0
306271, 0, 1
306275, 1, 1
306278, 2, 0
306280, 3, 0
306396, 0, 0
306400, 1, 0
306403, 2, 1
306405, 3, 1
306521, 0, 1
306525, 1, 0
306528, 2, 1
306530, 3, 1
306646, 0, 0
306650, 1, 1
306653, 2, 0
306655, 3, 0
306771, 0, 0
306775, 1, 0
306778, 2, 0
306780, 3, 1
306896, 0, 1
306900, 1, 1
306903, 2, 1
306905, 3, 0
307021, 0, bit 0
307021, 0, 0
307025, 1, 0
307028, 2, 1
307030, 3, 1
307146, 0, 1
307150, 1, 1
307153, 2, 0
307155, 3, 0
307271, 0, 1
307275, 1, 0
307278, 2, bit 0
307281, 2, 1
307281, 3, bit 1
307282, 3, 1
307396, 0, 0
307400, 1, 1
307403, 2, 0
307406, 3, 0
307521, 0, 0
307525, 1, 0
307528, 2, 1
307531, 3, 1
307646, 0, 1
307650, 1, 1
307653, 2, 0
307656, 3, 0
307771, 0, 0
307775, 1, bit 0
307775, 1, 0
307778, 2, 1
307781, 3, 1
307896, 0, 1
307900, 1, 1
307903, 2, 0
307906, 3, 0
308021, 0, 1
308025, 1, 0
308028, 2, 1
308031, 3, 0
308146, 0, 0
308150, 1, 1
308153, 2, 0
308156, 3, 1
308271, 0, 1
308275, 1, 1
308278, 2, 0
308281, 3, 1
308396, 0, 0
308400, 1, 0
308403, 2, 1
308406, 3, 0
308521, 0, 0
308525, 1, 1
308528, 2, 1
308531, 3, 1
308646, 0, 1
308651, 1, 0
308653, 2, 0
308656, 3, 0
308771, 0, bit 0
308771, 0, 0
308776, 1, 1
308779, 2, 0
308781, 3, 1
308896, 0, 1
308901, 1, 0
308904, 2, 1
308907, 3, 0
309021, 0, 1
309026, 1, 1
309029, 2, bit 0
309029, 2, 1
309032, 3, bit 0
309032, 3, 0
309146, 0, 0
309151, 1, 0
309154, 2, 0
309157, 3, 1
309271, 0, 0
309276, 1, 1
309279, 2, 1
309282, 3, 0
309396, 0, 1
309401, 1, 0
309404, 2, 0
309407, 3, 1
309521, 0, 0
309526, 1, bit 0
309526, 1, 0
309529, 2, 1
309532, 3, 0
309646, 0, 1
309651, 1, 1
309654, 2, 0
309657, 3, 1
309771, 0, 1
309776, 1, 0
309779, 2, 1
309782, 3, 1
309896, 0, 0
309901, 1, 1
309904, 2, 0
309907, 3, 0
310021, 0, 1
310026, 1, 1
310029, 2, 0
310032, 3, 0
310146, 0, 0
310151, 1, 0
310154, 2, 1
310157, 3, 1
310272, 0, 0
310276, 1, 1
310279, 2, 1
310282, 3, 0
310397, 0, 1
310401, 1, 0
310404, 2, 0
310407, 3, 1
310522, 0, bit 0
310522, 0, 0
310526, 1, 1
310529, 2, 0
310532, 3, 0
310647, 0, 1
310651, 1, 0
310654, 2, 1
310657, 3, 1
310772, 0, 1
310776, 1, 1
310779, 2, bit 1
310779, 2, 0
310782, 3, bit 1
310782, 3, 1
310897, 0, 0
310901, 1, 0
310904, 2, 1
310907, 3, 0
311022, 0, 0
311026, 1, 1
311029, 2, 0
311032, 3, 1
311147, 0, 1
311151, 1, 0
311154, 2, 1
311157, 3, 0
311272, 0, 0
311276, 1, bit 0
311276, 1, 0
311279, 2, 0
311282, 3, 1
311397, 0, 1
311401, 1, 1
311404, 2, 1
311407, 3, 0
311522, 0, 1
311526, 1, 0
311529, 2, 0
311532, 3, 0
311647, 0, 0
311651, 1, 1
311654, 2, 1
311657, 3, 1
311772, 0, 1
311776, 1, 1
311779, 2, 1
311782, 3, 1
311897, 0, 0
311901, 1, 0
311904, 2, 0
311907, 3, 0
312022, 0, 0
312026, 1, 1
312029, 2, 0
312032, 3, 1
312147, 0, 1
312151, 1, 0
312154, 2, 1
312157, 3, 0
312272, 0, bit 1
312272, 0, 1
312276, 1, 1
312279, 2, 1
312282, 3, 1
312397, 0, 0
312401, 1, 0
312404, 2, 0
312407, 3, 0
312522, 0, 0
312526, 1, 1
312529, 2, bit 0
312532, 2, 1
312532, 3, bit 1
312534, 3, 1
312647, 0, 1
312651, 1, 0
312654, 2, 0
312657, 3, 0
312772, 0, 1
312776, 1, 1
312779, 2, 1
312782, 3, 1
312897, 0, 0
312901, 1, 0
312904, 2, 0
312907, 3, 0
313022, 0, 1
313026, 1, bit 1
313026, 1, 1
313029, 2, 1
313032, 3, 1
313147, 0, 0
313151, 1, 0
313154, 2, 0
313157, 3, 0
313272, 0, 0
313276, 1, 1
313279, 2, 1
313282, 3, 0
313397, 0, 1
313401, 1, 0
313404, 2, 0
313407, 3, 1
313522, 0, 0
313526, 1, 0
313529, 2, 0
313532, 3, 1
313647, 0, 1
313651, 1, 1
313654, 2, 1
313657, 3, 0
313772, 0, 1
313776, 1, 0
313779, 2, 1
313782, 3, 1
313897, 0, 0
313901, 1, 1
313904, 2, 0
313907, 3, 0
314022, 0, bit 0
314022, 0, 0
314027, 1, 0
314029, 2, 0
314032, 3, 1
314147, 0, 1
314152, 1, 1
314155, 2, 1
314157, 3, 0
314272, 0, 1
314277, 1, 0
314280, 2, bit 0
314280, 2, 1
314283, 3, bit 1
314283, 3, 1
314397, 0, 0
314402, 1, 1
314405, 2, 0
314408, 3, 0
314522, 0, 0
314527, 1, 0
314530, 2, 1
314533, 3, 1
314647, 0, 1
314652, 1, 1
314655, 2, 0
314658, 3, 0
314772, 0, 0
314777, 1, bit 0
314777, 1, 0
314780, 2, 1
314783, 3, 1
314897, 0, 1
314902, 1, 1
314905, 2, 0
314908, 3, 0
315022, 0, 1
315027, 1, 0
315030, 2, 1
315033, 3, 0
315147, 0, 0
315152, 1, 1
315155, 2, 0
315158, 3, 1
315272, 0, 1
315277, 1, 1
315280, 2, 0
315283, 3, 1
315397, 0, 0
315402, 1, 0
315405, 2, 1
315408, 3, 0
315522, 0, 0
315527, 1, 1
315530, 2, 1
315533, 3, 1
315648, 0, 1
315652, 1, 0
315655, 2, 0
315658, 3, 0
315773, 0, bit 0
315773, 0, 0
315777, 1, 1
315780, 2, 0
315783, 3, 1
315898, 0, 1
315902, 1, 0
315905, 2, 1
315908, 3, 0
316023, 0, 1
316027, 1, 1
316030, 2, bit 1
316030, 2, 0
316033, 3, bit 0
316033, 3, 0
316148, 0, 0
316152, 1, 0
316155, 2, 1
316158, 3, 1
316273, 0, 0
316277, 1, 1
316280, 2, 0
316283, 3, 0
316398, 0, 1
316402, 1, 0
316405, 2, 1
316408, 3, 1
316523, 0, 0
316527, 1, bit 0
316527, 1, 0
316530, 2, 0
316533, 3, 0
316648, 0, 1
316652, 1, 1
316655, 2, 1
316658, 3, 1
316773, 0, 1
316777, 1, 0
316780, 2, 0
316783, 3, 1
316898, 0, 0
316902, 1, 1
316905, 2, 1
316908, 3, 0
317023, 0, 1
317027, 1, 1
317030, 2, 1
317033, 3, 0
317148, 0, 0
317152, 1, 0
317155, 2, 0
317158, 3, 1
317273, 0, 0
317277, 1, 1
317280, 2, 0
317283, 3, 0
317398, 0, 1
317402, 1, 0
317405, 2, 1
317408, 3, 1
317523, 0, bit 0
317523, 0, 0
317527, 1, 1
317530, 2, 1
317533, 3, 0
317648, 0, 1
317652, 1, 0
317655, 2, 0
317658, 3, 1
317773, 0, 1
317777, 1, 1
317780, 2, bit 0
317780, 2, 1
317783, 3, bit 1
317783, 3, 1
317898, 0, 0
317902, 1, 0
317905, 2, 0
317908, 3, 0
318023, 0, 0
318027, 1, 1
318030, 2, 1
318033, 3, 1
318148, 0, 1
318152, 1, 0
318155, 2, 0
318158, 3, 0
318273, 0, 0
318277, 1, bit 1
318277, 1, 1
318280, 2, 1
318283, 3, 1
318398, 0, 1
318402, 1, 0
318405, 2, 0
318408, 3, 0
318523, 0, 1
318527, 1, 1
318530, 2, 1
318533, 3, 0
318648, 0, 0
318652, 1, 0
318655, 2, 0
318658, 3, 1
318773, 0, 1
318777, 1, 0
318780, 2, 0
318783, 3, 1
318898, 0, 0
318902, 1, 1
318905, 2, 1
318908, 3, 0
319023, 0, 0
319027, 1, 0
319030, 2, 1
319033, 3, 1
319148, 0, 1
319152, 1, 1
319155, 2, 0
319158, 3, 0
319273, 0, bit 1
319273, 0, 1
319277, 1, 0
319280, 2, 0
319283, 3, 1
319398, 0, 0
319403, 1, 1
319405, 2, 1
319408, 3, 0
319523, 0, 0
319528, 1, 0
319531, 2, bit 0
319531, 2, 1
319533, 3, bit 1
319533, 3, 1
319648, 0, 1
319653, 1, 1
319656, 2, 0
319659, 3, 0
319773, 0, 1
319778, 1, 0
319781, 2, 1
319784, 3, 1
319898, 0, 0
319903, 1, 1
319906, 2, 0
319909, 3, 0
320023, 0, 1
320028, 1, bit 0
320028, 1, 0
320031, 2, 1
320034, 3, 1
320148, 0, 0
320153, 1, 1
320156, 2, 0
320159, 3, 0
320273, 0, 0
320278, 1, 0
320281, 2, 1
320284, 3, 0
320398, 0, 1
320403, 1, 1
320406, 2, 0
320409, 3, 1
320523, 0, 0
320528, 1, 1
320531, 2, 0
320534, 3, 1
320648, 0, 1
320653, 1, 0
320656, 2, 1
320659, 3, 0
320773, 0, 1
320778, 1, 1
320781, 2, 1
320784, 3, 1
320898, 0, 0
320903, 1, 0
320906, 2, 0
320909, 3, 0
321024, 0, bit 0
321024, 0, 0
321028, 1, 1
321031, 2, 0
321034, 3, 1
321149, 0, 1
321153, 1, 0
321156, 2, 1
321159, 3, 0
321274, 0, 1
321278, 1, 1
321281, 2, bit 1
321281, 2, 0
321284, 3, bit 0
321284, 3, 0
321399, 0, 0
321403, 1, 0
321406, 2, 1
321409, 3, 1
321524, 0, 0
321528, 1, 1
321531, 2, 0
321534, 3, 0
321649, 0, 1
321653, 1, 0
321656, 2, 1
321659, 3, 1
321774, 0, 0
321778, 1, bit 0
321778, 1, 0
321781, 2, 0
321784, 3, 0
321899, 0, 1
321903, 1, 1
321906, 2, 1
321909, 3, 1
322024, 0, 1
322028, 1, 0
322031, 2, 0
322034, 3, 1
322149, 0, 0
322153, 1, 1
322156, 2, 1
322159, 3, 0
322274, 0, 1
322278, 1, 1
322281, 2, 1
322284, 3, 0
322399, 0, 0
322403, 1, 0
322406, 2, 0
322409, 3, 1
322524, 0, 0
322528, 1, 1
322531, 2, 0
322534, 3, 0
322649, 0, 1
322653, 1, 0
322656, 2, 1
322659, 3, 1
322774, 0, bit 1
322774, 0, 1
322778, 1, 1
322781, 2, 1
322784, 3, 0
322899, 0, 0
322903, 1, 0
322906, 2, 0
322909, 3, 1
323024, 0, 0
323028, 1, 1
323032, 2, bit 0
323032, 2, 1
323034, 3, bit 0
323034, 3, 0
323149, 0, 1
323153, 1, 0
323158, 2, 0
323159, 3, 1
323274, 0, 1
323278, 1, 1
323283, 2, 1
323284, 3, 0
323399, 0, 0
323403, 1, 0
323408, 2, 0
323409, 3, 1
323524, 0, 1
323528, 1, bit 0
323528, 1, 0
323533, 2, 1
323534, 3, 0
323649, 0, 0
323653, 1, 1
323658, 2, 0
323659, 3, 1
323774, 0, 0
323778, 1, 0
323783, 2, 1
323784, 3, 1
323899, 0, 1
323903, 1, 1
323908, 2, 0
323909, 3, 0
324024, 0, 0
324028, 1, 1
324033, 2, 0
324036, 3, 0
324149, 0, 1
324153, 1, 0
324158, 2, 1
324161, 3, 1
324274, 0, 1
324278, 1, 1
324283, 2, 1
324286, 3, 0
324399, 0, 0
324403, 1, 0
324408, 2, 0
324411, 3, 1
324524, 0, bit 0
324524, 0, 0
324528, 1, 1
324533, 2, 0
324536, 3, 0
324649, 0, 1
324653, 1, 0
324658, 2, 1
324661, 3, 1
324774, 0, 1
324779, 1, 1
324783, 2, bit 0
324783, 2, 1
324786, 3, bit 0
324786, 3, 0
324899, 0, 0
324904, 1, 0
324908, 2, 0
324911, 3, 1
325024, 0, 0
325029, 1, 1
325033, 2, 1
325037, 3, 0
325149, 0, 1
325154, 1, 0
325158, 2, 0
325163, 3, 1
325274, 0, 0
325279, 1, bit 1
325279, 1, 1
325283, 2, 1
325288, 3, 0
325399, 0, 1
325404, 1, 0
325408, 2, 0
325413, 3, 1
325524, 0, 1
325529, 1, 1
325533, 2, 1
325538, 3, 1
325649, 0, 0
325654, 1, 0
325658, 2, 0
325663, 3, 0
325774, 0, 1
325779, 1, 0
325783, 2, 0
325788, 3, 0
325899, 0, 0
325904, 1, 1
325908, 2, 1
325913, 3, 1
326024, 0, 0
326029, 1, 0
326033, 2, 1
326038, 3, 0
326149, 0, 1
326154, 1, 1
326158, 2, 0
326163, 3, 1
326274, 0, bit 1
326274, 0, 1
326279, 1, 0
326283, 2, 0
326288, 3, 0
326400, 0, 0
326404, 1, 1
326408, 2, 1
326413, 3, 1
326525, 0, 0
326529, 1, 0
326533, 2, bit 1
326533, 2, 0
326538, 3, bit 0
326538, 3, 0
326650, 0, 1
326654, 1, 1
326658, 2, 1
326663, 3, 1
326775, 0, 1
326779, 1, 0
326784, 2, 0
326788, 3, 0
326900, 0, 0
326904, 1, 1
326909, 2, 1
326913, 3, 1
327025, 0, 1
327029, 1, bit 1
327029, 1, 1
327034, 2, 0
327038, 3, 0
327150, 0, 0
327154, 1, 0
327159, 2, 1
327163, 3, 1
327275, 0, 0
327279, 1, 1
327284, 2, 0
327288, 3, 1
327400, 0, 1
327404, 1, 0
327409, 2, 1
327413, 3, 0
327525, 0, 0
327529, 1, 0
327534, 2, 1
327538, 3, 0
327650, 0, 1
327654, 1, 1
327659, 2, 0
327663, 3, 1
327775, 0, 1
327779, 1, 0
327784, 2, 0
327788, 3, 0
327900, 0, 0
327904, 1, 1
327909, 2, 1
327913, 3, 1
328025, 0, bit 0
328025, 0, 0
328029, 1, 0
328034, 2, 1
328038, 3, 0
328150, 0, 1
328154, 1, 1
328159, 2, 0
328163, 3, 1
328275, 0, 1
328279, 1, 0
328284, 2, bit 1
328284, 2, 0
328288, 3, bit 1
328288, 3, 1
328400, 0, 0
328404, 1, 1
328409, 2, 1
328413, 3, 0
328525, 0, 0
328529, 1, 0
328534, 2, 0
328538, 3, 1
328650, 0, 1
328654, 1, 1
328659, 2, 1
328663, 3, 0
328775, 0, 0
328779, 1, bit 1
328779, 1, 1
328784, 2, 0
328788, 3, 1
328900, 0, 1
328904, 1, 0
328909, 2, 1
328913, 3, 0
329025, 0, 1
329029, 1, 1
329034, 2, 0
329038, 3, 0
329150, 0, 0
329154, 1, 0
329159, 2, 1
329163, 3, 1
329275, 0, 1
329279, 1, 0
329284, 2, 1
329288, 3, 1
329400, 0, 0
329404, 1, 1
329409, 2, 0
329413, 3, 0
329525, 0, 0
329529, 1, 0
329534, 2, 0
329538, 3, 1
329650, 0, 1
329654, 1, 1
329659, 2, 1
329663, 3, 0
329775, 0, bit 1
329775, 0, 1
329779, 1, 0
329784, 2, 1
329788, 3, 1
329900, 0, 0
329904, 1, 1
329909, 2, 0
329913, 3, 0
330025, 0, 0
330029, 1, 0
330034, 2, bit 0
330034, 2, 1
330038, 3, bit 1
330038, 3, 1
330150, 0, 1
330155, 1, 1
330159, 2, 0
330163, 3, 0
330275, 0, 1
330280, 1, 0
330284, 2, 1
330288, 3, 1
330400, 0, 0
330405, 1, 1
330409, 2, 0
330413, 3, 0
330525, 0, 1
330530, 1, bit 1
330530, 1, 1
330534, 2, 1
330539, 3, 1
330650, 0, 0
330655, 1, 0
330659, 2, 0
330664, 3, 0
330775, 0, 0
330780, 1, 1
330784, 2, 1
330789, 3, 0
330900, 0, 1
330905, 1, 0
330909, 2, 0
330914, 3, 1
331025, 0, 0
331030, 1, 0
331034, 2, 0
331039, 3, 1
331150, 0, 1
331155, 1, 1
331159, 2, 1
331164, 3, 0
331275, 0, 1
331280, 1, 0
331284, 2, 1
331289, 3, 1
331400, 0, 0
331405, 1, 1
331409, 2, 0
331414, 3, 0
331525, 0, bit 1
331525, 0, 1
331530, 1, 0
331534, 2, 0
331539, 3, 1
331650, 0, 0
331655, 1, 1
331659, 2, 1
331664, 3, 0
331776, 0, 0
331780, 1, 0
331784, 2, bit 1
331784, 2, 0
331789, 3, bit 0
331789, 3, 0
331901, 0, 1
331905, 1, 1
331909, 2, 1
331914, 3, 1
332026, 0, 1
332030, 1, 0
332034, 2, 0
332039, 3, 0
332151, 0, 0
332155, 1, 1
332160, 2, 1
332164, 3, 1
332276, 0, 1
332280, 1, bit 0
332280, 1, 0
332285, 2, 0
332289, 3, 0
332401, 0, 0
332405, 1, 1
332410, 2, 1
332414, 3, 1
332526, 0, 0
332530, 1, 0
332535, 2, 0
332539, 3, 1
332651, 0, 1
332655, 1, 1
332660, 2, 1
332664, 3, 0
332776, 0, 0
332780, 1, 1
332785, 2, 1
332789, 3, 0
332901, 0, 1
332905, 1, 0
332910, 2, 0
332914, 3, 1
333026, 0, 1
333030, 1, 1
333035, 2, 0
333039, 3, 0
333151, 0, 0
333155, 1, 0
333160, 2, 1
333164, 3, 1
333276, 0, bit 1
333276, 0, 1
333280, 1, 1
333285, 2, 1
333289, 3, 0
333401, 0, 0
333405, 1, 0
333410, 2, 0
333414, 3, 1
333526, 0, 0
333530, 1, 1
333535, 2, bit 0
333535, 2, 1
333539, 3, bit 0
333539, 3, 0
333651, 0, 1
333655, 1, 0
333660, 2, 0
333664, 3, 1
333776, 0, 1
333780, 1, 1
333785, 2, 1
333789, 3, 0
333901, 0, 0
333905, 1, 0
333910, 2, 0
333914, 3, 1
334026, 0, 1
334030, 1, bit 0
334030, 1, 0
334035, 2, 1
334039, 3, 0
334151, 0, 0
334155, 1, 1
334160, 2, 0
334164, 3, 1
334276, 0, 0
334280, 1, 0
334285, 2, 1
334289, 3, 1
334401, 0, 1
334405, 1, 1
334410, 2, 0
334414, 3, 0
334526, 0, 0
334530, 1, 1
334535, 2, 0
334539, 3, 0
334651, 0, 1
334655, 1, 0
334660, 2, 1
334664, 3, 1
334776, 0, 1
334780, 1, 1
334785, 2, 1
334789, 3, 0
334901, 0, 0
334905, 1, 0
334910, 2, 0
334914, 3, 1
335026, 0, bit 1
335026, 0, 1
335030, 1, 1
335035, 2, 0
335039, 3, 0
335151, 0, 0
335155, 1, 0
335160, 2, 1
335164, 3, 1
335276, 0, 0
335280, 1, 1
335285, 2, bit 1
335285, 2, 0
335289, 3, bit 0
335289, 3, 0
335401, 0, 1
335405, 1, 0
335410, 2, 1
335414, 3, 1
335526, 0, 1
335531, 1, 1
335535, 2, 0
335539, 3, 0
335651, 0, 0
335656, 1, 0
335660, 2, 1
335664, 3, 1
335776, 0, 1
335781, 1, bit 1
335781, 1, 1
335785, 2, 0
335789, 3, 0
335901, 0, 0
335906, 1, 0
335910, 2, 1
335915, 3, 1
336026, 0, 0
336031, 1, 1
336035, 2, 0
336040, 3, 1
336151, 0, 1
336156, 1, 0
336160, 2, 1
336165, 3, 0
336276, 0, 0
336281, 1, 0
336285, 2, 1
336290, 3, 0
336401, 0, 1
336406, 1, 1
336410, 2, 0
336415, 3, 1
336526, 0, 1
336531, 1, 0
336535, 2, 0
336540, 3, 0
336651, 0, 0
336656, 1, 1
336660, 2, 1
336665, 3, 1
336776, 0, bit 1
336776, 0, 1
336781, 1, 0
336785, 2, 1
336790, 3, 0
336901, 0, 0
336906, 1, 1
336910, 2, 0
336915, 3, 1
337026, 0, 0
337031, 1, 0
337035, 2, bit 1
337035, 2, 0
337040, 3, bit 1
337040, 3, 1
337152, 0, 1
337156, 1, 1
337160, 2, 1
337165, 3, 0
337277, 0, 1
337281, 1, 0
337285, 2, 0
337290, 3, 1
337402, 0, 0
337406, 1, 1
337410, 2, 1
337415, 3, 0
337527, 0, 1
337531, 1, bit 1
337531, 1, 1
337536, 2, 0
337540, 3, 1
337652, 0, 0
337656, 1, 0
337661, 2, 1
337665, 3, 0
337777, 0, 0
337781, 1, 1
337786, 2, 0
337790, 3, 0
337902, 0, 1
337906, 1, 0
337911, 2, 1
337915, 3, 1
338027, 0, 0
338031, 1, 0
338036, 2, 1
338040, 3, 1
338152, 0, 1
338156, 1, 1
338161, 2, 0
338165, 3, 0
338277, 0, 1
338281, 1, 0
338286, 2, 0
338290, 3, 1
338402, 0, 0
338406, 1, 1
338411, 2, 1
338415, 3, 0
338527, 0, bit 0
338527, 0, 0
338531, 1, 0
338536, 2, 1
338540, 3, 1
338652, 0, 1
338656, 1, 1
338661, 2, 0
338665, 3, 0
338777, 0, 1
338781, 1, 0
338786, 2, bit 1
338786, 2, 0
338790, 3, bit 0
338790, 3, 0
338902, 0, 0
338906, 1, 1
338911, 2, 1
338915, 3, 1
339027, 0, 0
339031, 1, 0
339036, 2, 0
339040, 3, 0
339152, 0, 1
339156, 1, 1
339161, 2, 1
339165, 3, 1
339277, 0, 0
339281, 1, bit 1
339281, 1, 1
339286, 2, 0
339290, 3, 0
339402, 0, 1
339406, 1, 0
339411, 2, 1
339415, 3, 1
339527, 0, 1
339531, 1, 1
339536, 2, 0
339540, 3, 1
339652, 0, 0
339656, 1, 0
339661, 2, 1
339665, 3, 0
339777, 0, 1
339787, 1, 0
339788, 2, 1
339790, 3, 0
339902, 0, 0
339912, 1, 1
339913, 2, 0
339915, 3, 1
340027, 0, 0
340037, 1, 0
340038, 2, 0
340040, 3, 0
340152, 0, 1
340162, 1, 1
340163, 2, 1
340165, 3, 1
340277, 0, bit 0
340277, 0, 0
340287, 1, 0
340288, 2, 1
340290, 3, 0
340402, 0, 1
340412, 1, 1
340413, 2, 0
340415, 3, 1
340527, 0, 1
340537, 1, 0
340538, 2, bit 0
340538, 2, 1
340540, 3, bit 1
340540, 3, 1
340652, 0, 0
340662, 1, 1
340663, 2, 0
340665, 3, 0
340777, 0, 0
340787, 1, 0
340790, 2, 1
340790, 3, 1
340902, 0, 1
340912, 1, 1
340915, 3, 0
340915, 2, 0
341027, 0, 0
341037, 1, bit 1
341037, 1, 1
341040, 3, 1
341040, 2, 1
341152, 0, 1
341163, 1, 0
341165, 2, 0
341165, 3, 0
341277, 0, 1
341288, 1, 1
341291, 2, 1
341291, 3, 0
341402, 0, 0
341413, 1, 0
341416, 2, 0
341416, 3, 1
341527, 0, 1
341538, 1, 0
341541, 2, 0
341541, 3, 1
341652, 0, 0
341663, 1, 1
341666, 2, 1
341666, 3, 0
341777, 0, 0
341788, 1, 0
341791, 2, 1
341791, 3, 1
341902, 0, 1
341913, 1, 1
341916, 2, 0
341916, 3, 0
342027, 0, bit 1
342027, 0, 1
342038, 1, 0
342041, 2, 0
342041, 3, 1
342152, 0, 0
342163, 1, 1
342166, 2, 1
342166, 3, 0
342277, 0, 0
342288, 1, 0
342291, 2, bit 0
342291, 2, 1
342292, 3, bit 0
342292, 3, 0
342402, 0, 1
342413, 1, 1
342416, 2, 0
342417, 3, 1
342528, 0, 1
342538, 1, 0
342541, 2, 1
342542, 3, 0
342653, 0, 0
342663, 1, 1
342666, 2, 0
342667, 3, 1
342778, 0, 1
342788, 1, bit 1
342788, 1, 1
342791, 2, 1
342792, 3, 0
342903, 0, 0
342913, 1, 0
342916, 2, 0
342917, 3, 1
343028, 0, 0
343038, 1, 1
343041, 2, 1
343042, 3, 1
343153, 0, 1
343163, 1, 0
343166, 2, 0
343168, 3, 0
343278, 0, 0
343288, 1, 0
343291, 2, 0
343293, 3, 0
343403, 0, 1
343413, 1, 1
343416, 2, 1
343418, 3, 1
343528, 0, 1
343538, 1, 0
343541, 2, 1
343543, 3, 0
343653, 0, 0
343663, 1, 1
343666, 2, 0
343668, 3, 1
343778, 0, bit 1
343778, 0, 1
343788, 1, 0
343791, 2, 0
343793, 3, 0
343903, 0, 0
343913, 1, 1
343916, 2, 1
343918, 3, 1
344028, 0, 0
344038, 1, 0
344041, 2, bit 0
344041, 2, 1
344043, 3, bit 1
344043, 3, 1
344153, 0, 1
344163, 1, 1
344166, 2, 0
344168, 3, 0
344278, 0, 1
344288, 1, 0
344291, 2, 1
344293, 3, 1
344403, 0, 0
344413, 1, 1
344416, 2, 0
344418, 3, 0
344528, 0, 1
344538, 1, bit 1
344538, 1, 1
344541, 2, 1
344543, 3, 1
344653, 0, 0
344663, 1, 0
344666, 2, 0
344668, 3, 0
344778, 0, 0
344788, 1, 1
344791, 2, 1
344793, 3, 0
344903, 0, 1
344913, 1, 0
344916, 2, 0
344918, 3, 1
345028, 0, 0
345038, 1, 0
345041, 2, 0
345043, 3, 1
345153, 0, 1
345163, 1, 1
345166, 2, 1
345168, 3, 0
345278, 0, 1
345288, 1, 0
345291, 2, 1
345293, 3, 1
345403, 0, 0
345413, 1, 1
345416, 2, 0
345418, 3, 0
345528, 0, bit 1
345528, 0, 1
345538, 1, 0
345541, 2, 0
345543, 3, 1
345653, 0, 0
345663, 1, 1
345666, 2, 1
345668, 3, 0
345778, 0, 0
345788, 1, 0
345791, 2, bit 0
345791, 2, 1
345793, 3, bit 1
345793, 3, 1
345903, 0, 1
345913, 1, 1
345916, 2, 0
345918, 3, 0
346028, 0, 1
346038, 1, 0
346041, 2, 1
346043, 3, 1
346153, 0, 0
346163, 1, 1
346166, 2, 0
346168, 3, 0
346278, 0, 1
346288, 1, bit 1
346288, 1, 1
346291, 2, 1
346293, 3, 1
346403, 0, 0
346413, 1, 0
346416, 2, 0
346418, 3, 0
346528, 0, 0
346539, 1, 1
346541, 2, 1
346543, 3, 0
346653, 0, 1
346664, 1, 0
346667, 2, 0
346668, 3, 1
346778, 0, 0
346789, 1, 0
346792, 2, 0
346793, 3, 1
346903, 0, 1
346914, 1, 1
346917, 2, 1
346918, 3, 0
347028, 0, 1
347039, 1, 0
347042, 2, 1
347043, 3, 1
347153, 0, 0
347164, 1, 1
347167, 2, 0
347168, 3, 0
347278, 0, bit 0
347278, 0, 0
347289, 1, 0
347292, 2, 0
347293, 3, 1
347403, 0, 1
347414, 1, 1
347417, 2, 1
347418, 3, 0
347528, 0, 1
347539, 1, 0
347542, 2, bit 0
347542, 2, 1
347543, 3, bit 0
347543, 3, 0
347653, 0, 0
347664, 1, 1
347667, 2, 0
347668, 3, 1
347778, 0, 0
347789, 1, 0
347792, 2, 1
347793, 3, 0
347904, 0, 1
347914, 1, 1
347917, 2, 0
347918, 3, 1
348029, 0, 0
348039, 1, bit 0
348039, 1, 0
348042, 2, 1
348043, 3, 0
348154, 0, 1
348164, 1, 1
348167, 2, 0
348168, 3, 1
348279, 0, 1
348289, 1, 0
348292, 2, 1
348293, 3, 1
348404, 0, 0
348414, 1, 1
348417, 2, 0
348418, 3, 0
348529, 0, 1
348539, 1, 1
348542, 2, 0
348544, 3, 0
348654, 0, 0
348664, 1, 0
348667, 2, 1
348669, 3, 1
348779, 0, 0
348789, 1, 1
348792, 2, 1
348794, 3, 0
348904, 0, 1
348914, 1, 0
348917, 2, 0
348919, 3, 1
349029, 0, bit 1
349029, 0, 1
349039, 1, 1
349042, 2, 0
349044, 3, 0
349154, 0, 0
349164, 1, 0
349167, 2, 1
349170, 3, 1
349279, 0, 0
349289, 1, 1
349292, 2, bit 1
349292, 2, 0
349295, 3, bit 0
349295, 3, 0
349404, 0, 1
349414, 1, 0
349417, 2, 1
349420, 3, 1
349529, 0, 1
349539, 1, 1
349542, 2, 0
349545, 3, 0
349654, 0, 0
349664, 1, 0
349667, 2, 1
349670, 3, 1
349779, 0, 1
349789, 1, bit 1
349789, 1, 1
349792, 2, 0
349795, 3, 0
349904, 0, 0
349914, 1, 0
349917, 2, 1
349920, 3, 1
350029, 0, 0
350039, 1, 1
350042, 2, 0
350045, 3, 1
350154, 0, 1
350164, 1, 0
350167, 2, 1
350170, 3, 0
350279, 0, 0
350289, 1, 0
350292, 2, 1
350295, 3, 0
350404, 0, 1
350414, 1, 1
350417, 2, 0
350420, 3, 1
350529, 0, 1
350539, 1, 0
350542, 2, 0
350545, 3, 0
350654, 0, 0
350664, 1, 1
350667, 2, 1
350670, 3, 1
350779, 0, bit 0
350779, 0, 0
350789, 1, 0
350792, 2, 1
350795, 3, 0
350904, 0, 1
350914, 1, 1
350917, 2, 0
350920, 3, 1
351029, 0, 1
351039, 1, 0
351042, 2, bit 0
351042, 2, 1
351045, 3, bit 1
351045, 3, 1
351154, 0, 0
351164, 1, 1
351167, 2, 0
351170, 3, 0
351279, 0, 0
351289, 1, 0
351292, 2, 1
351295, 3, 1
351404, 0, 1
351414, 1, 1
351417, 2, 0
351420, 3, 0
351529, 0, 0
351539, 1, bit 1
351539, 1, 1
351542, 2, 1
351545, 3, 1
351654, 0, 1
351664, 1, 0
351667, 2, 0
351670, 3, 0
351779, 0, 1
351789, 1, 1
351792, 2, 1
351795, 3, 0
351904, 0, 0
351915, 1, 0
351917, 2, 0
351920, 3, 1
352029, 0, 1
352040, 1, 0
352043, 2, 0
352045, 3, 1
352154, 0, 0
352165, 1, 1
352168, 2, 1
352171, 3, 0
352279, 0, 0
352290, 1, 0
352293, 2, 1
352296, 3, 1
352404, 0, 1
352415, 1, 1
352418, 2, 0
352421, 3, 0
352529, 0, bit 1
352529, 0, 1
352540, 1, 0
352543, 2, 0
352546, 3, 1
352654, 0, 0
352665, 1, 1
352668, 2, 1
352671, 3, 0
352779, 0, 0
352790, 1, 0
352793, 2, bit 1
352793, 2, 0
352796, 3, bit 1
352796, 3, 1
352904, 0, 1
352915, 1, 1
352918, 2, 1
352921, 3, 0
353029, 0, 1
353040, 1, 0
353043, 2, 0
353046, 3, 1
353154, 0, 0
353165, 1, 1
353168, 2, 1
353171, 3, 0
353280, 0, 1
353290, 1, bit 0
353290, 1, 0
353293, 2, 0
353296, 3, 1
353405, 0, 0
353415, 1, 1
353418, 2, 1
353421, 3, 0
353530, 0, 0
353540, 1, 0
353543, 2, 0
353546, 3, 0
353655, 0, 1
353665, 1, 1
353668, 2, 1
353671, 3, 1
353780, 0, 0
353790, 1, 1
353793, 2, 1
353796, 3, 1
353905, 0, 1
353915, 1, 0
353918, 2, 0
353921, 3, 0
354030, 0, 1
354040, 1, 1
354043, 2, 0
354046, 3, 1
354155, 0, 0
354165, 1, 0
354168, 2, 1
354171, 3, 0
354280, 0, bit 0
354280, 0, 0
354290, 1, 1
354293, 2, 1
354296, 3, 1
354405, 0, 1
354415, 1, 0
354418, 2, 0
354421, 3, 0
354530, 0, 1
354540, 1, 1
354543, 2, bit 0
354543, 2, 1
354546, 3, bit 1
354546, 3, 1
354655, 0, 0
354665, 1, 0
354668, 2, 0
354671, 3, 0
354780, 0, 0
354790, 1, 1
354793, 2, 1
354796, 3, 1
354905, 0, 1
354915, 1, 0
354918, 2, 0
354921, 3, 0
355030, 0, 0
355040, 1, bit 0
355040, 1, 0
355043, 2, 1
355046, 3, 1
355155, 0, 1
355165, 1, 1
355168, 2, 0
355171, 3, 0
355280, 0, 1
355290, 1, 0
355293, 2, 1
355296, 3, 0
355405, 0, 0
355415, 1, 1
355418, 2, 0
355421, 3, 1
355530, 0, 1
355540, 1, 1
355543, 2, 0
355546, 3, 1
355655, 0, 0
355665, 1, 0
355668, 2, 1
355671, 3, 0
355780, 0, 0
355790, 1, 1
355793, 2, 1
355796, 3, 1
355905, 0, 1
355915, 1, 0
355918, 2, 0
355921, 3, 0
356030, 0, bit 0
356030, 0, 0
356040, 1, 1
356043, 2, 0
356046, 3, 1
356155, 0, 1
356165, 1, 0
356168, 2, 1
356171, 3, 0
356280, 0, 1
356290, 1, 1
356293, 2, bit 1
356293, 2, 0
356296, 3, bit 1
356296, 3, 1
356405, 0, 0
356415, 1, 0
356418, 2, 1
356421, 3, 0
356530, 0, 0
356540, 1, 1
356543, 2, 0
356546, 3, 1
356655, 0, 1
356665, 1, 0
356668, 2, 1
356671, 3, 0
356780, 0, 0
356790, 1, bit 1
356790, 1, 1
356793, 2, 0
356796, 3, 1
356905, 0, 1
356915, 1, 0
356918, 2, 1
356921, 3, 0
357030, 0, 1
357040, 1, 1
357043, 2, 0
357046, 3, 0
357155, 0, 0
357165, 1, 0
357168, 2, 1
357171, 3, 1
357280, 0, 1
357291, 1, 0
357293, 2, 1
357296, 3, 1
357405, 0, 0
357416, 1, 1
357419, 2, 0
357421, 3, 0
357530, 0, 0
357541, 1, 0
357544, 2, 0
357548, 3, 1
357655, 0, 1
357666, 1, 1
357669, 2, 1
357673, 3, 0
357780, 0, bit 0
357780, 0, 0
357791, 1, 0
357794, 2, 1
357798, 3, 1
357905, 0, 1
357916, 1, 1
357919, 2, 0
357923, 3, 0
358030, 0, 1
358041, 1, 0
358044, 2, bit 0
358044, 2, 1
358048, 3, bit 1
358048, 3, 1
358155, 0, 0
358166, 1, 1
358169, 2, 0
358173, 3, 0
358280, 0, 0
358291, 1, 0
358294, 2, 1
358298, 3, 1
358405, 0, 1
358416, 1, 1
358419, 2, 0
358423, 3, 0
358530, 0, 0
358541, 1, bit 1
358541, 1, 1
358544, 2, 1
358548, 3, 1
358656, 0, 1
358666, 1, 0
358669, 2, 0
358673, 3, 0
358781, 0, 1
358791, 1, 1
358794, 2, 1
358798, 3, 0
358906, 0, 0
358916, 1, 0
358919, 2, 0
358923, 3, 1
359031, 0, 1
359041, 1, 0
359044, 2, 0
359048, 3, 1
359156, 0, 0
359166, 1, 1
359169, 2, 1
359173, 3, 0
359281, 0, 0
359291, 1, 0
359294, 2, 1
359298, 3, 1
359406, 0, 1
359416, 1, 1
359419, 2, 0
359424, 3, 0
359531, 0, bit 1
359531, 0, 1
359541, 1, 0
359544, 2, 0
359549, 3, 1
359656, 0, 0
359666, 1, 1
359669, 2, 1
359674, 3, 0
359781, 0, 0
359791, 1, 0
359794, 2, bit 0
359794, 2, 1
359799, 3, bit 0
359799, 3, 0
359906, 0, 1
359916, 1, 1
359919, 2, 0
359924, 3, 1
360031, 0, 1
360041, 1, 0
360044, 2, 1
360049, 3, 0
360156, 0, 0
360166, 1, 1
360169, 2, 0
360174, 3, 1
360281, 0, 1
360291, 1, bit 0
360291, 1, 0
360294, 2, 1
360299, 3, 0
360406, 0, 0
360416, 1, 1
360419, 2, 0
360424, 3, 1
360531, 0, 0
360541, 1, 0
360544, 2, 1
360549, 3, 1
360656, 0, 1
360666, 1, 1
360669, 2, 0
360674, 3, 0
360781, 0, 0
360791, 1, 1
360794, 2, 0
360799, 3, 0
360906, 0, 1
360916, 1, 0
360919, 2, 1
360924, 3, 1
361031, 0, 1
361041, 1, 1
361044, 2, 1
361049, 3, 0
361156, 0, 0
361166, 1, 0
361169, 2, 0
361174, 3, 1
361281, 0, bit 1
361281, 0, 1
361291, 1, 1
361294, 2, 0
361299, 3, 0
361406, 0, 0
361416, 1, 0
361419, 2, 1
361424, 3, 1
361531, 0, 0
361541, 1, 1
361544, 2, bit 1
361544, 2, 0
361549, 3, bit 1
361549, 3, 1
361656, 0, 1
361666, 1, 0
361669, 2, 1
361674, 3, 0
361781, 0, 1
361791, 1, 1
361794, 2, 0
361799, 3, 1
361906, 0, 0
361916, 1, 0
361919, 2, 1
361924, 3, 0
362031, 0, 1
362041, 1, bit 1
362041, 1, 1
362044, 2, 0
362049, 3, 1
362156, 0, 0
362166, 1, 0
362169, 2, 1
362174, 3, 0
362281, 0, 0
362291, 1, 1
362294, 2, 0
362299, 3, 0
362406, 0, 1
362416, 1, 0
362419, 2, 1
362424, 3, 1
362531, 0, 0
362541, 1, 0
362544, 2, 1
362549, 3, 1
362656, 0, 1
362667, 1, 1
362669, 2, 0
362674, 3, 0
362781, 0, 1
362792, 1, 0
362795, 2, 0
362799, 3, 1
362906, 0, 0
362917, 1, 1
362920, 2, 1
362924, 3, 0
363031, 0, bit 1
363031, 0, 1
363042, 1, 0
363045, 2, 1
363049, 3, 1
363156, 0, 0
363167, 1, 1
363170, 2, 0
363174, 3, 0
363281, 0, 0
363292, 1, 0
363295, 2, bit 1
363295, 2, 0
363299, 3, bit 0
363299, 3, 0
363406, 0, 1
363417, 1, 1
363420, 2, 1
363424, 3, 1
363531, 0, 1
363542, 1, 0
363545, 2, 0
363549, 3, 0
363656, 0, 0
363667, 1, 1
363670, 2, 1
363674, 3, 1
363781, 0, 1
363792, 1, bit 0
363792, 1, 0
363795, 2, 0
363799, 3, 0
363906, 0, 0
363917, 1, 1
363920, 2, 1
363924, 3, 1
364032, 0, 0
364042, 1, 0
364045, 2, 0
364049, 3, 1
364157, 0, 1
364167, 1, 1
364170, 2, 1
364174, 3, 0
364282, 0, 0
364292, 1, 1
364295, 2, 1
364299, 3, 0
364407, 0, 1
364417, 1, 0
364420, 2, 0
364424, 3, 1
364532, 0, 1
364542, 1, 1
364545, 2, 0
364549, 3, 0
364657, 0, 0
364667, 1, 0
364670, 2, 1
364674, 3, 1
364782, 0, bit 1
364782, 0, 1
364792, 1, 1
364795, 2, 1
364800, 3, 0
364907, 0, 0
364917, 1, 0
364920, 2, 0
364925, 3, 1
365032, 0, 0
365042, 1, 1
365045, 2, bit 1
365045, 2, 0
365050, 3, bit 0
365050, 3, 0
365157, 0, 1
365167, 1, 0
365170, 2, 1
365175, 3, 1
365282, 0, 1
365292, 1, 1
365295, 2, 0
365300, 3, 0
365407, 0, 0
365417, 1, 0
365420, 2, 1
365425, 3, 1
365532, 0, 1
365542, 1, bit 1
365542, 1, 1
365545, 2, 0
365550, 3, 0
365657, 0, 0
365667, 1, 0
365670, 2, 1
365675, 3, 1
365782, 0, 0
365792, 1, 1
365795, 2, 0
365800, 3, 1
365907, 0, 1
365917, 1, 0
365920, 2, 1
365925, 3, 0
366032, 0, 0
366042, 1, 0
366045, 2, 1
366050, 3, 0
366157, 0, 1
366167, 1, 1
366170, 2, 0
366175, 3, 1
366282, 0, 1
366292, 1, 0
366295, 2, 0
366300, 3, 0
366407, 0, 0
366417, 1, 1
366420, 2, 1
366425, 3, 1
366532, 0, bit 1
366532, 0, 1
366542, 1, 0
366545, 2, 1
366550, 3, 0
366657, 0, 0
366667, 1, 1
366670, 2, 0
366675, 3, 1
366782, 0, 0
366792, 1, 0
366795, 2, bit 0
366795, 2, 1
366800, 3, bit 0
366800, 3, 0
366907, 0, 1
366917, 1, 1
366920, 2, 0
366925, 3, 1
367032, 0, 1
367042, 1, 0
367045, 2, 1
367050, 3, 0
367157, 0, 0
367167, 1, 1
367170, 2, 0
367175, 3, 1
367282, 0, 1
367292, 1, bit 1
367292, 1, 1
367295, 2, 1
367300, 3, 0
367407, 0, 0
367417, 1, 0
367420, 2, 0
367425, 3, 1
367532, 0, 0
367542, 1, 1
367545, 2, 1
367550, 3, 1
367657, 0, 1
367667, 1, 0
367670, 2, 0
367675, 3, 0
367782, 0, 0
367792, 1, 0
367795, 2, 0
367800, 3, 0
367907, 0, 1
367917, 1, 1
367920, 2, 1
367925, 3, 1
368032, 0, 1
368043, 1, 0
368046, 2, 1
368050, 3, 0
368157, 0, 0
368168, 1, 1
368171, 2, 0
368175, 3, 1
368282, 0, bit 0
368282, 0, 0
368293, 1, 0
368296, 2, 0
368300, 3, 0
368407, 0, 1
368418, 1, 1
368421, 2, 1
368425, 3, 1
368532, 0, 1
368543, 1, 0
368546, 2, bit 0
368546, 2, 1
368550, 3, bit 0
368550, 3, 0
368657, 0, 0
368668, 1, 1
368671, 2, 0
368675, 3, 1
368782, 0, 0
368793, 1, 0
368796, 2, 1
368800, 3, 0
368907, 0, 1
368918, 1, 1
368921, 2, 0
368925, 3, 1
369032, 0, 0
369043, 1, bit 0
369046, 1, 0
369046, 2, 1
369050, 3, 0
369157, 0, 1
369168, 1, 1
369171, 2, 0
369175, 3, 1
369282, 0, 1
369293, 1, 0
369296, 2, 1
369300, 3, 1
369408, 0, 0
369418, 1, 1
369421, 2, 0
369425, 3, 0
369533, 0, 1
369543, 1, 1
369546, 2, 0
369550, 3, 0
369658, 0, 0
369668, 1, 0
369671, 2, 1
369675, 3, 1
369783, 0, 0
369793, 1, 1
369796, 2, 1
369800, 3, 0
369908, 0, 1
369918, 1, 0
369921, 2, 0
369925, 3, 1
370033, 0, bit 1
370033, 0, 1
370043, 1, 1
370046, 2, 0
370050, 3, 0
370158, 0, 0
370168, 1, 0
370171, 2, 1
370176, 3, 1
370283, 0, 0
370293, 1, 1
370296, 2, bit 0
370296, 2, 1
370301, 3, bit 1
370301, 3, 1
370408, 0, 1
370418, 1, 0
370421, 2, 0
370426, 3, 0
370533, 0, 1
370543, 1, 1
370546, 2, 1
370551, 3, 1
370658, 0, 0
370668, 1, 0
370671, 2, 0
370676, 3, 0
370783, 0, 1
370793, 1, bit 0
370793, 1, 0
370796, 2, 1
370801, 3, 1
370908, 0, 0
370918, 1, 1
370921, 2, 0
370926, 3, 0
371033, 0, 0
371043, 1, 0
371046, 2, 1
371051, 3, 0
371158, 0, 1
371168, 1, 1
371171, 2, 0
371176, 3, 1
371283, 0, 0
371293, 1, 1
371296, 2, 0
371301, 3, 1
371408, 0, 1
371418, 1, 0
371421, 2, 1
371426, 3, 0
371533, 0, 1
371543, 1, 1
371546, 2, 1
371551, 3, 1
371658, 0, 0
371668, 1, 0
371671, 2, 0
371676, 3, 0
371783, 0, bit 1
371783, 0, 1
371793, 1, 1
371796, 2, 0
371801, 3, 1
371908, 0, 0
371918, 1, 0
371921, 2, 1
371926, 3, 0
372033, 0, 0
372043, 1, 1
372046, 2, bit 1
372046, 2, 0
372051, 3, bit 0
372051, 3, 0
372158, 0, 1
372168, 1, 0
372171, 2, 1
372176, 3, 1
372283, 0, 1
372293, 1, 1
372296, 2, 0
372301, 3, 0
372408, 0, 0
372418, 1, 0
372421, 2, 1
372426, 3, 1
372533, 0, 1
372543, 1, bit 0
372543, 1, 0
372546, 2, 0
372551, 3, 0
372658, 0, 0
372668, 1, 1
372671, 2, 1
372676, 3, 1
372783, 0, 0
372793, 1, 0
372796, 2, 0
372801, 3, 1
372908, 0, 1
372918, 1, 1
372921, 2, 1
372926, 3, 0
373033, 0, 0
373043, 1, 1
373046, 2, 1
373051, 3, 0
373158, 0, 1
373168, 1, 0
373171, 2, 0
373176, 3, 1
373283, 0, 1
373294, 1, 1
373296, 2, 0
373301, 3, 0
373408, 0, 0
373419, 1, 0
373421, 2, 1
373426, 3, 1
373533, 0, bit 1
373533, 0, 1
373544, 1, 1
373547, 2, 1
373551, 3, 0
373658, 0, 0
373669, 1, 0
373672, 2, 0
373676, 3, 1
373783, 0, 0
373794, 1, 1
373797, 2, bit 0
373797, 2, 1
373801, 3, bit 1
373801, 3, 1
373908, 0, 1
373919, 1, 0
373922, 2, 0
373926, 3, 0
374033, 0, 1
374044, 1, 1
374047, 2, 1
374051, 3, 1
374158, 0, 0
374169, 1, 0
374172, 2, 0
374176, 3, 0
374283, 0, 1
374294, 1, bit 0
374297, 1, 0
374297, 2, 1
374301, 3, 1
374408, 0, 0
374419, 1, 1
374422, 2, 0
374426, 3, 0
374533, 0, 0
374544, 1, 0
374547, 2, 1
374551, 3, 0
374658, 0, 1
374669, 1, 1
374672, 2, 0
374676, 3, 1
374784, 0, 0
374794, 1, 1
374797, 2, 0
374801, 3, 1
374909, 0, 1
374919, 1, 0
374922, 2, 1
374926, 3, 0
375034, 0, 1
375044, 1, 1
375047, 2, 1
375051, 3, 1
375159, 0, 0
375169, 1, 0
375172, 2, 0
375176, 3, 0
375284, 0, bit 1
375284, 0, 1
375294, 1, 1
375297, 2, 0
375301, 3, 1
375409, 0, 0
375419, 1, 0
375422, 2, 1
375426, 3, 0
375534, 0, 0
375544, 1, 1
375547, 2, bit 1
375547, 2, 0
375552, 3, bit 0
375552, 3, 0
375659, 0, 1
375669, 1, 0
375672, 2, 1
375677, 3, 1
375784, 0, 1
375794, 1, 1
375797, 2, 0
375802, 3, 0
375909, 0, 0
375919, 1, 0
375922, 2, 1
375927, 3, 1
376034, 0, 1
376044, 1, bit 1
376044, 1, 1
376047, 2, 0
376052, 3, 0
376159, 0, 0
376169, 1, 0
376172, 2, 1
376177, 3, 1
376284, 0, 0
376294, 1, 1
376297, 2, 0
376302, 3, 1
376409, 0, 1
376419, 1, 0
376422, 2, 1
376427, 3, 0
376534, 0, 0
376544, 1, 0
376547, 2, 1
376552, 3, 0
376659, 0, 1
376669, 1, 1
376672, 2, 0
376677, 3, 1
376784, 0, 1
376794, 1, 0
376797, 2, 0
376802, 3, 0
376909, 0, 0
376919, 1, 1
376922, 2, 1
376927, 3, 1
377034, 0, bit 1
377034, 0, 1
377044, 1, 0
377047, 2, 1
377052, 3, 0
377159, 0, 0
377169, 1, 1
377172, 2, 0
377177, 3, 1
377284, 0, 0
377294, 1, 0
377297, 2, bit 0
377297, 2, 1
377302, 3, bit 1
377302, 3, 1
377409, 0, 1
377419, 1, 1
377422, 2, 0
377427, 3, 0
377534, 0, 1
377544, 1, 0
377547, 2, 1
377552, 3, 1
377659, 0, 0
377669, 1, 1
377672, 2, 0
377677, 3, 0
377784, 0, 1
377794, 1, bit 1
377794, 1, 1
377797, 2, 1
377802, 3, 1
377909, 0, 0
377919, 1, 0
377922, 2, 0
377927, 3, 0
378034, 0, 0
378044, 1, 1
378047, 2, 1
378052, 3, 0
378159, 0, 1
378169, 1, 0
378172, 2, 0
378177, 3, 1
378284, 0, 0
378294, 1, 0
378297, 2, 0
378302, 3, 1
378409, 0, 1
378419, 1, 1
378422, 2, 1
378427, 3, 0
378534, 0, 1
378544, 1, 0
378547, 2, 1
378552, 3, 1
378659, 0, 0
378669, 1, 1
378672, 2, 0
378677, 3, 0
378784, 0, bit 1
378784, 0, 1
378795, 1, 0
378797, 2, 0
378802, 3, 1
378909, 0, 0
378920, 1, 1
378923, 2, 1
378927, 3, 0
379034, 0, 0
379045, 1, 0
379048, 2, bit 0
379048, 2, 1
379052, 3, bit 1
379052, 3, 1
379159, 0, 1
379170, 1, 1
379173, 2, 0
379177, 3, 0
379284, 0, 1
379295, 1, 0
379298, 2, 1
379302, 3, 1
379409, 0, 0
379420, 1, 1
379423, 2, 0
379427, 3, 0
379534, 0, 1
379545, 1, bit 0
379548, 1, 0
379548, 2, 1
379552, 3, 1
379659, 0, 0
379670, 1, 1
379673, 2, 0
379677, 3, 0
379784, 0, 0
379795, 1, 0
379798, 2, 1
379802, 3, 0
379909, 0, 1
379920, 1, 1
379923, 2, 0
379927, 3, 1
380034, 0, 0
380045, 1, 1
380048, 2, 0
380052, 3, 1
380160, 0, 1
380170, 1, 0
380173, 2, 1
380177, 3, 0
380285, 0, 1
380295, 1, 1
380298, 2, 1
380302, 3, 1
380410, 0, 0
380420, 1, 0
380423, 2, 0
380427, 3, 0
380535, 0, bit 0
380535, 0, 0
380545, 1, 1
380548, 2, 0
380552, 3, 1
380660, 0, 1
380670, 1, 0
380673, 2, 1
380677, 3, 0
380785, 0, 1
380795, 1, 1
380798, 2, bit 1
380798, 2, 0
380802, 3, bit 0
380802, 3, 0
380910, 0, 0
380920, 1, 0
380923, 2, 1
380928, 3, 1
381035, 0, 0
381045, 1, 1
381048, 2, 0
381053, 3, 0
381160, 0, 1
381170, 1, 0
381173, 2, 1
381178, 3, 1
381285, 0, 0
381295, 1, bit 0
381295, 1, 0
381298, 2, 0
381303, 3, 0
381410, 0, 1
381420, 1, 1
381423, 2, 1
381428, 3, 1
381535, 0, 1
381545, 1, 0
381548, 2, 0
381553, 3, 1
381660, 0, 0
381670, 1, 1
381673, 2, 1
381678, 3, 0
381785, 0, 1
381795, 1, 1
381798, 2, 1
381803, 3, 0
381910, 0, 0
381920, 1, 0
381923, 2, 0
381928, 3, 1
382035, 0, 0
382045, 1, 1
382048, 2, 0
382053, 3, 0
382160, 0, 1
382170, 1, 0
382173, 2, 1
382178, 3, 1
382285, 0, bit 1
382285, 0, 1
382295, 1, 1
382298, 2, 1
382303, 3, 0
382410, 0, 0
382420, 1, 0
382423, 2, 0
382428, 3, 1
382535, 0, 0
382545, 1, 1
382548, 2, bit 1
382548, 2, 0
382553, 3, bit 1
382553, 3, 1
382660, 0, 1
382670, 1, 0
382673, 2, 1
382678, 3, 0
382785, 0, 1
382795, 1, 1
382798, 2, 0
382803, 3, 1
382910, 0, 0
382920, 1, 0
382923, 2, 1
382928, 3, 0
383035, 0, 1
383045, 1, bit 1
383045, 1, 1
383048, 2, 0
383053, 3, 1
383160, 0, 0
383170, 1, 0
383173, 2, 1
383178, 3, 0
383285, 0, 0
383295, 1, 1
383298, 2, 0
383303, 3, 0
383410, 0, 1
383420, 1, 0
383423, 2, 1
383428, 3, 1
383535, 0, 0
383545, 1, 0
383548, 2, 1
383553, 3, 1
383660, 0, 1
383670, 1, 1
383673, 2, 0
383678, 3, 0
383785, 0, 1
383795, 1, 0
383798, 2, 0
383803, 3, 1
383910, 0, 0
383920, 1, 1
383923, 2, 1
383928, 3, 0
384035, 0, bit 1
384035, 0, 1
384045, 1, 0
384048, 2, 1
384053, 3, 1
384160, 0, 0
384171, 1, 1
384173, 2, 0
384178, 3, 0
384285, 0, 0
384296, 1, 0
384299, 2, bit 1
384299, 2, 0
384303, 3, bit 0
384303, 3, 0
384410, 0, 1
384421, 1, 1
384424, 2, 1
384428, 3, 1
384535, 0, 1
384546, 1, 0
384549, 2, 0
384553, 3, 0
384660, 0, 0
384671, 1, 1
384674, 2, 1
384678, 3, 1
384785, 0, 1
384796, 1, bit 1
384796, 1, 1
384799, 2, 0
384803, 3, 0
384910, 0, 0
384921, 1, 0
384924, 2, 1
384928, 3, 1
385035, 0, 0
385046, 1, 1
385049, 2, 0
385053, 3, 1
385160, 0, 1
385171, 1, 0
385174, 2, 1
385178, 3, 0
385285, 0, 0
385296, 1, 0
385299, 2, 1
385303, 3, 0
385410, 0, 1
385421, 1, 1
385424, 2, 0
385428, 3, 1
385536, 0, 1
385546, 1, 0
385549, 2, 0
385553, 3, 0
385661, 0, 0
385671, 1, 1
385674, 2, 1
385678, 3, 1
385786, 0, bit 1
385786, 0, 1
385796, 1, 0
385799, 2, 1
385803, 3, 0
385911, 0, 0
385921, 1, 1
385924, 2, 0
385928, 3, 1
386036, 0, 0
386046, 1, 0
386049, 2, bit 0
386049, 2, 1
386053, 3, bit 1
386053, 3, 1
386161, 0, 1
386171, 1, 1
386174, 2, 0
386178, 3, 0
386286, 0, 1
386296, 1, 0
386299, 2, 1
386304, 3, 1
386411, 0, 0
386421, 1, 1
386424, 2, 0
386429, 3, 0
386536, 0, 1
386546, 1, bit 1
386546, 1, 1
386549, 2, 1
386554, 3, 1
386661, 0, 0
386671, 1, 0
386674, 2, 0
386679, 3, 0
386786, 0, 0
386796, 1, 1
386799, 2, 1
386804, 3, 0
386911, 0, 1
386921, 1, 0
386924, 2, 0
386929, 3, 1
387036, 0, 0
387046, 1, 0
387049, 2, 0
387054, 3, 1
387161, 0, 1
387171, 1, 1
387174, 2, 1
387179, 3, 0
387286, 0, 1
387296, 1, 0
387299, 2, 1
387304, 3, 1
387411, 0, 0
387421, 1, 1
387424, 2, 0
387429, 3, 0
387536, 0, bit 0
387536, 0, 0
387546, 1, 0
387549, 2, 0
387554, 3, 1
387661, 0, 1
387671, 1, 1
387674, 2, 1
387679, 3, 0
387786, 0, 1
387796, 1, 0
387799, 2, bit 0
387799, 2, 1
387804, 3, bit 0
387804, 3, 0
387911, 0, 0
387921, 1, 1
387924, 2, 0
387929, 3, 1
388036, 0, 0
388046, 1, 0
388049, 2, 1
388054, 3, 0
388161, 0, 1
388171, 1, 1
388174, 2, 0
388179, 3, 1
388286, 0, 0
388296, 1, bit 0
388296, 1, 0
388299, 2, 1
388304, 3, 0
388411, 0, 1
388421, 1, 1
388424, 2, 0
388429, 3, 1
388536, 0, 1
388546, 1, 0
388549, 2, 1
388554, 3, 1
388661, 0, 0
388671, 1, 1
388674, 2, 0
388679, 3, 0
388786, 0, 1
388796, 1, 1
388799, 2, 0
388804, 3, 0
388911, 0, 0
388921, 1, 0
388924, 2, 1
388929, 3, 1
389036, 0, 0
389046, 1, 1
389049, 2, 1
389054, 3, 0
389161, 0, 1
389171, 1, 0
389174, 2, 0
389179, 3, 1
389286, 0, bit 0
389286, 0, 0
389296, 1, 1
389299, 2, 0
389304, 3, 0
389411, 0, 1
389421, 1, 0
389424, 2, 1
389429, 3, 1
389536, 0, 1
389547, 1, 1
389549, 2, bit 0
389549, 2, 1
389554, 3, bit 0
389554, 3, 0
389661, 0, 0
389672, 1, 0
389675, 2, 0
389679, 3, 1
389786, 0, 0
389797, 1, 1
389800, 2, 1
389804, 3, 0
389911, 0, 1
389922, 1, 0
389925, 2, 0
389929, 3, 1
390036, 0, 0
390047, 1, bit 0
390047, 1, 0
390050, 2, 1
390054, 3, 0
390161, 0, 1
390172, 1, 1
390175, 2, 0
390179, 3, 1
390286, 0, 1
390297, 1, 0
390300, 2, 1
390304, 3, 1
390411, 0, 0
390422, 1, 1
390425, 2, 0
390429, 3, 0
390536, 0, 1
390547, 1, 1
390550, 2, 0
390554, 3, 0
390661, 0, 0
390672, 1, 0
390675, 2, 1
390679, 3, 1
390786, 0, 0
390797, 1, 1
390800, 2, 1
390804, 3, 0
390912, 0, 1
390922, 1, 0
390925, 2, 0
390929, 3, 1
391037, 0, bit 0
391037, 0, 0
391047, 1, 1
391050, 2, 0
391054, 3, 0
391162, 0, 1
391172, 1, 0
391175, 2, 1
391179, 3, 1
391287, 0, 1
391297, 1, 1
391300, 2, bit 1
391300, 2, 0
391304, 3, bit 1
391304, 3, 1
391412, 0, 0
391422, 1, 0
391425, 2, 1
391429, 3, 0
391537, 0, 0
391547, 1, 1
391550, 2, 0
391554, 3, 1
391662, 0, 1
391672, 1, 0
391675, 2, 1
391680, 3, 0
391787, 0, 0
391797, 1, bit 1
391797, 1, 1
391800, 2, 0
391805, 3, 1
391912, 0, 1
391922, 1, 0
391925, 2, 1
391930, 3, 0
392037, 0, 1
392047, 1, 1
392050, 2, 0
392055, 3, 0
392162, 0, 0
392172, 1, 0
392175, 2, 1
392180, 3, 1
392287, 0, 1
392297, 1, 0
392300, 2, 1
392305, 3, 1
392412, 0, 0
392422, 1, 1
392425, 2, 0
392430, 3, 0
392537, 0, 0
392547, 1, 0
392550, 2, 0
392555, 3, 1
392662, 0, 1
392672, 1, 1
392675, 2, 1
392680, 3, 0
392787, 0, bit 0
392787, 0, 0
392797, 1, 0
392800, 2, 1
392805, 3, 1
392912, 0, 1
392922, 1, 1
392925, 2, 0
392930, 3, 0
393037, 0, 1
393047, 1, 0
393050, 2, bit 0
393050, 2, 1
393055, 3, bit 1
393055, 3, 1
393162, 0, 0
393172, 1, 1
393175, 2, 0
393180, 3, 0
393287, 0, 0
393297, 1, 0
393300, 2, 1
393305, 3, 1
393412, 0, 1
393422, 1, 1
393425, 2, 0
393430, 3, 0
393537, 0, 0
393547, 1, bit 1
393547, 1, 1
393550, 2, 1
393555, 3, 1
393662, 0, 1
393672, 1, 0
393675, 2, 0
393680, 3, 0
393787, 0, 1
393797, 1, 1
393800, 2, 1
393805, 3, 0
393912, 0, 0
393922, 1, 0
393925, 2, 0
393930, 3, 1
394037, 0, 1
394047, 1, 0
394050, 2, 0
394055, 3, 1
394162, 0, 0
394172, 1, 1
394175, 2, 1
394180, 3, 0
394287, 0, 0
394297, 1, 0
394300, 2, 1
394305, 3, 1
394412, 0, 1
394422, 1, 1
394425, 2, 0
394430, 3, 0
394537, 0, bit 0
394537, 0, 0
394547, 1, 0
394550, 2, 0
394555, 3, 1
394662, 0, 1
394672, 1, 1
394675, 2, 1
394680, 3, 0
394787, 0, 1
394797, 1, 0
394800, 2, bit 1
394800, 2, 0
394805, 3, bit 0
394805, 3, 0
394912, 0, 0
394923, 1, 1
394925, 2, 1
394930, 3, 1
395037, 0, 0
395048, 1, 0
395051, 2, 0
395055, 3, 0
395162, 0, 1
395173, 1, 1
395176, 2, 1
395180, 3, 1
395287, 0, 0
395298, 1, bit 1
395298, 1, 1
395301, 2, 0
395305, 3, 0
395412, 0, 1
395423, 1, 0
395426, 2, 1
395430, 3, 1
395537, 0, 1
395548, 1, 1
395551, 2, 0
395555, 3, 1
395662, 0, 0
395673, 1, 0
395676, 2, 1
395680, 3, 0
395787, 0, 1
395798, 1, 0
395801, 2, 1
395805, 3, 0
395912, 0, 0
395923, 1, 1
395926, 2, 0
395930, 3, 1
396037, 0, 0
396048, 1, 0
396051, 2, 0
396055, 3, 0
396162, 0, 1
396173, 1, 1
396176, 2, 1
396180, 3, 1
396288, 0, bit 1
396288, 0, 1
396298, 1, 0
396301, 2, 1
396305, 3, 0
396413, 0, 0
396423, 1, 1
396426, 2, 0
396430, 3, 1
396538, 0, 0
396548, 1, 0
396551, 2, bit 0
396551, 2, 1
396555, 3, bit 0
396555, 3, 0
396663, 0, 1
396673, 1, 1
396676, 2, 0
396680, 3, 1
396788, 0, 1
396798, 1, 0
396801, 2, 1
396805, 3, 0
396913, 0, 0
396923, 1, 1
396926, 2, 0
396930, 3, 1
397038, 0, 1
397048, 1, bit 0
397048, 1, 0
397051, 2, 1
397056, 3, 0
397163, 0, 0
397173, 1, 1
397176, 2, 0
397181, 3, 1
397288, 0, 0
397298, 1, 0
397301, 2, 1
397306, 3, 1
397413, 0, 1
397423, 1, 1
397426, 2, 0
397431, 3, 0
397538, 0, 0
397548, 1, 1
397551, 2, 0
397556, 3, 0
397663, 0, 1
397673, 1, 0
397676, 2, 1
397681, 3, 1
397788, 0, 1
397798, 1, 1
397801, 2, 1
397806, 3, 0
397913, 0, 0
397923, 1, 0
397926, 2, 0
397931, 3, 1
398038, 0, bit 1
398038, 0, 1
398048, 1, 1
398051, 2, 0
398056, 3, 0
398163, 0, 0
398173, 1, 0
398176, 2, 1
398181, 3, 1
398288, 0, 0
398298, 1, 1
398301, 2, bit 1
398301, 2, 0
398306, 3, bit 0
398309, 3, 0
398413, 0, 1
398423, 1, 0
398426, 2, 1
398431, 3, 1
398538, 0, 1
398548, 1, 1
398551, 2, 0
398556, 3, 0
398663, 0, 0
398673, 1, 0
398676, 2, 1
398681, 3, 1
398788, 0, 1
398798, 1, bit 1
398798, 1, 1
398801, 2, 0
398806, 3, 0
398913, 0, 0
398923, 1, 0
398926, 2, 1
398931, 3, 1
399038, 0, 0
399048, 1, 1
399051, 2, 0
399056, 3, 1
399163, 0, 1
399173, 1, 0
399176, 2, 1
399181, 3, 0
399288, 0, 0
399298, 1, 0
399301, 2, 1
399306, 3, 0
399413, 0, 1
399423, 1, 1
399426, 2, 0
399431, 3, 1
399538, 0, 1
399548, 1, 0
399551, 2, 0
399556, 3, 0
399663, 0, 0
399673, 1, 1
399676, 2, 1
399681, 3, 1
399788, 0, bit 1
399788, 0, 1
399798, 1, 0
399801, 2, 1
399806, 3, 0
399913, 0, 0
399923, 1, 1
399926, 2, 0
399931, 3, 1
400038, 0, 0
400048, 1, 0
400051, 2, bit 1
400051, 2, 0
400056, 3, bit 0
400056, 3, 0
400163, 0, 1
400173, 1, 1
400176, 2, 1
400181, 3, 1
400288, 0, 1
400299, 1, 0
400301, 2, 0
400306, 3, 0
400413, 0, 0
400424, 1, 1
400427, 2, 1
400431, 3, 1
400538, 0, 1
400549, 1, bit 0
400549, 1, 0
400552, 2, 0
400556, 3, 0
400663, 0, 0
400674, 1, 1
400677, 2, 1
400681, 3, 1
400788, 0, 0
400799, 1, 0
400802, 2, 0
400806, 3, 1
400913, 0, 1
400924, 1, 1
400927, 2, 1
400931, 3, 0
401038, 0, 0
401049, 1, 1
401052, 2, 1
401056, 3, 0
401163, 0, 1
401174, 1, 0
401177, 2, 0
401181, 3, 1
401288, 0, 1
401299, 1, 1
401302, 2, 0
401306, 3, 0
401413, 0, 0
401424, 1, 0
401427, 2, 1
401431, 3, 1
401538, 0, bit 1
401538, 0, 1
401549, 1, 1
401552, 2, 1
401556, 3, 0
401664, 0, 0
401674, 1, 0
401677, 2, 0
401681, 3, 1
401789, 0, 0
401799, 1, 1
401802, 2, bit 1
401802, 2, 0
401806, 3, bit 1
401806, 3, 1
401914, 0, 1
401924, 1, 0
401927, 2, 1
401931, 3, 0
402039, 0, 1
402049, 1, 1
402052, 2, 0
402056, 3, 1
402164, 0, 0
402174, 1, 0
402177, 2, 1
402181, 3, 0
402289, 0, 1
402299, 1, bit 0
402299, 1, 0
402302, 2, 0
402306, 3, 1
402414, 0, 0
402424, 1, 1
402427, 2, 1
402432, 3, 0
402539, 0, 0
402549, 1, 0
402552, 2, 0
402557, 3, 0
402664, 0, 1
402674, 1, 1
402677, 2, 1
402682, 3, 1
402789, 0, 0
402799, 1, 1
402802, 2, 1
402807, 3, 1
402914, 0, 1
402924, 1, 0
402927, 2, 0
402932, 3, 0
403039, 0, 1
403049, 1, 1
403052, 2, 0
403057, 3, 1
403164, 0, 0
403174, 1, 0
403177, 2, 1
403182, 3, 0
403289, 0, bit 1
403289, 0, 1
403299, 1, 1
403302, 2, 1
403307, 3, 1
403414, 0, 0
403424, 1, 0
403427, 2, 0
403432, 3, 0
403539, 0, 0
403549, 1, 1
403552, 2, bit 1
403552, 2, 0
403557, 3, bit 0
403560, 3, 0
403664, 0, 1
403674, 1, 0
403677, 2, 1
403682, 3, 1
403789, 0, 1
403799, 1, 1
403802, 2, 0
403807, 3, 0
403914, 0, 0
403924, 1, 0
403927, 2, 1
403932, 3, 1
404039, 0, 1
404049, 1, bit 1
404049, 1, 1
404052, 2, 0
404057, 3, 0
404164, 0, 0
404174, 1, 0
404177, 2, 1
404182, 3, 1
404289, 0, 0
404299, 1, 1
404302, 2, 0
404307, 3, 1
404414, 0, 1
404424, 1, 0
404427, 2, 1
404432, 3, 0
404539, 0, 0
404549, 1, 0
404552, 2, 1
404557, 3, 0
404664, 0, 1
404674, 1, 1
404677, 2, 0
404682, 3, 1
404789, 0, 1
404799, 1, 0
404802, 2, 0
404807, 3, 0
404914, 0, 0
404924, 1, 1
404927, 2, 1
404932, 3, 1
405039, 0, bit 0
405039, 0, 0
405049, 1, 0
405052, 2, 1
405057, 3, 0
405164, 0, 1
405174, 1, 1
405177, 2, 0
405182, 3, 1
405289, 0, 1
405299, 1, 0
405302, 2, bit 0
405302, 2, 1
405307, 3, bit 1
405307, 3, 1
405414, 0, 0
405424, 1, 1
405427, 2, 0
405432, 3, 0
405539, 0, 0
405549, 1, 0
405552, 2, 1
405557, 3, 1
405664, 0, 1
405675, 1, 1
405677, 2, 0
405682, 3, 0
405789, 0, 0
405800, 1, bit 1
405800, 1, 1
405803, 2, 1
405807, 3, 1
405914, 0, 1
405925, 1, 0
405928, 2, 0
405932, 3, 0
406039, 0, 1
406050, 1, 1
406053, 2, 1
406057, 3, 0
406164, 0, 0
406175, 1, 0
406178, 2, 0
406182, 3, 1
406289, 0, 1
406300, 1, 0
406303, 2, 0
406307, 3, 1
406414, 0, 0
406425, 1, 1
406428, 2, 1
406432, 3, 0
406539, 0, 0
406550, 1, 0
406553, 2, 1
406557, 3, 1
406664, 0, 1
406675, 1, 1
406678, 2, 0
406682, 3, 0
406789, 0, bit 0
406789, 0, 0
406800, 1, 0
406803, 2, 0
406807, 3, 1
406914, 0, 1
406925, 1, 1
406928, 2, 1
406932, 3, 0
407040, 0, 1
407050, 1, 0
407053, 2, bit 1
407053, 2, 0
407057, 3, bit 0
407057, 3, 0
407165, 0, 0
407175, 1, 1
407178, 2, 1
407182, 3, 1
407290, 0, 0
407300, 1, 0
407303, 2, 0
407307, 3, 0
407415, 0, 1
407425, 1, 1
407428, 2, 1
407432, 3, 1
407540, 0, 0
407550, 1, bit 0
407550, 1, 0
407553, 2, 0
407557, 3, 0
407665, 0, 1
407675, 1, 1
407678, 2, 1
407682, 3, 1
407790, 0, 1
407800, 1, 0
407803, 2, 0
407808, 3, 1
407915, 0, 0
407925, 1, 1
407928, 2, 1
407933, 3, 0
408040, 0, 1
408050, 1, 1
408053, 2, 1
408058, 3, 0
408165, 0, 0
408175, 1, 0
408178, 2, 0
408183, 3, 1
408290, 0, 0
408300, 1, 1
408303, 2, 0
408308, 3, 0
408415, 0, 1
408425, 1, 0
408428, 2, 1
408433, 3, 1
408540, 0, bit 0
408540, 0, 0
408550, 1, 1
408553, 2, 1
408558, 3, 0
408665, 0, 1
408675, 1, 0
408678, 2, 0
408683, 3, 1
408790, 0, 1
408800, 1, 1
408803, 2, bit 0
408803, 2, 1
408808, 3, bit 1
408808, 3, 1
408915, 0, 0
408925, 1, 0
408928, 2, 0
408933, 3, 0
409040, 0, 0
409050, 1, 1
409053, 2, 1
409058, 3, 1
409165, 0, 1
409175, 1, 0
409178, 2, 0
409183, 3, 0
409290, 0, 0
409300, 1, bit 0
409300, 1, 0
409303, 2, 1
409308, 3, 1
409415, 0, 1
409425, 1, 1
409428, 2, 0
409433, 3, 0
409540, 0, 1
409550, 1, 0
409553, 2, 1
409558, 3, 0
409665, 0, 0
409675, 1, 1
409678, 2, 0
409683, 3, 1
409790, 0, 1
409800, 1, 1
409803, 2, 0
409808, 3, 1
409915, 0, 0
409925, 1, 0
409928, 2, 1
409933, 3, 0
410040, 0, 0
410050, 1, 1
410053, 2, 1
410058, 3, 1
410165, 0, 1
410175, 1, 0
410178, 2, 0
410183, 3, 0
410290, 0, bit 0
410290, 0, 0
410300, 1, 1
410303, 2, 0
410308, 3, 1
410415, 0, 1
410425, 1, 0
410428, 2, 1
410433, 3, 0
410540, 0, 1
410550, 1, 1
410553, 2, bit 1
410553, 2, 0
410558, 3, bit 0
410558, 3, 0
410665, 0, 0
410675, 1, 0
410678, 2, 1
410683, 3, 1
410790, 0, 0
410800, 1, 1
410803, 2, 0
410808, 3, 0
410915, 0, 1
410925, 1, 0
410928, 2, 1
410933, 3, 1
411040, 0, 0
411051, 1, bit 0
411051, 1, 0
411053, 2, 0
411058, 3, 0
411165, 0, 1
411176, 1, 1
411179, 2, 1
411183, 3, 1
411290, 0, 1
411301, 1, 0
411304, 2, 0
411308, 3, 1
411415, 0, 0
411426, 1, 1
411429, 2, 1
411433, 3, 0
411540, 0, 1
411551, 1, 1
411554, 2, 1
411558, 3, 0
411665, 0, 0
411676, 1, 0
411679, 2, 0
411683, 3, 1
411790, 0, 0
411801, 1, 1
411804, 2, 0
411808, 3, 0
411915, 0, 1
411926, 1, 0
411929, 2, 1
411933, 3, 1
412040, 0, bit 0
412043, 0, 0
412051, 1, 1
412054, 2, 1
412058, 3, 0
412165, 0, 1
412176, 1, 0
412179, 2, 0
412183, 3, 1
412290, 0, 1
412301, 1, 1
412304, 2, bit 0
412304, 2, 1
412308, 3, bit 0
412308, 3, 0
412416, 0, 0
412426, 1, 0
412429, 2, 0
412433, 3, 1
412541, 0, 0
412551, 1, 1
412554, 2, 1
412558, 3, 0
412666, 0, 1
412676, 1, 0
412679, 2, 0
412683, 3, 1
412791, 0, 0
412801, 1, bit 1
412801, 1, 1
412804, 2, 1
412808, 3, 0
412916, 0, 1
412926, 1, 0
412929, 2, 0
412933, 3, 1
413041, 0, 1
413051, 1, 1
413054, 2, 1
413058, 3, 1
413166, 0, 0
413176, 1, 0
413179, 2, 0
413184, 3, 0
413291, 0, 1
413301, 1, 0
413304, 2, 0
413309, 3, 0
413416, 0, 0
413426, 1, 1
413429, 2, 1
413434, 3, 1
413541, 0, 0
413551, 1, 0
413554, 2, 1
413559, 3, 0
413666, 0, 1
413676, 1, 1
413679, 2, 0
413684, 3, 1
413791, 0, bit 1
413791, 0, 1
413801, 1, 0
413804, 2, 0
413809, 3, 0
413916, 0, 0
413926, 1, 1
413929, 2, 1
413934, 3, 1
414041, 0, 0
414051, 1, 0
414054, 2, bit 0
414054, 2, 1
414059, 3, bit 0
414059, 3, 0
414166, 0, 1
414176, 1, 1
414179, 2, 0
414184, 3, 1
414291, 0, 1
414301, 1, 0
414304, 2, 1
414309, 3, 0
414416, 0, 0
414426, 1, 1
414429, 2, 0
414434, 3, 1
414541, 0, 1
414551, 1, bit 0
414551, 1, 0
414554, 2, 1
414559, 3, 0
414666, 0, 0
414676, 1, 1
414679, 2, 0
414684, 3, 1
414791, 0, 0
414801, 1, 0
414804, 2, 1
414809, 3, 1
414916, 0, 1
414926, 1, 1
414929, 2, 0
414934, 3, 0
415041, 0, 0
415051, 1, 1
415054, 2, 0
415059, 3, 0
415166, 0, 1
415176, 1, 0
415179, 2, 1
415184, 3, 1
415291, 0, 1
415301, 1, 1
415304, 2, 1
415309, 3, 0
415416, 0, 0
415426, 1, 0
415429, 2, 0
415434, 3, 1
415541, 0, bit 0
415541, 0, 0
415551, 1, 1
415554, 2, 0
415559, 3, 0
415666, 0, 1
415676, 1, 0
415679, 2, 1
415684, 3, 1
415791, 0, 1
415801, 1, 1
415804, 2, bit 1
415804, 2, 0
415809, 3, bit 1
415809, 3, 1
415916, 0, 0
415926, 1, 0
415929, 2, 1
415934, 3, 0
416041, 0, 0
416051, 1, 1
416054, 2, 0
416059, 3, 1
416166, 0, 1
416176, 1, 0
416179, 2, 1
416184, 3, 0
416291, 0, 0
416301, 1, bit 1
416301, 1, 1
416304, 2, 0
416309, 3, 1
416416, 0, 1
416427, 1, 0
416429, 2, 1
416434, 3, 0
416541, 0, 1
416552, 1, 1
416555, 2, 0
416559, 3, 0
416666, 0, 0
416677, 1, 0
416680, 2, 1
416684, 3, 1
416791, 0, 1
416802, 1, 0
416805, 2, 1
416809, 3, 1
416916, 0, 0
416927, 1, 1
416930, 2, 0
416934, 3, 0
417041, 0, 0
417052, 1, 0
417055, 2, 0
417059, 3, 1
417166, 0, 1
417177, 1, 1
417180, 2, 1
417184, 3, 0
417291, 0, bit 1
417294, 0, 1
417302, 1, 0
417305, 2, 1
417309, 3, 1
417416, 0, 0
417427, 1, 1
417430, 2, 0
417434, 3, 0
417541, 0, 0
417552, 1, 0
417555, 2, bit 0
417555, 2, 1
417559, 3, bit 1
417559, 3, 1
417666, 0, 1
417677, 1, 1
417680, 2, 0
417684, 3, 0
417792, 0, 1
417802, 1, 0
417805, 2, 1
417809, 3, 1
417917, 0, 0
417927, 1, 1
417930, 2, 0
417934, 3, 0
418042, 0, 1
418052, 1, bit 1
418052, 1, 1
418055, 2, 1
418059, 3, 1
418167, 0, 0
418177, 1, 0
418180, 2, 0
418184, 3, 0
418292, 0, 0
418302, 1, 1
418305, 2, 1
418309, 3, 0
418417, 0, 1
418427, 1, 0
418430, 2, 0
418434, 3, 1
418542, 0, 0
418552, 1, 0
418555, 2, 0
418560, 3, 1
418667, 0, 1
418677, 1, 1
418680, 2, 1
418685, 3, 0
418792, 0, 1
418802, 1, 0
418805, 2, 1
418810, 3, 1
418917, 0, 0
418927, 1, 1
418930, 2, 0
418935, 3, 0
419042, 0, bit 1
419042, 0, 1
419052, 1, 0
419055, 2, 0
419060, 3, 1
419167, 0, 0
419177, 1, 1
419180, 2, 1
419185, 3, 0
419292, 0, 0
419302, 1, 0
419305, 2, bit 0
419308, 2, 1
419310, 3, bit 0
419310, 3, 0
419417, 0, 1
419427, 1, 1
419430, 2, 0
419435, 3, 1
419542, 0, 1
419552, 1, 0
419555, 2, 1
419560, 3, 0
419667, 0, 0
419677, 1, 1
419680, 2, 0
419685, 3, 1
419792, 0, 1
419802, 1, bit 0
419802, 1, 0
419805, 2, 1
419810, 3, 0
419917, 0, 0
419927, 1, 1
419930, 2, 0
419935, 3, 1
420042, 0, 0
420052, 1, 0
420055, 2, 1
420060, 3, 1
420167, 0, 1
420177, 1, 1
420180, 2, 0
420185, 3, 0
420292, 0, 0
420302, 1, 1
420305, 2, 0
420310, 3, 0
420417, 0, 1
420427, 1, 0
420430, 2, 1
420435, 3, 1
420542, 0, 1
420552, 1, 1
420555, 2, 1
420560, 3, 0
420667, 0, 0
420677, 1, 0
420680, 2, 0
420685, 3, 1
420792, 0, bit 0
420792, 0, 0
420802, 1, 1
420805, 2, 0
420810, 3, 0
420917, 0, 1
420927, 1, 0
420930, 2, 1
420935, 3, 1
421042, 0, 1
421052, 1, 1
421055, 2, bit 0
421055, 2, 1
421060, 3, bit 0
421060, 3, 0
421167, 0, 0
421177, 1, 0
421180, 2, 0
421185, 3, 1
421292, 0, 0
421302, 1, 1
421305, 2, 1
421310, 3, 0
421417, 0, 1
421427, 1, 0
421430, 2, 0
421435, 3, 1
421542, 0, 0
421552, 1, bit 1
421552, 1, 1
421555, 2, 1
421560, 3, 0
421667, 0, 1
421677, 1, 0
421680, 2, 0
421685, 3, 1
421792, 0, 1
421803, 1, 1
421805, 2, 1
421810, 3, 1
421917, 0, 0
421928, 1, 0
421931, 2, 0
421935, 3, 0
422042, 0, 1
422053, 1, 0
422056, 2, 0
422060, 3, 0
422167, 0, 0
422178, 1, 1
422181, 2, 1
422185, 3, 1
422292, 0, 0
422303, 1, 0
422306, 2, 1
422310, 3, 0
422417, 0, 1
422428, 1, 1
422431, 2, 0
422435, 3, 1
422542, 0, bit 0
422542, 0, 0
422553, 1, 0
422556, 2, 0
422560, 3, 0
422667, 0, 1
422678, 1, 1
422681, 2, 1
422685, 3, 1
422792, 0, 1
422803, 1, 0
422806, 2, bit 0
422806, 2, 1
422810, 3, bit 0
422810, 3, 0
422917, 0, 0
422928, 1, 1
422931, 2, 0
422935, 3, 1
423042, 0, 0
423053, 1, 0
423056, 2, 1
423060, 3, 0
423168, 0, 1
423178, 1, 1
423181, 2, 0
423185, 3, 1
423293, 0, 0
423303, 1, bit 0
423303, 1, 0
423306, 2, 1
423310, 3, 0
423418, 0, 1
423428, 1, 1
423431, 2, 0
423435, 3, 1
423543, 0, 1
423553, 1, 0
423556, 2, 1
423560, 3, 1
423668, 0, 0
423678, 1, 1
423681, 2, 0
423685, 3, 0
423793, 0, 1
423803, 1, 1
423806, 2, 0
423810, 3, 0
423918, 0, 0
423928, 1, 0
423931, 2, 1
423936, 3, 1
424043, 0, 0
424053, 1, 1
424056, 2, 1
424061, 3, 0
424168, 0, 1
424178, 1, 0
424181, 2, 0
424186, 3, 1
424293, 0, bit 1
424293, 0, 1
424303, 1, 1
424306, 2, 0
424311, 3, 0
424418, 0, 0
424428, 1, 0
424431, 2, 1
424436, 3, 1
424543, 0, 0
424553, 1, 1
424556, 2, bit 0
424559, 2, 1
424561, 3, bit 1
424561, 3, 1
424668, 0, 1
424678, 1, 0
424681, 2, 0
424686, 3, 0
424793, 0, 1
424803, 1, 1
424806, 2, 1
424811, 3, 1
424918, 0, 0
424928, 1, 0
424931, 2, 0
424936, 3, 0
425043, 0, 1
425053, 1, bit 1
425053, 1, 1
425056, 2, 1
425061, 3, 1
425168, 0, 0
425178, 1, 0
425181, 2, 0
425186, 3, 0
425293, 0, 0
425303, 1, 1
425306, 2, 1
425311, 3, 0
425418, 0, 1
425428, 1, 0
425431, 2, 0
425436, 3, 1
425543, 0, 0
425553, 1, 0
425556, 2, 0
425561, 3, 1
425668, 0, 1
425678, 1, 1
425681, 2, 1
425686, 3, 0
425793, 0, 1
425803, 1, 0
425806, 2, 1
425811, 3, 1
425918, 0, 0
425928, 1, 1
425931, 2, 0
425936, 3, 0
426043, 0, bit 0
426043, 0, 0
426053, 1, 0
426056, 2, 0
426061, 3, 1
426168, 0, 1
426178, 1, 1
426181, 2, 1
426186, 3, 0
426293, 0, 1
426303, 1, 0
426306, 2, bit 0
426306, 2, 1
426311, 3, bit 1
426311, 3, 1
426418, 0, 0
426428, 1, 1
426431, 2, 0
426436, 3, 0
426543, 0, 0
426553, 1, 0
426556, 2, 1
426561, 3, 1
426668, 0, 1
426678, 1, 1
426681, 2, 0
426686, 3, 0
426793, 0, 0
426803, 1, bit 0
426803, 1, 0
426806, 2, 1
426811, 3, 1
426918, 0, 1
426928, 1, 1
426931, 2, 0
426936, 3, 0
427043, 0, 1
427053, 1, 0
427056, 2, 1
427061, 3, 0
427168, 0, 0
427179, 1, 1
427181, 2, 0
427186, 3, 1
427293, 0, 1
427304, 1, 1
427307, 2, 0
427311, 3, 1
427418, 0, 0
427429, 1, 0
427432, 2, 1
427436, 3, 0
427543, 0, 0
427554, 1, 1
427557, 2, 1
427561, 3, 1
427668, 0, 1
427679, 1, 0
427682, 2, 0
427686, 3, 0
427793, 0, bit 0
427793, 0, 0
427804, 1, 1
427807, 2, 0
427811, 3, 1
427918, 0, 1
427929, 1, 0
427932, 2, 1
427936, 3, 0
428043, 0, 1
428054, 1, 1
428057, 2, bit 1
428057, 2, 0
428061, 3, bit 0
428061, 3, 0
428168, 0, 0
428179, 1, 0
428182, 2, 1
428186, 3, 1
428293, 0, 0
428304, 1, 1
428307, 2, 0
428311, 3, 0
428418, 0, 1
428429, 1, 0
428432, 2, 1
428436, 3, 1
428544, 0, 0
428554, 1, bit 0
428554, 1, 0
428557, 2, 0
428561, 3, 0
428669, 0, 1
428679, 1, 1
428682, 2, 1
428686, 3, 1
428794, 0, 1
428804, 1, 0
428807, 2, 0
428811, 3, 1
428919, 0, 0
428929, 1, 1
428932, 2, 1
428936, 3, 0
429044, 0, 1
429054, 1, 1
429057, 2, 1
429061, 3, 0
429169, 0, 0
429179, 1, 0
429182, 2, 0
429186, 3, 1
429294, 0, 0
429304, 1, 1
429307, 2, 0
429312, 3, 0
429419, 0, 1
429429, 1, 0
429432, 2, 1
429437, 3, 1
429544, 0, bit 1
429544, 0, 1
429554, 1, 1
429557, 2, 1
429562, 3, 0
429669, 0, 0
429679, 1, 0
429682, 2, 0
429687, 3, 1
429794, 0, 0
429804, 1, 1
429807, 2, bit 0
429807, 2, 1
429812, 3, bit 0
429812, 3, 0
429919, 0, 1
429929, 1, 0
429932, 2, 0
429937, 3, 1
430044, 0, 1
430054, 1, 1
430057, 2, 1
430062, 3, 0
430169, 0, 0
430179, 1, 0
430182, 2, 0
430187, 3, 1
430294, 0, 1
430304, 1, bit 1
430304, 1, 1
430307, 2, 1
430312, 3, 0
430419, 0, 0
430429, 1, 0
430432, 2, 0
430437, 3, 1
430544, 0, 0
430554, 1, 1
430557, 2, 1
430562, 3, 1
430669, 0, 1
430679, 1, 0
430682, 2, 0
430687, 3, 0
430794, 0, 0
430804, 1, 0
430807, 2, 0
430812, 3, 0
430919, 0, 1
430929, 1, 1
430932, 2, 1
430937, 3, 1
431044, 0, 1
431054, 1, 0
431057, 2, 1
431062, 3, 0
431169, 0, 0
431179, 1, 1
431182, 2, 0
431187, 3, 1
431294, 0, bit 0
431294, 0, 0
431304, 1, 0
431307, 2, 0
431312, 3, 0
431419, 0, 1
431429, 1, 1
431432, 2, 1
431437, 3, 1
431544, 0, 1
431554, 1, 0
431557, 2, bit 1
431557, 2, 0
431562, 3, bit 1
431562, 3, 1
431669, 0, 0
431679, 1, 1
431682, 2, 1
431687, 3, 0
431794, 0, 0
431804, 1, 0
431807, 2, 0
431812, 3, 1
431919, 0, 1
431929, 1, 1
431932, 2, 1
431937, 3, 0
432044, 0, 0
432054, 1, bit 1
432054, 1, 1
432057, 2, 0
432062, 3, 1
432169, 0, 1
432179, 1, 0
432182, 2, 1
432187, 3, 0
432294, 0, 1
432304, 1, 1
432307, 2, 0
432312, 3, 0
432419, 0, 0
432429, 1, 0
432432, 2, 1
432437, 3, 1
432544, 0, 1
432555, 1, 0
432557, 2, 1
432562, 3, 1
432669, 0, 0
432680, 1, 1
432683, 2, 0
432687, 3, 0
432794, 0, 0
432805, 1, 0
432808, 2, 0
432812, 3, 1
432919, 0, 1
432930, 1, 1
432933, 2, 1
432937, 3, 0
433044, 0, bit 1
433044, 0, 1
433055, 1, 0
433058, 2, 1
433062, 3, 1
433169, 0, 0
433180, 1, 1
433183, 2, 0
433187, 3, 0
433294, 0, 0
433305, 1, 0
433308, 2, bit 0
433308, 2, 1
433312, 3, bit 1
433312, 3, 1
433419, 0, 1
433430, 1, 1
433433, 2, 0
433437, 3, 0
433544, 0, 1
433555, 1, 0
433558, 2, 1
433562, 3, 1
433669, 0, 0
433680, 1, 1
433683, 2, 0
433687, 3, 0
433794, 0, 1
433805, 1, bit 1
433805, 1, 1
433808, 2, 1
433812, 3, 1
433920, 0, 0
433930, 1, 0
433933, 2, 0
433937, 3, 0
434045, 0, 0
434055, 1, 1
434058, 2, 1
434062, 3, 0
434170, 0, 1
434180, 1, 0
434183, 2, 0
434187, 3, 1
434295, 0, 0
434305, 1, 0
434308, 2, 0
434312, 3, 1
434420, 0, 1
434430, 1, 1
434433, 2, 1
434437, 3, 0
434545, 0, 1
434555, 1, 0
434558, 2, 1
434562, 3, 1
434670, 0, 0
434680, 1, 1
434683, 2, 0
434688, 3, 0
434795, 0, bit 0
434795, 0, 0
434805, 1, 0
434808, 2, 0
434813, 3, 1
434920, 0, 1
434930, 1, 1
434933, 2, 1
434938, 3, 0
435045, 0, 1
435055, 1, 0
435058, 2, bit 1
435058, 2, 0
435063, 3, bit 1
435063, 3, 1
435170, 0, 0
435180, 1, 1
435183, 2, 1
435188, 3, 0
435295, 0, 0
435305, 1, 0
435308, 2, 0
435313, 3, 1
435420, 0, 1
435430, 1, 1
435433, 2, 1
435438, 3, 0
435545, 0, 0
435555, 1, bit 0
435555, 1, 0
435558, 2, 0
435563, 3, 1
435670, 0, 1
435680, 1, 1
435683, 2, 1
435688, 3, 0
435795, 0, 1
435805, 1, 0
435808, 2, 0
435813, 3, 0
435920, 0, 0
435930, 1, 1
435933, 2, 1
435938, 3, 1
436045, 0, 1
436055, 1, 1
436058, 2, 1
436063, 3, 1
436170, 0, 0
436180, 1, 0
436183, 2, 0
436188, 3, 0
436295, 0, 0
436305, 1, 1
436308, 2, 0
436313, 3, 1
436420, 0, 1
436430, 1, 0
436433, 2, 1
436438, 3, 0
436545, 0, bit 1
436545, 0, 1
436555, 1, 1
436558, 2, 1
436563, 3, 1
436670, 0, 0
436680, 1, 0
436683, 2, 0
436688, 3, 0
436795, 0, 0
436805, 1, 1
436808, 2, bit 1
436808, 2, 0
436813, 3, bit 1
436813, 3, 1
436920, 0, 1
436930, 1, 0
436933, 2, 1
436938, 3, 0
437045, 0, 1
437055, 1, 1
437058, 2, 0
437063, 3, 1
437170, 0, 0
437180, 1, 0
437183, 2, 1
437188, 3, 0
437295, 0, 1
437305, 1, bit 0
437305, 1, 0
437308, 2, 0
437313, 3, 1
437420, 0, 0
437430, 1, 1
437433, 2, 1
437438, 3, 0
437545, 0, 0
437555, 1, 0
437558, 2, 0
437563, 3, 0
437670, 0, 1
437680, 1, 1
437683, 2, 1
437688, 3, 1
437795, 0, 0
437805, 1, 1
437808, 2, 1
437813, 3, 1
437920, 0, 1
437931, 1, 0
437933, 2, 0
437938, 3, 0
438045, 0, 1
438056, 1, 1
438059, 2, 0
438063, 3, 1
438170, 0, 0
438181, 1, 0
438184, 2, 1
438188, 3, 0
438295, 0, bit 1
438295, 0, 1
438306, 1, 1
438309, 2, 1
438313, 3, 1
438420, 0, 0
438431, 1, 0
438434, 2, 0
438438, 3, 0
438545, 0, 0
438556, 1, 1
438559, 2, bit 1
438559, 2, 0
438563, 3, bit 0
438563, 3, 0
438670, 0, 1
438681, 1, 0
438684, 2, 1
438688, 3, 1
438795, 0, 1
438806, 1, 1
438809, 2, 0
438813, 3, 0
438920, 0, 0
438931, 1, 0
438934, 2, 1
438938, 3, 1
439045, 0, 1
439056, 1, bit 1
439056, 1, 1
439059, 2, 0
439063, 3, 0
439170, 0, 0
439181, 1, 0
439184, 2, 1
439188, 3, 1
439296, 0, 0
439306, 1, 1
439309, 2, 0
439313, 3, 1
439421, 0, 1
439431, 1, 0
439434, 2, 1
439438, 3, 0
439546, 0, 0
439556, 1, 0
439559, 2, 1
439563, 3, 0
439671, 0, 1
439681, 1, 1
439684, 2, 0
439688, 3, 1
439796, 0, 1
439806, 1, 0
439809, 2, 0
439813, 3, 0
439921, 0, 0
439931, 1, 1
439934, 2, 1
439938, 3, 1
440046, 0, bit 0
440046, 0, 0
440056, 1, 0
440059, 2, 1
440064, 3, 0
440171, 0, 1
440181, 1, 1
440184, 2, 0
440189, 3, 1
440296, 0, 1
440306, 1, 0
440309, 2, bit 1
440309, 2, 0
440314, 3, bit 1
440314, 3, 1
440421, 0, 0
440431, 1, 1
440434, 2, 1
440439, 3, 0
440546, 0, 0
440556, 1, 0
440559, 2, 0
440564, 3, 1
440671, 0, 1
440681, 1, 1
440684, 2, 1
440689, 3, 0
440796, 0, 0
440806, 1, bit 1
440806, 1, 1
440809, 2, 0
440814, 3, 1
440921, 0, 1
440931, 1, 0
440934, 2, 1
440939, 3, 0
441046, 0, 1
441056, 1, 1
441059, 2, 0
441064, 3, 0
441171, 0, 0
441181, 1, 0
441184, 2, 1
441189, 3, 1
441296, 0, 1
441306, 1, 0
441309, 2, 1
441314, 3, 1
441421, 0, 0
441431, 1, 1
441434, 2, 0
441439, 3, 0
441546, 0, 0
441556, 1, 0
441559, 2, 0
441564, 3, 1
441671, 0, 1
441681, 1, 1
441684, 2, 1
441689, 3, 0
441796, 0, bit 1
441796, 0, 1
441806, 1, 0
441809, 2, 1
441814, 3, 1
441921, 0, 0
441931, 1, 1
441934, 2, 0
441939, 3, 0
442046, 0, 0
442056, 1, 0
442059, 2, bit 1
442059, 2, 0
442064, 3, bit 1
442064, 3, 1
442171, 0, 1
442181, 1, 1
442184, 2, 1
442189, 3, 0
442296, 0, 1
442306, 1, 0
442309, 2, 0
442314, 3, 1
442421, 0, 0
442431, 1, 1
442434, 2, 1
442439, 3, 0
442546, 0, 1
442556, 1, bit 0
442556, 1, 0
442559, 2, 0
442564, 3, 1
442671, 0, 0
442681, 1, 1
442684, 2, 1
442689, 3, 0
442796, 0, 0
442806, 1, 0
442809, 2, 0
442814, 3, 0
442921, 0, 1
442931, 1, 1
442934, 2, 1
442939, 3, 1
443046, 0, 0
443056, 1, 1
443059, 2, 1
443064, 3, 1
443171, 0, 1
443181, 1, 0
443184, 2, 0
443189, 3, 0
443296, 0, 1
443307, 1, 1
443309, 2, 0
443314, 3, 1
443421, 0, 0
443432, 1, 0
443436, 2, 1
443439, 3, 0
443557, 1, 1
443561, 2, 1
443564, 3, 1
443682, 1, 0
443686, 2, 0
443689, 3, 0
443807, 1, 1
443811, 2, bit 0
443811, 2, 1
443814, 3, bit 1
443814, 3, 1
443932, 1, 0
443936, 2, 0
443939, 3, 0
444057, 1, 1
444061, 2, 1
444064, 3, 1
444182, 1, 0
444186, 2, 0
444189, 3, 0
444307, 1, bit 1
444307, 1, 1
444311, 2, 1
444314, 3, 1
444432, 1, 0
444436, 2, 0
444439, 3, 0
444557, 1, 1
444561, 2, 1
444564, 3, 0
444682, 1, 0
444686, 2, 0
444689, 3, 1
444807, 1, 0
444811, 2, 0
444814, 3, 1
444932, 1, 1
444936, 2, 1
444939, 3, 0
445057, 1, 0
445061, 2, 1
445064, 3, 1
445182, 1, 1
445186, 2, 0
445189, 3, 0
445307, 1, 0
445312, 2, 0
445314, 3, 1
445432, 1, 1
445437, 2, 1
445440, 3, 0
445557, 1, 0
445562, 2, bit 0
445562, 2, 1
445565, 3, bit 0
445565, 3, 0
445682, 1, 1
445687, 2, 0
445690, 3, 1
445807, 1, 0
445812, 2, 1
445815, 3, 0
445932, 1, 1
445937, 2, 0
445940, 3, 1
446057, 1, bit 0
446057, 1, 0
446062, 2, 1
446065, 3, 0
446182, 1, 1
446187, 2, 0
446190, 3, 1
446307, 1, 0
446312, 2, 1
446315, 3, 1
446432, 1, 1
446437, 2, 0
446440, 3, 0
446557, 1, 1
446562, 2, 0
446565, 3, 0
446682, 1, 0
446687, 2, 1
446690, 3, 1
446807, 1, 1
446812, 2, 1
446815, 3, 0
446932, 1, 0
446937, 2, 0
446940, 3, 1
447057, 1, 1
447062, 2, 0
447065, 3, 0
447182, 1, 0
447187, 2, 1
447190, 3, 1
447307, 1, 1
447312, 2, bit 0
447312, 2, 1
447315, 3, bit 0
447315, 3, 0
447432, 1, 0
447437, 2, 0
447440, 3, 1
447557, 1, 1
447562, 2, 1
447565, 3, 0
447682, 1, 0
447687, 2, 0
447690, 3, 1
447807, 1, bit 0
447807, 1, 0
447812, 2, 1
447815, 3, 0
447932, 1, 1
447937, 2, 0
447940, 3, 1
448057, 1, 0
448062, 2, 1
448065, 3, 1
448182, 1, 1
448187, 2, 0
448190, 3, 0
448307, 1, 1
448312, 2, 0
448315, 3, 0
448432, 1, 0
448437, 2, 1
448440, 3, 1
448557, 1, 1
448562, 2, 1
448565, 3, 0
448683, 1, 0
448687, 2, 0
448690, 3, 1
448808, 1, 1
448812, 2, 0
448815, 3, 0
448933, 1, 0
448937, 2, 1
448940, 3, 1
449058, 1, 1
449062, 2, bit 1
449062, 2, 0
449065, 3, bit 1
449065, 3, 1
449183, 1, 0
449187, 2, 1
449190, 3, 0
449308, 1, 1
449312, 2, 0
449315, 3, 1
449433, 1, 0
449437, 2, 1
449440, 3, 0
449558, 1, bit 0
449558, 1, 0
449562, 2, 0
449565, 3, 1
449683, 1, 1
449687, 2, 1
449690, 3, 0
449808, 1, 0
449812, 2, 0
449815, 3, 0
449933, 1, 1
449937, 2, 1
449940, 3, 1
450058, 1, 1
450062, 2, 1
450065, 3, 1
450183, 1, 0
450187, 2, 0
450190, 3, 0
450308, 1, 1
450312, 2, 0
450315, 3, 1
450433, 1, 0
450437, 2, 1
450440, 3, 0
450558, 1, 1
450562, 2, 1
450565, 3, 1
450683, 1, 0
450688, 2, 0
450690, 3, 0
450808, 1, 1
450813, 2, bit 1
450813, 2, 0
450816, 3, bit 1
450816, 3, 1
450933, 1, 0
450938, 2, 1
450941, 3, 0
451058, 1, 1
451063, 2, 0
451066, 3, 1
451183, 1, 0
451188, 2, 1
451191, 3, 0
451313, 2, 0
451316, 3, 1
451438, 2, 1
451441, 3, 0
451563, 2, 0
451566, 3, 0
451688, 2, 1
451691, 3, 1
451813, 2, 1
451816, 3, 1
451938, 2, 0
451941, 3, 0
452063, 2, 0
452066, 3, 1
452188, 2, 1
452191, 3, 0
452313, 2, 1
452316, 3, 1
452438, 2, 0
452441, 3, 0
452563, 2, bit 1
452563, 2, 0
452566, 3, bit 0
452566, 3, 0
452688, 2, 1
452691, 3, 1
452813, 2, 0
452816, 3, 0
452938, 2, 1
452941, 3, 1
453063, 2, 0
453066, 3, 0
453188, 2, 1
453191, 3, 1
453313, 2, 0
453316, 3, 1
453438, 2, 1
453441, 3, 0
453563, 2, 1
453566, 3, 0
453688, 2, 0
453691, 3, 1
453813, 2, 0
453816, 3, 0
453938, 2, 1
453941, 3, 1
454063, 2, 1
454066, 3, 0
454188, 2, 0
454191, 3, 1
454313, 2, bit 0
454313, 2, 1
454316, 3, bit 1
454316, 3, 1
454438, 2, 0
454441, 3, 0
454563, 2, 1
454566, 3, 1
454688, 2, 0
454691, 3, 0
454813, 2, 1
454816, 3, 1
454938, 2, 0
454941, 3, 0
455063, 2, 1
455066, 3, 0
455188, 2, 0
455191, 3, 1
455313, 2, 0
455316, 3, 1
455438, 2, 1
455441, 3, 0
455563, 2, 1
455566, 3, 1
455688, 2, 0
455691, 3, 0
455813, 2, 0
455816, 3, 1
455938, 2, 1
455941, 3, 0
456064, 2, bit 1
456064, 2, 0
456066, 3, bit 1
456066, 3, 1
456189, 2, 1
456193, 3, 0
456314, 2, 0
456318, 3, 1
456439, 2, 1
456443, 3, 0
456564, 2, 0
456568, 3, 1
456689, 2, 1
456693, 3, 0
456814, 2, 0
456818, 3, 0
456939, 2, 1
456943, 3, 1
457064, 2, 1
457068, 3, 1
457189, 2, 0
457193, 3, 0
457314, 2, 0
457318, 3, 1
457439, 2, 1
457443, 3, 0
457564, 2, 1
457568, 3, 1
457689, 2, 0
457693, 3, 0
457814, 2, bit 1
457814, 2, 0
457818, 3, bit 1
457818, 3, 1
457939, 2, 1
457943, 3, 0
458064, 2, 0
458068, 3, 1
458189, 2, 1
458193, 3, 0
458314, 2, 0
458318, 3, 1
458439, 2, 1
458443, 3, 0
458564, 2, 0
458568, 3, 0
458689, 2, 1
458693, 3, 1
458814, 2, 1
458818, 3, 1
458939, 2, 0
458943, 3, 0
459064, 2, 0
459068, 3, 1
459189, 2, 1
459193, 3, 0
459314, 2, 1
459318, 3, 1
459439, 2, 0
459443, 3, 0
459568, 3, bit 1
459568, 3, 1
459693, 3, 0
459819, 3, 1
459944, 3, 0
460069, 3, 1
460194, 3, 0
460319, 3, 0
460444, 3, 1
460569, 3, 1
460694, 3, 0
460819, 3, 1
460944, 3, 0
461069, 3, 1
461194, 3, 0
461319, 3, bit 0
461319, 3, 0
461444, 3, 1
461569, 3, 0
461694, 3, 1
461819, 3, 0
461944, 3, 1
462069, 3, 1
462194, 3, 0
462319, 3, 0
462444, 3, 1
462569, 3, 0
462694, 3, 1
462819, 3, 0
462944, 3, 1
463069, 3, bit 0
463069, 3, 0
463194, 3, 1
463319, 3, 0
463444, 3, 1
463569, 3, 0
463694, 3, 1
463819, 3, 1
463944, 3, 0
464069, 3, 0
464194, 3, 1
464319, 3, 0
464444, 3, 1
464569, 3, 0
464694, 3, 1
464819, 3, bit 0
464819, 3, 0
464944, 3, 1
465069, 3, 0
465195, 3, 1
465320, 3, 0
465445, 3, 1
465570, 3, 1
465695, 3, 0
465820, 3, 0
465945, 3, 1
466070, 3, 0
466195, 3, 1
466320, 3, 0
466445, 3, 1
466570, 3, bit 1
466570, 3, 1
466695, 3, 0
466820, 3, 1
466945, 3, 0
467070, 3, 1
467195, 3, 0
467320, 3, 0
467445, 3, 1
467570, 3, 1
467695, 3, 0
467820, 3, 1
467945, 3, 0
468070, 3, 1
468195, 3, 0
