62 100 1 7 16
(2, 20, 9, 10.00), (code 2)
START
1053680, 0, prem 0
1053680, 0, 0
1053742, 0, 0
1053804, 0, 0
1053867, 0, 0
1053929, 0, 0
1053991, 0, 0
1054053, 0, 0
1054115, 0, 0
1054177, 0, 0
1054239, 0, 0
1054301, 0, 0
1054363, 0, 0
1054425, 0, 0
1054487, 0, 0
1054550, 0, 0
1054612, 0, 0
1054674, 0, 1
1054736, 0, 1
1054798, 0, 1
1054860, 0, 1
1054922, 0, 1
1054984, 0, 1
1055046, 0, 1
1055108, 0, 1
1055170, 0, 1
1055232, 0, 1
1055294, 0, 1
1055356, 0, 1
1055418, 0, 1
1055480, 0, 1
1055542, 0, 1
1055604, 0, 1
1055666, 0, prem 1
1055666, 0, 1
1055728, 0, 1
1055790, 0, 1
1055852, 0, 1
1055915, 0, 1
1055977, 0, 1
1056039, 0, 1
1056101, 0, 1
1056163, 0, 1
1056225, 0, 1
1056287, 0, 1
1056349, 0, 1
1056411, 0, 1
1056473, 0, 1
1056535, 0, 1
1056598, 0, 1
1056660, 0, 0
1056722, 0, 0
1056784, 0, 0
1056846, 0, 0
1056908, 0, 0
1056970, 0, 0
1057032, 0, 0
1057094, 0, 0
1057156, 0, 0
1057218, 0, 0
1057280, 0, 0
1057342, 0, 0
1057404, 0, 0
1057466, 0, 0
1057528, 0, 0
1057590, 0, 0
1057652, 0, prem 0
1057652, 0, 0
1057714, 0, 0
1057776, 0, 0
1057838, 0, 0
1057900, 0, 0
1057963, 0, 0
1058025, 0, 0
1058087, 0, 0
1058149, 0, 0
1058211, 0, 0
1058273, 0, 0
1058335, 0, 0
1058397, 0, 0
1058459, 0, 0
1058521, 0, 0
1058583, 0, 0
1058646, 0, 1
1058708, 0, 1
1058770, 0, 1
1058832, 0, 1
1058894, 0, 1
1058956, 0, 1
1059018, 0, 1
1059080, 0, 1
1059142, 0, 1
1059204, 0, 1
1059266, 0, 1
1059328, 0, 1
1059390, 0, 1
1059452, 0, 1
1059514, 0, 1
1059576, 0, 1
1059638, 0, prem 1
1059638, 0, 1
1059700, 0, 1
1059762, 0, 1
1059824, 0, 1
1059886, 0, 1
1059948, 0, 1
1060011, 0, 1
1060073, 0, 1
1060135, 0, 1
1060197, 0, 1
1060259, 0, 1
1060321, 0, 1
1060383, 0, 1
1060445, 0, 1
1060507, 0, 1
1060569, 0, 1
1060631, 0, 0
1060694, 0, 0
1060756, 0, 0
1060818, 0, 0
1060880, 0, 0
1060942, 0, 0
1061004, 0, 0
1061066, 0, 0
1061128, 0, 0
1061190, 0, 0
1061252, 0, 0
1061314, 0, 0
1061376, 0, 0
1061438, 0, 0
1061500, 0, 0
1061562, 0, 0
1061624, 0, prem 0
1061624, 0, 0
1061686, 0, 0
1061748, 0, 0
1061810, 0, 0
1061872, 0, 0
1061934, 0, 0
1061996, 0, 0
1062059, 0, 0
1062121, 0, 0
1062183, 0, 0
1062245, 0, 0
1062307, 0, 0
1062369, 0, 0
1062431, 0, 0
1062493, 0, 0
1062555, 0, 0
1062617, 0, 1
1062679, 0, 1
1062742, 0, 1
1062804, 0, 1
1062866, 0, 1
1062928, 0, 1
1062990, 0, 1
1063052, 0, 1
1063114, 0, 1
1063176, 0, 1
1063238, 0, 1
1063300, 0, 1
1063362, 0, 1
1063424, 0, 1
1063486, 0, 1
1063548, 0, 1
1063610, 0, prem 1
1063613, 0, 1
1063672, 0, 1
1063734, 0, 1
1063796, 0, 1
1063858, 0, 1
1063920, 0, 1
1063982, 0, 1
1064044, 0, 1
1064107, 0, 1
1064169, 0, 1
1064231, 0, 1
1064293, 0, 1
1064355, 0, 1
1064417, 0, 1
1064479, 0, 1
1064541, 0, 1
1064603, 0, 0
1064665, 0, 0
1064727, 0, 0
1064790, 0, 0
1064852, 0, 0
1064914, 0, 0
1064976, 0, 0
1065038, 0, 0
1065100, 0, 0
1065162, 0, 0
1065224, 0, 0
1065286, 0, 0
1065348, 0, 0
1065410, 0, 0
1065472, 0, 0
1065534, 0, 0
1065596, 0, prem 1
1065596, 0, 1
1065658, 0, 1
1065720, 0, 1
1065782, 0, 1
1065844, 0, 1
1065906, 0, 1
1065968, 0, 1
1066030, 0, 1
1066092, 0, 1
1066155, 0, 1
1066217, 0, 1
1066279, 0, 1
1066341, 0, 1
1066403, 0, 1
1066465, 0, 1
1066527, 0, 1
1066589, 0, 0
1066651, 0, 0
1066713, 0, 0
1066775, 0, 0
1066838, 0, 0
1066900, 0, 0
1066962, 0, 0
1067024, 0, 0
1067086, 0, 0
1067148, 0, 0
1067210, 0, 0
1067272, 0, 0
1067334, 0, 0
1067396, 0, 0
1067458, 0, 0
1067520, 0, 0
1067582, 0, bit 1
1067582, 0, 0
1067644, 0, 1
1067706, 0, 1
1067768, 0, 0
1067830, 0, 0
1067892, 0, 1
1067954, 0, 1
1068016, 0, 0
1068078, 0, 0
1068140, 0, 1
1068203, 0, 1
1068265, 0, 0
1068327, 0, 1
1068389, 0, 0
1068451, 0, bit 1
1068451, 0, 0
1068513, 0, 1
1068575, 0, 1
1068637, 0, 0
1068699, 0, 0
1068761, 0, 1
1068823, 0, 1
1068886, 0, 0
1068948, 0, 0
1069010, 0, 1
1069072, 0, 1
1069134, 0, 0
1069196, 0, 1
1069258, 0, 0
1069320, 0, bit 1
1069320, 0, 0
1069382, 0, 1
1069444, 0, 1
1069506, 0, 0
1069568, 0, 0
1069630, 0, 1
1069692, 0, 1
1069754, 0, 0
1069816, 0, 0
1069878, 0, 1
1069940, 0, 1
1070002, 0, 0
1070064, 0, 1
1070126, 0, 0
1070188, 0, bit 0
1070188, 0, 1
1070251, 0, 0
1070313, 0, 0
1070375, 0, 1
1070437, 0, 1
1070499, 0, 0
1070561, 0, 0
1070623, 0, 1
1070685, 0, 1
1070747, 0, 0
1070809, 0, 0
1070871, 0, 1
1070934, 0, 0
1070996, 0, 1
1071058, 0, bit 0
1071058, 0, 1
1071120, 0, 0
1071182, 0, 0
1071244, 0, 1
1071306, 0, 1
1071368, 0, 0
1071430, 0, 0
1071492, 0, 1
1071554, 0, 1
1071616, 0, 0
1071678, 0, 0
1071740, 0, 1
1071802, 0, 0
1071864, 0, 1
1071926, 0, bit 1
1071926, 0, 0
1071988, 0, 1
1072050, 0, 1
1072112, 0, 0
1072174, 0, 0
1072236, 0, 1
1072299, 0, 1
1072361, 0, 0
1072423, 0, 0
1072485, 0, 1
1072547, 0, 1
1072609, 0, 0
1072671, 0, 1
1072733, 0, 0
1072795, 0, bit 1
1072795, 0, 0
1072857, 0, 1
1072919, 0, 1
1072982, 0, 0
1073044, 0, 0
1073106, 0, 1
1073168, 0, 1
1073230, 0, 0
1073292, 0, 0
1073354, 0, 1
1073416, 0, 1
1073478, 0, 0
1073540, 0, 1
1073602, 0, 0
1073664, 0, bit 0
1073664, 0, 1
1073726, 0, 0
1073788, 0, 0
1073850, 0, 1
1073912, 0, 1
1073974, 0, 0
1074036, 0, 0
1074098, 0, 1
1074160, 0, 1
1074222, 0, 0
1074284, 0, 0
1074347, 0, 1
1074409, 0, 0
1074471, 0, 1
1074533, 0, bit 0
1074533, 0, 1
1074595, 0, 0
1074657, 0, 0
1074719, 0, 1
1074781, 0, 1
1074843, 0, 0
1074905, 0, 0
1074967, 0, 1
1075030, 0, 1
1075092, 0, 0
1075154, 0, 0
1075216, 0, 1
1075278, 0, 0
1075340, 0, 1
1075402, 0, bit 1
1075402, 0, 0
1075464, 0, 1
1075526, 0, 1
1075588, 0, 0
1075650, 0, 0
1075712, 0, 1
1075774, 0, 1
1075836, 0, 0
1075898, 0, 0
1075960, 0, 1
1076022, 0, 1
1076084, 0, 0
1076146, 0, 1
1076208, 0, 0
1076270, 0, bit 1
1076270, 0, 0
1076332, 0, 1
1076395, 0, 1
1076457, 0, 0
1076519, 0, 0
1076581, 0, 1
1076643, 0, 1
1076705, 0, 0
1076767, 0, 0
1076829, 0, 1
1076891, 0, 1
1076953, 0, 0
1077015, 0, 1
1077078, 0, 0
1077140, 0, bit 1
1077140, 0, 0
1077202, 0, 1
1077264, 0, 1
1077326, 0, 0
1077388, 0, 0
1077450, 0, 1
1077512, 0, 1
1077574, 0, 0
1077636, 0, 0
1077698, 0, 1
1077760, 0, 1
1077822, 0, 0
1077884, 0, 1
1077946, 0, 0
1078008, 0, bit 0
1078008, 0, 1
1078070, 0, 0
1078132, 0, 0
1078194, 0, 1
1078256, 0, 1
1078318, 0, 0
1078380, 0, 0
1078443, 0, 1
1078505, 0, 1
1078567, 0, 0
1078629, 0, 0
1078691, 0, 1
1078753, 0, 0
1078815, 0, 1
1078877, 0, bit 1
1078877, 0, 0
1078939, 0, 1
1079001, 0, 1
1079063, 0, 0
1079126, 0, 0
1079188, 0, 1
1079250, 0, 1
1079312, 0, 0
1079374, 0, 0
1079436, 0, 1
1079498, 0, 1
1079560, 0, 0
1079622, 0, 1
1079684, 0, 0
1079746, 0, bit 0
1079746, 0, 1
1079808, 0, 0
1079870, 0, 0
1079932, 0, 1
1079994, 0, 1
1080056, 0, 0
1080118, 0, 0
1080180, 0, 1
1080242, 0, 1
1080304, 0, 0
1080366, 0, 0
1080428, 0, 1
1080491, 0, 0
1080553, 0, 1
1080615, 0, bit 0
1080615, 0, 1
1080677, 0, 0
1080739, 0, 0
1080801, 0, 1
1080863, 0, 1
1080925, 0, 0
1080987, 0, 0
1081049, 0, 1
1081111, 0, 1
1081174, 0, 0
1081236, 0, 0
1081298, 0, 1
1081360, 0, 0
1081422, 0, 1
1081484, 0, bit 0
1081484, 0, 1
1081546, 0, 0
1081608, 0, 0
1081670, 0, 1
1081732, 0, 1
1081794, 0, 0
1081856, 0, 0
1081918, 0, 1
1081980, 0, 1
1082042, 0, 0
1082104, 0, 0
1082166, 0, 1
1082228, 0, 0
1082290, 0, 1
1082352, 0, bit 0
1082352, 0, 1
1082414, 0, 0
1082476, 0, 0
1082539, 0, 1
1082601, 0, 1
1082663, 0, 0
1082725, 0, 0
1082787, 0, 1
1082849, 0, 1
1082911, 0, 0
1082973, 0, 0
1083035, 0, 1
1083097, 0, 0
1083159, 0, 1
1083222, 0, bit 0
1083225, 0, 1
1083284, 0, 0
1083346, 0, 0
1083408, 0, 1
1083470, 0, 1
1083532, 0, 0
1083594, 0, 0
1083656, 0, 1
1083718, 0, 1
1083780, 0, 0
1083842, 0, 0
1083904, 0, 1
1083966, 0, 0
1084028, 0, 1
1084090, 0, bit 1
1084090, 0, 0
1084152, 0, 1
1084214, 0, 1
1084276, 0, 0
1084338, 0, 0
1084400, 0, 1
1084462, 0, 1
1084524, 0, 0
1084587, 0, 0
1084649, 0, 1
1084711, 0, 1
1084773, 0, 0
1084835, 0, 1
1084897, 0, 0
1084959, 0, bit 1
1084959, 0, 0
1085021, 0, 1
1085083, 0, 1
1085145, 0, 0
1085207, 0, 0
1085270, 0, 1
1085332, 0, 1
1085394, 0, 0
1085456, 0, 0
1085518, 0, 1
1085580, 0, 1
1085642, 0, 0
1085704, 0, 1
1085766, 0, 0
1085828, 0, bit 0
1085828, 0, 1
1085890, 0, 0
1085952, 0, 0
1086014, 0, 1
1086076, 0, 1
1086138, 0, 0
1086200, 0, 0
1086262, 0, 1
1086324, 0, 1
1086386, 0, 0
1086448, 0, 0
1086510, 0, 1
1086572, 0, 0
1086635, 0, 1
1086697, 0, bit 1
1086697, 0, 0
1086759, 0, 1
1086821, 0, 1
1086883, 0, 0
1086945, 0, 0
1087007, 0, 1
1087069, 0, 1
1087131, 0, 0
1087193, 0, 0
1087255, 0, 1
1087318, 0, 1
1087380, 0, 0
1087442, 0, 1
1087504, 0, 0
1087566, 0, bit 0
1087566, 0, 1
1087628, 0, 0
1087690, 0, 0
1087752, 0, 1
1087814, 0, 1
1087876, 0, 0
1087938, 0, 0
1088000, 0, 1
1088062, 0, 1
1088124, 0, 0
1088186, 0, 0
1088248, 0, 1
1088310, 0, 0
1088372, 0, 1
1088434, 0, bit 0
1088434, 0, 1
1088496, 0, 0
1088558, 0, 0
1088620, 0, 1
1088683, 0, 1
1088745, 0, 0
1088807, 0, 0
1088869, 0, 1
1088931, 0, 1
1088993, 0, 0
1089055, 0, 0
1089117, 0, 1
1089179, 0, 0
1089241, 0, 1
1089303, 0, bit 0
1089303, 0, 1
1089366, 0, 0
1089428, 0, 0
1089490, 0, 1
1089552, 0, 1
1089614, 0, 0
1089676, 0, 0
1089738, 0, 1
1089800, 0, 1
1089862, 0, 0
1089924, 0, 0
1089986, 0, 1
1090048, 0, 0
1090110, 0, 1
1090172, 0, bit 0
1090172, 0, 1
1090234, 0, 0
1090296, 0, 0
1090358, 0, 1
1090420, 0, 1
1090482, 0, 0
1090544, 0, 0
1090606, 0, 1
1090668, 0, 1
1090731, 0, 0
1090793, 0, 0
1090855, 0, 1
1090917, 0, 0
1090979, 0, 1
1091041, 0, bit 1
1091041, 0, 0
1091103, 0, 1
1091165, 0, 1
1091227, 0, 0
1091289, 0, 0
1091351, 0, 1
1091414, 0, 1
1091476, 0, 0
1091538, 0, 0
1091600, 0, 1
1091662, 0, 1
1091724, 0, 0
1091786, 0, 1
1091848, 0, 0
1091910, 0, bit 1
1091910, 0, 0
1091972, 0, 1
1092034, 0, 1
1092096, 0, 0
1092158, 0, 0
1092220, 0, 1
1092282, 0, 1
1092344, 0, 0
1092406, 0, 0
1092468, 0, 1
1092530, 0, 1
1092592, 0, 0
1092654, 0, 1
1092716, 0, 0
1092779, 0, bit 1
1092779, 0, 0
1092841, 0, 1
1092903, 0, 1
1092965, 0, 0
1093027, 0, 0
1093089, 0, 1
1093151, 0, 1
1093213, 0, 0
1093275, 0, 0
1093337, 0, 1
1093399, 0, 1
1093462, 0, 0
1093524, 0, 1
1093586, 0, 0
1093648, 0, bit 0
1093648, 0, 1
1093710, 0, 0
1093772, 0, 0
1093834, 0, 1
1093896, 0, 1
1093958, 0, 0
1094020, 0, 0
1094082, 0, 1
1094144, 0, 1
1094206, 0, 0
1094268, 0, 0
1094330, 0, 1
1094392, 0, 0
1094454, 0, 1
1094516, 0, bit 0
1094516, 0, 1
1094578, 0, 0
1094640, 0, 0
1094702, 0, 1
1094764, 0, 1
1094827, 0, 0
1094889, 0, 0
1094951, 0, 1
1095013, 0, 1
1095075, 0, 0
1095137, 0, 0
1095199, 0, 1
1095261, 0, 0
1095323, 0, 1
1095385, 0, bit 1
1095385, 0, 0
1095447, 0, 1
1095510, 0, 1
1095572, 0, 0
1095634, 0, 0
1095696, 0, 1
1095758, 0, 1
1095820, 0, 0
1095882, 0, 0
1095944, 0, 1
1096006, 0, 1
1096068, 0, 0
1096130, 0, 1
1096192, 0, 0
1096254, 0, bit 0
1096254, 0, 1
1096316, 0, 0
1096378, 0, 0
1096440, 0, 1
1096502, 0, 1
1096564, 0, 0
1096626, 0, 0
1096688, 0, 1
1096750, 0, 1
1096812, 0, 0
1096875, 0, 0
1096937, 0, 1
1096999, 0, 0
1097061, 0, 1
1097123, 0, bit 1
1097123, 0, 0
1097185, 0, 1
1097247, 0, 1
1097309, 0, 0
1097371, 0, 0
1097433, 0, 1
1097495, 0, 1
1097558, 0, 0
1097620, 0, 0
1097682, 0, 1
1097744, 0, 1
1097806, 0, 0
1097868, 0, 1
1097930, 0, 0
1097992, 0, bit 1
1097992, 0, 0
1098054, 0, 1
1098116, 0, 1
1098178, 0, 0
1098240, 0, 0
1098302, 0, 1
1098364, 0, 1
1098426, 0, 0
1098488, 0, 0
1098550, 0, 1
1098612, 0, 1
1098674, 0, 0
1098736, 0, 1
1098798, 0, 0
1098860, 0, bit 1
1098860, 0, 0
1098923, 0, 1
1098985, 0, 1
1099047, 0, 0
1099109, 0, 0
1099171, 0, 1
1099233, 0, 1
1099295, 0, 0
1099357, 0, 0
1099419, 0, 1
1099481, 0, 1
1099543, 0, 0
1099606, 0, 1
1099668, 0, 0
1099730, 0, bit 1
1099730, 0, 0
1099792, 0, 1
1099854, 0, 1
1099916, 0, 0
1099978, 0, 0
1100040, 0, 1
1100102, 0, 1
1100164, 0, 0
1100226, 0, 0
1100288, 0, 1
1100350, 0, 1
1100412, 0, 0
1100474, 0, 1
1100536, 0, 0
1100598, 0, bit 0
1100598, 0, 1
1100660, 0, 0
1100722, 0, 0
1100784, 0, 1
1100846, 0, 1
1100908, 0, 0
1100971, 0, 0
1101033, 0, 1
1101095, 0, 1
1101157, 0, 0
1101219, 0, 0
1101281, 0, 1
1101343, 0, 0
1101405, 0, 1
1101467, 0, bit 1
1101467, 0, 0
1101529, 0, 1
1101591, 0, 1
1101654, 0, 0
1101716, 0, 0
1101778, 0, 1
1101840, 0, 1
1101902, 0, 0
1101964, 0, 0
1102026, 0, 1
1102088, 0, 1
1102150, 0, 0
1102212, 0, 1
1102274, 0, 0
1102336, 0, bit 0
1102336, 0, 1
1102398, 0, 0
1102460, 0, 0
1102522, 0, 1
1102584, 0, 1
1102646, 0, 0
1102708, 0, 0
1102770, 0, 1
1102832, 0, 1
1102894, 0, 0
1102956, 0, 0
1103019, 0, 1
1103081, 0, 0
1103143, 0, 1
1103205, 0, bit 1
1103205, 0, 0
1103267, 0, 1
1103329, 0, 1
1103391, 0, 0
1103453, 0, 0
1103515, 0, 1
1103577, 0, 1
1103639, 0, 0
1103702, 0, 0
1103764, 0, 1
1103826, 0, 1
1103888, 0, 0
1103950, 0, 1
1104012, 0, 0
1104074, 0, bit 0
1104074, 0, 1
1104136, 0, 0
1104198, 0, 0
1104260, 0, 1
1104322, 0, 1
1104384, 0, 0
1104446, 0, 0
1104508, 0, 1
1104570, 0, 1
1104632, 0, 0
1104694, 0, 0
1104756, 0, 1
1104818, 0, 0
1104880, 0, 1
1104942, 0, bit 1
1104942, 0, 0
1105004, 0, 1
1105067, 0, 1
1105129, 0, 0
1105191, 0, 0
1105253, 0, 1
1105315, 0, 1
1105377, 0, 0
1105439, 0, 0
1105501, 0, 1
1105563, 0, 1
1105625, 0, 0
1105687, 0, 1
1105750, 0, 0
1105812, 0, bit 1
1105812, 0, 0
1105874, 0, 1
1105936, 0, 1
1105998, 0, 0
1106060, 0, 0
1106122, 0, 1
1106184, 0, 1
1106246, 0, 0
1106308, 0, 0
1106370, 0, 1
1106432, 0, 1
1106494, 0, 0
1106556, 0, 1
1106618, 0, 0
1106680, 0, bit 1
1106680, 0, 0
1106742, 0, 1
1106804, 0, 1
1106866, 0, 0
1106928, 0, 0
1106990, 0, 1
1107052, 0, 1
1107115, 0, 0
1107177, 0, 0
1107239, 0, 1
1107301, 0, 1
1107363, 0, 0
1107425, 0, 1
1107487, 0, 0
1107549, 0, bit 1
1107549, 0, 0
1107611, 0, 1
1107673, 0, 1
1107735, 0, 0
1107798, 0, 0
1107860, 0, 1
1107922, 0, 1
1107984, 0, 0
1108046, 0, 0
1108108, 0, 1
1108170, 0, 1
1108232, 0, 0
1108294, 0, 1
1108356, 0, 0
1108418, 0, bit 1
1108418, 0, 0
1108480, 0, 1
1108542, 0, 1
1108604, 0, 0
1108666, 0, 0
1108728, 0, 1
1108790, 0, 1
1108852, 0, 0
1108914, 0, 0
1108976, 0, 1
1109038, 0, 1
1109100, 0, 0
1109163, 0, 1
1109225, 0, 0
1109287, 0, bit 0
1109287, 0, 1
1109349, 0, 0
1109411, 0, 0
1109473, 0, 1
1109535, 0, 1
1109597, 0, 0
1109659, 0, 0
1109721, 0, 1
1109783, 0, 1
1109846, 0, 0
1109908, 0, 0
1109970, 0, 1
1110032, 0, 0
1110094, 0, 1
1110156, 0, bit 1
1110156, 0, 0
1110218, 0, 1
1110280, 0, 1
1110342, 0, 0
1110404, 0, 0
1110466, 0, 1
1110528, 0, 1
1110590, 0, 0
1110652, 0, 0
1110714, 0, 1
1110776, 0, 1
1110838, 0, 0
1110900, 0, 1
1110962, 0, 0
1111024, 0, bit 1
1111024, 0, 0
1111086, 0, 1
1111148, 0, 1
1111211, 0, 0
1111273, 0, 0
1111335, 0, 1
1111397, 0, 1
1111459, 0, 0
1111521, 0, 0
1111583, 0, 1
1111645, 0, 1
1111707, 0, 0
1111769, 0, 1
1111831, 0, 0
1111894, 0, bit 1
1111894, 0, 0
1111956, 0, 1
1112018, 0, 1
1112080, 0, 0
1112142, 0, 0
1112204, 0, 1
1112266, 0, 1
1112328, 0, 0
1112390, 0, 0
1112452, 0, 1
1112514, 0, 1
1112576, 0, 0
1112638, 0, 1
1112700, 0, 0
1112762, 0, bit 1
1112762, 0, 0
1112824, 0, 1
1112886, 0, 1
1112948, 0, 0
1113010, 0, 0
1113072, 0, 1
1113134, 0, 1
1113196, 0, 0
1113259, 0, 0
1113321, 0, 1
1113383, 0, 1
1113445, 0, 0
1113507, 0, 1
1113569, 0, 0
1113631, 0, bit 0
1113631, 0, 1
1113693, 0, 0
1113755, 0, 0
1113817, 0, 1
1113879, 0, 1
1113942, 0, 0
1114004, 0, 0
1114066, 0, 1
1114128, 0, 1
1114190, 0, 0
1114252, 0, 0
1114314, 0, 1
1114376, 0, 0
1114438, 0, 1
1114500, 0, bit 0
1114500, 0, 1
1114562, 0, 0
1114624, 0, 0
1114686, 0, 1
1114748, 0, 1
1114810, 0, 0
1114872, 0, 0
1114934, 0, 1
1114996, 0, 1
1115058, 0, 0
1115120, 0, 0
1115182, 0, 1
1115244, 0, 0
1115307, 0, 1
1115369, 0, bit 0
1115369, 0, 1
1115431, 0, 0
1115493, 0, 0
1115555, 0, 1
1115617, 0, 1
1115679, 0, 0
1115741, 0, 0
1115803, 0, 1
1115865, 0, 1
1115927, 0, 0
1115990, 0, 0
1116052, 0, 1
1116114, 0, 0
1116176, 0, 1
1116238, 0, bit 0
1116249, 0, 1
1116300, 0, 0
1116362, 0, 0
1116424, 0, 1
1116486, 0, 1
1116548, 0, 0
1116610, 0, 0
1116672, 0, 1
1116734, 0, 1
1116796, 0, 0
1116858, 0, 0
1116920, 0, 1
1116982, 0, 0
1117044, 0, 1
1117106, 0, bit 0
1117106, 0, 1
1117168, 0, 0
1117230, 0, 0
1117292, 0, 1
1117355, 0, 1
1117417, 0, 0
1117479, 0, 0
1117541, 0, 1
1117603, 0, 1
1117665, 0, 0
1117727, 0, 0
1117789, 0, 1
1117851, 0, 0
1117913, 0, 1
1117975, 0, bit 0
1117975, 0, 1
1118038, 0, 0
1118100, 0, 0
1118162, 0, 1
1118224, 0, 1
1118286, 0, 0
1118348, 0, 0
1118410, 0, 1
1118472, 0, 1
1118534, 0, 0
1118596, 0, 0
1118658, 0, 1
1118720, 0, 0
1118782, 0, 1
1118844, 0, bit 0
1118844, 0, 1
1118906, 0, 0
1118968, 0, 0
1119030, 0, 1
1119092, 0, 1
1119154, 0, 0
1119216, 0, 0
1119278, 0, 1
1119340, 0, 1
1119403, 0, 0
1119465, 0, 0
1119527, 0, 1
1119589, 0, 0
1119651, 0, 1
1119713, 0, bit 1
1119713, 0, 0
1119775, 0, 1
1119837, 0, 1
1119899, 0, 0
1119961, 0, 0
1120023, 0, 1
1120086, 0, 1
1120148, 0, 0
1120210, 0, 0
1120272, 0, 1
1120334, 0, 1
1120396, 0, 0
1120458, 0, 1
1120520, 0, 0
1120582, 0, bit 0
1120582, 0, 1
1120644, 0, 0
1120706, 0, 0
1120768, 0, 1
1120830, 0, 1
1120892, 0, 0
1120954, 0, 0
1121016, 0, 1
1121078, 0, 1
1121140, 0, 0
1121202, 0, 0
1121264, 0, 1
1121326, 0, 0
1121388, 0, 1
1121451, 0, bit 1
1121451, 0, 0
1121513, 0, 1
1121575, 0, 1
1121637, 0, 0
1121699, 0, 0
1121761, 0, 1
1121823, 0, 1
1121885, 0, 0
1121947, 0, 0
1122009, 0, 1
1122071, 0, 1
1122134, 0, 0
1122196, 0, 1
1122258, 0, 0
1122320, 0, bit 0
1122320, 0, 1
1122382, 0, 0
1122444, 0, 0
1122506, 0, 1
1122568, 0, 1
1122630, 0, 0
1122692, 0, 0
1122754, 0, 1
1122816, 0, 1
1122878, 0, 0
1122940, 0, 0
1123002, 0, 1
1123064, 0, 0
1123126, 0, 1
1123188, 0, bit 1
1123188, 0, 0
1123250, 0, 1
1123312, 0, 1
1123374, 0, 0
1123436, 0, 0
1123499, 0, 1
1123561, 0, 1
1123623, 0, 0
1123685, 0, 0
1123747, 0, 1
1123809, 0, 1
1123871, 0, 0
1123933, 0, 1
1123995, 0, 0
1124057, 0, bit 1
1124057, 0, 0
1124119, 0, 1
1124182, 0, 1
1124244, 0, 0
1124306, 0, 0
1124368, 0, 1
1124430, 0, 1
1124492, 0, 0
1124554, 0, 0
1124616, 0, 1
1124678, 0, 1
1124740, 0, 0
1124802, 0, 1
1124864, 0, 0
1124926, 0, bit 1
1124926, 0, 0
1124988, 0, 1
1125050, 0, 1
1125112, 0, 0
1125174, 0, 0
1125236, 0, 1
1125298, 0, 1
1125360, 0, 0
1125422, 0, 0
1125484, 0, 1
1125547, 0, 1
1125609, 0, 0
1125671, 0, 1
1125733, 0, 0
1125795, 0, bit 0
1125795, 0, 1
1125857, 0, 0
1125919, 0, 0
1125981, 0, 1
1126043, 0, 1
1126105, 0, 0
1126167, 0, 0
1126230, 0, 1
1126292, 0, 1
1126354, 0, 0
1126416, 0, 0
1126478, 0, 1
1126540, 0, 0
1126602, 0, 1
1126664, 0, bit 1
1126664, 0, 0
1126726, 0, 1
1126788, 0, 1
1126850, 0, 0
1126912, 0, 0
1126974, 0, 1
1127036, 0, 1
1127098, 0, 0
1127160, 0, 0
1127222, 0, 1
1127284, 0, 1
1127346, 0, 0
1127408, 0, 1
1127470, 0, 0
1127532, 0, bit 0
1127532, 0, 1
1127595, 0, 0
1127657, 0, 0
1127719, 0, 1
1127781, 0, 1
1127843, 0, 0
1127905, 0, 0
1127967, 0, 1
1128029, 0, 1
1128091, 0, 0
1128153, 0, 0
1128215, 0, 1
1128278, 0, 0
1128340, 0, 1
1128402, 0, bit 1
1128402, 0, 0
1128464, 0, 1
1128526, 0, 1
1128588, 0, 0
1128650, 0, 0
1128712, 0, 1
1128774, 0, 1
1128836, 0, 0
1128898, 0, 0
1128960, 0, 1
1129022, 0, 1
1129084, 0, 0
1129146, 0, 1
1129208, 0, 0
1129270, 0, bit 1
1129270, 0, 0
1129332, 0, 1
1129394, 0, 1
1129456, 0, 0
1129518, 0, 0
1129580, 0, 1
1129643, 0, 1
1129705, 0, 0
1129767, 0, 0
1129829, 0, 1
1129891, 0, 1
1129953, 0, 0
1130015, 0, 1
1130077, 0, 0
1130139, 0, bit 0
1130139, 0, 1
1130201, 0, 0
1130263, 0, 0
1130326, 0, 1
1130388, 0, 1
1130450, 0, 0
1130512, 0, 0
1130574, 0, 1
1130636, 0, 1
1130698, 0, 0
1130760, 0, 0
1130822, 0, 1
1130884, 0, 0
1130946, 0, 1
1131008, 0, bit 1
1131008, 0, 0
1131070, 0, 1
1131132, 0, 1
1131194, 0, 0
1131256, 0, 0
1131318, 0, 1
1131380, 0, 1
1131442, 0, 0
1131504, 0, 0
1131566, 0, 1
1131628, 0, 1
1131691, 0, 0
1131753, 0, 1
1131815, 0, 0
1131877, 0, bit 0
1131877, 0, 1
1131939, 0, 0
1132001, 0, 0
1132063, 0, 1
1132125, 0, 1
1132187, 0, 0
1132249, 0, 0
1132311, 0, 1
1132374, 0, 1
1132436, 0, 0
1132498, 0, 0
1132560, 0, 1
1132622, 0, 0
1132684, 0, 1
1132746, 0, bit 0
1132746, 0, 1
1132808, 0, 0
1132870, 0, 0
1132932, 0, 1
1132994, 0, 1
1133056, 0, 0
1133118, 0, 0
1133180, 0, 1
1133242, 0, 1
1133304, 0, 0
1133366, 0, 0
1133428, 0, 1
1133490, 0, 0
1133552, 0, 1
1133614, 0, bit 0
1133614, 0, 1
1133676, 0, 0
1133739, 0, 0
1133801, 0, 1
1133863, 0, 1
1133925, 0, 0
1133987, 0, 0
1134049, 0, 1
1134111, 0, 1
1134173, 0, 0
1134235, 0, 0
1134297, 0, 1
1134359, 0, 0
1134422, 0, 1
1134484, 0, bit 0
1134484, 0, 1
1134546, 0, 0
1134608, 0, 0
1134670, 0, 1
1134732, 0, 1
1134794, 0, 0
1134856, 0, 0
1134918, 0, 1
1134980, 0, 1
1135042, 0, 0
1135104, 0, 0
1135166, 0, 1
1135228, 0, 0
1135290, 0, 1
1135352, 0, bit 0
1135352, 0, 1
1135414, 0, 0
1135476, 0, 0
1135538, 0, 1
1135600, 0, 1
1135662, 0, 0
1135724, 0, 0
1135787, 0, 1
1135849, 0, 1
1135911, 0, 0
1135973, 0, 0
1136035, 0, 1
1136097, 0, 0
1136159, 0, 1
1136221, 0, bit 0
1136221, 0, 1
1136283, 0, 0
1136345, 0, 0
1136407, 0, 1
1136470, 0, 1
1136532, 0, 0
1136594, 0, 0
1136656, 0, 1
1136718, 0, 1
1136780, 0, 0
1136842, 0, 0
1136904, 0, 1
1136966, 0, 0
1137028, 0, 1
1137090, 0, bit 0
1137090, 0, 1
1137152, 0, 0
1137214, 0, 0
1137276, 0, 1
1137338, 0, 1
1137400, 0, 0
1137462, 0, 0
1137524, 0, 1
1137586, 0, 1
1137648, 0, 0
1137710, 0, 0
1137772, 0, 1
1137835, 0, 0
1137897, 0, 1
1137959, 0, bit 1
1137959, 0, 0
1138021, 0, 1
1138083, 0, 1
1138145, 0, 0
1138207, 0, 0
1138269, 0, 1
1138331, 0, 1
1138393, 0, 0
1138455, 0, 0
1138518, 0, 1
1138580, 0, 1
1138642, 0, 0
1138704, 0, 1
1138766, 0, 0
1138828, 0, bit 0
1138828, 0, 1
1138890, 0, 0
1138952, 0, 0
1139014, 0, 1
1139076, 0, 1
1139138, 0, 0
1139200, 0, 0
1139262, 0, 1
1139324, 0, 1
1139386, 0, 0
1139448, 0, 0
1139510, 0, 1
1139572, 0, 0
1139634, 0, 1
1139696, 0, bit 0
1139696, 0, 1
1139758, 0, 0
1139820, 0, 0
1139883, 0, 1
1139945, 0, 1
1140007, 0, 0
1140069, 0, 0
1140131, 0, 1
1140193, 0, 1
1140255, 0, 0
1140317, 0, 0
1140379, 0, 1
1140441, 0, 0
1140503, 0, 1
1140566, 0, bit 1
1140566, 0, 0
1140628, 0, 1
1140690, 0, 1
1140752, 0, 0
1140814, 0, 0
1140876, 0, 1
1140938, 0, 1
1141000, 0, 0
1141062, 0, 0
1141124, 0, 1
1141186, 0, 1
1141248, 0, 0
1141310, 0, 1
1141372, 0, 0
1141434, 0, bit 1
1141434, 0, 0
1141496, 0, 1
1141558, 0, 1
1141620, 0, 0
1141682, 0, 0
1141744, 0, 1
1141806, 0, 1
1141868, 0, 0
1141931, 0, 0
1141993, 0, 1
1142055, 0, 1
1142117, 0, 0
1142179, 0, 1
1142241, 0, 0
1142303, 0, bit 1
1142303, 0, 0
1142365, 0, 1
1142427, 0, 1
1142489, 0, 0
1142551, 0, 0
1142614, 0, 1
1142676, 0, 1
1142738, 0, 0
1142800, 0, 0
1142862, 0, 1
1142924, 0, 1
1142986, 0, 0
1143048, 0, 1
1143110, 0, 0
1143172, 0, bit 1
1143172, 0, 0
1143234, 0, 1
1143296, 0, 1
1143358, 0, 0
1143420, 0, 0
1143482, 0, 1
1143544, 0, 1
1143606, 0, 0
1143668, 0, 0
1143730, 0, 1
1143792, 0, 1
1143854, 0, 0
1143916, 0, 1
1143979, 0, 0
1144041, 0, bit 0
1144041, 0, 1
1144103, 0, 0
1144165, 0, 0
1144227, 0, 1
1144289, 0, 1
1144351, 0, 0
1144413, 0, 0
1144475, 0, 1
1144537, 0, 1
1144599, 0, 0
1144662, 0, 0
1144724, 0, 1
1144786, 0, 0
1144848, 0, 1
1144910, 0, bit 1
1144910, 0, 0
1144972, 0, 1
1145034, 0, 1
1145096, 0, 0
1145158, 0, 0
1145220, 0, 1
1145282, 0, 1
1145344, 0, 0
1145406, 0, 0
1145468, 0, 1
1145530, 0, 1
1145592, 0, 0
1145654, 0, 1
1145716, 0, 0
1145778, 0, bit 0
1145778, 0, 1
1145840, 0, 0
1145902, 0, 0
1145964, 0, 1
1146027, 0, 1
1146089, 0, 0
1146151, 0, 0
1146213, 0, 1
1146275, 0, 1
1146337, 0, 0
1146399, 0, 0
1146461, 0, 1
1146523, 0, 0
1146585, 0, 1
1146647, 0, bit 0
1146647, 0, 1
1146710, 0, 0
1146772, 0, 0
1146834, 0, 1
1146896, 0, 1
1146958, 0, 0
1147020, 0, 0
1147082, 0, 1
1147144, 0, 1
1147206, 0, 0
1147268, 0, 0
1147330, 0, 1
1147392, 0, 0
1147454, 0, 1
1147516, 0, bit 1
1147516, 0, 0
1147578, 0, 1
1147640, 0, 1
1147702, 0, 0
1147764, 0, 0
1147826, 0, 1
1147888, 0, 1
1147950, 0, 0
1148012, 0, 0
1148075, 0, 1
1148137, 0, 1
1148199, 0, 0
1148261, 0, 1
1148323, 0, 0
1148385, 0, bit 1
1148385, 0, 0
1148447, 0, 1
1148509, 0, 1
1148571, 0, 0
1148633, 0, 0
1148695, 0, 1
1148758, 0, 1
1148820, 0, 0
1148882, 0, 0
1148944, 0, 1
1149006, 0, 1
1149068, 0, 0
1149130, 0, 1
1149192, 0, 0
1149254, 0, bit 1
1149257, 0, 0
1149316, 0, 1
1149378, 0, 1
1149440, 0, 0
1149502, 0, 0
1149564, 0, 1
1149626, 0, 1
1149688, 0, 0
1149750, 0, 0
1149812, 0, 1
1149874, 0, 1
1149936, 0, 0
1149998, 0, 1
1150060, 0, 0
1150123, 0, bit 1
1150123, 0, 0
1150185, 0, 1
1150247, 0, 1
1150309, 0, 0
1150371, 0, 0
1150433, 0, 1
1150495, 0, 1
1150557, 0, 0
1150619, 0, 0
1150681, 0, 1
1150743, 0, 1
1150806, 0, 0
1150868, 0, 1
1150930, 0, 0
1150992, 0, bit 1
1150992, 0, 0
1151054, 0, 1
1151116, 0, 1
1151178, 0, 0
1151240, 0, 0
1151302, 0, 1
1151364, 0, 1
1151426, 0, 0
1151488, 0, 0
1151550, 0, 1
1151612, 0, 1
1151674, 0, 0
1151736, 0, 1
1151798, 0, 0
1151860, 0, bit 1
1151860, 0, 0
1151922, 0, 1
1151984, 0, 1
1152046, 0, 0
1152108, 0, 0
1152171, 0, 1
1152233, 0, 1
1152295, 0, 0
1152357, 0, 0
1152419, 0, 1
1152481, 0, 1
1152543, 0, 0
1152605, 0, 1
1152667, 0, 0
1152729, 0, bit 1
1152729, 0, 0
1152791, 0, 1
1152854, 0, 1
1152916, 0, 0
1152978, 0, 0
1153040, 0, 1
1153102, 0, 1
1153164, 0, 0
1153226, 0, 0
1153288, 0, 1
1153350, 0, 1
1153412, 0, 0
1153474, 0, 1
1153536, 0, 0
1153598, 0, bit 0
1153598, 0, 1
1153660, 0, 0
1153722, 0, 0
1153784, 0, 1
1153846, 0, 1
1153908, 0, 0
1153970, 0, 0
1154032, 0, 1
1154094, 0, 1
1154156, 0, 0
1154219, 0, 0
1154281, 0, 1
1154343, 0, 0
1154405, 0, 1
