62 100 1 7 16
(2, 20, 2, 10.00), (code 0)
START
1278646, 0, prem 0
1278646, 0, 0
1278708, 0, 0
1278770, 0, 0
1278832, 0, 0
1278894, 0, 0
1278956, 0, 0
1279019, 0, 0
1279081, 0, 0
1279143, 0, 0
1279205, 0, 0
1279267, 0, 0
1279329, 0, 0
1279391, 0, 0
1279453, 0, 0
1279515, 0, 0
1279577, 0, 0
1279639, 0, 1
1279702, 0, 1
1279764, 0, 1
1279826, 0, 1
1279888, 0, 1
1279950, 0, 1
1280012, 0, 1
1280074, 0, 1
1280136, 0, 1
1280198, 0, 1
1280260, 0, 1
1280322, 0, 1
1280384, 0, 1
1280446, 0, 1
1280508, 0, 1
1280570, 0, 1
1280632, 0, prem 1
1280632, 0, 1
1280694, 0, 1
1280756, 0, 1
1280818, 0, 1
1280880, 0, 1
1280942, 0, 1
1281004, 0, 1
1281067, 0, 1
1281129, 0, 1
1281191, 0, 1
1281253, 0, 1
1281315, 0, 1
1281377, 0, 1
1281439, 0, 1
1281501, 0, 1
1281563, 0, 1
1281625, 0, 0
1281687, 0, 0
1281750, 0, 0
1281812, 0, 0
1281874, 0, 0
1281936, 0, 0
1281998, 0, 0
1282060, 0, 0
1282122, 0, 0
1282184, 0, 0
1282246, 0, 0
1282308, 0, 0
1282370, 0, 0
1282432, 0, 0
1282494, 0, 0
1282556, 0, 0
1282618, 0, prem 1
1282618, 0, 1
1282680, 0, 1
1282742, 0, 1
1282804, 0, 1
1282866, 0, 1
1282928, 0, 1
1282990, 0, 1
1283052, 0, 1
1283115, 0, 1
1283177, 0, 1
1283239, 0, 1
1283301, 0, 1
1283363, 0, 1
1283425, 0, 1
1283487, 0, 1
1283549, 0, 1
1283611, 0, 0
1283673, 0, 0
1283735, 0, 0
1283798, 0, 0
1283860, 0, 0
1283922, 0, 0
1283984, 0, 0
1284046, 0, 0
1284108, 0, 0
1284170, 0, 0
1284232, 0, 0
1284294, 0, 0
1284356, 0, 0
1284418, 0, 0
1284480, 0, 0
1284542, 0, 0
1284604, 0, prem 1
1284604, 0, 1
1284666, 0, 1
1284728, 0, 1
1284790, 0, 1
1284852, 0, 1
1284914, 0, 1
1284976, 0, 1
1285038, 0, 1
1285100, 0, 1
1285163, 0, 1
1285225, 0, 1
1285287, 0, 1
1285349, 0, 1
1285411, 0, 1
1285473, 0, 1
1285535, 0, 1
1285597, 0, 0
1285659, 0, 0
1285721, 0, 0
1285783, 0, 0
1285846, 0, 0
1285908, 0, 0
1285970, 0, 0
1286032, 0, 0
1286094, 0, 0
1286156, 0, 0
1286218, 0, 0
1286280, 0, 0
1286342, 0, 0
1286404, 0, 0
1286466, 0, 0
1286528, 0, 0
1286590, 0, prem 1
1286590, 0, 1
1286652, 0, 1
1286714, 0, 1
1286776, 0, 1
1286838, 0, 1
1286900, 0, 1
1286962, 0, 1
1287024, 0, 1
1287086, 0, 1
1287148, 0, 1
1287211, 0, 1
1287273, 0, 1
1287335, 0, 1
1287397, 0, 1
1287459, 0, 1
1287521, 0, 1
1287583, 0, 0
1287645, 0, 0
1287707, 0, 0
1287769, 0, 0
1287831, 0, 0
1287894, 0, 0
1287956, 0, 0
1288018, 0, 0
1288080, 0, 0
1288142, 0, 0
1288204, 0, 0
1288266, 0, 0
1288328, 0, 0
1288390, 0, 0
1288452, 0, 0
1288514, 0, 0
1288576, 0, prem 0
1288579, 0, 0
1288638, 0, 0
1288700, 0, 0
1288762, 0, 0
1288824, 0, 0
1288886, 0, 0
1288948, 0, 0
1289010, 0, 0
1289072, 0, 0
1289134, 0, 0
1289196, 0, 0
1289259, 0, 0
1289321, 0, 0
1289383, 0, 0
1289445, 0, 0
1289507, 0, 0
1289569, 0, 1
1289631, 0, 1
1289693, 0, 1
1289755, 0, 1
1289817, 0, 1
1289879, 0, 1
1289942, 0, 1
1290004, 0, 1
1290066, 0, 1
1290128, 0, 1
1290190, 0, 1
1290252, 0, 1
1290314, 0, 1
1290376, 0, 1
1290438, 0, 1
1290500, 0, 1
1290562, 0, prem 0
1290562, 0, 0
1290624, 0, 0
1290686, 0, 0
1290748, 0, 0
1290810, 0, 0
1290872, 0, 0
1290934, 0, 0
1290996, 0, 0
1291058, 0, 0
1291120, 0, 0
1291182, 0, 0
1291244, 0, 0
1291307, 0, 0
1291369, 0, 0
1291431, 0, 0
1291493, 0, 0
1291555, 0, 1
1291617, 0, 1
1291679, 0, 1
1291741, 0, 1
1291803, 0, 1
1291865, 0, 1
1291927, 0, 1
1291990, 0, 1
1292052, 0, 1
1292114, 0, 1
1292176, 0, 1
1292238, 0, 1
1292300, 0, 1
1292362, 0, 1
1292424, 0, 1
1292486, 0, 1
1292548, 0, bit 1
1292548, 0, 0
1292610, 0, 1
1292672, 0, 1
1292734, 0, 0
1292796, 0, 1
1292858, 0, 0
1292920, 0, 1
1292982, 0, 0
1293044, 0, 1
1293106, 0, 0
1293168, 0, 0
1293230, 0, 1
1293292, 0, 0
1293355, 0, 1
1293417, 0, bit 1
1293417, 0, 0
1293479, 0, 1
1293541, 0, 1
1293603, 0, 0
1293665, 0, 1
1293727, 0, 0
1293789, 0, 1
1293851, 0, 0
1293913, 0, 1
1293975, 0, 0
1294038, 0, 0
1294100, 0, 1
1294162, 0, 0
1294224, 0, 1
1294286, 0, bit 1
1294286, 0, 0
1294348, 0, 1
1294410, 0, 1
1294472, 0, 0
1294534, 0, 1
1294596, 0, 0
1294658, 0, 1
1294720, 0, 0
1294782, 0, 1
1294844, 0, 0
1294906, 0, 0
1294968, 0, 1
1295030, 0, 0
1295092, 0, 1
1295154, 0, bit 0
1295154, 0, 1
1295216, 0, 0
1295278, 0, 0
1295340, 0, 1
1295403, 0, 0
1295465, 0, 1
1295527, 0, 0
1295589, 0, 1
1295651, 0, 0
1295713, 0, 1
1295775, 0, 1
1295837, 0, 0
1295899, 0, 1
1295961, 0, 0
1296023, 0, bit 0
1296023, 0, 1
1296086, 0, 0
1296148, 0, 0
1296210, 0, 1
1296272, 0, 0
1296334, 0, 1
1296396, 0, 0
1296458, 0, 1
1296520, 0, 0
1296582, 0, 1
1296644, 0, 1
1296706, 0, 0
1296768, 0, 1
1296830, 0, 0
1296892, 0, bit 1
1296892, 0, 0
1296954, 0, 1
1297016, 0, 1
1297078, 0, 0
1297140, 0, 1
1297202, 0, 0
1297264, 0, 1
1297326, 0, 0
1297388, 0, 1
1297451, 0, 0
1297513, 0, 0
1297575, 0, 1
1297637, 0, 0
1297699, 0, 1
1297761, 0, bit 1
1297761, 0, 0
1297823, 0, 1
1297885, 0, 1
1297947, 0, 0
1298009, 0, 1
1298071, 0, 0
1298134, 0, 1
1298196, 0, 0
1298258, 0, 1
1298320, 0, 0
1298382, 0, 0
1298444, 0, 1
1298506, 0, 0
1298568, 0, 1
1298630, 0, bit 0
1298630, 0, 1
1298692, 0, 0
1298754, 0, 0
1298816, 0, 1
1298878, 0, 0
1298940, 0, 1
1299002, 0, 0
1299064, 0, 1
1299126, 0, 0
1299188, 0, 1
1299250, 0, 1
1299312, 0, 0
1299374, 0, 1
1299436, 0, 0
1299499, 0, bit 0
1299499, 0, 1
1299561, 0, 0
1299623, 0, 0
1299685, 0, 1
1299747, 0, 0
1299809, 0, 1
1299871, 0, 0
1299933, 0, 1
1299995, 0, 0
1300057, 0, 1
1300119, 0, 1
1300182, 0, 0
1300244, 0, 1
1300306, 0, 0
1300368, 0, bit 0
1300368, 0, 1
1300430, 0, 0
1300492, 0, 0
1300554, 0, 1
1300616, 0, 0
1300678, 0, 1
1300740, 0, 0
1300802, 0, 1
1300864, 0, 0
1300926, 0, 1
1300988, 0, 1
1301050, 0, 0
1301112, 0, 1
1301174, 0, 0
1301236, 0, bit 1
1301236, 0, 0
1301298, 0, 1
1301360, 0, 1
1301422, 0, 0
1301484, 0, 1
1301547, 0, 0
1301609, 0, 1
1301671, 0, 0
1301733, 0, 1
1301795, 0, 0
1301857, 0, 0
1301919, 0, 1
1301981, 0, 0
1302043, 0, 1
1302105, 0, bit 0
1302105, 0, 1
1302167, 0, 0
1302230, 0, 0
1302292, 0, 1
1302354, 0, 0
1302416, 0, 1
1302478, 0, 0
1302540, 0, 1
1302602, 0, 0
1302664, 0, 1
1302726, 0, 1
1302788, 0, 0
1302850, 0, 1
1302912, 0, 0
1302974, 0, bit 0
1302974, 0, 1
1303036, 0, 0
1303098, 0, 0
1303160, 0, 1
1303222, 0, 0
1303284, 0, 1
1303346, 0, 0
1303408, 0, 1
1303470, 0, 0
1303532, 0, 1
1303595, 0, 1
1303657, 0, 0
1303719, 0, 1
1303781, 0, 0
1303843, 0, bit 0
1303843, 0, 1
1303905, 0, 0
1303967, 0, 0
1304029, 0, 1
1304091, 0, 0
1304153, 0, 1
1304215, 0, 0
1304278, 0, 1
1304340, 0, 0
1304402, 0, 1
1304464, 0, 1
1304526, 0, 0
1304588, 0, 1
1304650, 0, 0
1304712, 0, bit 0
1304712, 0, 1
1304774, 0, 0
1304836, 0, 0
1304898, 0, 1
1304960, 0, 0
1305022, 0, 1
1305084, 0, 0
1305146, 0, 1
1305208, 0, 0
1305270, 0, 1
1305332, 0, 1
1305394, 0, 0
1305456, 0, 1
1305518, 0, 0
1305580, 0, bit 0
1305580, 0, 1
1305643, 0, 0
1305705, 0, 0
1305767, 0, 1
1305829, 0, 0
1305891, 0, 1
1305953, 0, 0
1306015, 0, 1
1306077, 0, 0
1306139, 0, 1
1306201, 0, 1
1306263, 0, 0
1306326, 0, 1
1306388, 0, 0
1306450, 0, bit 1
1306450, 0, 0
1306512, 0, 1
1306574, 0, 1
1306636, 0, 0
1306698, 0, 1
1306760, 0, 0
1306822, 0, 1
1306884, 0, 0
1306946, 0, 1
1307008, 0, 0
1307070, 0, 0
1307132, 0, 1
1307194, 0, 0
1307256, 0, 1
1307318, 0, bit 1
1307318, 0, 0
1307380, 0, 1
1307442, 0, 1
1307504, 0, 0
1307566, 0, 1
1307628, 0, 0
1307691, 0, 1
1307753, 0, 0
1307815, 0, 1
1307877, 0, 0
1307939, 0, 0
1308001, 0, 1
1308063, 0, 0
1308125, 0, 1
1308187, 0, bit 1
1308190, 0, 0
1308249, 0, 1
1308311, 0, 1
1308374, 0, 0
1308436, 0, 1
1308498, 0, 0
1308560, 0, 1
1308622, 0, 0
1308684, 0, 1
1308746, 0, 0
1308808, 0, 0
1308870, 0, 1
1308932, 0, 0
1308994, 0, 1
1309056, 0, bit 1
1309056, 0, 0
1309118, 0, 1
1309180, 0, 1
1309242, 0, 0
1309304, 0, 1
1309366, 0, 0
1309428, 0, 1
1309490, 0, 0
1309552, 0, 1
1309614, 0, 0
1309676, 0, 0
1309739, 0, 1
1309801, 0, 0
1309863, 0, 1
1309925, 0, bit 0
1309925, 0, 1
1309987, 0, 0
1310049, 0, 0
1310111, 0, 1
1310173, 0, 0
1310235, 0, 1
1310297, 0, 0
1310359, 0, 1
1310422, 0, 0
1310484, 0, 1
1310546, 0, 1
1310608, 0, 0
1310670, 0, 1
1310732, 0, 0
1310794, 0, bit 0
1310794, 0, 1
1310856, 0, 0
1310918, 0, 0
1310980, 0, 1
1311042, 0, 0
1311104, 0, 1
1311166, 0, 0
1311228, 0, 1
1311290, 0, 0
1311352, 0, 1
1311414, 0, 1
1311476, 0, 0
1311538, 0, 1
1311600, 0, 0
1311662, 0, bit 1
1311662, 0, 0
1311724, 0, 1
1311787, 0, 1
1311849, 0, 0
1311911, 0, 1
1311973, 0, 0
1312035, 0, 1
1312097, 0, 0
1312159, 0, 1
1312221, 0, 0
1312283, 0, 0
1312345, 0, 1
1312407, 0, 0
1312470, 0, 1
1312532, 0, bit 1
1312532, 0, 0
1312594, 0, 1
1312656, 0, 1
1312718, 0, 0
1312780, 0, 1
1312842, 0, 0
1312904, 0, 1
1312966, 0, 0
1313028, 0, 1
1313090, 0, 0
1313152, 0, 0
1313214, 0, 1
1313276, 0, 0
1313338, 0, 1
1313400, 0, bit 1
1313400, 0, 0
1313462, 0, 1
1313524, 0, 1
1313586, 0, 0
1313648, 0, 1
1313710, 0, 0
1313772, 0, 1
1313835, 0, 0
1313897, 0, 1
1313959, 0, 0
1314021, 0, 0
1314083, 0, 1
1314145, 0, 0
1314207, 0, 1
1314269, 0, bit 0
1314269, 0, 1
1314331, 0, 0
1314393, 0, 0
1314455, 0, 1
1314518, 0, 0
1314580, 0, 1
1314642, 0, 0
1314704, 0, 1
1314766, 0, 0
1314828, 0, 1
1314890, 0, 1
1314952, 0, 0
1315014, 0, 1
1315076, 0, 0
1315138, 0, bit 1
1315138, 0, 0
1315200, 0, 1
1315262, 0, 1
1315324, 0, 0
1315386, 0, 1
1315448, 0, 0
1315510, 0, 1
1315572, 0, 0
1315634, 0, 1
1315696, 0, 0
1315758, 0, 0
1315820, 0, 1
1315883, 0, 0
1315945, 0, 1
1316007, 0, bit 0
1316007, 0, 1
1316069, 0, 0
1316131, 0, 0
1316193, 0, 1
1316255, 0, 0
1316317, 0, 1
1316379, 0, 0
1316441, 0, 1
1316503, 0, 0
1316566, 0, 1
1316628, 0, 1
1316690, 0, 0
1316752, 0, 1
1316814, 0, 0
1316876, 0, bit 0
1316876, 0, 1
1316938, 0, 0
1317000, 0, 0
1317062, 0, 1
1317124, 0, 0
1317186, 0, 1
1317248, 0, 0
1317310, 0, 1
1317372, 0, 0
1317434, 0, 1
1317496, 0, 1
1317558, 0, 0
1317620, 0, 1
1317682, 0, 0
1317744, 0, bit 1
1317744, 0, 0
1317806, 0, 1
1317868, 0, 1
1317931, 0, 0
1317993, 0, 1
1318055, 0, 0
1318117, 0, 1
1318179, 0, 0
1318241, 0, 1
1318303, 0, 0
1318365, 0, 0
1318427, 0, 1
1318489, 0, 0
1318551, 0, 1
1318614, 0, bit 0
1318614, 0, 1
1318676, 0, 0
1318738, 0, 0
1318800, 0, 1
1318862, 0, 0
1318924, 0, 1
1318986, 0, 0
1319048, 0, 1
1319110, 0, 0
1319172, 0, 1
1319234, 0, 1
1319296, 0, 0
1319358, 0, 1
1319420, 0, 0
1319482, 0, bit 1
1319482, 0, 0
1319544, 0, 1
1319606, 0, 1
1319668, 0, 0
1319730, 0, 1
1319792, 0, 0
1319854, 0, 1
1319916, 0, 0
1319979, 0, 1
1320041, 0, 0
1320103, 0, 0
1320165, 0, 1
1320227, 0, 0
1320289, 0, 1
1320351, 0, bit 1
1320351, 0, 0
1320413, 0, 1
1320475, 0, 1
1320537, 0, 0
1320599, 0, 1
1320662, 0, 0
1320724, 0, 1
1320786, 0, 0
1320848, 0, 1
1320910, 0, 0
1320972, 0, 0
1321034, 0, 1
1321096, 0, 0
1321158, 0, 1
1321220, 0, bit 0
1321220, 0, 1
1321282, 0, 0
1321344, 0, 0
1321406, 0, 1
1321468, 0, 0
1321530, 0, 1
1321592, 0, 0
1321654, 0, 1
1321716, 0, 0
1321778, 0, 1
1321840, 0, 1
1321902, 0, 0
1321964, 0, 1
1322027, 0, 0
1322089, 0, bit 1
1322089, 0, 0
1322151, 0, 1
1322213, 0, 1
1322275, 0, 0
1322337, 0, 1
1322399, 0, 0
1322461, 0, 1
1322523, 0, 0
1322585, 0, 1
1322647, 0, 0
1322710, 0, 0
1322772, 0, 1
1322834, 0, 0
1322896, 0, 1
1322958, 0, bit 1
1322958, 0, 0
1323020, 0, 1
1323082, 0, 1
1323144, 0, 0
1323206, 0, 1
1323268, 0, 0
1323330, 0, 1
1323392, 0, 0
1323454, 0, 1
1323516, 0, 0
1323578, 0, 0
1323640, 0, 1
1323702, 0, 0
1323764, 0, 1
1323826, 0, bit 0
1323826, 0, 1
1323888, 0, 0
1323950, 0, 0
1324012, 0, 1
1324075, 0, 0
1324137, 0, 1
1324199, 0, 0
1324261, 0, 1
1324323, 0, 0
1324385, 0, 1
1324447, 0, 1
1324509, 0, 0
1324571, 0, 1
1324633, 0, 0
1324695, 0, bit 0
1324695, 0, 1
1324758, 0, 0
1324820, 0, 0
1324882, 0, 1
1324944, 0, 0
1325006, 0, 1
1325068, 0, 0
1325130, 0, 1
1325192, 0, 0
1325254, 0, 1
1325316, 0, 1
1325378, 0, 0
1325440, 0, 1
1325502, 0, 0
1325564, 0, bit 1
1325564, 0, 0
1325626, 0, 1
1325688, 0, 1
1325750, 0, 0
1325812, 0, 1
1325874, 0, 0
1325936, 0, 1
1325998, 0, 0
1326060, 0, 1
1326123, 0, 0
1326185, 0, 0
1326247, 0, 1
1326309, 0, 0
1326371, 0, 1
1326433, 0, bit 1
1326433, 0, 0
1326495, 0, 1
1326557, 0, 1
1326619, 0, 0
1326681, 0, 1
1326743, 0, 0
1326806, 0, 1
1326868, 0, 0
1326930, 0, 1
1326992, 0, 0
1327054, 0, 0
1327116, 0, 1
1327178, 0, 0
1327240, 0, 1
1327302, 0, bit 0
1327302, 0, 1
1327364, 0, 0
1327426, 0, 0
1327488, 0, 1
1327550, 0, 0
1327612, 0, 1
1327674, 0, 0
1327736, 0, 1
1327798, 0, 0
1327860, 0, 1
1327922, 0, 1
1327984, 0, 0
1328046, 0, 1
1328108, 0, 0
1328171, 0, bit 1
1328171, 0, 0
1328233, 0, 1
1328295, 0, 1
1328357, 0, 0
1328419, 0, 1
1328481, 0, 0
1328543, 0, 1
1328605, 0, 0
1328667, 0, 1
1328729, 0, 0
1328791, 0, 0
1328854, 0, 1
1328916, 0, 0
1328978, 0, 1
1329040, 0, bit 1
1329040, 0, 0
1329102, 0, 1
1329164, 0, 1
1329226, 0, 0
1329288, 0, 1
1329350, 0, 0
1329412, 0, 1
1329474, 0, 0
1329536, 0, 1
1329598, 0, 0
1329660, 0, 0
1329722, 0, 1
1329784, 0, 0
1329846, 0, 1
1329908, 0, bit 1
1329908, 0, 0
1329970, 0, 1
1330032, 0, 1
1330094, 0, 0
1330156, 0, 1
1330219, 0, 0
1330281, 0, 1
1330343, 0, 0
1330405, 0, 1
1330467, 0, 0
1330529, 0, 0
1330591, 0, 1
1330653, 0, 0
1330715, 0, 1
1330777, 0, bit 1
1330777, 0, 0
1330839, 0, 1
1330902, 0, 1
1330964, 0, 0
1331026, 0, 1
1331088, 0, 0
1331150, 0, 1
1331212, 0, 0
1331274, 0, 1
1331336, 0, 0
1331398, 0, 0
1331460, 0, 1
1331522, 0, 0
1331584, 0, 1
1331646, 0, bit 1
1331646, 0, 0
1331708, 0, 1
1331770, 0, 1
1331832, 0, 0
1331894, 0, 1
1331956, 0, 0
1332018, 0, 1
1332080, 0, 0
1332142, 0, 1
1332204, 0, 0
1332267, 0, 0
1332329, 0, 1
1332391, 0, 0
1332453, 0, 1
1332515, 0, bit 0
1332515, 0, 1
1332577, 0, 0
1332639, 0, 0
1332701, 0, 1
1332763, 0, 0
1332825, 0, 1
1332887, 0, 0
1332950, 0, 1
1333012, 0, 0
1333074, 0, 1
1333136, 0, 1
1333198, 0, 0
1333260, 0, 1
1333322, 0, 0
1333384, 0, bit 0
1333384, 0, 1
1333446, 0, 0
1333508, 0, 0
1333570, 0, 1
1333632, 0, 0
1333694, 0, 1
1333756, 0, 0
1333818, 0, 1
1333880, 0, 0
1333942, 0, 1
1334004, 0, 1
1334066, 0, 0
1334128, 0, 1
1334190, 0, 0
1334252, 0, bit 1
1334252, 0, 0
1334315, 0, 1
1334377, 0, 1
1334439, 0, 0
1334501, 0, 1
1334563, 0, 0
1334625, 0, 1
1334687, 0, 0
1334749, 0, 1
1334811, 0, 0
1334873, 0, 0
1334935, 0, 1
1334998, 0, 0
1335060, 0, 1
1335122, 0, bit 1
1335122, 0, 0
1335184, 0, 1
1335246, 0, 1
1335308, 0, 0
1335370, 0, 1
1335432, 0, 0
1335494, 0, 1
1335556, 0, 0
1335618, 0, 1
1335680, 0, 0
1335742, 0, 0
1335804, 0, 1
1335866, 0, 0
1335928, 0, 1
1335990, 0, bit 0
1335990, 0, 1
1336052, 0, 0
1336114, 0, 0
1336176, 0, 1
1336238, 0, 0
1336300, 0, 1
1336363, 0, 0
1336425, 0, 1
1336487, 0, 0
1336549, 0, 1
1336611, 0, 1
1336673, 0, 0
1336735, 0, 1
1336797, 0, 0
1336859, 0, bit 1
1336859, 0, 0
1336921, 0, 1
1336983, 0, 1
1337046, 0, 0
1337108, 0, 1
1337170, 0, 0
1337232, 0, 1
1337294, 0, 0
1337356, 0, 1
1337418, 0, 0
1337480, 0, 0
1337542, 0, 1
1337604, 0, 0
1337666, 0, 1
1337728, 0, bit 1
1337728, 0, 0
1337790, 0, 1
1337852, 0, 1
1337914, 0, 0
1337976, 0, 1
1338038, 0, 0
1338100, 0, 1
1338162, 0, 0
1338224, 0, 1
1338286, 0, 0
1338348, 0, 0
1338411, 0, 1
1338473, 0, 0
1338535, 0, 1
1338597, 0, bit 0
1338597, 0, 1
1338659, 0, 0
1338721, 0, 0
1338783, 0, 1
1338845, 0, 0
1338907, 0, 1
1338969, 0, 0
1339031, 0, 1
1339094, 0, 0
1339156, 0, 1
1339218, 0, 1
1339280, 0, 0
1339342, 0, 1
1339404, 0, 0
1339466, 0, bit 1
1339466, 0, 0
1339528, 0, 1
1339590, 0, 1
1339652, 0, 0
1339714, 0, 1
1339776, 0, 0
1339838, 0, 1
1339900, 0, 0
1339962, 0, 1
1340024, 0, 0
1340086, 0, 0
1340148, 0, 1
1340210, 0, 0
1340272, 0, 1
1340334, 0, bit 1
1340334, 0, 0
1340396, 0, 1
1340459, 0, 1
1340521, 0, 0
1340583, 0, 1
1340645, 0, 0
1340707, 0, 1
1340769, 0, 0
1340831, 0, 1
1340893, 0, 0
1340955, 0, 0
1341017, 0, 1
1341079, 0, 0
1341142, 0, 1
1341204, 0, bit 1
1341214, 0, 0
1341266, 0, 1
1341328, 0, 1
1341390, 0, 0
1341452, 0, 1
1341514, 0, 0
1341576, 0, 1
1341638, 0, 0
1341700, 0, 1
1341762, 0, 0
1341824, 0, 0
1341886, 0, 1
1341948, 0, 0
1342010, 0, 1
1342072, 0, bit 1
1342072, 0, 0
1342134, 0, 1
1342196, 0, 1
1342258, 0, 0
1342320, 0, 1
1342382, 0, 0
1342444, 0, 1
1342507, 0, 0
1342569, 0, 1
1342631, 0, 0
1342693, 0, 0
1342755, 0, 1
1342817, 0, 0
1342879, 0, 1
1342941, 0, bit 1
1342941, 0, 0
1343003, 0, 1
1343065, 0, 1
1343127, 0, 0
1343190, 0, 1
1343252, 0, 0
1343314, 0, 1
1343376, 0, 0
1343438, 0, 1
1343500, 0, 0
1343562, 0, 0
1343624, 0, 1
1343686, 0, 0
1343748, 0, 1
1343810, 0, bit 1
1343810, 0, 0
1343872, 0, 1
1343934, 0, 1
1343996, 0, 0
1344058, 0, 1
1344120, 0, 0
1344182, 0, 1
1344244, 0, 0
1344306, 0, 1
1344368, 0, 0
1344430, 0, 0
1344492, 0, 1
1344555, 0, 0
1344617, 0, 1
1344679, 0, bit 0
1344679, 0, 1
1344741, 0, 0
1344803, 0, 0
1344865, 0, 1
1344927, 0, 0
1344989, 0, 1
1345051, 0, 0
1345113, 0, 1
1345175, 0, 0
1345238, 0, 1
1345300, 0, 1
1345362, 0, 0
1345424, 0, 1
1345486, 0, 0
1345548, 0, bit 1
1345548, 0, 0
1345610, 0, 1
1345672, 0, 1
1345734, 0, 0
1345796, 0, 1
1345858, 0, 0
1345920, 0, 1
1345982, 0, 0
1346044, 0, 1
1346106, 0, 0
1346168, 0, 0
1346230, 0, 1
1346292, 0, 0
1346354, 0, 1
1346416, 0, bit 1
1346416, 0, 0
1346478, 0, 1
1346540, 0, 1
1346603, 0, 0
1346665, 0, 1
1346727, 0, 0
1346789, 0, 1
1346851, 0, 0
1346913, 0, 1
1346975, 0, 0
1347037, 0, 0
1347099, 0, 1
1347161, 0, 0
1347223, 0, 1
1347286, 0, bit 1
1347286, 0, 0
1347348, 0, 1
1347410, 0, 1
1347472, 0, 0
1347534, 0, 1
1347596, 0, 0
1347658, 0, 1
1347720, 0, 0
1347782, 0, 1
1347844, 0, 0
1347906, 0, 0
1347968, 0, 1
1348030, 0, 0
1348092, 0, 1
1348154, 0, bit 0
1348154, 0, 1
1348216, 0, 0
1348278, 0, 0
1348340, 0, 1
1348402, 0, 0
1348464, 0, 1
1348526, 0, 0
1348588, 0, 1
1348651, 0, 0
1348713, 0, 1
1348775, 0, 1
1348837, 0, 0
1348899, 0, 1
1348961, 0, 0
1349023, 0, bit 0
1349023, 0, 1
1349085, 0, 0
1349147, 0, 0
1349209, 0, 1
1349271, 0, 0
1349334, 0, 1
1349396, 0, 0
1349458, 0, 1
1349520, 0, 0
1349582, 0, 1
1349644, 0, 1
1349706, 0, 0
1349768, 0, 1
1349830, 0, 0
1349892, 0, bit 0
1349892, 0, 1
1349954, 0, 0
1350016, 0, 0
1350078, 0, 1
1350140, 0, 0
1350202, 0, 1
1350264, 0, 0
1350326, 0, 1
1350388, 0, 0
1350450, 0, 1
1350512, 0, 1
1350574, 0, 0
1350636, 0, 1
1350699, 0, 0
1350761, 0, bit 1
1350761, 0, 0
1350823, 0, 1
1350885, 0, 1
1350947, 0, 0
1351009, 0, 1
1351071, 0, 0
1351133, 0, 1
1351195, 0, 0
1351257, 0, 1
1351319, 0, 0
1351382, 0, 0
1351444, 0, 1
1351506, 0, 0
1351568, 0, 1
1351630, 0, bit 0
1351630, 0, 1
1351692, 0, 0
1351754, 0, 0
1351816, 0, 1
1351878, 0, 0
1351940, 0, 1
1352002, 0, 0
1352064, 0, 1
1352126, 0, 0
1352188, 0, 1
1352250, 0, 1
1352312, 0, 0
1352374, 0, 1
1352436, 0, 0
1352498, 0, bit 0
1352498, 0, 1
1352560, 0, 0
1352622, 0, 0
1352684, 0, 1
1352747, 0, 0
1352809, 0, 1
1352871, 0, 0
1352933, 0, 1
1352995, 0, 0
1353057, 0, 1
1353119, 0, 1
1353181, 0, 0
1353243, 0, 1
1353305, 0, 0
1353367, 0, bit 0
1353367, 0, 1
1353430, 0, 0
1353492, 0, 0
1353554, 0, 1
1353616, 0, 0
1353678, 0, 1
1353740, 0, 0
1353802, 0, 1
1353864, 0, 0
1353926, 0, 1
1353988, 0, 1
1354050, 0, 0
1354112, 0, 1
1354174, 0, 0
1354236, 0, bit 1
1354236, 0, 0
1354298, 0, 1
1354360, 0, 1
1354422, 0, 0
1354484, 0, 1
1354546, 0, 0
1354608, 0, 1
1354670, 0, 0
1354732, 0, 1
1354795, 0, 0
1354857, 0, 0
1354919, 0, 1
1354981, 0, 0
1355043, 0, 1
1355105, 0, bit 1
1355105, 0, 0
1355167, 0, 1
1355229, 0, 1
1355291, 0, 0
1355353, 0, 1
1355415, 0, 0
1355478, 0, 1
1355540, 0, 0
1355602, 0, 1
1355664, 0, 0
1355726, 0, 0
1355788, 0, 1
1355850, 0, 0
1355912, 0, 1
1355974, 0, bit 1
1355974, 0, 0
1356036, 0, 1
1356098, 0, 1
1356160, 0, 0
1356222, 0, 1
1356284, 0, 0
1356346, 0, 1
1356408, 0, 0
1356470, 0, 1
1356532, 0, 0
1356594, 0, 0
1356656, 0, 1
1356718, 0, 0
1356780, 0, 1
1356843, 0, bit 0
1356843, 0, 1
1356905, 0, 0
1356967, 0, 0
1357029, 0, 1
1357091, 0, 0
1357153, 0, 1
1357215, 0, 0
1357277, 0, 1
1357339, 0, 0
1357401, 0, 1
1357463, 0, 1
1357526, 0, 0
1357588, 0, 1
1357650, 0, 0
1357712, 0, bit 1
1357712, 0, 0
1357774, 0, 1
1357836, 0, 1
1357898, 0, 0
1357960, 0, 1
1358022, 0, 0
1358084, 0, 1
1358146, 0, 0
1358208, 0, 1
1358270, 0, 0
1358332, 0, 0
1358394, 0, 1
1358456, 0, 0
1358518, 0, 1
1358580, 0, bit 0
1358580, 0, 1
1358642, 0, 0
1358704, 0, 0
1358766, 0, 1
1358828, 0, 0
1358891, 0, 1
1358953, 0, 0
1359015, 0, 1
1359077, 0, 0
1359139, 0, 1
1359201, 0, 1
1359263, 0, 0
1359325, 0, 1
1359387, 0, 0
1359449, 0, bit 0
1359449, 0, 1
1359511, 0, 0
1359574, 0, 0
1359636, 0, 1
1359698, 0, 0
1359760, 0, 1
1359822, 0, 0
1359884, 0, 1
1359946, 0, 0
1360008, 0, 1
1360070, 0, 1
1360132, 0, 0
1360194, 0, 1
1360256, 0, 0
1360318, 0, bit 0
1360318, 0, 1
1360380, 0, 0
1360442, 0, 0
1360504, 0, 1
1360566, 0, 0
1360628, 0, 1
1360690, 0, 0
1360752, 0, 1
1360814, 0, 0
1360876, 0, 1
1360939, 0, 1
1361001, 0, 0
1361063, 0, 1
1361125, 0, 0
1361187, 0, bit 1
1361187, 0, 0
1361249, 0, 1
1361311, 0, 1
1361373, 0, 0
1361435, 0, 1
1361497, 0, 0
1361559, 0, 1
1361622, 0, 0
1361684, 0, 1
1361746, 0, 0
1361808, 0, 0
1361870, 0, 1
1361932, 0, 0
1361994, 0, 1
1362056, 0, bit 0
1362056, 0, 1
1362118, 0, 0
1362180, 0, 0
1362242, 0, 1
1362304, 0, 0
1362366, 0, 1
1362428, 0, 0
1362490, 0, 1
1362552, 0, 0
1362614, 0, 1
1362676, 0, 1
1362738, 0, 0
1362800, 0, 1
1362862, 0, 0
1362924, 0, bit 1
1362924, 0, 0
1362987, 0, 1
1363049, 0, 1
1363111, 0, 0
1363173, 0, 1
1363235, 0, 0
1363297, 0, 1
1363359, 0, 0
1363421, 0, 1
1363483, 0, 0
1363545, 0, 0
1363607, 0, 1
1363670, 0, 0
1363732, 0, 1
1363794, 0, bit 1
1363794, 0, 0
1363856, 0, 1
1363918, 0, 1
1363980, 0, 0
1364042, 0, 1
1364104, 0, 0
1364166, 0, 1
1364228, 0, 0
1364290, 0, 1
1364352, 0, 0
1364414, 0, 0
1364476, 0, 1
1364538, 0, 0
1364600, 0, 1
1364662, 0, bit 1
1364662, 0, 0
1364724, 0, 1
1364786, 0, 1
1364848, 0, 0
1364910, 0, 1
1364972, 0, 0
1365035, 0, 1
1365097, 0, 0
1365159, 0, 1
1365221, 0, 0
1365283, 0, 0
1365345, 0, 1
1365407, 0, 0
1365469, 0, 1
1365531, 0, bit 1
1365531, 0, 0
1365593, 0, 1
1365655, 0, 1
1365718, 0, 0
1365780, 0, 1
1365842, 0, 0
1365904, 0, 1
1365966, 0, 0
1366028, 0, 1
1366090, 0, 0
1366152, 0, 0
1366214, 0, 1
1366276, 0, 0
1366338, 0, 1
1366400, 0, bit 0
1366400, 0, 1
1366462, 0, 0
1366524, 0, 0
1366586, 0, 1
1366648, 0, 0
1366710, 0, 1
1366772, 0, 0
1366834, 0, 1
1366896, 0, 0
1366958, 0, 1
1367020, 0, 1
1367083, 0, 0
1367145, 0, 1
1367207, 0, 0
1367269, 0, bit 0
1367269, 0, 1
1367331, 0, 0
1367393, 0, 0
1367455, 0, 1
1367517, 0, 0
1367579, 0, 1
1367641, 0, 0
1367703, 0, 1
1367766, 0, 0
1367828, 0, 1
1367890, 0, 1
1367952, 0, 0
1368014, 0, 1
1368076, 0, 0
1368138, 0, bit 1
1368138, 0, 0
1368200, 0, 1
1368262, 0, 1
1368324, 0, 0
1368386, 0, 1
1368448, 0, 0
1368510, 0, 1
1368572, 0, 0
1368634, 0, 1
1368696, 0, 0
1368758, 0, 0
1368820, 0, 1
1368882, 0, 0
1368944, 0, 1
1369006, 0, bit 0
1369006, 0, 1
1369068, 0, 0
1369131, 0, 0
1369193, 0, 1
1369255, 0, 0
1369317, 0, 1
1369379, 0, 0
1369441, 0, 1
1369503, 0, 0
1369565, 0, 1
1369627, 0, 1
1369689, 0, 0
1369751, 0, 1
1369814, 0, 0
1369876, 0, bit 0
1369876, 0, 1
1369938, 0, 0
1370000, 0, 0
1370062, 0, 1
1370124, 0, 0
1370186, 0, 1
1370248, 0, 0
1370310, 0, 1
1370372, 0, 0
1370434, 0, 1
1370496, 0, 1
1370558, 0, 0
1370620, 0, 1
1370682, 0, 0
1370744, 0, bit 1
1370744, 0, 0
1370806, 0, 1
1370868, 0, 1
1370930, 0, 0
1370992, 0, 1
1371054, 0, 0
1371116, 0, 1
1371179, 0, 0
1371241, 0, 1
1371303, 0, 0
1371365, 0, 0
1371427, 0, 1
1371489, 0, 0
1371551, 0, 1
1371613, 0, bit 0
1371613, 0, 1
1371675, 0, 0
1371737, 0, 0
1371799, 0, 1
1371862, 0, 0
1371924, 0, 1
1371986, 0, 0
1372048, 0, 1
1372110, 0, 0
1372172, 0, 1
1372234, 0, 1
1372296, 0, 0
1372358, 0, 1
1372420, 0, 0
1372482, 0, bit 0
1372482, 0, 1
1372544, 0, 0
1372606, 0, 0
1372668, 0, 1
1372730, 0, 0
1372792, 0, 1
1372854, 0, 0
1372916, 0, 1
1372978, 0, 0
1373040, 0, 1
1373102, 0, 1
1373164, 0, 0
1373227, 0, 1
1373289, 0, 0
1373351, 0, bit 1
1373351, 0, 0
1373413, 0, 1
1373475, 0, 1
1373537, 0, 0
1373599, 0, 1
1373661, 0, 0
1373723, 0, 1
1373785, 0, 0
1373847, 0, 1
1373910, 0, 0
1373972, 0, 0
1374034, 0, 1
1374096, 0, 0
1374158, 0, 1
1374220, 0, bit 1
1374223, 0, 0
1374282, 0, 1
1374344, 0, 1
1374406, 0, 0
1374468, 0, 1
1374530, 0, 0
1374592, 0, 1
1374654, 0, 0
1374716, 0, 1
1374778, 0, 0
1374840, 0, 0
1374902, 0, 1
1374964, 0, 0
1375026, 0, 1
1375088, 0, bit 1
1375088, 0, 0
1375150, 0, 1
1375212, 0, 1
1375275, 0, 0
1375337, 0, 1
1375399, 0, 0
1375461, 0, 1
1375523, 0, 0
1375585, 0, 1
1375647, 0, 0
1375709, 0, 0
1375771, 0, 1
1375833, 0, 0
1375895, 0, 1
1375958, 0, bit 1
1375958, 0, 0
1376020, 0, 1
1376082, 0, 1
1376144, 0, 0
1376206, 0, 1
1376268, 0, 0
1376330, 0, 1
1376392, 0, 0
1376454, 0, 1
1376516, 0, 0
1376578, 0, 0
1376640, 0, 1
1376702, 0, 0
1376764, 0, 1
1376826, 0, bit 1
1376826, 0, 0
1376888, 0, 1
1376950, 0, 1
1377012, 0, 0
1377074, 0, 1
1377136, 0, 0
1377198, 0, 1
1377260, 0, 0
1377323, 0, 1
1377385, 0, 0
1377447, 0, 0
1377509, 0, 1
1377571, 0, 0
1377633, 0, 1
1377695, 0, bit 0
1377695, 0, 1
1377757, 0, 0
1377819, 0, 0
1377881, 0, 1
1377943, 0, 0
1378006, 0, 1
1378068, 0, 0
1378130, 0, 1
1378192, 0, 0
1378254, 0, 1
1378316, 0, 1
1378378, 0, 0
1378440, 0, 1
1378502, 0, 0
1378564, 0, bit 1
1378564, 0, 0
1378626, 0, 1
1378688, 0, 1
1378750, 0, 0
1378812, 0, 1
1378874, 0, 0
1378936, 0, 1
1378998, 0, 0
1379060, 0, 1
1379122, 0, 0
1379184, 0, 0
1379246, 0, 1
1379308, 0, 0
1379371, 0, 1
