150 100 1 7 16
(2, 20, 1, 10.00), (code 1)
START
1329225, 0, prem 1
1329225, 0, 1
1329375, 0, 1
1329525, 0, 1
1329675, 0, 1
1329825, 0, 1
1329975, 0, 1
1330125, 0, 1
1330275, 0, 1
1330425, 0, 1
1330575, 0, 1
1330725, 0, 1
1330875, 0, 1
1331025, 0, 1
1331175, 0, 1
1331325, 0, 1
1331475, 0, 1
1331625, 0, 0
1331775, 0, 0
1331926, 0, 0
1332076, 0, 0
1332226, 0, 0
1332376, 0, 0
1332526, 0, 0
1332676, 0, 0
1332826, 0, 0
1332976, 0, 0
1333126, 0, 0
1333276, 0, 0
1333426, 0, 0
1333576, 0, 0
1333726, 0, 0
1333876, 0, 0
1334026, 0, prem 1
1334026, 0, 1
1334176, 0, 1
1334326, 0, 1
1334476, 0, 1
1334626, 0, 1
1334776, 0, 1
1334926, 0, 1
1335076, 0, 1
1335226, 0, 1
1335376, 0, 1
1335526, 0, 1
1335676, 0, 1
1335826, 0, 1
1335976, 0, 1
1336126, 0, 1
1336276, 0, 1
1336426, 0, 0
1336576, 0, 0
1336726, 0, 0
1336876, 0, 0
1337026, 0, 0
1337176, 0, 0
1337326, 0, 0
1337476, 0, 0
1337626, 0, 0
1337776, 0, 0
1337926, 0, 0
1338076, 0, 0
1338226, 0, 0
1338376, 0, 0
1338526, 0, 0
1338676, 0, 0
1338826, 0, prem 0
1338826, 0, 0
1338976, 0, 0
1339126, 0, 0
1339276, 0, 0
1339426, 0, 0
1339576, 0, 0
1339726, 0, 0
1339876, 0, 0
1340026, 0, 0
1340176, 0, 0
1340326, 0, 0
1340476, 0, 0
1340626, 0, 0
1340776, 0, 0
1340926, 0, 0
1341076, 0, 0
1341227, 0, 1
1341377, 0, 1
1341527, 0, 1
1341677, 0, 1
1341827, 0, 1
1341977, 0, 1
1342127, 0, 1
1342277, 0, 1
1342427, 0, 1
1342577, 0, 1
1342727, 0, 1
1342877, 0, 1
1343027, 0, 1
1343177, 0, 1
1343327, 0, 1
1343477, 0, 1
1343627, 0, prem 0
1343627, 0, 0
1343777, 0, 0
1343927, 0, 0
1344077, 0, 0
1344227, 0, 0
1344377, 0, 0
1344527, 0, 0
1344677, 0, 0
1344827, 0, 0
1344977, 0, 0
1345127, 0, 0
1345277, 0, 0
1345427, 0, 0
1345577, 0, 0
1345727, 0, 0
1345878, 0, 0
1346028, 0, 1
1346178, 0, 1
1346328, 0, 1
1346478, 0, 1
1346628, 0, 1
1346778, 0, 1
1346928, 0, 1
1347078, 0, 1
1347228, 0, 1
1347378, 0, 1
1347528, 0, 1
1347678, 0, 1
1347828, 0, 1
1347978, 0, 1
1348128, 0, 1
1348278, 0, 1
1348428, 0, prem 0
1348428, 0, 0
1348578, 0, 0
1348728, 0, 0
1348878, 0, 0
1349028, 0, 0
1349178, 0, 0
1349328, 0, 0
1349478, 0, 0
1349628, 0, 0
1349778, 0, 0
1349928, 0, 0
1350078, 0, 0
1350228, 0, 0
1350378, 0, 0
1350528, 0, 0
1350678, 0, 0
1350828, 0, 1
1350978, 0, 1
1351128, 0, 1
1351278, 0, 1
1351428, 0, 1
1351578, 0, 1
1351728, 0, 1
1351878, 0, 1
1352028, 0, 1
1352178, 0, 1
1352328, 0, 1
1352478, 0, 1
1352628, 0, 1
1352778, 0, 1
1352928, 0, 1
1353078, 0, 1
1353228, 0, prem 0
1353231, 0, 0
1353378, 0, 0
1353528, 0, 0
1353678, 0, 0
1353828, 0, 0
1353978, 0, 0
1354128, 0, 0
1354278, 0, 0
1354428, 0, 0
1354578, 0, 0
1354728, 0, 0
1354878, 0, 0
1355028, 0, 0
1355179, 0, 0
1355329, 0, 0
1355479, 0, 0
1355629, 0, 1
1355779, 0, 1
1355929, 0, 1
1356079, 0, 1
1356229, 0, 1
1356379, 0, 1
1356529, 0, 1
1356679, 0, 1
1356829, 0, 1
1356979, 0, 1
1357129, 0, 1
1357279, 0, 1
1357429, 0, 1
1357579, 0, 1
1357729, 0, 1
1357879, 0, 1
1358029, 0, prem 0
1358029, 0, 0
1358179, 0, 0
1358329, 0, 0
1358479, 0, 0
1358629, 0, 0
1358779, 0, 0
1358929, 0, 0
1359079, 0, 0
1359229, 0, 0
1359379, 0, 0
1359529, 0, 0
1359679, 0, 0
1359830, 0, 0
1359980, 0, 0
1360130, 0, 0
1360280, 0, 0
1360430, 0, 1
1360580, 0, 1
1360730, 0, 1
1360880, 0, 1
1361030, 0, 1
1361180, 0, 1
1361330, 0, 1
1361480, 0, 1
1361630, 0, 1
1361780, 0, 1
1361930, 0, 1
1362080, 0, 1
1362230, 0, 1
1362380, 0, 1
1362530, 0, 1
1362680, 0, 1
1362830, 0, bit 1
1362830, 0, 1
1362980, 0, 0
1363130, 0, 1
1363280, 0, 0
1363430, 0, 0
1363580, 0, 1
1363730, 0, 0
1363880, 0, 1
1364030, 0, 0
1364180, 0, 1
1364330, 0, 0
1364480, 0, 1
1364630, 0, 0
1364780, 0, 1
1364930, 0, bit 0
1364930, 0, 0
1365080, 0, 1
1365230, 0, 0
1365380, 0, 1
1365530, 0, 1
1365680, 0, 0
1365830, 0, 1
1365980, 0, 0
1366130, 0, 1
1366280, 0, 0
1366430, 0, 1
1366580, 0, 0
1366730, 0, 1
1366880, 0, 0
1367030, 0, bit 1
1367030, 0, 1
1367180, 0, 0
1367330, 0, 1
1367480, 0, 0
1367630, 0, 0
1367780, 0, 1
1367930, 0, 0
1368080, 0, 1
1368230, 0, 0
1368380, 0, 1
1368530, 0, 0
1368680, 0, 1
1368830, 0, 0
1368980, 0, 1
1369131, 0, bit 1
1369131, 0, 1
1369281, 0, 0
1369431, 0, 1
1369581, 0, 0
1369731, 0, 0
1369881, 0, 1
1370031, 0, 0
1370181, 0, 1
1370331, 0, 0
1370481, 0, 1
1370631, 0, 0
1370781, 0, 1
1370931, 0, 0
1371081, 0, 1
1371231, 0, bit 0
1371231, 0, 0
1371381, 0, 1
1371531, 0, 0
1371681, 0, 1
1371831, 0, 1
1371981, 0, 0
1372131, 0, 1
1372281, 0, 0
1372431, 0, 1
1372581, 0, 0
1372731, 0, 1
1372881, 0, 0
1373031, 0, 1
1373181, 0, 0
1373331, 0, bit 1
1373331, 0, 1
1373481, 0, 0
1373631, 0, 1
1373782, 0, 0
1373932, 0, 0
1374082, 0, 1
1374232, 0, 0
1374382, 0, 1
1374532, 0, 0
1374682, 0, 1
1374832, 0, 0
1374982, 0, 1
1375132, 0, 0
1375282, 0, 1
1375432, 0, bit 1
1375432, 0, 1
1375582, 0, 0
1375732, 0, 1
1375882, 0, 0
1376032, 0, 0
1376182, 0, 1
1376332, 0, 0
1376482, 0, 1
1376632, 0, 0
1376782, 0, 1
1376932, 0, 0
1377082, 0, 1
1377232, 0, 0
1377382, 0, 1
1377532, 0, bit 1
1377532, 0, 1
1377682, 0, 0
1377832, 0, 1
1377982, 0, 0
1378132, 0, 0
1378282, 0, 1
1378432, 0, 0
1378582, 0, 1
1378732, 0, 0
1378882, 0, 1
1379032, 0, 0
1379182, 0, 1
1379332, 0, 0
1379482, 0, 1
1379632, 0, bit 0
1379632, 0, 0
1379782, 0, 1
1379932, 0, 0
1380082, 0, 1
1380232, 0, 1
1380382, 0, 0
1380532, 0, 1
1380682, 0, 0
1380832, 0, 1
1380982, 0, 0
1381132, 0, 1
1381282, 0, 0
1381432, 0, 1
1381582, 0, 0
1381732, 0, bit 0
1381732, 0, 0
1381882, 0, 1
1382032, 0, 0
1382182, 0, 1
1382332, 0, 1
1382482, 0, 0
1382632, 0, 1
1382782, 0, 0
1382932, 0, 1
1383083, 0, 0
1383233, 0, 1
1383383, 0, 0
1383533, 0, 1
1383683, 0, 0
1383833, 0, bit 1
1383833, 0, 1
1383983, 0, 0
1384133, 0, 1
1384283, 0, 0
1384433, 0, 0
1384583, 0, 1
1384733, 0, 0
1384883, 0, 1
1385033, 0, 0
1385183, 0, 1
1385333, 0, 0
1385483, 0, 1
1385633, 0, 0
1385783, 0, 1
1385933, 0, bit 1
1385933, 0, 1
1386083, 0, 0
1386233, 0, 1
1386383, 0, 0
1386533, 0, 0
1386683, 0, 1
1386833, 0, 0
1386983, 0, 1
1387133, 0, 0
1387283, 0, 1
1387433, 0, 0
1387583, 0, 1
1387734, 0, 0
1387884, 0, 1
1388034, 0, bit 0
1388034, 0, 0
1388184, 0, 1
1388334, 0, 0
1388484, 0, 1
1388634, 0, 1
1388784, 0, 0
1388934, 0, 1
1389084, 0, 0
1389234, 0, 1
1389384, 0, 0
1389534, 0, 1
1389684, 0, 0
1389834, 0, 1
1389984, 0, 0
1390134, 0, bit 0
1390134, 0, 0
1390284, 0, 1
1390434, 0, 0
1390584, 0, 1
1390734, 0, 1
1390884, 0, 0
1391034, 0, 1
1391184, 0, 0
1391334, 0, 1
1391484, 0, 0
1391634, 0, 1
1391784, 0, 0
1391934, 0, 1
1392084, 0, 0
1392234, 0, bit 1
1392234, 0, 1
1392384, 0, 0
1392534, 0, 1
1392684, 0, 0
1392834, 0, 0
1392984, 0, 1
1393134, 0, 0
1393284, 0, 1
1393434, 0, 0
1393584, 0, 1
1393734, 0, 0
1393884, 0, 1
1394034, 0, 0
1394184, 0, 1
1394334, 0, bit 0
1394334, 0, 0
1394484, 0, 1
1394634, 0, 0
1394784, 0, 1
1394934, 0, 1
1395084, 0, 0
1395234, 0, 1
1395384, 0, 0
1395534, 0, 1
1395684, 0, 0
1395834, 0, 1
1395984, 0, 0
1396134, 0, 1
1396284, 0, 0
1396434, 0, bit 0
1396434, 0, 0
1396584, 0, 1
1396734, 0, 0
1396884, 0, 1
1397035, 0, 1
1397185, 0, 0
1397335, 0, 1
1397485, 0, 0
1397635, 0, 1
1397785, 0, 0
1397935, 0, 1
1398085, 0, 0
1398235, 0, 1
1398385, 0, 0
1398535, 0, bit 0
1398535, 0, 0
1398685, 0, 1
1398835, 0, 0
1398985, 0, 1
1399135, 0, 1
1399285, 0, 0
1399435, 0, 1
1399585, 0, 0
1399735, 0, 1
1399885, 0, 0
1400035, 0, 1
1400185, 0, 0
1400335, 0, 1
1400485, 0, 0
1400635, 0, bit 1
1400638, 0, 1
1400785, 0, 0
1400935, 0, 1
1401085, 0, 0
1401235, 0, 0
1401385, 0, 1
1401535, 0, 0
1401686, 0, 1
1401836, 0, 0
1401986, 0, 1
1402136, 0, 0
1402286, 0, 1
1402436, 0, 0
1402586, 0, 1
1402736, 0, bit 1
1402736, 0, 1
1402886, 0, 0
1403036, 0, 1
1403186, 0, 0
1403336, 0, 0
1403486, 0, 1
1403636, 0, 0
1403786, 0, 1
1403936, 0, 0
1404086, 0, 1
1404236, 0, 0
1404386, 0, 1
1404536, 0, 0
1404686, 0, 1
1404836, 0, bit 0
1404836, 0, 0
1404986, 0, 1
1405136, 0, 0
1405286, 0, 1
1405436, 0, 1
1405586, 0, 0
1405736, 0, 1
1405886, 0, 0
1406036, 0, 1
1406186, 0, 0
1406336, 0, 1
1406486, 0, 0
1406636, 0, 1
1406786, 0, 0
1406936, 0, bit 1
1406936, 0, 1
1407086, 0, 0
1407236, 0, 1
1407386, 0, 0
1407536, 0, 0
1407686, 0, 1
1407836, 0, 0
1407986, 0, 1
1408136, 0, 0
1408286, 0, 1
1408436, 0, 0
1408586, 0, 1
1408736, 0, 0
1408886, 0, 1
1409036, 0, bit 0
1409036, 0, 0
1409186, 0, 1
1409336, 0, 0
1409486, 0, 1
1409636, 0, 1
1409786, 0, 0
1409936, 0, 1
1410086, 0, 0
1410236, 0, 1
1410386, 0, 0
1410536, 0, 1
1410686, 0, 0
1410836, 0, 1
1410987, 0, 0
1411137, 0, bit 0
1411137, 0, 0
1411287, 0, 1
1411437, 0, 0
1411587, 0, 1
1411737, 0, 1
1411887, 0, 0
1412037, 0, 1
1412187, 0, 0
1412337, 0, 1
1412487, 0, 0
1412637, 0, 1
1412787, 0, 0
1412937, 0, 1
1413087, 0, 0
1413237, 0, bit 1
1413237, 0, 1
1413387, 0, 0
1413537, 0, 1
1413687, 0, 0
1413837, 0, 0
1413987, 0, 1
1414137, 0, 0
1414287, 0, 1
1414437, 0, 0
1414587, 0, 1
1414737, 0, 0
1414887, 0, 1
1415037, 0, 0
1415187, 0, 1
1415337, 0, bit 1
1415337, 0, 1
1415487, 0, 0
1415638, 0, 1
1415788, 0, 0
1415938, 0, 0
1416088, 0, 1
1416238, 0, 0
1416388, 0, 1
1416538, 0, 0
1416688, 0, 1
1416838, 0, 0
1416988, 0, 1
1417138, 0, 0
1417288, 0, 1
1417438, 0, bit 1
1417438, 0, 1
1417588, 0, 0
1417738, 0, 1
1417888, 0, 0
1418038, 0, 0
1418188, 0, 1
1418338, 0, 0
1418488, 0, 1
1418638, 0, 0
1418788, 0, 1
1418938, 0, 0
1419088, 0, 1
1419238, 0, 0
1419388, 0, 1
1419538, 0, bit 1
1419538, 0, 1
1419688, 0, 0
1419838, 0, 1
1419988, 0, 0
1420138, 0, 0
1420288, 0, 1
1420438, 0, 0
1420588, 0, 1
1420738, 0, 0
1420888, 0, 1
1421038, 0, 0
1421188, 0, 1
1421338, 0, 0
1421488, 0, 1
1421638, 0, bit 1
1421638, 0, 1
1421788, 0, 0
1421938, 0, 1
1422088, 0, 0
1422238, 0, 0
1422388, 0, 1
1422538, 0, 0
1422688, 0, 1
1422838, 0, 0
1422988, 0, 1
1423138, 0, 0
1423288, 0, 1
1423438, 0, 0
1423588, 0, 1
1423738, 0, bit 0
1423738, 0, 0
1423888, 0, 1
1424038, 0, 0
1424188, 0, 1
1424338, 0, 1
1424488, 0, 0
1424638, 0, 1
1424788, 0, 0
1424939, 0, 1
1425089, 0, 0
1425239, 0, 1
1425389, 0, 0
1425539, 0, 1
1425689, 0, 0
1425839, 0, bit 1
1425839, 0, 1
1425989, 0, 0
1426139, 0, 1
1426289, 0, 0
1426439, 0, 0
1426589, 0, 1
1426739, 0, 0
1426889, 0, 1
1427039, 0, 0
1427189, 0, 1
1427339, 0, 0
1427489, 0, 1
1427639, 0, 0
1427789, 0, 1
1427939, 0, bit 0
1427939, 0, 0
1428089, 0, 1
1428239, 0, 0
1428389, 0, 1
1428539, 0, 1
1428689, 0, 0
1428839, 0, 1
1428989, 0, 0
1429139, 0, 1
1429289, 0, 0
1429439, 0, 1
1429590, 0, 0
1429740, 0, 1
1429890, 0, 0
1430040, 0, bit 1
1430040, 0, 1
1430190, 0, 0
1430340, 0, 1
1430490, 0, 0
1430640, 0, 0
1430790, 0, 1
1430940, 0, 0
1431090, 0, 1
1431240, 0, 0
1431390, 0, 1
1431540, 0, 0
1431690, 0, 1
1431840, 0, 0
1431990, 0, 1
1432140, 0, bit 0
1432140, 0, 0
1432290, 0, 1
1432440, 0, 0
1432590, 0, 1
1432740, 0, 1
1432890, 0, 0
1433040, 0, 1
1433190, 0, 0
1433340, 0, 1
1433490, 0, 0
1433640, 0, 1
1433790, 0, 0
1433940, 0, 1
1434090, 0, 0
1434240, 0, bit 1
1434240, 0, 1
1434390, 0, 0
1434540, 0, 1
1434690, 0, 0
1434840, 0, 0
1434990, 0, 1
1435140, 0, 0
1435290, 0, 1
1435440, 0, 0
1435590, 0, 1
1435740, 0, 0
1435890, 0, 1
1436040, 0, 0
1436190, 0, 1
1436340, 0, bit 1
1436340, 0, 1
1436490, 0, 0
1436640, 0, 1
1436790, 0, 0
1436940, 0, 0
1437090, 0, 1
1437240, 0, 0
1437390, 0, 1
1437540, 0, 0
1437690, 0, 1
1437840, 0, 0
1437990, 0, 1
1438140, 0, 0
1438290, 0, 1
1438440, 0, bit 0
1438440, 0, 0
1438590, 0, 1
1438740, 0, 0
1438891, 0, 1
1439041, 0, 1
1439191, 0, 0
1439341, 0, 1
1439491, 0, 0
1439641, 0, 1
1439791, 0, 0
1439941, 0, 1
1440091, 0, 0
1440241, 0, 1
1440391, 0, 0
1440541, 0, bit 1
1440541, 0, 1
1440691, 0, 0
1440841, 0, 1
1440991, 0, 0
1441141, 0, 0
1441291, 0, 1
1441441, 0, 0
1441591, 0, 1
1441741, 0, 0
1441891, 0, 1
1442041, 0, 0
1442191, 0, 1
1442341, 0, 0
1442491, 0, 1
1442641, 0, bit 0
1442641, 0, 0
1442791, 0, 1
1442941, 0, 0
1443091, 0, 1
1443241, 0, 1
1443391, 0, 0
1443542, 0, 1
1443692, 0, 0
1443842, 0, 1
1443992, 0, 0
1444142, 0, 1
1444292, 0, 0
1444442, 0, 1
1444592, 0, 0
1444742, 0, bit 0
1444742, 0, 0
1444892, 0, 1
1445042, 0, 0
1445192, 0, 1
1445342, 0, 1
1445492, 0, 0
1445642, 0, 1
1445792, 0, 0
1445942, 0, 1
1446092, 0, 0
1446242, 0, 1
1446392, 0, 0
1446542, 0, 1
1446692, 0, 0
1446842, 0, bit 1
1446842, 0, 1
1446992, 0, 0
1447142, 0, 1
1447292, 0, 0
1447442, 0, 0
1447592, 0, 1
1447742, 0, 0
1447892, 0, 1
1448042, 0, 0
1448192, 0, 1
1448342, 0, 0
1448492, 0, 1
1448642, 0, 0
1448792, 0, 1
1448942, 0, bit 0
1448942, 0, 0
1449092, 0, 1
1449242, 0, 0
1449392, 0, 1
1449542, 0, 1
1449692, 0, 0
1449842, 0, 1
1449992, 0, 0
1450142, 0, 1
1450292, 0, 0
1450442, 0, 1
1450592, 0, 0
1450742, 0, 1
1450892, 0, 0
1451042, 0, bit 1
1451042, 0, 1
1451192, 0, 0
1451342, 0, 1
1451492, 0, 0
1451642, 0, 0
1451792, 0, 1
1451942, 0, 0
1452092, 0, 1
1452242, 0, 0
1452392, 0, 1
1452542, 0, 0
1452692, 0, 1
1452843, 0, 0
1452993, 0, 1
1453143, 0, bit 0
1453143, 0, 0
1453293, 0, 1
1453443, 0, 0
1453593, 0, 1
1453743, 0, 1
1453893, 0, 0
1454043, 0, 1
1454193, 0, 0
1454343, 0, 1
1454493, 0, 0
1454643, 0, 1
1454793, 0, 0
1454943, 0, 1
1455093, 0, 0
1455243, 0, bit 1
1455243, 0, 1
1455393, 0, 0
1455543, 0, 1
1455693, 0, 0
1455843, 0, 0
1455993, 0, 1
1456143, 0, 0
1456293, 0, 1
1456443, 0, 0
1456593, 0, 1
1456743, 0, 0
1456893, 0, 1
1457043, 0, 0
1457193, 0, 1
1457343, 0, bit 1
1457343, 0, 1
1457494, 0, 0
1457644, 0, 1
1457794, 0, 0
1457944, 0, 0
1458094, 0, 1
1458244, 0, 0
1458394, 0, 1
1458544, 0, 0
1458694, 0, 1
1458844, 0, 0
1458994, 0, 1
1459144, 0, 0
1459294, 0, 1
1459444, 0, bit 1
1459444, 0, 1
1459594, 0, 0
1459744, 0, 1
1459894, 0, 0
1460044, 0, 0
1460194, 0, 1
1460344, 0, 0
1460494, 0, 1
1460644, 0, 0
1460794, 0, 1
1460944, 0, 0
1461094, 0, 1
1461244, 0, 0
1461394, 0, 1
1461544, 0, bit 1
1461544, 0, 1
1461694, 0, 0
1461844, 0, 1
1461994, 0, 0
1462144, 0, 0
1462294, 0, 1
1462444, 0, 0
1462594, 0, 1
1462744, 0, 0
1462894, 0, 1
1463044, 0, 0
1463194, 0, 1
1463344, 0, 0
1463494, 0, 1
1463644, 0, bit 1
1463644, 0, 1
1463794, 0, 0
1463944, 0, 1
1464094, 0, 0
1464244, 0, 0
1464394, 0, 1
1464544, 0, 0
1464694, 0, 1
1464844, 0, 0
1464994, 0, 1
1465144, 0, 0
1465294, 0, 1
1465444, 0, 0
1465594, 0, 1
1465744, 0, bit 0
1465744, 0, 0
1465894, 0, 1
1466044, 0, 0
1466194, 0, 1
1466344, 0, 1
1466494, 0, 0
1466644, 0, 1
1466795, 0, 0
1466945, 0, 1
1467095, 0, 0
1467245, 0, 1
1467395, 0, 0
1467545, 0, 1
1467695, 0, 0
1467845, 0, bit 0
1467845, 0, 0
1467995, 0, 1
1468145, 0, 0
1468295, 0, 1
1468445, 0, 1
1468595, 0, 0
1468745, 0, 1
1468895, 0, 0
1469045, 0, 1
1469195, 0, 0
1469345, 0, 1
1469495, 0, 0
1469645, 0, 1
1469795, 0, 0
1469945, 0, bit 1
1469945, 0, 1
1470095, 0, 0
1470245, 0, 1
1470395, 0, 0
1470545, 0, 0
1470695, 0, 1
1470845, 0, 0
1470995, 0, 1
1471145, 0, 0
1471295, 0, 1
1471446, 0, 0
1471596, 0, 1
1471746, 0, 0
1471896, 0, 1
1472046, 0, bit 0
1472046, 0, 0
1472196, 0, 1
1472346, 0, 0
1472496, 0, 1
1472646, 0, 1
1472796, 0, 0
1472946, 0, 1
1473096, 0, 0
1473246, 0, 1
1473396, 0, 0
1473546, 0, 1
1473696, 0, 0
1473846, 0, 1
1473996, 0, 0
1474146, 0, bit 0
1474146, 0, 0
1474296, 0, 1
1474446, 0, 0
1474596, 0, 1
1474746, 0, 1
1474896, 0, 0
1475046, 0, 1
1475196, 0, 0
1475346, 0, 1
1475496, 0, 0
1475646, 0, 1
1475796, 0, 0
1475946, 0, 1
1476096, 0, 0
1476246, 0, bit 1
1476246, 0, 1
1476396, 0, 0
1476546, 0, 1
1476696, 0, 0
1476846, 0, 0
1476996, 0, 1
1477146, 0, 0
1477296, 0, 1
1477446, 0, 0
1477596, 0, 1
1477746, 0, 0
1477896, 0, 1
1478046, 0, 0
1478196, 0, 1
1478346, 0, bit 0
1478346, 0, 0
1478496, 0, 1
1478646, 0, 0
1478796, 0, 1
1478946, 0, 1
1479096, 0, 0
1479246, 0, 1
1479396, 0, 0
1479546, 0, 1
1479696, 0, 0
1479846, 0, 1
1479996, 0, 0
1480146, 0, 1
1480296, 0, 0
1480446, 0, bit 0
1480457, 0, 0
1480596, 0, 1
1480747, 0, 0
1480897, 0, 1
1481047, 0, 1
1481197, 0, 0
1481347, 0, 1
1481497, 0, 0
1481647, 0, 1
1481797, 0, 0
1481947, 0, 1
1482097, 0, 0
1482247, 0, 1
1482397, 0, 0
1482547, 0, bit 1
1482547, 0, 1
1482697, 0, 0
1482847, 0, 1
1482997, 0, 0
1483147, 0, 0
1483297, 0, 1
1483447, 0, 0
1483597, 0, 1
1483747, 0, 0
1483897, 0, 1
1484047, 0, 0
1484197, 0, 1
1484347, 0, 0
1484497, 0, 1
1484647, 0, bit 1
1484647, 0, 1
1484797, 0, 0
1484947, 0, 1
1485097, 0, 0
1485247, 0, 0
1485398, 0, 1
1485548, 0, 0
1485698, 0, 1
1485848, 0, 0
1485998, 0, 1
1486148, 0, 0
1486298, 0, 1
1486448, 0, 0
1486598, 0, 1
1486748, 0, bit 0
1486748, 0, 0
1486898, 0, 1
1487048, 0, 0
1487198, 0, 1
1487348, 0, 1
1487498, 0, 0
1487648, 0, 1
1487798, 0, 0
1487948, 0, 1
1488098, 0, 0
1488248, 0, 1
1488398, 0, 0
1488548, 0, 1
1488698, 0, 0
1488848, 0, bit 1
1488848, 0, 1
1488998, 0, 0
1489148, 0, 1
1489298, 0, 0
1489448, 0, 0
1489598, 0, 1
1489748, 0, 0
1489898, 0, 1
1490048, 0, 0
1490198, 0, 1
1490348, 0, 0
1490498, 0, 1
1490648, 0, 0
1490798, 0, 1
1490948, 0, bit 0
1490948, 0, 0
1491098, 0, 1
1491248, 0, 0
1491398, 0, 1
1491548, 0, 1
1491698, 0, 0
1491848, 0, 1
1491998, 0, 0
1492148, 0, 1
1492298, 0, 0
1492448, 0, 1
1492598, 0, 0
1492748, 0, 1
1492898, 0, 0
1493048, 0, bit 1
1493048, 0, 1
1493198, 0, 0
1493348, 0, 1
1493498, 0, 0
1493648, 0, 0
1493798, 0, 1
1493948, 0, 0
1494098, 0, 1
1494248, 0, 0
1494398, 0, 1
1494548, 0, 0
1494699, 0, 1
1494849, 0, 0
1494999, 0, 1
1495149, 0, bit 1
1495149, 0, 1
1495299, 0, 0
1495449, 0, 1
1495599, 0, 0
1495749, 0, 0
1495899, 0, 1
1496049, 0, 0
1496199, 0, 1
1496349, 0, 0
1496499, 0, 1
1496649, 0, 0
1496799, 0, 1
1496949, 0, 0
1497099, 0, 1
1497249, 0, bit 0
1497249, 0, 0
1497399, 0, 1
1497549, 0, 0
1497699, 0, 1
1497849, 0, 1
1497999, 0, 0
1498149, 0, 1
1498299, 0, 0
1498449, 0, 1
1498599, 0, 0
1498749, 0, 1
1498899, 0, 0
1499049, 0, 1
1499199, 0, 0
1499350, 0, bit 0
1499350, 0, 0
1499500, 0, 1
1499650, 0, 0
1499800, 0, 1
1499950, 0, 1
1500100, 0, 0
1500250, 0, 1
1500400, 0, 0
1500550, 0, 1
1500700, 0, 0
1500850, 0, 1
1501000, 0, 0
1501150, 0, 1
1501300, 0, 0
1501450, 0, bit 0
1501450, 0, 0
1501600, 0, 1
1501750, 0, 0
1501900, 0, 1
1502050, 0, 1
1502200, 0, 0
1502350, 0, 1
1502500, 0, 0
1502650, 0, 1
1502800, 0, 0
1502950, 0, 1
1503100, 0, 0
1503250, 0, 1
1503400, 0, 0
1503550, 0, bit 0
1503550, 0, 0
1503700, 0, 1
1503850, 0, 0
1504000, 0, 1
1504150, 0, 1
1504300, 0, 0
1504450, 0, 1
1504600, 0, 0
1504750, 0, 1
1504900, 0, 0
1505050, 0, 1
1505200, 0, 0
1505350, 0, 1
1505500, 0, 0
1505650, 0, bit 1
1505650, 0, 1
1505800, 0, 0
1505950, 0, 1
1506100, 0, 0
1506250, 0, 0
1506400, 0, 1
1506550, 0, 0
1506700, 0, 1
1506850, 0, 0
1507000, 0, 1
1507150, 0, 0
1507300, 0, 1
1507450, 0, 0
1507600, 0, 1
1507750, 0, bit 1
1507750, 0, 1
1507900, 0, 0
1508050, 0, 1
1508200, 0, 0
1508350, 0, 0
1508500, 0, 1
1508651, 0, 0
1508801, 0, 1
1508951, 0, 0
1509101, 0, 1
1509251, 0, 0
1509401, 0, 1
1509551, 0, 0
1509701, 0, 1
1509851, 0, bit 1
1509851, 0, 1
1510001, 0, 0
1510151, 0, 1
1510301, 0, 0
1510451, 0, 0
1510601, 0, 1
1510751, 0, 0
1510901, 0, 1
1511051, 0, 0
1511201, 0, 1
1511351, 0, 0
1511501, 0, 1
1511651, 0, 0
1511801, 0, 1
1511951, 0, bit 0
1511951, 0, 0
1512101, 0, 1
1512251, 0, 0
1512401, 0, 1
1512551, 0, 1
1512701, 0, 0
1512851, 0, 1
1513001, 0, 0
1513151, 0, 1
1513302, 0, 0
1513452, 0, 1
1513602, 0, 0
1513752, 0, 1
1513902, 0, 0
1514052, 0, bit 0
1514052, 0, 0
1514202, 0, 1
1514352, 0, 0
1514502, 0, 1
1514652, 0, 1
1514802, 0, 0
1514952, 0, 1
1515102, 0, 0
1515252, 0, 1
1515402, 0, 0
1515552, 0, 1
1515702, 0, 0
1515852, 0, 1
1516002, 0, 0
1516152, 0, bit 1
1516152, 0, 1
1516302, 0, 0
1516452, 0, 1
1516602, 0, 0
1516752, 0, 0
1516902, 0, 1
1517052, 0, 0
1517202, 0, 1
1517352, 0, 0
1517502, 0, 1
1517652, 0, 0
1517802, 0, 1
1517952, 0, 0
1518102, 0, 1
1518252, 0, bit 1
1518252, 0, 1
1518402, 0, 0
1518552, 0, 1
1518702, 0, 0
1518852, 0, 0
1519002, 0, 1
1519152, 0, 0
1519302, 0, 1
1519452, 0, 0
1519602, 0, 1
1519752, 0, 0
1519902, 0, 1
1520052, 0, 0
1520202, 0, 1
1520352, 0, bit 1
1520352, 0, 1
1520502, 0, 0
1520652, 0, 1
1520802, 0, 0
1520952, 0, 0
1521102, 0, 1
1521252, 0, 0
1521402, 0, 1
1521552, 0, 0
1521702, 0, 1
1521852, 0, 0
1522002, 0, 1
1522152, 0, 0
1522302, 0, 1
1522452, 0, bit 1
1522452, 0, 1
1522603, 0, 0
1522753, 0, 1
1522903, 0, 0
1523053, 0, 0
1523203, 0, 1
1523353, 0, 0
1523503, 0, 1
1523653, 0, 0
1523803, 0, 1
1523953, 0, 0
1524103, 0, 1
1524253, 0, 0
1524403, 0, 1
1524553, 0, bit 0
1524553, 0, 0
1524703, 0, 1
1524853, 0, 0
1525003, 0, 1
1525153, 0, 1
1525303, 0, 0
1525453, 0, 1
1525603, 0, 0
1525753, 0, 1
1525903, 0, 0
1526053, 0, 1
1526203, 0, 0
1526353, 0, 1
1526503, 0, 0
1526653, 0, bit 0
1526653, 0, 0
1526803, 0, 1
1526953, 0, 0
1527103, 0, 1
1527254, 0, 1
1527404, 0, 0
1527554, 0, 1
1527704, 0, 0
1527854, 0, 1
1528004, 0, 0
1528154, 0, 1
1528304, 0, 0
1528454, 0, 1
1528604, 0, 0
1528754, 0, bit 1
1528754, 0, 1
1528904, 0, 0
1529054, 0, 1
1529204, 0, 0
1529354, 0, 0
1529504, 0, 1
1529654, 0, 0
1529804, 0, 1
1529954, 0, 0
1530104, 0, 1
1530254, 0, 0
1530404, 0, 1
1530554, 0, 0
1530704, 0, 1
1530854, 0, bit 1
1530854, 0, 1
1531004, 0, 0
1531154, 0, 1
1531304, 0, 0
1531454, 0, 0
1531604, 0, 1
1531754, 0, 0
1531904, 0, 1
1532054, 0, 0
1532204, 0, 1
1532354, 0, 0
1532504, 0, 1
1532654, 0, 0
1532804, 0, 1
1532954, 0, bit 0
1532954, 0, 0
1533104, 0, 1
1533254, 0, 0
1533404, 0, 1
1533554, 0, 1
1533704, 0, 0
1533854, 0, 1
1534004, 0, 0
1534154, 0, 1
1534304, 0, 0
1534454, 0, 1
1534604, 0, 0
1534754, 0, 1
1534904, 0, 0
1535054, 0, bit 0
1535054, 0, 0
1535204, 0, 1
1535354, 0, 0
1535504, 0, 1
1535654, 0, 1
1535804, 0, 0
1535954, 0, 1
1536104, 0, 0
1536254, 0, 1
1536404, 0, 0
1536555, 0, 1
1536705, 0, 0
1536855, 0, 1
1537005, 0, 0
1537155, 0, bit 0
1537155, 0, 0
1537305, 0, 1
1537455, 0, 0
1537605, 0, 1
1537755, 0, 1
1537905, 0, 0
1538055, 0, 1
1538205, 0, 0
1538355, 0, 1
1538505, 0, 0
1538655, 0, 1
1538805, 0, 0
1538955, 0, 1
1539105, 0, 0
1539255, 0, bit 0
1539255, 0, 0
1539405, 0, 1
1539555, 0, 0
1539705, 0, 1
1539855, 0, 1
1540005, 0, 0
1540155, 0, 1
1540305, 0, 0
1540455, 0, 1
1540605, 0, 0
1540755, 0, 1
1540905, 0, 0
1541055, 0, 1
1541206, 0, 0
1541356, 0, bit 0
1541356, 0, 0
1541506, 0, 1
1541656, 0, 0
1541806, 0, 1
1541956, 0, 1
1542106, 0, 0
1542256, 0, 1
1542406, 0, 0
1542556, 0, 1
1542706, 0, 0
1542856, 0, 1
1543006, 0, 0
1543156, 0, 1
1543306, 0, 0
1543456, 0, bit 1
1543456, 0, 1
1543606, 0, 0
1543756, 0, 1
1543906, 0, 0
1544056, 0, 0
1544206, 0, 1
1544356, 0, 0
1544506, 0, 1
1544656, 0, 0
1544806, 0, 1
1544956, 0, 0
1545106, 0, 1
1545256, 0, 0
1545406, 0, 1
1545556, 0, bit 0
1545556, 0, 0
1545706, 0, 1
1545856, 0, 0
1546006, 0, 1
1546156, 0, 1
1546306, 0, 0
1546456, 0, 1
1546606, 0, 0
1546756, 0, 1
1546906, 0, 0
1547056, 0, 1
1547206, 0, 0
1547356, 0, 1
1547506, 0, 0
1547656, 0, bit 1
1547656, 0, 1
1547806, 0, 0
1547956, 0, 1
1548106, 0, 0
1548256, 0, 0
1548406, 0, 1
1548556, 0, 0
1548706, 0, 1
1548856, 0, 0
1549006, 0, 1
1549156, 0, 0
1549306, 0, 1
1549456, 0, 0
1549606, 0, 1
1549756, 0, bit 1
1549756, 0, 1
1549906, 0, 0
1550056, 0, 1
1550206, 0, 0
1550356, 0, 0
1550507, 0, 1
1550657, 0, 0
1550807, 0, 1
1550957, 0, 0
1551107, 0, 1
1551257, 0, 0
1551407, 0, 1
1551557, 0, 0
1551707, 0, 1
1551857, 0, bit 1
1551857, 0, 1
1552007, 0, 0
1552157, 0, 1
1552307, 0, 0
1552457, 0, 0
1552607, 0, 1
1552757, 0, 0
1552907, 0, 1
1553057, 0, 0
1553207, 0, 1
1553357, 0, 0
1553507, 0, 1
1553657, 0, 0
1553807, 0, 1
1553957, 0, bit 0
1553957, 0, 0
1554107, 0, 1
1554257, 0, 0
1554407, 0, 1
1554557, 0, 1
1554707, 0, 0
1554857, 0, 1
1555007, 0, 0
1555158, 0, 1
1555308, 0, 0
1555458, 0, 1
1555608, 0, 0
1555758, 0, 1
1555908, 0, 0
1556058, 0, bit 1
1556058, 0, 1
1556208, 0, 0
1556358, 0, 1
1556508, 0, 0
1556658, 0, 0
1556808, 0, 1
1556958, 0, 0
1557108, 0, 1
1557258, 0, 0
1557408, 0, 1
1557558, 0, 0
1557708, 0, 1
1557858, 0, 0
1558008, 0, 1
1558158, 0, bit 0
1558158, 0, 0
1558308, 0, 1
1558458, 0, 0
1558608, 0, 1
1558758, 0, 1
1558908, 0, 0
1559058, 0, 1
1559208, 0, 0
1559358, 0, 1
1559508, 0, 0
1559658, 0, 1
1559808, 0, 0
1559958, 0, 1
1560108, 0, 0
1560258, 0, bit 1
1560261, 0, 1
1560408, 0, 0
1560558, 0, 1
1560708, 0, 0
1560858, 0, 0
1561008, 0, 1
1561158, 0, 0
1561308, 0, 1
1561458, 0, 0
1561608, 0, 1
1561758, 0, 0
1561908, 0, 1
1562058, 0, 0
1562208, 0, 1
1562358, 0, bit 0
1562358, 0, 0
1562508, 0, 1
1562658, 0, 0
1562808, 0, 1
1562958, 0, 1
1563108, 0, 0
1563258, 0, 1
1563408, 0, 0
1563558, 0, 1
1563708, 0, 0
1563858, 0, 1
1564008, 0, 0
1564158, 0, 1
1564308, 0, 0
1564459, 0, bit 1
1564459, 0, 1
1564609, 0, 0
1564759, 0, 1
1564909, 0, 0
1565059, 0, 0
1565209, 0, 1
1565359, 0, 0
1565509, 0, 1
1565659, 0, 0
1565809, 0, 1
1565959, 0, 0
1566109, 0, 1
1566259, 0, 0
1566409, 0, 1
1566559, 0, bit 0
1566559, 0, 0
1566709, 0, 1
1566859, 0, 0
1567009, 0, 1
1567159, 0, 1
1567309, 0, 0
1567459, 0, 1
1567609, 0, 0
1567759, 0, 1
1567909, 0, 0
1568059, 0, 1
1568209, 0, 0
1568359, 0, 1
1568509, 0, 0
1568659, 0, bit 0
1568659, 0, 0
1568809, 0, 1
1568959, 0, 0
1569110, 0, 1
1569260, 0, 1
1569410, 0, 0
1569560, 0, 1
1569710, 0, 0
1569860, 0, 1
1570010, 0, 0
1570160, 0, 1
1570310, 0, 0
1570460, 0, 1
1570610, 0, 0
1570760, 0, bit 1
1570760, 0, 1
1570910, 0, 0
1571060, 0, 1
1571210, 0, 0
1571360, 0, 0
1571510, 0, 1
1571660, 0, 0
1571810, 0, 1
1571960, 0, 0
1572110, 0, 1
1572260, 0, 0
1572410, 0, 1
1572560, 0, 0
1572710, 0, 1
