75 100 1 7 16
(2, 20, 5, 10.00), (code 0)
START
306714, 0, prem 0
306714, 0, 0
306789, 0, 0
306864, 0, 0
306939, 0, 0
307014, 0, 0
307089, 0, 0
307164, 0, 0
307239, 0, 0
307314, 0, 0
307389, 0, 0
307464, 0, 0
307539, 0, 0
307614, 0, 0
307689, 0, 0
307764, 0, 0
307840, 0, 0
307915, 0, 1
307990, 0, 1
308065, 0, 1
308140, 0, 1
308215, 0, 1
308290, 0, 1
308365, 0, 1
308440, 0, 1
308515, 0, 1
308590, 0, 1
308665, 0, 1
308740, 0, 1
308815, 0, 1
308890, 0, 1
308965, 0, 1
309040, 0, 1
309115, 0, prem 1
309115, 0, 1
309190, 0, 1
309265, 0, 1
309340, 0, 1
309415, 0, 1
309490, 0, 1
309565, 0, 1
309640, 0, 1
309715, 0, 1
309790, 0, 1
309865, 0, 1
309940, 0, 1
310016, 0, 1
310091, 0, 1
310166, 0, 1
310241, 0, 1
310316, 0, 0
310391, 0, 0
310466, 0, 0
310541, 0, 0
310616, 0, 0
310691, 0, 0
310766, 0, 0
310841, 0, 0
310916, 0, 0
310991, 0, 0
311066, 0, 0
311141, 0, 0
311216, 0, 0
311291, 0, 0
311366, 0, 0
311441, 0, 0
311516, 0, prem 1
311516, 0, 1
311591, 0, 1
311666, 0, 1
311741, 0, 1
311816, 0, 1
311891, 0, 1
311966, 0, 1
312041, 0, 1
312116, 0, 1
312192, 0, 1
312267, 0, 1
312342, 0, 1
312417, 0, 1
312492, 0, 1
312567, 0, 1
312642, 0, 1
312717, 0, 0
312792, 0, 0
312867, 0, 0
312942, 0, 0
313017, 0, 0
313092, 0, 0
313167, 0, 0
313242, 0, 0
313317, 0, 0
313392, 0, 0
313467, 0, 0
313542, 0, 0
313617, 0, 0
313692, 0, 0
313767, 0, 0
313842, 0, 0
313917, 0, prem 1
313917, 0, 1
313992, 0, 1
314067, 0, 1
314142, 0, 1
314217, 0, 1
314292, 0, 1
314368, 0, 1
314443, 0, 1
314518, 0, 1
314593, 0, 1
314668, 0, 1
314743, 0, 1
314818, 0, 1
314893, 0, 1
314968, 0, 1
315043, 0, 1
315118, 0, 0
315193, 0, 0
315268, 0, 0
315343, 0, 0
315418, 0, 0
315493, 0, 0
315568, 0, 0
315643, 0, 0
315718, 0, 0
315793, 0, 0
315868, 0, 0
315943, 0, 0
316018, 0, 0
316093, 0, 0
316168, 0, 0
316243, 0, 0
316318, 0, prem 1
316318, 0, 1
316393, 0, 1
316468, 0, 1
316544, 0, 1
316619, 0, 1
316694, 0, 1
316769, 0, 1
316844, 0, 1
316919, 0, 1
316994, 0, 1
317069, 0, 1
317144, 0, 1
317219, 0, 1
317294, 0, 1
317369, 0, 1
317444, 0, 1
317519, 0, 0
317594, 0, 0
317669, 0, 0
317744, 0, 0
317819, 0, 0
317894, 0, 0
317969, 0, 0
318044, 0, 0
318119, 0, 0
318194, 0, 0
318269, 0, 0
318344, 0, 0
318419, 0, 0
318494, 0, 0
318569, 0, 0
318644, 0, 0
318720, 0, prem 0
318720, 0, 0
318795, 0, 0
318870, 0, 0
318945, 0, 0
319020, 0, 0
319095, 0, 0
319170, 0, 0
319245, 0, 0
319320, 0, 0
319395, 0, 0
319470, 0, 0
319545, 0, 0
319620, 0, 0
319695, 0, 0
319770, 0, 0
319845, 0, 0
319920, 0, 1
319995, 0, 1
320070, 0, 1
320145, 0, 1
320220, 0, 1
320295, 0, 1
320370, 0, 1
320445, 0, 1
320520, 0, 1
320595, 0, 1
320670, 0, 1
320745, 0, 1
320820, 0, 1
320896, 0, 1
320971, 0, 1
321046, 0, 1
321121, 0, prem 0
321121, 0, 0
321196, 0, 0
321271, 0, 0
321346, 0, 0
321421, 0, 0
321496, 0, 0
321571, 0, 0
321646, 0, 0
321721, 0, 0
321796, 0, 0
321871, 0, 0
321946, 0, 0
322021, 0, 0
322096, 0, 0
322171, 0, 0
322246, 0, 0
322321, 0, 1
322396, 0, 1
322471, 0, 1
322546, 0, 1
322621, 0, 1
322696, 0, 1
322771, 0, 1
322846, 0, 1
322921, 0, 1
322996, 0, 1
323072, 0, 1
323147, 0, 1
323222, 0, 1
323297, 0, 1
323372, 0, 1
323447, 0, 1
323522, 0, bit 1
323522, 0, 0
323597, 0, 1
323672, 0, 1
323747, 0, 0
323822, 0, 1
323897, 0, 0
323972, 0, 1
324047, 0, 0
324122, 0, 1
324197, 0, 0
324272, 0, 0
324347, 0, 1
324422, 0, 0
324497, 0, 1
324572, 0, bit 1
324572, 0, 0
324647, 0, 1
324722, 0, 1
324797, 0, 0
324872, 0, 1
324947, 0, 0
325022, 0, 1
325097, 0, 0
325172, 0, 1
325248, 0, 0
325323, 0, 0
325398, 0, 1
325473, 0, 0
325548, 0, 1
325623, 0, bit 1
325623, 0, 0
325698, 0, 1
325773, 0, 1
325848, 0, 0
325923, 0, 1
325998, 0, 0
326073, 0, 1
326148, 0, 0
326223, 0, 1
326298, 0, 0
326373, 0, 0
326448, 0, 1
326523, 0, 0
326598, 0, 1
326673, 0, bit 1
326673, 0, 0
326748, 0, 1
326823, 0, 1
326898, 0, 0
326973, 0, 1
327048, 0, 0
327123, 0, 1
327198, 0, 0
327273, 0, 1
327348, 0, 0
327424, 0, 0
327499, 0, 1
327574, 0, 0
327649, 0, 1
327724, 0, bit 1
327724, 0, 0
327799, 0, 1
327874, 0, 1
327949, 0, 0
328024, 0, 1
328099, 0, 0
328174, 0, 1
328249, 0, 0
328324, 0, 1
328399, 0, 0
328474, 0, 0
328549, 0, 1
328624, 0, 0
328699, 0, 1
328774, 0, bit 1
328774, 0, 0
328849, 0, 1
328924, 0, 1
328999, 0, 0
329074, 0, 1
329149, 0, 0
329224, 0, 1
329299, 0, 0
329374, 0, 1
329449, 0, 0
329524, 0, 0
329600, 0, 1
329675, 0, 0
329750, 0, 1
329825, 0, bit 1
329828, 0, 0
329900, 0, 1
329975, 0, 1
330050, 0, 0
330125, 0, 1
330200, 0, 0
330275, 0, 1
330350, 0, 0
330425, 0, 1
330500, 0, 0
330575, 0, 0
330650, 0, 1
330725, 0, 0
330800, 0, 1
330875, 0, bit 1
330875, 0, 0
330950, 0, 1
331025, 0, 1
331100, 0, 0
331175, 0, 1
331250, 0, 0
331325, 0, 1
331400, 0, 0
331475, 0, 1
331550, 0, 0
331625, 0, 0
331700, 0, 1
331776, 0, 0
331851, 0, 1
331926, 0, bit 1
331926, 0, 0
332001, 0, 1
332076, 0, 1
332151, 0, 0
332226, 0, 1
332301, 0, 0
332376, 0, 1
332451, 0, 0
332526, 0, 1
332601, 0, 0
332676, 0, 0
332751, 0, 1
332826, 0, 0
332901, 0, 1
332976, 0, bit 1
332976, 0, 0
333051, 0, 1
333126, 0, 1
333201, 0, 0
333276, 0, 1
333351, 0, 0
333426, 0, 1
333501, 0, 0
333576, 0, 1
333651, 0, 0
333726, 0, 0
333801, 0, 1
333876, 0, 0
333952, 0, 1
334027, 0, bit 1
334027, 0, 0
334102, 0, 1
334177, 0, 1
334252, 0, 0
334327, 0, 1
334402, 0, 0
334477, 0, 1
334552, 0, 0
334627, 0, 1
334702, 0, 0
334777, 0, 0
334852, 0, 1
334927, 0, 0
335002, 0, 1
335077, 0, bit 0
335077, 0, 1
335152, 0, 0
335227, 0, 0
335302, 0, 1
335377, 0, 0
335452, 0, 1
335527, 0, 0
335602, 0, 1
335677, 0, 0
335752, 0, 1
335827, 0, 1
335902, 0, 0
335977, 0, 1
336052, 0, 0
336128, 0, bit 0
336128, 0, 1
336203, 0, 0
336278, 0, 0
336353, 0, 1
336428, 0, 0
336503, 0, 1
336578, 0, 0
336653, 0, 1
336728, 0, 0
336803, 0, 1
336878, 0, 1
336953, 0, 0
337028, 0, 1
337103, 0, 0
337178, 0, bit 1
337178, 0, 0
337253, 0, 1
337328, 0, 1
337403, 0, 0
337478, 0, 1
337553, 0, 0
337628, 0, 1
337703, 0, 0
337778, 0, 1
337853, 0, 0
337928, 0, 0
338003, 0, 1
338078, 0, 0
338153, 0, 1
338228, 0, bit 0
338228, 0, 1
338304, 0, 0
338379, 0, 0
338454, 0, 1
338529, 0, 0
338604, 0, 1
338679, 0, 0
338754, 0, 1
338829, 0, 0
338904, 0, 1
338979, 0, 1
339054, 0, 0
339129, 0, 1
339204, 0, 0
339279, 0, bit 0
339279, 0, 1
339354, 0, 0
339429, 0, 0
339504, 0, 1
339579, 0, 0
339654, 0, 1
339729, 0, 0
339804, 0, 1
339879, 0, 0
339954, 0, 1
340029, 0, 1
340104, 0, 0
340179, 0, 1
340254, 0, 0
340329, 0, bit 0
340329, 0, 1
340404, 0, 0
340480, 0, 0
340555, 0, 1
340630, 0, 0
340705, 0, 1
340780, 0, 0
340855, 0, 1
340930, 0, 0
341005, 0, 1
341080, 0, 1
341155, 0, 0
341230, 0, 1
341305, 0, 0
341380, 0, bit 0
341380, 0, 1
341455, 0, 0
341530, 0, 0
341605, 0, 1
341680, 0, 0
341755, 0, 1
341830, 0, 0
341905, 0, 1
341980, 0, 0
342055, 0, 1
342130, 0, 1
342205, 0, 0
342280, 0, 1
342355, 0, 0
342430, 0, bit 0
342430, 0, 1
342505, 0, 0
342580, 0, 0
342656, 0, 1
342731, 0, 0
342806, 0, 1
342881, 0, 0
342956, 0, 1
343031, 0, 0
343106, 0, 1
343181, 0, 1
343256, 0, 0
343331, 0, 1
343406, 0, 0
343481, 0, bit 0
343481, 0, 1
343556, 0, 0
343631, 0, 0
343706, 0, 1
343781, 0, 0
343856, 0, 1
343931, 0, 0
344006, 0, 1
344081, 0, 0
344156, 0, 1
344231, 0, 1
344306, 0, 0
344381, 0, 1
344456, 0, 0
344531, 0, bit 0
344531, 0, 1
344606, 0, 0
344681, 0, 0
344756, 0, 1
344832, 0, 0
344907, 0, 1
344982, 0, 0
345057, 0, 1
345132, 0, 0
345207, 0, 1
345282, 0, 1
345357, 0, 0
345432, 0, 1
345507, 0, 0
345582, 0, bit 0
345582, 0, 1
345657, 0, 0
345732, 0, 0
345807, 0, 1
345882, 0, 0
345957, 0, 1
346032, 0, 0
346107, 0, 1
346182, 0, 0
346257, 0, 1
346332, 0, 1
346407, 0, 0
346482, 0, 1
346557, 0, 0
346632, 0, bit 0
346632, 0, 1
346707, 0, 0
346782, 0, 0
346857, 0, 1
346932, 0, 0
347008, 0, 1
347083, 0, 0
347158, 0, 1
347233, 0, 0
347308, 0, 1
347383, 0, 1
347458, 0, 0
347533, 0, 1
347608, 0, 0
347683, 0, bit 1
347683, 0, 0
347758, 0, 1
347833, 0, 1
347908, 0, 0
347983, 0, 1
348058, 0, 0
348133, 0, 1
348208, 0, 0
348283, 0, 1
348358, 0, 0
348433, 0, 0
348508, 0, 1
348583, 0, 0
348658, 0, 1
348733, 0, bit 1
348733, 0, 0
348808, 0, 1
348883, 0, 1
348958, 0, 0
349033, 0, 1
349108, 0, 0
349184, 0, 1
349259, 0, 0
349334, 0, 1
349409, 0, 0
349484, 0, 0
349559, 0, 1
349634, 0, 0
349709, 0, 1
349784, 0, bit 1
349784, 0, 0
349859, 0, 1
349934, 0, 1
350009, 0, 0
350084, 0, 1
350159, 0, 0
350234, 0, 1
350309, 0, 0
350384, 0, 1
350459, 0, 0
350534, 0, 0
350609, 0, 1
350684, 0, 0
350759, 0, 1
350834, 0, bit 0
350834, 0, 1
350909, 0, 0
350984, 0, 0
351059, 0, 1
351134, 0, 0
351209, 0, 1
351284, 0, 0
351360, 0, 1
351435, 0, 0
351510, 0, 1
351585, 0, 1
351660, 0, 0
351735, 0, 1
351810, 0, 0
351885, 0, bit 1
351885, 0, 0
351960, 0, 1
352035, 0, 1
352110, 0, 0
352185, 0, 1
352260, 0, 0
352335, 0, 1
352410, 0, 0
352485, 0, 1
352560, 0, 0
352635, 0, 0
352710, 0, 1
352785, 0, 0
352860, 0, 1
352935, 0, bit 1
352935, 0, 0
353010, 0, 1
353085, 0, 1
353160, 0, 0
353235, 0, 1
353310, 0, 0
353385, 0, 1
353460, 0, 0
353536, 0, 1
353611, 0, 0
353686, 0, 0
353761, 0, 1
353836, 0, 0
353911, 0, 1
353986, 0, bit 1
353986, 0, 0
354061, 0, 1
354136, 0, 1
354211, 0, 0
354286, 0, 1
354361, 0, 0
354436, 0, 1
354511, 0, 0
354586, 0, 1
354661, 0, 0
354736, 0, 0
354811, 0, 1
354886, 0, 0
354961, 0, 1
355036, 0, bit 0
355036, 0, 1
355111, 0, 0
355186, 0, 0
355261, 0, 1
355336, 0, 0
355411, 0, 1
355486, 0, 0
355561, 0, 1
355636, 0, 0
355712, 0, 1
355787, 0, 1
355862, 0, 0
355937, 0, 1
356012, 0, 0
356087, 0, bit 0
356087, 0, 1
356162, 0, 0
356237, 0, 0
356312, 0, 1
356387, 0, 0
356462, 0, 1
356537, 0, 0
356612, 0, 1
356687, 0, 0
356762, 0, 1
356837, 0, 1
356912, 0, 0
356987, 0, 1
357062, 0, 0
357137, 0, bit 0
357137, 0, 1
357212, 0, 0
357287, 0, 0
357362, 0, 1
357437, 0, 0
357512, 0, 1
357587, 0, 0
357662, 0, 1
357737, 0, 0
357812, 0, 1
357888, 0, 1
357963, 0, 0
358038, 0, 1
358113, 0, 0
358188, 0, bit 0
358188, 0, 1
358263, 0, 0
358338, 0, 0
358413, 0, 1
358488, 0, 0
358563, 0, 1
358638, 0, 0
358713, 0, 1
358788, 0, 0
358863, 0, 1
358938, 0, 1
359013, 0, 0
359088, 0, 1
359163, 0, 0
359238, 0, bit 1
359238, 0, 0
359313, 0, 1
359388, 0, 1
359463, 0, 0
359538, 0, 1
359613, 0, 0
359688, 0, 1
359763, 0, 0
359838, 0, 1
359913, 0, 0
359988, 0, 0
360064, 0, 1
360139, 0, 0
360214, 0, 1
360289, 0, bit 1
360289, 0, 0
360364, 0, 1
360439, 0, 1
360514, 0, 0
360589, 0, 1
360664, 0, 0
360739, 0, 1
360814, 0, 0
360889, 0, 1
360964, 0, 0
361039, 0, 0
361114, 0, 1
361189, 0, 0
361264, 0, 1
361339, 0, bit 1
361339, 0, 0
361414, 0, 1
361489, 0, 1
361564, 0, 0
361639, 0, 1
361714, 0, 0
361789, 0, 1
361864, 0, 0
361939, 0, 1
362014, 0, 0
362089, 0, 0
362164, 0, 1
362240, 0, 0
362315, 0, 1
362390, 0, bit 0
362390, 0, 1
362465, 0, 0
362540, 0, 0
362615, 0, 1
362690, 0, 0
362765, 0, 1
362840, 0, 0
362915, 0, 1
362990, 0, 0
363065, 0, 1
363140, 0, 1
363215, 0, 0
363290, 0, 1
363365, 0, 0
363440, 0, bit 0
363440, 0, 1
363515, 0, 0
363590, 0, 0
363665, 0, 1
363740, 0, 0
363815, 0, 1
363890, 0, 0
363965, 0, 1
364040, 0, 0
364115, 0, 1
364190, 0, 1
364265, 0, 0
364340, 0, 1
364416, 0, 0
364491, 0, bit 1
364491, 0, 0
364566, 0, 1
364641, 0, 1
364716, 0, 0
364791, 0, 1
364866, 0, 0
364941, 0, 1
365016, 0, 0
365091, 0, 1
365166, 0, 0
365241, 0, 0
365316, 0, 1
365391, 0, 0
365466, 0, 1
365541, 0, bit 0
365541, 0, 1
365616, 0, 0
365691, 0, 0
365766, 0, 1
365841, 0, 0
365916, 0, 1
365991, 0, 0
366066, 0, 1
366141, 0, 0
366216, 0, 1
366291, 0, 1
366366, 0, 0
366441, 0, 1
366516, 0, 0
366592, 0, bit 1
366592, 0, 0
366667, 0, 1
366742, 0, 1
366817, 0, 0
366892, 0, 1
366967, 0, 0
367042, 0, 1
367117, 0, 0
367192, 0, 1
367267, 0, 0
367342, 0, 0
367417, 0, 1
367492, 0, 0
367567, 0, 1
367642, 0, bit 1
367642, 0, 0
367717, 0, 1
367792, 0, 1
367867, 0, 0
367942, 0, 1
368017, 0, 0
368092, 0, 1
368167, 0, 0
368242, 0, 1
368317, 0, 0
368392, 0, 0
368467, 0, 1
368542, 0, 0
368617, 0, 1
368692, 0, bit 1
368692, 0, 0
368768, 0, 1
368843, 0, 1
368918, 0, 0
368993, 0, 1
369068, 0, 0
369143, 0, 1
369218, 0, 0
369293, 0, 1
369368, 0, 0
369443, 0, 0
369518, 0, 1
369593, 0, 0
369668, 0, 1
369743, 0, bit 1
369743, 0, 0
369818, 0, 1
369893, 0, 1
369968, 0, 0
370043, 0, 1
370118, 0, 0
370193, 0, 1
370268, 0, 0
370343, 0, 1
370418, 0, 0
370493, 0, 0
370568, 0, 1
370643, 0, 0
370718, 0, 1
370793, 0, bit 0
370793, 0, 1
370868, 0, 0
370944, 0, 0
371019, 0, 1
371094, 0, 0
371169, 0, 1
371244, 0, 0
371319, 0, 1
371394, 0, 0
371469, 0, 1
371544, 0, 1
371619, 0, 0
371694, 0, 1
371769, 0, 0
371844, 0, bit 0
371844, 0, 1
371919, 0, 0
371994, 0, 0
372069, 0, 1
372144, 0, 0
372219, 0, 1
372294, 0, 0
372369, 0, 1
372444, 0, 0
372519, 0, 1
372594, 0, 1
372669, 0, 0
372744, 0, 1
372819, 0, 0
372894, 0, bit 1
372894, 0, 0
372969, 0, 1
373044, 0, 1
373120, 0, 0
373195, 0, 1
373270, 0, 0
373345, 0, 1
373420, 0, 0
373495, 0, 1
373570, 0, 0
373645, 0, 0
373720, 0, 1
373795, 0, 0
373870, 0, 1
373945, 0, bit 1
373945, 0, 0
374020, 0, 1
374095, 0, 1
374170, 0, 0
374245, 0, 1
374320, 0, 0
374395, 0, 1
374470, 0, 0
374545, 0, 1
374620, 0, 0
374695, 0, 0
374770, 0, 1
374845, 0, 0
374920, 0, 1
374995, 0, bit 0
374995, 0, 1
375070, 0, 0
375145, 0, 0
375220, 0, 1
375296, 0, 0
375371, 0, 1
375446, 0, 0
375521, 0, 1
375596, 0, 0
375671, 0, 1
375746, 0, 1
375821, 0, 0
375896, 0, 1
375971, 0, 0
376046, 0, bit 1
376046, 0, 0
376121, 0, 1
376196, 0, 1
376271, 0, 0
376346, 0, 1
376421, 0, 0
376496, 0, 1
376571, 0, 0
376646, 0, 1
376721, 0, 0
376796, 0, 0
376871, 0, 1
376946, 0, 0
377021, 0, 1
377096, 0, bit 0
377096, 0, 1
377171, 0, 0
377246, 0, 0
377321, 0, 1
377396, 0, 0
377472, 0, 1
377547, 0, 0
377622, 0, 1
377697, 0, 0
377772, 0, 1
377847, 0, 1
377922, 0, 0
377997, 0, 1
378072, 0, 0
378147, 0, bit 1
378147, 0, 0
378222, 0, 1
378297, 0, 1
378372, 0, 0
378447, 0, 1
378522, 0, 0
378597, 0, 1
378672, 0, 0
378747, 0, 1
378822, 0, 0
378897, 0, 0
378972, 0, 1
379047, 0, 0
379122, 0, 1
379197, 0, bit 0
379197, 0, 1
379272, 0, 0
379347, 0, 0
379422, 0, 1
379497, 0, 0
379572, 0, 1
379648, 0, 0
379723, 0, 1
379798, 0, 0
379873, 0, 1
379948, 0, 1
380023, 0, 0
380098, 0, 1
380173, 0, 0
380248, 0, bit 0
380248, 0, 1
380323, 0, 0
380398, 0, 0
380473, 0, 1
380548, 0, 0
380623, 0, 1
380698, 0, 0
380773, 0, 1
380848, 0, 0
380923, 0, 1
380998, 0, 1
381073, 0, 0
381148, 0, 1
381223, 0, 0
381298, 0, bit 1
381298, 0, 0
381373, 0, 1
381448, 0, 1
381523, 0, 0
381598, 0, 1
381673, 0, 0
381748, 0, 1
381824, 0, 0
381899, 0, 1
381974, 0, 0
382049, 0, 0
382124, 0, 1
382199, 0, 0
382274, 0, 1
382349, 0, bit 0
382349, 0, 1
382424, 0, 0
382499, 0, 0
382574, 0, 1
382649, 0, 0
382724, 0, 1
382799, 0, 0
382874, 0, 1
382949, 0, 0
383024, 0, 1
383099, 0, 1
383174, 0, 0
383249, 0, 1
383324, 0, 0
383399, 0, bit 0
383399, 0, 1
383474, 0, 0
383549, 0, 0
383624, 0, 1
383699, 0, 0
383774, 0, 1
383849, 0, 0
383924, 0, 1
384000, 0, 0
384075, 0, 1
384150, 0, 1
384225, 0, 0
384300, 0, 1
384375, 0, 0
384450, 0, bit 1
384450, 0, 0
384525, 0, 1
384600, 0, 1
384675, 0, 0
384750, 0, 1
384825, 0, 0
384900, 0, 1
384975, 0, 0
385050, 0, 1
385125, 0, 0
385200, 0, 0
385275, 0, 1
385350, 0, 0
385425, 0, 1
385500, 0, bit 0
385500, 0, 1
385575, 0, 0
385650, 0, 0
385725, 0, 1
385800, 0, 0
385875, 0, 1
385950, 0, 0
386025, 0, 1
386100, 0, 0
386176, 0, 1
386251, 0, 1
386326, 0, 0
386401, 0, 1
386476, 0, 0
386551, 0, bit 1
386551, 0, 0
386626, 0, 1
386701, 0, 1
386776, 0, 0
386851, 0, 1
386926, 0, 0
387001, 0, 1
387076, 0, 0
387151, 0, 1
387226, 0, 0
387301, 0, 0
387376, 0, 1
387451, 0, 0
387526, 0, 1
387601, 0, bit 1
387611, 0, 0
387676, 0, 1
387751, 0, 1
387826, 0, 0
387901, 0, 1
387976, 0, 0
388051, 0, 1
388126, 0, 0
388201, 0, 1
388276, 0, 0
388352, 0, 0
388427, 0, 1
388502, 0, 0
388577, 0, 1
388652, 0, bit 1
388652, 0, 0
388727, 0, 1
388802, 0, 1
388877, 0, 0
388952, 0, 1
389027, 0, 0
389102, 0, 1
389177, 0, 0
389252, 0, 1
389327, 0, 0
389402, 0, 0
389477, 0, 1
389552, 0, 0
389627, 0, 1
389702, 0, bit 1
389702, 0, 0
389777, 0, 1
389852, 0, 1
389927, 0, 0
390002, 0, 1
390077, 0, 0
390152, 0, 1
390227, 0, 0
390302, 0, 1
390377, 0, 0
390452, 0, 0
390528, 0, 1
390603, 0, 0
390678, 0, 1
390753, 0, bit 0
390753, 0, 1
390828, 0, 0
390903, 0, 0
390978, 0, 1
391053, 0, 0
391128, 0, 1
391203, 0, 0
391278, 0, 1
391353, 0, 0
391428, 0, 1
391503, 0, 1
391578, 0, 0
391653, 0, 1
391728, 0, 0
391803, 0, bit 1
391803, 0, 0
391878, 0, 1
391953, 0, 1
392028, 0, 0
392103, 0, 1
392178, 0, 0
392253, 0, 1
392328, 0, 0
392403, 0, 1
392478, 0, 0
392553, 0, 0
392628, 0, 1
392704, 0, 0
392779, 0, 1
392854, 0, bit 0
392854, 0, 1
392929, 0, 0
393004, 0, 0
393079, 0, 1
393154, 0, 0
393229, 0, 1
393304, 0, 0
393379, 0, 1
393454, 0, 0
393529, 0, 1
393604, 0, 1
393679, 0, 0
393754, 0, 1
393829, 0, 0
393904, 0, bit 1
393904, 0, 0
393979, 0, 1
394054, 0, 1
394129, 0, 0
394204, 0, 1
394279, 0, 0
394354, 0, 1
394429, 0, 0
394504, 0, 1
394579, 0, 0
394654, 0, 0
394729, 0, 1
394804, 0, 0
394880, 0, 1
394955, 0, bit 0
394955, 0, 1
395030, 0, 0
395105, 0, 0
395180, 0, 1
395255, 0, 0
395330, 0, 1
395405, 0, 0
395480, 0, 1
395555, 0, 0
395630, 0, 1
395705, 0, 1
395780, 0, 0
395855, 0, 1
395930, 0, 0
396005, 0, bit 0
396005, 0, 1
396080, 0, 0
396155, 0, 0
396230, 0, 1
396305, 0, 0
396380, 0, 1
396455, 0, 0
396530, 0, 1
396605, 0, 0
396680, 0, 1
396755, 0, 1
396830, 0, 0
396905, 0, 1
396980, 0, 0
397056, 0, bit 0
397056, 0, 1
397131, 0, 0
397206, 0, 0
397281, 0, 1
397356, 0, 0
397431, 0, 1
397506, 0, 0
397581, 0, 1
397656, 0, 0
397731, 0, 1
397806, 0, 1
397881, 0, 0
397956, 0, 1
398031, 0, 0
398106, 0, bit 1
398106, 0, 0
398181, 0, 1
398256, 0, 1
398331, 0, 0
398406, 0, 1
398481, 0, 0
398556, 0, 1
398631, 0, 0
398706, 0, 1
398781, 0, 0
398856, 0, 0
398931, 0, 1
399006, 0, 0
399081, 0, 1
399156, 0, bit 1
399156, 0, 0
399232, 0, 1
399307, 0, 1
399382, 0, 0
399457, 0, 1
399532, 0, 0
399607, 0, 1
399682, 0, 0
399757, 0, 1
399832, 0, 0
399907, 0, 0
399982, 0, 1
400057, 0, 0
400132, 0, 1
400207, 0, bit 1
400210, 0, 0
400282, 0, 1
400357, 0, 1
400432, 0, 0
400507, 0, 1
400582, 0, 0
400657, 0, 1
400732, 0, 0
400807, 0, 1
400882, 0, 0
400957, 0, 0
401032, 0, 1
401107, 0, 0
401182, 0, 1
401257, 0, bit 1
401257, 0, 0
401332, 0, 1
401408, 0, 1
401483, 0, 0
401558, 0, 1
401633, 0, 0
401708, 0, 1
401783, 0, 0
401858, 0, 1
401933, 0, 0
402008, 0, 0
402083, 0, 1
402158, 0, 0
402233, 0, 1
402308, 0, bit 0
402308, 0, 1
402383, 0, 0
402458, 0, 0
402533, 0, 1
402608, 0, 0
402683, 0, 1
402758, 0, 0
402833, 0, 1
402908, 0, 0
402983, 0, 1
403058, 0, 1
403133, 0, 0
403208, 0, 1
403283, 0, 0
403358, 0, bit 0
403358, 0, 1
403433, 0, 0
403508, 0, 0
403584, 0, 1
403659, 0, 0
403734, 0, 1
403809, 0, 0
403884, 0, 1
403959, 0, 0
404034, 0, 1
404109, 0, 1
404184, 0, 0
404259, 0, 1
404334, 0, 0
404409, 0, bit 1
404409, 0, 0
404484, 0, 1
404559, 0, 1
404634, 0, 0
404709, 0, 1
404784, 0, 0
404859, 0, 1
404934, 0, 0
405009, 0, 1
405084, 0, 0
405159, 0, 0
405234, 0, 1
405309, 0, 0
405384, 0, 1
405459, 0, bit 0
405459, 0, 1
405534, 0, 0
405609, 0, 0
405684, 0, 1
405760, 0, 0
405835, 0, 1
405910, 0, 0
405985, 0, 1
406060, 0, 0
406135, 0, 1
406210, 0, 1
406285, 0, 0
406360, 0, 1
406435, 0, 0
406510, 0, bit 0
406510, 0, 1
406585, 0, 0
406660, 0, 0
406735, 0, 1
406810, 0, 0
406885, 0, 1
406960, 0, 0
407035, 0, 1
407110, 0, 0
407185, 0, 1
407260, 0, 1
407335, 0, 0
407410, 0, 1
407485, 0, 0
407560, 0, bit 1
407560, 0, 0
407635, 0, 1
407710, 0, 1
407785, 0, 0
407860, 0, 1
407936, 0, 0
408011, 0, 1
408086, 0, 0
408161, 0, 1
408236, 0, 0
408311, 0, 0
408386, 0, 1
408461, 0, 0
408536, 0, 1
408611, 0, bit 0
408611, 0, 1
408686, 0, 0
408761, 0, 0
408836, 0, 1
408911, 0, 0
408986, 0, 1
409061, 0, 0
409136, 0, 1
409211, 0, 0
409286, 0, 1
409361, 0, 1
409436, 0, 0
409511, 0, 1
409586, 0, 0
409661, 0, bit 0
409661, 0, 1
409736, 0, 0
409811, 0, 0
409886, 0, 1
409961, 0, 0
410036, 0, 1
410112, 0, 0
410187, 0, 1
410262, 0, 0
410337, 0, 1
410412, 0, 1
410487, 0, 0
410562, 0, 1
410637, 0, 0
410712, 0, bit 1
410712, 0, 0
410787, 0, 1
410862, 0, 1
410937, 0, 0
411012, 0, 1
411087, 0, 0
411162, 0, 1
411237, 0, 0
411312, 0, 1
411387, 0, 0
411462, 0, 0
411537, 0, 1
411612, 0, 0
411687, 0, 1
411762, 0, bit 0
411762, 0, 1
411837, 0, 0
411912, 0, 0
411987, 0, 1
412062, 0, 0
412137, 0, 1
412212, 0, 0
412288, 0, 1
412363, 0, 0
412438, 0, 1
412513, 0, 1
412588, 0, 0
412663, 0, 1
412738, 0, 0
412813, 0, bit 0
412813, 0, 1
412888, 0, 0
412963, 0, 0
413038, 0, 1
413113, 0, 0
413188, 0, 1
413263, 0, 0
413338, 0, 1
413413, 0, 0
413488, 0, 1
413563, 0, 1
413638, 0, 0
413713, 0, 1
413788, 0, 0
413863, 0, bit 0
413863, 0, 1
413938, 0, 0
414013, 0, 0
414088, 0, 1
414163, 0, 0
414238, 0, 1
414313, 0, 0
414388, 0, 1
414464, 0, 0
414539, 0, 1
414614, 0, 1
414689, 0, 0
414764, 0, 1
414839, 0, 0
414914, 0, bit 1
414914, 0, 0
414989, 0, 1
415064, 0, 1
415139, 0, 0
415214, 0, 1
415289, 0, 0
415364, 0, 1
415439, 0, 0
415514, 0, 1
415589, 0, 0
415664, 0, 0
415739, 0, 1
415814, 0, 0
415889, 0, 1
415964, 0, bit 1
415964, 0, 0
416039, 0, 1
416114, 0, 1
416189, 0, 0
416264, 0, 1
416339, 0, 0
416414, 0, 1
416489, 0, 0
416564, 0, 1
416640, 0, 0
416715, 0, 0
416790, 0, 1
416865, 0, 0
416940, 0, 1
417015, 0, bit 0
417015, 0, 1
417090, 0, 0
417165, 0, 0
417240, 0, 1
417315, 0, 0
417390, 0, 1
417465, 0, 0
417540, 0, 1
417615, 0, 0
417690, 0, 1
417765, 0, 1
417840, 0, 0
417915, 0, 1
417990, 0, 0
418065, 0, bit 0
418065, 0, 1
418140, 0, 0
418215, 0, 0
418290, 0, 1
418365, 0, 0
418440, 0, 1
418515, 0, 0
418590, 0, 1
418665, 0, 0
418740, 0, 1
418816, 0, 1
418891, 0, 0
418966, 0, 1
419041, 0, 0
419116, 0, bit 0
419116, 0, 1
419191, 0, 0
419266, 0, 0
419341, 0, 1
419416, 0, 0
419491, 0, 1
419566, 0, 0
419641, 0, 1
419716, 0, 0
419791, 0, 1
419866, 0, 1
419941, 0, 0
420016, 0, 1
420091, 0, 0
420166, 0, bit 0
420166, 0, 1
420241, 0, 0
420316, 0, 0
420391, 0, 1
420466, 0, 0
420541, 0, 1
420616, 0, 0
420691, 0, 1
420766, 0, 0
420841, 0, 1
420916, 0, 1
420992, 0, 0
421067, 0, 1
421142, 0, 0
421217, 0, bit 0
421217, 0, 1
421292, 0, 0
421367, 0, 0
421442, 0, 1
421517, 0, 0
421592, 0, 1
421667, 0, 0
421742, 0, 1
421817, 0, 0
421892, 0, 1
421967, 0, 1
422042, 0, 0
422117, 0, 1
422192, 0, 0
422267, 0, bit 1
422267, 0, 0
422342, 0, 1
422417, 0, 1
422492, 0, 0
422567, 0, 1
422642, 0, 0
422717, 0, 1
422792, 0, 0
422867, 0, 1
422942, 0, 0
423017, 0, 0
423092, 0, 1
423168, 0, 0
423243, 0, 1
423318, 0, bit 0
423318, 0, 1
423393, 0, 0
423468, 0, 0
423543, 0, 1
423618, 0, 0
423693, 0, 1
423768, 0, 0
423843, 0, 1
423918, 0, 0
423993, 0, 1
424068, 0, 1
424143, 0, 0
424218, 0, 1
424293, 0, 0
424368, 0, bit 0
424368, 0, 1
424443, 0, 0
424518, 0, 0
424593, 0, 1
424668, 0, 0
424743, 0, 1
424818, 0, 0
424893, 0, 1
424968, 0, 0
425043, 0, 1
425118, 0, 1
425193, 0, 0
425268, 0, 1
425344, 0, 0
425419, 0, bit 1
425419, 0, 0
425494, 0, 1
425569, 0, 1
425644, 0, 0
425719, 0, 1
425794, 0, 0
425869, 0, 1
425944, 0, 0
426019, 0, 1
426094, 0, 0
426169, 0, 0
426244, 0, 1
426319, 0, 0
426394, 0, 1
426469, 0, bit 1
426469, 0, 0
426544, 0, 1
426619, 0, 1
426694, 0, 0
426769, 0, 1
426844, 0, 0
426919, 0, 1
426994, 0, 0
427069, 0, 1
427144, 0, 0
427219, 0, 0
427294, 0, 1
427369, 0, 0
427444, 0, 1
427520, 0, bit 1
427520, 0, 0
427595, 0, 1
427670, 0, 1
427745, 0, 0
427820, 0, 1
427895, 0, 0
427970, 0, 1
428045, 0, 0
428120, 0, 1
428195, 0, 0
428270, 0, 0
428345, 0, 1
428420, 0, 0
428495, 0, 1
