200 100 4 7 16
(2, 20, 0, 10.00), (code 0)
(3, 258, 3, 10.00), (code 6)
(4, 496, 1, 10.00), (code 1)
(5, 734, 2, 10.00), (code 3)
START
2457040, 0, prem 0
2457040, 0, 0
2457240, 0, 0
2457440, 0, 0
2457640, 0, 0
2457840, 0, 0
2458040, 0, 0
2458240, 0, 0
2458440, 0, 0
2458640, 0, 0
2458840, 0, 0
2459040, 0, 0
2459240, 0, 0
2459440, 0, 0
2459640, 0, 0
2459840, 0, 0
2460040, 0, 0
2460240, 0, 1
2460440, 0, 1
2460640, 0, 1
2460840, 0, 1
2461040, 0, 1
2461240, 0, 1
2461440, 0, 1
2461640, 0, 1
2461840, 0, 1
2462040, 0, 1
2462240, 0, 1
2462440, 0, 1
2462640, 0, 1
2462840, 0, 1
2463040, 0, 1
2463240, 0, 1
2463440, 0, prem 1
2463440, 0, 1
2463640, 0, 1
2463840, 0, 1
2464040, 0, 1
2464240, 0, 1
2464440, 0, 1
2464640, 0, 1
2464840, 0, 1
2465040, 0, 1
2465240, 0, 1
2465440, 0, 1
2465640, 0, 1
2465840, 0, 1
2466040, 0, 1
2466240, 0, 1
2466440, 0, 1
2466640, 0, 0
2466840, 0, 0
2467040, 0, 0
2467240, 0, 0
2467440, 0, 0
2467640, 0, 0
2467840, 0, 0
2468040, 0, 0
2468240, 0, 0
2468440, 0, 0
2468640, 0, 0
2468840, 0, 0
2469040, 0, 0
2469240, 0, 0
2469440, 0, 0
2469640, 0, 0
2469840, 0, prem 1
2469840, 0, 1
2470040, 0, 1
2470240, 0, 1
2470440, 0, 1
2470640, 0, 1
2470840, 0, 1
2471040, 0, 1
2471240, 0, 1
2471440, 0, 1
2471640, 0, 1
2471840, 0, 1
2472040, 0, 1
2472240, 0, 1
2472440, 0, 1
2472640, 0, 1
2472840, 0, 1
2473040, 0, 0
2473240, 0, 0
2473440, 0, 0
2473640, 0, 0
2473840, 0, 0
2474040, 0, 0
2474240, 0, 0
2474440, 0, 0
2474640, 0, 0
2474840, 0, 0
2475040, 0, 0
2475240, 0, 0
2475440, 0, 0
2475640, 0, 0
2475840, 0, 0
2476040, 0, 0
2476240, 0, prem 1
2476240, 0, 1
2476440, 0, 1
2476640, 0, 1
2476840, 0, 1
2477040, 0, 1
2477240, 0, 1
2477440, 0, 1
2477640, 0, 1
2477840, 0, 1
2478040, 0, 1
2478240, 0, 1
2478440, 0, 1
2478640, 0, 1
2478840, 0, 1
2479040, 0, 1
2479240, 0, 1
2479440, 0, 0
2479640, 0, 0
2479840, 0, 0
2480040, 0, 0
2480240, 0, 0
2480440, 0, 0
2480640, 0, 0
2480840, 0, 0
2481040, 0, 0
2481240, 0, 0
2481440, 0, 0
2481640, 0, 0
2481840, 0, 0
2482040, 0, 0
2482240, 0, 0
2482440, 0, 0
2482640, 0, prem 1
2482640, 0, 1
2482840, 0, 1
2483040, 0, 1
2483240, 0, 1
2483440, 0, 1
2483640, 0, 1
2483840, 0, 1
2484040, 0, 1
2484240, 0, 1
2484440, 0, 1
2484640, 0, 1
2484840, 0, 1
2485040, 0, 1
2485240, 0, 1
2485440, 0, 1
2485640, 0, 1
2485840, 0, 0
2486040, 0, 0
2486240, 0, 0
2486440, 0, 0
2486640, 0, 0
2486840, 0, 0
2487040, 0, 0
2487240, 0, 0
2487440, 0, 0
2487640, 0, 0
2487840, 0, 0
2488040, 0, 0
2488240, 0, 0
2488440, 0, 0
2488640, 0, 0
2488840, 0, 0
2489040, 0, prem 0
2489040, 0, 0
2489240, 0, 0
2489440, 0, 0
2489640, 0, 0
2489840, 0, 0
2490040, 0, 0
2490240, 0, 0
2490440, 0, 0
2490640, 0, 0
2490840, 0, 0
2491040, 0, 0
2491240, 0, 0
2491440, 0, 0
2491640, 0, 0
2491840, 0, 0
2492040, 0, 0
2492240, 0, 1
2492440, 0, 1
2492640, 0, 1
2492840, 0, 1
2493040, 0, 1
2493240, 0, 1
2493440, 0, 1
2493640, 0, 1
2493840, 0, 1
2494040, 0, 1
2494240, 0, 1
2494440, 0, 1
2494640, 0, 1
2494840, 0, 1
2495040, 0, 1
2495240, 0, 1
2495440, 0, prem 0
2495440, 0, 0
2495640, 0, 0
2495840, 0, 0
2496040, 0, 0
2496240, 0, 0
2496440, 0, 0
2496640, 0, 0
2496840, 0, 0
2497040, 0, 0
2497240, 0, 0
2497440, 0, 0
2497640, 0, 0
2497840, 0, 0
2498040, 0, 0
2498240, 0, 0
2498440, 0, 0
2498640, 0, 1
2498840, 0, 1
2499040, 0, 1
2499240, 0, 1
2499440, 0, 1
2499640, 0, 1
2499840, 0, 1
2500040, 0, 1
2500240, 0, 1
2500440, 0, 1
2500640, 0, 1
2500840, 0, 1
2501040, 0, 1
2501240, 0, 1
2501440, 0, 1
2501640, 0, 1
2501840, 0, bit 1
2501840, 0, 0
2502040, 0, 1
2502240, 0, 1
2502440, 0, 0
2502640, 0, 1
2502840, 0, 0
2503040, 0, 1
2503240, 0, 0
2503440, 0, 1
2503640, 0, 0
2503840, 0, 0
2504040, 0, 1
2504240, 0, 0
2504440, 0, 1
2504640, 0, bit 1
2504640, 0, 0
2504840, 0, 1
2505040, 0, 1
2505240, 0, 0
2505243, 1, prem 0
2505243, 1, 0
2505440, 0, 1
2505443, 1, 0
2505640, 0, 0
2505643, 1, 0
2505840, 0, 1
2505843, 1, 0
2506040, 0, 0
2506043, 1, 0
2506240, 0, 1
2506243, 1, 0
2506440, 0, 0
2506443, 1, 0
2506640, 0, 0
2506643, 1, 0
2506840, 0, 1
2506843, 1, 0
2507040, 0, 0
2507043, 1, 0
2507240, 0, 1
2507243, 1, 0
2507440, 0, bit 1
2507440, 0, 0
2507443, 1, 0
2507640, 0, 1
2507643, 1, 0
2507840, 0, 1
2507843, 1, 0
2508040, 0, 0
2508043, 1, 0
2508240, 0, 1
2508243, 1, 0
2508440, 0, 0
2508443, 1, 1
2508640, 0, 1
2508643, 1, 1
2508840, 0, 0
2508843, 1, 1
2509040, 0, 1
2509043, 1, 1
2509240, 0, 0
2509243, 1, 1
2509440, 0, 0
2509443, 1, 1
2509640, 0, 1
2509643, 1, 1
2509840, 0, 0
2509843, 1, 1
2510040, 0, 1
2510043, 1, 1
2510240, 0, bit 1
2510240, 0, 0
2510243, 1, 1
2510440, 0, 1
2510443, 1, 1
2510640, 0, 1
2510643, 1, 1
2510840, 0, 0
2510843, 1, 1
2511040, 0, 1
2511043, 1, 1
2511240, 0, 0
2511243, 1, 1
2511440, 0, 1
2511443, 1, 1
2511640, 0, 0
2511643, 1, prem 0
2511643, 1, 0
2511840, 0, 1
2511843, 1, 0
2512040, 0, 0
2512043, 1, 0
2512240, 0, 0
2512243, 1, 0
2512440, 0, 1
2512443, 1, 0
2512640, 0, 0
2512643, 1, 0
2512840, 0, 1
2512843, 1, 0
2513040, 0, bit 0
2513040, 0, 1
2513043, 1, 0
2513240, 0, 0
2513243, 1, 0
2513440, 0, 0
2513443, 1, 0
2513640, 0, 1
2513643, 1, 0
2513840, 0, 0
2513843, 1, 0
2514040, 0, 1
2514043, 1, 0
2514240, 0, 0
2514243, 1, 0
2514440, 0, 1
2514443, 1, 0
2514640, 0, 0
2514643, 1, 0
2514840, 0, 1
2514843, 1, 1
2515040, 0, 1
2515043, 1, 1
2515240, 0, 0
2515243, 1, 1
2515440, 0, 1
2515443, 1, 1
2515640, 0, 0
2515643, 1, 1
2515840, 0, bit 0
2515843, 0, 1
2515843, 1, 1
2516040, 0, 0
2516043, 1, 1
2516240, 0, 0
2516243, 1, 1
2516440, 0, 1
2516443, 1, 1
2516640, 0, 0
2516643, 1, 1
2516840, 0, 1
2516843, 1, 1
2517040, 0, 0
2517043, 1, 1
2517240, 0, 1
2517243, 1, 1
2517440, 0, 0
2517443, 1, 1
2517640, 0, 1
2517643, 1, 1
2517840, 0, 1
2517843, 1, 1
2518040, 0, 0
2518043, 1, prem 1
2518043, 1, 1
2518240, 0, 1
2518243, 1, 1
2518440, 0, 0
2518443, 1, 1
2518640, 0, bit 1
2518640, 0, 0
2518643, 1, 1
2518840, 0, 1
2518843, 1, 1
2519040, 0, 1
2519043, 1, 1
2519240, 0, 0
2519243, 1, 1
2519440, 0, 1
2519443, 1, 1
2519640, 0, 0
2519643, 1, 1
2519840, 0, 1
2519843, 1, 1
2520040, 0, 0
2520043, 1, 1
2520240, 0, 1
2520243, 1, 1
2520440, 0, 0
2520443, 1, 1
2520640, 0, 0
2520643, 1, 1
2520840, 0, 1
2520843, 1, 1
2521040, 0, 0
2521043, 1, 1
2521240, 0, 1
2521243, 1, 0
2521440, 0, bit 0
2521440, 0, 1
2521443, 1, 0
2521640, 0, 0
2521643, 1, 0
2521840, 0, 0
2521843, 1, 0
2522040, 0, 1
2522043, 1, 0
2522240, 0, 0
2522243, 1, 0
2522440, 0, 1
2522443, 1, 0
2522640, 0, 0
2522643, 1, 0
2522840, 0, 1
2522843, 1, 0
2523040, 0, 0
2523043, 1, 0
2523240, 0, 1
2523243, 1, 0
2523440, 0, 1
2523443, 1, 0
2523640, 0, 0
2523643, 1, 0
2523840, 0, 1
2523843, 1, 0
2524040, 0, 0
2524043, 1, 0
2524240, 0, bit 1
2524240, 0, 0
2524243, 1, 0
2524440, 0, 1
2524443, 1, prem 0
2524443, 1, 0
2524640, 0, 1
2524643, 1, 0
2524840, 0, 0
2524843, 1, 0
2525040, 0, 1
2525043, 1, 0
2525240, 0, 0
2525243, 1, 0
2525440, 0, 1
2525443, 1, 0
2525640, 0, 0
2525643, 1, 0
2525840, 0, 1
2525843, 1, 0
2526040, 0, 0
2526043, 1, 0
2526240, 0, 0
2526243, 1, 0
2526440, 0, 1
2526443, 1, 0
2526640, 0, 0
2526643, 1, 0
2526840, 0, 1
2526843, 1, 0
2527040, 0, bit 0
2527040, 0, 1
2527043, 1, 0
2527240, 0, 0
2527243, 1, 0
2527440, 0, 0
2527443, 1, 0
2527640, 0, 1
2527643, 1, 1
2527840, 0, 0
2527843, 1, 1
2528040, 0, 1
2528043, 1, 1
2528240, 0, 0
2528243, 1, 1
2528440, 0, 1
2528443, 1, 1
2528640, 0, 0
2528643, 1, 1
2528840, 0, 1
2528843, 1, 1
2529040, 0, 1
2529043, 1, 1
2529240, 0, 0
2529243, 1, 1
2529440, 0, 1
2529443, 1, 1
2529640, 0, 0
2529643, 1, 1
2529840, 0, bit 0
2529840, 0, 1
2529843, 1, 1
2530040, 0, 0
2530043, 1, 1
2530240, 0, 0
2530243, 1, 1
2530440, 0, 1
2530443, 1, 1
2530640, 0, 0
2530643, 1, 1
2530840, 0, 1
2530843, 1, prem 0
2530843, 1, 0
2531040, 0, 0
2531043, 1, 0
2531240, 0, 1
2531243, 1, 0
2531440, 0, 0
2531443, 1, 0
2531640, 0, 1
2531643, 1, 0
2531840, 0, 1
2531843, 1, 0
2532040, 0, 0
2532043, 1, 0
2532240, 0, 1
2532243, 1, 0
2532440, 0, 0
2532443, 1, 0
2532640, 0, bit 1
2532640, 0, 0
2532643, 1, 0
2532840, 0, 1
2532843, 1, 0
2533040, 0, 1
2533043, 1, 0
2533240, 0, 0
2533243, 1, 0
2533440, 0, 1
2533443, 1, 0
2533640, 0, 0
2533643, 1, 0
2533840, 0, 1
2533843, 1, 0
2534040, 0, 0
2534043, 1, 1
2534240, 0, 1
2534243, 1, 1
2534440, 0, 0
2534443, 1, 1
2534640, 0, 0
2534643, 1, 1
2534840, 0, 1
2534843, 1, 1
2535040, 0, 0
2535043, 1, 1
2535240, 0, 1
2535243, 1, 1
2535440, 0, bit 1
2535440, 0, 0
2535443, 1, 1
2535640, 0, 1
2535643, 1, 1
2535840, 0, 1
2535843, 1, 1
2536040, 0, 0
2536043, 1, 1
2536240, 0, 1
2536243, 1, 1
2536440, 0, 0
2536443, 1, 1
2536640, 0, 1
2536643, 1, 1
2536840, 0, 0
2536843, 1, 1
2537040, 0, 1
2537043, 1, 1
2537240, 0, 0
2537243, 1, prem 1
2537243, 1, 1
2537440, 0, 0
2537443, 1, 1
2537640, 0, 1
2537643, 1, 1
2537840, 0, 0
2537843, 1, 1
2538040, 0, 1
2538043, 1, 1
2538240, 0, bit 1
2538243, 0, 0
2538243, 1, 1
2538440, 0, 1
2538443, 1, 1
2538640, 0, 1
2538643, 1, 1
2538840, 0, 0
2538843, 1, 1
2539040, 0, 1
2539043, 1, 1
2539240, 0, 0
2539243, 1, 1
2539440, 0, 1
2539443, 1, 1
2539640, 0, 0
2539643, 1, 1
2539840, 0, 1
2539843, 1, 1
2540040, 0, 0
2540043, 1, 1
2540240, 0, 0
2540243, 1, 1
2540440, 0, 1
2540443, 1, 0
2540640, 0, 0
2540643, 1, 0
2540840, 0, 1
2540843, 1, 0
2541040, 0, bit 0
2541040, 0, 1
2541043, 1, 0
2541240, 0, 0
2541243, 1, 0
2541440, 0, 0
2541443, 1, 0
2541640, 0, 1
2541643, 1, 0
2541840, 0, 0
2541843, 1, 0
2542040, 0, 1
2542043, 1, 0
2542240, 0, 0
2542243, 1, 0
2542440, 0, 1
2542443, 1, 0
2542640, 0, 0
2542643, 1, 0
2542840, 0, 1
2542843, 1, 0
2543040, 0, 1
2543043, 1, 0
2543240, 0, 0
2543243, 1, 0
2543440, 0, 1
2543443, 1, 0
2543640, 0, 0
2543643, 1, prem 0
2543643, 1, 0
2543840, 0, bit 0
2543840, 0, 1
2543843, 1, 0
2544040, 0, 0
2544043, 1, 0
2544240, 0, 0
2544243, 1, 0
2544440, 0, 1
2544443, 1, 0
2544640, 0, 0
2544643, 1, 0
2544840, 0, 1
2544843, 1, 0
2545040, 0, 0
2545043, 1, 0
2545240, 0, 1
2545243, 1, 0
2545440, 0, 0
2545443, 1, 0
2545640, 0, 1
2545643, 1, 0
2545840, 0, 1
2545843, 1, 0
2546040, 0, 0
2546043, 1, 0
2546240, 0, 1
2546243, 1, 0
2546440, 0, 0
2546443, 1, 0
2546640, 0, bit 1
2546640, 0, 0
2546643, 1, 0
2546840, 0, 1
2546843, 1, 1
2547040, 0, 1
2547043, 1, 1
2547240, 0, 0
2547243, 1, 1
2547440, 0, 1
2547443, 1, 1
2547640, 0, 0
2547643, 1, 1
2547840, 0, 1
2547843, 1, 1
2548040, 0, 0
2548043, 1, 1
2548240, 0, 1
2548243, 1, 1
2548440, 0, 0
2548443, 1, 1
2548640, 0, 0
2548643, 1, 1
2548840, 0, 1
2548843, 1, 1
2549040, 0, 0
2549043, 1, 1
2549240, 0, 1
2549243, 1, 1
2549440, 0, bit 0
2549440, 0, 1
2549443, 1, 1
2549640, 0, 0
2549643, 1, 1
2549840, 0, 0
2549843, 1, 1
2550040, 0, 1
2550043, 1, bit 1
2550043, 1, 0
2550240, 0, 0
2550243, 1, 1
2550440, 0, 1
2550443, 1, 0
2550640, 0, 0
2550643, 1, 1
2550840, 0, 1
2550843, 1, 1
2551040, 0, 0
2551043, 1, 0
2551240, 0, 1
2551243, 1, 0
2551440, 0, 1
2551443, 1, 1
2551640, 0, 0
2551643, 1, 0
2551840, 0, 1
2551843, 1, 1
2552040, 0, 0
2552043, 1, 1
2552240, 0, bit 1
2552240, 0, 0
2552243, 1, 0
2552440, 0, 1
2552443, 1, 0
2552446, 2, prem 1
2552446, 2, 1
2552640, 0, 1
2552643, 1, 1
2552646, 2, 1
2552840, 0, 0
2552843, 1, bit 1
2552843, 1, 0
2552846, 2, 1
2553040, 0, 1
2553043, 1, 1
2553046, 2, 1
2553240, 0, 0
2553243, 1, 0
2553246, 2, 1
2553440, 0, 1
2553443, 1, 1
2553446, 2, 1
2553640, 0, 0
2553643, 1, 1
2553646, 2, 1
2553840, 0, 1
2553843, 1, 0
2553846, 2, 1
2554040, 0, 0
2554043, 1, 0
2554046, 2, 1
2554240, 0, 0
2554243, 1, 1
2554246, 2, 1
2554440, 0, 1
2554443, 1, 0
2554446, 2, 1
2554640, 0, 0
2554643, 1, 1
2554646, 2, 1
2554840, 0, 1
2554843, 1, 1
2554846, 2, 1
2555040, 0, bit 1
2555040, 0, 0
2555043, 1, 0
2555046, 2, 1
2555240, 0, 1
2555243, 1, 0
2555246, 2, 1
2555440, 0, 1
2555443, 1, 1
2555446, 2, 1
2555640, 0, 0
2555643, 1, bit 1
2555643, 1, 0
2555646, 2, 0
2555840, 0, 1
2555843, 1, 1
2555846, 2, 0
2556040, 0, 0
2556043, 1, 0
2556046, 2, 0
2556240, 0, 1
2556243, 1, 1
2556246, 2, 0
2556440, 0, 0
2556443, 1, 1
2556446, 2, 0
2556640, 0, 1
2556643, 1, 0
2556646, 2, 0
2556840, 0, 0
2556843, 1, 0
2556846, 2, 0
2557040, 0, 0
2557043, 1, 1
2557046, 2, 0
2557240, 0, 1
2557243, 1, 0
2557246, 2, 0
2557440, 0, 0
2557443, 1, 1
2557446, 2, 0
2557640, 0, 1
2557643, 1, 1
2557646, 2, 0
2557840, 0, bit 0
2557843, 0, 1
2557843, 1, 0
2557846, 2, 0
2558040, 0, 0
2558043, 1, 0
2558046, 2, 0
2558240, 0, 0
2558243, 1, 1
2558246, 2, 0
2558440, 0, 1
2558443, 1, bit 0
2558443, 1, 1
2558446, 2, 0
2558640, 0, 0
2558643, 1, 0
2558646, 2, 0
2558840, 0, 1
2558843, 1, 1
2558846, 2, prem 1
2558846, 2, 1
2559040, 0, 0
2559043, 1, 0
2559046, 2, 1
2559240, 0, 1
2559243, 1, 0
2559246, 2, 1
2559440, 0, 0
2559443, 1, 1
2559446, 2, 1
2559640, 0, 1
2559643, 1, 1
2559646, 2, 1
2559840, 0, 1
2559843, 1, 0
2559846, 2, 1
2560040, 0, 0
2560043, 1, 1
2560046, 2, 1
2560240, 0, 1
2560243, 1, 0
2560246, 2, 1
2560440, 0, 0
2560443, 1, 0
2560446, 2, 1
2560640, 0, bit 0
2560640, 0, 1
2560643, 1, 1
2560646, 2, 1
2560840, 0, 0
2560843, 1, 1
2560846, 2, 1
2561040, 0, 0
2561043, 1, 0
2561046, 2, 1
2561240, 0, 1
2561243, 1, bit 0
2561243, 1, 1
2561246, 2, 1
2561440, 0, 0
2561443, 1, 0
2561446, 2, 1
2561640, 0, 1
2561643, 1, 1
2561646, 2, 1
2561840, 0, 0
2561843, 1, 0
2561846, 2, 1
2562040, 0, 1
2562043, 1, 0
2562046, 2, 0
2562240, 0, 0
2562243, 1, 1
2562246, 2, 0
2562440, 0, 1
2562443, 1, 1
2562446, 2, 0
2562640, 0, 1
2562643, 1, 0
2562646, 2, 0
2562840, 0, 0
2562843, 1, 1
2562846, 2, 0
2563040, 0, 1
2563043, 1, 0
2563046, 2, 0
2563240, 0, 0
2563243, 1, 0
2563246, 2, 0
2563440, 0, bit 0
2563440, 0, 1
2563443, 1, 1
2563446, 2, 0
2563640, 0, 0
2563643, 1, 1
2563646, 2, 0
2563840, 0, 0
2563843, 1, 0
2563846, 2, 0
2564040, 0, 1
2564043, 1, bit 0
2564043, 1, 1
2564046, 2, 0
2564240, 0, 0
2564243, 1, 0
2564246, 2, 0
2564440, 0, 1
2564443, 1, 1
2564446, 2, 0
2564640, 0, 0
2564643, 1, 0
2564646, 2, 0
2564840, 0, 1
2564843, 1, 0
2564846, 2, 0
2565040, 0, 0
2565043, 1, 1
2565046, 2, 0
2565240, 0, 1
2565243, 1, 1
2565246, 2, prem 0
2565246, 2, 0
2565440, 0, 1
2565443, 1, 0
2565446, 2, 0
2565640, 0, 0
2565643, 1, 1
2565646, 2, 0
2565840, 0, 1
2565843, 1, 0
2565846, 2, 0
2566040, 0, 0
2566043, 1, 0
2566046, 2, 0
2566240, 0, bit 1
2566243, 0, 0
2566243, 1, 1
2566246, 2, 0
2566440, 0, 1
2566443, 1, 1
2566446, 2, 0
2566640, 0, 1
2566643, 1, 0
2566646, 2, 0
2566840, 0, 0
2566843, 1, bit 0
2566843, 1, 1
2566846, 2, 0
2567040, 0, 1
2567043, 1, 0
2567046, 2, 0
2567240, 0, 0
2567243, 1, 1
2567246, 2, 0
2567440, 0, 1
2567443, 1, 0
2567446, 2, 0
2567640, 0, 0
2567643, 1, 0
2567646, 2, 0
2567840, 0, 1
2567843, 1, 1
2567846, 2, 0
2568040, 0, 0
2568043, 1, 1
2568046, 2, 0
2568240, 0, 0
2568243, 1, 0
2568246, 2, 0
2568440, 0, 1
2568443, 1, 1
2568446, 2, 1
2568640, 0, 0
2568643, 1, 0
2568646, 2, 1
2568840, 0, 1
2568843, 1, 0
2568846, 2, 1
2569040, 0, bit 0
2569040, 0, 1
2569043, 1, 1
2569046, 2, 1
2569240, 0, 0
2569243, 1, 1
2569246, 2, 1
2569440, 0, 0
2569443, 1, 0
2569446, 2, 1
2569640, 0, 1
2569643, 1, bit 1
2569643, 1, 0
2569646, 2, 1
2569840, 0, 0
2569843, 1, 1
2569846, 2, 1
2570040, 0, 1
2570043, 1, 0
2570046, 2, 1
2570240, 0, 0
2570243, 1, 1
2570246, 2, 1
2570440, 0, 1
2570443, 1, 1
2570446, 2, 1
2570640, 0, 0
2570643, 1, 0
2570646, 2, 1
2570840, 0, 1
2570843, 1, 0
2570846, 2, 1
2571040, 0, 1
2571043, 1, 1
2571046, 2, 1
2571240, 0, 0
2571243, 1, 0
2571246, 2, 1
2571440, 0, 1
2571443, 1, 1
2571446, 2, 1
2571640, 0, 0
2571643, 1, 1
2571646, 2, prem 0
2571646, 2, 0
2571840, 0, bit 0
2571840, 0, 1
2571843, 1, 0
2571846, 2, 0
2572040, 0, 0
2572043, 1, 0
2572046, 2, 0
2572240, 0, 0
2572243, 1, 1
2572246, 2, 0
2572440, 0, 1
2572443, 1, bit 0
2572443, 1, 1
2572454, 2, 0
2572640, 0, 0
2572643, 1, 0
2572654, 2, 0
2572840, 0, 1
2572843, 1, 1
2572854, 2, 0
2573040, 0, 0
2573043, 1, 0
2573054, 2, 0
2573240, 0, 1
2573243, 1, 0
2573254, 2, 0
2573440, 0, 0
2573443, 1, 1
2573454, 2, 0
2573640, 0, 1
2573643, 1, 1
2573654, 2, 0
2573840, 0, 1
2573843, 1, 0
2573854, 2, 0
2574040, 0, 0
2574043, 1, 1
2574054, 2, 0
2574240, 0, 1
2574243, 1, 0
2574254, 2, 0
2574440, 0, 0
2574443, 1, 0
2574454, 2, 0
2574640, 0, bit 1
2574640, 0, 0
2574643, 1, 1
2574654, 2, 0
2574840, 0, 1
2574843, 1, 1
2574854, 2, 1
2575040, 0, 1
2575043, 1, 0
2575054, 2, 1
2575240, 0, 0
2575243, 1, bit 1
2575243, 1, 0
2575254, 2, 1
2575440, 0, 1
2575443, 1, 1
2575454, 2, 1
2575640, 0, 0
2575643, 1, 0
2575654, 2, 1
2575840, 0, 1
2575843, 1, 1
2575854, 2, 1
2576040, 0, 0
2576043, 1, 1
2576054, 2, 1
2576240, 0, 1
2576243, 1, 0
2576254, 2, 1
2576440, 0, 0
2576443, 1, 0
2576454, 2, 1
2576640, 0, 0
2576643, 1, 1
2576654, 2, 1
2576840, 0, 1
2576843, 1, 0
2576854, 2, 1
2577040, 0, 0
2577043, 1, 1
2577054, 2, 1
2577240, 0, 1
2577243, 1, 1
2577254, 2, 1
2577440, 0, bit 0
2577440, 0, 1
2577443, 1, 0
2577454, 2, 1
2577640, 0, 0
2577643, 1, 0
2577654, 2, 1
2577840, 0, 0
2577843, 1, 1
2577854, 2, 1
2578040, 0, 1
2578043, 1, bit 1
2578043, 1, 0
2578054, 2, prem 0
2578054, 2, 0
2578240, 0, 0
2578243, 1, 1
2578254, 2, 0
2578440, 0, 1
2578443, 1, 0
2578454, 2, 0
2578640, 0, 0
2578643, 1, 1
2578654, 2, 0
2578840, 0, 1
2578843, 1, 1
2578854, 2, 0
2579040, 0, 0
2579043, 1, 0
2579054, 2, 0
2579240, 0, 1
2579243, 1, 0
2579254, 2, 0
2579440, 0, 1
2579443, 1, 1
2579454, 2, 0
2579640, 0, 0
2579643, 1, 0
2579654, 2, 0
2579840, 0, 1
2579843, 1, 1
2579854, 2, 0
2580040, 0, 0
2580043, 1, 1
2580054, 2, 0
2580240, 0, bit 1
2580240, 0, 0
2580243, 1, 0
2580254, 2, 0
2580440, 0, 1
2580443, 1, 0
2580454, 2, 0
2580640, 0, 1
2580643, 1, 1
2580654, 2, 0
2580840, 0, 0
2580843, 1, bit 1
2580843, 1, 0
2580854, 2, 0
2581040, 0, 1
2581043, 1, 1
2581054, 2, 0
2581240, 0, 0
2581243, 1, 0
2581254, 2, 1
2581440, 0, 1
2581443, 1, 1
2581454, 2, 1
2581640, 0, 0
2581643, 1, 1
2581654, 2, 1
2581840, 0, 1
2581843, 1, 0
2581854, 2, 1
2582040, 0, 0
2582043, 1, 0
2582054, 2, 1
2582240, 0, 0
2582243, 1, 1
2582254, 2, 1
2582440, 0, 1
2582443, 1, 0
2582454, 2, 1
2582640, 0, 0
2582643, 1, 1
2582654, 2, 1
2582840, 0, 1
2582843, 1, 1
2582854, 2, 1
2583040, 0, bit 1
2583040, 0, 0
2583043, 1, 0
2583054, 2, 1
2583240, 0, 1
2583243, 1, 0
2583254, 2, 1
2583440, 0, 1
2583443, 1, 1
2583454, 2, 1
2583640, 0, 0
2583643, 1, bit 0
2583643, 1, 1
2583654, 2, 1
2583840, 0, 1
2583843, 1, 0
2583854, 2, 1
2584040, 0, 0
2584043, 1, 1
2584054, 2, 1
2584240, 0, 1
2584243, 1, 0
2584254, 2, 1
2584440, 0, 0
2584443, 1, 0
2584454, 2, prem 0
2584454, 2, 0
2584640, 0, 1
2584643, 1, 1
2584654, 2, 0
2584840, 0, 0
2584843, 1, 1
2584854, 2, 0
2585040, 0, 0
2585043, 1, 0
2585054, 2, 0
2585240, 0, 1
2585243, 1, 1
2585254, 2, 0
2585440, 0, 0
2585443, 1, 0
2585454, 2, 0
2585640, 0, 1
2585643, 1, 0
2585654, 2, 0
2585840, 0, bit 0
2585840, 0, 1
2585843, 1, 1
2585854, 2, 0
2586040, 0, 0
2586043, 1, 1
2586054, 2, 0
2586240, 0, 0
2586243, 1, 0
2586254, 2, 0
2586440, 0, 1
2586443, 1, bit 0
2586443, 1, 1
2586454, 2, 0
2586640, 0, 0
2586643, 1, 0
2586654, 2, 0
2586840, 0, 1
2586843, 1, 1
2586854, 2, 0
2587040, 0, 0
2587043, 1, 0
2587054, 2, 0
2587240, 0, 1
2587243, 1, 0
2587254, 2, 0
2587440, 0, 0
2587443, 1, 1
2587454, 2, 0
2587640, 0, 1
2587643, 1, 1
2587654, 2, 1
2587840, 0, 1
2587843, 1, 0
2587854, 2, 1
2588040, 0, 0
2588043, 1, 1
2588054, 2, 1
2588240, 0, 1
2588243, 1, 0
2588254, 2, 1
2588440, 0, 0
2588443, 1, 0
2588454, 2, 1
2588640, 0, bit 1
2588640, 0, 0
2588643, 1, 1
2588654, 2, 1
2588840, 0, 1
2588843, 1, 1
2588854, 2, 1
2589040, 0, 1
2589043, 1, 0
2589054, 2, 1
2589240, 0, 0
2589243, 1, bit 1
2589243, 1, 0
2589254, 2, 1
2589440, 0, 1
2589443, 1, 1
2589454, 2, 1
2589640, 0, 0
2589643, 1, 0
2589654, 2, 1
2589840, 0, 1
2589843, 1, 1
2589854, 2, 1
2590040, 0, 0
2590043, 1, 1
2590054, 2, 1
2590240, 0, 1
2590243, 1, 0
2590254, 2, 1
2590440, 0, 0
2590443, 1, 0
2590454, 2, 1
2590640, 0, 0
2590643, 1, 1
2590654, 2, 1
2590840, 0, 1
2590843, 1, 0
2590854, 2, prem 0
2590854, 2, 0
2591040, 0, 0
2591043, 1, 1
2591054, 2, 0
2591240, 0, 1
2591243, 1, 1
2591254, 2, 0
2591440, 0, bit 0
2591440, 0, 1
2591443, 1, 0
2591454, 2, 0
2591640, 0, 0
2591643, 1, 0
2591654, 2, 0
2591840, 0, 0
2591843, 1, 1
2591854, 2, 0
2592040, 0, 1
2592043, 1, bit 0
2592043, 1, 1
2592054, 2, 0
2592240, 0, 0
2592243, 1, 0
2592254, 2, 0
2592440, 0, 1
2592443, 1, 1
2592454, 2, 0
2592640, 0, 0
2592643, 1, 0
2592654, 2, 0
2592840, 0, 1
2592843, 1, 0
2592854, 2, 0
2593040, 0, 0
2593043, 1, 1
2593054, 2, 0
2593240, 0, 1
2593243, 1, 1
2593254, 2, 0
2593440, 0, 1
2593443, 1, 0
2593454, 2, 0
2593640, 0, 0
2593643, 1, 1
2593654, 2, 0
2593840, 0, 1
2593843, 1, 0
2593854, 2, 0
2594040, 0, 0
2594043, 1, 0
2594054, 2, 1
2594240, 0, bit 0
2594240, 0, 1
2594243, 1, 1
2594254, 2, 1
2594440, 0, 0
2594443, 1, 1
2594454, 2, 1
2594640, 0, 0
2594643, 1, 0
2594654, 2, 1
2594840, 0, 1
2594843, 1, bit 0
2594843, 1, 1
2594854, 2, 1
2595040, 0, 0
2595043, 1, 0
2595054, 2, 1
2595240, 0, 1
2595243, 1, 1
2595254, 2, 1
2595440, 0, 0
2595443, 1, 0
2595454, 2, 1
2595640, 0, 1
2595643, 1, 0
2595654, 2, 1
2595840, 0, 0
2595843, 1, 1
2595854, 2, 1
2596040, 0, 1
2596043, 1, 1
2596054, 2, 1
2596240, 0, 1
2596243, 1, 0
2596254, 2, 1
2596440, 0, 0
2596443, 1, 1
2596454, 2, 1
2596640, 0, 1
2596643, 1, 0
2596654, 2, 1
2596840, 0, 0
2596843, 1, 0
2596854, 2, 1
2597040, 0, bit 1
2597040, 0, 0
2597043, 1, 1
2597054, 2, 1
2597240, 0, 1
2597243, 1, 1
2597254, 2, bit 1
2597254, 2, 1
2597440, 0, 1
2597443, 1, 0
2597454, 2, 0
2597640, 0, 0
2597643, 1, bit 0
2597643, 1, 1
2597654, 2, 1
2597840, 0, 1
2597843, 1, 0
2597854, 2, 0
2598040, 0, 0
2598043, 1, 1
2598054, 2, 0
2598240, 0, 1
2598243, 1, 0
2598254, 2, 1
2598440, 0, 0
2598443, 1, 0
2598454, 2, 0
2598640, 0, 1
2598643, 1, 1
2598654, 2, 1
2598840, 0, 0
2598843, 1, 1
2598854, 2, 0
2599040, 0, 0
2599043, 1, 0
2599054, 2, 1
2599240, 0, 1
2599243, 1, 1
2599254, 2, 0
2599440, 0, 0
2599443, 1, 0
2599454, 2, 1
2599640, 0, 1
2599643, 1, 0
2599654, 2, 0
2599840, 0, bit 1
2599840, 0, 0
2599843, 1, 1
2599854, 2, 1
2600040, 0, 1
2600043, 1, 1
2600054, 2, bit 0
2600054, 2, 0
2600240, 0, 1
2600243, 1, 0
2600254, 2, 1
2600257, 3, prem 1
2600257, 3, 1
2600440, 0, 0
2600443, 1, bit 0
2600443, 1, 1
2600454, 2, 0
2600457, 3, 1
2600640, 0, 1
2600643, 1, 0
2600654, 2, 1
2600657, 3, 1
2600840, 0, 0
2600843, 1, 1
2600854, 2, 1
2600857, 3, 1
2601040, 0, 1
2601043, 1, 0
2601054, 2, 0
2601057, 3, 1
2601240, 0, 0
2601243, 1, 0
2601254, 2, 1
2601257, 3, 1
2601440, 0, 1
2601443, 1, 1
2601454, 2, 0
2601457, 3, 1
2601640, 0, 0
2601643, 1, 1
2601654, 2, 1
2601657, 3, 1
2601840, 0, 0
2601843, 1, 0
2601854, 2, 0
2601857, 3, 1
2602040, 0, 1
2602043, 1, 1
2602054, 2, 1
2602057, 3, 1
2602240, 0, 0
2602243, 1, 0
2602254, 2, 0
2602257, 3, 1
2602440, 0, 1
2602443, 1, 0
2602454, 2, 1
2602457, 3, 1
2602640, 0, bit 0
2602640, 0, 1
2602643, 1, 1
2602654, 2, 0
2602657, 3, 1
2602840, 0, 0
2602843, 1, 1
2602854, 2, bit 1
2602854, 2, 1
2602857, 3, 1
2603040, 0, 0
2603043, 1, 0
2603054, 2, 0
2603057, 3, 1
2603240, 0, 1
2603243, 1, bit 1
2603244, 1, 0
2603254, 2, 1
2603257, 3, 1
2603440, 0, 0
2603443, 1, 1
2603454, 2, 0
2603457, 3, 0
2603640, 0, 1
2603643, 1, 0
2603654, 2, 0
2603657, 3, 0
2603840, 0, 0
2603843, 1, 1
2603854, 2, 1
2603857, 3, 0
2604040, 0, 1
2604043, 1, 1
2604054, 2, 0
2604057, 3, 0
2604240, 0, 0
2604243, 1, 0
2604254, 2, 1
2604257, 3, 0
2604440, 0, 1
2604443, 1, 0
2604454, 2, 0
2604457, 3, 0
2604640, 0, 1
2604643, 1, 1
2604654, 2, 1
2604657, 3, 0
2604840, 0, 0
2604843, 1, 0
2604854, 2, 0
2604857, 3, 0
2605040, 0, 1
2605043, 1, 1
2605054, 2, 1
2605057, 3, 0
2605240, 0, 0
2605243, 1, 1
2605254, 2, 0
2605257, 3, 0
2605440, 0, bit 0
2605440, 0, 1
2605443, 1, 0
2605454, 2, 1
2605457, 3, 0
2605640, 0, 0
2605643, 1, 0
2605654, 2, bit 0
2605654, 2, 0
2605657, 3, 0
2605840, 0, 0
2605843, 1, 1
2605854, 2, 1
2605857, 3, 0
2606040, 0, 1
2606043, 1, bit 1
2606043, 1, 0
2606054, 2, 0
2606057, 3, 0
2606240, 0, 0
2606243, 1, 1
2606254, 2, 1
2606257, 3, 0
2606440, 0, 1
2606443, 1, 0
2606454, 2, 1
2606457, 3, 0
2606640, 0, 0
2606643, 1, 1
2606654, 2, 0
2606657, 3, prem 1
2606657, 3, 1
2606840, 0, 1
2606843, 1, 1
2606854, 2, 1
2606857, 3, 1
2607040, 0, 0
2607043, 1, 0
2607054, 2, 0
2607057, 3, 1
2607240, 0, 1
2607243, 1, 0
2607254, 2, 1
2607257, 3, 1
2607440, 0, 1
2607443, 1, 1
2607454, 2, 0
2607457, 3, 1
2607640, 0, 0
2607643, 1, 0
2607654, 2, 1
2607657, 3, 1
2607840, 0, 1
2607843, 1, 1
2607854, 2, 0
2607857, 3, 1
2608040, 0, 0
2608044, 1, 1
2608054, 2, 1
2608057, 3, 1
2608240, 0, bit 0
2608240, 0, 1
2608244, 1, 0
2608254, 2, 0
2608257, 3, 1
2608440, 0, 0
2608444, 1, 0
2608454, 2, bit 0
2608454, 2, 0
2608457, 3, 1
2608640, 0, 0
2608644, 1, 1
2608654, 2, 1
2608657, 3, 1
2608840, 0, 1
2608844, 1, bit 1
2608844, 1, 0
2608854, 2, 0
2608857, 3, 1
2609040, 0, 0
2609044, 1, 1
2609054, 2, 1
2609057, 3, 1
2609240, 0, 1
2609244, 1, 0
2609254, 2, 1
2609257, 3, 1
2609440, 0, 0
2609444, 1, 1
2609454, 2, 0
2609457, 3, 1
2609640, 0, 1
2609644, 1, 1
2609654, 2, 1
2609657, 3, 1
2609840, 0, 0
2609844, 1, 0
2609854, 2, 0
2609857, 3, 0
2610040, 0, 1
2610044, 1, 0
2610054, 2, 1
2610057, 3, 0
2610240, 0, 1
2610244, 1, 1
2610254, 2, 0
2610257, 3, 0
2610440, 0, 0
2610444, 1, 0
2610454, 2, 1
2610457, 3, 0
2610640, 0, 1
2610644, 1, 1
2610654, 2, 0
2610657, 3, 0
2610840, 0, 0
2610844, 1, 1
2610854, 2, 1
2610857, 3, 0
2611040, 0, bit 1
2611040, 0, 0
2611044, 1, 0
2611054, 2, 0
2611057, 3, 0
2611240, 0, 1
2611244, 1, 0
2611254, 2, bit 0
2611254, 2, 0
2611257, 3, 0
2611440, 0, 1
2611444, 1, 1
2611454, 2, 1
2611457, 3, 0
2611640, 0, 0
2611644, 1, bit 1
2611644, 1, 0
2611654, 2, 0
2611657, 3, 0
2611840, 0, 1
2611844, 1, 1
2611854, 2, 1
2611857, 3, 0
2612040, 0, 0
2612044, 1, 0
2612054, 2, 1
2612057, 3, 0
2612240, 0, 1
2612244, 1, 1
2612254, 2, 0
2612257, 3, 0
2612440, 0, 0
2612444, 1, 1
2612454, 2, 1
2612457, 3, 0
2612640, 0, 1
2612644, 1, 0
2612654, 2, 0
2612657, 3, 0
2612840, 0, 0
2612844, 1, 0
2612854, 2, 1
2612857, 3, 0
2613040, 0, 0
2613044, 1, 1
2613054, 2, 0
2613057, 3, prem 1
2613057, 3, 1
2613240, 0, 1
2613244, 1, 0
2613254, 2, 1
2613257, 3, 1
2613440, 0, 0
2613444, 1, 1
2613454, 2, 0
2613457, 3, 1
2613640, 0, 1
2613644, 1, 1
2613654, 2, 1
2613657, 3, 1
2613840, 0, bit 0
2613840, 0, 1
2613844, 1, 0
2613854, 2, 0
2613857, 3, 1
2614040, 0, 0
2614044, 1, 0
2614054, 2, bit 1
2614054, 2, 1
2614057, 3, 1
2614240, 0, 0
2614244, 1, 1
2614254, 2, 0
2614257, 3, 1
2614440, 0, 1
2614444, 1, bit 1
2614444, 1, 0
2614454, 2, 1
2614457, 3, 1
2614640, 0, 0
2614644, 1, 1
2614654, 2, 0
2614657, 3, 1
2614840, 0, 1
2614844, 1, 0
2614854, 2, 0
2614857, 3, 1
2615040, 0, 0
2615044, 1, 1
2615054, 2, 1
2615057, 3, 1
2615240, 0, 1
2615244, 1, 1
2615254, 2, 0
2615257, 3, 1
2615440, 0, 0
2615444, 1, 0
2615454, 2, 1
2615457, 3, 1
2615640, 0, 1
2615644, 1, 0
2615654, 2, 0
2615657, 3, 1
2615840, 0, 1
2615844, 1, 1
2615854, 2, 1
2615857, 3, 1
2616040, 0, 0
2616044, 1, 0
2616054, 2, 0
2616057, 3, 1
2616240, 0, 1
2616244, 1, 1
2616254, 2, 1
2616257, 3, 0
2616440, 0, 0
2616444, 1, 1
2616454, 2, 0
2616457, 3, 0
2616640, 0, bit 1
2616640, 0, 0
2616644, 1, 0
2616654, 2, 1
2616657, 3, 0
2616840, 0, 1
2616844, 1, 0
2616854, 2, bit 0
2616854, 2, 0
2616857, 3, 0
2617040, 0, 1
2617044, 1, 1
2617054, 2, 1
2617057, 3, 0
2617240, 0, 0
2617244, 1, bit 1
2617244, 1, 0
2617254, 2, 0
2617257, 3, 0
2617440, 0, 1
2617444, 1, 1
2617454, 2, 1
2617457, 3, 0
2617640, 0, 0
2617644, 1, 0
2617654, 2, 1
2617657, 3, 0
2617840, 0, 1
2617844, 1, 1
2617854, 2, 0
2617857, 3, 0
2618040, 0, 0
2618044, 1, 1
2618054, 2, 1
2618057, 3, 0
2618240, 0, 1
2618244, 1, 0
2618254, 2, 0
2618257, 3, 0
2618440, 0, 0
2618444, 1, 0
2618454, 2, 1
2618457, 3, 0
2618640, 0, 0
2618644, 1, 1
2618654, 2, 0
2618657, 3, 0
2618840, 0, 1
2618844, 1, 0
2618854, 2, 1
2618857, 3, 0
2619040, 0, 0
2619044, 1, 1
2619054, 2, 0
2619057, 3, 0
2619240, 0, 1
2619244, 1, 1
2619254, 2, 1
2619257, 3, 0
2619440, 0, bit 0
2619440, 0, 1
2619444, 1, 0
2619454, 2, 0
2619457, 3, prem 0
2619457, 3, 0
2619640, 0, 0
2619644, 1, 0
2619654, 2, bit 0
2619654, 2, 0
2619657, 3, 0
2619840, 0, 0
2619844, 1, 1
2619854, 2, 1
2619857, 3, 0
2620040, 0, 1
2620044, 1, bit 1
2620044, 1, 0
2620054, 2, 0
2620057, 3, 0
2620240, 0, 0
2620244, 1, 1
2620254, 2, 1
2620257, 3, 0
2620440, 0, 1
2620444, 1, 0
2620454, 2, 1
2620457, 3, 0
2620640, 0, 0
2620644, 1, 1
2620654, 2, 0
2620657, 3, 0
2620840, 0, 1
2620844, 1, 1
2620854, 2, 1
2620857, 3, 0
2621040, 0, 0
2621044, 1, 0
2621054, 2, 0
2621057, 3, 0
2621240, 0, 1
2621244, 1, 0
2621254, 2, 1
2621257, 3, 0
2621440, 0, 1
2621444, 1, 1
2621454, 2, 0
2621457, 3, 0
2621640, 0, 0
2621644, 1, 0
2621654, 2, 1
2621657, 3, 0
2621840, 0, 1
2621844, 1, 1
2621854, 2, 0
2621857, 3, 0
2622040, 0, 0
2622044, 1, 1
2622054, 2, 1
2622057, 3, 0
2622240, 0, bit 1
2622240, 0, 0
2622244, 1, 0
2622254, 2, 0
2622257, 3, 0
2622440, 0, 1
2622444, 1, 0
2622454, 2, bit 1
2622454, 2, 1
2622457, 3, 0
2622640, 0, 1
2622644, 1, 1
2622654, 2, 0
2622657, 3, 1
2622840, 0, 0
2622844, 1, bit 1
2622844, 1, 0
2622854, 2, 1
2622857, 3, 1
2623040, 0, 1
2623044, 1, 1
2623054, 2, 0
2623057, 3, 1
2623240, 0, 0
2623244, 1, 0
2623254, 2, 0
2623257, 3, 1
2623440, 0, 1
2623444, 1, 1
2623454, 2, 1
2623457, 3, 1
2623640, 0, 0
2623644, 1, 1
2623654, 2, 0
2623657, 3, 1
2623840, 0, 1
2623844, 1, 0
2623854, 2, 1
2623857, 3, 1
2624040, 0, 0
2624044, 1, 0
2624054, 2, 0
2624057, 3, 1
2624240, 0, 0
2624244, 1, 1
2624254, 2, 1
2624257, 3, 1
2624440, 0, 1
2624444, 1, 0
2624454, 2, 0
2624457, 3, 1
2624640, 0, 0
2624644, 1, 1
2624654, 2, 1
2624657, 3, 1
2624840, 0, 1
2624844, 1, 1
2624854, 2, 0
2624857, 3, 1
2625040, 0, bit 0
2625040, 0, 1
2625044, 1, 0
2625054, 2, 1
2625057, 3, 1
2625240, 0, 0
2625244, 1, 0
2625254, 2, bit 1
2625254, 2, 1
2625257, 3, 1
2625440, 0, 0
2625444, 1, 1
2625454, 2, 0
2625457, 3, 1
2625640, 0, 1
2625644, 1, bit 0
2625644, 1, 1
2625654, 2, 1
2625657, 3, 1
2625840, 0, 0
2625844, 1, 0
2625854, 2, 0
2625857, 3, prem 1
2625857, 3, 1
2626040, 0, 1
2626044, 1, 1
2626054, 2, 0
2626057, 3, 1
2626240, 0, 0
2626244, 1, 0
2626254, 2, 1
2626257, 3, 1
2626440, 0, 1
2626444, 1, 0
2626454, 2, 0
2626457, 3, 1
2626640, 0, 0
2626644, 1, 1
2626654, 2, 1
2626657, 3, 1
2626840, 0, 1
2626844, 1, 1
2626854, 2, 0
2626857, 3, 1
2627040, 0, 1
2627044, 1, 0
2627054, 2, 1
2627057, 3, 1
2627240, 0, 0
2627244, 1, 1
2627254, 2, 0
2627257, 3, 1
2627440, 0, 1
2627444, 1, 0
2627454, 2, 1
2627457, 3, 1
2627640, 0, 0
2627644, 1, 0
2627654, 2, 0
2627657, 3, 1
2627840, 0, bit 1
2627840, 0, 0
2627844, 1, 1
2627854, 2, 1
2627857, 3, 1
2628040, 0, 1
2628044, 1, 1
2628054, 2, bit 0
2628054, 2, 0
2628057, 3, 1
2628240, 0, 1
2628244, 1, 0
2628254, 2, 1
2628257, 3, 1
2628440, 0, 0
2628444, 1, bit 1
2628444, 1, 0
2628454, 2, 0
2628457, 3, 1
2628640, 0, 1
2628644, 1, 1
2628654, 2, 1
2628657, 3, 1
2628840, 0, 0
2628844, 1, 0
2628854, 2, 1
2628857, 3, 1
2629040, 0, 1
2629044, 1, 1
2629054, 2, 0
2629057, 3, 0
2629240, 0, 0
2629244, 1, 1
2629254, 2, 1
2629257, 3, 0
2629440, 0, 1
2629444, 1, 0
2629454, 2, 0
2629457, 3, 0
2629640, 0, 0
2629644, 1, 0
2629654, 2, 1
2629657, 3, 0
2629840, 0, 0
2629844, 1, 1
2629854, 2, 0
2629857, 3, 0
2630040, 0, 1
2630044, 1, 0
2630054, 2, 1
2630057, 3, 0
2630240, 0, 0
2630250, 1, 1
2630254, 2, 0
2630257, 3, 0
2630440, 0, 1
2630450, 1, 1
2630454, 2, 1
2630457, 3, 0
2630640, 0, bit 0
2630640, 0, 1
2630650, 1, 0
2630654, 2, 0
2630657, 3, 0
2630840, 0, 0
2630850, 1, 0
2630854, 2, bit 0
2630854, 2, 0
2630857, 3, 0
2631040, 0, 0
2631050, 1, 1
2631054, 2, 1
2631057, 3, 0
2631240, 0, 1
2631250, 1, bit 1
2631250, 1, 0
2631254, 2, 0
2631257, 3, 0
2631440, 0, 0
2631450, 1, 1
2631454, 2, 1
2631457, 3, 0
2631640, 0, 1
2631650, 1, 0
2631654, 2, 1
2631657, 3, 0
2631840, 0, 0
2631851, 1, 1
2631854, 2, 0
2631857, 3, 0
2632040, 0, 1
2632051, 1, 1
2632054, 2, 1
2632057, 3, 0
2632240, 0, 0
2632251, 1, 0
2632254, 2, 0
2632257, 3, prem 1
2632257, 3, 1
2632440, 0, 1
2632451, 1, 0
2632454, 2, 1
2632457, 3, 1
2632640, 0, 1
2632651, 1, 1
2632654, 2, 0
2632657, 3, 1
2632840, 0, 0
2632851, 1, 0
2632854, 2, 1
2632857, 3, 1
2633040, 0, 1
2633051, 1, 1
2633054, 2, 0
2633057, 3, 1
2633240, 0, 0
2633251, 1, 1
2633254, 2, 1
2633257, 3, 1
2633440, 0, bit 0
2633440, 0, 1
2633451, 1, 0
2633454, 2, 0
2633457, 3, 1
2633640, 0, 0
2633651, 1, 0
2633654, 2, bit 1
2633654, 2, 1
2633657, 3, 1
2633840, 0, 0
2633851, 1, 1
2633854, 2, 0
2633857, 3, 1
2634040, 0, 1
2634051, 1, bit 0
2634051, 1, 1
2634054, 2, 1
2634057, 3, 1
2634240, 0, 0
2634251, 1, 0
2634254, 2, 0
2634257, 3, 1
2634440, 0, 1
2634451, 1, 1
2634454, 2, 0
2634457, 3, 1
2634640, 0, 0
2634651, 1, 0
2634654, 2, 1
2634657, 3, 1
2634840, 0, 1
2634851, 1, 0
2634854, 2, 0
2634857, 3, 1
2635040, 0, 0
2635051, 1, 1
2635054, 2, 1
2635057, 3, 1
2635240, 0, 1
2635251, 1, 1
2635254, 2, 0
2635257, 3, 1
2635440, 0, 1
2635451, 1, 0
2635454, 2, 1
2635457, 3, 0
2635640, 0, 0
2635651, 1, 1
2635654, 2, 0
2635657, 3, 0
2635840, 0, 1
2635851, 1, 0
2635854, 2, 1
2635857, 3, 0
2636040, 0, 0
2636051, 1, 0
2636054, 2, 0
2636057, 3, 0
2636240, 0, bit 0
2636240, 0, 1
2636251, 1, 1
2636254, 2, 1
2636257, 3, 0
2636440, 0, 0
2636451, 1, 1
2636454, 2, bit 0
2636457, 2, 0
2636457, 3, 0
2636640, 0, 0
2636651, 1, 0
2636654, 2, 1
2636657, 3, 0
2636840, 0, 1
2636851, 1, bit 0
2636851, 1, 1
2636854, 2, 0
2636857, 3, 0
2637040, 0, 0
2637051, 1, 0
2637054, 2, 1
2637057, 3, 0
2637240, 0, 1
2637251, 1, 1
2637254, 2, 1
2637257, 3, 0
2637440, 0, 0
2637451, 1, 0
2637454, 2, 0
2637457, 3, 0
2637640, 0, 1
2637651, 1, 0
2637654, 2, 1
2637657, 3, 0
2637840, 0, 0
2637851, 1, 1
2637854, 2, 0
2637857, 3, 0
2638040, 0, 1
2638051, 1, 1
2638054, 2, 1
2638057, 3, 0
2638240, 0, 1
2638251, 1, 0
2638254, 2, 0
2638257, 3, 0
2638440, 0, 0
2638451, 1, 1
2638454, 2, 1
2638457, 3, 0
2638640, 0, 1
2638651, 1, 0
2638654, 2, 0
2638657, 3, prem 1
2638657, 3, 1
2638840, 0, 0
2638851, 1, 0
2638854, 2, 1
2638857, 3, 1
2639040, 0, bit 1
2639040, 0, 0
2639051, 1, 1
2639054, 2, 0
2639057, 3, 1
2639240, 0, 1
2639251, 1, 1
2639254, 2, bit 0
2639254, 2, 0
2639257, 3, 1
2639440, 0, 1
2639451, 1, 0
2639454, 2, 1
2639457, 3, 1
2639640, 0, 0
2639651, 1, bit 0
2639651, 1, 1
2639654, 2, 0
2639657, 3, 1
2639840, 0, 1
2639851, 1, 0
2639854, 2, 1
2639857, 3, 1
2640040, 0, 0
2640051, 1, 1
2640054, 2, 1
2640057, 3, 1
2640240, 0, 1
2640251, 1, 0
2640254, 2, 0
2640257, 3, 1
2640440, 0, 0
2640451, 1, 0
2640454, 2, 1
2640457, 3, 1
2640640, 0, 1
2640651, 1, 1
2640654, 2, 0
2640657, 3, 1
2640840, 0, 0
2640851, 1, 1
2640854, 2, 1
2640857, 3, 1
2641040, 0, 0
2641051, 1, 0
2641054, 2, 0
2641057, 3, 1
2641240, 0, 1
2641251, 1, 1
2641254, 2, 1
2641257, 3, 1
2641440, 0, 0
2641451, 1, 0
2641454, 2, 0
2641457, 3, 1
2641640, 0, 1
2641651, 1, 0
2641654, 2, 1
2641657, 3, 1
2641840, 0, bit 1
2641840, 0, 0
2641851, 1, 1
2641854, 2, 0
2641857, 3, 0
2642040, 0, 1
2642051, 1, 1
2642054, 2, bit 0
2642054, 2, 0
2642057, 3, 0
2642240, 0, 1
2642251, 1, 0
2642254, 2, 1
2642257, 3, 0
2642440, 0, 0
2642451, 1, bit 0
2642451, 1, 1
2642454, 2, 0
2642457, 3, 0
2642640, 0, 1
2642651, 1, 0
2642654, 2, 1
2642657, 3, 0
2642840, 0, 0
2642851, 1, 1
2642854, 2, 1
2642857, 3, 0
2643040, 0, 1
2643051, 1, 0
2643054, 2, 0
2643057, 3, 0
2643240, 0, 0
2643251, 1, 0
2643254, 2, 1
2643257, 3, 0
2643440, 0, 1
2643451, 1, 1
2643454, 2, 0
2643457, 3, 0
2643640, 0, 0
2643651, 1, 1
2643654, 2, 1
2643657, 3, 0
2643840, 0, 0
2643851, 1, 0
2643854, 2, 0
2643857, 3, 0
2644040, 0, 1
2644051, 1, 1
2644054, 2, 1
2644057, 3, 0
2644240, 0, 0
2644251, 1, 0
2644254, 2, 0
2644257, 3, 0
2644440, 0, 1
2644451, 1, 0
2644454, 2, 1
2644457, 3, 0
2644640, 0, bit 1
2644640, 0, 0
2644651, 1, 1
2644654, 2, 0
2644657, 3, 0
2644840, 0, 1
2644851, 1, 1
2644854, 2, bit 1
2644854, 2, 1
2644857, 3, 0
2645040, 0, 1
2645051, 1, 0
2645054, 2, 0
2645057, 3, bit 1
2645057, 3, 1
2645240, 0, 0
2645251, 1, bit 1
2645251, 1, 0
2645254, 2, 1
2645257, 3, 0
2645440, 0, 1
2645451, 1, 1
2645454, 2, 0
2645457, 3, 1
2645640, 0, 0
2645651, 1, 0
2645654, 2, 0
2645657, 3, 0
2645840, 0, 1
2645851, 1, 1
2645854, 2, 1
2645857, 3, 1
2646040, 0, 0
2646051, 1, 1
2646054, 2, 0
2646057, 3, 0
2646240, 0, 1
2646251, 1, 0
2646254, 2, 1
2646257, 3, 0
2646440, 0, 0
2646451, 1, 0
2646454, 2, 0
2646457, 3, 1
2646640, 0, 0
2646651, 1, 1
2646654, 2, 1
2646657, 3, 1
2646840, 0, 1
2646851, 1, 0
2646854, 2, 0
2646857, 3, 0
2647040, 0, 0
2647051, 1, 1
2647054, 2, 1
2647057, 3, 1
2647240, 0, 1
2647251, 1, 1
2647254, 2, 0
2647257, 3, 0
2647440, 0, bit 0
2647440, 0, 1
2647451, 1, 0
2647454, 2, 1
2647457, 3, 1
2647640, 0, 0
2647651, 1, 0
2647654, 2, bit 1
2647654, 2, 1
2647657, 3, 0
2647840, 0, 0
2647851, 1, 1
2647854, 2, 0
2647857, 3, bit 1
2647857, 3, 1
2648040, 0, 1
2648051, 1, bit 1
2648051, 1, 0
2648054, 2, 1
2648057, 3, 0
2648240, 0, 0
2648251, 1, 1
2648254, 2, 0
2648257, 3, 1
2648440, 0, 1
2648451, 1, 0
2648454, 2, 0
2648457, 3, 0
2648640, 0, 0
2648651, 1, 1
2648654, 2, 1
2648657, 3, 1
2648840, 0, 1
2648851, 1, 1
2648854, 2, 0
2648857, 3, 0
2649040, 0, 0
2649051, 1, 0
2649054, 2, 1
2649057, 3, 0
2649240, 0, 1
2649251, 1, 0
2649254, 2, 0
2649257, 3, 1
2649440, 0, 1
2649451, 1, 1
2649454, 2, 1
2649457, 3, 1
2649640, 0, 0
2649651, 1, 0
2649654, 2, 0
2649657, 3, 0
2649840, 0, 1
2649851, 1, 1
2649854, 2, 1
2649857, 3, 1
2650040, 0, 0
2650051, 1, 1
2650054, 2, 0
2650057, 3, 0
2650240, 0, bit 1
2650240, 0, 0
2650251, 1, 0
2650254, 2, 1
2650257, 3, 1
2650440, 0, 1
2650451, 1, 0
2650454, 2, bit 1
2650454, 2, 1
2650457, 3, 0
2650640, 0, 1
2650651, 1, 1
2650654, 2, 0
2650657, 3, bit 0
2650657, 3, 0
2650840, 0, 0
2650851, 1, bit 0
2650851, 1, 1
2650854, 2, 1
2650857, 3, 1
2651040, 0, 1
2651051, 1, 0
2651054, 2, 0
2651057, 3, 0
2651240, 0, 0
2651251, 1, 1
2651254, 2, 0
2651257, 3, 1
2651440, 0, 1
2651451, 1, 0
2651454, 2, 1
2651457, 3, 0
2651640, 0, 0
2651651, 1, 0
2651654, 2, 0
2651657, 3, 1
2651840, 0, 1
2651851, 1, 1
2651854, 2, 1
2651857, 3, 1
2652040, 0, 0
2652051, 1, 1
2652054, 2, 0
2652057, 3, 0
2652240, 0, 0
2652251, 1, 0
2652254, 2, 1
2652257, 3, 0
2652440, 0, 1
2652451, 1, 1
2652454, 2, 0
2652457, 3, 1
2652640, 0, 0
2652651, 1, 0
2652654, 2, 1
2652657, 3, 0
2652840, 0, 1
2652851, 1, 0
2652854, 2, 0
2652857, 3, 1
2653040, 0, bit 0
2653040, 0, 1
2653051, 1, 1
2653054, 2, 1
2653057, 3, 0
2653240, 0, 0
2653251, 1, 1
2653254, 2, bit 0
2653254, 2, 0
2653257, 3, 1
2653440, 0, 0
2653451, 1, 0
2653454, 2, 1
2653457, 3, bit 0
2653457, 3, 0
2653640, 0, 1
2653651, 1, bit 0
2653651, 1, 1
2653654, 2, 0
2653657, 3, 1
2653840, 0, 0
2653851, 1, 0
2653854, 2, 1
2653857, 3, 0
2654040, 0, 1
2654051, 1, 1
2654054, 2, 1
2654057, 3, 1
2654240, 0, 0
2654251, 1, 0
2654254, 2, 0
2654257, 3, 0
2654440, 0, 1
2654451, 1, 0
2654454, 2, 1
2654457, 3, 1
2654640, 0, 0
2654651, 1, 1
2654654, 2, 0
2654657, 3, 1
2654840, 0, 1
2654851, 1, 1
2654854, 2, 1
2654857, 3, 0
2655040, 0, 1
2655051, 1, 0
2655054, 2, 0
2655057, 3, 0
2655240, 0, 0
2655251, 1, 1
2655254, 2, 1
2655257, 3, 1
2655440, 0, 1
2655451, 1, 0
2655454, 2, 0
2655457, 3, 0
2655640, 0, 0
2655651, 1, 0
2655654, 2, 1
2655657, 3, 1
2655840, 0, bit 0
2655840, 0, 1
2655851, 1, 1
2655854, 2, 0
2655857, 3, 0
2656040, 0, 0
2656051, 1, 1
2656054, 2, bit 1
2656054, 2, 1
2656057, 3, 1
2656240, 0, 0
2656251, 1, 0
2656254, 2, 0
2656257, 3, bit 1
2656257, 3, 1
2656440, 0, 1
2656451, 1, bit 1
2656451, 1, 0
2656454, 2, 1
2656457, 3, 0
2656640, 0, 0
2656651, 1, 1
2656654, 2, 0
2656657, 3, 1
2656840, 0, 1
2656851, 1, 0
2656855, 2, 0
2656857, 3, 0
2657040, 0, 0
2657051, 1, 1
2657055, 2, 1
2657057, 3, 1
2657240, 0, 1
2657251, 1, 1
2657255, 2, 0
2657257, 3, 0
2657440, 0, 0
2657451, 1, 0
2657455, 2, 1
2657457, 3, 0
2657640, 0, 1
2657651, 1, 0
2657655, 2, 0
2657657, 3, 1
2657840, 0, 1
2657851, 1, 1
2657855, 2, 1
2657857, 3, 1
2658040, 0, 0
2658051, 1, 0
2658055, 2, 0
2658057, 3, 0
2658240, 0, 1
2658251, 1, 1
2658255, 2, 1
2658257, 3, 1
2658440, 0, 0
2658451, 1, 1
2658455, 2, 0
2658457, 3, 0
2658640, 0, bit 0
2658640, 0, 1
2658651, 1, 0
2658655, 2, 1
2658657, 3, 1
2658840, 0, 0
2658851, 1, 0
2658855, 2, bit 1
2658855, 2, 1
2658857, 3, 0
2659040, 0, 0
2659051, 1, 1
2659055, 2, 0
2659057, 3, bit 0
2659057, 3, 0
2659240, 0, 1
2659251, 1, bit 0
2659251, 1, 1
2659255, 2, 1
2659257, 3, 1
2659440, 0, 0
2659451, 1, 0
2659456, 2, 0
2659457, 3, 0
2659640, 0, 1
2659651, 1, 1
2659656, 2, 0
2659657, 3, 1
2659840, 0, 0
2659851, 1, 0
2659856, 2, 1
2659857, 3, 0
2660040, 0, 1
2660051, 1, 0
2660056, 2, 0
2660057, 3, 1
2660240, 0, 0
2660251, 1, 1
2660256, 2, 1
2660257, 3, 1
2660440, 0, 1
2660451, 1, 1
2660456, 2, 0
2660457, 3, 0
2660640, 0, 1
2660651, 1, 0
2660656, 2, 1
2660657, 3, 0
2660840, 0, 0
2660851, 1, 1
2660856, 2, 0
2660857, 3, 1
2661040, 0, 1
2661051, 1, 0
2661056, 2, 1
2661057, 3, 0
2661240, 0, 0
2661251, 1, 0
2661256, 2, 0
2661257, 3, 1
2661440, 0, bit 0
2661440, 0, 1
2661451, 1, 1
2661456, 2, 1
2661457, 3, 0
2661640, 0, 0
2661651, 1, 1
2661656, 2, bit 0
2661656, 2, 0
2661657, 3, 1
2661840, 0, 0
2661851, 1, 0
2661856, 2, 1
2661857, 3, bit 1
2661857, 3, 1
2662040, 0, 1
2662051, 1, bit 0
2662051, 1, 1
2662056, 2, 0
2662057, 3, 0
2662240, 0, 0
2662251, 1, 0
2662256, 2, 1
2662257, 3, 1
2662440, 0, 1
2662451, 1, 1
2662456, 2, 1
2662457, 3, 0
2662640, 0, 0
2662651, 1, 0
2662656, 2, 0
2662657, 3, 1
2662840, 0, 1
2662851, 1, 0
2662856, 2, 1
2662857, 3, 0
2663040, 0, 0
2663051, 1, 1
2663056, 2, 0
2663057, 3, 0
2663240, 0, 1
2663251, 1, 1
2663256, 2, 1
2663257, 3, 1
2663440, 0, 1
2663451, 1, 0
2663456, 2, 0
2663457, 3, 1
2663640, 0, 0
2663651, 1, 1
2663656, 2, 1
2663657, 3, 0
2663840, 0, 1
2663851, 1, 0
2663856, 2, 0
2663857, 3, 1
2664040, 0, 0
2664051, 1, 0
2664056, 2, 1
2664057, 3, 0
2664240, 0, bit 0
2664240, 0, 1
2664251, 1, 1
2664256, 2, 0
2664257, 3, 1
2664440, 0, 0
2664451, 1, 1
2664456, 2, bit 1
2664456, 2, 1
2664457, 3, 0
2664640, 0, 0
2664651, 1, 0
2664656, 2, 0
2664657, 3, bit 1
2664660, 3, 1
2664840, 0, 1
2664851, 1, bit 1
2664851, 1, 0
2664856, 2, 1
2664857, 3, 0
2665040, 0, 0
2665051, 1, 1
2665056, 2, 0
2665057, 3, 1
2665240, 0, 1
2665251, 1, 0
2665256, 2, 0
2665257, 3, 0
2665440, 0, 0
2665451, 1, 1
2665456, 2, 1
2665457, 3, 1
2665640, 0, 1
2665651, 1, 1
2665656, 2, 0
2665657, 3, 0
2665840, 0, 0
2665851, 1, 0
2665856, 2, 1
2665857, 3, 0
2666040, 0, 1
2666051, 1, 0
2666056, 2, 0
2666057, 3, 1
2666240, 0, 1
2666251, 1, 1
2666256, 2, 1
2666257, 3, 1
2666440, 0, 0
2666451, 1, 0
2666456, 2, 0
2666457, 3, 0
2666640, 0, 1
2666651, 1, 1
2666656, 2, 1
2666657, 3, 1
2666840, 0, 0
2666851, 1, 1
2666856, 2, 0
2666857, 3, 0
2667040, 0, bit 0
2667040, 0, 1
2667051, 1, 0
2667056, 2, 1
2667057, 3, 1
2667240, 0, 0
2667251, 1, 0
2667256, 2, bit 0
2667256, 2, 0
2667257, 3, 0
2667440, 0, 0
2667451, 1, 1
2667456, 2, 1
2667457, 3, bit 0
2667457, 3, 0
2667640, 0, 1
2667651, 1, bit 0
2667651, 1, 1
2667656, 2, 0
2667657, 3, 1
2667840, 0, 0
2667851, 1, 0
2667856, 2, 1
2667857, 3, 0
2668040, 0, 1
2668051, 1, 1
2668056, 2, 1
2668057, 3, 1
2668240, 0, 0
2668251, 1, 0
2668256, 2, 0
2668257, 3, 0
2668440, 0, 1
2668451, 1, 0
2668456, 2, 1
2668457, 3, 1
2668640, 0, 0
2668651, 1, 1
2668656, 2, 0
2668657, 3, 1
2668840, 0, 1
2668851, 1, 1
2668856, 2, 1
2668857, 3, 0
2669040, 0, 1
2669051, 1, 0
2669056, 2, 0
2669057, 3, 0
2669240, 0, 0
2669251, 1, 1
2669256, 2, 1
2669257, 3, 1
2669440, 0, 1
2669451, 1, 0
2669456, 2, 0
2669459, 3, 0
2669640, 0, 0
2669651, 1, 0
2669656, 2, 1
2669659, 3, 1
2669840, 0, bit 1
2669840, 0, 0
2669851, 1, 1
2669856, 2, 0
2669859, 3, 0
2670040, 0, 1
2670051, 1, 1
2670056, 2, bit 1
2670056, 2, 1
2670059, 3, 1
2670240, 0, 1
2670251, 1, 0
2670256, 2, 0
2670259, 3, bit 0
2670259, 3, 0
2670440, 0, 0
2670451, 1, bit 0
2670451, 1, 1
2670456, 2, 1
2670459, 3, 1
2670640, 0, 1
2670651, 1, 0
2670656, 2, 0
2670659, 3, 0
2670840, 0, 0
2670851, 1, 1
2670856, 2, 0
2670859, 3, 1
2671040, 0, 1
2671051, 1, 0
2671056, 2, 1
2671059, 3, 0
2671240, 0, 0
2671251, 1, 0
2671256, 2, 0
2671259, 3, 1
2671440, 0, 1
2671451, 1, 1
2671456, 2, 1
2671459, 3, 1
2671640, 0, 0
2671651, 1, 1
2671656, 2, 0
2671659, 3, 0
2671840, 0, 0
2671851, 1, 0
2671856, 2, 1
2671859, 3, 0
2672040, 0, 1
2672051, 1, 1
2672056, 2, 0
2672059, 3, 1
2672240, 0, 0
2672251, 1, 0
2672256, 2, 1
2672259, 3, 0
2672440, 0, 1
2672451, 1, 0
2672456, 2, 0
2672459, 3, 1
2672640, 0, bit 1
2672640, 0, 0
2672651, 1, 1
2672656, 2, 1
2672659, 3, 0
2672840, 0, 1
2672851, 1, 1
2672856, 2, bit 0
2672856, 2, 0
2672859, 3, 1
2673040, 0, 1
2673051, 1, 0
2673056, 2, 1
2673059, 3, bit 0
2673059, 3, 0
2673240, 0, 0
2673251, 1, bit 1
2673251, 1, 0
2673256, 2, 0
2673259, 3, 1
2673440, 0, 1
2673451, 1, 1
2673456, 2, 1
2673459, 3, 0
2673640, 0, 0
2673651, 1, 0
2673656, 2, 1
2673659, 3, 1
2673840, 0, 1
2673851, 1, 1
2673856, 2, 0
2673859, 3, 0
2674040, 0, 0
2674051, 1, 1
2674056, 2, 1
2674059, 3, 1
2674240, 0, 1
2674251, 1, 0
2674256, 2, 0
2674259, 3, 1
2674440, 0, 0
2674451, 1, 0
2674456, 2, 1
2674459, 3, 0
2674640, 0, 0
2674651, 1, 1
2674656, 2, 0
2674659, 3, 0
2674840, 0, 1
2674851, 1, 0
2674856, 2, 1
2674859, 3, 1
2675040, 0, 0
2675051, 1, 1
2675056, 2, 0
2675059, 3, 0
2675240, 0, 1
2675251, 1, 1
2675256, 2, 1
2675259, 3, 1
2675440, 0, bit 1
2675440, 0, 0
2675451, 1, 0
2675456, 2, 0
2675459, 3, 0
2675640, 0, 1
2675651, 1, 0
2675656, 2, bit 0
2675656, 2, 0
2675659, 3, 1
2675840, 0, 1
2675851, 1, 1
2675856, 2, 1
2675859, 3, bit 1
2675859, 3, 1
2676040, 0, 0
2676051, 1, bit 0
2676051, 1, 1
2676056, 2, 0
2676059, 3, 0
2676240, 0, 1
2676251, 1, 0
2676256, 2, 1
2676259, 3, 1
2676440, 0, 0
2676451, 1, 1
2676456, 2, 1
2676459, 3, 0
2676640, 0, 1
2676651, 1, 0
2676656, 2, 0
2676659, 3, 1
2676840, 0, 0
2676851, 1, 0
2676856, 2, 1
2676859, 3, 0
2677040, 0, 1
2677051, 1, 1
2677056, 2, 0
2677059, 3, 0
2677240, 0, 0
2677251, 1, 1
2677256, 2, 1
2677259, 3, 1
2677440, 0, 0
2677451, 1, 0
2677456, 2, 0
2677459, 3, 1
2677640, 0, 1
2677651, 1, 1
2677656, 2, 1
2677659, 3, 0
2677840, 0, 0
2677851, 1, 0
2677856, 2, 0
2677859, 3, 1
2678040, 0, 1
2678051, 1, 0
2678056, 2, 1
2678059, 3, 0
2678240, 0, bit 0
2678240, 0, 1
2678251, 1, 1
2678256, 2, 0
2678259, 3, 1
2678440, 0, 0
2678451, 1, 1
2678456, 2, bit 1
2678456, 2, 1
2678459, 3, 0
2678640, 0, 0
2678651, 1, 0
2678656, 2, 0
2678659, 3, bit 1
2678659, 3, 1
2678840, 0, 1
2678851, 1, bit 0
2678851, 1, 1
2678856, 2, 1
2678859, 3, 0
2679040, 0, 0
2679051, 1, 0
2679056, 2, 0
2679059, 3, 1
2679240, 0, 1
2679251, 1, 1
2679256, 2, 0
2679259, 3, 0
2679440, 0, 0
2679451, 1, 0
2679456, 2, 1
2679459, 3, 1
2679640, 0, 1
2679651, 1, 0
2679656, 2, 0
2679659, 3, 0
2679840, 0, 0
2679851, 1, 1
2679856, 2, 1
2679859, 3, 0
2680040, 0, 1
2680051, 1, 1
2680056, 2, 0
2680059, 3, 1
2680240, 0, 1
2680251, 1, 0
2680256, 2, 1
2680259, 3, 1
2680440, 0, 0
2680451, 1, 1
2680456, 2, 0
2680459, 3, 0
2680640, 0, 1
2680651, 1, 0
2680656, 2, 1
2680659, 3, 1
2680840, 0, 0
2680851, 1, 0
2680856, 2, 0
2680859, 3, 0
2681040, 0, bit 0
2681040, 0, 1
2681051, 1, 1
2681056, 2, 1
2681059, 3, 1
2681240, 0, 0
2681251, 1, 1
2681256, 2, bit 0
2681256, 2, 0
2681259, 3, 0
2681440, 0, 0
2681451, 1, 0
2681456, 2, 1
2681459, 3, bit 0
2681459, 3, 0
2681640, 0, 1
2681651, 1, bit 1
2681651, 1, 0
2681656, 2, 0
2681659, 3, 1
2681840, 0, 0
2681851, 1, 1
2681856, 2, 1
2681859, 3, 0
2682040, 0, 1
2682051, 1, 0
2682056, 2, 1
2682059, 3, 1
2682240, 0, 0
2682251, 1, 1
2682256, 2, 0
2682259, 3, 0
2682440, 0, 1
2682451, 1, 1
2682456, 2, 1
2682459, 3, 1
2682640, 0, 0
2682651, 1, 0
2682656, 2, 0
2682659, 3, 1
2682840, 0, 1
2682851, 1, 0
2682856, 2, 1
2682859, 3, 0
2683040, 0, 1
2683051, 1, 1
2683056, 2, 0
2683059, 3, 0
2683240, 0, 0
2683251, 1, 0
2683256, 2, 1
2683259, 3, 1
2683440, 0, 1
2683451, 1, 1
2683456, 2, 0
2683459, 3, 0
2683640, 0, 0
2683651, 1, 1
2683656, 2, 1
2683659, 3, 1
2683840, 0, bit 1
2683840, 0, 0
2683851, 1, 0
2683856, 2, 0
2683859, 3, 0
2684040, 0, 1
2684051, 1, 0
2684056, 2, bit 0
2684056, 2, 0
2684059, 3, 1
2684240, 0, 1
2684251, 1, 1
2684256, 2, 1
2684259, 3, bit 1
2684259, 3, 1
2684440, 0, 0
2684451, 1, bit 0
2684451, 1, 1
2684456, 2, 0
2684459, 3, 0
2684640, 0, 1
2684651, 1, 0
2684656, 2, 1
2684659, 3, 1
2684840, 0, 0
2684851, 1, 1
2684856, 2, 1
2684859, 3, 0
2685040, 0, 1
2685051, 1, 0
2685056, 2, 0
2685059, 3, 1
2685240, 0, 0
2685251, 1, 0
2685256, 2, 1
2685259, 3, 0
2685440, 0, 1
2685451, 1, 1
2685456, 2, 0
2685459, 3, 0
2685640, 0, 0
2685651, 1, 1
2685656, 2, 1
2685659, 3, 1
2685840, 0, 0
2685851, 1, 0
2685856, 2, 0
2685859, 3, 1
2686040, 0, 1
2686051, 1, 1
2686056, 2, 1
2686059, 3, 0
2686240, 0, 0
2686251, 1, 0
2686256, 2, 0
2686259, 3, 1
2686440, 0, 1
2686451, 1, 0
2686456, 2, 1
2686459, 3, 0
2686640, 0, bit 0
2686640, 0, 1
2686651, 1, 1
2686656, 2, 0
2686659, 3, 1
2686840, 0, 0
2686851, 1, 1
2686856, 2, bit 1
2686856, 2, 1
2686859, 3, 0
2687040, 0, 0
2687051, 1, 0
2687056, 2, 0
2687059, 3, bit 1
2687059, 3, 1
2687240, 0, 1
2687251, 1, bit 1
2687251, 1, 0
2687256, 2, 1
2687259, 3, 0
2687440, 0, 0
2687451, 1, 1
2687456, 2, 0
2687459, 3, 1
2687640, 0, 1
2687651, 1, 0
2687656, 2, 0
2687659, 3, 0
2687840, 0, 0
2687851, 1, 1
2687856, 2, 1
2687859, 3, 1
2688040, 0, 1
2688051, 1, 1
2688056, 2, 0
2688059, 3, 0
2688240, 0, 0
2688251, 1, 0
2688256, 2, 1
2688259, 3, 0
2688440, 0, 1
2688451, 1, 0
2688456, 2, 0
2688459, 3, 1
2688640, 0, 1
2688651, 1, 1
2688656, 2, 1
2688659, 3, 1
2688840, 0, 0
2688851, 1, 0
2688856, 2, 0
2688859, 3, 0
2689040, 0, 1
2689051, 1, 1
2689056, 2, 1
2689059, 3, 1
2689240, 0, 0
2689251, 1, 1
2689256, 2, 0
2689259, 3, 0
2689440, 0, bit 0
2689440, 0, 1
2689451, 1, 0
2689456, 2, 1
2689459, 3, 1
2689640, 0, 0
2689651, 1, 0
2689656, 2, bit 0
2689656, 2, 0
2689659, 3, 0
2689840, 0, 0
2689851, 1, 1
2689856, 2, 1
2689859, 3, bit 1
2689859, 3, 1
2690040, 0, 1
2690051, 1, bit 0
2690051, 1, 1
2690056, 2, 0
2690059, 3, 0
2690240, 0, 0
2690251, 1, 0
2690256, 2, 1
2690259, 3, 1
2690440, 0, 1
2690451, 1, 1
2690456, 2, 1
2690459, 3, 0
2690640, 0, 0
2690651, 1, 0
2690656, 2, 0
2690659, 3, 1
2690840, 0, 1
2690851, 1, 0
2690856, 2, 1
2690859, 3, 0
2691040, 0, 0
2691051, 1, 1
2691056, 2, 0
2691059, 3, 0
2691240, 0, 1
2691251, 1, 1
2691256, 2, 1
2691259, 3, 1
2691440, 0, 1
2691451, 1, 0
2691456, 2, 0
2691459, 3, 1
2691640, 0, 0
2691651, 1, 1
2691656, 2, 1
2691659, 3, 0
2691840, 0, 1
2691851, 1, 0
2691856, 2, 0
2691859, 3, 1
2692040, 0, 0
2692051, 1, 0
2692056, 2, 1
2692059, 3, 0
2692240, 0, bit 1
2692240, 0, 0
2692251, 1, 1
2692256, 2, 0
2692259, 3, 1
2692440, 0, 1
2692451, 1, 1
2692456, 2, bit 1
2692456, 2, 1
2692459, 3, 0
2692640, 0, 1
2692651, 1, 0
2692656, 2, 0
2692659, 3, bit 0
2692659, 3, 0
2692840, 0, 0
2692851, 1, bit 0
2692854, 1, 1
2692856, 2, 1
2692859, 3, 1
2693040, 0, 1
2693051, 1, 0
2693056, 2, 0
2693059, 3, 0
2693240, 0, 0
2693251, 1, 1
2693256, 2, 0
2693259, 3, 1
2693440, 0, 1
2693451, 1, 0
2693456, 2, 1
2693459, 3, 0
2693640, 0, 0
2693651, 1, 0
2693656, 2, 0
2693659, 3, 1
2693840, 0, 1
2693851, 1, 1
2693856, 2, 1
2693859, 3, 1
2694040, 0, 0
2694051, 1, 1
2694056, 2, 0
2694059, 3, 0
2694240, 0, 0
2694251, 1, 0
2694256, 2, 1
2694259, 3, 0
2694440, 0, 1
2694451, 1, 1
2694456, 2, 0
2694459, 3, 1
2694640, 0, 0
2694651, 1, 0
2694656, 2, 1
2694659, 3, 0
2694840, 0, 1
2694851, 1, 0
2694856, 2, 0
2694859, 3, 1
2695040, 0, bit 0
2695040, 0, 1
2695051, 1, 1
2695056, 2, 1
2695059, 3, 0
2695240, 0, 0
2695251, 1, 1
2695256, 2, bit 0
2695256, 2, 0
2695259, 3, 1
2695440, 0, 0
2695451, 1, 0
2695456, 2, 1
2695459, 3, bit 0
2695459, 3, 0
2695640, 0, 1
2695651, 1, bit 1
2695651, 1, 0
2695656, 2, 0
2695659, 3, 1
2695840, 0, 0
2695851, 1, 1
2695856, 2, 1
2695859, 3, 0
2696040, 0, 1
2696051, 1, 0
2696056, 2, 1
2696059, 3, 1
2696240, 0, 0
2696251, 1, 1
2696256, 2, 0
2696259, 3, 0
2696440, 0, 1
2696451, 1, 1
2696456, 2, 1
2696459, 3, 1
2696640, 0, 0
2696651, 1, 0
2696656, 2, 0
2696659, 3, 1
2696840, 0, 1
2696851, 1, 0
2696856, 2, 1
2696859, 3, 0
2697040, 0, 1
2697051, 1, 1
2697056, 2, 0
2697059, 3, 0
2697240, 0, 0
2697251, 1, 0
2697256, 2, 1
2697259, 3, 1
2697440, 0, 1
2697451, 1, 1
2697456, 2, 0
2697459, 3, 0
2697640, 0, 0
2697651, 1, 1
2697656, 2, 1
2697659, 3, 1
2697840, 0, bit 0
2697840, 0, 1
2697851, 1, 0
2697856, 2, 0
2697859, 3, 0
2698040, 0, 0
2698051, 1, 0
2698056, 2, bit 0
2698056, 2, 0
2698059, 3, 1
2698240, 0, 0
2698251, 1, 1
2698256, 2, 1
2698259, 3, bit 0
2698259, 3, 0
2698440, 0, 1
2698451, 1, bit 0
2698451, 1, 1
2698456, 2, 0
2698459, 3, 1
2698640, 0, 0
2698651, 1, 0
2698656, 2, 1
2698659, 3, 0
2698840, 0, 1
2698851, 1, 1
2698856, 2, 1
2698859, 3, 1
2699040, 0, 0
2699051, 1, 0
2699056, 2, 0
2699059, 3, 0
2699240, 0, 1
2699251, 1, 0
2699256, 2, 1
2699259, 3, 1
2699440, 0, 0
2699451, 1, 1
2699456, 2, 0
2699459, 3, 1
2699640, 0, 1
2699651, 1, 1
2699656, 2, 1
2699659, 3, 0
2699840, 0, 1
2699851, 1, 0
2699856, 2, 0
2699859, 3, 0
2700040, 0, 0
2700051, 1, 1
2700056, 2, 1
2700059, 3, 1
2700240, 0, 1
2700251, 1, 0
2700256, 2, 0
2700259, 3, 0
2700440, 0, 0
2700451, 1, 0
2700456, 2, 1
2700459, 3, 1
2700640, 0, bit 0
2700640, 0, 1
2700651, 1, 1
2700656, 2, 0
2700659, 3, 0
2700840, 0, 0
2700851, 1, 1
2700856, 2, bit 1
2700856, 2, 1
2700859, 3, 1
2701040, 0, 0
2701051, 1, 0
2701056, 2, 0
2701059, 3, bit 0
2701059, 3, 0
2701240, 0, 1
2701251, 1, bit 1
2701251, 1, 0
2701256, 2, 1
2701259, 3, 1
2701440, 0, 0
2701451, 1, 1
2701456, 2, 0
2701459, 3, 0
2701640, 0, 1
2701651, 1, 0
2701656, 2, 0
2701659, 3, 1
2701840, 0, 0
2701851, 1, 1
2701856, 2, 1
2701859, 3, 0
2702040, 0, 1
2702051, 1, 1
2702056, 2, 0
2702059, 3, 1
2702240, 0, 0
2702251, 1, 0
2702256, 2, 1
2702259, 3, 1
2702440, 0, 1
2702451, 1, 0
2702456, 2, 0
2702459, 3, 0
2702640, 0, 1
2702651, 1, 1
2702656, 2, 1
2702659, 3, 0
2702840, 0, 0
2702851, 1, 0
2702856, 2, 0
2702859, 3, 1
2703040, 0, 1
2703051, 1, 1
2703056, 2, 1
2703059, 3, 0
2703240, 0, 0
2703251, 1, 1
2703256, 2, 0
2703259, 3, 1
2703440, 0, bit 1
2703440, 0, 0
2703451, 1, 0
2703456, 2, 1
2703459, 3, 0
2703640, 0, 1
2703651, 1, 0
2703656, 2, bit 0
2703656, 2, 0
2703659, 3, 1
2703840, 0, 1
2703851, 1, 1
2703856, 2, 1
2703859, 3, bit 1
2703859, 3, 1
2704040, 0, 0
2704051, 1, bit 1
2704051, 1, 0
2704056, 2, 0
2704059, 3, 0
2704240, 0, 1
2704251, 1, 1
2704256, 2, 1
2704259, 3, 1
2704440, 0, 0
2704451, 1, 0
2704456, 2, 1
2704459, 3, 0
2704640, 0, 1
2704651, 1, 1
2704656, 2, 0
2704659, 3, 1
2704840, 0, 0
2704851, 1, 1
2704856, 2, 1
2704859, 3, 0
2705040, 0, 1
2705051, 1, 0
2705056, 2, 0
2705059, 3, 0
2705240, 0, 0
2705251, 1, 0
2705256, 2, 1
2705259, 3, 1
2705440, 0, 0
2705451, 1, 1
2705456, 2, 0
2705459, 3, 1
2705640, 0, 1
2705651, 1, 0
2705656, 2, 1
2705659, 3, 0
2705840, 0, 0
2705851, 1, 1
2705856, 2, 0
2705859, 3, 1
2706040, 0, 1
2706051, 1, 1
2706056, 2, 1
2706059, 3, 0
2706240, 0, bit 0
2706240, 0, 1
2706251, 1, 0
2706256, 2, 0
2706259, 3, 1
2706440, 0, 0
2706451, 1, 0
2706456, 2, bit 1
2706456, 2, 1
2706459, 3, 0
2706640, 0, 0
2706651, 1, 1
2706656, 2, 0
2706659, 3, bit 0
2706659, 3, 0
2706840, 0, 1
2706851, 1, bit 0
2706851, 1, 1
2706856, 2, 1
2706860, 3, 1
2707040, 0, 0
2707051, 1, 0
2707056, 2, 0
2707060, 3, 0
2707240, 0, 1
2707251, 1, 1
2707256, 2, 0
2707260, 3, 1
2707440, 0, 0
2707451, 1, 0
2707456, 2, 1
2707460, 3, 0
2707640, 0, 1
2707651, 1, 0
2707656, 2, 0
2707660, 3, 1
2707840, 0, 0
2707851, 1, 1
2707856, 2, 1
2707860, 3, 1
2708040, 0, 1
2708051, 1, 1
2708056, 2, 0
2708060, 3, 0
2708240, 0, 1
2708251, 1, 0
2708256, 2, 1
2708260, 3, 0
2708440, 0, 0
2708451, 1, 1
2708456, 2, 0
2708460, 3, 1
2708640, 0, 1
2708651, 1, 0
2708656, 2, 1
2708660, 3, 0
2708840, 0, 0
2708851, 1, 0
2708856, 2, 0
2708860, 3, 1
2709040, 0, bit 1
2709040, 0, 0
2709051, 1, 1
2709056, 2, 1
2709060, 3, 0
2709240, 0, 1
2709251, 1, 1
2709256, 2, bit 1
2709256, 2, 1
2709260, 3, 1
2709440, 0, 1
2709451, 1, 0
2709456, 2, 0
2709460, 3, bit 1
2709460, 3, 1
2709640, 0, 0
2709651, 1, bit 0
2709651, 1, 1
2709656, 2, 1
2709660, 3, 0
2709840, 0, 1
2709851, 1, 0
2709856, 2, 0
2709860, 3, 1
2710040, 0, 0
2710051, 1, 1
2710056, 2, 0
2710060, 3, 0
2710240, 0, 1
2710251, 1, 0
2710256, 2, 1
2710260, 3, 1
2710440, 0, 0
2710451, 1, 0
2710456, 2, 0
2710460, 3, 0
2710640, 0, 1
2710651, 1, 1
2710656, 2, 1
2710660, 3, 0
2710840, 0, 0
2710851, 1, 1
2710856, 2, 0
2710860, 3, 1
2711040, 0, 0
2711051, 1, 0
2711056, 2, 1
2711060, 3, 1
2711240, 0, 1
2711251, 1, 1
2711256, 2, 0
2711260, 3, 0
2711440, 0, 0
2711451, 1, 0
2711456, 2, 1
2711460, 3, 1
2711640, 0, 1
2711651, 1, 0
2711656, 2, 0
2711660, 3, 0
2711840, 0, bit 1
2711840, 0, 0
2711851, 1, 1
2711856, 2, 1
2711860, 3, 1
2712040, 0, 1
2712051, 1, 1
2712056, 2, bit 1
2712056, 2, 1
2712060, 3, 0
2712240, 0, 1
2712251, 1, 0
2712256, 2, 0
2712260, 3, bit 0
2712260, 3, 0
2712440, 0, 0
2712451, 1, bit 0
2712451, 1, 1
2712456, 2, 1
2712460, 3, 1
2712640, 0, 1
2712651, 1, 0
2712656, 2, 0
2712660, 3, 0
2712840, 0, 0
2712851, 1, 1
2712856, 2, 0
2712860, 3, 1
2713040, 0, 1
2713051, 1, 0
2713056, 2, 1
2713060, 3, 0
2713240, 0, 0
2713251, 1, 0
2713256, 2, 0
2713260, 3, 1
2713440, 0, 1
2713451, 1, 1
2713456, 2, 1
2713460, 3, 1
2713640, 0, 0
2713651, 1, 1
2713656, 2, 0
2713660, 3, 0
2713840, 0, 0
2713851, 1, 0
2713856, 2, 1
2713860, 3, 0
2714040, 0, 1
2714051, 1, 1
2714056, 2, 0
2714060, 3, 1
2714240, 0, 0
2714251, 1, 0
2714256, 2, 1
2714260, 3, 0
2714440, 0, 1
2714451, 1, 0
2714456, 2, 0
2714460, 3, 1
2714640, 0, bit 1
2714640, 0, 0
2714651, 1, 1
2714656, 2, 1
2714660, 3, 0
2714840, 0, 1
2714851, 1, 1
2714856, 2, bit 1
2714856, 2, 1
2714860, 3, 1
2715040, 0, 1
2715051, 1, 0
2715056, 2, 0
2715060, 3, bit 0
2715060, 3, 0
2715240, 0, 0
2715251, 1, bit 0
2715251, 1, 1
2715256, 2, 1
2715260, 3, 1
2715440, 0, 1
2715451, 1, 0
2715456, 2, 0
2715460, 3, 0
2715640, 0, 0
2715651, 1, 1
2715656, 2, 0
2715660, 3, 1
2715840, 0, 1
2715851, 1, 0
2715856, 2, 1
2715860, 3, 0
2716040, 0, 0
2716051, 1, 0
2716056, 2, 0
2716060, 3, 1
2716240, 0, 1
2716251, 1, 1
2716256, 2, 1
2716260, 3, 1
2716440, 0, 0
2716451, 1, 1
2716456, 2, 0
2716460, 3, 0
2716640, 0, 0
2716651, 1, 0
2716656, 2, 1
2716660, 3, 0
2716840, 0, 1
2716851, 1, 1
2716856, 2, 0
2716860, 3, 1
2717040, 0, 0
2717051, 1, 0
2717056, 2, 1
2717060, 3, 0
2717240, 0, 1
2717251, 1, 0
2717256, 2, 0
2717260, 3, 1
2717440, 0, bit 1
2717440, 0, 0
2717451, 1, 1
2717456, 2, 1
2717460, 3, 0
2717640, 0, 1
2717651, 1, 1
2717656, 2, bit 1
2717656, 2, 1
2717660, 3, 1
2717840, 0, 1
2717851, 1, 0
2717856, 2, 0
2717860, 3, bit 0
2717863, 3, 0
2718040, 0, 0
2718051, 1, bit 1
2718051, 1, 0
2718056, 2, 1
2718060, 3, 1
2718240, 0, 1
2718251, 1, 1
2718256, 2, 0
2718260, 3, 0
2718440, 0, 0
2718451, 1, 0
2718456, 2, 0
2718460, 3, 1
2718640, 0, 1
2718651, 1, 1
2718656, 2, 1
2718660, 3, 0
2718840, 0, 0
2718851, 1, 1
2718856, 2, 0
2718860, 3, 1
2719040, 0, 1
2719051, 1, 0
2719056, 2, 1
2719060, 3, 1
2719240, 0, 0
2719251, 1, 0
2719256, 2, 0
2719260, 3, 0
2719440, 0, 0
2719451, 1, 1
2719456, 2, 1
2719460, 3, 0
2719640, 0, 1
2719651, 1, 0
2719656, 2, 0
2719660, 3, 1
2719840, 0, 0
2719851, 1, 1
2719856, 2, 1
2719860, 3, 0
2720040, 0, 1
2720051, 1, 1
2720056, 2, 0
2720060, 3, 1
2720240, 0, bit 1
2720240, 0, 0
2720251, 1, 0
2720256, 2, 1
2720260, 3, 0
2720440, 0, 1
2720451, 1, 0
2720456, 2, bit 1
2720456, 2, 1
2720460, 3, 1
2720640, 0, 1
2720651, 1, 1
2720656, 2, 0
2720660, 3, bit 1
2720660, 3, 1
2720840, 0, 0
2720851, 1, bit 0
2720851, 1, 1
2720856, 2, 1
2720860, 3, 0
2721040, 0, 1
2721051, 1, 0
2721056, 2, 0
2721060, 3, 1
2721240, 0, 0
2721251, 1, 1
2721256, 2, 0
2721260, 3, 0
2721440, 0, 1
2721451, 1, 0
2721456, 2, 1
2721460, 3, 1
2721640, 0, 0
2721651, 1, 0
2721656, 2, 0
2721660, 3, 0
2721840, 0, 1
2721851, 1, 1
2721856, 2, 1
2721860, 3, 0
2722040, 0, 0
2722051, 1, 1
2722056, 2, 0
2722060, 3, 1
2722240, 0, 0
2722251, 1, 0
2722256, 2, 1
2722260, 3, 1
2722440, 0, 1
2722451, 1, 1
2722456, 2, 0
2722460, 3, 0
2722640, 0, 0
2722651, 1, 0
2722656, 2, 1
2722660, 3, 1
2722840, 0, 1
2722851, 1, 0
2722856, 2, 0
2722860, 3, 0
2723040, 0, bit 1
2723040, 0, 0
2723051, 1, 1
2723056, 2, 1
2723060, 3, 1
2723240, 0, 1
2723251, 1, 1
2723256, 2, bit 0
2723256, 2, 0
2723260, 3, 0
2723440, 0, 1
2723451, 1, 0
2723456, 2, 1
2723460, 3, bit 1
2723460, 3, 1
2723640, 0, 0
2723651, 1, bit 1
2723651, 1, 0
2723656, 2, 0
2723660, 3, 0
2723840, 0, 1
2723851, 1, 1
2723856, 2, 1
2723860, 3, 1
2724040, 0, 0
2724051, 1, 0
2724056, 2, 1
2724060, 3, 0
2724240, 0, 1
2724251, 1, 1
2724256, 2, 0
2724260, 3, 1
2724440, 0, 0
2724451, 1, 1
2724456, 2, 1
2724460, 3, 0
2724640, 0, 1
2724651, 1, 0
2724656, 2, 0
2724660, 3, 0
2724840, 0, 0
2724851, 1, 0
2724856, 2, 1
2724860, 3, 1
2725040, 0, 0
2725051, 1, 1
2725056, 2, 0
2725060, 3, 1
2725240, 0, 1
2725251, 1, 0
2725256, 2, 1
2725260, 3, 0
2725440, 0, 0
2725451, 1, 1
2725456, 2, 0
2725460, 3, 1
2725640, 0, 1
2725651, 1, 1
2725656, 2, 1
2725660, 3, 0
2725840, 0, bit 1
2725840, 0, 0
2725851, 1, 0
2725856, 2, 0
2725860, 3, 1
2726040, 0, 1
2726051, 1, 0
2726056, 2, bit 1
2726056, 2, 1
2726060, 3, 0
2726240, 0, 1
2726251, 1, 1
2726256, 2, 0
2726260, 3, bit 0
2726260, 3, 0
2726440, 0, 0
2726451, 1, bit 0
2726451, 1, 1
2726456, 2, 1
2726460, 3, 1
2726640, 0, 1
2726651, 1, 0
2726656, 2, 0
2726660, 3, 0
2726840, 0, 0
2726851, 1, 1
2726856, 2, 0
2726860, 3, 1
2727040, 0, 1
2727051, 1, 0
2727056, 2, 1
2727060, 3, 0
2727240, 0, 0
2727251, 1, 0
2727256, 2, 0
2727260, 3, 1
2727440, 0, 1
2727451, 1, 1
2727456, 2, 1
2727460, 3, 1
2727640, 0, 0
2727651, 1, 1
2727656, 2, 0
2727660, 3, 0
2727840, 0, 0
2727851, 1, 0
2727856, 2, 1
2727860, 3, 0
2728040, 0, 1
2728051, 1, 1
2728056, 2, 0
2728060, 3, 1
2728240, 0, 0
2728251, 1, 0
2728256, 2, 1
2728260, 3, 0
2728440, 0, 1
2728451, 1, 0
2728456, 2, 0
2728460, 3, 1
2728640, 0, bit 1
2728640, 0, 0
2728651, 1, 1
2728656, 2, 1
2728660, 3, 0
2728840, 0, 1
2728851, 1, 1
2728856, 2, bit 0
2728856, 2, 0
2728860, 3, 1
2729040, 0, 1
2729051, 1, 0
2729056, 2, 1
2729060, 3, bit 0
2729060, 3, 0
2729240, 0, 0
2729251, 1, bit 1
2729251, 1, 0
2729256, 2, 0
2729260, 3, 1
2729440, 0, 1
2729451, 1, 1
2729456, 2, 1
2729460, 3, 0
2729640, 0, 0
2729651, 1, 0
2729656, 2, 1
2729660, 3, 1
2729840, 0, 1
2729851, 1, 1
2729856, 2, 0
2729860, 3, 0
2730040, 0, 0
2730051, 1, 1
2730056, 2, 1
2730060, 3, 1
2730240, 0, 1
2730251, 1, 0
2730256, 2, 0
2730260, 3, 1
2730440, 0, 0
2730451, 1, 0
2730456, 2, 1
2730467, 3, 0
2730640, 0, 0
2730651, 1, 1
2730656, 2, 0
2730667, 3, 0
2730840, 0, 1
2730851, 1, 0
2730856, 2, 1
2730867, 3, 1
2731040, 0, 0
2731051, 1, 1
2731056, 2, 0
2731067, 3, 0
2731240, 0, 1
2731251, 1, 1
2731256, 2, 1
2731267, 3, 1
2731440, 0, bit 0
2731440, 0, 1
2731451, 1, 0
2731456, 2, 0
2731467, 3, 0
2731640, 0, 0
2731651, 1, 0
2731656, 2, bit 0
2731656, 2, 0
2731667, 3, 1
2731840, 0, 0
2731851, 1, 1
2731856, 2, 1
2731867, 3, bit 1
2731867, 3, 1
2732040, 0, 1
2732051, 1, bit 1
2732051, 1, 0
2732056, 2, 0
2732067, 3, 0
2732240, 0, 0
2732251, 1, 1
2732256, 2, 1
2732267, 3, 1
2732440, 0, 1
2732451, 1, 0
2732456, 2, 1
2732467, 3, 0
2732640, 0, 0
2732651, 1, 1
2732656, 2, 0
2732667, 3, 1
2732840, 0, 1
2732851, 1, 1
2732856, 2, 1
2732867, 3, 0
2733040, 0, 0
2733051, 1, 0
2733056, 2, 0
2733067, 3, 0
2733240, 0, 1
2733251, 1, 0
2733256, 2, 1
2733267, 3, 1
2733440, 0, 1
2733451, 1, 1
2733456, 2, 0
2733467, 3, 1
2733640, 0, 0
2733651, 1, 0
2733656, 2, 1
2733667, 3, 0
2733840, 0, 1
2733851, 1, 1
2733856, 2, 0
2733867, 3, 1
2734040, 0, 0
2734051, 1, 1
2734056, 2, 1
2734067, 3, 0
2734240, 0, bit 0
2734240, 0, 1
2734251, 1, 0
2734256, 2, 0
2734267, 3, 1
2734440, 0, 0
2734451, 1, 0
2734456, 2, bit 0
2734456, 2, 0
2734467, 3, 0
2734640, 0, 0
2734651, 1, 1
2734656, 2, 1
2734667, 3, bit 1
2734667, 3, 1
2734840, 0, 1
2734851, 1, bit 1
2734851, 1, 0
2734856, 2, 0
2734867, 3, 0
2735040, 0, 0
2735051, 1, 1
2735056, 2, 1
2735067, 3, 1
2735240, 0, 1
2735251, 1, 0
2735256, 2, 1
2735267, 3, 0
2735440, 0, 0
2735451, 1, 1
2735456, 2, 0
2735467, 3, 1
2735640, 0, 1
2735651, 1, 1
2735656, 2, 1
2735667, 3, 0
2735840, 0, 0
2735851, 1, 0
2735856, 2, 0
2735867, 3, 0
2736040, 0, 1
2736051, 1, 0
2736056, 2, 1
2736067, 3, 1
2736240, 0, 1
2736251, 1, 1
2736256, 2, 0
2736267, 3, 1
2736440, 0, 0
2736451, 1, 0
2736456, 2, 1
2736467, 3, 0
2736640, 0, 1
2736651, 1, 1
2736656, 2, 0
2736667, 3, 1
2736840, 0, 0
2736851, 1, 1
2736856, 2, 1
2736867, 3, 0
2737040, 0, bit 0
2737040, 0, 1
2737051, 1, 0
2737056, 2, 0
2737067, 3, 1
2737240, 0, 0
2737251, 1, 0
2737256, 2, bit 0
2737256, 2, 0
2737267, 3, 0
2737440, 0, 0
2737451, 1, 1
2737456, 2, 1
2737467, 3, bit 0
2737467, 3, 0
2737640, 0, 1
2737651, 1, bit 1
2737651, 1, 0
2737656, 2, 0
2737667, 3, 1
2737840, 0, 0
2737851, 1, 1
2737856, 2, 1
2737867, 3, 0
2738040, 0, 1
2738051, 1, 0
2738056, 2, 1
2738067, 3, 1
2738240, 0, 0
2738251, 1, 1
2738256, 2, 0
2738267, 3, 0
2738440, 0, 1
2738451, 1, 1
2738456, 2, 1
2738467, 3, 1
2738640, 0, 0
2738651, 1, 0
2738656, 2, 0
2738667, 3, 1
2738840, 0, 1
2738851, 1, 0
2738856, 2, 1
2738867, 3, 0
2739040, 0, 1
2739051, 1, 1
2739056, 2, 0
2739067, 3, 0
2739240, 0, 0
2739251, 1, 0
2739256, 2, 1
2739267, 3, 1
2739440, 0, 1
2739451, 1, 1
2739456, 2, 0
2739467, 3, 0
2739640, 0, 0
2739651, 1, 1
2739656, 2, 1
2739667, 3, 1
2739840, 0, bit 1
2739840, 0, 0
2739851, 1, 0
2739856, 2, 0
2739867, 3, 0
2740040, 0, 1
2740051, 1, 0
2740056, 2, bit 1
2740056, 2, 1
2740067, 3, 1
2740240, 0, 1
2740251, 1, 1
2740256, 2, 0
2740267, 3, bit 0
2740267, 3, 0
2740440, 0, 0
2740451, 1, bit 1
2740451, 1, 0
2740456, 2, 1
2740467, 3, 1
2740640, 0, 1
2740651, 1, 1
2740656, 2, 0
2740667, 3, 0
2740840, 0, 0
2740851, 1, 0
2740856, 2, 0
2740867, 3, 1
2741040, 0, 1
2741051, 1, 1
2741056, 2, 1
2741067, 3, 0
2741240, 0, 0
2741251, 1, 1
2741256, 2, 0
2741267, 3, 1
2741440, 0, 1
2741451, 1, 0
2741456, 2, 1
2741467, 3, 1
2741640, 0, 0
2741651, 1, 0
2741656, 2, 0
2741667, 3, 0
2741840, 0, 0
2741851, 1, 1
2741856, 2, 1
2741867, 3, 0
2742040, 0, 1
2742051, 1, 0
2742056, 2, 0
2742067, 3, 1
2742240, 0, 0
2742251, 1, 1
2742256, 2, 1
2742267, 3, 0
2742440, 0, 1
2742451, 1, 1
2742456, 2, 0
2742467, 3, 1
2742640, 0, bit 1
2742640, 0, 0
2742651, 1, 0
2742656, 2, 1
2742667, 3, 0
2742840, 0, 1
2742851, 1, 0
2742856, 2, bit 0
2742856, 2, 0
2742867, 3, 1
2743040, 0, 1
2743051, 1, 1
2743056, 2, 1
2743067, 3, bit 0
2743067, 3, 0
2743240, 0, 0
2743251, 1, bit 0
2743251, 1, 1
2743256, 2, 0
2743267, 3, 1
2743440, 0, 1
2743451, 1, 0
2743456, 2, 1
2743467, 3, 0
2743640, 0, 0
2743651, 1, 1
2743656, 2, 1
2743667, 3, 1
2743840, 0, 1
2743851, 1, 0
2743856, 2, 0
2743867, 3, 0
2744040, 0, 0
2744051, 1, 0
2744056, 2, 1
2744067, 3, 1
2744240, 0, 1
2744251, 1, 1
2744256, 2, 0
2744267, 3, 1
2744440, 0, 0
2744451, 1, 1
2744456, 2, 1
2744467, 3, 0
2744640, 0, 0
2744651, 1, 0
2744656, 2, 0
2744667, 3, 0
2744840, 0, 1
2744851, 1, 1
2744856, 2, 1
2744867, 3, 1
2745040, 0, 0
2745051, 1, 0
2745056, 2, 0
2745067, 3, 0
2745240, 0, 1
2745251, 1, 0
2745256, 2, 1
2745267, 3, 1
2745440, 0, bit 0
2745440, 0, 1
2745451, 1, 1
2745456, 2, 0
2745467, 3, 0
2745640, 0, 0
2745651, 1, 1
2745656, 2, bit 1
2745656, 2, 1
2745667, 3, 1
2745840, 0, 0
2745851, 1, 0
2745856, 2, 0
2745867, 3, bit 0
2745867, 3, 0
2746040, 0, 1
2746051, 1, bit 1
2746054, 1, 0
2746056, 2, 1
2746067, 3, 1
2746240, 0, 0
2746251, 1, 1
2746256, 2, 0
2746267, 3, 0
2746440, 0, 1
2746451, 1, 0
2746456, 2, 0
2746467, 3, 1
2746640, 0, 0
2746651, 1, 1
2746656, 2, 1
2746667, 3, 0
2746840, 0, 1
2746851, 1, 1
2746856, 2, 0
2746867, 3, 1
2747040, 0, 0
2747051, 1, 0
2747056, 2, 1
2747067, 3, 1
2747240, 0, 1
2747251, 1, 0
2747256, 2, 0
2747267, 3, 0
2747440, 0, 1
2747451, 1, 1
2747456, 2, 1
2747467, 3, 0
2747640, 0, 0
2747651, 1, 0
2747656, 2, 0
2747667, 3, 1
2747840, 0, 1
2747851, 1, 1
2747856, 2, 1
2747867, 3, 0
2748040, 0, 0
2748051, 1, 1
2748056, 2, 0
2748067, 3, 1
2748240, 0, bit 0
2748240, 0, 1
2748251, 1, 0
2748256, 2, 1
2748267, 3, 0
2748440, 0, 0
2748451, 1, 0
2748456, 2, bit 1
2748456, 2, 1
2748467, 3, 1
2748640, 0, 0
2748651, 1, 1
2748656, 2, 0
2748667, 3, bit 1
2748667, 3, 1
2748840, 0, 1
2748851, 1, bit 0
2748851, 1, 1
2748856, 2, 1
2748867, 3, 0
2749040, 0, 0
2749051, 1, 0
2749056, 2, 0
2749067, 3, 1
2749240, 0, 1
2749251, 1, 1
2749256, 2, 0
2749267, 3, 0
2749440, 0, 0
2749451, 1, 0
2749456, 2, 1
2749467, 3, 1
2749640, 0, 1
2749651, 1, 0
2749656, 2, 0
2749667, 3, 0
2749840, 0, 0
2749851, 1, 1
2749856, 2, 1
2749867, 3, 0
2750040, 0, 1
2750051, 1, 1
2750056, 2, 0
2750067, 3, 1
2750240, 0, 1
2750251, 1, 0
2750256, 2, 1
2750267, 3, 1
2750440, 0, 0
2750451, 1, 1
2750456, 2, 0
2750467, 3, 0
2750640, 0, 1
2750651, 1, 0
2750656, 2, 1
2750667, 3, 1
2750840, 0, 0
2750851, 1, 0
2750856, 2, 0
2750867, 3, 0
2751040, 0, bit 1
2751040, 0, 0
2751051, 1, 1
2751056, 2, 1
2751067, 3, 1
2751240, 0, 1
2751251, 1, 1
2751256, 2, bit 0
2751256, 2, 0
2751267, 3, 0
2751440, 0, 1
2751451, 1, 0
2751456, 2, 1
2751467, 3, bit 0
2751467, 3, 0
2751640, 0, 0
2751651, 1, bit 0
2751651, 1, 1
2751656, 2, 0
2751667, 3, 1
2751840, 0, 1
2751851, 1, 0
2751856, 2, 1
2751867, 3, 0
2752040, 0, 0
2752051, 1, 1
2752056, 2, 1
2752067, 3, 1
2752240, 0, 1
2752251, 1, 0
2752256, 2, 0
2752267, 3, 0
2752440, 0, 0
2752451, 1, 0
2752456, 2, 1
2752467, 3, 1
2752640, 0, 1
2752651, 1, 1
2752656, 2, 0
2752667, 3, 1
2752840, 0, 0
2752851, 1, 1
2752856, 2, 1
2752867, 3, 0
2753040, 0, 0
2753051, 1, 0
2753056, 2, 0
2753067, 3, 0
2753240, 0, 1
2753251, 1, 1
2753256, 2, 1
2753267, 3, 1
2753440, 0, 0
2753451, 1, 0
2753456, 2, 0
2753467, 3, 0
2753640, 0, 1
2753651, 1, 0
2753656, 2, 1
2753667, 3, 1
2753840, 0, bit 1
2753840, 0, 0
2753851, 1, 1
2753856, 2, 0
2753867, 3, 0
2754040, 0, 1
2754051, 1, 1
2754056, 2, bit 1
2754056, 2, 1
2754067, 3, 1
2754240, 0, 1
2754251, 1, 0
2754256, 2, 0
2754267, 3, bit 1
2754267, 3, 1
2754440, 0, 0
2754451, 1, bit 0
2754451, 1, 1
2754456, 2, 1
2754467, 3, 0
2754640, 0, 1
2754651, 1, 0
2754656, 2, 0
2754667, 3, 1
2754840, 0, 0
2754851, 1, 1
2754856, 2, 0
2754867, 3, 0
2755040, 0, 1
2755051, 1, 0
2755056, 2, 1
2755067, 3, 1
2755240, 0, 0
2755251, 1, 0
2755256, 2, 0
2755267, 3, 0
2755440, 0, 1
2755451, 1, 1
2755456, 2, 1
2755467, 3, 0
2755640, 0, 0
2755651, 1, 1
2755656, 2, 0
2755667, 3, 1
2755840, 0, 0
2755851, 1, 0
2755856, 2, 1
2755867, 3, 1
2756040, 0, 1
2756051, 1, 1
2756056, 2, 0
2756067, 3, 0
2756240, 0, 0
2756251, 1, 0
2756256, 2, 1
2756267, 3, 1
2756440, 0, 1
2756451, 1, 0
2756456, 2, 0
2756467, 3, 0
2756640, 0, bit 1
2756640, 0, 0
2756651, 1, 1
2756656, 2, 1
2756667, 3, 1
2756840, 0, 1
2756851, 1, 1
2756856, 2, bit 1
2756856, 2, 1
2756867, 3, 0
2757040, 0, 1
2757051, 1, 0
2757056, 2, 0
2757067, 3, bit 1
2757067, 3, 1
2757240, 0, 0
2757251, 1, bit 1
2757251, 1, 0
2757256, 2, 1
2757267, 3, 0
2757440, 0, 1
2757451, 1, 1
2757456, 2, 0
2757467, 3, 1
2757640, 0, 0
2757651, 1, 0
2757656, 2, 0
2757667, 3, 0
2757840, 0, 1
2757851, 1, 1
2757856, 2, 1
2757867, 3, 1
2758040, 0, 0
2758051, 1, 1
2758056, 2, 0
2758067, 3, 0
2758240, 0, 1
2758251, 1, 0
2758256, 2, 1
2758267, 3, 0
2758440, 0, 0
2758451, 1, 0
2758456, 2, 0
2758467, 3, 1
2758640, 0, 0
2758651, 1, 1
2758656, 2, 1
2758667, 3, 1
2758840, 0, 1
2758851, 1, 0
2758856, 2, 0
2758867, 3, 0
2759040, 0, 0
2759051, 1, 1
2759056, 2, 1
2759067, 3, 1
2759240, 0, 1
2759251, 1, 1
2759256, 2, 0
2759267, 3, 0
2759440, 0, bit 0
2759440, 0, 1
2759451, 1, 0
2759456, 2, 1
2759467, 3, 1
2759640, 0, 0
2759651, 1, 0
2759656, 2, bit 0
2759656, 2, 0
2759667, 3, 0
2759840, 0, 0
2759851, 1, 1
2759856, 2, 1
2759867, 3, bit 0
2759867, 3, 0
2760040, 0, 1
2760051, 1, bit 1
2760051, 1, 0
2760056, 2, 0
2760067, 3, 1
2760240, 0, 0
2760251, 1, 1
2760256, 2, 1
2760267, 3, 0
2760440, 0, 1
2760451, 1, 0
2760456, 2, 1
2760467, 3, 1
2760640, 0, 0
2760651, 1, 1
2760656, 2, 0
2760667, 3, 0
2760840, 0, 1
2760851, 1, 1
2760856, 2, 1
2760867, 3, 1
2761040, 0, 0
2761051, 1, 0
2761056, 2, 0
2761067, 3, 1
2761240, 0, 1
2761251, 1, 0
2761256, 2, 1
2761267, 3, 0
2761440, 0, 1
2761451, 1, 1
2761456, 2, 0
2761467, 3, 0
2761640, 0, 0
2761651, 1, 0
2761656, 2, 1
2761667, 3, 1
2761840, 0, 1
2761851, 1, 1
2761856, 2, 0
2761867, 3, 0
2762040, 0, 0
2762051, 1, 1
2762056, 2, 1
2762067, 3, 1
2762240, 0, bit 1
2762240, 0, 0
2762251, 1, 0
2762256, 2, 0
2762267, 3, 0
2762440, 0, 1
2762451, 1, 0
2762456, 2, bit 0
2762456, 2, 0
2762467, 3, 1
2762640, 0, 1
2762651, 1, 1
2762656, 2, 1
2762667, 3, bit 0
2762667, 3, 0
2762840, 0, 0
2762851, 1, bit 1
2762851, 1, 0
2762856, 2, 0
2762867, 3, 1
2763040, 0, 1
2763051, 1, 1
2763056, 2, 1
2763067, 3, 0
2763240, 0, 0
2763251, 1, 0
2763256, 2, 1
2763267, 3, 1
2763440, 0, 1
2763451, 1, 1
2763456, 2, 0
2763467, 3, 0
2763640, 0, 0
2763651, 1, 1
2763656, 2, 1
2763667, 3, 1
2763840, 0, 1
2763851, 1, 0
2763856, 2, 0
2763867, 3, 1
2764040, 0, 0
2764051, 1, 0
2764056, 2, 1
2764067, 3, 0
2764240, 0, 0
2764251, 1, 1
2764256, 2, 0
2764267, 3, 0
2764440, 0, 1
2764451, 1, 0
2764456, 2, 1
2764467, 3, 1
2764640, 0, 0
2764651, 1, 1
2764656, 2, 0
2764667, 3, 0
2764840, 0, 1
2764851, 1, 1
2764856, 2, 1
2764867, 3, 1
2765040, 0, bit 0
2765043, 0, 1
2765051, 1, 0
2765056, 2, 0
2765067, 3, 0
2765240, 0, 0
2765251, 1, 0
2765256, 2, bit 0
2765256, 2, 0
2765267, 3, 1
2765440, 0, 0
2765451, 1, 1
2765456, 2, 1
2765467, 3, bit 0
2765467, 3, 0
2765640, 0, 1
2765651, 1, bit 1
2765651, 1, 0
2765656, 2, 0
2765667, 3, 1
2765840, 0, 0
2765851, 1, 1
2765856, 2, 1
2765867, 3, 0
2766040, 0, 1
2766051, 1, 0
2766056, 2, 1
2766067, 3, 1
2766240, 0, 0
2766251, 1, 1
2766256, 2, 0
2766267, 3, 0
2766440, 0, 1
2766451, 1, 1
2766456, 2, 1
2766467, 3, 1
2766640, 0, 0
2766651, 1, 0
2766656, 2, 0
2766667, 3, 1
2766840, 0, 1
2766851, 1, 0
2766856, 2, 1
2766867, 3, 0
2767040, 0, 1
2767051, 1, 1
2767056, 2, 0
2767067, 3, 0
2767240, 0, 0
2767251, 1, 0
2767256, 2, 1
2767267, 3, 1
2767440, 0, 1
2767451, 1, 1
2767456, 2, 0
2767467, 3, 0
2767640, 0, 0
2767651, 1, 1
2767656, 2, 1
2767667, 3, 1
2767840, 0, bit 0
2767840, 0, 1
2767851, 1, 0
2767856, 2, 0
2767867, 3, 0
2768040, 0, 0
2768051, 1, 0
2768056, 2, bit 1
2768059, 2, 1
2768067, 3, 1
2768240, 0, 0
2768251, 1, 1
2768256, 2, 0
2768267, 3, bit 0
2768267, 3, 0
2768440, 0, 1
2768451, 1, bit 0
2768451, 1, 1
2768456, 2, 1
2768467, 3, 1
2768640, 0, 0
2768651, 1, 0
2768656, 2, 0
2768667, 3, 0
2768840, 0, 1
2768851, 1, 1
2768856, 2, 0
2768867, 3, 1
2769040, 0, 0
2769051, 1, 0
2769056, 2, 1
2769067, 3, 0
2769240, 0, 1
2769251, 1, 0
2769256, 2, 0
2769267, 3, 1
2769440, 0, 0
2769451, 1, 1
2769456, 2, 1
2769467, 3, 1
2769640, 0, 1
2769651, 1, 1
2769656, 2, 0
2769667, 3, 0
2769840, 0, 1
2769851, 1, 0
2769856, 2, 1
2769867, 3, 0
2770040, 0, 0
2770051, 1, 1
2770056, 2, 0
2770067, 3, 1
2770240, 0, 1
2770251, 1, 0
2770256, 2, 1
2770267, 3, 0
2770440, 0, 0
2770451, 1, 0
2770456, 2, 0
2770467, 3, 1
2770640, 0, bit 1
2770640, 0, 0
2770651, 1, 1
2770656, 2, 1
2770667, 3, 0
2770840, 0, 1
2770851, 1, 1
2770856, 2, bit 1
2770856, 2, 1
2770867, 3, 1
2771040, 0, 1
2771051, 1, 0
2771056, 2, 0
2771067, 3, bit 0
2771070, 3, 0
2771240, 0, 0
2771251, 1, bit 1
2771251, 1, 0
2771256, 2, 1
2771267, 3, 1
2771440, 0, 1
2771451, 1, 1
2771456, 2, 0
2771467, 3, 0
2771640, 0, 0
2771651, 1, 0
2771656, 2, 0
2771667, 3, 1
2771840, 0, 1
2771851, 1, 1
2771856, 2, 1
2771867, 3, 0
2772040, 0, 0
2772051, 1, 1
2772056, 2, 0
2772067, 3, 1
2772240, 0, 1
2772251, 1, 0
2772256, 2, 1
2772267, 3, 1
2772440, 0, 0
2772451, 1, 0
2772456, 2, 0
2772467, 3, 0
2772640, 0, 0
2772651, 1, 1
2772656, 2, 1
2772667, 3, 0
2772840, 0, 1
2772851, 1, 0
2772856, 2, 0
2772867, 3, 1
2773040, 0, 0
2773051, 1, 1
2773056, 2, 1
2773067, 3, 0
2773240, 0, 1
2773251, 1, 1
2773256, 2, 0
2773267, 3, 1
2773440, 0, bit 0
2773440, 0, 1
2773451, 1, 0
2773456, 2, 1
2773467, 3, 0
2773640, 0, 0
2773651, 1, 0
2773656, 2, bit 1
2773656, 2, 1
2773667, 3, 1
2773840, 0, 0
2773851, 1, 1
2773856, 2, 0
2773867, 3, bit 1
2773867, 3, 1
2774040, 0, 1
2774051, 1, bit 1
2774051, 1, 0
2774056, 2, 1
2774067, 3, 0
2774240, 0, 0
2774251, 1, 1
2774256, 2, 0
2774267, 3, 1
2774440, 0, 1
2774451, 1, 0
2774456, 2, 0
2774467, 3, 0
2774640, 0, 0
2774651, 1, 1
2774656, 2, 1
2774667, 3, 1
2774840, 0, 1
2774851, 1, 1
2774856, 2, 0
2774867, 3, 0
2775040, 0, 0
2775051, 1, 0
2775056, 2, 1
2775067, 3, 0
2775240, 0, 1
2775251, 1, 0
2775256, 2, 0
2775267, 3, 1
2775440, 0, 1
2775451, 1, 1
2775456, 2, 1
2775467, 3, 1
2775640, 0, 0
2775651, 1, 0
2775656, 2, 0
2775667, 3, 0
2775840, 0, 1
2775851, 1, 1
2775856, 2, 1
2775867, 3, 1
2776040, 0, 0
2776051, 1, 1
2776056, 2, 0
2776067, 3, 0
2776240, 0, bit 1
2776240, 0, 0
2776251, 1, 0
2776256, 2, 1
2776267, 3, 1
2776440, 0, 1
2776451, 1, 0
2776456, 2, bit 1
2776456, 2, 1
2776467, 3, 0
2776640, 0, 1
2776651, 1, 1
2776656, 2, 0
2776667, 3, bit 0
2776667, 3, 0
2776840, 0, 0
2776851, 1, bit 0
2776851, 1, 1
2776856, 2, 1
2776867, 3, 1
2777040, 0, 1
2777051, 1, 0
2777056, 2, 0
2777067, 3, 0
2777240, 0, 0
2777251, 1, 1
2777256, 2, 0
2777267, 3, 1
2777440, 0, 1
2777451, 1, 0
2777456, 2, 1
2777467, 3, 0
2777640, 0, 0
2777651, 1, 0
2777656, 2, 0
2777667, 3, 1
2777840, 0, 1
2777851, 1, 1
2777856, 2, 1
2777867, 3, 1
2778040, 0, 0
2778051, 1, 1
2778056, 2, 0
2778067, 3, 0
2778240, 0, 0
2778251, 1, 0
2778256, 2, 1
2778267, 3, 0
2778440, 0, 1
2778451, 1, 1
2778456, 2, 0
2778467, 3, 1
2778640, 0, 0
2778651, 1, 0
2778656, 2, 1
2778667, 3, 0
2778840, 0, 1
2778851, 1, 0
2778856, 2, 0
2778867, 3, 1
2779040, 0, bit 0
2779040, 0, 1
2779051, 1, 1
2779056, 2, 1
2779067, 3, 0
2779240, 0, 0
2779251, 1, 1
2779256, 2, bit 1
2779256, 2, 1
2779267, 3, 1
2779440, 0, 0
2779451, 1, 0
2779456, 2, 0
2779467, 3, bit 0
2779467, 3, 0
2779640, 0, 1
2779651, 1, bit 0
2779651, 1, 1
2779656, 2, 1
2779667, 3, 1
2779840, 0, 0
2779851, 1, 0
2779856, 2, 0
2779867, 3, 0
2780040, 0, 1
2780051, 1, 1
2780056, 2, 0
2780067, 3, 1
2780240, 0, 0
2780251, 1, 0
2780256, 2, 1
2780267, 3, 0
2780440, 0, 1
2780451, 1, 0
2780456, 2, 0
2780467, 3, 1
2780640, 0, 0
2780651, 1, 1
2780656, 2, 1
2780667, 3, 1
2780840, 0, 1
2780851, 1, 1
2780856, 2, 0
2780867, 3, 0
2781040, 0, 1
2781051, 1, 0
2781056, 2, 1
2781067, 3, 0
2781240, 0, 0
2781251, 1, 1
2781256, 2, 0
2781267, 3, 1
2781440, 0, 1
2781451, 1, 0
2781456, 2, 1
2781467, 3, 0
2781640, 0, 0
2781651, 1, 0
2781656, 2, 0
2781667, 3, 1
2781851, 1, 1
2781856, 2, 1
2781867, 3, 0
2782051, 1, 1
2782056, 2, bit 1
2782056, 2, 1
2782067, 3, 1
2782251, 1, 0
2782256, 2, 0
2782267, 3, bit 0
2782267, 3, 0
2782451, 1, bit 0
2782451, 1, 1
2782456, 2, 1
2782467, 3, 1
2782651, 1, 0
2782656, 2, 0
2782667, 3, 0
2782851, 1, 1
2782856, 2, 0
2782867, 3, 1
2783051, 1, 0
2783056, 2, 1
2783067, 3, 0
2783251, 1, 0
2783256, 2, 0
2783267, 3, 1
2783451, 1, 1
2783456, 2, 1
2783467, 3, 1
2783651, 1, 1
2783656, 2, 0
2783667, 3, 0
2783851, 1, 0
2783856, 2, 1
2783867, 3, 0
2784051, 1, 1
2784056, 2, 0
2784067, 3, 1
2784251, 1, 0
2784256, 2, 1
2784267, 3, 0
2784451, 1, 0
2784456, 2, 0
2784467, 3, 1
2784651, 1, 1
2784656, 2, 1
2784667, 3, 0
2784851, 1, 1
2784856, 2, bit 0
2784856, 2, 0
2784867, 3, 1
2785051, 1, 0
2785056, 2, 1
2785067, 3, bit 0
2785067, 3, 0
2785251, 1, bit 0
2785251, 1, 1
2785256, 2, 0
2785267, 3, 1
2785451, 1, 0
2785456, 2, 1
2785467, 3, 0
2785651, 1, 1
2785656, 2, 1
2785667, 3, 1
2785851, 1, 0
2785856, 2, 0
2785867, 3, 0
2786051, 1, 0
2786056, 2, 1
2786067, 3, 1
2786251, 1, 1
2786256, 2, 0
2786267, 3, 1
2786451, 1, 1
2786456, 2, 1
2786467, 3, 0
2786651, 1, 0
2786656, 2, 0
2786667, 3, 0
2786851, 1, 1
2786856, 2, 1
2786867, 3, 1
2787051, 1, 0
2787056, 2, 0
2787067, 3, 0
2787251, 1, 0
2787256, 2, 1
2787267, 3, 1
2787451, 1, 1
2787456, 2, 0
2787467, 3, 0
2787651, 1, 1
2787656, 2, bit 0
2787656, 2, 0
2787667, 3, 1
2787851, 1, 0
2787856, 2, 1
2787867, 3, bit 1
2787867, 3, 1
2788051, 1, bit 0
2788051, 1, 1
2788056, 2, 0
2788067, 3, 0
2788251, 1, 0
2788256, 2, 1
2788267, 3, 1
2788451, 1, 1
2788456, 2, 1
2788467, 3, 0
2788651, 1, 0
2788656, 2, 0
2788667, 3, 1
2788851, 1, 0
2788856, 2, 1
2788867, 3, 0
2789051, 1, 1
2789056, 2, 0
2789067, 3, 0
2789251, 1, 1
2789256, 2, 1
2789267, 3, 1
2789451, 1, 0
2789456, 2, 0
2789467, 3, 1
2789651, 1, 1
2789656, 2, 1
2789667, 3, 0
2789851, 1, 0
2789856, 2, 0
2789867, 3, 1
2790051, 1, 0
2790056, 2, 1
2790067, 3, 0
2790251, 1, 1
2790256, 2, 0
2790267, 3, 1
2790451, 1, 1
2790456, 2, bit 0
2790456, 2, 0
2790467, 3, 0
2790651, 1, 0
2790656, 2, 1
2790667, 3, bit 1
2790667, 3, 1
2790851, 1, bit 1
2790851, 1, 0
2790856, 2, 0
2790867, 3, 0
2791051, 1, 1
2791056, 2, 1
2791067, 3, 1
2791251, 1, 0
2791256, 2, 1
2791267, 3, 0
2791451, 1, 1
2791456, 2, 0
2791467, 3, 1
2791651, 1, 1
2791656, 2, 1
2791667, 3, 0
2791851, 1, 0
2791856, 2, 0
2791867, 3, 0
2792051, 1, 0
2792056, 2, 1
2792067, 3, 1
2792251, 1, 1
2792256, 2, 0
2792267, 3, 1
2792451, 1, 0
2792456, 2, 1
2792467, 3, 0
2792651, 1, 1
2792656, 2, 0
2792667, 3, 1
2792851, 1, 1
2792856, 2, 1
2792867, 3, 0
2793051, 1, 0
2793056, 2, 0
2793067, 3, 1
2793251, 1, 0
2793256, 2, bit 0
2793256, 2, 0
2793267, 3, 0
2793451, 1, 1
2793456, 2, 1
2793467, 3, bit 0
2793467, 3, 0
2793651, 1, bit 1
2793651, 1, 0
2793656, 2, 0
2793667, 3, 1
2793851, 1, 1
2793856, 2, 1
2793867, 3, 0
2794051, 1, 0
2794056, 2, 1
2794067, 3, 1
2794251, 1, 1
2794256, 2, 0
2794267, 3, 0
2794451, 1, 1
2794456, 2, 1
2794467, 3, 1
2794651, 1, 0
2794656, 2, 0
2794667, 3, 1
2794851, 1, 0
2794856, 2, 1
2794867, 3, 0
2795051, 1, 1
2795056, 2, 0
2795067, 3, 0
2795251, 1, 0
2795256, 2, 1
2795267, 3, 1
2795451, 1, 1
2795456, 2, 0
2795467, 3, 0
2795651, 1, 1
2795656, 2, 1
2795667, 3, 1
2795851, 1, 0
2795856, 2, 0
2795867, 3, 0
2796051, 1, 0
2796056, 2, bit 0
2796056, 2, 0
2796067, 3, 1
2796251, 1, 1
2796256, 2, 1
2796267, 3, bit 1
2796267, 3, 1
2796451, 1, bit 0
2796451, 1, 1
2796456, 2, 0
2796467, 3, 0
2796651, 1, 0
2796656, 2, 1
2796667, 3, 1
2796851, 1, 1
2796856, 2, 1
2796867, 3, 0
2797051, 1, 0
2797056, 2, 0
2797067, 3, 1
2797251, 1, 0
2797256, 2, 1
2797267, 3, 0
2797451, 1, 1
2797456, 2, 0
2797467, 3, 0
2797651, 1, 1
2797656, 2, 1
2797667, 3, 1
2797851, 1, 0
2797856, 2, 0
2797867, 3, 1
2798051, 1, 1
2798056, 2, 1
2798067, 3, 0
2798251, 1, 0
2798256, 2, 0
2798267, 3, 1
2798451, 1, 0
2798456, 2, 1
2798467, 3, 0
2798651, 1, 1
2798656, 2, 0
2798667, 3, 1
2798851, 1, 1
2798856, 2, bit 0
2798856, 2, 0
2798867, 3, 0
2799051, 1, 0
2799056, 2, 1
2799067, 3, bit 1
2799067, 3, 1
2799251, 1, bit 0
2799251, 1, 1
2799256, 2, 0
2799267, 3, 0
2799451, 1, 0
2799456, 2, 1
2799467, 3, 1
2799651, 1, 1
2799656, 2, 1
2799667, 3, 0
2799851, 1, 0
2799856, 2, 0
2799867, 3, 1
2800051, 1, 0
2800056, 2, 1
2800067, 3, 0
2800251, 1, 1
2800256, 2, 0
2800267, 3, 0
2800451, 1, 1
2800456, 2, 1
2800467, 3, 1
2800651, 1, 0
2800656, 2, 0
2800667, 3, 1
2800851, 1, 1
2800856, 2, 1
2800867, 3, 0
2801051, 1, 0
2801056, 2, 0
2801067, 3, 1
2801251, 1, 0
2801256, 2, 1
2801267, 3, 0
2801451, 1, 1
2801456, 2, 0
2801467, 3, 1
2801651, 1, 1
2801656, 2, bit 0
2801656, 2, 0
2801667, 3, 0
2801851, 1, 0
2801856, 2, 1
2801867, 3, bit 0
2801867, 3, 0
2802051, 1, bit 0
2802051, 1, 1
2802056, 2, 0
2802067, 3, 1
2802251, 1, 0
2802256, 2, 1
2802267, 3, 0
2802451, 1, 1
2802456, 2, 1
2802467, 3, 1
2802651, 1, 0
2802656, 2, 0
2802667, 3, 0
2802851, 1, 0
2802856, 2, 1
2802867, 3, 1
2803051, 1, 1
2803056, 2, 0
2803067, 3, 1
2803251, 1, 1
2803256, 2, 1
2803267, 3, 0
2803451, 1, 0
2803456, 2, 0
2803467, 3, 0
2803651, 1, 1
2803656, 2, 1
2803667, 3, 1
2803851, 1, 0
2803856, 2, 0
2803867, 3, 0
2804051, 1, 0
2804056, 2, 1
2804067, 3, 1
2804251, 1, 1
2804256, 2, 0
2804267, 3, 0
2804451, 1, 1
2804456, 2, bit 1
2804456, 2, 1
2804467, 3, 1
2804651, 1, 0
2804656, 2, 0
2804667, 3, bit 0
2804667, 3, 0
2804851, 1, bit 0
2804851, 1, 1
2804856, 2, 1
2804867, 3, 1
2805051, 1, 0
2805056, 2, 0
2805067, 3, 0
2805251, 1, 1
2805256, 2, 0
2805267, 3, 1
2805451, 1, 0
2805456, 2, 1
2805467, 3, 0
2805651, 1, 0
2805656, 2, 0
2805667, 3, 1
2805851, 1, 1
2805856, 2, 1
2805867, 3, 1
2806051, 1, 1
2806056, 2, 0
2806067, 3, 0
2806251, 1, 0
2806256, 2, 1
2806267, 3, 0
2806451, 1, 1
2806456, 2, 0
2806467, 3, 1
2806651, 1, 0
2806656, 2, 1
2806667, 3, 0
2806851, 1, 0
2806856, 2, 0
2806867, 3, 1
2807051, 1, 1
2807056, 2, 1
2807067, 3, 0
2807251, 1, 1
2807256, 2, bit 1
2807256, 2, 1
2807267, 3, 1
2807451, 1, 0
2807456, 2, 0
2807467, 3, bit 0
2807467, 3, 0
2807651, 1, bit 0
2807651, 1, 1
2807656, 2, 1
2807667, 3, 1
2807851, 1, 0
2807856, 2, 0
2807867, 3, 0
2808051, 1, 1
2808056, 2, 0
2808067, 3, 1
2808251, 1, 0
2808256, 2, 1
2808267, 3, 0
2808451, 1, 0
2808456, 2, 0
2808467, 3, 1
2808651, 1, 1
2808656, 2, 1
2808667, 3, 1
2808851, 1, 1
2808856, 2, 0
2808867, 3, 0
2809051, 1, 0
2809056, 2, 1
2809067, 3, 0
2809251, 1, 1
2809256, 2, 0
2809267, 3, 1
2809451, 1, 0
2809459, 2, 1
2809467, 3, 0
2809651, 1, 0
2809659, 2, 0
2809667, 3, 1
2809851, 1, 1
2809859, 2, 1
2809867, 3, 0
2810051, 1, 1
2810059, 2, bit 1
2810059, 2, 1
2810067, 3, 1
2810251, 1, 0
2810259, 2, 0
2810267, 3, bit 0
2810267, 3, 0
2810451, 1, bit 1
2810451, 1, 0
2810459, 2, 1
2810467, 3, 1
2810651, 1, 1
2810659, 2, 0
2810667, 3, 0
2810851, 1, 0
2810859, 2, 0
2810867, 3, 1
2811051, 1, 1
2811059, 2, 1
2811067, 3, 0
2811251, 1, 1
2811259, 2, 0
2811267, 3, 1
2811451, 1, 0
2811459, 2, 1
2811467, 3, 1
2811651, 1, 0
2811659, 2, 0
2811667, 3, 0
2811851, 1, 1
2811859, 2, 1
2811867, 3, 0
2812051, 1, 0
2812059, 2, 0
2812067, 3, 1
2812251, 1, 1
2812259, 2, 1
2812267, 3, 0
2812451, 1, 1
2812459, 2, 0
2812467, 3, 1
2812651, 1, 0
2812659, 2, 1
2812667, 3, 0
2812851, 1, 0
2812859, 2, bit 0
2812859, 2, 0
2812867, 3, 1
2813051, 1, 1
2813059, 2, 1
2813067, 3, bit 0
2813067, 3, 0
2813251, 1, bit 0
2813251, 1, 1
2813259, 2, 0
2813267, 3, 1
2813451, 1, 0
2813459, 2, 1
2813467, 3, 0
2813651, 1, 1
2813659, 2, 1
2813667, 3, 1
2813851, 1, 0
2813859, 2, 0
2813867, 3, 0
2814051, 1, 0
2814059, 2, 1
2814067, 3, 1
2814251, 1, 1
2814259, 2, 0
2814267, 3, 1
2814451, 1, 1
2814459, 2, 1
2814467, 3, 0
2814651, 1, 0
2814659, 2, 0
2814667, 3, 0
2814851, 1, 1
2814859, 2, 1
2814867, 3, 1
2815051, 1, 0
2815059, 2, 0
2815067, 3, 0
2815251, 1, 0
2815259, 2, 1
2815267, 3, 1
2815451, 1, 1
2815459, 2, 0
2815467, 3, 0
2815651, 1, 1
2815659, 2, bit 1
2815659, 2, 1
2815667, 3, 1
2815851, 1, 0
2815859, 2, 0
2815867, 3, bit 0
2815867, 3, 0
2816051, 1, bit 1
2816051, 1, 0
2816059, 2, 1
2816067, 3, 1
2816251, 1, 1
2816259, 2, 0
2816267, 3, 0
2816451, 1, 0
2816459, 2, 0
2816467, 3, 1
2816651, 1, 1
2816659, 2, 1
2816667, 3, 0
2816851, 1, 1
2816859, 2, 0
2816867, 3, 1
2817051, 1, 0
2817059, 2, 1
2817067, 3, 1
2817251, 1, 0
2817259, 2, 0
2817267, 3, 0
2817451, 1, 1
2817459, 2, 1
2817467, 3, 0
2817651, 1, 0
2817659, 2, 0
2817667, 3, 1
2817851, 1, 1
2817859, 2, 1
2817867, 3, 0
2818051, 1, 1
2818059, 2, 0
2818067, 3, 1
2818251, 1, 0
2818259, 2, 1
2818267, 3, 0
2818451, 1, 0
2818459, 2, bit 1
2818459, 2, 1
2818467, 3, 1
2818651, 1, 1
2818659, 2, 0
2818667, 3, bit 1
2818667, 3, 1
2818851, 1, bit 1
2818851, 1, 0
2818859, 2, 1
2818867, 3, 0
2819051, 1, 1
2819059, 2, 0
2819067, 3, 1
2819251, 1, 0
2819259, 2, 0
2819267, 3, 0
2819451, 1, 1
2819459, 2, 1
2819467, 3, 1
2819651, 1, 1
2819659, 2, 0
2819667, 3, 0
2819851, 1, 0
2819859, 2, 1
2819867, 3, 0
2820051, 1, 0
2820059, 2, 0
2820067, 3, 1
2820251, 1, 1
2820259, 2, 1
2820267, 3, 1
2820451, 1, 0
2820459, 2, 0
2820467, 3, 0
2820651, 1, 1
2820659, 2, 1
2820667, 3, 1
2820851, 1, 1
2820859, 2, 0
2820867, 3, 0
2821051, 1, 0
2821059, 2, 1
2821067, 3, 1
2821251, 1, 0
2821259, 2, bit 1
2821259, 2, 1
2821267, 3, 0
2821451, 1, 1
2821459, 2, 0
2821467, 3, bit 1
2821467, 3, 1
2821651, 1, bit 0
2821651, 1, 1
2821659, 2, 1
2821667, 3, 0
2821851, 1, 0
2821859, 2, 0
2821867, 3, 1
2822051, 1, 1
2822059, 2, 0
2822067, 3, 0
2822251, 1, 0
2822259, 2, 1
2822267, 3, 1
2822451, 1, 0
2822459, 2, 0
2822467, 3, 0
2822651, 1, 1
2822659, 2, 1
2822667, 3, 0
2822851, 1, 1
2822859, 2, 0
2822867, 3, 1
2823051, 1, 0
2823059, 2, 1
2823067, 3, 1
2823251, 1, 1
2823259, 2, 0
2823267, 3, 0
2823451, 1, 0
2823459, 2, 1
2823467, 3, 1
2823651, 1, 0
2823659, 2, 0
2823667, 3, 0
2823851, 1, 1
2823859, 2, 1
2823867, 3, 1
2824051, 1, 1
2824059, 2, bit 1
2824062, 2, 1
2824067, 3, 0
2824251, 1, 0
2824259, 2, 0
2824267, 3, bit 0
2824267, 3, 0
2824451, 1, bit 0
2824451, 1, 1
2824459, 2, 1
2824467, 3, 1
2824651, 1, 0
2824659, 2, 0
2824667, 3, 0
2824851, 1, 1
2824859, 2, 0
2824867, 3, 1
2825051, 1, 0
2825059, 2, 1
2825067, 3, 0
2825251, 1, 0
2825259, 2, 0
2825267, 3, 1
2825451, 1, 1
2825459, 2, 1
2825467, 3, 1
2825651, 1, 1
2825659, 2, 0
2825667, 3, 0
2825851, 1, 0
2825859, 2, 1
2825867, 3, 0
2826051, 1, 1
2826059, 2, 0
2826067, 3, 1
2826251, 1, 0
2826259, 2, 1
2826267, 3, 0
2826451, 1, 0
2826459, 2, 0
2826467, 3, 1
2826651, 1, 1
2826659, 2, 1
2826667, 3, 0
2826851, 1, 1
2826859, 2, bit 1
2826859, 2, 1
2826867, 3, 1
2827051, 1, 0
2827059, 2, 0
2827067, 3, bit 1
2827067, 3, 1
2827251, 1, bit 1
2827251, 1, 0
2827259, 2, 1
2827267, 3, 0
2827451, 1, 1
2827459, 2, 0
2827467, 3, 1
2827651, 1, 0
2827659, 2, 0
2827667, 3, 0
2827851, 1, 1
2827859, 2, 1
2827867, 3, 1
2828051, 1, 1
2828059, 2, 0
2828067, 3, 0
2828251, 1, 0
2828259, 2, 1
2828267, 3, 0
2828451, 1, 0
2828459, 2, 0
2828467, 3, 1
2828651, 1, 1
2828659, 2, 1
2828667, 3, 1
2828851, 1, 0
2828859, 2, 0
2828867, 3, 0
2829051, 1, 1
2829059, 2, 1
2829067, 3, 1
2829251, 1, 1
2829259, 2, 0
2829267, 3, 0
2829451, 1, 0
2829459, 2, 1
2829467, 3, 1
2829651, 1, 0
2829659, 2, bit 0
2829659, 2, 0
2829667, 3, 0
2829851, 1, 1
2829859, 2, 1
2829867, 3, bit 1
2829867, 3, 1
2830059, 2, 0
2830067, 3, 0
2830259, 2, 1
2830267, 3, 1
2830459, 2, 1
2830467, 3, 0
2830659, 2, 0
2830667, 3, 1
2830859, 2, 1
2830867, 3, 0
2831059, 2, 0
2831067, 3, 0
2831259, 2, 1
2831267, 3, 1
2831459, 2, 0
2831467, 3, 1
2831659, 2, 1
2831667, 3, 0
2831859, 2, 0
2831867, 3, 1
2832059, 2, 1
2832067, 3, 0
2832259, 2, 0
2832267, 3, 1
2832459, 2, bit 0
2832459, 2, 0
2832467, 3, 0
2832659, 2, 1
2832667, 3, bit 1
2832667, 3, 1
2832859, 2, 0
2832867, 3, 0
2833059, 2, 1
2833067, 3, 1
2833259, 2, 1
2833267, 3, 0
2833459, 2, 0
2833467, 3, 1
2833659, 2, 1
2833667, 3, 0
2833859, 2, 0
2833867, 3, 0
2834059, 2, 1
2834067, 3, 1
2834259, 2, 0
2834267, 3, 1
2834459, 2, 1
2834467, 3, 0
2834659, 2, 0
2834667, 3, 1
2834859, 2, 1
2834867, 3, 0
2835059, 2, 0
2835067, 3, 1
2835259, 2, bit 0
2835259, 2, 0
2835267, 3, 0
2835459, 2, 1
2835467, 3, bit 0
2835467, 3, 0
2835659, 2, 0
2835667, 3, 1
2835859, 2, 1
2835867, 3, 0
2836059, 2, 1
2836067, 3, 1
2836259, 2, 0
2836267, 3, 0
2836459, 2, 1
2836467, 3, 1
2836659, 2, 0
2836667, 3, 1
2836859, 2, 1
2836867, 3, 0
2837059, 2, 0
2837067, 3, 0
2837259, 2, 1
2837267, 3, 1
2837459, 2, 0
2837467, 3, 0
2837659, 2, 1
2837667, 3, 1
2837859, 2, 0
2837867, 3, 0
2838059, 2, bit 0
2838059, 2, 0
2838067, 3, 1
2838259, 2, 1
2838267, 3, bit 0
2838267, 3, 0
2838459, 2, 0
2838467, 3, 1
2838659, 2, 1
2838667, 3, 0
2838859, 2, 1
2838867, 3, 1
2839059, 2, 0
2839067, 3, 0
2839259, 2, 1
2839267, 3, 1
2839459, 2, 0
2839467, 3, 1
2839659, 2, 1
2839667, 3, 0
2839859, 2, 0
2839867, 3, 0
2840059, 2, 1
2840067, 3, 1
2840259, 2, 0
2840267, 3, 0
2840459, 2, 1
2840467, 3, 1
2840659, 2, 0
2840667, 3, 0
2840859, 2, bit 0
2840859, 2, 0
2840867, 3, 1
2841059, 2, 1
2841067, 3, bit 1
2841067, 3, 1
2841259, 2, 0
2841267, 3, 0
2841459, 2, 1
2841467, 3, 1
2841659, 2, 1
2841667, 3, 0
2841859, 2, 0
2841867, 3, 1
2842059, 2, 1
2842067, 3, 0
2842259, 2, 0
2842267, 3, 0
2842459, 2, 1
2842467, 3, 1
2842659, 2, 0
2842667, 3, 1
2842859, 2, 1
2842867, 3, 0
2843059, 2, 0
2843067, 3, 1
2843259, 2, 1
2843267, 3, 0
2843459, 2, 0
2843467, 3, 1
2843659, 2, bit 1
2843659, 2, 1
2843667, 3, 0
2843859, 2, 0
2843867, 3, bit 0
2843867, 3, 0
2844059, 2, 1
2844067, 3, 1
2844259, 2, 0
2844267, 3, 0
2844459, 2, 0
2844467, 3, 1
2844659, 2, 1
2844667, 3, 0
2844859, 2, 0
2844867, 3, 1
2845059, 2, 1
2845067, 3, 1
2845259, 2, 0
2845267, 3, 0
2845459, 2, 1
2845467, 3, 0
2845659, 2, 0
2845667, 3, 1
2845859, 2, 1
2845867, 3, 0
2846059, 2, 0
2846067, 3, 1
2846259, 2, 1
2846267, 3, 0
2846459, 2, bit 0
2846459, 2, 0
2846467, 3, 1
2846659, 2, 1
2846667, 3, bit 1
2846667, 3, 1
2846859, 2, 0
2846867, 3, 0
2847059, 2, 1
2847067, 3, 1
2847259, 2, 1
2847267, 3, 0
2847459, 2, 0
2847467, 3, 1
2847659, 2, 1
2847667, 3, 0
2847859, 2, 0
2847867, 3, 0
2848059, 2, 1
2848067, 3, 1
2848259, 2, 0
2848267, 3, 1
2848459, 2, 1
2848467, 3, 0
2848659, 2, 0
2848667, 3, 1
2848859, 2, 1
2848867, 3, 0
2849059, 2, 0
2849067, 3, 1
2849259, 2, bit 1
2849259, 2, 1
2849267, 3, 0
2849459, 2, 0
2849467, 3, bit 1
2849467, 3, 1
2849659, 2, 1
2849667, 3, 0
2849859, 2, 0
2849867, 3, 1
2850059, 2, 0
2850067, 3, 0
2850259, 2, 1
2850267, 3, 1
2850459, 2, 0
2850467, 3, 0
2850659, 2, 1
2850667, 3, 0
2850859, 2, 0
2850867, 3, 1
2851059, 2, 1
2851067, 3, 1
2851259, 2, 0
2851267, 3, 0
2851459, 2, 1
2851467, 3, 1
2851659, 2, 0
2851667, 3, 0
2851859, 2, 1
2851867, 3, 1
2852059, 2, bit 1
2852059, 2, 1
2852067, 3, 0
2852259, 2, 0
2852267, 3, bit 1
2852270, 3, 1
2852459, 2, 1
2852467, 3, 0
2852659, 2, 0
2852667, 3, 1
2852859, 2, 0
2852867, 3, 0
2853059, 2, 1
2853067, 3, 1
2853259, 2, 0
2853267, 3, 0
2853459, 2, 1
2853467, 3, 0
2853659, 2, 0
2853667, 3, 1
2853859, 2, 1
2853867, 3, 1
2854059, 2, 0
2854067, 3, 0
2854259, 2, 1
2854267, 3, 1
2854459, 2, 0
2854467, 3, 0
2854659, 2, 1
2854667, 3, 1
2854859, 2, bit 0
2854859, 2, 0
2854867, 3, 0
2855059, 2, 1
2855067, 3, bit 1
2855067, 3, 1
2855259, 2, 0
2855267, 3, 0
2855459, 2, 1
2855470, 3, 1
2855659, 2, 1
2855670, 3, 0
2855859, 2, 0
2855870, 3, 1
2856059, 2, 1
2856070, 3, 0
2856259, 2, 0
2856270, 3, 0
2856459, 2, 1
2856470, 3, 1
2856659, 2, 0
2856670, 3, 1
2856859, 2, 1
2856870, 3, 0
2857059, 2, 0
2857070, 3, 1
2857259, 2, 1
2857270, 3, 0
2857459, 2, 0
2857470, 3, 1
2857659, 2, bit 0
2857659, 2, 0
2857670, 3, 0
2857859, 2, 1
2857870, 3, bit 0
2857870, 3, 0
2858059, 2, 0
2858070, 3, 1
2858259, 2, 1
2858270, 3, 0
2858459, 2, 1
2858470, 3, 1
2858659, 2, 0
2858670, 3, 0
2858859, 2, 1
2858870, 3, 1
2859059, 2, 0
2859070, 3, 1
2859259, 2, 1
2859270, 3, 0
2859459, 2, 0
2859470, 3, 0
2859659, 2, 1
2859670, 3, 1
2859859, 2, 0
2859870, 3, 0
2860059, 2, 1
2860070, 3, 1
2860259, 2, 0
2860270, 3, 0
2860459, 2, bit 0
2860459, 2, 0
2860470, 3, 1
2860659, 2, 1
2860670, 3, bit 1
2860670, 3, 1
2860859, 2, 0
2860870, 3, 0
2861059, 2, 1
2861070, 3, 1
2861259, 2, 1
2861270, 3, 0
2861459, 2, 0
2861470, 3, 1
2861659, 2, 1
2861670, 3, 0
2861859, 2, 0
2861870, 3, 0
2862059, 2, 1
2862070, 3, 1
2862259, 2, 0
2862270, 3, 1
2862459, 2, 1
2862470, 3, 0
2862659, 2, 0
2862670, 3, 1
2862859, 2, 1
2862870, 3, 0
2863059, 2, 0
2863070, 3, 1
2863259, 2, bit 0
2863259, 2, 0
2863270, 3, 0
2863459, 2, 1
2863470, 3, bit 1
2863470, 3, 1
2863659, 2, 0
2863670, 3, 0
2863859, 2, 1
2863870, 3, 1
2864059, 2, 1
2864070, 3, 0
2864259, 2, 0
2864270, 3, 1
2864459, 2, 1
2864470, 3, 0
2864659, 2, 0
2864670, 3, 0
2864859, 2, 1
2864870, 3, 1
2865059, 2, 0
2865070, 3, 1
2865259, 2, 1
2865270, 3, 0
2865459, 2, 0
2865470, 3, 1
2865659, 2, 1
2865670, 3, 0
2865859, 2, 0
2865870, 3, 1
2866059, 2, bit 1
2866059, 2, 1
2866070, 3, 0
2866259, 2, 0
2866270, 3, bit 0
2866270, 3, 0
2866459, 2, 1
2866470, 3, 1
2866659, 2, 0
2866670, 3, 0
2866859, 2, 0
2866870, 3, 1
2867059, 2, 1
2867070, 3, 0
2867259, 2, 0
2867270, 3, 1
2867459, 2, 1
2867470, 3, 1
2867659, 2, 0
2867670, 3, 0
2867859, 2, 1
2867870, 3, 0
2868059, 2, 0
2868070, 3, 1
2868259, 2, 1
2868270, 3, 0
2868459, 2, 0
2868470, 3, 1
2868659, 2, 1
2868670, 3, 0
2868859, 2, bit 0
2868859, 2, 0
2868870, 3, 1
2869059, 2, 1
2869070, 3, bit 0
2869070, 3, 0
2869259, 2, 0
2869270, 3, 1
2869459, 2, 1
2869470, 3, 0
2869659, 2, 1
2869670, 3, 1
2869859, 2, 0
2869870, 3, 0
2870059, 2, 1
2870070, 3, 1
2870259, 2, 0
2870270, 3, 1
2870459, 2, 1
2870470, 3, 0
2870659, 2, 0
2870670, 3, 0
2870859, 2, 1
2870870, 3, 1
2871059, 2, 0
2871070, 3, 0
2871259, 2, 1
2871270, 3, 1
2871459, 2, 0
2871470, 3, 0
2871659, 2, bit 0
2871659, 2, 0
2871670, 3, 1
2871859, 2, 1
2871870, 3, bit 0
2871870, 3, 0
2872059, 2, 0
2872070, 3, 1
2872259, 2, 1
2872270, 3, 0
2872459, 2, 1
2872470, 3, 1
2872659, 2, 0
2872670, 3, 0
2872859, 2, 1
2872870, 3, 1
2873059, 2, 0
2873070, 3, 1
2873259, 2, 1
2873270, 3, 0
2873459, 2, 0
2873470, 3, 0
2873659, 2, 1
2873670, 3, 1
2873859, 2, 0
2873870, 3, 0
2874059, 2, 1
2874070, 3, 1
2874259, 2, 0
2874270, 3, 0
2874459, 2, bit 0
2874462, 2, 0
2874470, 3, 1
2874659, 2, 1
2874670, 3, bit 0
2874670, 3, 0
2874859, 2, 0
2874870, 3, 1
2875059, 2, 1
2875070, 3, 0
2875259, 2, 1
2875270, 3, 1
2875459, 2, 0
2875470, 3, 0
2875659, 2, 1
2875670, 3, 1
2875859, 2, 0
2875870, 3, 1
2876059, 2, 1
2876070, 3, 0
2876259, 2, 0
2876270, 3, 0
2876459, 2, 1
2876470, 3, 1
2876659, 2, 0
2876670, 3, 0
2876859, 2, 1
2876870, 3, 1
2877059, 2, 0
2877070, 3, 0
2877270, 3, 1
2877470, 3, bit 1
2877470, 3, 1
2877670, 3, 0
2877870, 3, 1
2878070, 3, 0
2878270, 3, 1
2878470, 3, 0
2878670, 3, 0
2878870, 3, 1
2879070, 3, 1
2879270, 3, 0
2879470, 3, 1
2879670, 3, 0
2879870, 3, 1
2880070, 3, 0
2880270, 3, bit 0
2880270, 3, 0
2880470, 3, 1
2880670, 3, 0
2880870, 3, 1
2881070, 3, 0
2881270, 3, 1
2881470, 3, 1
2881670, 3, 0
2881870, 3, 0
2882070, 3, 1
2882270, 3, 0
2882470, 3, 1
2882670, 3, 0
2882870, 3, 1
2883070, 3, bit 1
2883070, 3, 1
2883270, 3, 0
2883470, 3, 1
2883670, 3, 0
2883870, 3, 1
2884070, 3, 0
2884270, 3, 0
2884470, 3, 1
2884670, 3, 1
2884870, 3, 0
2885070, 3, 1
2885270, 3, 0
2885470, 3, 1
2885670, 3, 0
2885870, 3, bit 1
2885870, 3, 1
2886070, 3, 0
2886270, 3, 1
2886470, 3, 0
2886670, 3, 1
2886870, 3, 0
2887070, 3, 0
2887270, 3, 1
2887470, 3, 1
2887670, 3, 0
2887870, 3, 1
2888070, 3, 0
2888270, 3, 1
2888470, 3, 0
2888670, 3, bit 1
2888670, 3, 1
2888870, 3, 0
2889070, 3, 1
2889270, 3, 0
2889470, 3, 1
2889670, 3, 0
2889870, 3, 0
2890070, 3, 1
2890270, 3, 1
2890470, 3, 0
2890670, 3, 1
2890870, 3, 0
2891070, 3, 1
2891270, 3, 0
2891470, 3, bit 1
2891470, 3, 1
2891670, 3, 0
2891870, 3, 1
2892070, 3, 0
2892270, 3, 1
2892470, 3, 0
2892670, 3, 0
2892870, 3, 1
2893070, 3, 1
2893270, 3, 0
2893470, 3, 1
2893670, 3, 0
2893870, 3, 1
2894070, 3, 0
2894270, 3, bit 1
2894270, 3, 1
2894470, 3, 0
2894670, 3, 1
2894870, 3, 0
2895070, 3, 1
2895270, 3, 0
2895470, 3, 0
2895670, 3, 1
2895870, 3, 1
2896070, 3, 0
2896270, 3, 1
2896470, 3, 0
2896670, 3, 1
2896870, 3, 0
2897070, 3, bit 1
2897070, 3, 1
2897270, 3, 0
2897470, 3, 1
2897670, 3, 0
2897870, 3, 1
2898070, 3, 0
2898270, 3, 0
2898470, 3, 1
2898670, 3, 1
2898870, 3, 0
2899070, 3, 1
2899270, 3, 0
2899470, 3, 1
2899670, 3, 0
2899870, 3, bit 0
2899870, 3, 0
2900070, 3, 1
2900270, 3, 0
2900470, 3, 1
2900670, 3, 0
2900870, 3, 1
2901070, 3, 1
2901270, 3, 0
2901470, 3, 0
2901670, 3, 1
2901870, 3, 0
2902070, 3, 1
2902270, 3, 0
2902470, 3, 1
2902670, 3, bit 1
2902670, 3, 1
2902870, 3, 0
2903070, 3, 1
2903270, 3, 0
2903470, 3, 1
2903670, 3, 0
2903870, 3, 0
2904070, 3, 1
2904270, 3, 1
2904470, 3, 0
2904670, 3, 1
2904870, 3, 0
2905070, 3, 1
2905270, 3, 0
2905470, 3, bit 0
2905470, 3, 0
2905670, 3, 1
2905870, 3, 0
2906070, 3, 1
2906270, 3, 0
2906470, 3, 1
2906670, 3, 1
2906870, 3, 0
2907070, 3, 0
2907270, 3, 1
2907470, 3, 0
2907670, 3, 1
2907870, 3, 0
2908070, 3, 1
2908270, 3, bit 0
2908270, 3, 0
2908470, 3, 1
2908670, 3, 0
2908870, 3, 1
2909070, 3, 0
2909270, 3, 1
2909470, 3, 1
2909670, 3, 0
2909870, 3, 0
2910070, 3, 1
2910270, 3, 0
2910470, 3, 1
2910670, 3, 0
2910870, 3, 1
2911070, 3, bit 1
2911070, 3, 1
2911270, 3, 0
2911470, 3, 1
2911670, 3, 0
2911870, 3, 1
2912070, 3, 0
2912270, 3, 0
2912470, 3, 1
2912670, 3, 1
2912870, 3, 0
2913070, 3, 1
2913270, 3, 0
2913470, 3, 1
2913670, 3, 0
2913870, 3, bit 1
2913870, 3, 1
2914070, 3, 0
2914270, 3, 1
2914470, 3, 0
2914670, 3, 1
2914870, 3, 0
2915070, 3, 0
2915270, 3, 1
2915470, 3, 1
2915670, 3, 0
2915870, 3, 1
2916070, 3, 0
2916270, 3, 1
2916470, 3, 0
2916670, 3, bit 1
2916670, 3, 1
2916870, 3, 0
2917070, 3, 1
2917270, 3, 0
2917470, 3, 1
2917670, 3, 0
2917870, 3, 0
2918070, 3, 1
2918270, 3, 1
2918470, 3, 0
2918670, 3, 1
2918870, 3, 0
2919070, 3, 1
2919270, 3, 0
2919470, 3, bit 1
2919470, 3, 1
2919670, 3, 0
2919870, 3, 1
2920070, 3, 0
2920270, 3, 1
2920470, 3, 0
2920670, 3, 0
2920870, 3, 1
2921070, 3, 1
2921270, 3, 0
2921470, 3, 1
2921670, 3, 0
2921870, 3, 1
2922070, 3, 0
2922270, 3, bit 0
2922270, 3, 0
2922470, 3, 1
2922670, 3, 0
2922870, 3, 1
2923070, 3, 0
2923270, 3, 1
2923470, 3, 1
2923670, 3, 0
2923870, 3, 0
2924070, 3, 1
2924270, 3, 0
2924470, 3, 1
2924670, 3, 0
2924870, 3, 1
