125 60 4 14 16
(2, 20, 8, 10.00), (code 4)
(3, 258, 13, 10.00), (code 5)
(4, 496, 0, 10.00), (code 2)
(5, 734, 1, 10.00), (code 0)
START
2400614, 0, prem 1
2400614, 0, 1
2400739, 0, 1
2400864, 0, 1
2400989, 0, 1
2401114, 0, 1
2401239, 0, 1
2401364, 0, 1
2401489, 0, 1
2401614, 0, 1
2401739, 0, 1
2401864, 0, 1
2401989, 0, 1
2402114, 0, 1
2402239, 0, 1
2402364, 0, 1
2402489, 0, 1
2402614, 0, prem 0
2402614, 0, 0
2402739, 0, 0
2402864, 0, 0
2402989, 0, 0
2403115, 0, 0
2403240, 0, 0
2403365, 0, 0
2403490, 0, 0
2403615, 0, 0
2403740, 0, 0
2403865, 0, 0
2403990, 0, 0
2404115, 0, 0
2404240, 0, 0
2404365, 0, 0
2404490, 0, 0
2404615, 0, prem 1
2404615, 0, 1
2404740, 0, 1
2404865, 0, 1
2404990, 0, 1
2405115, 0, 1
2405240, 0, 1
2405365, 0, 1
2405490, 0, 1
2405615, 0, 1
2405740, 0, 1
2405865, 0, 1
2405990, 0, 1
2406115, 0, 1
2406240, 0, 1
2406365, 0, 1
2406490, 0, 1
2406615, 0, prem 0
2406615, 0, 0
2406740, 0, 0
2406865, 0, 0
2406990, 0, 0
2407115, 0, 0
2407240, 0, 0
2407365, 0, 0
2407490, 0, 0
2407615, 0, 0
2407740, 0, 0
2407865, 0, 0
2407990, 0, 0
2408115, 0, 0
2408240, 0, 0
2408365, 0, 0
2408491, 0, 0
2408616, 0, prem 1
2408616, 0, 1
2408741, 0, 1
2408866, 0, 1
2408991, 0, 1
2409116, 0, 1
2409241, 0, 1
2409366, 0, 1
2409491, 0, 1
2409616, 0, 1
2409741, 0, 1
2409866, 0, 1
2409991, 0, 1
2410116, 0, 1
2410241, 0, 1
2410366, 0, 1
2410491, 0, 1
2410616, 0, prem 0
2410616, 0, 0
2410741, 0, 0
2410866, 0, 0
2410991, 0, 0
2411116, 0, 0
2411241, 0, 0
2411366, 0, 0
2411491, 0, 0
2411616, 0, 0
2411741, 0, 0
2411866, 0, 0
2411991, 0, 0
2412116, 0, 0
2412241, 0, 0
2412366, 0, 0
2412491, 0, 0
2412616, 0, prem 0
2412616, 0, 0
2412741, 0, 0
2412866, 0, 0
2412991, 0, 0
2413116, 0, 0
2413241, 0, 0
2413366, 0, 0
2413491, 0, 0
2413616, 0, 0
2413741, 0, 0
2413867, 0, 0
2413992, 0, 0
2414117, 0, 0
2414242, 0, 0
2414367, 0, 0
2414492, 0, 0
2414617, 0, prem 0
2414617, 0, 0
2414742, 0, 0
2414867, 0, 0
2414992, 0, 0
2415117, 0, 0
2415242, 0, 0
2415367, 0, 0
2415492, 0, 0
2415617, 0, 0
2415742, 0, 0
2415867, 0, 0
2415992, 0, 0
2416117, 0, 0
2416242, 0, 0
2416367, 0, 0
2416492, 0, 0
2416617, 0, prem 0
2416617, 0, 0
2416742, 0, 0
2416867, 0, 0
2416992, 0, 0
2417117, 0, 0
2417242, 0, 0
2417367, 0, 0
2417492, 0, 0
2417617, 0, 0
2417742, 0, 0
2417867, 0, 0
2417992, 0, 0
2418117, 0, 0
2418242, 0, 0
2418367, 0, 0
2418492, 0, 0
2418617, 0, prem 1
2418617, 0, 1
2418742, 0, 1
2418867, 0, 1
2418992, 0, 1
2419117, 0, 1
2419243, 0, 1
2419368, 0, 1
2419493, 0, 1
2419618, 0, 1
2419743, 0, 1
2419868, 0, 1
2419993, 0, 1
2420118, 0, 1
2420243, 0, 1
2420368, 0, 1
2420493, 0, 1
2420618, 0, prem 0
2420618, 0, 0
2420743, 0, 0
2420868, 0, 0
2420993, 0, 0
2421118, 0, 0
2421243, 0, 0
2421368, 0, 0
2421493, 0, 0
2421618, 0, 0
2421743, 0, 0
2421868, 0, 0
2421993, 0, 0
2422118, 0, 0
2422243, 0, 0
2422368, 0, 0
2422493, 0, 0
2422618, 0, prem 0
2422618, 0, 0
2422743, 0, 0
2422868, 0, 0
2422993, 0, 0
2423118, 0, 0
2423243, 0, 0
2423368, 0, 0
2423493, 0, 0
2423618, 0, 0
2423743, 0, 0
2423868, 0, 0
2423993, 0, 0
2424118, 0, 0
2424243, 0, 0
2424368, 0, 0
2424493, 0, 0
2424619, 0, prem 0
2424619, 0, 0
2424744, 0, 0
2424869, 0, 0
2424994, 0, 0
2425119, 0, 0
2425244, 0, 0
2425369, 0, 0
2425494, 0, 0
2425619, 0, 0
2425744, 0, 0
2425869, 0, 0
2425994, 0, 0
2426119, 0, 0
2426244, 0, 0
2426369, 0, 0
2426494, 0, 0
2426619, 0, prem 0
2426619, 0, 0
2426744, 0, 0
2426869, 0, 0
2426994, 0, 0
2427119, 0, 0
2427244, 0, 0
2427369, 0, 0
2427494, 0, 0
2427619, 0, 0
2427744, 0, 0
2427869, 0, 0
2427994, 0, 0
2428119, 0, 0
2428244, 0, 0
2428369, 0, 0
2428494, 0, 0
2428619, 0, bit 1
2428619, 0, 1
2428744, 0, 0
2428869, 0, 1
2428994, 0, 0
2429119, 0, 1
2429244, 0, 0
2429369, 0, 0
2429494, 0, 0
2429619, 0, 0
2429744, 0, 1
2429869, 0, 0
2429995, 0, 0
2430120, 0, 0
2430245, 0, 0
2430370, 0, bit 0
2430370, 0, 0
2430495, 0, 0
2430620, 0, 0
2430745, 0, 0
2430870, 0, 0
2430995, 0, 0
2430999, 1, prem 1
2430999, 1, 1
2431120, 0, 0
2431124, 1, 1
2431245, 0, 0
2431249, 1, 1
2431370, 0, 0
2431374, 1, 1
2431495, 0, 0
2431499, 1, 1
2431620, 0, 0
2431624, 1, 1
2431745, 0, 0
2431749, 1, 1
2431870, 0, 0
2431874, 1, 1
2431995, 0, 0
2432000, 1, 1
2432120, 0, bit 1
2432120, 0, 1
2432125, 1, 1
2432245, 0, 0
2432250, 1, 1
2432370, 0, 1
2432375, 1, 1
2432495, 0, 0
2432500, 1, 1
2432620, 0, 1
2432625, 1, 1
2432745, 0, 0
2432750, 1, 1
2432870, 0, 0
2432875, 1, 1
2432995, 0, 0
2433000, 1, prem 0
2433000, 1, 0
2433120, 0, 0
2433125, 1, 0
2433245, 0, 1
2433250, 1, 0
2433370, 0, 0
2433375, 1, 0
2433495, 0, 0
2433500, 1, 0
2433620, 0, 0
2433625, 1, 0
2433745, 0, 0
2433750, 1, 0
2433870, 0, bit 0
2433870, 0, 0
2433875, 1, 0
2433995, 0, 0
2434000, 1, 0
2434120, 0, 0
2434125, 1, 0
2434245, 0, 0
2434250, 1, 0
2434370, 0, 0
2434375, 1, 0
2434495, 0, 0
2434500, 1, 0
2434620, 0, 0
2434625, 1, 0
2434745, 0, 0
2434750, 1, 0
2434870, 0, 0
2434875, 1, 0
2434995, 0, 0
2435000, 1, prem 0
2435000, 1, 0
2435120, 0, 0
2435125, 1, 0
2435245, 0, 0
2435250, 1, 0
2435371, 0, 0
2435375, 1, 0
2435496, 0, 0
2435500, 1, 0
2435621, 0, bit 1
2435621, 0, 1
2435625, 1, 0
2435746, 0, 0
2435750, 1, 0
2435871, 0, 1
2435875, 1, 0
2435996, 0, 0
2436000, 1, 0
2436121, 0, 1
2436125, 1, 0
2436246, 0, 0
2436250, 1, 0
2436371, 0, 0
2436375, 1, 0
2436496, 0, 0
2436500, 1, 0
2436621, 0, 0
2436625, 1, 0
2436746, 0, 1
2436750, 1, 0
2436871, 0, 0
2436875, 1, 0
2436996, 0, 0
2437000, 1, prem 1
2437000, 1, 1
2437121, 0, 0
2437125, 1, 1
2437246, 0, 0
2437250, 1, 1
2437371, 0, bit 1
2437371, 0, 1
2437376, 1, 1
2437496, 0, 0
2437501, 1, 1
2437621, 0, 1
2437626, 1, 1
2437746, 0, 0
2437751, 1, 1
2437871, 0, 1
2437876, 1, 1
2437996, 0, 0
2438001, 1, 1
2438121, 0, 0
2438126, 1, 1
2438246, 0, 0
2438251, 1, 1
2438371, 0, 0
2438376, 1, 1
2438496, 0, 1
2438501, 1, 1
2438621, 0, 0
2438626, 1, 1
2438746, 0, 0
2438751, 1, 1
2438871, 0, 0
2438876, 1, 1
2438996, 0, 0
2439001, 1, prem 0
2439001, 1, 0
2439121, 0, bit 1
2439121, 0, 1
2439126, 1, 0
2439246, 0, 0
2439251, 1, 0
2439371, 0, 1
2439376, 1, 0
2439496, 0, 0
2439501, 1, 0
2439621, 0, 1
2439626, 1, 0
2439746, 0, 0
2439751, 1, 0
2439871, 0, 0
2439876, 1, 0
2439996, 0, 0
2440001, 1, 0
2440121, 0, 0
2440126, 1, 0
2440246, 0, 1
2440251, 1, 0
2440371, 0, 0
2440376, 1, 0
2440496, 0, 0
2440501, 1, 0
2440621, 0, 0
2440626, 1, 0
2440747, 0, 0
2440751, 1, 0
2440872, 0, bit 1
2440872, 0, 1
2440876, 1, 0
2440997, 0, 0
2441001, 1, prem 0
2441001, 1, 0
2441122, 0, 1
2441126, 1, 0
2441247, 0, 0
2441251, 1, 0
2441372, 0, 1
2441376, 1, 0
2441497, 0, 0
2441501, 1, 0
2441622, 0, 0
2441626, 1, 0
2441747, 0, 0
2441751, 1, 0
2441872, 0, 0
2441876, 1, 0
2441997, 0, 1
2442001, 1, 0
2442122, 0, 0
2442126, 1, 0
2442247, 0, 0
2442251, 1, 0
2442372, 0, 0
2442376, 1, 0
2442497, 0, 0
2442501, 1, 0
2442622, 0, bit 1
2442622, 0, 1
2442626, 1, 0
2442747, 0, 0
2442752, 1, 0
2442872, 0, 1
2442877, 1, 0
2442997, 0, 0
2443002, 1, prem 1
2443002, 1, 1
2443122, 0, 1
2443127, 1, 1
2443247, 0, 0
2443252, 1, 1
2443372, 0, 0
2443377, 1, 1
2443497, 0, 0
2443502, 1, 1
2443622, 0, 0
2443627, 1, 1
2443747, 0, 1
2443752, 1, 1
2443872, 0, 0
2443877, 1, 1
2443997, 0, 0
2444002, 1, 1
2444122, 0, 0
2444127, 1, 1
2444247, 0, 0
2444252, 1, 1
2444372, 0, bit 1
2444372, 0, 1
2444377, 1, 1
2444497, 0, 0
2444502, 1, 1
2444622, 0, 1
2444627, 1, 1
2444747, 0, 0
2444752, 1, 1
2444872, 0, 1
2444877, 1, 1
2444997, 0, 0
2445002, 1, prem 0
2445002, 1, 0
2445122, 0, 0
2445127, 1, 0
2445247, 0, 0
2445252, 1, 0
2445372, 0, 0
2445377, 1, 0
2445497, 0, 1
2445502, 1, 0
2445622, 0, 0
2445627, 1, 0
2445747, 0, 0
2445752, 1, 0
2445872, 0, 0
2445877, 1, 0
2445997, 0, 0
2446002, 1, 0
2446123, 0, bit 1
2446123, 0, 1
2446127, 1, 0
2446248, 0, 0
2446252, 1, 0
2446373, 0, 1
2446377, 1, 0
2446498, 0, 0
2446502, 1, 0
2446623, 0, 1
2446627, 1, 0
2446748, 0, 0
2446752, 1, 0
2446873, 0, 0
2446877, 1, 0
2446998, 0, 0
2447002, 1, prem 0
2447002, 1, 0
2447123, 0, 0
2447127, 1, 0
2447248, 0, 1
2447252, 1, 0
2447373, 0, 0
2447377, 1, 0
2447498, 0, 0
2447502, 1, 0
2447623, 0, 0
2447627, 1, 0
2447748, 0, 0
2447752, 1, 0
2447873, 0, bit 0
2447873, 0, 0
2447877, 1, 0
2447998, 0, 0
2448002, 1, 0
2448123, 0, 0
2448128, 1, 0
2448248, 0, 0
2448253, 1, 0
2448373, 0, 0
2448378, 1, 0
2448498, 0, 0
2448503, 1, 0
2448623, 0, 0
2448628, 1, 0
2448748, 0, 0
2448753, 1, 0
2448873, 0, 0
2448878, 1, 0
2448998, 0, 0
2449003, 1, prem 0
2449003, 1, 0
2449123, 0, 0
2449128, 1, 0
2449248, 0, 0
2449253, 1, 0
2449373, 0, 0
2449378, 1, 0
2449498, 0, 0
2449503, 1, 0
2449623, 0, bit 0
2449623, 0, 0
2449628, 1, 0
2449748, 0, 0
2449753, 1, 0
2449873, 0, 0
2449878, 1, 0
2449998, 0, 0
2450003, 1, 0
2450123, 0, 0
2450128, 1, 0
2450248, 0, 0
2450253, 1, 0
2450373, 0, 0
2450378, 1, 0
2450498, 0, 0
2450503, 1, 0
2450623, 0, 0
2450628, 1, 0
2450748, 0, 0
2450753, 1, 0
2450873, 0, 0
2450878, 1, 0
2450998, 0, 0
2451003, 1, prem 1
2451003, 1, 1
2451123, 0, 0
2451128, 1, 1
2451248, 0, 0
2451253, 1, 1
2451373, 0, bit 0
2451373, 0, 0
2451378, 1, 1
2451499, 0, 0
2451503, 1, 1
2451624, 0, 0
2451628, 1, 1
2451749, 0, 0
2451753, 1, 1
2451874, 0, 0
2451878, 1, 1
2451999, 0, 0
2452003, 1, 1
2452124, 0, 0
2452128, 1, 1
2452249, 0, 0
2452253, 1, 1
2452374, 0, 0
2452378, 1, 1
2452499, 0, 0
2452503, 1, 1
2452624, 0, 0
2452628, 1, 1
2452749, 0, 0
2452753, 1, 1
2452874, 0, 0
2452878, 1, 1
2452999, 0, 0
2453003, 1, prem 0
2453003, 1, 0
2453124, 0, bit 1
2453124, 0, 1
2453128, 1, 0
2453249, 0, 0
2453253, 1, 0
2453374, 0, 1
2453378, 1, 0
2453499, 0, 0
2453504, 1, 0
2453624, 0, 1
2453629, 1, 0
2453749, 0, 0
2453754, 1, 0
2453874, 0, 0
2453879, 1, 0
2453999, 0, 0
2454004, 1, 0
2454124, 0, 0
2454129, 1, 0
2454249, 0, 1
2454254, 1, 0
2454374, 0, 0
2454379, 1, 0
2454499, 0, 0
2454504, 1, 0
2454624, 0, 0
2454629, 1, 0
2454749, 0, 0
2454754, 1, 0
2454874, 0, bit 1
2454874, 0, 1
2454879, 1, 0
2454999, 0, 0
2455004, 1, prem 0
2455004, 1, 0
2455124, 0, 1
2455129, 1, 0
2455249, 0, 0
2455254, 1, 0
2455374, 0, 1
2455379, 1, 0
2455499, 0, 0
2455504, 1, 0
2455624, 0, 0
2455629, 1, 0
2455749, 0, 0
2455754, 1, 0
2455874, 0, 0
2455879, 1, 0
2455999, 0, 1
2456004, 1, 0
2456124, 0, 0
2456129, 1, 0
2456249, 0, 0
2456254, 1, 0
2456374, 0, 0
2456379, 1, 0
2456499, 0, 0
2456507, 1, 0
2456624, 0, bit 0
2456624, 0, 0
2456632, 1, 0
2456749, 0, 0
2456757, 1, 0
2456875, 0, 0
2456882, 1, 0
2457000, 0, 0
2457007, 1, prem 0
2457007, 1, 0
2457125, 0, 0
2457132, 1, 0
2457250, 0, 0
2457257, 1, 0
2457375, 0, 0
2457382, 1, 0
2457500, 0, 0
2457507, 1, 0
2457625, 0, 0
2457632, 1, 0
2457750, 0, 0
2457757, 1, 0
2457875, 0, 0
2457882, 1, 0
2458000, 0, 0
2458007, 1, 0
2458125, 0, 0
2458132, 1, 0
2458250, 0, 0
2458257, 1, 0
2458375, 0, bit 0
2458375, 0, 0
2458382, 1, 0
2458500, 0, 0
2458507, 1, 0
2458625, 0, 0
2458632, 1, 0
2458750, 0, 0
2458757, 1, 0
2458875, 0, 0
2458882, 1, 0
2459000, 0, 0
2459008, 1, bit 1
2459008, 1, 1
2459125, 0, 0
2459133, 1, 0
2459134, 2, prem 1
2459134, 2, 1
2459250, 0, 0
2459258, 1, 0
2459259, 2, 1
2459375, 0, 0
2459383, 1, 1
2459384, 2, 1
2459500, 0, 0
2459508, 1, 0
2459509, 2, 1
2459625, 0, 0
2459633, 1, 0
2459634, 2, 1
2459750, 0, 0
2459758, 1, 1
2459759, 2, 1
2459875, 0, 0
2459883, 1, 0
2459886, 2, 1
2460000, 0, 0
2460008, 1, 0
2460011, 2, 1
2460125, 0, bit 0
2460125, 0, 0
2460133, 1, 0
2460136, 2, 1
2460250, 0, 0
2460258, 1, 1
2460261, 2, 1
2460375, 0, 0
2460383, 1, 0
2460386, 2, 1
2460500, 0, 0
2460508, 1, 0
2460511, 2, 1
2460625, 0, 0
2460633, 1, 0
2460636, 2, 1
2460750, 0, 0
2460758, 1, bit 0
2460758, 1, 0
2460761, 2, 1
2460875, 0, 0
2460883, 1, 0
2460886, 2, 1
2461000, 0, 0
2461008, 1, 0
2461011, 2, 1
2461125, 0, 0
2461133, 1, 0
2461136, 2, prem 1
2461136, 2, 1
2461250, 0, 0
2461258, 1, 0
2461261, 2, 1
2461375, 0, 0
2461383, 1, 0
2461386, 2, 1
2461500, 0, 0
2461508, 1, 0
2461511, 2, 1
2461625, 0, 0
2461633, 1, 0
2461636, 2, 1
2461750, 0, 0
2461758, 1, 0
2461761, 2, 1
2461875, 0, bit 1
2461875, 0, 1
2461883, 1, 0
2461886, 2, 1
2462000, 0, 0
2462008, 1, 0
2462011, 2, 1
2462125, 0, 1
2462133, 1, 0
2462136, 2, 1
2462251, 0, 0
2462258, 1, 0
2462261, 2, 1
2462376, 0, 1
2462383, 1, 0
2462386, 2, 1
2462501, 0, 0
2462508, 1, bit 0
2462511, 1, 0
2462511, 2, 1
2462626, 0, 0
2462633, 1, 0
2462636, 2, 1
2462751, 0, 0
2462758, 1, 0
2462761, 2, 1
2462876, 0, 0
2462883, 1, 0
2462886, 2, 1
2463001, 0, 1
2463008, 1, 0
2463011, 2, 1
2463126, 0, 0
2463133, 1, 0
2463136, 2, prem 0
2463136, 2, 0
2463251, 0, 0
2463258, 1, 0
2463261, 2, 0
2463376, 0, 0
2463383, 1, 0
2463386, 2, 0
2463501, 0, 0
2463508, 1, 0
2463511, 2, 0
2463626, 0, bit 1
2463626, 0, 1
2463633, 1, 0
2463636, 2, 0
2463751, 0, 0
2463758, 1, 0
2463761, 2, 0
2463876, 0, 1
2463883, 1, 0
2463886, 2, 0
2464001, 0, 0
2464008, 1, 0
2464011, 2, 0
2464126, 0, 1
2464133, 1, 0
2464136, 2, 0
2464251, 0, 0
2464258, 1, bit 0
2464258, 1, 0
2464261, 2, 0
2464376, 0, 0
2464384, 1, 0
2464386, 2, 0
2464501, 0, 0
2464509, 1, 0
2464512, 2, 0
2464626, 0, 0
2464634, 1, 0
2464637, 2, 0
2464751, 0, 1
2464759, 1, 0
2464762, 2, 0
2464876, 0, 0
2464884, 1, 0
2464887, 2, 0
2465001, 0, 0
2465009, 1, 0
2465012, 2, 0
2465126, 0, 0
2465134, 1, 0
2465137, 2, prem 0
2465140, 2, 0
2465251, 0, 0
2465259, 1, 0
2465262, 2, 0
2465376, 0, bit 1
2465376, 0, 1
2465384, 1, 0
2465387, 2, 0
2465501, 0, 0
2465509, 1, 0
2465512, 2, 0
2465626, 0, 1
2465634, 1, 0
2465637, 2, 0
2465751, 0, 0
2465759, 1, 0
2465762, 2, 0
2465876, 0, 1
2465884, 1, 0
2465887, 2, 0
2466001, 0, 0
2466009, 1, bit 1
2466009, 1, 1
2466012, 2, 0
2466126, 0, 0
2466134, 1, 0
2466137, 2, 0
2466251, 0, 0
2466259, 1, 0
2466262, 2, 0
2466376, 0, 0
2466384, 1, 1
2466387, 2, 0
2466501, 0, 1
2466509, 1, 0
2466512, 2, 0
2466626, 0, 0
2466634, 1, 0
2466637, 2, 0
2466751, 0, 0
2466759, 1, 1
2466762, 2, 0
2466876, 0, 0
2466884, 1, 0
2466887, 2, 0
2467001, 0, 0
2467009, 1, 0
2467012, 2, 0
2467126, 0, bit 0
2467126, 0, 0
2467134, 1, 0
2467137, 2, prem 1
2467137, 2, 1
2467251, 0, 0
2467259, 1, 1
2467262, 2, 1
2467376, 0, 0
2467384, 1, 0
2467387, 2, 1
2467501, 0, 0
2467509, 1, 0
2467512, 2, 1
2467627, 0, 0
2467634, 1, 0
2467637, 2, 1
2467752, 0, 0
2467759, 1, bit 0
2467759, 1, 0
2467762, 2, 1
2467877, 0, 0
2467884, 1, 0
2467887, 2, 1
2468002, 0, 0
2468009, 1, 0
2468012, 2, 1
2468127, 0, 0
2468134, 1, 0
2468137, 2, 1
2468252, 0, 0
2468259, 1, 0
2468262, 2, 1
2468377, 0, 0
2468384, 1, 0
2468387, 2, 1
2468502, 0, 0
2468509, 1, 0
2468512, 2, 1
2468627, 0, 0
2468634, 1, 0
2468637, 2, 1
2468752, 0, 0
2468759, 1, 0
2468762, 2, 1
2468877, 0, bit 0
2468877, 0, 0
2468884, 1, 0
2468887, 2, 1
2469002, 0, 0
2469009, 1, 0
2469012, 2, 1
2469127, 0, 0
2469134, 1, 0
2469137, 2, prem 1
2469137, 2, 1
2469252, 0, 0
2469259, 1, 0
2469262, 2, 1
2469377, 0, 0
2469384, 1, 0
2469387, 2, 1
2469502, 0, 0
2469509, 1, bit 0
2469509, 1, 0
2469512, 2, 1
2469627, 0, 0
2469634, 1, 0
2469637, 2, 1
2469752, 0, 0
2469760, 1, 0
2469762, 2, 1
2469877, 0, 0
2469885, 1, 0
2469888, 2, 1
2470002, 0, 0
2470010, 1, 0
2470013, 2, 1
2470127, 0, 0
2470135, 1, 0
2470138, 2, 1
2470252, 0, 0
2470260, 1, 0
2470263, 2, 1
2470377, 0, 0
2470385, 1, 0
2470388, 2, 1
2470502, 0, 0
2470510, 1, 0
2470513, 2, 1
2470627, 0, bit 1
2470627, 0, 1
2470635, 1, 0
2470638, 2, 1
2470752, 0, 0
2470760, 1, 0
2470763, 2, 1
2470877, 0, 1
2470885, 1, 0
2470888, 2, 1
2471002, 0, 0
2471010, 1, 0
2471013, 2, 1
2471127, 0, 1
2471135, 1, 0
2471138, 2, prem 0
2471138, 2, 0
2471252, 0, 0
2471260, 1, bit 0
2471260, 1, 0
2471263, 2, 0
2471377, 0, 0
2471385, 1, 0
2471388, 2, 0
2471502, 0, 0
2471510, 1, 0
2471513, 2, 0
2471627, 0, 0
2471635, 1, 0
2471646, 2, 0
2471752, 0, 1
2471760, 1, 0
2471771, 2, 0
2471877, 0, 0
2471885, 1, 0
2471896, 2, 0
2472002, 0, 0
2472010, 1, 0
2472022, 2, 0
2472127, 0, 0
2472135, 1, 0
2472147, 2, 0
2472252, 0, 0
2472260, 1, 0
2472272, 2, 0
2472377, 0, bit 0
2472377, 0, 0
2472385, 1, 0
2472397, 2, 0
2472502, 0, 0
2472510, 1, 0
2472522, 2, 0
2472627, 0, 0
2472635, 1, 0
2472647, 2, 0
2472752, 0, 0
2472760, 1, 0
2472772, 2, 0
2472877, 0, 0
2472885, 1, 0
2472897, 2, 0
2473003, 0, 0
2473010, 1, bit 1
2473013, 1, 1
2473022, 2, 0
2473128, 0, 0
2473135, 1, 0
2473147, 2, prem 0
2473147, 2, 0
2473253, 0, 0
2473260, 1, 0
2473272, 2, 0
2473378, 0, 0
2473385, 1, 1
2473397, 2, 0
2473503, 0, 0
2473510, 1, 0
2473522, 2, 0
2473628, 0, 0
2473635, 1, 0
2473647, 2, 0
2473753, 0, 0
2473760, 1, 1
2473772, 2, 0
2473878, 0, 0
2473885, 1, 0
2473897, 2, 0
2474003, 0, 0
2474010, 1, 0
2474022, 2, 0
2474128, 0, bit 1
2474128, 0, 1
2474135, 1, 0
2474147, 2, 0
2474253, 0, 0
2474260, 1, 1
2474272, 2, 0
2474378, 0, 1
2474385, 1, 0
2474397, 2, 0
2474503, 0, 0
2474510, 1, 0
2474522, 2, 0
2474628, 0, 1
2474635, 1, 0
2474647, 2, 0
2474753, 0, 0
2474760, 1, bit 0
2474760, 1, 0
2474772, 2, 0
2474878, 0, 0
2474885, 1, 0
2474897, 2, 0
2475003, 0, 0
2475010, 1, 0
2475022, 2, 0
2475128, 0, 0
2475136, 1, 0
2475147, 2, prem 0
2475147, 2, 0
2475253, 0, 1
2475261, 1, 0
2475272, 2, 0
2475378, 0, 0
2475386, 1, 0
2475397, 2, 0
2475503, 0, 0
2475511, 1, 0
2475522, 2, 0
2475628, 0, 0
2475636, 1, 0
2475648, 2, 0
2475753, 0, 0
2475761, 1, 0
2475773, 2, 0
2475878, 0, bit 1
2475878, 0, 1
2475886, 1, 0
2475898, 2, 0
2476003, 0, 0
2476011, 1, 0
2476023, 2, 0
2476128, 0, 1
2476136, 1, 0
2476148, 2, 0
2476253, 0, 0
2476261, 1, 0
2476273, 2, 0
2476378, 0, 1
2476386, 1, 0
2476398, 2, 0
2476503, 0, 0
2476511, 1, bit 0
2476511, 1, 0
2476523, 2, 0
2476628, 0, 0
2476636, 1, 0
2476648, 2, 0
2476753, 0, 0
2476761, 1, 0
2476773, 2, 0
2476878, 0, 0
2476886, 1, 0
2476898, 2, 0
2477003, 0, 1
2477011, 1, 0
2477023, 2, 0
2477128, 0, 0
2477136, 1, 0
2477148, 2, prem 0
2477148, 2, 0
2477253, 0, 0
2477261, 1, 0
2477273, 2, 0
2477378, 0, 0
2477386, 1, 0
2477398, 2, 0
2477503, 0, 0
2477511, 1, 0
2477523, 2, 0
2477628, 0, bit 0
2477628, 0, 0
2477636, 1, 0
2477648, 2, 0
2477753, 0, 0
2477761, 1, 0
2477773, 2, 0
2477878, 0, 0
2477886, 1, 0
2477898, 2, 0
2478003, 0, 0
2478011, 1, 0
2478023, 2, 0
2478128, 0, 0
2478136, 1, 0
2478148, 2, 0
2478253, 0, 0
2478261, 1, bit 0
2478261, 1, 0
2478273, 2, 0
2478379, 0, 0
2478386, 1, 0
2478398, 2, 0
2478504, 0, 0
2478511, 1, 0
2478523, 2, 0
2478629, 0, 0
2478636, 1, 0
2478648, 2, 0
2478754, 0, 0
2478761, 1, 0
2478773, 2, 0
2478879, 0, 0
2478886, 1, 0
2478898, 2, 0
2479004, 0, 0
2479011, 1, 0
2479023, 2, 0
2479129, 0, 0
2479136, 1, 0
2479148, 2, prem 0
2479148, 2, 0
2479254, 0, 0
2479261, 1, 0
2479273, 2, 0
2479379, 0, bit 0
2479379, 0, 0
2479386, 1, 0
2479398, 2, 0
2479504, 0, 0
2479511, 1, 0
2479523, 2, 0
2479629, 0, 0
2479636, 1, 0
2479648, 2, 0
2479754, 0, 0
2479761, 1, 0
2479773, 2, 0
2479879, 0, 0
2479886, 1, 0
2479898, 2, 0
2480004, 0, 0
2480011, 1, bit 1
2480011, 1, 1
2480023, 2, 0
2480129, 0, 0
2480136, 1, 0
2480148, 2, 0
2480254, 0, 0
2480261, 1, 0
2480273, 2, 0
2480379, 0, 0
2480386, 1, 1
2480398, 2, 0
2480504, 0, 0
2480512, 1, 0
2480523, 2, 0
2480629, 0, 0
2480637, 1, 0
2480648, 2, 0
2480754, 0, 0
2480762, 1, 1
2480773, 2, 0
2480879, 0, 0
2480887, 1, 0
2480898, 2, 0
2481004, 0, 0
2481012, 1, 0
2481024, 2, 0
2481129, 0, bit 0
2481129, 0, 0
2481137, 1, 0
2481149, 2, prem 0
2481149, 2, 0
2481254, 0, 0
2481262, 1, 1
2481274, 2, 0
2481379, 0, 0
2481387, 1, 0
2481399, 2, 0
2481504, 0, 0
2481512, 1, 0
2481524, 2, 0
2481629, 0, 0
2481637, 1, 0
2481649, 2, 0
2481754, 0, 0
2481762, 1, bit 1
2481762, 1, 1
2481774, 2, 0
2481879, 0, 0
2481887, 1, 0
2481899, 2, 0
2482004, 0, 0
2482012, 1, 0
2482024, 2, 0
2482129, 0, 0
2482137, 1, 1
2482149, 2, 0
2482254, 0, 0
2482262, 1, 0
2482274, 2, 0
2482379, 0, 0
2482387, 1, 0
2482399, 2, 0
2482504, 0, 0
2482512, 1, 1
2482524, 2, 0
2482629, 0, 0
2482637, 1, 0
2482649, 2, 0
2482754, 0, 0
2482762, 1, 0
2482774, 2, 0
2482879, 0, bit 1
2482879, 0, 1
2482887, 1, 0
2482899, 2, 0
2483004, 0, 0
2483012, 1, 1
2483024, 2, 0
2483129, 0, 1
2483137, 1, 0
2483149, 2, prem 0
2483149, 2, 0
2483254, 0, 0
2483262, 1, 0
2483274, 2, 0
2483379, 0, 1
2483387, 1, 0
2483399, 2, 0
2483504, 0, 0
2483512, 1, bit 1
2483512, 1, 1
2483524, 2, 0
2483629, 0, 0
2483637, 1, 0
2483649, 2, 0
2483755, 0, 0
2483762, 1, 0
2483774, 2, 0
2483880, 0, 0
2483887, 1, 1
2483899, 2, 0
2484005, 0, 1
2484012, 1, 0
2484024, 2, 0
2484130, 0, 0
2484137, 1, 0
2484149, 2, 0
2484255, 0, 0
2484262, 1, 1
2484274, 2, 0
2484380, 0, 0
2484387, 1, 0
2484399, 2, 0
2484505, 0, 0
2484512, 1, 0
2484524, 2, 0
2484630, 0, bit 1
2484630, 0, 1
2484637, 1, 0
2484649, 2, 0
2484755, 0, 0
2484762, 1, 1
2484774, 2, 0
2484880, 0, 1
2484887, 1, 0
2484899, 2, 0
2485005, 0, 0
2485012, 1, 0
2485024, 2, 0
2485130, 0, 1
2485137, 1, 0
2485149, 2, prem 0
2485149, 2, 0
2485255, 0, 0
2485262, 1, bit 1
2485262, 1, 1
2485274, 2, 0
2485380, 0, 0
2485387, 1, 0
2485399, 2, 0
2485505, 0, 0
2485512, 1, 0
2485524, 2, 0
2485630, 0, 0
2485637, 1, 1
2485649, 2, 0
2485755, 0, 1
2485762, 1, 0
2485774, 2, 0
2485880, 0, 0
2485888, 1, 0
2485899, 2, 0
2486005, 0, 0
2486013, 1, 1
2486024, 2, 0
2486130, 0, 0
2486138, 1, 0
2486149, 2, 0
2486255, 0, 0
2486263, 1, 0
2486274, 2, 0
2486380, 0, bit 0
2486380, 0, 0
2486388, 1, 0
2486400, 2, 0
2486505, 0, 0
2486513, 1, 1
2486525, 2, 0
2486630, 0, 0
2486638, 1, 0
2486650, 2, 0
2486755, 0, 0
2486763, 1, 0
2486775, 2, 0
2486880, 0, 0
2486888, 1, 0
2486900, 2, 0
2487005, 0, 0
2487013, 1, bit 0
2487013, 1, 0
2487025, 2, 0
2487130, 0, 0
2487138, 1, 0
2487150, 2, bit 1
2487150, 2, 1
2487255, 0, 0
2487263, 1, 0
2487275, 2, 1
2487380, 0, 0
2487388, 1, 0
2487400, 2, 0
2487505, 0, 0
2487513, 1, 0
2487525, 2, 0
2487630, 0, 0
2487638, 1, 0
2487650, 2, 1
2487755, 0, 0
2487763, 1, 0
2487775, 2, 1
2487880, 0, 0
2487888, 1, 0
2487900, 2, 0
2488005, 0, 0
2488013, 1, 0
2488025, 2, 0
2488130, 0, bit 1
2488130, 0, 1
2488138, 1, 0
2488150, 2, 0
2488255, 0, 0
2488263, 1, 0
2488275, 2, 0
2488380, 0, 1
2488388, 1, 0
2488400, 2, 0
2488505, 0, 0
2488513, 1, 0
2488525, 2, 0
2488630, 0, 1
2488638, 1, 0
2488650, 2, 0
2488755, 0, 0
2488763, 1, bit 0
2488763, 1, 0
2488775, 2, 0
2488880, 0, 0
2488888, 1, 0
2488900, 2, bit 0
2488900, 2, 0
2489005, 0, 0
2489013, 1, 0
2489025, 2, 0
2489028, 3, prem 1
2489028, 3, 1
2489131, 0, 0
2489138, 1, 0
2489150, 2, 0
2489153, 3, 1
2489256, 0, 1
2489263, 1, 0
2489275, 2, 0
2489278, 3, 1
2489381, 0, 0
2489388, 1, 0
2489400, 2, 0
2489403, 3, 1
2489506, 0, 0
2489513, 1, 0
2489525, 2, 0
2489528, 3, 1
2489631, 0, 0
2489638, 1, 0
2489650, 2, 0
2489653, 3, 1
2489756, 0, 0
2489763, 1, 0
2489775, 2, 0
2489778, 3, 1
2489881, 0, bit 0
2489881, 0, 0
2489888, 1, 0
2489900, 2, 0
2489903, 3, 1
2490006, 0, 0
2490013, 1, 0
2490025, 2, 0
2490028, 3, 1
2490131, 0, 0
2490138, 1, 0
2490150, 2, 0
2490153, 3, 1
2490256, 0, 0
2490263, 1, 0
2490275, 2, 0
2490278, 3, 1
2490381, 0, 0
2490388, 1, 0
2490400, 2, 0
2490403, 3, 1
2490506, 0, 0
2490513, 1, bit 1
2490513, 1, 1
2490525, 2, 0
2490528, 3, 1
2490631, 0, 0
2490638, 1, 0
2490650, 2, bit 0
2490653, 2, 0
2490653, 3, 1
2490756, 0, 0
2490763, 1, 0
2490775, 2, 0
2490778, 3, 1
2490881, 0, 0
2490888, 1, 1
2490900, 2, 0
2490903, 3, 1
2491006, 0, 0
2491013, 1, 0
2491025, 2, 0
2491028, 3, prem 1
2491028, 3, 1
2491131, 0, 0
2491138, 1, 0
2491150, 2, 0
2491153, 3, 1
2491256, 0, 0
2491264, 1, 1
2491275, 2, 0
2491278, 3, 1
2491381, 0, 0
2491389, 1, 0
2491400, 2, 0
2491403, 3, 1
2491506, 0, 0
2491514, 1, 0
2491525, 2, 0
2491528, 3, 1
2491631, 0, bit 1
2491631, 0, 1
2491639, 1, 0
2491650, 2, 0
2491653, 3, 1
2491756, 0, 0
2491764, 1, 1
2491776, 2, 0
2491778, 3, 1
2491881, 0, 1
2491889, 1, 0
2491901, 2, 0
2491904, 3, 1
2492006, 0, 0
2492014, 1, 0
2492026, 2, 0
2492029, 3, 1
2492131, 0, 1
2492139, 1, 0
2492151, 2, 0
2492154, 3, 1
2492256, 0, 0
2492264, 1, bit 0
2492264, 1, 0
2492276, 2, 0
2492279, 3, 1
2492381, 0, 0
2492389, 1, 0
2492401, 2, bit 0
2492401, 2, 0
2492404, 3, 1
2492506, 0, 0
2492514, 1, 0
2492526, 2, 0
2492529, 3, 1
2492631, 0, 0
2492639, 1, 0
2492651, 2, 0
2492654, 3, 1
2492756, 0, 1
2492764, 1, 0
2492776, 2, 0
2492779, 3, 1
2492881, 0, 0
2492889, 1, 0
2492901, 2, 0
2492904, 3, 1
2493006, 0, 0
2493014, 1, 0
2493026, 2, 0
2493029, 3, prem 1
2493029, 3, 1
2493131, 0, 0
2493139, 1, 0
2493151, 2, 0
2493154, 3, 1
2493256, 0, 0
2493264, 1, 0
2493276, 2, 0
2493279, 3, 1
2493381, 0, bit 0
2493381, 0, 0
2493389, 1, 0
2493401, 2, 0
2493404, 3, 1
2493506, 0, 0
2493514, 1, 0
2493526, 2, 0
2493529, 3, 1
2493631, 0, 0
2493639, 1, 0
2493651, 2, 0
2493654, 3, 1
2493756, 0, 0
2493764, 1, 0
2493776, 2, 0
2493779, 3, 1
2493881, 0, 0
2493889, 1, 0
2493901, 2, 0
2493904, 3, 1
2494006, 0, 0
2494014, 1, bit 0
2494014, 1, 0
2494026, 2, 0
2494029, 3, 1
2494131, 0, 0
2494139, 1, 0
2494151, 2, bit 0
2494151, 2, 0
2494154, 3, 1
2494256, 0, 0
2494264, 1, 0
2494276, 2, 0
2494279, 3, 1
2494381, 0, 0
2494389, 1, 0
2494401, 2, 0
2494404, 3, 1
2494507, 0, 0
2494514, 1, 0
2494526, 2, 0
2494529, 3, 1
2494632, 0, 0
2494639, 1, 0
2494651, 2, 0
2494654, 3, 1
2494757, 0, 0
2494764, 1, 0
2494776, 2, 0
2494779, 3, 1
2494882, 0, 0
2494889, 1, 0
2494901, 2, 0
2494904, 3, 1
2495007, 0, 0
2495014, 1, 0
2495026, 2, 0
2495029, 3, prem 0
2495029, 3, 0
2495132, 0, bit 1
2495132, 0, 1
2495139, 1, 0
2495151, 2, 0
2495154, 3, 0
2495257, 0, 0
2495264, 1, 0
2495276, 2, 0
2495279, 3, 0
2495382, 0, 1
2495389, 1, 0
2495401, 2, 0
2495404, 3, 0
2495507, 0, 0
2495514, 1, 0
2495526, 2, 0
2495529, 3, 0
2495632, 0, 1
2495639, 1, 0
2495651, 2, 0
2495654, 3, 0
2495757, 0, 0
2495764, 1, bit 1
2495764, 1, 1
2495776, 2, 0
2495779, 3, 0
2495882, 0, 0
2495889, 1, 0
2495901, 2, bit 0
2495901, 2, 0
2495904, 3, 0
2496007, 0, 0
2496014, 1, 0
2496026, 2, 0
2496029, 3, 0
2496132, 0, 0
2496139, 1, 1
2496151, 2, 0
2496154, 3, 0
2496257, 0, 1
2496264, 1, 0
2496276, 2, 0
2496279, 3, 0
2496382, 0, 0
2496389, 1, 0
2496401, 2, 0
2496404, 3, 0
2496507, 0, 0
2496514, 1, 1
2496526, 2, 0
2496529, 3, 0
2496632, 0, 0
2496640, 1, 0
2496651, 2, 0
2496654, 3, 0
2496757, 0, 0
2496765, 1, 0
2496776, 2, 0
2496779, 3, 0
2496882, 0, bit 0
2496882, 0, 0
2496890, 1, 0
2496901, 2, 0
2496904, 3, 0
2497007, 0, 0
2497015, 1, 1
2497026, 2, 0
2497029, 3, prem 0
2497029, 3, 0
2497132, 0, 0
2497140, 1, 0
2497152, 2, 0
2497154, 3, 0
2497257, 0, 0
2497265, 1, 0
2497277, 2, 0
2497280, 3, 0
2497382, 0, 0
2497390, 1, 0
2497402, 2, 0
2497405, 3, 0
2497507, 0, 0
2497515, 1, bit 1
2497515, 1, 1
2497527, 2, 0
2497530, 3, 0
2497632, 0, 0
2497640, 1, 0
2497652, 2, bit 1
2497652, 2, 1
2497655, 3, 0
2497757, 0, 0
2497765, 1, 0
2497777, 2, 1
2497780, 3, 0
2497882, 0, 0
2497890, 1, 1
2497902, 2, 0
2497905, 3, 0
2498007, 0, 0
2498015, 1, 0
2498027, 2, 0
2498030, 3, 0
2498132, 0, 0
2498140, 1, 0
2498152, 2, 1
2498155, 3, 0
2498257, 0, 0
2498265, 1, 1
2498277, 2, 1
2498280, 3, 0
2498382, 0, 0
2498390, 1, 0
2498402, 2, 0
2498405, 3, 0
2498507, 0, 0
2498515, 1, 0
2498527, 2, 0
2498530, 3, 0
2498632, 0, bit 1
2498632, 0, 1
2498640, 1, 0
2498652, 2, 0
2498655, 3, 0
2498757, 0, 0
2498765, 1, 1
2498777, 2, 0
2498780, 3, 0
2498882, 0, 1
2498890, 1, 0
2498902, 2, 0
2498905, 3, 0
2499007, 0, 0
2499015, 1, 0
2499027, 2, 0
2499030, 3, prem 0
2499030, 3, 0
2499132, 0, 1
2499140, 1, 0
2499152, 2, 0
2499155, 3, 0
2499257, 0, 0
2499265, 1, bit 1
2499265, 1, 1
2499277, 2, 0
2499280, 3, 0
2499382, 0, 0
2499390, 1, 0
2499402, 2, bit 1
2499402, 2, 1
2499405, 3, 0
2499507, 0, 0
2499515, 1, 0
2499527, 2, 1
2499530, 3, 0
2499632, 0, 0
2499640, 1, 1
2499652, 2, 0
2499655, 3, 0
2499757, 0, 1
2499765, 1, 0
2499777, 2, 0
2499780, 3, 0
2499883, 0, 0
2499890, 1, 0
2499902, 2, 1
2499905, 3, 0
2500008, 0, 0
2500015, 1, 1
2500027, 2, 1
2500030, 3, 0
2500133, 0, 0
2500140, 1, 0
2500152, 2, 0
2500155, 3, 0
2500258, 0, 0
2500265, 1, 0
2500277, 2, 0
2500280, 3, 0
2500383, 0, bit 1
2500383, 0, 1
2500390, 1, 0
2500402, 2, 0
2500405, 3, 0
2500508, 0, 0
2500515, 1, 1
2500527, 2, 0
2500530, 3, 0
2500633, 0, 1
2500640, 1, 0
2500652, 2, 0
2500655, 3, 0
2500758, 0, 0
2500765, 1, 0
2500777, 2, 0
2500780, 3, 0
2500883, 0, 1
2500890, 1, 0
2500902, 2, 0
2500905, 3, 0
2501008, 0, 0
2501015, 1, bit 0
2501015, 1, 0
2501027, 2, 0
2501030, 3, prem 0
2501030, 3, 0
2501133, 0, 0
2501140, 1, 0
2501152, 2, bit 1
2501152, 2, 1
2501155, 3, 0
2501258, 0, 0
2501265, 1, 0
2501277, 2, 1
2501280, 3, 0
2501383, 0, 0
2501390, 1, 0
2501402, 2, 0
2501405, 3, 0
2501508, 0, 1
2501515, 1, 0
2501527, 2, 0
2501530, 3, 0
2501633, 0, 0
2501640, 1, 0
2501652, 2, 1
2501655, 3, 0
2501758, 0, 0
2501765, 1, 0
2501777, 2, 1
2501780, 3, 0
2501883, 0, 0
2501890, 1, 0
2501902, 2, 0
2501905, 3, 0
2502008, 0, 0
2502016, 1, 0
2502027, 2, 0
2502030, 3, 0
2502133, 0, bit 1
2502133, 0, 1
2502141, 1, 0
2502152, 2, 0
2502155, 3, 0
2502258, 0, 0
2502266, 1, 0
2502277, 2, 0
2502280, 3, 0
2502383, 0, 1
2502391, 1, 0
2502402, 2, 0
2502405, 3, 0
2502508, 0, 0
2502516, 1, 0
2502528, 2, 0
2502530, 3, 0
2502633, 0, 1
2502641, 1, 0
2502653, 2, 0
2502656, 3, 0
2502758, 0, 0
2502766, 1, bit 0
2502766, 1, 0
2502778, 2, 0
2502781, 3, 0
2502883, 0, 0
2502891, 1, 0
2502903, 2, bit 0
2502903, 2, 0
2502906, 3, 0
2503008, 0, 0
2503016, 1, 0
2503028, 2, 0
2503031, 3, prem 0
2503031, 3, 0
2503133, 0, 0
2503141, 1, 0
2503153, 2, 0
2503156, 3, 0
2503258, 0, 1
2503266, 1, 0
2503278, 2, 0
2503281, 3, 0
2503383, 0, 0
2503391, 1, 0
2503403, 2, 0
2503406, 3, 0
2503508, 0, 0
2503516, 1, 0
2503528, 2, 0
2503531, 3, 0
2503633, 0, 0
2503641, 1, 0
2503653, 2, 0
2503656, 3, 0
2503758, 0, 0
2503766, 1, 0
2503778, 2, 0
2503781, 3, 0
2503883, 0, bit 1
2503883, 0, 1
2503891, 1, 0
2503903, 2, 0
2503906, 3, 0
2504008, 0, 0
2504016, 1, 0
2504028, 2, 0
2504031, 3, 0
2504133, 0, 1
2504141, 1, 0
2504153, 2, 0
2504156, 3, 0
2504258, 0, 0
2504266, 1, 0
2504278, 2, 0
2504281, 3, 0
2504383, 0, 1
2504391, 1, 0
2504403, 2, 0
2504407, 3, 0
2504508, 0, 0
2504516, 1, bit 1
2504516, 1, 1
2504528, 2, 0
2504532, 3, 0
2504633, 0, 0
2504641, 1, 0
2504653, 2, bit 0
2504653, 2, 0
2504657, 3, 0
2504758, 0, 0
2504766, 1, 0
2504778, 2, 0
2504782, 3, 0
2504883, 0, 0
2504891, 1, 1
2504903, 2, 0
2504907, 3, 0
2505008, 0, 1
2505016, 1, 0
2505028, 2, 0
2505032, 3, prem 1
2505032, 3, 1
2505133, 0, 0
2505141, 1, 0
2505153, 2, 0
2505157, 3, 1
2505259, 0, 0
2505266, 1, 1
2505278, 2, 0
2505282, 3, 1
2505384, 0, 0
2505391, 1, 0
2505403, 2, 0
2505407, 3, 1
2505509, 0, 0
2505516, 1, 0
2505528, 2, 0
2505532, 3, 1
2505634, 0, bit 0
2505634, 0, 0
2505641, 1, 0
2505653, 2, 0
2505657, 3, 1
2505759, 0, 0
2505766, 1, 1
2505778, 2, 0
2505782, 3, 1
2505884, 0, 0
2505891, 1, 0
2505903, 2, 0
2505907, 3, 1
2506009, 0, 0
2506016, 1, 0
2506028, 2, 0
2506032, 3, 1
2506134, 0, 0
2506141, 1, 0
2506153, 2, 0
2506157, 3, 1
2506259, 0, 0
2506266, 1, bit 1
2506266, 1, 1
2506278, 2, 0
2506283, 3, 1
2506384, 0, 0
2506391, 1, 0
2506403, 2, bit 1
2506403, 2, 1
2506408, 3, 1
2506509, 0, 0
2506516, 1, 0
2506528, 2, 1
2506533, 3, 1
2506634, 0, 0
2506641, 1, 1
2506653, 2, 0
2506658, 3, 1
2506759, 0, 0
2506766, 1, 0
2506778, 2, 0
2506783, 3, 1
2506884, 0, 0
2506891, 1, 0
2506903, 2, 1
2506908, 3, 1
2507009, 0, 0
2507016, 1, 1
2507028, 2, 1
2507033, 3, prem 0
2507033, 3, 0
2507134, 0, 0
2507141, 1, 0
2507153, 2, 0
2507158, 3, 0
2507259, 0, 0
2507266, 1, 0
2507278, 2, 0
2507283, 3, 0
2507384, 0, bit 0
2507395, 0, 0
2507396, 1, 0
2507403, 2, 0
2507408, 3, 0
2507509, 0, 0
2507521, 1, 1
2507528, 2, 0
2507533, 3, 0
2507634, 0, 0
2507646, 1, 0
2507653, 2, 0
2507658, 3, 0
2507759, 0, 0
2507771, 1, 0
2507778, 2, 0
2507783, 3, 0
2507884, 0, 0
2507896, 1, 0
2507904, 2, 0
2507908, 3, 0
2508009, 0, 0
2508021, 1, bit 0
2508021, 1, 0
2508029, 2, 0
2508033, 3, 0
2508134, 0, 0
2508146, 1, 0
2508154, 2, bit 1
2508154, 2, 1
2508158, 3, 0
2508259, 0, 0
2508271, 1, 0
2508279, 2, 1
2508283, 3, 0
2508384, 0, 0
2508396, 1, 0
2508404, 2, 0
2508408, 3, 0
2508509, 0, 0
2508521, 1, 0
2508529, 2, 0
2508533, 3, 0
2508634, 0, 0
2508646, 1, 0
2508654, 2, 1
2508658, 3, 0
2508759, 0, 0
2508771, 1, 0
2508779, 2, 1
2508783, 3, 0
2508884, 0, 0
2508896, 1, 0
2508904, 2, 0
2508908, 3, 0
2509009, 0, 0
2509021, 1, 0
2509029, 2, 0
2509033, 3, prem 0
2509033, 3, 0
2509134, 0, bit 0
2509134, 0, 0
2509146, 1, 0
2509154, 2, 0
2509158, 3, 0
2509259, 0, 0
2509271, 1, 0
2509279, 2, 0
2509283, 3, 0
2509384, 0, 0
2509396, 1, 0
2509404, 2, 0
2509408, 3, 0
2509509, 0, 0
2509521, 1, 0
2509529, 2, 0
2509533, 3, 0
2509634, 0, 0
2509646, 1, 0
2509654, 2, 0
2509658, 3, 0
2509759, 0, 0
2509771, 1, bit 0
2509771, 1, 0
2509779, 2, 0
2509783, 3, 0
2509884, 0, 0
2509896, 1, 0
2509904, 2, bit 1
2509904, 2, 1
2509908, 3, 0
2510009, 0, 0
2510021, 1, 0
2510029, 2, 1
2510033, 3, 0
2510134, 0, 0
2510146, 1, 0
2510154, 2, 0
2510158, 3, 0
2510259, 0, 0
2510271, 1, 0
2510279, 2, 0
2510283, 3, 0
2510384, 0, 0
2510396, 1, 0
2510404, 2, 1
2510408, 3, 0
2510509, 0, 0
2510521, 1, 0
2510529, 2, 1
2510533, 3, 0
2510635, 0, 0
2510646, 1, 0
2510654, 2, 0
2510658, 3, 0
2510760, 0, 0
2510771, 1, 0
2510779, 2, 0
2510783, 3, 0
2510885, 0, bit 0
2510885, 0, 0
2510896, 1, 0
2510904, 2, 0
2510908, 3, 0
2511010, 0, 0
2511021, 1, 0
2511029, 2, 0
2511033, 3, prem 0
2511033, 3, 0
2511135, 0, 0
2511147, 1, 0
2511154, 2, 0
2511158, 3, 0
2511260, 0, 0
2511272, 1, 0
2511279, 2, 0
2511283, 3, 0
2511385, 0, 0
2511397, 1, 0
2511404, 2, 0
2511408, 3, 0
2511510, 0, 0
2511522, 1, bit 0
2511522, 1, 0
2511529, 2, 0
2511533, 3, 0
2511635, 0, 0
2511647, 1, 0
2511654, 2, bit 1
2511654, 2, 1
2511659, 3, 0
2511760, 0, 0
2511772, 1, 0
2511779, 2, 1
2511784, 3, 0
2511885, 0, 0
2511897, 1, 0
2511904, 2, 0
2511909, 3, 0
2512010, 0, 0
2512022, 1, 0
2512029, 2, 0
2512034, 3, 0
2512135, 0, 0
2512147, 1, 0
2512154, 2, 1
2512159, 3, 0
2512260, 0, 0
2512272, 1, 0
2512279, 2, 1
2512284, 3, 0
2512385, 0, 0
2512397, 1, 0
2512404, 2, 0
2512409, 3, 0
2512510, 0, 0
2512522, 1, 0
2512529, 2, 0
2512534, 3, 0
2512635, 0, bit 0
2512635, 0, 0
2512647, 1, 0
2512654, 2, 0
2512659, 3, 0
2512760, 0, 0
2512772, 1, 0
2512779, 2, 0
2512784, 3, 0
2512885, 0, 0
2512897, 1, 0
2512904, 2, 0
2512909, 3, 0
2513010, 0, 0
2513022, 1, 0
2513029, 2, 0
2513034, 3, prem 0
2513034, 3, 0
2513135, 0, 0
2513147, 1, 0
2513154, 2, 0
2513159, 3, 0
2513260, 0, 0
2513272, 1, bit 0
2513272, 1, 0
2513280, 2, 0
2513284, 3, 0
2513385, 0, 0
2513397, 1, 0
2513405, 2, bit 1
2513405, 2, 1
2513409, 3, 0
2513510, 0, 0
2513522, 1, 0
2513530, 2, 1
2513534, 3, 0
2513635, 0, 0
2513647, 1, 0
2513655, 2, 0
2513659, 3, 0
2513760, 0, 0
2513772, 1, 0
2513780, 2, 0
2513784, 3, 0
2513885, 0, 0
2513897, 1, 0
2513905, 2, 1
2513909, 3, 0
2514010, 0, 0
2514022, 1, 0
2514030, 2, 1
2514034, 3, 0
2514135, 0, 0
2514147, 1, 0
2514155, 2, 0
2514159, 3, 0
2514260, 0, 0
2514272, 1, 0
2514280, 2, 0
2514284, 3, 0
2514385, 0, bit 1
2514385, 0, 1
2514397, 1, 0
2514405, 2, 0
2514409, 3, 0
2514510, 0, 0
2514522, 1, 0
2514530, 2, 0
2514534, 3, 0
2514635, 0, 1
2514647, 1, 0
2514655, 2, 0
2514659, 3, 0
2514760, 0, 0
2514772, 1, 0
2514780, 2, 0
2514784, 3, 0
2514885, 0, 1
2514897, 1, 0
2514905, 2, 0
2514909, 3, 0
2515010, 0, 0
2515022, 1, bit 1
2515022, 1, 1
2515030, 2, 0
2515034, 3, prem 0
2515034, 3, 0
2515135, 0, 0
2515147, 1, 0
2515155, 2, bit 1
2515159, 2, 1
2515159, 3, 0
2515260, 0, 0
2515272, 1, 0
2515280, 2, 1
2515284, 3, 0
2515385, 0, 0
2515397, 1, 1
2515405, 2, 0
2515409, 3, 0
2515510, 0, 1
2515522, 1, 0
2515530, 2, 0
2515534, 3, 0
2515635, 0, 0
2515647, 1, 0
2515655, 2, 1
2515659, 3, 0
2515760, 0, 0
2515772, 1, 1
2515780, 2, 1
2515784, 3, 0
2515885, 0, 0
2515897, 1, 0
2515905, 2, 0
2515909, 3, 0
2516011, 0, 0
2516022, 1, 0
2516030, 2, 0
2516034, 3, 0
2516136, 0, bit 1
2516136, 0, 1
2516147, 1, 0
2516155, 2, 0
2516159, 3, 0
2516261, 0, 0
2516272, 1, 1
2516280, 2, 0
2516284, 3, 0
2516386, 0, 1
2516397, 1, 0
2516405, 2, 0
2516409, 3, 0
2516511, 0, 0
2516523, 1, 0
2516530, 2, 0
2516534, 3, 0
2516636, 0, 1
2516648, 1, 0
2516655, 2, 0
2516659, 3, 0
2516761, 0, 0
2516773, 1, bit 1
2516773, 1, 1
2516780, 2, 0
2516784, 3, 0
2516886, 0, 0
2516898, 1, 0
2516905, 2, bit 0
2516905, 2, 0
2516909, 3, 0
2517011, 0, 0
2517023, 1, 0
2517030, 2, 0
2517035, 3, bit 1
2517035, 3, 1
2517136, 0, 0
2517148, 1, 1
2517155, 2, 0
2517160, 3, 1
2517261, 0, 1
2517273, 1, 0
2517280, 2, 0
2517285, 3, 1
2517386, 0, 0
2517398, 1, 0
2517405, 2, 0
2517410, 3, 0
2517511, 0, 0
2517523, 1, 1
2517530, 2, 0
2517535, 3, 0
2517636, 0, 0
2517648, 1, 0
2517655, 2, 0
2517660, 3, 0
2517761, 0, 0
2517773, 1, 0
2517780, 2, 0
2517785, 3, 0
2517886, 0, bit 1
2517886, 0, 1
2517898, 1, 0
2517905, 2, 0
2517910, 3, 0
2518011, 0, 0
2518023, 1, 1
2518030, 2, 0
2518035, 3, 1
2518136, 0, 1
2518148, 1, 0
2518155, 2, 0
2518160, 3, 0
2518261, 0, 0
2518273, 1, 0
2518280, 2, 0
2518285, 3, 0
2518386, 0, 1
2518398, 1, 0
2518405, 2, 0
2518410, 3, 0
2518511, 0, 0
2518523, 1, bit 1
2518523, 1, 1
2518530, 2, 0
2518535, 3, 0
2518636, 0, 0
2518648, 1, 0
2518656, 2, bit 1
2518656, 2, 1
2518660, 3, 0
2518761, 0, 0
2518773, 1, 0
2518781, 2, 1
2518785, 3, bit 0
2518785, 3, 0
2518886, 0, 0
2518898, 1, 1
2518906, 2, 0
2518910, 3, 0
2519011, 0, 1
2519023, 1, 0
2519031, 2, 0
2519035, 3, 0
2519136, 0, 0
2519148, 1, 0
2519156, 2, 1
2519160, 3, 0
2519261, 0, 0
2519273, 1, 1
2519281, 2, 1
2519285, 3, 0
2519386, 0, 0
2519398, 1, 0
2519406, 2, 0
2519410, 3, 0
2519511, 0, 0
2519523, 1, 0
2519531, 2, 0
2519535, 3, 0
2519636, 0, bit 1
2519636, 0, 1
2519648, 1, 0
2519656, 2, 0
2519660, 3, 0
2519761, 0, 0
2519773, 1, 1
2519781, 2, 0
2519785, 3, 0
2519886, 0, 1
2519898, 1, 0
2519906, 2, 0
2519910, 3, 0
2520011, 0, 0
2520023, 1, 0
2520031, 2, 0
2520035, 3, 0
2520136, 0, 1
2520148, 1, 0
2520156, 2, 0
2520160, 3, 0
2520261, 0, 0
2520273, 1, bit 0
2520273, 1, 0
2520281, 2, 0
2520285, 3, 0
2520386, 0, 0
2520398, 1, 0
2520406, 2, bit 1
2520406, 2, 1
2520410, 3, 0
2520511, 0, 0
2520523, 1, 0
2520531, 2, 1
2520535, 3, bit 0
2520535, 3, 0
2520636, 0, 0
2520648, 1, 0
2520656, 2, 0
2520660, 3, 0
2520761, 0, 1
2520773, 1, 0
2520781, 2, 0
2520785, 3, 0
2520886, 0, 0
2520898, 1, 0
2520906, 2, 1
2520910, 3, 0
2521011, 0, 0
2521023, 1, 0
2521031, 2, 1
2521035, 3, 0
2521136, 0, 0
2521148, 1, 0
2521156, 2, 0
2521160, 3, 0
2521261, 0, 0
2521273, 1, 0
2521281, 2, 0
2521285, 3, 0
2521387, 0, bit 1
2521387, 0, 1
2521398, 1, 0
2521406, 2, 0
2521410, 3, 0
2521512, 0, 0
2521523, 1, 0
2521531, 2, 0
2521535, 3, 0
2521637, 0, 1
2521648, 1, 0
2521656, 2, 0
2521660, 3, 0
2521762, 0, 0
2521773, 1, 0
2521781, 2, 0
2521785, 3, 0
2521887, 0, 1
2521899, 1, 0
2521906, 2, 0
2521910, 3, 0
2522012, 0, 0
2522024, 1, bit 0
2522024, 1, 0
2522031, 2, 0
2522035, 3, 0
2522137, 0, 0
2522149, 1, 0
2522156, 2, bit 1
2522156, 2, 1
2522160, 3, 0
2522262, 0, 0
2522274, 1, 0
2522281, 2, 1
2522285, 3, bit 1
2522285, 3, 1
2522387, 0, 0
2522399, 1, 0
2522406, 2, 0
2522411, 3, 1
2522512, 0, 1
2522524, 1, 0
2522531, 2, 0
2522536, 3, 1
2522637, 0, 0
2522649, 1, 0
2522656, 2, 1
2522661, 3, 0
2522762, 0, 0
2522774, 1, 0
2522781, 2, 1
2522786, 3, 0
2522887, 0, 0
2522899, 1, 0
2522906, 2, 0
2522911, 3, 0
2523012, 0, 0
2523024, 1, 0
2523031, 2, 0
2523036, 3, 0
2523137, 0, bit 1
2523137, 0, 1
2523149, 1, 0
2523156, 2, 0
2523161, 3, 0
2523262, 0, 0
2523274, 1, 0
2523281, 2, 0
2523286, 3, 1
2523387, 0, 1
2523399, 1, 0
2523406, 2, 0
2523411, 3, 0
2523512, 0, 0
2523524, 1, 0
2523531, 2, 0
2523536, 3, 0
2523637, 0, 1
2523649, 1, 0
2523656, 2, 0
2523661, 3, 0
2523762, 0, 0
2523774, 1, bit 0
2523774, 1, 0
2523781, 2, 0
2523786, 3, 0
2523887, 0, 0
2523899, 1, 0
2523906, 2, bit 1
2523906, 2, 1
2523911, 3, 0
2524012, 0, 0
2524024, 1, 0
2524032, 2, 1
2524036, 3, bit 0
2524036, 3, 0
2524137, 0, 0
2524149, 1, 0
2524157, 2, 0
2524161, 3, 0
2524262, 0, 1
2524274, 1, 0
2524282, 2, 0
2524286, 3, 0
2524387, 0, 0
2524399, 1, 0
2524407, 2, 1
2524411, 3, 0
2524512, 0, 0
2524524, 1, 0
2524532, 2, 1
2524536, 3, 0
2524637, 0, 0
2524649, 1, 0
2524657, 2, 0
2524661, 3, 0
2524762, 0, 0
2524774, 1, 0
2524782, 2, 0
2524786, 3, 0
2524887, 0, bit 0
2524887, 0, 0
2524899, 1, 0
2524907, 2, 0
2524911, 3, 0
2525012, 0, 0
2525024, 1, 0
2525032, 2, 0
2525036, 3, 0
2525137, 0, 0
2525149, 1, 0
2525157, 2, 0
2525161, 3, 0
2525262, 0, 0
2525274, 1, 0
2525282, 2, 0
2525286, 3, 0
2525387, 0, 0
2525399, 1, 0
2525407, 2, 0
2525411, 3, 0
2525512, 0, 0
2525524, 1, bit 1
2525524, 1, 1
2525532, 2, 0
2525536, 3, 0
2525637, 0, 0
2525649, 1, 0
2525657, 2, bit 1
2525657, 2, 1
2525661, 3, 0
2525762, 0, 0
2525774, 1, 0
2525782, 2, 1
2525786, 3, bit 0
2525786, 3, 0
2525887, 0, 0
2525899, 1, 1
2525907, 2, 0
2525911, 3, 0
2526012, 0, 0
2526024, 1, 0
2526032, 2, 0
2526036, 3, 0
2526137, 0, 0
2526149, 1, 0
2526157, 2, 1
2526161, 3, 0
2526262, 0, 0
2526274, 1, 1
2526282, 2, 1
2526286, 3, 0
2526387, 0, 0
2526399, 1, 0
2526407, 2, 0
2526411, 3, 0
2526512, 0, 0
2526524, 1, 0
2526532, 2, 0
2526536, 3, 0
2526637, 0, bit 0
2526637, 0, 0
2526649, 1, 0
2526657, 2, 0
2526661, 3, 0
2526763, 0, 0
2526774, 1, 1
2526782, 2, 0
2526786, 3, 0
2526888, 0, 0
2526899, 1, 0
2526907, 2, 0
2526911, 3, 0
2527013, 0, 0
2527024, 1, 0
2527032, 2, 0
2527036, 3, 0
2527138, 0, 0
2527149, 1, 0
2527157, 2, 0
2527161, 3, 0
2527263, 0, 0
2527275, 1, bit 1
2527275, 1, 1
2527282, 2, 0
2527286, 3, 0
2527388, 0, 0
2527400, 1, 0
2527407, 2, bit 1
2527407, 2, 1
2527411, 3, 0
2527513, 0, 0
2527525, 1, 0
2527532, 2, 1
2527536, 3, bit 1
2527536, 3, 1
2527638, 0, 0
2527650, 1, 1
2527657, 2, 0
2527661, 3, 1
2527763, 0, 0
2527775, 1, 0
2527782, 2, 0
2527787, 3, 1
2527888, 0, 0
2527900, 1, 0
2527907, 2, 1
2527912, 3, 0
2528013, 0, 0
2528025, 1, 1
2528032, 2, 1
2528037, 3, 0
2528138, 0, 0
2528150, 1, 0
2528157, 2, 0
2528162, 3, 0
2528263, 0, 0
2528275, 1, 0
2528282, 2, 0
2528287, 3, 0
2528388, 0, bit 1
2528388, 0, 1
2528400, 1, 0
2528407, 2, 0
2528412, 3, 0
2528513, 0, 0
2528525, 1, 1
2528532, 2, 0
2528537, 3, 1
2528638, 0, 1
2528650, 1, 0
2528657, 2, 0
2528662, 3, 0
2528763, 0, 0
2528775, 1, 0
2528782, 2, 0
2528787, 3, 0
2528888, 0, 1
2528900, 1, 0
2528907, 2, 0
2528912, 3, 0
2529013, 0, 0
2529025, 1, bit 1
2529025, 1, 1
2529032, 2, 0
2529037, 3, 0
2529138, 0, 0
2529150, 1, 0
2529157, 2, bit 1
2529157, 2, 1
2529162, 3, 0
2529263, 0, 0
2529275, 1, 0
2529282, 2, 1
2529287, 3, bit 1
2529287, 3, 1
2529388, 0, 0
2529400, 1, 1
2529408, 2, 0
2529412, 3, 1
2529513, 0, 1
2529525, 1, 0
2529533, 2, 0
2529537, 3, 1
2529638, 0, 0
2529650, 1, 0
2529658, 2, 1
2529662, 3, 0
2529763, 0, 0
2529775, 1, 1
2529783, 2, 1
2529787, 3, 0
2529888, 0, 0
2529900, 1, 0
2529908, 2, 0
2529912, 3, 0
2530013, 0, 0
2530025, 1, 0
2530033, 2, 0
2530037, 3, 0
2530138, 0, bit 1
2530138, 0, 1
2530150, 1, 0
2530158, 2, 0
2530162, 3, 0
2530263, 0, 0
2530275, 1, 1
2530283, 2, 0
2530287, 3, 1
2530388, 0, 1
2530400, 1, 0
2530408, 2, 0
2530412, 3, 0
2530513, 0, 0
2530525, 1, 0
2530533, 2, 0
2530537, 3, 0
2530638, 0, 1
2530650, 1, 0
2530658, 2, 0
2530662, 3, 0
2530763, 0, 0
2530775, 1, bit 0
2530775, 1, 0
2530783, 2, 0
2530787, 3, 0
2530888, 0, 0
2530900, 1, 0
2530908, 2, bit 1
2530908, 2, 1
2530912, 3, 0
2531013, 0, 0
2531025, 1, 0
2531033, 2, 1
2531037, 3, bit 0
2531037, 3, 0
2531138, 0, 0
2531150, 1, 0
2531158, 2, 0
2531162, 3, 0
2531263, 0, 1
2531275, 1, 0
2531283, 2, 0
2531287, 3, 0
2531388, 0, 0
2531400, 1, 0
2531408, 2, 1
2531412, 3, 0
2531513, 0, 0
2531525, 1, 0
2531533, 2, 1
2531537, 3, 0
2531638, 0, 0
2531650, 1, 0
2531658, 2, 0
2531662, 3, 0
2531763, 0, 0
2531775, 1, 0
2531783, 2, 0
2531787, 3, 0
2531888, 0, bit 1
2531888, 0, 1
2531900, 1, 0
2531908, 2, 0
2531912, 3, 0
2532013, 0, 0
2532025, 1, 0
2532033, 2, 0
2532037, 3, 0
2532139, 0, 1
2532150, 1, 0
2532158, 2, 0
2532162, 3, 0
2532264, 0, 0
2532275, 1, 0
2532283, 2, 0
2532287, 3, 0
2532389, 0, 1
2532400, 1, 0
2532408, 2, 0
2532412, 3, 0
2532514, 0, 0
2532525, 1, bit 0
2532525, 1, 0
2532533, 2, 0
2532537, 3, 0
2532639, 0, 0
2532651, 1, 0
2532658, 2, bit 1
2532658, 2, 1
2532662, 3, 0
2532764, 0, 0
2532776, 1, 0
2532783, 2, 1
2532787, 3, bit 0
2532787, 3, 0
2532889, 0, 0
2532901, 1, 0
2532908, 2, 0
2532912, 3, 0
2533014, 0, 1
2533026, 1, 0
2533033, 2, 0
2533037, 3, 0
2533139, 0, 0
2533151, 1, 0
2533158, 2, 1
2533163, 3, 0
2533264, 0, 0
2533276, 1, 0
2533283, 2, 1
2533288, 3, 0
2533389, 0, 0
2533401, 1, 0
2533408, 2, 0
2533413, 3, 0
2533514, 0, 0
2533526, 1, 0
2533533, 2, 0
2533538, 3, 0
2533651, 1, 0
2533658, 2, 0
2533663, 3, 0
2533776, 1, 0
2533783, 2, 0
2533788, 3, 0
2533901, 1, 0
2533908, 2, 0
2533913, 3, 0
2534026, 1, 0
2534033, 2, 0
2534038, 3, 0
2534151, 1, 0
2534158, 2, 0
2534163, 3, 0
2534276, 1, bit 0
2534276, 1, 0
2534283, 2, 0
2534288, 3, 0
2534401, 1, 0
2534408, 2, bit 0
2534408, 2, 0
2534413, 3, 0
2534526, 1, 0
2534533, 2, 0
2534538, 3, bit 0
2534538, 3, 0
2534651, 1, 0
2534658, 2, 0
2534663, 3, 0
2534776, 1, 0
2534784, 2, 0
2534788, 3, 0
2534901, 1, 0
2534909, 2, 0
2534913, 3, 0
2535026, 1, 0
2535034, 2, 0
2535038, 3, 0
2535151, 1, 0
2535159, 2, 0
2535163, 3, 0
2535276, 1, 0
2535284, 2, 0
2535288, 3, 0
2535401, 1, 0
2535409, 2, 0
2535413, 3, 0
2535526, 1, 0
2535534, 2, 0
2535538, 3, 0
2535651, 1, 0
2535659, 2, 0
2535663, 3, 0
2535776, 1, 0
2535784, 2, 0
2535788, 3, 0
2535901, 1, 0
2535909, 2, 0
2535913, 3, 0
2536026, 1, bit 0
2536026, 1, 0
2536034, 2, 0
2536038, 3, 0
2536151, 1, 0
2536159, 2, bit 1
2536159, 2, 1
2536163, 3, 0
2536276, 1, 0
2536284, 2, 1
2536288, 3, bit 0
2536288, 3, 0
2536401, 1, 0
2536409, 2, 0
2536413, 3, 0
2536526, 1, 0
2536534, 2, 0
2536538, 3, 0
2536651, 1, 0
2536659, 2, 1
2536663, 3, 0
2536776, 1, 0
2536784, 2, 1
2536788, 3, 0
2536901, 1, 0
2536909, 2, 0
2536913, 3, 0
2537026, 1, 0
2537034, 2, 0
2537038, 3, 0
2537151, 1, 0
2537159, 2, 0
2537163, 3, 0
2537276, 1, 0
2537284, 2, 0
2537288, 3, 0
2537401, 1, 0
2537409, 2, 0
2537413, 3, 0
2537526, 1, 0
2537534, 2, 0
2537538, 3, 0
2537651, 1, 0
2537659, 2, 0
2537663, 3, 0
2537776, 1, bit 1
2537776, 1, 1
2537784, 2, 0
2537788, 3, 0
2537901, 1, 0
2537909, 2, bit 1
2537909, 2, 1
2537913, 3, 0
2538027, 1, 0
2538034, 2, 1
2538038, 3, bit 1
2538038, 3, 1
2538152, 1, 1
2538159, 2, 0
2538163, 3, 1
2538277, 1, 0
2538284, 2, 0
2538288, 3, 1
2538402, 1, 0
2538409, 2, 1
2538413, 3, 0
2538527, 1, 1
2538534, 2, 1
2538539, 3, 0
2538652, 1, 0
2538659, 2, 0
2538664, 3, 0
2538777, 1, 0
2538784, 2, 0
2538789, 3, 0
2538902, 1, 0
2538909, 2, 0
2538914, 3, 0
2539027, 1, 1
2539034, 2, 0
2539039, 3, 1
2539152, 1, 0
2539159, 2, 0
2539164, 3, 0
2539277, 1, 0
2539284, 2, 0
2539289, 3, 0
2539402, 1, 0
2539409, 2, 0
2539414, 3, 0
2539527, 1, bit 0
2539527, 1, 0
2539534, 2, 0
2539539, 3, 0
2539652, 1, 0
2539659, 2, bit 0
2539659, 2, 0
2539664, 3, 0
2539777, 1, 0
2539784, 2, 0
2539789, 3, bit 1
2539789, 3, 1
2539902, 1, 0
2539909, 2, 0
2539914, 3, 1
2540027, 1, 0
2540034, 2, 0
2540039, 3, 1
2540152, 1, 0
2540160, 2, 0
2540164, 3, 0
2540277, 1, 0
2540285, 2, 0
2540289, 3, 0
2540402, 1, 0
2540412, 2, 0
2540414, 3, 0
2540527, 1, 0
2540537, 2, 0
2540539, 3, 0
2540652, 1, 0
2540662, 2, 0
2540664, 3, 0
2540777, 1, 0
2540787, 2, 0
2540789, 3, 1
2540902, 1, 0
2540912, 2, 0
2540914, 3, 0
2541027, 1, 0
2541037, 2, 0
2541039, 3, 0
2541152, 1, 0
2541162, 2, 0
2541164, 3, 0
2541277, 1, bit 1
2541277, 1, 1
2541287, 2, 0
2541289, 3, 0
2541402, 1, 0
2541412, 2, bit 1
2541412, 2, 1
2541414, 3, 0
2541527, 1, 0
2541537, 2, 1
2541539, 3, bit 1
2541539, 3, 1
2541652, 1, 1
2541662, 2, 0
2541664, 3, 1
2541777, 1, 0
2541787, 2, 0
2541789, 3, 1
2541902, 1, 0
2541912, 2, 1
2541914, 3, 0
2542027, 1, 1
2542038, 2, 1
2542039, 3, 0
2542152, 1, 0
2542163, 2, 0
2542164, 3, 0
2542277, 1, 0
2542288, 2, 0
2542289, 3, 0
2542402, 1, 0
2542413, 2, 0
2542414, 3, 0
2542527, 1, 1
2542538, 2, 0
2542539, 3, 1
2542652, 1, 0
2542663, 2, 0
2542664, 3, 0
2542777, 1, 0
2542788, 2, 0
2542789, 3, 0
2542902, 1, 0
2542913, 2, 0
2542914, 3, 0
2543027, 1, bit 1
2543027, 1, 1
2543038, 2, 0
2543039, 3, 0
2543152, 1, 0
2543163, 2, bit 0
2543163, 2, 0
2543164, 3, 0
2543277, 1, 0
2543288, 2, 0
2543289, 3, bit 0
2543289, 3, 0
2543403, 1, 1
2543413, 2, 0
2543414, 3, 0
2543528, 1, 0
2543538, 2, 0
2543539, 3, 0
2543653, 1, 0
2543663, 2, 0
2543664, 3, 0
2543778, 1, 1
2543788, 2, 0
2543789, 3, 0
2543903, 1, 0
2543913, 2, 0
2543915, 3, 0
2544028, 1, 0
2544038, 2, 0
2544040, 3, 0
2544153, 1, 0
2544163, 2, 0
2544165, 3, 0
2544278, 1, 1
2544288, 2, 0
2544291, 3, 0
2544403, 1, 0
2544413, 2, 0
2544416, 3, 0
2544528, 1, 0
2544538, 2, 0
2544541, 3, 0
2544653, 1, 0
2544663, 2, 0
2544666, 3, 0
2544778, 1, bit 0
2544778, 1, 0
2544788, 2, 0
2544791, 3, 0
2544903, 1, 0
2544913, 2, bit 1
2544913, 2, 1
2544916, 3, 0
2545028, 1, 0
2545038, 2, 1
2545041, 3, bit 0
2545041, 3, 0
2545153, 1, 0
2545163, 2, 0
2545166, 3, 0
2545278, 1, 0
2545288, 2, 0
2545291, 3, 0
2545403, 1, 0
2545413, 2, 1
2545416, 3, 0
2545528, 1, 0
2545538, 2, 1
2545541, 3, 0
2545653, 1, 0
2545664, 2, 0
2545666, 3, 0
2545778, 1, 0
2545789, 2, 0
2545792, 3, 0
2545903, 1, 0
2545914, 2, 0
2545917, 3, 0
2546028, 1, 0
2546039, 2, 0
2546042, 3, 0
2546153, 1, 0
2546164, 2, 0
2546167, 3, 0
2546278, 1, 0
2546289, 2, 0
2546292, 3, 0
2546403, 1, 0
2546414, 2, 0
2546417, 3, 0
2546528, 1, bit 1
2546528, 1, 1
2546539, 2, 0
2546542, 3, 0
2546653, 1, 0
2546664, 2, bit 0
2546664, 2, 0
2546667, 3, 0
2546778, 1, 0
2546789, 2, 0
2546792, 3, bit 0
2546792, 3, 0
2546903, 1, 1
2546914, 2, 0
2546917, 3, 0
2547028, 1, 0
2547039, 2, 0
2547042, 3, 0
2547153, 1, 0
2547164, 2, 0
2547167, 3, 0
2547278, 1, 1
2547289, 2, 0
2547292, 3, 0
2547403, 1, 0
2547414, 2, 0
2547417, 3, 0
2547528, 1, 0
2547539, 2, 0
2547542, 3, 0
2547653, 1, 0
2547664, 2, 0
2547667, 3, 0
2547778, 1, 1
2547789, 2, 0
2547792, 3, 0
2547903, 1, 0
2547914, 2, 0
2547917, 3, 0
2548028, 1, 0
2548039, 2, 0
2548042, 3, 0
2548153, 1, 0
2548164, 2, 0
2548167, 3, 0
2548278, 1, bit 0
2548281, 1, 0
2548289, 2, 0
2548292, 3, 0
2548403, 1, 0
2548414, 2, bit 0
2548414, 2, 0
2548417, 3, 0
2548528, 1, 0
2548539, 2, 0
2548542, 3, bit 0
2548542, 3, 0
2548653, 1, 0
2548664, 2, 0
2548667, 3, 0
2548779, 1, 0
2548789, 2, 0
2548792, 3, 0
2548904, 1, 0
2548914, 2, 0
2548917, 3, 0
2549029, 1, 0
2549039, 2, 0
2549042, 3, 0
2549154, 1, 0
2549164, 2, 0
2549167, 3, 0
2549279, 1, 0
2549289, 2, 0
2549292, 3, 0
2549404, 1, 0
2549414, 2, 0
2549417, 3, 0
2549529, 1, 0
2549539, 2, 0
2549542, 3, 0
2549654, 1, 0
2549664, 2, 0
2549667, 3, 0
2549779, 1, 0
2549789, 2, 0
2549792, 3, 0
2549904, 1, 0
2549914, 2, 0
2549917, 3, 0
2550029, 1, bit 1
2550029, 1, 1
2550039, 2, 0
2550042, 3, 0
2550154, 1, 0
2550164, 2, bit 1
2550164, 2, 1
2550167, 3, 0
2550279, 1, 0
2550289, 2, 1
2550292, 3, bit 0
2550292, 3, 0
2550404, 1, 1
2550414, 2, 0
2550417, 3, 0
2550529, 1, 0
2550539, 2, 0
2550542, 3, 0
2550654, 1, 0
2550664, 2, 1
2550667, 3, 0
2550779, 1, 1
2550789, 2, 1
2550792, 3, 0
2550904, 1, 0
2550914, 2, 0
2550917, 3, 0
2551029, 1, 0
2551040, 2, 0
2551042, 3, 0
2551154, 1, 0
2551165, 2, 0
2551168, 3, 0
2551279, 1, 1
2551290, 2, 0
2551293, 3, 0
2551404, 1, 0
2551415, 2, 0
2551418, 3, 0
2551529, 1, 0
2551540, 2, 0
2551543, 3, 0
2551654, 1, 0
2551665, 2, 0
2551668, 3, 0
2551779, 1, bit 0
2551779, 1, 0
2551790, 2, 0
2551793, 3, 0
2551904, 1, 0
2551915, 2, bit 0
2551915, 2, 0
2551918, 3, 0
2552029, 1, 0
2552040, 2, 0
2552043, 3, bit 1
2552046, 3, 1
2552154, 1, 0
2552165, 2, 0
2552168, 3, 1
2552279, 1, 0
2552290, 2, 0
2552293, 3, 1
2552404, 1, 0
2552415, 2, 0
2552418, 3, 0
2552529, 1, 0
2552540, 2, 0
2552543, 3, 0
2552654, 1, 0
2552665, 2, 0
2552668, 3, 0
2552779, 1, 0
2552790, 2, 0
2552793, 3, 0
2552904, 1, 0
2552915, 2, 0
2552918, 3, 0
2553029, 1, 0
2553040, 2, 0
2553043, 3, 1
2553154, 1, 0
2553165, 2, 0
2553168, 3, 0
2553279, 1, 0
2553290, 2, 0
2553293, 3, 0
2553404, 1, 0
2553415, 2, 0
2553418, 3, 0
2553529, 1, bit 0
2553529, 1, 0
2553540, 2, 0
2553543, 3, 0
2553654, 1, 0
2553665, 2, bit 0
2553665, 2, 0
2553668, 3, 0
2553779, 1, 0
2553790, 2, 0
2553793, 3, bit 0
2553793, 3, 0
2553904, 1, 0
2553915, 2, 0
2553918, 3, 0
2554029, 1, 0
2554040, 2, 0
2554043, 3, 0
2554155, 1, 0
2554165, 2, 0
2554168, 3, 0
2554280, 1, 0
2554290, 2, 0
2554293, 3, 0
2554405, 1, 0
2554415, 2, 0
2554418, 3, 0
2554530, 1, 0
2554540, 2, 0
2554543, 3, 0
2554655, 1, 0
2554665, 2, 0
2554668, 3, 0
2554780, 1, 0
2554790, 2, 0
2554793, 3, 0
2554905, 1, 0
2554915, 2, 0
2554918, 3, 0
2555030, 1, 0
2555040, 2, 0
2555043, 3, 0
2555155, 1, 0
2555165, 2, 0
2555168, 3, 0
2555280, 1, bit 0
2555280, 1, 0
2555290, 2, 0
2555293, 3, 0
2555405, 1, 0
2555415, 2, bit 1
2555415, 2, 1
2555418, 3, 0
2555530, 1, 0
2555540, 2, 1
2555543, 3, bit 0
2555543, 3, 0
2555655, 1, 0
2555665, 2, 0
2555668, 3, 0
2555780, 1, 0
2555790, 2, 0
2555793, 3, 0
2555905, 1, 0
2555915, 2, 1
2555918, 3, 0
2556030, 1, 0
2556040, 2, 1
2556043, 3, 0
2556155, 1, 0
2556165, 2, 0
2556168, 3, 0
2556280, 1, 0
2556290, 2, 0
2556293, 3, 0
2556405, 1, 0
2556416, 2, 0
2556418, 3, 0
2556530, 1, 0
2556541, 2, 0
2556544, 3, 0
2556655, 1, 0
2556666, 2, 0
2556669, 3, 0
2556780, 1, 0
2556791, 2, 0
2556794, 3, 0
2556905, 1, 0
2556916, 2, 0
2556919, 3, 0
2557030, 1, bit 0
2557030, 1, 0
2557041, 2, 0
2557044, 3, 0
2557155, 1, 0
2557166, 2, bit 0
2557166, 2, 0
2557169, 3, 0
2557280, 1, 0
2557291, 2, 0
2557294, 3, bit 1
2557297, 3, 1
2557405, 1, 0
2557416, 2, 0
2557419, 3, 1
2557530, 1, 0
2557541, 2, 0
2557544, 3, 1
2557655, 1, 0
2557666, 2, 0
2557669, 3, 0
2557780, 1, 0
2557791, 2, 0
2557794, 3, 0
2557905, 1, 0
2557916, 2, 0
2557919, 3, 0
2558030, 1, 0
2558041, 2, 0
2558044, 3, 0
2558155, 1, 0
2558166, 2, 0
2558169, 3, 0
2558280, 1, 0
2558291, 2, 0
2558294, 3, 1
2558405, 1, 0
2558416, 2, 0
2558419, 3, 0
2558530, 1, 0
2558541, 2, 0
2558544, 3, 0
2558655, 1, 0
2558666, 2, 0
2558669, 3, 0
2558780, 1, bit 1
2558780, 1, 1
2558791, 2, 0
2558794, 3, 0
2558905, 1, 0
2558916, 2, bit 0
2558916, 2, 0
2558919, 3, 0
2559030, 1, 0
2559041, 2, 0
2559044, 3, bit 1
2559044, 3, 1
2559155, 1, 1
2559166, 2, 0
2559169, 3, 1
2559280, 1, 0
2559291, 2, 0
2559294, 3, 1
2559405, 1, 0
2559416, 2, 0
2559419, 3, 0
2559531, 1, 1
2559541, 2, 0
2559544, 3, 0
2559656, 1, 0
2559666, 2, 0
2559669, 3, 0
2559781, 1, 0
2559791, 2, 0
2559794, 3, 0
2559906, 1, 0
2559916, 2, 0
2559919, 3, 0
2560031, 1, 1
2560041, 2, 0
2560044, 3, 1
2560156, 1, 0
2560166, 2, 0
2560169, 3, 0
2560281, 1, 0
2560291, 2, 0
2560294, 3, 0
2560406, 1, 0
2560416, 2, 0
2560419, 3, 0
2560531, 1, bit 0
2560531, 1, 0
2560541, 2, 0
2560544, 3, 0
2560656, 1, 0
2560666, 2, bit 1
2560666, 2, 1
2560669, 3, 0
2560781, 1, 0
2560791, 2, 1
2560794, 3, bit 0
2560794, 3, 0
2560906, 1, 0
2560916, 2, 0
2560919, 3, 0
2561031, 1, 0
2561041, 2, 0
2561044, 3, 0
2561156, 1, 0
2561166, 2, 1
2561169, 3, 0
2561281, 1, 0
2561291, 2, 1
2561294, 3, 0
2561406, 1, 0
2561416, 2, 0
2561419, 3, 0
2561531, 1, 0
2561541, 2, 0
2561544, 3, 0
2561656, 1, 0
2561666, 2, 0
2561669, 3, 0
2561781, 1, 0
2561792, 2, 0
2561794, 3, 0
2561906, 1, 0
2561917, 2, 0
2561920, 3, 0
2562031, 1, 0
2562042, 2, 0
2562045, 3, 0
2562156, 1, 0
2562167, 2, 0
2562170, 3, 0
2562281, 1, bit 0
2562281, 1, 0
2562292, 2, 0
2562295, 3, 0
2562406, 1, 0
2562417, 2, bit 1
2562417, 2, 1
2562420, 3, 0
2562531, 1, 0
2562542, 2, 1
2562545, 3, bit 1
2562545, 3, 1
2562656, 1, 0
2562667, 2, 0
2562670, 3, 1
2562781, 1, 0
2562792, 2, 0
2562795, 3, 1
2562906, 1, 0
2562917, 2, 1
2562920, 3, 0
2563031, 1, 0
2563042, 2, 1
2563045, 3, 0
2563156, 1, 0
2563167, 2, 0
2563170, 3, 0
2563281, 1, 0
2563292, 2, 0
2563295, 3, 0
2563406, 1, 0
2563417, 2, 0
2563420, 3, 0
2563531, 1, 0
2563542, 2, 0
2563545, 3, 1
2563656, 1, 0
2563667, 2, 0
2563670, 3, 0
2563781, 1, 0
2563792, 2, 0
2563795, 3, 0
2563906, 1, 0
2563917, 2, 0
2563920, 3, 0
2564042, 2, 0
2564045, 3, 0
2564167, 2, bit 1
2564167, 2, 1
2564170, 3, 0
2564292, 2, 1
2564295, 3, bit 1
2564295, 3, 1
2564417, 2, 0
2564420, 3, 1
2564542, 2, 0
2564545, 3, 1
2564667, 2, 1
2564670, 3, 0
2564792, 2, 1
2564795, 3, 0
2564917, 2, 0
2564920, 3, 0
2565042, 2, 0
2565045, 3, 0
2565167, 2, 0
2565170, 3, 0
2565292, 2, 0
2565295, 3, 1
2565417, 2, 0
2565420, 3, 0
2565542, 2, 0
2565545, 3, 0
2565667, 2, 0
2565670, 3, 0
2565792, 2, 0
2565795, 3, 0
2565917, 2, bit 1
2565917, 2, 1
2565920, 3, 0
2566042, 2, 1
2566045, 3, bit 1
2566045, 3, 1
2566167, 2, 0
2566170, 3, 1
2566292, 2, 0
2566295, 3, 1
2566417, 2, 1
2566420, 3, 0
2566542, 2, 1
2566545, 3, 0
2566667, 2, 0
2566670, 3, 0
2566792, 2, 0
2566795, 3, 0
2566917, 2, 0
2566920, 3, 0
2567042, 2, 0
2567045, 3, 1
2567168, 2, 0
2567170, 3, 0
2567293, 2, 0
2567296, 3, 0
2567418, 2, 0
2567421, 3, 0
2567543, 2, 0
2567546, 3, 0
2567668, 2, bit 1
2567668, 2, 1
2567671, 3, 0
2567793, 2, 1
2567796, 3, bit 1
2567796, 3, 1
2567918, 2, 0
2567921, 3, 1
2568043, 2, 0
2568046, 3, 1
2568168, 2, 1
2568171, 3, 0
2568293, 2, 1
2568296, 3, 0
2568418, 2, 0
2568421, 3, 0
2568543, 2, 0
2568546, 3, 0
2568668, 2, 0
2568671, 3, 0
2568793, 2, 0
2568796, 3, 1
2568918, 2, 0
2568921, 3, 0
2569043, 2, 0
2569046, 3, 0
2569168, 2, 0
2569171, 3, 0
2569293, 2, 0
2569296, 3, 0
2569418, 2, bit 0
2569418, 2, 0
2569421, 3, 0
2569543, 2, 0
2569546, 3, bit 0
2569546, 3, 0
2569668, 2, 0
2569671, 3, 0
2569793, 2, 0
2569796, 3, 0
2569918, 2, 0
2569921, 3, 0
2570043, 2, 0
2570046, 3, 0
2570168, 2, 0
2570171, 3, 0
2570293, 2, 0
2570296, 3, 0
2570418, 2, 0
2570421, 3, 0
2570543, 2, 0
2570546, 3, 0
2570668, 2, 0
2570671, 3, 0
2570793, 2, 0
2570796, 3, 0
2570918, 2, 0
2570921, 3, 0
2571043, 2, 0
2571046, 3, 0
2571168, 2, bit 0
2571168, 2, 0
2571171, 3, 0
2571293, 2, 0
2571296, 3, bit 0
2571296, 3, 0
2571418, 2, 0
2571421, 3, 0
2571543, 2, 0
2571546, 3, 0
2571668, 2, 0
2571671, 3, 0
2571793, 2, 0
2571796, 3, 0
2571918, 2, 0
2571921, 3, 0
2572043, 2, 0
2572046, 3, 0
2572168, 2, 0
2572171, 3, 0
2572293, 2, 0
2572296, 3, 0
2572418, 2, 0
2572421, 3, 0
2572544, 2, 0
2572546, 3, 0
2572669, 2, 0
2572672, 3, 0
2572794, 2, 0
2572797, 3, 0
2572919, 2, bit 1
2572919, 2, 1
2572922, 3, 0
2573044, 2, 1
2573047, 3, bit 1
2573047, 3, 1
2573169, 2, 0
2573172, 3, 1
2573294, 2, 0
2573297, 3, 1
2573419, 2, 1
2573422, 3, 0
2573544, 2, 1
2573547, 3, 0
2573669, 2, 0
2573672, 3, 0
2573794, 2, 0
2573797, 3, 0
2573919, 2, 0
2573922, 3, 0
2574044, 2, 0
2574047, 3, 1
2574169, 2, 0
2574172, 3, 0
2574294, 2, 0
2574297, 3, 0
2574419, 2, 0
2574422, 3, 0
2574544, 2, 0
2574547, 3, 0
2574669, 2, bit 1
2574669, 2, 1
2574672, 3, 0
2574794, 2, 1
2574797, 3, bit 0
2574797, 3, 0
2574919, 2, 0
2574922, 3, 0
2575044, 2, 0
2575047, 3, 0
2575169, 2, 1
2575172, 3, 0
2575294, 2, 1
2575297, 3, 0
2575419, 2, 0
2575422, 3, 0
2575544, 2, 0
2575547, 3, 0
2575669, 2, 0
2575672, 3, 0
2575794, 2, 0
2575797, 3, 0
2575919, 2, 0
2575922, 3, 0
2576044, 2, 0
2576047, 3, 0
2576169, 2, 0
2576172, 3, 0
2576294, 2, 0
2576297, 3, 0
2576419, 2, bit 1
2576419, 2, 1
2576422, 3, 0
2576544, 2, 1
2576547, 3, bit 1
2576547, 3, 1
2576669, 2, 0
2576672, 3, 1
2576794, 2, 0
2576797, 3, 1
2576919, 2, 1
2576922, 3, 0
2577044, 2, 1
2577047, 3, 0
2577169, 2, 0
2577172, 3, 0
2577294, 2, 0
2577297, 3, 0
2577419, 2, 0
2577422, 3, 0
2577544, 2, 0
2577547, 3, 1
2577669, 2, 0
2577672, 3, 0
2577794, 2, 0
2577797, 3, 0
2577920, 2, 0
2577922, 3, 0
2578045, 2, 0
2578048, 3, 0
2578170, 2, bit 0
2578170, 2, 0
2578173, 3, 0
2578295, 2, 0
2578298, 3, bit 0
2578298, 3, 0
2578420, 2, 0
2578423, 3, 0
2578545, 2, 0
2578548, 3, 0
2578670, 2, 0
2578673, 3, 0
2578795, 2, 0
2578798, 3, 0
2578920, 2, 0
2578923, 3, 0
2579045, 2, 0
2579048, 3, 0
2579170, 2, 0
2579173, 3, 0
2579295, 2, 0
2579298, 3, 0
2579420, 2, 0
2579423, 3, 0
2579545, 2, 0
2579548, 3, 0
2579670, 2, 0
2579673, 3, 0
2579795, 2, 0
2579798, 3, 0
2579920, 2, bit 1
2579920, 2, 1
2579923, 3, 0
2580045, 2, 1
2580048, 3, bit 0
2580048, 3, 0
2580170, 2, 0
2580173, 3, 0
2580295, 2, 0
2580298, 3, 0
2580420, 2, 1
2580423, 3, 0
2580545, 2, 1
2580548, 3, 0
2580670, 2, 0
2580673, 3, 0
2580795, 2, 0
2580798, 3, 0
2580920, 2, 0
2580923, 3, 0
2581045, 2, 0
2581048, 3, 0
2581170, 2, 0
2581173, 3, 0
2581295, 2, 0
2581298, 3, 0
2581420, 2, 0
2581423, 3, 0
2581545, 2, 0
2581548, 3, 0
2581670, 2, bit 1
2581670, 2, 1
2581673, 3, 0
2581795, 2, 1
2581798, 3, bit 0
2581798, 3, 0
2581920, 2, 0
2581923, 3, 0
2582045, 2, 0
2582048, 3, 0
2582170, 2, 1
2582173, 3, 0
2582295, 2, 1
2582298, 3, 0
2582420, 2, 0
2582423, 3, 0
2582545, 2, 0
2582548, 3, 0
2582670, 2, 0
2582673, 3, 0
2582795, 2, 0
2582798, 3, 0
2582920, 2, 0
2582923, 3, 0
2583045, 2, 0
2583048, 3, 0
2583170, 2, 0
2583173, 3, 0
2583296, 2, 0
2583298, 3, 0
2583421, 2, bit 1
2583421, 2, 1
2583425, 3, 0
2583546, 2, 1
2583550, 3, bit 1
2583550, 3, 1
2583671, 2, 0
2583675, 3, 1
2583796, 2, 0
2583800, 3, 1
2583921, 2, 1
2583925, 3, 0
2584046, 2, 1
2584050, 3, 0
2584171, 2, 0
2584175, 3, 0
2584296, 2, 0
2584300, 3, 0
2584421, 2, 0
2584425, 3, 0
2584546, 2, 0
2584550, 3, 1
2584671, 2, 0
2584675, 3, 0
2584796, 2, 0
2584800, 3, 0
2584921, 2, 0
2584925, 3, 0
2585046, 2, 0
2585050, 3, 0
2585171, 2, bit 1
2585171, 2, 1
2585175, 3, 0
2585296, 2, 1
2585300, 3, bit 1
2585304, 3, 1
2585421, 2, 0
2585425, 3, 1
2585546, 2, 0
2585550, 3, 1
2585671, 2, 1
2585675, 3, 0
2585796, 2, 1
2585800, 3, 0
2585921, 2, 0
2585925, 3, 0
2586046, 2, 0
2586050, 3, 0
2586171, 2, 0
2586175, 3, 0
2586296, 2, 0
2586300, 3, 1
2586421, 2, 0
2586425, 3, 0
2586546, 2, 0
2586550, 3, 0
2586671, 2, 0
2586675, 3, 0
2586796, 2, 0
2586800, 3, 0
2586921, 2, bit 1
2586921, 2, 1
2586925, 3, 0
2587046, 2, 1
2587051, 3, bit 0
2587051, 3, 0
2587171, 2, 0
2587176, 3, 0
2587296, 2, 0
2587301, 3, 0
2587421, 2, 1
2587426, 3, 0
2587546, 2, 1
2587551, 3, 0
2587671, 2, 0
2587676, 3, 0
2587796, 2, 0
2587801, 3, 0
2587921, 2, 0
2587926, 3, 0
2588046, 2, 0
2588051, 3, 0
2588171, 2, 0
2588176, 3, 0
2588296, 2, 0
2588301, 3, 0
2588421, 2, 0
2588426, 3, 0
2588546, 2, 0
2588551, 3, 0
2588672, 2, bit 0
2588672, 2, 0
2588676, 3, 0
2588797, 2, 0
2588801, 3, bit 0
2588801, 3, 0
2588922, 2, 0
2588926, 3, 0
2589047, 2, 0
2589051, 3, 0
2589172, 2, 0
2589176, 3, 0
2589297, 2, 0
2589301, 3, 0
2589422, 2, 0
2589426, 3, 0
2589547, 2, 0
2589551, 3, 0
2589672, 2, 0
2589676, 3, 0
2589797, 2, 0
2589801, 3, 0
2589922, 2, 0
2589926, 3, 0
2590047, 2, 0
2590051, 3, 0
2590172, 2, 0
2590176, 3, 0
2590297, 2, 0
2590301, 3, 0
2590422, 2, bit 1
2590422, 2, 1
2590426, 3, 0
2590547, 2, 1
2590551, 3, bit 1
2590551, 3, 1
2590672, 2, 0
2590676, 3, 1
2590797, 2, 0
2590801, 3, 1
2590922, 2, 1
2590926, 3, 0
2591047, 2, 1
2591051, 3, 0
2591172, 2, 0
2591176, 3, 0
2591297, 2, 0
2591301, 3, 0
2591422, 2, 0
2591426, 3, 0
2591547, 2, 0
2591551, 3, 1
2591672, 2, 0
2591676, 3, 0
2591797, 2, 0
2591801, 3, 0
2591922, 2, 0
2591926, 3, 0
2592047, 2, 0
2592051, 3, 0
2592176, 3, 0
2592301, 3, bit 1
2592301, 3, 1
2592427, 3, 1
2592552, 3, 1
2592677, 3, 0
2592802, 3, 0
2592927, 3, 0
2593052, 3, 0
2593177, 3, 0
2593302, 3, 1
2593427, 3, 0
2593552, 3, 0
2593677, 3, 0
2593802, 3, 0
2593927, 3, 0
2594052, 3, bit 0
2594052, 3, 0
2594177, 3, 0
2594302, 3, 0
2594427, 3, 0
2594552, 3, 0
2594677, 3, 0
2594802, 3, 0
2594927, 3, 0
2595052, 3, 0
2595177, 3, 0
2595302, 3, 0
2595427, 3, 0
2595552, 3, 0
2595677, 3, 0
2595802, 3, bit 0
2595802, 3, 0
2595927, 3, 0
2596052, 3, 0
2596177, 3, 0
2596302, 3, 0
2596427, 3, 0
2596552, 3, 0
2596677, 3, 0
2596802, 3, 0
2596927, 3, 0
2597052, 3, 0
2597177, 3, 0
2597302, 3, 0
2597427, 3, 0
2597552, 3, bit 0
2597552, 3, 0
2597677, 3, 0
2597803, 3, 0
2597928, 3, 0
2598053, 3, 0
2598178, 3, 0
2598303, 3, 0
2598428, 3, 0
2598553, 3, 0
2598678, 3, 0
2598803, 3, 0
2598928, 3, 0
2599053, 3, 0
2599178, 3, 0
2599303, 3, bit 0
2599303, 3, 0
2599428, 3, 0
2599553, 3, 0
2599678, 3, 0
2599803, 3, 0
2599928, 3, 0
2600053, 3, 0
2600178, 3, 0
2600303, 3, 0
2600428, 3, 0
2600553, 3, 0
2600678, 3, 0
2600803, 3, 0
2600928, 3, 0
2601053, 3, bit 1
2601053, 3, 1
2601178, 3, 1
2601303, 3, 1
2601428, 3, 0
2601553, 3, 0
2601678, 3, 0
2601803, 3, 0
2601928, 3, 0
2602053, 3, 1
2602178, 3, 0
2602303, 3, 0
2602428, 3, 0
2602553, 3, 0
2602678, 3, 0
2602803, 3, bit 1
2602803, 3, 1
2602928, 3, 1
2603053, 3, 1
2603179, 3, 0
2603304, 3, 0
2603429, 3, 0
2603554, 3, 0
2603679, 3, 0
2603804, 3, 1
2603929, 3, 0
2604054, 3, 0
2604179, 3, 0
2604304, 3, 0
2604429, 3, 0
2604554, 3, bit 0
2604554, 3, 0
2604679, 3, 0
2604804, 3, 0
2604929, 3, 0
2605054, 3, 0
2605179, 3, 0
2605304, 3, 0
2605429, 3, 0
2605554, 3, 0
2605679, 3, 0
2605804, 3, 0
2605929, 3, 0
2606054, 3, 0
2606179, 3, 0
2606304, 3, bit 0
2606304, 3, 0
2606429, 3, 0
2606554, 3, 0
2606679, 3, 0
2606804, 3, 0
2606929, 3, 0
2607054, 3, 0
2607179, 3, 0
2607304, 3, 0
2607429, 3, 0
2607554, 3, 0
2607679, 3, 0
2607804, 3, 0
2607929, 3, 0
2608054, 3, bit 0
2608054, 3, 0
2608179, 3, 0
2608304, 3, 0
2608429, 3, 0
2608555, 3, 0
2608680, 3, 0
2608805, 3, 0
2608930, 3, 0
2609055, 3, 0
2609180, 3, 0
2609305, 3, 0
2609430, 3, 0
2609555, 3, 0
2609680, 3, 0
2609805, 3, bit 1
2609805, 3, 1
2609930, 3, 1
2610055, 3, 1
2610180, 3, 0
2610305, 3, 0
2610430, 3, 0
2610555, 3, 0
2610680, 3, 0
2610805, 3, 1
2610930, 3, 0
2611055, 3, 0
2611180, 3, 0
2611305, 3, 0
2611430, 3, 0
2611555, 3, bit 0
2611555, 3, 0
2611680, 3, 0
2611805, 3, 0
2611930, 3, 0
2612055, 3, 0
2612180, 3, 0
2612305, 3, 0
2612430, 3, 0
2612555, 3, 0
2612680, 3, 0
2612805, 3, 0
2612930, 3, 0
2613055, 3, 0
2613180, 3, 0
2613305, 3, bit 1
2613305, 3, 1
2613430, 3, 1
2613555, 3, 1
2613680, 3, 0
2613805, 3, 0
2613931, 3, 0
2614056, 3, 0
2614181, 3, 0
2614306, 3, 1
2614431, 3, 0
2614556, 3, 0
2614681, 3, 0
2614806, 3, 0
2614931, 3, 0
2615056, 3, bit 0
2615056, 3, 0
2615181, 3, 0
2615306, 3, 0
2615431, 3, 0
2615556, 3, 0
2615681, 3, 0
2615806, 3, 0
2615931, 3, 0
2616056, 3, 0
2616181, 3, 0
2616306, 3, 0
2616431, 3, 0
2616556, 3, 0
2616681, 3, 0
2616806, 3, bit 0
2616806, 3, 0
2616931, 3, 0
2617056, 3, 0
2617181, 3, 0
2617306, 3, 0
2617431, 3, 0
2617556, 3, 0
2617681, 3, 0
2617806, 3, 0
2617931, 3, 0
2618056, 3, 0
2618181, 3, 0
2618306, 3, 0
2618431, 3, 0
2618556, 3, bit 0
2618556, 3, 0
2618681, 3, 0
2618806, 3, 0
2618931, 3, 0
2619056, 3, 0
2619181, 3, 0
2619307, 3, 0
2619432, 3, 0
2619557, 3, 0
2619682, 3, 0
2619807, 3, 0
2619932, 3, 0
2620057, 3, 0
2620182, 3, 0
2620307, 3, bit 0
2620307, 3, 0
2620432, 3, 0
2620557, 3, 0
2620682, 3, 0
2620807, 3, 0
2620932, 3, 0
2621057, 3, 0
2621182, 3, 0
2621307, 3, 0
2621432, 3, 0
2621557, 3, 0
2621682, 3, 0
2621807, 3, 0
2621932, 3, 0
