75 100 2 7 16
(3, 20, 8, 10.00), (code 1)
(4, 258, 3, 10.00), (code 5)
START
342391, 0, prem 1
342391, 0, 1
342466, 0, 1
342541, 0, 1
342616, 0, 1
342691, 0, 1
342766, 0, 1
342841, 0, 1
342916, 0, 1
342991, 0, 1
343066, 0, 1
343141, 0, 1
343216, 0, 1
343291, 0, 1
343366, 0, 1
343441, 0, 1
343516, 0, 1
343591, 0, 0
343666, 0, 0
343741, 0, 0
343816, 0, 0
343891, 0, 0
343966, 0, 0
344041, 0, 0
344116, 0, 0
344192, 0, 0
344267, 0, 0
344342, 0, 0
344417, 0, 0
344492, 0, 0
344567, 0, 0
344642, 0, 0
344717, 0, 0
344792, 0, prem 1
344792, 0, 1
344867, 0, 1
344942, 0, 1
345017, 0, 1
345092, 0, 1
345167, 0, 1
345242, 0, 1
345317, 0, 1
345392, 0, 1
345467, 0, 1
345542, 0, 1
345617, 0, 1
345692, 0, 1
345767, 0, 1
345842, 0, 1
345917, 0, 1
345992, 0, 0
346067, 0, 0
346142, 0, 0
346217, 0, 0
346292, 0, 0
346368, 0, 0
346443, 0, 0
346518, 0, 0
346593, 0, 0
346668, 0, 0
346743, 0, 0
346818, 0, 0
346893, 0, 0
346968, 0, 0
347043, 0, 0
347118, 0, 0
347193, 0, prem 0
347196, 0, 0
347268, 0, 0
347343, 0, 0
347418, 0, 0
347493, 0, 0
347568, 0, 0
347643, 0, 0
347718, 0, 0
347793, 0, 0
347868, 0, 0
347943, 0, 0
348018, 0, 0
348093, 0, 0
348168, 0, 0
348243, 0, 0
348318, 0, 0
348393, 0, 1
348468, 0, 1
348544, 0, 1
348619, 0, 1
348694, 0, 1
348769, 0, 1
348844, 0, 1
348919, 0, 1
348994, 0, 1
349069, 0, 1
349144, 0, 1
349219, 0, 1
349294, 0, 1
349369, 0, 1
349444, 0, 1
349519, 0, 1
349594, 0, prem 0
349594, 0, 0
349669, 0, 0
349744, 0, 0
349819, 0, 0
349894, 0, 0
349969, 0, 0
350044, 0, 0
350119, 0, 0
350194, 0, 0
350269, 0, 0
350344, 0, 0
350419, 0, 0
350494, 0, 0
350569, 0, 0
350644, 0, 0
350720, 0, 0
350795, 0, 1
350870, 0, 1
350945, 0, 1
351020, 0, 1
351095, 0, 1
351170, 0, 1
351245, 0, 1
351320, 0, 1
351395, 0, 1
351470, 0, 1
351545, 0, 1
351620, 0, 1
351695, 0, 1
351770, 0, 1
351845, 0, 1
351920, 0, 1
351995, 0, prem 0
351995, 0, 0
352070, 0, 0
352145, 0, 0
352220, 0, 0
352295, 0, 0
352370, 0, 0
352445, 0, 0
352520, 0, 0
352595, 0, 0
352670, 0, 0
352745, 0, 0
352820, 0, 0
352896, 0, 0
352971, 0, 0
353046, 0, 0
353121, 0, 0
353196, 0, 1
353271, 0, 1
353346, 0, 1
353421, 0, 1
353496, 0, 1
353571, 0, 1
353646, 0, 1
353721, 0, 1
353796, 0, 1
353871, 0, 1
353946, 0, 1
354021, 0, 1
354096, 0, 1
354171, 0, 1
354246, 0, 1
354321, 0, 1
354396, 0, prem 0
354396, 0, 0
354471, 0, 0
354546, 0, 0
354621, 0, 0
354696, 0, 0
354771, 0, 0
354846, 0, 0
354921, 0, 0
354996, 0, 0
355072, 0, 0
355147, 0, 0
355222, 0, 0
355297, 0, 0
355372, 0, 0
355447, 0, 0
355522, 0, 0
355597, 0, 1
355672, 0, 1
355747, 0, 1
355822, 0, 1
355897, 0, 1
355972, 0, 1
356047, 0, 1
356122, 0, 1
356197, 0, 1
356272, 0, 1
356347, 0, 1
356422, 0, 1
356497, 0, 1
356572, 0, 1
356647, 0, 1
356722, 0, 1
356797, 0, prem 0
356797, 0, 0
356872, 0, 0
356947, 0, 0
357022, 0, 0
357097, 0, 0
357172, 0, 0
357248, 0, 0
357323, 0, 0
357398, 0, 0
357473, 0, 0
357548, 0, 0
357623, 0, 0
357698, 0, 0
357773, 0, 0
357848, 0, 0
357923, 0, 0
357998, 0, 1
358073, 0, 1
358148, 0, 1
358223, 0, 1
358298, 0, 1
358373, 0, 1
358448, 0, 1
358523, 0, 1
358598, 0, 1
358673, 0, 1
358748, 0, 1
358823, 0, 1
358898, 0, 1
358973, 0, 1
359048, 0, 1
359123, 0, 1
359198, 0, bit 1
359198, 0, 1
359273, 0, 0
359348, 0, 1
359424, 0, 0
359499, 0, 0
359574, 0, 1
359649, 0, 0
359724, 0, 1
359799, 0, 0
359874, 0, 1
359877, 1, prem 1
359877, 1, 1
359949, 0, 0
359952, 1, 1
360024, 0, 1
360027, 1, 1
360099, 0, 0
360102, 1, 1
360174, 0, 1
360177, 1, 1
360249, 0, bit 1
360249, 0, 1
360252, 1, 1
360324, 0, 0
360327, 1, 1
360399, 0, 1
360402, 1, 1
360474, 0, 0
360477, 1, 1
360549, 0, 0
360552, 1, 1
360624, 0, 1
360627, 1, 1
360699, 0, 0
360702, 1, 1
360774, 0, 1
360777, 1, 1
360849, 0, 0
360852, 1, 1
360924, 0, 1
360927, 1, 1
360999, 0, 0
361003, 1, 1
361074, 0, 1
361078, 1, 0
361149, 0, 0
361153, 1, 0
361224, 0, 1
361228, 1, 0
361299, 0, bit 1
361299, 0, 1
361303, 1, 0
361374, 0, 0
361378, 1, 0
361449, 0, 1
361453, 1, 0
361524, 0, 0
361528, 1, 0
361600, 0, 0
361603, 1, 0
361675, 0, 1
361678, 1, 0
361750, 0, 0
361753, 1, 0
361825, 0, 1
361828, 1, 0
361900, 0, 0
361903, 1, 0
361975, 0, 1
361978, 1, 0
362050, 0, 0
362053, 1, 0
362125, 0, 1
362128, 1, 0
362200, 0, 0
362203, 1, 0
362275, 0, 1
362278, 1, prem 0
362278, 1, 0
362350, 0, bit 0
362350, 0, 0
362353, 1, 0
362425, 0, 1
362428, 1, 0
362500, 0, 0
362503, 1, 0
362575, 0, 1
362578, 1, 0
362650, 0, 1
362653, 1, 0
362725, 0, 0
362728, 1, 0
362800, 0, 1
362803, 1, 0
362875, 0, 0
362878, 1, 0
362950, 0, 1
362953, 1, 0
363025, 0, 0
363028, 1, 0
363100, 0, 1
363103, 1, 0
363175, 0, 0
363179, 1, 0
363250, 0, 1
363254, 1, 0
363325, 0, 0
363329, 1, 0
363400, 0, bit 1
363400, 0, 1
363404, 1, 0
363475, 0, 0
363479, 1, 1
363550, 0, 1
363554, 1, 1
363625, 0, 0
363629, 1, 1
363700, 0, 0
363704, 1, 1
363776, 0, 1
363779, 1, 1
363851, 0, 0
363854, 1, 1
363926, 0, 1
363929, 1, 1
364001, 0, 0
364004, 1, 1
364076, 0, 1
364079, 1, 1
364151, 0, 0
364154, 1, 1
364226, 0, 1
364229, 1, 1
364301, 0, 0
364304, 1, 1
364376, 0, 1
364379, 1, 1
364451, 0, bit 1
364451, 0, 1
364454, 1, 1
364526, 0, 0
364529, 1, 1
364601, 0, 1
364604, 1, 1
364676, 0, 0
364679, 1, prem 1
364679, 1, 1
364751, 0, 0
364754, 1, 1
364826, 0, 1
364829, 1, 1
364901, 0, 0
364904, 1, 1
364976, 0, 1
364979, 1, 1
365051, 0, 0
365054, 1, 1
365126, 0, 1
365129, 1, 1
365201, 0, 0
365204, 1, 1
365276, 0, 1
365279, 1, 1
365351, 0, 0
365355, 1, 1
365426, 0, 1
365430, 1, 1
365501, 0, bit 1
365501, 0, 1
365505, 1, 1
365576, 0, 0
365580, 1, 1
365651, 0, 1
365655, 1, 1
365726, 0, 0
365730, 1, 1
365801, 0, 0
365805, 1, 1
365876, 0, 1
365880, 1, 0
365952, 0, 0
365955, 1, 0
366027, 0, 1
366030, 1, 0
366102, 0, 0
366105, 1, 0
366177, 0, 1
366180, 1, 0
366252, 0, 0
366255, 1, 0
366327, 0, 1
366330, 1, 0
366402, 0, 0
366405, 1, 0
366477, 0, 1
366480, 1, 0
366552, 0, bit 1
366552, 0, 1
366555, 1, 0
366627, 0, 0
366630, 1, 0
366702, 0, 1
366705, 1, 0
366777, 0, 0
366780, 1, 0
366852, 0, 0
366855, 1, 0
366927, 0, 1
366930, 1, 0
367002, 0, 0
367005, 1, 0
367077, 0, 1
367080, 1, prem 1
367080, 1, 1
367152, 0, 0
367155, 1, 1
367227, 0, 1
367230, 1, 1
367302, 0, 0
367305, 1, 1
367377, 0, 1
367380, 1, 1
367452, 0, 0
367455, 1, 1
367527, 0, 1
367531, 1, 1
367602, 0, bit 1
367602, 0, 1
367606, 1, 1
367677, 0, 0
367681, 1, 1
367752, 0, 1
367756, 1, 1
367827, 0, 0
367831, 1, 1
367902, 0, 0
367906, 1, 1
367977, 0, 1
367981, 1, 1
368052, 0, 0
368056, 1, 1
368128, 0, 1
368131, 1, 1
368203, 0, 0
368206, 1, 1
368278, 0, 1
368281, 1, 0
368353, 0, 0
368356, 1, 0
368428, 0, 1
368431, 1, 0
368503, 0, 0
368506, 1, 0
368578, 0, 1
368581, 1, 0
368653, 0, bit 1
368653, 0, 1
368656, 1, 0
368728, 0, 0
368731, 1, 0
368803, 0, 1
368806, 1, 0
368878, 0, 0
368881, 1, 0
368953, 0, 0
368956, 1, 0
369028, 0, 1
369031, 1, 0
369103, 0, 0
369106, 1, 0
369178, 0, 1
369181, 1, 0
369253, 0, 0
369256, 1, 0
369328, 0, 1
369331, 1, 0
369403, 0, 0
369406, 1, 0
369478, 0, 1
369481, 1, prem 0
369481, 1, 0
369553, 0, 0
369556, 1, 0
369628, 0, 1
369631, 1, 0
369703, 0, bit 0
369703, 0, 0
369707, 1, 0
369778, 0, 1
369782, 1, 0
369853, 0, 0
369857, 1, 0
369928, 0, 1
369932, 1, 0
370003, 0, 1
370007, 1, 0
370078, 0, 0
370082, 1, 0
370153, 0, 1
370157, 1, 0
370228, 0, 0
370232, 1, 0
370304, 0, 1
370307, 1, 0
370379, 0, 0
370382, 1, 0
370454, 0, 1
370457, 1, 0
370529, 0, 0
370532, 1, 0
370604, 0, 1
370607, 1, 0
370679, 0, 0
370682, 1, 1
370754, 0, bit 1
370754, 0, 1
370757, 1, 1
370829, 0, 0
370832, 1, 1
370904, 0, 1
370907, 1, 1
370979, 0, 0
370982, 1, 1
371054, 0, 0
371057, 1, 1
371129, 0, 1
371132, 1, 1
371204, 0, 0
371207, 1, 1
371279, 0, 1
371282, 1, 1
371354, 0, 0
371357, 1, 1
371429, 0, 1
371432, 1, 1
371504, 0, 0
371507, 1, 1
371579, 0, 1
371582, 1, 1
371654, 0, 0
371657, 1, 1
371729, 0, 1
371732, 1, 1
371804, 0, bit 0
371804, 0, 0
371807, 1, 1
371879, 0, 1
371883, 1, prem 0
371883, 1, 0
371954, 0, 0
371958, 1, 0
372029, 0, 1
372033, 1, 0
372104, 0, 1
372108, 1, 0
372179, 0, 0
372183, 1, 0
372254, 0, 1
372258, 1, 0
372329, 0, 0
372333, 1, 0
372404, 0, 1
372408, 1, 0
372480, 0, 0
372483, 1, 0
372555, 0, 1
372558, 1, 0
372630, 0, 0
372633, 1, 0
372705, 0, 1
372708, 1, 0
372780, 0, 0
372783, 1, 0
372855, 0, bit 1
372855, 0, 1
372858, 1, 0
372930, 0, 0
372933, 1, 0
373005, 0, 1
373008, 1, 0
373080, 0, 0
373083, 1, 1
373155, 0, 0
373158, 1, 1
373230, 0, 1
373233, 1, 1
373305, 0, 0
373308, 1, 1
373380, 0, 1
373383, 1, 1
373455, 0, 0
373458, 1, 1
373530, 0, 1
373533, 1, 1
373605, 0, 0
373608, 1, 1
373680, 0, 1
373683, 1, 1
373755, 0, 0
373758, 1, 1
373830, 0, 1
373833, 1, 1
373905, 0, bit 0
373905, 0, 0
373908, 1, 1
373980, 0, 1
373983, 1, 1
374055, 0, 0
374059, 1, 1
374130, 0, 1
374134, 1, 1
374205, 0, 1
374209, 1, 1
374280, 0, 0
374284, 1, prem 1
374284, 1, 1
374355, 0, 1
374359, 1, 1
374430, 0, 0
374434, 1, 1
374505, 0, 1
374509, 1, 1
374580, 0, 0
374584, 1, 1
374656, 0, 1
374659, 1, 1
374731, 0, 0
374734, 1, 1
374806, 0, 1
374809, 1, 1
374881, 0, 0
374884, 1, 1
374956, 0, bit 1
374956, 0, 1
374959, 1, 1
375031, 0, 0
375034, 1, 1
375106, 0, 1
375109, 1, 1
375181, 0, 0
375184, 1, 1
375256, 0, 0
375259, 1, 1
375331, 0, 1
375334, 1, 1
375406, 0, 0
375409, 1, 1
375481, 0, 1
375484, 1, 0
375556, 0, 0
375559, 1, 0
375631, 0, 1
375634, 1, 0
375706, 0, 0
375709, 1, 0
375781, 0, 1
375784, 1, 0
375856, 0, 0
375859, 1, 0
375931, 0, 1
375934, 1, 0
376006, 0, bit 0
376006, 0, 0
376009, 1, 0
376081, 0, 1
376084, 1, 0
376156, 0, 0
376159, 1, 0
376231, 0, 1
376235, 1, 0
376306, 0, 1
376310, 1, 0
376381, 0, 0
376385, 1, 0
376456, 0, 1
376460, 1, 0
376531, 0, 0
376535, 1, 0
376606, 0, 1
376610, 1, 0
376681, 0, 0
376685, 1, bit 1
376685, 1, 1
376756, 0, 1
376760, 1, 0
376832, 0, 0
376835, 1, 0
376907, 0, 1
376910, 1, 1
376982, 0, 0
376985, 1, 1
377057, 0, bit 0
377057, 0, 0
377060, 1, 0
377132, 0, 1
377135, 1, 1
377207, 0, 0
377210, 1, 0
377282, 0, 1
377285, 1, 0
377357, 0, 1
377360, 1, 1
377432, 0, 0
377435, 1, 0
377507, 0, 1
377510, 1, 1
377582, 0, 0
377585, 1, 1
377657, 0, 1
377660, 1, 0
377732, 0, 0
377735, 1, bit 1
377735, 1, 1
377807, 0, 1
377810, 1, 0
377882, 0, 0
377885, 1, 0
377957, 0, 1
377960, 1, 1
378032, 0, 0
378035, 1, 1
378107, 0, bit 1
378107, 0, 1
378110, 1, 0
378182, 0, 0
378185, 1, 1
378257, 0, 1
378260, 1, 0
378332, 0, 0
378335, 1, 0
378407, 0, 0
378411, 1, 1
378482, 0, 1
378486, 1, 0
378557, 0, 0
378561, 1, 1
378632, 0, 1
378636, 1, 1
378707, 0, 0
378711, 1, 0
378782, 0, 1
378786, 1, bit 1
378786, 1, 1
378857, 0, 0
378861, 1, 0
378932, 0, 1
378936, 1, 0
379008, 0, 0
379011, 1, 1
379083, 0, 1
379086, 1, 1
379158, 0, bit 0
379158, 0, 0
379161, 1, 0
379233, 0, 1
379236, 1, 1
379308, 0, 0
379311, 1, 0
379383, 0, 1
379386, 1, 0
379458, 0, 1
379461, 1, 1
379533, 0, 0
379536, 1, 0
379608, 0, 1
379611, 1, 1
379683, 0, 0
379686, 1, 1
379758, 0, 1
379761, 1, 0
379833, 0, 0
379836, 1, bit 0
379836, 1, 0
379908, 0, 1
379911, 1, 1
379983, 0, 0
379986, 1, 1
380058, 0, 1
380061, 1, 0
380133, 0, 0
380136, 1, 0
380208, 0, bit 0
380208, 0, 0
380211, 1, 1
380283, 0, 1
380286, 1, 0
380358, 0, 0
380361, 1, 1
380433, 0, 1
380436, 1, 1
380508, 0, 1
380511, 1, 0
380583, 0, 0
380587, 1, 1
380658, 0, 1
380662, 1, 0
380733, 0, 0
380737, 1, 0
380808, 0, 1
380812, 1, 1
380883, 0, 0
380887, 1, bit 0
380887, 1, 0
380958, 0, 1
380962, 1, 1
381033, 0, 0
381037, 1, 1
381108, 0, 1
381112, 1, 0
381184, 0, 0
381187, 1, 0
381259, 0, bit 0
381259, 0, 0
381262, 1, 1
381334, 0, 1
381337, 1, 0
381409, 0, 0
381412, 1, 1
381484, 0, 1
381487, 1, 1
381559, 0, 1
381562, 1, 0
381634, 0, 0
381637, 1, 1
381709, 0, 1
381712, 1, 0
381784, 0, 0
381787, 1, 0
381859, 0, 1
381862, 1, 1
381934, 0, 0
381937, 1, bit 1
381937, 1, 1
382009, 0, 1
382012, 1, 0
382084, 0, 0
382087, 1, 0
382159, 0, 1
382162, 1, 1
382234, 0, 0
382237, 1, 1
382309, 0, bit 0
382309, 0, 0
382312, 1, 0
382384, 0, 1
382387, 1, 1
382459, 0, 0
382462, 1, 0
382534, 0, 1
382537, 1, 0
382609, 0, 1
382612, 1, 1
382684, 0, 0
382687, 1, 0
382759, 0, 1
382763, 1, 1
382834, 0, 0
382838, 1, 1
382909, 0, 1
382913, 1, 0
382984, 0, 0
382988, 1, bit 0
382988, 1, 0
383059, 0, 1
383063, 1, 1
383134, 0, 0
383138, 1, 1
383209, 0, 1
383213, 1, 0
383284, 0, 0
383288, 1, 0
383360, 0, bit 0
383360, 0, 0
383363, 1, 1
383435, 0, 1
383438, 1, 0
383510, 0, 0
383513, 1, 1
383585, 0, 1
383588, 1, 1
383660, 0, 1
383663, 1, 0
383735, 0, 0
383738, 1, 1
383810, 0, 1
383813, 1, 0
383885, 0, 0
383888, 1, 0
383960, 0, 1
383963, 1, 1
384035, 0, 0
384038, 1, bit 0
384038, 1, 0
384110, 0, 1
384113, 1, 1
384185, 0, 0
384188, 1, 1
384260, 0, 1
384263, 1, 0
384335, 0, 0
384338, 1, 0
384410, 0, bit 0
384410, 0, 0
384413, 1, 1
384485, 0, 1
384488, 1, 0
384560, 0, 0
384563, 1, 1
384635, 0, 1
384638, 1, 1
384710, 0, 1
384713, 1, 0
384785, 0, 0
384788, 1, 1
384860, 0, 1
384863, 1, 0
384935, 0, 0
384939, 1, 0
385010, 0, 1
385014, 1, 1
385085, 0, 0
385089, 1, bit 1
385089, 1, 1
385160, 0, 1
385164, 1, 0
385235, 0, 0
385239, 1, 0
385310, 0, 1
385314, 1, 1
385385, 0, 0
385389, 1, 1
385460, 0, bit 1
385460, 0, 1
385464, 1, 0
385536, 0, 0
385539, 1, 1
385611, 0, 1
385614, 1, 0
385686, 0, 0
385689, 1, 0
385761, 0, 0
385764, 1, 1
385836, 0, 1
385839, 1, 0
385911, 0, 0
385914, 1, 1
385986, 0, 1
385989, 1, 1
386061, 0, 0
386064, 1, 0
386136, 0, 1
386139, 1, bit 1
386139, 1, 1
386211, 0, 0
386214, 1, 0
386286, 0, 1
386289, 1, 0
386361, 0, 0
386364, 1, 1
386436, 0, 1
386439, 1, 1
386511, 0, bit 1
386511, 0, 1
386514, 1, 0
386586, 0, 0
386589, 1, 1
386661, 0, 1
386664, 1, 0
386736, 0, 0
386739, 1, 0
386811, 0, 0
386814, 1, 1
386886, 0, 1
386889, 1, 0
386961, 0, 0
386964, 1, 1
387036, 0, 1
387039, 1, 1
387111, 0, 0
387115, 1, 0
387186, 0, 1
387190, 1, bit 0
387190, 1, 0
387261, 0, 0
387265, 1, 1
387336, 0, 1
387340, 1, 1
387411, 0, 0
387415, 1, 0
387486, 0, 1
387490, 1, 0
387561, 0, bit 0
387561, 0, 0
387565, 1, 1
387636, 0, 1
387640, 1, 0
387712, 0, 0
387715, 1, 1
387787, 0, 1
387790, 1, 1
387862, 0, 1
387865, 1, 0
387937, 0, 0
387940, 1, 1
388012, 0, 1
388015, 1, 0
388087, 0, 0
388090, 1, 0
388162, 0, 1
388165, 1, 1
388237, 0, 0
388240, 1, bit 1
388240, 1, 1
388312, 0, 1
388315, 1, 0
388387, 0, 0
388390, 1, 0
388462, 0, 1
388465, 1, 1
388537, 0, 0
388540, 1, 1
388612, 0, bit 1
388612, 0, 1
388615, 1, 0
388687, 0, 0
388690, 1, 1
388762, 0, 1
388765, 1, 0
388837, 0, 0
388840, 1, 0
388912, 0, 0
388915, 1, 1
388987, 0, 1
388990, 1, 0
389062, 0, 0
389065, 1, 1
389137, 0, 1
389140, 1, 1
389212, 0, 0
389215, 1, 0
389287, 0, 1
389291, 1, bit 1
389291, 1, 1
389362, 0, 0
389366, 1, 0
389437, 0, 1
389441, 1, 0
389512, 0, 0
389516, 1, 1
389587, 0, 1
389591, 1, 1
389662, 0, bit 0
389662, 0, 0
389666, 1, 0
389737, 0, 1
389741, 1, 1
389812, 0, 0
389816, 1, 0
389888, 0, 1
389891, 1, 0
389963, 0, 1
389966, 1, 1
390038, 0, 0
390041, 1, 0
390113, 0, 1
390116, 1, 1
390188, 0, 0
390191, 1, 1
390263, 0, 1
390266, 1, 0
390338, 0, 0
390341, 1, bit 1
390341, 1, 1
390413, 0, 1
390416, 1, 0
390488, 0, 0
390491, 1, 0
390563, 0, 1
390566, 1, 1
390638, 0, 0
390641, 1, 1
390713, 0, bit 1
390713, 0, 1
390716, 1, 0
390788, 0, 0
390791, 1, 1
390863, 0, 1
390866, 1, 0
390938, 0, 0
390941, 1, 0
391013, 0, 0
391016, 1, 1
391088, 0, 1
391091, 1, 0
391163, 0, 0
391166, 1, 1
391238, 0, 1
391241, 1, 1
391313, 0, 0
391316, 1, 0
391388, 0, 1
391391, 1, bit 1
391391, 1, 1
391463, 0, 0
391467, 1, 0
391538, 0, 1
391542, 1, 0
391613, 0, 0
391617, 1, 1
391688, 0, 1
391692, 1, 1
391763, 0, bit 0
391763, 0, 0
391767, 1, 0
391838, 0, 1
391848, 1, 1
391913, 0, 0
391923, 1, 0
391988, 0, 1
391998, 1, 0
392064, 0, 1
392073, 1, 1
392139, 0, 0
392148, 1, 0
392214, 0, 1
392223, 1, 1
392289, 0, 0
392298, 1, 1
392364, 0, 1
392373, 1, 0
392439, 0, 0
392448, 1, bit 0
392448, 1, 0
392514, 0, 1
392523, 1, 1
392589, 0, 0
392598, 1, 1
392664, 0, 1
392673, 1, 0
392739, 0, 0
392748, 1, 0
392814, 0, bit 0
392814, 0, 0
392823, 1, 1
392889, 0, 1
392898, 1, 0
392964, 0, 0
392973, 1, 1
393039, 0, 1
393048, 1, 1
393114, 0, 1
393123, 1, 0
393189, 0, 0
393198, 1, 1
393264, 0, 1
393273, 1, 0
393339, 0, 0
393348, 1, 0
393414, 0, 1
393423, 1, 1
393489, 0, 0
393498, 1, bit 1
393498, 1, 1
393564, 0, 1
393573, 1, 0
393639, 0, 0
393648, 1, 0
393714, 0, 1
393723, 1, 1
393789, 0, 0
393798, 1, 1
393864, 0, bit 1
393864, 0, 1
393873, 1, 0
393939, 0, 0
393948, 1, 1
394014, 0, 1
394023, 1, 0
394089, 0, 0
394098, 1, 0
394164, 0, 0
394173, 1, 1
394240, 0, 1
394248, 1, 0
394315, 0, 0
394323, 1, 1
394390, 0, 1
394398, 1, 1
394465, 0, 0
394473, 1, 0
394540, 0, 1
394548, 1, bit 1
394548, 1, 1
394615, 0, 0
394624, 1, 0
394690, 0, 1
394699, 1, 0
394765, 0, 0
394774, 1, 1
394840, 0, 1
394849, 1, 1
394915, 0, bit 1
394915, 0, 1
394924, 1, 0
394990, 0, 0
394999, 1, 1
395065, 0, 1
395074, 1, 0
395140, 0, 0
395149, 1, 0
395215, 0, 0
395224, 1, 1
395290, 0, 1
395299, 1, 0
395365, 0, 0
395374, 1, 1
395440, 0, 1
395449, 1, 1
395515, 0, 0
395524, 1, 0
395590, 0, 1
395599, 1, bit 1
395602, 1, 1
395665, 0, 0
395674, 1, 0
395740, 0, 1
395749, 1, 0
395815, 0, 0
395824, 1, 1
395890, 0, 1
395899, 1, 1
395965, 0, bit 0
395965, 0, 0
395974, 1, 0
396040, 0, 1
396049, 1, 1
396115, 0, 0
396124, 1, 0
396190, 0, 1
396199, 1, 0
396265, 0, 1
396274, 1, 1
396340, 0, 0
396349, 1, 0
396416, 0, 1
396424, 1, 1
396491, 0, 0
396499, 1, 1
396566, 0, 1
396574, 1, 0
396641, 0, 0
396649, 1, bit 0
396649, 1, 0
396716, 0, 1
396724, 1, 1
396791, 0, 0
396800, 1, 1
396866, 0, 1
396875, 1, 0
396941, 0, 0
396950, 1, 0
397016, 0, bit 1
397016, 0, 1
397025, 1, 1
397091, 0, 0
397100, 1, 0
397166, 0, 1
397175, 1, 1
397241, 0, 0
397250, 1, 1
397316, 0, 0
397325, 1, 0
397391, 0, 1
397400, 1, 1
397466, 0, 0
397475, 1, 0
397541, 0, 1
397550, 1, 0
397616, 0, 0
397625, 1, 1
397691, 0, 1
397700, 1, bit 0
397700, 1, 0
397766, 0, 0
397775, 1, 1
397841, 0, 1
397850, 1, 1
397916, 0, 0
397925, 1, 0
397991, 0, 1
398000, 1, 0
398066, 0, bit 0
398066, 0, 0
398075, 1, 1
398141, 0, 1
398150, 1, 0
398216, 0, 0
398225, 1, 1
398291, 0, 1
398300, 1, 1
398366, 0, 1
398375, 1, 0
398441, 0, 0
398450, 1, 1
398516, 0, 1
398525, 1, 0
398592, 0, 0
398600, 1, 0
398667, 0, 1
398675, 1, 1
398742, 0, 0
398750, 1, bit 0
398750, 1, 0
398817, 0, 1
398825, 1, 1
398892, 0, 0
398900, 1, 1
398967, 0, 1
398976, 1, 0
399042, 0, 0
399051, 1, 0
399117, 0, bit 0
399117, 0, 0
399126, 1, 1
399192, 0, 1
399201, 1, 0
399267, 0, 0
399276, 1, 1
399342, 0, 1
399351, 1, 1
399417, 0, 1
399426, 1, 0
399492, 0, 0
399501, 1, 1
399567, 0, 1
399576, 1, 0
399642, 0, 0
399651, 1, 0
399717, 0, 1
399726, 1, 1
399792, 0, 0
399801, 1, bit 1
399801, 1, 1
399867, 0, 1
399876, 1, 0
399942, 0, 0
399951, 1, 0
400017, 0, 1
400026, 1, 1
400092, 0, 0
400101, 1, 1
400167, 0, bit 1
400167, 0, 1
400176, 1, 0
400242, 0, 0
400251, 1, 1
400317, 0, 1
400326, 1, 0
400392, 0, 0
400401, 1, 0
400467, 0, 0
400476, 1, 1
400542, 0, 1
400551, 1, 0
400617, 0, 0
400626, 1, 1
400692, 0, 1
400701, 1, 1
400768, 0, 0
400776, 1, 0
400843, 0, 1
400851, 1, bit 0
400851, 1, 0
400918, 0, 0
400926, 1, 1
400993, 0, 1
401001, 1, 1
401068, 0, 0
401076, 1, 0
401143, 0, 1
401152, 1, 0
401218, 0, bit 1
401218, 0, 1
401227, 1, 1
401293, 0, 0
401302, 1, 0
401368, 0, 1
401377, 1, 1
401443, 0, 0
401452, 1, 1
401518, 0, 0
401527, 1, 0
401593, 0, 1
401602, 1, 1
401668, 0, 0
401677, 1, 0
401743, 0, 1
401752, 1, 0
401818, 0, 0
401827, 1, 1
401893, 0, 1
401902, 1, bit 1
401905, 1, 1
401968, 0, 0
401977, 1, 0
402043, 0, 1
402052, 1, 0
402118, 0, 0
402127, 1, 1
402193, 0, 1
402202, 1, 1
402268, 0, bit 0
402268, 0, 0
402277, 1, 0
402343, 0, 1
402352, 1, 1
402418, 0, 0
402427, 1, 0
402493, 0, 1
402502, 1, 0
402568, 0, 1
402577, 1, 1
402643, 0, 0
402652, 1, 0
402718, 0, 1
402727, 1, 1
402793, 0, 0
402802, 1, 1
402868, 0, 1
402877, 1, 0
402944, 0, 0
402952, 1, bit 0
402952, 1, 0
403019, 0, 1
403027, 1, 1
403094, 0, 0
403102, 1, 1
403169, 0, 1
403177, 1, 0
403244, 0, 0
403252, 1, 0
403319, 0, bit 1
403319, 0, 1
403328, 1, 1
403394, 0, 0
403403, 1, 0
403469, 0, 1
403478, 1, 1
403544, 0, 0
403553, 1, 1
403619, 0, 0
403628, 1, 0
403694, 0, 1
403703, 1, 1
403769, 0, 0
403778, 1, 0
403844, 0, 1
403853, 1, 0
403919, 0, 0
403928, 1, 1
403994, 0, 1
404003, 1, bit 0
404003, 1, 0
404069, 0, 0
404078, 1, 1
404144, 0, 1
404153, 1, 1
404219, 0, 0
404228, 1, 0
404294, 0, 1
404303, 1, 0
404369, 0, bit 0
404369, 0, 0
404378, 1, 1
404444, 0, 1
404453, 1, 0
404519, 0, 0
404528, 1, 1
404594, 0, 1
404603, 1, 1
404669, 0, 1
404678, 1, 0
404744, 0, 0
404753, 1, 1
404819, 0, 1
404828, 1, 0
404894, 0, 0
404903, 1, 0
404969, 0, 1
404978, 1, 1
405044, 0, 0
405053, 1, bit 1
405053, 1, 1
405120, 0, 1
405128, 1, 0
405195, 0, 0
405203, 1, 0
405270, 0, 1
405278, 1, 1
405345, 0, 0
405353, 1, 1
405420, 0, bit 1
405420, 0, 1
405428, 1, 0
405495, 0, 0
405504, 1, 1
405570, 0, 1
405579, 1, 0
405645, 0, 0
405654, 1, 0
405720, 0, 0
405729, 1, 1
405795, 0, 1
405804, 1, 0
405870, 0, 0
405879, 1, 1
405945, 0, 1
405954, 1, 1
406020, 0, 0
406029, 1, 0
406095, 0, 1
406104, 1, bit 1
406104, 1, 1
406170, 0, 0
406179, 1, 0
406245, 0, 1
406254, 1, 0
406320, 0, 0
406329, 1, 1
406395, 0, 1
406404, 1, 1
406470, 0, bit 0
406470, 0, 0
406479, 1, 0
406545, 0, 1
406554, 1, 1
406620, 0, 0
406629, 1, 0
406695, 0, 1
406704, 1, 0
406770, 0, 1
406779, 1, 1
406845, 0, 0
406854, 1, 0
406920, 0, 1
406929, 1, 1
406995, 0, 0
407004, 1, 1
407070, 0, 1
407079, 1, 0
407145, 0, 0
407154, 1, bit 0
407154, 1, 0
407220, 0, 1
407229, 1, 1
407296, 0, 0
407304, 1, 1
407371, 0, 1
407379, 1, 0
407446, 0, 0
407454, 1, 0
407521, 0, bit 0
407521, 0, 0
407529, 1, 1
407596, 0, 1
407604, 1, 0
407671, 0, 0
407680, 1, 1
407746, 0, 1
407755, 1, 1
407821, 0, 1
407830, 1, 0
407896, 0, 0
407905, 1, 1
407971, 0, 1
407980, 1, 0
408046, 0, 0
408055, 1, 0
408121, 0, 1
408130, 1, 1
408196, 0, 0
408205, 1, bit 0
408205, 1, 0
408271, 0, 1
408280, 1, 1
408346, 0, 0
408355, 1, 1
408421, 0, 1
408430, 1, 0
408496, 0, 0
408505, 1, 0
408571, 0, bit 0
408571, 0, 0
408580, 1, 1
408646, 0, 1
408655, 1, 0
408721, 0, 0
408730, 1, 1
408796, 0, 1
408805, 1, 1
408871, 0, 1
408880, 1, 0
408946, 0, 0
408955, 1, 1
409021, 0, 1
409030, 1, 0
409096, 0, 0
409105, 1, 0
409171, 0, 1
409180, 1, 1
409246, 0, 0
409255, 1, bit 0
409255, 1, 0
409321, 0, 1
409330, 1, 1
409396, 0, 0
409405, 1, 1
409472, 0, 1
409480, 1, 0
409547, 0, 0
409555, 1, 0
409622, 0, bit 1
409622, 0, 1
409630, 1, 1
409697, 0, 0
409705, 1, 0
409772, 0, 1
409780, 1, 1
409847, 0, 0
409856, 1, 1
409922, 0, 0
409931, 1, 0
409997, 0, 1
410006, 1, 1
410072, 0, 0
410081, 1, 0
410147, 0, 1
410156, 1, 0
410222, 0, 0
410231, 1, 1
410297, 0, 1
410306, 1, bit 1
410306, 1, 1
410372, 0, 0
410381, 1, 0
410447, 0, 1
410456, 1, 0
410522, 0, 0
410531, 1, 1
410597, 0, 1
410606, 1, 1
410672, 0, bit 0
410672, 0, 0
410681, 1, 0
410747, 0, 1
410756, 1, 1
410822, 0, 0
410831, 1, 0
410897, 0, 1
410906, 1, 0
410972, 0, 1
410981, 1, 1
411047, 0, 0
411056, 1, 0
411122, 0, 1
411131, 1, 1
411197, 0, 0
411206, 1, 1
411272, 0, 1
411281, 1, 0
411347, 0, 0
411356, 1, bit 1
411356, 1, 1
411422, 0, 1
411431, 1, 0
411497, 0, 0
411506, 1, 0
411572, 0, 1
411581, 1, 1
411648, 0, 0
411656, 1, 1
411723, 0, bit 1
411723, 0, 1
411731, 1, 0
411798, 0, 0
411806, 1, 1
411873, 0, 1
411881, 1, 0
411948, 0, 0
411956, 1, 0
412023, 0, 0
412032, 1, 1
412098, 0, 1
412107, 1, 0
412173, 0, 0
412182, 1, 1
412248, 0, 1
412257, 1, 1
412323, 0, 0
412332, 1, 0
412398, 0, 1
412407, 1, bit 1
412407, 1, 1
412473, 0, 0
412482, 1, 0
412548, 0, 1
412557, 1, 0
412623, 0, 0
412632, 1, 1
412698, 0, 1
412707, 1, 1
412773, 0, bit 1
412773, 0, 1
412782, 1, 0
412848, 0, 0
412857, 1, 1
412923, 0, 1
412932, 1, 0
412998, 0, 0
413007, 1, 0
413073, 0, 0
413082, 1, 1
413148, 0, 1
413157, 1, 0
413223, 0, 0
413232, 1, 1
413298, 0, 1
413307, 1, 1
413373, 0, 0
413382, 1, 0
413448, 0, 1
413457, 1, bit 0
413457, 1, 0
413523, 0, 0
413532, 1, 1
413598, 0, 1
413607, 1, 1
413673, 0, 0
413682, 1, 0
413748, 0, 1
413757, 1, 0
413824, 0, bit 1
413824, 0, 1
413832, 1, 1
413899, 0, 0
413907, 1, 0
413974, 0, 1
413982, 1, 1
414049, 0, 0
414057, 1, 1
414124, 0, 0
414132, 1, 0
414199, 0, 1
414208, 1, 1
414274, 0, 0
414283, 1, 0
414349, 0, 1
414358, 1, 0
414424, 0, 0
414433, 1, 1
414499, 0, 1
414508, 1, bit 1
414508, 1, 1
414574, 0, 0
414583, 1, 0
414649, 0, 1
414658, 1, 0
414724, 0, 0
414733, 1, 1
414799, 0, 1
414808, 1, 1
414874, 0, bit 0
414874, 0, 0
414883, 1, 0
414949, 0, 1
414958, 1, 1
415024, 0, 0
415033, 1, 0
415099, 0, 1
415108, 1, 0
415174, 0, 1
415183, 1, 1
415249, 0, 0
415258, 1, 0
415324, 0, 1
415333, 1, 1
415399, 0, 0
415408, 1, 1
415474, 0, 1
415483, 1, 0
415549, 0, 0
415558, 1, bit 1
415558, 1, 1
415624, 0, 1
415633, 1, 0
415699, 0, 0
415708, 1, 0
415774, 0, 1
415783, 1, 1
415849, 0, 0
415858, 1, 1
415924, 0, bit 0
415924, 0, 0
415933, 1, 0
416000, 0, 1
416008, 1, 1
416075, 0, 0
416083, 1, 0
416150, 0, 1
416158, 1, 0
416225, 0, 1
416233, 1, 1
416300, 0, 0
416308, 1, 0
416375, 0, 1
416384, 1, 1
416450, 0, 0
416459, 1, 1
416525, 0, 1
416534, 1, 0
416600, 0, 0
416609, 1, bit 1
416609, 1, 1
416675, 0, 1
416684, 1, 0
416750, 0, 0
416759, 1, 0
416825, 0, 1
416834, 1, 1
416900, 0, 0
416909, 1, 1
416975, 0, bit 0
416978, 0, 0
416984, 1, 0
417050, 0, 1
417059, 1, 1
417125, 0, 0
417134, 1, 0
417200, 0, 1
417209, 1, 0
417275, 0, 1
417284, 1, 1
417350, 0, 0
417359, 1, 0
417425, 0, 1
417434, 1, 1
417500, 0, 0
417509, 1, 1
417575, 0, 1
417584, 1, 0
417650, 0, 0
417659, 1, bit 0
417659, 1, 0
417725, 0, 1
417734, 1, 1
417800, 0, 0
417809, 1, 1
417875, 0, 1
417884, 1, 0
417950, 0, 0
417959, 1, 0
418025, 0, bit 0
418025, 0, 0
418034, 1, 1
418100, 0, 1
418109, 1, 0
418176, 0, 0
418184, 1, 1
418251, 0, 1
418259, 1, 1
418326, 0, 1
418334, 1, 0
418401, 0, 0
418409, 1, 1
418476, 0, 1
418484, 1, 0
418551, 0, 0
418560, 1, 0
418626, 0, 1
418635, 1, 1
418701, 0, 0
418710, 1, bit 1
418710, 1, 1
418776, 0, 1
418785, 1, 0
418851, 0, 0
418860, 1, 0
418926, 0, 1
418935, 1, 1
419001, 0, 0
419010, 1, 1
419076, 0, bit 1
419076, 0, 1
419085, 1, 0
419151, 0, 0
419160, 1, 1
419226, 0, 1
419235, 1, 0
419301, 0, 0
419310, 1, 0
419376, 0, 0
419385, 1, 1
419451, 0, 1
419460, 1, 0
419526, 0, 0
419535, 1, 1
419601, 0, 1
419610, 1, 1
419676, 0, 0
419685, 1, 0
419751, 0, 1
419760, 1, bit 0
419760, 1, 0
419826, 0, 0
419835, 1, 1
419901, 0, 1
419910, 1, 1
419976, 0, 0
419985, 1, 0
420051, 0, 1
420060, 1, 0
420126, 0, bit 0
420126, 0, 0
420135, 1, 1
420201, 0, 1
420210, 1, 0
420276, 0, 0
420285, 1, 1
420352, 0, 1
420360, 1, 1
420427, 0, 1
420435, 1, 0
420502, 0, 0
420510, 1, 1
420577, 0, 1
420585, 1, 0
420652, 0, 0
420660, 1, 0
420727, 0, 1
420736, 1, 1
420802, 0, 0
420811, 1, bit 0
420811, 1, 0
420877, 0, 1
420886, 1, 1
420952, 0, 0
420961, 1, 1
421027, 0, 1
421036, 1, 0
421102, 0, 0
421111, 1, 0
421177, 0, bit 1
421177, 0, 1
421186, 1, 1
421252, 0, 0
421261, 1, 0
421327, 0, 1
421336, 1, 1
421402, 0, 0
421411, 1, 1
421477, 0, 0
421486, 1, 0
421552, 0, 1
421561, 1, 1
421627, 0, 0
421636, 1, 0
421702, 0, 1
421711, 1, 0
421777, 0, 0
421786, 1, 1
421852, 0, 1
421861, 1, bit 0
421861, 1, 0
421927, 0, 0
421936, 1, 1
422002, 0, 1
422011, 1, 1
422077, 0, 0
422086, 1, 0
422152, 0, 1
422161, 1, 0
422227, 0, bit 1
422227, 0, 1
422236, 1, 1
422302, 0, 0
422311, 1, 0
422377, 0, 1
422386, 1, 1
422452, 0, 0
422461, 1, 1
422528, 0, 0
422536, 1, 0
422603, 0, 1
422611, 1, 1
422678, 0, 0
422686, 1, 0
422753, 0, 1
422761, 1, 0
422828, 0, 0
422836, 1, 1
422903, 0, 1
422912, 1, bit 1
422912, 1, 1
422978, 0, 0
422987, 1, 0
423053, 0, 1
423062, 1, 0
423128, 0, 0
423137, 1, 1
423203, 0, 1
423212, 1, 1
423278, 0, bit 0
423281, 0, 0
423287, 1, 0
423353, 0, 1
423362, 1, 1
423428, 0, 0
423437, 1, 0
423503, 0, 1
423512, 1, 0
423578, 0, 1
423587, 1, 1
423653, 0, 0
423662, 1, 0
423728, 0, 1
423737, 1, 1
423803, 0, 0
423812, 1, 1
423878, 0, 1
423887, 1, 0
423953, 0, 0
423962, 1, bit 0
423962, 1, 0
424028, 0, 1
424037, 1, 1
424103, 0, 0
424112, 1, 1
424178, 0, 1
424187, 1, 0
424253, 0, 0
424262, 1, 0
424328, 0, bit 0
424328, 0, 0
424337, 1, 1
424403, 0, 1
424412, 1, 0
424478, 0, 0
424487, 1, 1
424553, 0, 1
424562, 1, 1
424628, 0, 1
424637, 1, 0
424704, 0, 0
424712, 1, 1
424779, 0, 1
424787, 1, 0
424854, 0, 0
424862, 1, 0
424929, 0, 1
424937, 1, 1
425004, 0, 0
425012, 1, bit 0
425012, 1, 0
425079, 0, 1
425088, 1, 1
425154, 0, 0
425163, 1, 1
425229, 0, 1
425238, 1, 0
425304, 0, 0
425313, 1, 0
425379, 0, bit 0
425379, 0, 0
425388, 1, 1
425454, 0, 1
425463, 1, 0
425529, 0, 0
425538, 1, 1
425604, 0, 1
425613, 1, 1
425679, 0, 1
425688, 1, 0
425754, 0, 0
425763, 1, 1
425829, 0, 1
425838, 1, 0
425904, 0, 0
425913, 1, 0
425979, 0, 1
425988, 1, 1
426054, 0, 0
426063, 1, bit 0
426063, 1, 0
426129, 0, 1
426138, 1, 1
426204, 0, 0
426213, 1, 1
426279, 0, 1
426288, 1, 0
426354, 0, 0
426363, 1, 0
426429, 0, bit 1
426429, 0, 1
426438, 1, 1
426504, 0, 0
426513, 1, 0
426579, 0, 1
426588, 1, 1
426654, 0, 0
426663, 1, 1
426729, 0, 0
426738, 1, 0
426804, 0, 1
426813, 1, 1
426880, 0, 0
426888, 1, 0
426955, 0, 1
426963, 1, 0
427030, 0, 0
427038, 1, 1
427105, 0, 1
427113, 1, bit 1
427113, 1, 1
427180, 0, 0
427188, 1, 0
427255, 0, 1
427264, 1, 0
427330, 0, 0
427339, 1, 1
427405, 0, 1
427414, 1, 1
427480, 0, bit 1
427480, 0, 1
427489, 1, 0
427555, 0, 0
427564, 1, 1
427630, 0, 1
427639, 1, 0
427705, 0, 0
427714, 1, 0
427780, 0, 0
427789, 1, 1
427855, 0, 1
427864, 1, 0
427930, 0, 0
427939, 1, 1
428005, 0, 1
428014, 1, 1
428080, 0, 0
428089, 1, 0
428155, 0, 1
428164, 1, bit 1
428164, 1, 1
428230, 0, 0
428239, 1, 0
428305, 0, 1
428314, 1, 0
428380, 0, 0
428389, 1, 1
428455, 0, 1
428464, 1, 1
428530, 0, bit 0
428530, 0, 0
428539, 1, 0
428605, 0, 1
428614, 1, 1
428680, 0, 0
428689, 1, 0
428755, 0, 1
428764, 1, 0
428830, 0, 1
428839, 1, 1
428905, 0, 0
428914, 1, 0
428980, 0, 1
428989, 1, 1
429056, 0, 0
429064, 1, 1
429131, 0, 1
429139, 1, 0
429206, 0, 0
429214, 1, bit 0
429214, 1, 0
429281, 0, 1
429289, 1, 1
429356, 0, 0
429364, 1, 1
429431, 0, 1
429440, 1, 0
429506, 0, 0
429515, 1, 0
429581, 0, bit 1
429581, 0, 1
429590, 1, 1
429656, 0, 0
429665, 1, 0
429731, 0, 1
429740, 1, 1
429806, 0, 0
429815, 1, 1
429881, 0, 0
429890, 1, 0
429956, 0, 1
429965, 1, 1
430031, 0, 0
430040, 1, 0
430106, 0, 1
430115, 1, 0
430181, 0, 0
430190, 1, 1
430256, 0, 1
430265, 1, bit 0
430265, 1, 0
430331, 0, 0
430340, 1, 1
430406, 0, 1
430415, 1, 1
430481, 0, 0
430490, 1, 0
430556, 0, 1
430565, 1, 0
430631, 0, bit 0
430631, 0, 0
430640, 1, 1
430706, 0, 1
430715, 1, 0
430781, 0, 0
430790, 1, 1
430856, 0, 1
430865, 1, 1
430931, 0, 1
430940, 1, 0
431006, 0, 0
431015, 1, 1
431081, 0, 1
431090, 1, 0
431156, 0, 0
431165, 1, 0
431232, 0, 1
431240, 1, 1
431307, 0, 0
431315, 1, bit 1
431315, 1, 1
431382, 0, 1
431390, 1, 0
431457, 0, 0
431465, 1, 0
431532, 0, 1
431540, 1, 1
431607, 0, 0
431616, 1, 1
431682, 0, bit 1
431682, 0, 1
431691, 1, 0
431757, 0, 0
431766, 1, 1
431832, 0, 1
431841, 1, 0
431907, 0, 0
431916, 1, 0
431982, 0, 0
431991, 1, 1
432057, 0, 1
432067, 1, 0
432132, 0, 0
432142, 1, 1
432207, 0, 1
432217, 1, 1
432282, 0, 0
432292, 1, 0
432357, 0, 1
432367, 1, bit 1
432367, 1, 1
432432, 0, 0
432442, 1, 0
432507, 0, 1
432517, 1, 0
432582, 0, 0
432592, 1, 1
432657, 0, 1
432667, 1, 1
432732, 0, bit 1
432732, 0, 1
432742, 1, 0
432807, 0, 0
432817, 1, 1
432882, 0, 1
432892, 1, 0
432957, 0, 0
432967, 1, 0
433032, 0, 0
433042, 1, 1
433107, 0, 1
433117, 1, 0
433182, 0, 0
433192, 1, 1
433257, 0, 1
433267, 1, 1
433332, 0, 0
433342, 1, 0
433408, 0, 1
433417, 1, bit 0
433417, 1, 0
433483, 0, 0
433492, 1, 1
433558, 0, 1
433567, 1, 1
433633, 0, 0
433642, 1, 0
433708, 0, 1
433717, 1, 0
433783, 0, bit 1
433783, 0, 1
433792, 1, 1
433858, 0, 0
433867, 1, 0
433933, 0, 1
433942, 1, 1
434008, 0, 0
434017, 1, 1
434083, 0, 0
434092, 1, 0
434158, 0, 1
434167, 1, 1
434233, 0, 0
434242, 1, 0
434308, 0, 1
434317, 1, 0
434383, 0, 0
434392, 1, 1
434458, 0, 1
434467, 1, bit 0
434467, 1, 0
434533, 0, 0
434542, 1, 1
434608, 0, 1
434617, 1, 1
434683, 0, 0
434692, 1, 0
434758, 0, 1
434767, 1, 0
434833, 0, bit 0
434833, 0, 0
434842, 1, 1
434908, 0, 1
434917, 1, 0
434983, 0, 0
434992, 1, 1
435058, 0, 1
435067, 1, 1
435133, 0, 1
435142, 1, 0
435208, 0, 0
435217, 1, 1
435283, 0, 1
435292, 1, 0
435358, 0, 0
435367, 1, 0
435433, 0, 1
435442, 1, 1
435508, 0, 0
435517, 1, bit 1
435517, 1, 1
435584, 0, 1
435592, 1, 0
435659, 0, 0
435667, 1, 0
435734, 0, 1
435742, 1, 1
435809, 0, 0
435817, 1, 1
435884, 0, bit 1
435884, 0, 1
435892, 1, 0
435959, 0, 0
435968, 1, 1
436034, 0, 1
436043, 1, 0
436109, 0, 0
436118, 1, 0
436184, 0, 0
436193, 1, 1
436259, 0, 1
436268, 1, 0
436334, 0, 0
436343, 1, 1
436409, 0, 1
436418, 1, 1
436484, 0, 0
436493, 1, 0
436559, 0, 1
436568, 1, bit 0
436568, 1, 0
436634, 0, 0
436643, 1, 1
436709, 0, 1
436718, 1, 1
436784, 0, 0
436793, 1, 0
436859, 0, 1
436868, 1, 0
436934, 0, bit 1
436934, 0, 1
436943, 1, 1
437009, 0, 0
437018, 1, 0
437084, 0, 1
437093, 1, 1
437159, 0, 0
437168, 1, 1
437234, 0, 0
437243, 1, 0
437309, 0, 1
437318, 1, 1
437384, 0, 0
437393, 1, 0
437459, 0, 1
437468, 1, 0
437534, 0, 0
437543, 1, 1
437609, 0, 1
437618, 1, bit 1
437618, 1, 1
437684, 0, 0
437693, 1, 0
437760, 0, 1
437768, 1, 0
437835, 0, 0
437843, 1, 1
437910, 0, 1
437918, 1, 1
437985, 0, bit 1
437985, 0, 1
437993, 1, 0
438060, 0, 0
438068, 1, 1
438135, 0, 1
438144, 1, 0
438210, 0, 0
438219, 1, 0
438285, 0, 0
438294, 1, 1
438360, 0, 1
438369, 1, 0
438435, 0, 0
438444, 1, 1
438510, 0, 1
438519, 1, 1
438585, 0, 0
438594, 1, 0
438660, 0, 1
438669, 1, bit 1
438669, 1, 1
438735, 0, 0
438744, 1, 0
438810, 0, 1
438819, 1, 0
438885, 0, 0
438894, 1, 1
438960, 0, 1
438969, 1, 1
439035, 0, bit 0
439035, 0, 0
439044, 1, 0
439110, 0, 1
439119, 1, 1
439185, 0, 0
439194, 1, 0
439260, 0, 1
439269, 1, 0
439335, 0, 1
439344, 1, 1
439410, 0, 0
439419, 1, 0
439485, 0, 1
439494, 1, 1
439560, 0, 0
439569, 1, 1
439635, 0, 1
439644, 1, 0
439710, 0, 0
439719, 1, bit 1
439719, 1, 1
439785, 0, 1
439794, 1, 0
439860, 0, 0
439869, 1, 0
439936, 0, 1
439944, 1, 1
440011, 0, 0
440019, 1, 1
440086, 0, bit 1
440086, 0, 1
440094, 1, 0
440161, 0, 0
440169, 1, 1
440236, 0, 1
440244, 1, 0
440311, 0, 0
440320, 1, 0
440386, 0, 0
440395, 1, 1
440461, 0, 1
440470, 1, 0
440536, 0, 0
440545, 1, 1
440611, 0, 1
440620, 1, 1
440686, 0, 0
440695, 1, 0
440761, 0, 1
440770, 1, bit 0
440770, 1, 0
440836, 0, 0
440845, 1, 1
440911, 0, 1
440920, 1, 1
440986, 0, 0
440995, 1, 0
441061, 0, 1
441070, 1, 0
441136, 0, bit 0
441136, 0, 0
441145, 1, 1
441211, 0, 1
441220, 1, 0
441286, 0, 0
441295, 1, 1
441361, 0, 1
441370, 1, 1
441436, 0, 1
441445, 1, 0
441511, 0, 0
441520, 1, 1
441586, 0, 1
441595, 1, 0
441661, 0, 0
441670, 1, 0
441736, 0, 1
441745, 1, 1
441811, 0, 0
441820, 1, bit 1
441820, 1, 1
441886, 0, 1
441895, 1, 0
441961, 0, 0
441970, 1, 0
442036, 0, 1
442045, 1, 1
442112, 0, 0
442120, 1, 1
442187, 0, bit 0
442187, 0, 0
442195, 1, 0
442262, 0, 1
442270, 1, 1
442337, 0, 0
442345, 1, 0
442412, 0, 1
442420, 1, 0
442487, 0, 1
442496, 1, 1
442562, 0, 0
442571, 1, 0
442637, 0, 1
442646, 1, 1
442712, 0, 0
442721, 1, 1
442787, 0, 1
442796, 1, 0
442862, 0, 0
442871, 1, bit 1
442871, 1, 1
442937, 0, 1
442946, 1, 0
443012, 0, 0
443021, 1, 0
443087, 0, 1
443096, 1, 1
443162, 0, 0
443171, 1, 1
443237, 0, bit 0
443237, 0, 0
443246, 1, 0
443312, 0, 1
443321, 1, 1
443387, 0, 0
443396, 1, 0
443462, 0, 1
443471, 1, 0
443537, 0, 1
443546, 1, 1
443612, 0, 0
443621, 1, 0
443687, 0, 1
443696, 1, 1
443762, 0, 0
443771, 1, 1
443837, 0, 1
443846, 1, 0
443912, 0, 0
443921, 1, bit 0
443921, 1, 0
443987, 0, 1
443996, 1, 1
444062, 0, 0
444071, 1, 1
444137, 0, 1
444146, 1, 0
444212, 0, 0
444221, 1, 0
444288, 0, bit 1
444288, 0, 1
444296, 1, 1
444363, 0, 0
444371, 1, 0
444438, 0, 1
444446, 1, 1
444513, 0, 0
444521, 1, 1
444588, 0, 0
444596, 1, 0
444663, 0, 1
444672, 1, 1
444738, 0, 0
444747, 1, 0
444813, 0, 1
444822, 1, 0
444888, 0, 0
444897, 1, 1
444963, 0, 1
444972, 1, bit 1
444972, 1, 1
445038, 0, 0
445047, 1, 0
445113, 0, 1
445122, 1, 0
445188, 0, 0
445197, 1, 1
445263, 0, 1
445272, 1, 1
445338, 0, bit 1
445338, 0, 1
445347, 1, 0
445413, 0, 0
445422, 1, 1
445488, 0, 1
445497, 1, 0
445563, 0, 0
445572, 1, 0
445638, 0, 0
445647, 1, 1
445713, 0, 1
445722, 1, 0
445788, 0, 0
445797, 1, 1
445863, 0, 1
445872, 1, 1
445938, 0, 0
445947, 1, 0
446013, 0, 1
446022, 1, bit 0
446022, 1, 0
446088, 0, 0
446097, 1, 1
446163, 0, 1
446172, 1, 1
446238, 0, 0
446247, 1, 0
446313, 0, 1
446322, 1, 0
446388, 0, bit 0
446388, 0, 0
446397, 1, 1
446464, 0, 1
446472, 1, 0
446539, 0, 0
446547, 1, 1
446614, 0, 1
446622, 1, 1
446689, 0, 1
446697, 1, 0
446764, 0, 0
446772, 1, 1
446839, 0, 1
446848, 1, 0
446914, 0, 0
446923, 1, 0
446989, 0, 1
446998, 1, 1
447064, 0, 0
447073, 1, bit 1
447073, 1, 1
447139, 0, 1
447148, 1, 0
447214, 0, 0
447223, 1, 0
447289, 0, 1
447298, 1, 1
447364, 0, 0
447373, 1, 1
447439, 0, bit 1
447439, 0, 1
447448, 1, 0
447514, 0, 0
447523, 1, 1
447589, 0, 1
447598, 1, 0
447664, 0, 0
447673, 1, 0
447739, 0, 0
447748, 1, 1
447814, 0, 1
447823, 1, 0
447889, 0, 0
447898, 1, 1
447964, 0, 1
447973, 1, 1
448039, 0, 0
448048, 1, 0
448114, 0, 1
448123, 1, bit 1
448123, 1, 1
448189, 0, 0
448198, 1, 0
448264, 0, 1
448273, 1, 0
448339, 0, 0
448348, 1, 1
448414, 0, 1
448423, 1, 1
448489, 0, bit 0
448489, 0, 0
448498, 1, 0
448564, 0, 1
448573, 1, 1
448640, 0, 0
448648, 1, 0
448715, 0, 1
448723, 1, 0
448790, 0, 1
448798, 1, 1
448865, 0, 0
448873, 1, 0
448940, 0, 1
448948, 1, 1
449015, 0, 0
449024, 1, 1
449090, 0, 1
449099, 1, 0
449165, 0, 0
449174, 1, bit 1
449174, 1, 1
449240, 0, 1
449249, 1, 0
449315, 0, 0
449324, 1, 0
449390, 0, 1
449399, 1, 1
449465, 0, 0
449474, 1, 1
449540, 0, bit 1
449540, 0, 1
449549, 1, 0
449615, 0, 0
449624, 1, 1
449690, 0, 1
449699, 1, 0
449765, 0, 0
449774, 1, 0
449840, 0, 0
449849, 1, 1
449915, 0, 1
449924, 1, 0
449990, 0, 0
449999, 1, 1
450065, 0, 1
450074, 1, 1
450140, 0, 0
450149, 1, 0
450215, 0, 1
450224, 1, bit 0
450224, 1, 0
450290, 0, 0
450299, 1, 1
450365, 0, 1
450374, 1, 1
450440, 0, 0
450449, 1, 0
450515, 0, 1
450524, 1, 0
450590, 0, bit 0
450590, 0, 0
450599, 1, 1
450665, 0, 1
450674, 1, 0
450740, 0, 0
450749, 1, 1
450816, 0, 1
450824, 1, 1
450891, 0, 1
450899, 1, 0
450966, 0, 0
450974, 1, 1
451041, 0, 1
451049, 1, 0
451116, 0, 0
451124, 1, 0
451191, 0, 1
451200, 1, 1
451266, 0, 0
451275, 1, bit 0
451275, 1, 0
451341, 0, 1
451350, 1, 1
451416, 0, 0
451425, 1, 1
451491, 0, 1
451500, 1, 0
451566, 0, 0
451575, 1, 0
451641, 0, bit 0
451641, 0, 0
451650, 1, 1
451716, 0, 1
451725, 1, 0
451791, 0, 0
451800, 1, 1
451866, 0, 1
451875, 1, 1
451941, 0, 1
451950, 1, 0
452016, 0, 0
452025, 1, 1
452091, 0, 1
452100, 1, 0
452166, 0, 0
452175, 1, 0
452241, 0, 1
452250, 1, 1
452316, 0, 0
452325, 1, bit 1
452325, 1, 1
452391, 0, 1
452400, 1, 0
452466, 0, 0
452475, 1, 0
452541, 0, 1
452550, 1, 1
452616, 0, 0
452625, 1, 1
452691, 0, bit 1
452691, 0, 1
452700, 1, 0
452766, 0, 0
452775, 1, 1
452841, 0, 1
452850, 1, 0
452916, 0, 0
452925, 1, 0
452992, 0, 0
453000, 1, 1
453067, 0, 1
453075, 1, 0
453142, 0, 0
453150, 1, 1
453217, 0, 1
453225, 1, 1
453292, 0, 0
453300, 1, 0
453367, 0, 1
453376, 1, bit 1
453376, 1, 1
453442, 0, 0
453451, 1, 0
453517, 0, 1
453526, 1, 0
453592, 0, 0
453601, 1, 1
453667, 0, 1
453676, 1, 1
453742, 0, bit 1
453742, 0, 1
453751, 1, 0
453817, 0, 0
453826, 1, 1
453892, 0, 1
453901, 1, 0
453967, 0, 0
453976, 1, 0
454042, 0, 0
454051, 1, 1
454117, 0, 1
454126, 1, 0
454192, 0, 0
454201, 1, 1
454267, 0, 1
454276, 1, 1
454342, 0, 0
454351, 1, 0
454417, 0, 1
454426, 1, bit 0
454426, 1, 0
454492, 0, 0
454501, 1, 1
454567, 0, 1
454576, 1, 1
454642, 0, 0
454651, 1, 0
454717, 0, 1
454726, 1, 0
454792, 0, bit 0
454792, 0, 0
454801, 1, 1
454867, 0, 1
454876, 1, 0
454942, 0, 0
454951, 1, 1
455017, 0, 1
455026, 1, 1
455092, 0, 1
455101, 1, 0
455168, 0, 0
455176, 1, 1
455243, 0, 1
455251, 1, 0
455318, 0, 0
455326, 1, 0
455393, 0, 1
455401, 1, 1
455468, 0, 0
455476, 1, bit 0
455476, 1, 0
455543, 0, 1
455552, 1, 1
455618, 0, 0
455627, 1, 1
455693, 0, 1
455702, 1, 0
455768, 0, 0
455777, 1, 0
455843, 0, bit 1
455843, 0, 1
455852, 1, 1
455918, 0, 0
455927, 1, 0
455993, 0, 1
456002, 1, 1
456068, 0, 0
456077, 1, 1
456143, 0, 0
456152, 1, 0
456218, 0, 1
456227, 1, 1
456293, 0, 0
456302, 1, 0
456368, 0, 1
456377, 1, 0
456443, 0, 0
456452, 1, 1
456518, 0, 1
456527, 1, bit 1
456527, 1, 1
456593, 0, 0
456602, 1, 0
456668, 0, 1
456677, 1, 0
456743, 0, 0
456752, 1, 1
456818, 0, 1
456827, 1, 1
456893, 0, bit 0
456893, 0, 0
456902, 1, 0
456968, 0, 1
456977, 1, 1
457043, 0, 0
457052, 1, 0
457118, 0, 1
457127, 1, 0
457193, 0, 1
457202, 1, 1
457268, 0, 0
457277, 1, 0
457344, 0, 1
457352, 1, 1
457419, 0, 0
457427, 1, 1
457494, 0, 1
457502, 1, 0
457569, 0, 0
457577, 1, bit 0
457577, 1, 0
457644, 0, 1
457652, 1, 1
457719, 0, 0
457728, 1, 1
457794, 0, 1
457803, 1, 0
457869, 0, 0
457878, 1, 0
457944, 0, bit 1
457944, 0, 1
457953, 1, 1
458019, 0, 0
458028, 1, 0
458094, 0, 1
458103, 1, 1
458169, 0, 0
458178, 1, 1
458244, 0, 0
458253, 1, 0
458319, 0, 1
458328, 1, 1
458394, 0, 0
458403, 1, 0
458469, 0, 1
458478, 1, 0
458544, 0, 0
458553, 1, 1
458619, 0, 1
458628, 1, bit 0
458628, 1, 0
458694, 0, 0
458703, 1, 1
458769, 0, 1
458778, 1, 1
458844, 0, 0
458853, 1, 0
458919, 0, 1
458928, 1, 0
458994, 0, bit 0
458994, 0, 0
459003, 1, 1
459069, 0, 1
459078, 1, 0
459144, 0, 0
459153, 1, 1
459219, 0, 1
459228, 1, 1
459294, 0, 1
459303, 1, 0
459369, 0, 0
459378, 1, 1
459444, 0, 1
459453, 1, 0
459520, 0, 0
459528, 1, 0
459595, 0, 1
459603, 1, 1
459670, 0, 0
459678, 1, bit 1
459678, 1, 1
459745, 0, 1
459753, 1, 0
459820, 0, 0
459828, 1, 0
459895, 0, 1
459904, 1, 1
459970, 0, 0
459979, 1, 1
460045, 0, bit 0
460045, 0, 0
460054, 1, 0
460120, 0, 1
460129, 1, 1
460195, 0, 0
460204, 1, 0
460270, 0, 1
460279, 1, 0
460345, 0, 1
460354, 1, 1
460420, 0, 0
460429, 1, 0
460495, 0, 1
460504, 1, 1
460570, 0, 0
460579, 1, 1
460645, 0, 1
460654, 1, 0
460720, 0, 0
460729, 1, bit 1
460729, 1, 1
460795, 0, 1
460804, 1, 0
460870, 0, 0
460879, 1, 0
460945, 0, 1
460954, 1, 1
461020, 0, 0
461029, 1, 1
461095, 0, bit 1
461095, 0, 1
461104, 1, 0
461170, 0, 0
461179, 1, 1
461245, 0, 1
461254, 1, 0
461320, 0, 0
461329, 1, 0
461395, 0, 0
461404, 1, 1
461470, 0, 1
461479, 1, 0
461545, 0, 0
461554, 1, 1
461620, 0, 1
461629, 1, 1
461696, 0, 0
461704, 1, 0
461771, 0, 1
461779, 1, bit 0
461779, 1, 0
461846, 0, 0
461854, 1, 1
461921, 0, 1
461929, 1, 1
461996, 0, 0
462004, 1, 0
462071, 0, 1
462080, 1, 0
462146, 0, bit 0
462146, 0, 0
462155, 1, 1
462221, 0, 1
462230, 1, 0
462296, 0, 0
462305, 1, 1
462371, 0, 1
462380, 1, 1
462446, 0, 1
462455, 1, 0
462521, 0, 0
462530, 1, 1
462596, 0, 1
462605, 1, 0
462671, 0, 0
462680, 1, 0
462746, 0, 1
462755, 1, 1
462821, 0, 0
462830, 1, bit 0
462830, 1, 0
462896, 0, 1
462905, 1, 1
462971, 0, 0
462980, 1, 1
463046, 0, 1
463055, 1, 0
463121, 0, 0
463130, 1, 0
463196, 0, bit 0
463196, 0, 0
463205, 1, 1
463271, 0, 1
463280, 1, 0
463346, 0, 0
463355, 1, 1
463421, 0, 1
463430, 1, 1
463496, 0, 1
463505, 1, 0
463571, 0, 0
463580, 1, 1
463646, 0, 1
463655, 1, 0
463721, 0, 0
463730, 1, 0
463796, 0, 1
463805, 1, 1
463872, 0, 0
463880, 1, bit 1
463880, 1, 1
463947, 0, 1
463955, 1, 0
464022, 0, 0
464030, 1, 0
464097, 0, 1
464105, 1, 1
464172, 0, 0
464180, 1, 1
464256, 1, 0
464331, 1, 1
464406, 1, 0
464481, 1, 0
464556, 1, 1
464631, 1, 0
464706, 1, 1
464781, 1, 1
464856, 1, 0
464931, 1, bit 1
464931, 1, 1
465006, 1, 0
465081, 1, 0
465156, 1, 1
465231, 1, 1
465306, 1, 0
465381, 1, 1
465456, 1, 0
465531, 1, 0
465606, 1, 1
465681, 1, 0
465756, 1, 1
465831, 1, 1
465906, 1, 0
465981, 1, bit 1
465981, 1, 1
466056, 1, 0
466131, 1, 0
466206, 1, 1
466281, 1, 1
466356, 1, 0
466432, 1, 1
466507, 1, 0
466582, 1, 0
466657, 1, 1
466732, 1, 0
466807, 1, 1
466882, 1, 1
466957, 1, 0
467032, 1, bit 0
467032, 1, 0
467107, 1, 1
467182, 1, 1
467257, 1, 0
467332, 1, 0
467407, 1, 1
467482, 1, 0
467557, 1, 1
467632, 1, 1
467707, 1, 0
467782, 1, 1
467857, 1, 0
467932, 1, 0
468007, 1, 1
468082, 1, bit 1
468082, 1, 1
468157, 1, 0
468232, 1, 0
468307, 1, 1
468382, 1, 1
468457, 1, 0
468532, 1, 1
468608, 1, 0
468683, 1, 0
468758, 1, 1
468833, 1, 0
468908, 1, 1
468983, 1, 1
469058, 1, 0
469133, 1, bit 0
469133, 1, 0
469208, 1, 1
469283, 1, 1
469358, 1, 0
469433, 1, 0
469508, 1, 1
469583, 1, 0
469658, 1, 1
469733, 1, 1
469808, 1, 0
469883, 1, 1
469958, 1, 0
470033, 1, 0
470108, 1, 1
470183, 1, bit 0
470183, 1, 0
470258, 1, 1
470333, 1, 1
470408, 1, 0
470483, 1, 0
470558, 1, 1
470633, 1, 0
470708, 1, 1
470784, 1, 1
470859, 1, 0
470934, 1, 1
471009, 1, 0
471084, 1, 0
471159, 1, 1
471234, 1, bit 0
471234, 1, 0
471309, 1, 1
471384, 1, 1
471459, 1, 0
471534, 1, 0
471609, 1, 1
471684, 1, 0
471759, 1, 1
471834, 1, 1
471909, 1, 0
471984, 1, 1
472059, 1, 0
472134, 1, 0
472209, 1, 1
472284, 1, bit 0
472284, 1, 0
472359, 1, 1
472434, 1, 1
472509, 1, 0
472584, 1, 0
472659, 1, 1
472734, 1, 0
472809, 1, 1
472884, 1, 1
472960, 1, 0
473035, 1, 1
473110, 1, 0
473185, 1, 0
473260, 1, 1
473335, 1, bit 1
473335, 1, 1
473410, 1, 0
473485, 1, 0
473560, 1, 1
473635, 1, 1
473710, 1, 0
473785, 1, 1
473860, 1, 0
473935, 1, 0
474010, 1, 1
474085, 1, 0
474160, 1, 1
474235, 1, 1
474310, 1, 0
474385, 1, bit 1
474385, 1, 1
474460, 1, 0
474535, 1, 0
474610, 1, 1
474685, 1, 1
474760, 1, 0
474835, 1, 1
474910, 1, 0
474985, 1, 0
475060, 1, 1
475136, 1, 0
475211, 1, 1
475286, 1, 1
475361, 1, 0
475436, 1, bit 0
475436, 1, 0
475511, 1, 1
475586, 1, 1
475661, 1, 0
475736, 1, 0
475811, 1, 1
475886, 1, 0
475961, 1, 1
476036, 1, 1
476111, 1, 0
476186, 1, 1
476261, 1, 0
476336, 1, 0
476411, 1, 1
476486, 1, bit 0
476486, 1, 0
476561, 1, 1
476636, 1, 1
476711, 1, 0
476786, 1, 0
476861, 1, 1
476936, 1, 0
477011, 1, 1
477086, 1, 1
477161, 1, 0
477236, 1, 1
477312, 1, 0
477387, 1, 0
477462, 1, 1
477537, 1, bit 0
477537, 1, 0
477612, 1, 1
477687, 1, 1
477762, 1, 0
477837, 1, 0
477912, 1, 1
477987, 1, 0
478062, 1, 1
478137, 1, 1
478212, 1, 0
478287, 1, 1
478362, 1, 0
478437, 1, 0
478512, 1, 1
478587, 1, bit 1
478587, 1, 1
478662, 1, 0
478737, 1, 0
478812, 1, 1
478887, 1, 1
478962, 1, 0
479037, 1, 1
479112, 1, 0
479187, 1, 0
479262, 1, 1
479337, 1, 0
479412, 1, 1
479488, 1, 1
479563, 1, 0
479638, 1, bit 1
479638, 1, 1
479713, 1, 0
479788, 1, 0
479863, 1, 1
479938, 1, 1
480013, 1, 0
480088, 1, 1
480163, 1, 0
480238, 1, 0
480313, 1, 1
480388, 1, 0
480463, 1, 1
480538, 1, 1
480613, 1, 0
480688, 1, bit 1
480688, 1, 1
480763, 1, 0
480838, 1, 0
480913, 1, 1
480988, 1, 1
481063, 1, 0
481138, 1, 1
481213, 1, 0
481288, 1, 0
481363, 1, 1
481438, 1, 0
481513, 1, 1
481588, 1, 1
481664, 1, 0
