75 100 2 7 16
(3, 20, 3, 10.00), (code 1)
(4, 258, 7, 10.00), (code 6)
START
646466, 0, prem 1
646466, 0, 1
646541, 0, 1
646616, 0, 1
646691, 0, 1
646766, 0, 1
646841, 0, 1
646916, 0, 1
646991, 0, 1
647066, 0, 1
647141, 0, 1
647216, 0, 1
647291, 0, 1
647366, 0, 1
647441, 0, 1
647516, 0, 1
647591, 0, 1
647666, 0, 0
647741, 0, 0
647816, 0, 0
647891, 0, 0
647966, 0, 0
648041, 0, 0
648116, 0, 0
648192, 0, 0
648267, 0, 0
648342, 0, 0
648417, 0, 0
648492, 0, 0
648567, 0, 0
648642, 0, 0
648717, 0, 0
648792, 0, 0
648867, 0, prem 1
648867, 0, 1
648942, 0, 1
649017, 0, 1
649092, 0, 1
649167, 0, 1
649242, 0, 1
649317, 0, 1
649392, 0, 1
649467, 0, 1
649542, 0, 1
649617, 0, 1
649692, 0, 1
649767, 0, 1
649842, 0, 1
649917, 0, 1
649992, 0, 1
650067, 0, 0
650142, 0, 0
650217, 0, 0
650292, 0, 0
650368, 0, 0
650443, 0, 0
650518, 0, 0
650593, 0, 0
650668, 0, 0
650743, 0, 0
650818, 0, 0
650893, 0, 0
650968, 0, 0
651043, 0, 0
651118, 0, 0
651193, 0, 0
651268, 0, prem 0
651271, 0, 0
651343, 0, 0
651418, 0, 0
651493, 0, 0
651568, 0, 0
651643, 0, 0
651718, 0, 0
651793, 0, 0
651868, 0, 0
651943, 0, 0
652018, 0, 0
652093, 0, 0
652168, 0, 0
652243, 0, 0
652318, 0, 0
652393, 0, 0
652468, 0, 1
652544, 0, 1
652619, 0, 1
652694, 0, 1
652769, 0, 1
652844, 0, 1
652919, 0, 1
652994, 0, 1
653069, 0, 1
653144, 0, 1
653219, 0, 1
653294, 0, 1
653369, 0, 1
653444, 0, 1
653519, 0, 1
653594, 0, 1
653669, 0, prem 0
653669, 0, 0
653744, 0, 0
653819, 0, 0
653894, 0, 0
653969, 0, 0
654044, 0, 0
654119, 0, 0
654194, 0, 0
654269, 0, 0
654344, 0, 0
654419, 0, 0
654494, 0, 0
654569, 0, 0
654644, 0, 0
654720, 0, 0
654795, 0, 0
654870, 0, 1
654945, 0, 1
655020, 0, 1
655095, 0, 1
655170, 0, 1
655245, 0, 1
655320, 0, 1
655395, 0, 1
655470, 0, 1
655545, 0, 1
655620, 0, 1
655695, 0, 1
655770, 0, 1
655845, 0, 1
655920, 0, 1
655995, 0, 1
656070, 0, prem 0
656070, 0, 0
656145, 0, 0
656220, 0, 0
656295, 0, 0
656370, 0, 0
656445, 0, 0
656520, 0, 0
656595, 0, 0
656670, 0, 0
656745, 0, 0
656820, 0, 0
656896, 0, 0
656971, 0, 0
657046, 0, 0
657121, 0, 0
657196, 0, 0
657271, 0, 1
657346, 0, 1
657421, 0, 1
657496, 0, 1
657571, 0, 1
657646, 0, 1
657721, 0, 1
657796, 0, 1
657871, 0, 1
657946, 0, 1
658021, 0, 1
658096, 0, 1
658171, 0, 1
658246, 0, 1
658321, 0, 1
658396, 0, 1
658471, 0, prem 0
658471, 0, 0
658546, 0, 0
658621, 0, 0
658696, 0, 0
658771, 0, 0
658846, 0, 0
658921, 0, 0
658996, 0, 0
659072, 0, 0
659147, 0, 0
659222, 0, 0
659297, 0, 0
659372, 0, 0
659447, 0, 0
659522, 0, 0
659597, 0, 0
659672, 0, 1
659747, 0, 1
659822, 0, 1
659897, 0, 1
659972, 0, 1
660047, 0, 1
660122, 0, 1
660197, 0, 1
660272, 0, 1
660347, 0, 1
660422, 0, 1
660497, 0, 1
660572, 0, 1
660647, 0, 1
660722, 0, 1
660797, 0, 1
660872, 0, prem 0
660872, 0, 0
660947, 0, 0
661022, 0, 0
661097, 0, 0
661172, 0, 0
661248, 0, 0
661323, 0, 0
661398, 0, 0
661473, 0, 0
661548, 0, 0
661623, 0, 0
661698, 0, 0
661773, 0, 0
661848, 0, 0
661923, 0, 0
661998, 0, 0
662073, 0, 1
662148, 0, 1
662223, 0, 1
662298, 0, 1
662373, 0, 1
662448, 0, 1
662523, 0, 1
662598, 0, 1
662673, 0, 1
662748, 0, 1
662823, 0, 1
662898, 0, 1
662973, 0, 1
663048, 0, 1
663123, 0, 1
663198, 0, 1
663273, 0, bit 1
663273, 0, 1
663348, 0, 0
663424, 0, 1
663499, 0, 0
663574, 0, 0
663649, 0, 1
663724, 0, 0
663799, 0, 1
663874, 0, 0
663949, 0, 1
664024, 0, 0
664099, 0, 1
664174, 0, 0
664249, 0, 1
664324, 0, bit 0
664324, 0, 0
664399, 0, 1
664474, 0, 0
664549, 0, 1
664624, 0, 1
664627, 1, prem 0
664627, 1, 0
664699, 0, 0
664702, 1, 0
664774, 0, 1
664777, 1, 0
664849, 0, 0
664852, 1, 0
664924, 0, 1
664927, 1, 0
664999, 0, 0
665003, 1, 0
665074, 0, 1
665078, 1, 0
665149, 0, 0
665153, 1, 0
665224, 0, 1
665228, 1, 0
665299, 0, 0
665303, 1, 0
665374, 0, bit 1
665374, 0, 1
665378, 1, 0
665449, 0, 0
665453, 1, 0
665524, 0, 1
665528, 1, 0
665600, 0, 0
665603, 1, 0
665675, 0, 0
665678, 1, 0
665750, 0, 1
665753, 1, 0
665825, 0, 0
665828, 1, 1
665900, 0, 1
665903, 1, 1
665975, 0, 0
665978, 1, 1
666050, 0, 1
666053, 1, 1
666125, 0, 0
666128, 1, 1
666200, 0, 1
666203, 1, 1
666275, 0, 0
666278, 1, 1
666350, 0, 1
666353, 1, 1
666425, 0, bit 0
666425, 0, 0
666428, 1, 1
666500, 0, 1
666503, 1, 1
666575, 0, 0
666578, 1, 1
666650, 0, 1
666653, 1, 1
666725, 0, 1
666728, 1, 1
666800, 0, 0
666803, 1, 1
666875, 0, 1
666878, 1, 1
666950, 0, 0
666953, 1, 1
667025, 0, 1
667028, 1, prem 0
667031, 1, 0
667100, 0, 0
667103, 1, 0
667175, 0, 1
667179, 1, 0
667250, 0, 0
667254, 1, 0
667325, 0, 1
667329, 1, 0
667400, 0, 0
667404, 1, 0
667475, 0, bit 0
667475, 0, 0
667479, 1, 0
667550, 0, 1
667554, 1, 0
667625, 0, 0
667629, 1, 0
667700, 0, 1
667704, 1, 0
667776, 0, 1
667779, 1, 0
667851, 0, 0
667854, 1, 0
667926, 0, 1
667929, 1, 0
668001, 0, 0
668004, 1, 0
668076, 0, 1
668079, 1, 0
668151, 0, 0
668154, 1, 0
668226, 0, 1
668229, 1, 1
668301, 0, 0
668304, 1, 1
668376, 0, 1
668379, 1, 1
668451, 0, 0
668454, 1, 1
668526, 0, bit 0
668526, 0, 0
668529, 1, 1
668601, 0, 1
668604, 1, 1
668676, 0, 0
668679, 1, 1
668751, 0, 1
668754, 1, 1
668826, 0, 1
668829, 1, 1
668901, 0, 0
668904, 1, 1
668976, 0, 1
668979, 1, 1
669051, 0, 0
669054, 1, 1
669126, 0, 1
669129, 1, 1
669201, 0, 0
669204, 1, 1
669276, 0, 1
669279, 1, 1
669351, 0, 0
669355, 1, 1
669426, 0, 1
669430, 1, prem 1
669430, 1, 1
669501, 0, 0
669505, 1, 1
669576, 0, bit 1
669579, 0, 1
669580, 1, 1
669651, 0, 0
669655, 1, 1
669726, 0, 1
669730, 1, 1
669801, 0, 0
669805, 1, 1
669876, 0, 0
669880, 1, 1
669952, 0, 1
669955, 1, 1
670027, 0, 0
670030, 1, 1
670102, 0, 1
670105, 1, 1
670177, 0, 0
670180, 1, 1
670252, 0, 1
670255, 1, 1
670327, 0, 0
670330, 1, 1
670402, 0, 1
670405, 1, 1
670477, 0, 0
670480, 1, 1
670552, 0, 1
670555, 1, 1
670627, 0, bit 1
670627, 0, 1
670630, 1, 0
670702, 0, 0
670705, 1, 0
670777, 0, 1
670780, 1, 0
670852, 0, 0
670855, 1, 0
670927, 0, 0
670930, 1, 0
671002, 0, 1
671005, 1, 0
671077, 0, 0
671080, 1, 0
671152, 0, 1
671155, 1, 0
671227, 0, 0
671230, 1, 0
671302, 0, 1
671305, 1, 0
671377, 0, 0
671380, 1, 0
671452, 0, 1
671455, 1, 0
671527, 0, 0
671531, 1, 0
671602, 0, 1
671606, 1, 0
671677, 0, bit 1
671677, 0, 1
671681, 1, 0
671752, 0, 0
671756, 1, 0
671827, 0, 1
671831, 1, prem 0
671831, 1, 0
671902, 0, 0
671906, 1, 0
671977, 0, 0
671981, 1, 0
672052, 0, 1
672056, 1, 0
672128, 0, 0
672131, 1, 0
672203, 0, 1
672206, 1, 0
672278, 0, 0
672281, 1, 0
672353, 0, 1
672356, 1, 0
672428, 0, 0
672431, 1, 0
672503, 0, 1
672506, 1, 0
672578, 0, 0
672581, 1, 0
672653, 0, 1
672656, 1, 0
672728, 0, bit 1
672728, 0, 1
672731, 1, 0
672803, 0, 0
672806, 1, 0
672878, 0, 1
672881, 1, 0
672953, 0, 0
672956, 1, 0
673028, 0, 0
673031, 1, 1
673103, 0, 1
673106, 1, 1
673178, 0, 0
673181, 1, 1
673253, 0, 1
673256, 1, 1
673328, 0, 0
673331, 1, 1
673403, 0, 1
673406, 1, 1
673478, 0, 0
673481, 1, 1
673553, 0, 1
673556, 1, 1
673628, 0, 0
673631, 1, 1
673703, 0, 1
673707, 1, 1
673778, 0, bit 1
673778, 0, 1
673782, 1, 1
673853, 0, 0
673857, 1, 1
673928, 0, 1
673932, 1, 1
674003, 0, 0
674007, 1, 1
674078, 0, 0
674082, 1, 1
674153, 0, 1
674157, 1, 1
674228, 0, 0
674232, 1, prem 0
674232, 1, 0
674304, 0, 1
674307, 1, 0
674379, 0, 0
674382, 1, 0
674454, 0, 1
674457, 1, 0
674529, 0, 0
674532, 1, 0
674604, 0, 1
674607, 1, 0
674679, 0, 0
674682, 1, 0
674754, 0, 1
674757, 1, 0
674829, 0, bit 0
674829, 0, 0
674832, 1, 0
674904, 0, 1
674907, 1, 0
674979, 0, 0
674982, 1, 0
675054, 0, 1
675057, 1, 0
675129, 0, 1
675132, 1, 0
675204, 0, 0
675207, 1, 0
675279, 0, 1
675282, 1, 0
675354, 0, 0
675357, 1, 0
675429, 0, 1
675432, 1, 1
675504, 0, 0
675507, 1, 1
675579, 0, 1
675582, 1, 1
675654, 0, 0
675657, 1, 1
675729, 0, 1
675732, 1, 1
675804, 0, 0
675807, 1, 1
675879, 0, bit 0
675879, 0, 0
675883, 1, 1
675954, 0, 1
675958, 1, 1
676029, 0, 0
676037, 1, 1
676104, 0, 1
676112, 1, 1
676179, 0, 1
676187, 1, 1
676254, 0, 0
676262, 1, 1
676329, 0, 1
676337, 1, 1
676404, 0, 0
676412, 1, 1
676480, 0, 1
676487, 1, 1
676555, 0, 0
676562, 1, 1
676630, 0, 1
676637, 1, prem 1
676637, 1, 1
676705, 0, 0
676712, 1, 1
676780, 0, 1
676787, 1, 1
676855, 0, 0
676862, 1, 1
676930, 0, bit 0
676930, 0, 0
676937, 1, 1
677005, 0, 1
677012, 1, 1
677080, 0, 0
677087, 1, 1
677155, 0, 1
677163, 1, 1
677230, 0, 1
677238, 1, 1
677305, 0, 0
677313, 1, 1
677380, 0, 1
677388, 1, 1
677455, 0, 0
677463, 1, 1
677530, 0, 1
677538, 1, 1
677605, 0, 0
677613, 1, 1
677680, 0, 1
677688, 1, 1
677755, 0, 0
677763, 1, 1
677830, 0, 1
677838, 1, 0
677905, 0, 0
677913, 1, 0
677980, 0, bit 0
677980, 0, 0
677988, 1, 0
678055, 0, 1
678063, 1, 0
678130, 0, 0
678138, 1, 0
678205, 0, 1
678213, 1, 0
678280, 0, 1
678288, 1, 0
678355, 0, 0
678363, 1, 0
678430, 0, 1
678438, 1, 0
678505, 0, 0
678513, 1, 0
678580, 0, 1
678588, 1, 0
678656, 0, 0
678663, 1, 0
678731, 0, 1
678738, 1, 0
678806, 0, 0
678813, 1, 0
678881, 0, 1
678888, 1, 0
678956, 0, 0
678963, 1, 0
679031, 0, bit 0
679031, 0, 0
679038, 1, prem 0
679038, 1, 0
679106, 0, 1
679113, 1, 0
679181, 0, 0
679188, 1, 0
679256, 0, 1
679263, 1, 0
679331, 0, 1
679339, 1, 0
679406, 0, 0
679414, 1, 0
679481, 0, 1
679489, 1, 0
679556, 0, 0
679564, 1, 0
679631, 0, 1
679639, 1, 0
679706, 0, 0
679714, 1, 0
679781, 0, 1
679789, 1, 0
679856, 0, 0
679864, 1, 0
679931, 0, 1
679939, 1, 0
680006, 0, 0
680014, 1, 0
680081, 0, bit 0
680081, 0, 0
680089, 1, 0
680156, 0, 1
680164, 1, 0
680231, 0, 0
680239, 1, 1
680306, 0, 1
680314, 1, 1
680381, 0, 1
680389, 1, 1
680456, 0, 0
680464, 1, 1
680531, 0, 1
680539, 1, 1
680606, 0, 0
680614, 1, 1
680681, 0, 1
680689, 1, 1
680756, 0, 0
680764, 1, 1
680832, 0, 1
680839, 1, 1
680907, 0, 0
680914, 1, 1
680982, 0, 1
680989, 1, 1
681057, 0, 0
681064, 1, 1
681132, 0, bit 0
681132, 0, 0
681139, 1, 1
681207, 0, 1
681214, 1, 1
681282, 0, 0
681289, 1, 1
681357, 0, 1
681364, 1, 1
681432, 0, 1
681439, 1, bit 1
681439, 1, 0
681507, 0, 0
681515, 1, 1
681582, 0, 1
681590, 1, 0
681657, 0, 0
681665, 1, 1
681732, 0, 1
681740, 1, 1
681807, 0, 0
681815, 1, 0
681882, 0, 1
681890, 1, 0
681957, 0, 0
681965, 1, 1
682032, 0, 1
682040, 1, 0
682107, 0, 0
682115, 1, 1
682182, 0, bit 0
682182, 0, 0
682190, 1, 1
682257, 0, 1
682265, 1, 0
682332, 0, 0
682340, 1, 0
682407, 0, 1
682415, 1, 1
682482, 0, 1
682490, 1, bit 1
682490, 1, 0
682557, 0, 0
682565, 1, 1
682632, 0, 1
682640, 1, 0
682707, 0, 0
682715, 1, 1
682782, 0, 1
682790, 1, 1
682857, 0, 0
682865, 1, 0
682932, 0, 1
682940, 1, 0
683008, 0, 0
683015, 1, 1
683083, 0, 1
683090, 1, 0
683158, 0, 0
683165, 1, 1
683233, 0, bit 0
683233, 0, 0
683240, 1, 1
683308, 0, 1
683315, 1, 0
683383, 0, 0
683390, 1, 0
683458, 0, 1
683465, 1, 1
683533, 0, 1
683540, 1, bit 1
683540, 1, 0
683608, 0, 0
683615, 1, 1
683683, 0, 1
683691, 1, 0
683758, 0, 0
683766, 1, 1
683833, 0, 1
683841, 1, 1
683908, 0, 0
683916, 1, 0
683983, 0, 1
683991, 1, 0
684058, 0, 0
684066, 1, 1
684133, 0, 1
684141, 1, 0
684208, 0, 0
684216, 1, 1
684283, 0, bit 1
684283, 0, 1
684291, 1, 1
684358, 0, 0
684366, 1, 0
684433, 0, 1
684441, 1, 0
684508, 0, 0
684516, 1, 1
684583, 0, 0
684591, 1, bit 0
684591, 1, 1
684658, 0, 1
684666, 1, 0
684733, 0, 0
684741, 1, 1
684808, 0, 1
684816, 1, 0
684883, 0, 0
684891, 1, 0
684958, 0, 1
684966, 1, 1
685033, 0, 0
685041, 1, 1
685108, 0, 1
685116, 1, 0
685184, 0, 0
685191, 1, 1
685259, 0, 1
685266, 1, 0
685334, 0, bit 0
685334, 0, 0
685341, 1, 0
685409, 0, 1
685416, 1, 1
685484, 0, 0
685491, 1, 1
685559, 0, 1
685566, 1, 0
685634, 0, 1
685641, 1, bit 1
685641, 1, 0
685709, 0, 0
685716, 1, 1
685784, 0, 1
685791, 1, 0
685859, 0, 0
685867, 1, 1
685934, 0, 1
685942, 1, 1
686009, 0, 0
686017, 1, 0
686084, 0, 1
686092, 1, 0
686159, 0, 0
686167, 1, 1
686234, 0, 1
686242, 1, 0
686309, 0, 0
686317, 1, 1
686384, 0, bit 1
686384, 0, 1
686392, 1, 1
686459, 0, 0
686467, 1, 0
686534, 0, 1
686542, 1, 0
686609, 0, 0
686617, 1, 1
686684, 0, 0
686692, 1, bit 1
686692, 1, 0
686759, 0, 1
686767, 1, 1
686834, 0, 0
686842, 1, 0
686909, 0, 1
686917, 1, 1
686984, 0, 0
686992, 1, 1
687059, 0, 1
687067, 1, 0
687134, 0, 0
687142, 1, 0
687209, 0, 1
687217, 1, 1
687284, 0, 0
687292, 1, 0
687360, 0, 1
687367, 1, 1
687435, 0, bit 1
687435, 0, 1
687442, 1, 1
687510, 0, 0
687517, 1, 0
687585, 0, 1
687592, 1, 0
687660, 0, 0
687667, 1, 1
687735, 0, 0
687742, 1, bit 1
687742, 1, 0
687810, 0, 1
687817, 1, 1
687885, 0, 0
687892, 1, 0
687960, 0, 1
687967, 1, 1
688035, 0, 0
688043, 1, 1
688110, 0, 1
688118, 1, 0
688185, 0, 0
688193, 1, 0
688260, 0, 1
688268, 1, 1
688335, 0, 0
688343, 1, 0
688410, 0, 1
688418, 1, 1
688485, 0, bit 1
688485, 0, 1
688493, 1, 1
688560, 0, 0
688568, 1, 0
688635, 0, 1
688643, 1, 0
688710, 0, 0
688718, 1, 1
688785, 0, 0
688793, 1, bit 1
688793, 1, 0
688860, 0, 1
688868, 1, 1
688935, 0, 0
688943, 1, 0
689010, 0, 1
689018, 1, 1
689085, 0, 0
689093, 1, 1
689160, 0, 1
689168, 1, 0
689235, 0, 0
689243, 1, 0
689310, 0, 1
689318, 1, 1
689385, 0, 0
689393, 1, 0
689460, 0, 1
689468, 1, 1
689536, 0, bit 0
689536, 0, 0
689543, 1, 1
689611, 0, 1
689618, 1, 0
689686, 0, 0
689693, 1, 0
689761, 0, 1
689768, 1, 1
689836, 0, 1
689843, 1, bit 0
689843, 1, 1
689911, 0, 0
689918, 1, 0
689986, 0, 1
689993, 1, 1
690061, 0, 0
690068, 1, 0
690136, 0, 1
690143, 1, 0
690211, 0, 0
690219, 1, 1
690286, 0, 1
690294, 1, 1
690361, 0, 0
690369, 1, 0
690436, 0, 1
690444, 1, 1
690511, 0, 0
690519, 1, 0
690586, 0, bit 1
690586, 0, 1
690594, 1, 0
690661, 0, 0
690669, 1, 1
690736, 0, 1
690744, 1, 1
690811, 0, 0
690819, 1, 0
690886, 0, 0
690894, 1, bit 1
690894, 1, 0
690961, 0, 1
690969, 1, 1
691036, 0, 0
691044, 1, 0
691111, 0, 1
691119, 1, 1
691186, 0, 0
691194, 1, 1
691261, 0, 1
691269, 1, 0
691336, 0, 0
691344, 1, 0
691411, 0, 1
691419, 1, 1
691486, 0, 0
691494, 1, 0
691561, 0, 1
691569, 1, 1
691636, 0, bit 1
691636, 0, 1
691644, 1, 1
691712, 0, 0
691719, 1, 0
691787, 0, 1
691794, 1, 0
691862, 0, 0
691869, 1, 1
691937, 0, 0
691944, 1, bit 1
691944, 1, 0
692012, 0, 1
692019, 1, 1
692087, 0, 0
692094, 1, 0
692162, 0, 1
692169, 1, 1
692237, 0, 0
692244, 1, 1
692312, 0, 1
692319, 1, 0
692387, 0, 0
692395, 1, 0
692462, 0, 1
692470, 1, 1
692537, 0, 0
692545, 1, 0
692612, 0, 1
692620, 1, 1
692687, 0, bit 1
692687, 0, 1
692695, 1, 1
692762, 0, 0
692770, 1, 0
692837, 0, 1
692845, 1, 0
692912, 0, 0
692920, 1, 1
692987, 0, 0
692995, 1, bit 1
692995, 1, 0
693062, 0, 1
693070, 1, 1
693137, 0, 0
693145, 1, 0
693212, 0, 1
693220, 1, 1
693287, 0, 0
693295, 1, 1
693362, 0, 1
693370, 1, 0
693437, 0, 0
693445, 1, 0
693512, 0, 1
693520, 1, 1
693587, 0, 0
693595, 1, 0
693662, 0, 1
693670, 1, 1
693737, 0, bit 1
693737, 0, 1
693745, 1, 1
693812, 0, 0
693820, 1, 0
693888, 0, 1
693895, 1, 0
693963, 0, 0
693970, 1, 1
694038, 0, 0
694045, 1, bit 1
694045, 1, 0
694113, 0, 1
694120, 1, 1
694188, 0, 0
694195, 1, 0
694263, 0, 1
694270, 1, 1
694338, 0, 0
694345, 1, 1
694413, 0, 1
694420, 1, 0
694488, 0, 0
694495, 1, 0
694563, 0, 1
694571, 1, 1
694638, 0, 0
694646, 1, 0
694713, 0, 1
694721, 1, 1
694788, 0, bit 0
694788, 0, 0
694796, 1, 1
694863, 0, 1
694871, 1, 0
694938, 0, 0
694946, 1, 0
695013, 0, 1
695021, 1, 1
695088, 0, 1
695096, 1, bit 0
695096, 1, 1
695163, 0, 0
695171, 1, 0
695238, 0, 1
695246, 1, 1
695313, 0, 0
695321, 1, 0
695388, 0, 1
695396, 1, 0
695463, 0, 0
695471, 1, 1
695538, 0, 1
695546, 1, 1
695613, 0, 0
695621, 1, 0
695688, 0, 1
695696, 1, 1
695763, 0, 0
695771, 1, 0
695838, 0, bit 0
695838, 0, 0
695846, 1, 0
695913, 0, 1
695921, 1, 1
695988, 0, 0
695996, 1, 1
696064, 0, 1
696071, 1, 0
696139, 0, 1
696146, 1, bit 0
696146, 1, 1
696214, 0, 0
696221, 1, 0
696289, 0, 1
696296, 1, 1
696364, 0, 0
696371, 1, 0
696439, 0, 1
696446, 1, 0
696514, 0, 0
696521, 1, 1
696589, 0, 1
696596, 1, 1
696664, 0, 0
696671, 1, 0
696739, 0, 1
696747, 1, 1
696814, 0, 0
696822, 1, 0
696889, 0, bit 1
696889, 0, 1
696897, 1, 0
696964, 0, 0
696972, 1, 1
697039, 0, 1
697047, 1, 1
697114, 0, 0
697122, 1, 0
697189, 0, 0
697197, 1, bit 1
697197, 1, 0
697264, 0, 1
697272, 1, 1
697339, 0, 0
697347, 1, 0
697414, 0, 1
697422, 1, 1
697489, 0, 0
697497, 1, 1
697564, 0, 1
697572, 1, 0
697639, 0, 0
697647, 1, 0
697714, 0, 1
697722, 1, 1
697789, 0, 0
697797, 1, 0
697864, 0, 1
697872, 1, 1
697939, 0, bit 0
697939, 0, 0
697947, 1, 1
698014, 0, 1
698022, 1, 0
698089, 0, 0
698097, 1, 0
698164, 0, 1
698172, 1, 1
698240, 0, 1
698247, 1, bit 1
698247, 1, 0
698315, 0, 0
698322, 1, 1
698390, 0, 1
698397, 1, 0
698465, 0, 0
698472, 1, 1
698540, 0, 1
698547, 1, 1
698615, 0, 0
698622, 1, 0
698690, 0, 1
698697, 1, 0
698765, 0, 0
698772, 1, 1
698840, 0, 1
698847, 1, 0
698915, 0, 0
698923, 1, 1
698990, 0, bit 0
698990, 0, 0
698998, 1, 1
699065, 0, 1
699073, 1, 0
699140, 0, 0
699148, 1, 0
699215, 0, 1
699223, 1, 1
699290, 0, 1
699298, 1, bit 0
699298, 1, 1
699365, 0, 0
699373, 1, 0
699440, 0, 1
699448, 1, 1
699515, 0, 0
699523, 1, 0
699590, 0, 1
699598, 1, 0
699665, 0, 0
699673, 1, 1
699740, 0, 1
699748, 1, 1
699815, 0, 0
699823, 1, 0
699890, 0, 1
699898, 1, 1
699965, 0, 0
699973, 1, 0
700040, 0, bit 0
700043, 0, 0
700048, 1, 0
700115, 0, 1
700123, 1, 1
700190, 0, 0
700198, 1, 1
700265, 0, 1
700273, 1, 0
700340, 0, 1
700348, 1, bit 1
700348, 1, 0
700416, 0, 0
700423, 1, 1
700491, 0, 1
700498, 1, 0
700566, 0, 0
700573, 1, 1
700641, 0, 1
700648, 1, 1
700716, 0, 0
700723, 1, 0
700791, 0, 1
700798, 1, 0
700866, 0, 0
700873, 1, 1
700941, 0, 1
700948, 1, 0
701016, 0, 0
701023, 1, 1
701091, 0, bit 1
701091, 0, 1
701099, 1, 1
701166, 0, 0
701174, 1, 0
701241, 0, 1
701249, 1, 0
701316, 0, 0
701324, 1, 1
701391, 0, 0
701399, 1, bit 1
701399, 1, 0
701466, 0, 1
701474, 1, 1
701541, 0, 0
701549, 1, 0
701616, 0, 1
701624, 1, 1
701691, 0, 0
701699, 1, 1
701766, 0, 1
701774, 1, 0
701841, 0, 0
701849, 1, 0
701916, 0, 1
701924, 1, 1
701991, 0, 0
701999, 1, 0
702066, 0, 1
702074, 1, 1
702141, 0, bit 0
702141, 0, 0
702149, 1, 1
702216, 0, 1
702224, 1, 0
702291, 0, 0
702299, 1, 0
702366, 0, 1
702374, 1, 1
702441, 0, 1
702449, 1, bit 1
702449, 1, 0
702516, 0, 0
702524, 1, 1
702592, 0, 1
702599, 1, 0
702667, 0, 0
702674, 1, 1
702742, 0, 1
702749, 1, 1
702817, 0, 0
702824, 1, 0
702892, 0, 1
702899, 1, 0
702967, 0, 0
702974, 1, 1
703042, 0, 1
703049, 1, 0
703117, 0, 0
703124, 1, 1
703192, 0, bit 1
703192, 0, 1
703199, 1, 1
703267, 0, 0
703275, 1, 0
703342, 0, 1
703350, 1, 0
703417, 0, 0
703425, 1, 1
703492, 0, 0
703500, 1, bit 0
703500, 1, 1
703567, 0, 1
703575, 1, 0
703642, 0, 0
703650, 1, 1
703717, 0, 1
703725, 1, 0
703792, 0, 0
703800, 1, 0
703867, 0, 1
703875, 1, 1
703942, 0, 0
703950, 1, 1
704017, 0, 1
704025, 1, 0
704092, 0, 0
704100, 1, 1
704167, 0, 1
704175, 1, 0
704242, 0, bit 1
704242, 0, 1
704250, 1, 0
704317, 0, 0
704325, 1, 1
704392, 0, 1
704400, 1, 1
704467, 0, 0
704475, 1, 0
704542, 0, 0
704550, 1, bit 0
704550, 1, 1
704617, 0, 1
704625, 1, 0
704692, 0, 0
704700, 1, 1
704768, 0, 1
704775, 1, 0
704843, 0, 0
704850, 1, 0
704918, 0, 1
704925, 1, 1
704993, 0, 0
705000, 1, 1
705068, 0, 1
705075, 1, 0
705143, 0, 0
705150, 1, 1
705218, 0, 1
705225, 1, 0
705293, 0, bit 1
705293, 0, 1
705300, 1, 0
705368, 0, 0
705375, 1, 1
705443, 0, 1
705451, 1, 1
705518, 0, 0
705526, 1, 0
705593, 0, 0
705601, 1, bit 0
705601, 1, 1
705668, 0, 1
705676, 1, 0
705743, 0, 0
705751, 1, 1
705818, 0, 1
705826, 1, 0
705893, 0, 0
705901, 1, 0
705968, 0, 1
705976, 1, 1
706043, 0, 0
706051, 1, 1
706118, 0, 1
706126, 1, 0
706193, 0, 0
706201, 1, 1
706268, 0, 1
706276, 1, 0
706343, 0, bit 1
706347, 0, 1
706351, 1, 0
706418, 0, 0
706426, 1, 1
706493, 0, 1
706501, 1, 1
706568, 0, 0
706576, 1, 0
706643, 0, 0
706651, 1, bit 1
706651, 1, 0
706718, 0, 1
706726, 1, 1
706793, 0, 0
706801, 1, 0
706868, 0, 1
706876, 1, 1
706944, 0, 0
706951, 1, 1
707019, 0, 1
707026, 1, 0
707094, 0, 0
707101, 1, 0
707169, 0, 1
707176, 1, 1
707244, 0, 0
707251, 1, 0
707319, 0, 1
707326, 1, 1
707394, 0, bit 1
707394, 0, 1
707401, 1, 1
707469, 0, 0
707476, 1, 0
707544, 0, 1
707551, 1, 0
707619, 0, 0
707627, 1, 1
707694, 0, 0
707702, 1, bit 0
707702, 1, 1
707769, 0, 1
707777, 1, 0
707844, 0, 0
707852, 1, 1
707919, 0, 1
707927, 1, 0
707994, 0, 0
708002, 1, 0
708069, 0, 1
708077, 1, 1
708144, 0, 0
708152, 1, 1
708219, 0, 1
708227, 1, 0
708294, 0, 0
708302, 1, 1
708369, 0, 1
708377, 1, 0
708444, 0, bit 1
708444, 0, 1
708452, 1, 0
708519, 0, 0
708527, 1, 1
708594, 0, 1
708602, 1, 1
708669, 0, 0
708677, 1, 0
708744, 0, 0
708752, 1, bit 1
708752, 1, 0
708819, 0, 1
708827, 1, 1
708894, 0, 0
708902, 1, 0
708969, 0, 1
708977, 1, 1
709044, 0, 0
709052, 1, 1
709120, 0, 1
709127, 1, 0
709195, 0, 0
709202, 1, 0
709270, 0, 1
709277, 1, 1
709345, 0, 0
709352, 1, 0
709420, 0, 1
709427, 1, 1
709495, 0, bit 1
709495, 0, 1
709502, 1, 1
709570, 0, 0
709577, 1, 0
709645, 0, 1
709652, 1, 0
709720, 0, 0
709727, 1, 1
709795, 0, 0
709803, 1, bit 1
709803, 1, 0
709870, 0, 1
709878, 1, 1
709945, 0, 0
709953, 1, 0
710020, 0, 1
710028, 1, 1
710095, 0, 0
710103, 1, 1
710170, 0, 1
710178, 1, 0
710245, 0, 0
710253, 1, 0
710320, 0, 1
710328, 1, 1
710395, 0, 0
710403, 1, 0
710470, 0, 1
710478, 1, 1
710545, 0, bit 0
710545, 0, 0
710553, 1, 1
710620, 0, 1
710628, 1, 0
710695, 0, 0
710703, 1, 0
710770, 0, 1
710778, 1, 1
710845, 0, 1
710853, 1, bit 1
710853, 1, 0
710920, 0, 0
710928, 1, 1
710995, 0, 1
711003, 1, 0
711070, 0, 0
711078, 1, 1
711145, 0, 1
711153, 1, 1
711220, 0, 0
711228, 1, 0
711296, 0, 1
711303, 1, 0
711371, 0, 0
711378, 1, 1
711446, 0, 1
711453, 1, 0
711521, 0, 0
711528, 1, 1
711596, 0, bit 1
711596, 0, 1
711603, 1, 1
711671, 0, 0
711678, 1, 0
711746, 0, 1
711753, 1, 0
711821, 0, 0
711828, 1, 1
711896, 0, 0
711903, 1, bit 0
711903, 1, 1
711971, 0, 1
711979, 1, 0
712046, 0, 0
712054, 1, 1
712121, 0, 1
712129, 1, 0
712196, 0, 0
712204, 1, 0
712271, 0, 1
712279, 1, 1
712346, 0, 0
712354, 1, 1
712421, 0, 1
712429, 1, 0
712496, 0, 0
712504, 1, 1
712571, 0, 1
712579, 1, 0
712646, 0, bit 0
712646, 0, 0
712654, 1, 0
712721, 0, 1
712729, 1, 1
712796, 0, 0
712804, 1, 1
712871, 0, 1
712879, 1, 0
712946, 0, 1
712954, 1, bit 1
712954, 1, 0
713021, 0, 0
713029, 1, 1
713096, 0, 1
713104, 1, 0
713171, 0, 0
713179, 1, 1
713246, 0, 1
713254, 1, 1
713321, 0, 0
713329, 1, 0
713396, 0, 1
713404, 1, 0
713472, 0, 0
713479, 1, 1
713547, 0, 1
713554, 1, 0
713622, 0, 0
713629, 1, 1
713697, 0, bit 0
713697, 0, 0
713704, 1, 1
713772, 0, 1
713779, 1, 0
713847, 0, 0
713854, 1, 0
713922, 0, 1
713929, 1, 1
713997, 0, 1
714004, 1, bit 0
714004, 1, 1
714072, 0, 0
714079, 1, 0
714147, 0, 1
714155, 1, 1
714222, 0, 0
714230, 1, 0
714297, 0, 1
714305, 1, 0
714372, 0, 0
714380, 1, 1
714447, 0, 1
714455, 1, 1
714522, 0, 0
714530, 1, 0
714597, 0, 1
714605, 1, 1
714672, 0, 0
714680, 1, 0
714747, 0, bit 1
714747, 0, 1
714755, 1, 0
714822, 0, 0
714830, 1, 1
714897, 0, 1
714905, 1, 1
714972, 0, 0
714980, 1, 0
715047, 0, 0
715055, 1, bit 0
715055, 1, 1
715122, 0, 1
715130, 1, 0
715197, 0, 0
715205, 1, 1
715272, 0, 1
715280, 1, 0
715347, 0, 0
715355, 1, 0
715422, 0, 1
715430, 1, 1
715497, 0, 0
715505, 1, 1
715572, 0, 1
715580, 1, 0
715648, 0, 0
715655, 1, 1
715723, 0, 1
715730, 1, 0
715798, 0, bit 1
715798, 0, 1
715805, 1, 0
715873, 0, 0
715880, 1, 1
715948, 0, 1
715955, 1, 1
716023, 0, 0
716030, 1, 0
716098, 0, 0
716105, 1, bit 1
716105, 1, 0
716173, 0, 1
716180, 1, 1
716248, 0, 0
716255, 1, 0
716323, 0, 1
716331, 1, 1
716398, 0, 0
716406, 1, 1
716473, 0, 1
716481, 1, 0
716548, 0, 0
716556, 1, 0
716623, 0, 1
716631, 1, 1
716698, 0, 0
716706, 1, 0
716773, 0, 1
716781, 1, 1
716848, 0, bit 1
716848, 0, 1
716856, 1, 1
716923, 0, 0
716931, 1, 0
716998, 0, 1
717006, 1, 0
717073, 0, 0
717081, 1, 1
717148, 0, 0
717156, 1, bit 0
717156, 1, 1
717223, 0, 1
717231, 1, 0
717298, 0, 0
717306, 1, 1
717373, 0, 1
717381, 1, 0
717448, 0, 0
717456, 1, 0
717523, 0, 1
717531, 1, 1
717598, 0, 0
717606, 1, 1
717673, 0, 1
717681, 1, 0
717748, 0, 0
717756, 1, 1
717824, 0, 1
717831, 1, 0
717899, 0, bit 1
717899, 0, 1
717906, 1, 0
717974, 0, 0
717981, 1, 1
718049, 0, 1
718056, 1, 1
718124, 0, 0
718131, 1, 0
718199, 0, 0
718206, 1, bit 1
718206, 1, 0
718274, 0, 1
718281, 1, 1
718349, 0, 0
718356, 1, 0
718424, 0, 1
718431, 1, 1
718499, 0, 0
718507, 1, 1
718574, 0, 1
718582, 1, 0
718649, 0, 0
718657, 1, 0
718724, 0, 1
718732, 1, 1
718799, 0, 0
718807, 1, 0
718874, 0, 1
718882, 1, 1
718949, 0, bit 0
718949, 0, 0
718957, 1, 1
719024, 0, 1
719032, 1, 0
719099, 0, 0
719107, 1, 0
719174, 0, 1
719182, 1, 1
719249, 0, 1
719257, 1, bit 1
719257, 1, 0
719324, 0, 0
719332, 1, 1
719399, 0, 1
719407, 1, 0
719474, 0, 0
719482, 1, 1
719549, 0, 1
719557, 1, 1
719624, 0, 0
719632, 1, 0
719699, 0, 1
719707, 1, 0
719774, 0, 0
719782, 1, 1
719849, 0, 1
719857, 1, 0
719924, 0, 0
719932, 1, 1
720000, 0, bit 0
720000, 0, 0
720007, 1, 1
720075, 0, 1
720082, 1, 0
720150, 0, 0
720157, 1, 0
720225, 0, 1
720232, 1, 1
720300, 0, 1
720307, 1, bit 0
720307, 1, 1
720375, 0, 0
720382, 1, 0
720450, 0, 1
720457, 1, 1
720525, 0, 0
720532, 1, 0
720600, 0, 1
720607, 1, 0
720675, 0, 0
720683, 1, 1
720750, 0, 1
720758, 1, 1
720825, 0, 0
720833, 1, 0
720900, 0, 1
720908, 1, 1
720975, 0, 0
720983, 1, 0
721050, 0, bit 1
721050, 0, 1
721058, 1, 0
721125, 0, 0
721133, 1, 1
721200, 0, 1
721208, 1, 1
721275, 0, 0
721283, 1, 0
721350, 0, 0
721358, 1, bit 0
721361, 1, 1
721425, 0, 1
721433, 1, 0
721500, 0, 0
721508, 1, 1
721575, 0, 1
721583, 1, 0
721650, 0, 0
721658, 1, 0
721725, 0, 1
721733, 1, 1
721800, 0, 0
721808, 1, 1
721875, 0, 1
721883, 1, 0
721950, 0, 0
721958, 1, 1
722025, 0, 1
722033, 1, 0
722100, 0, bit 0
722100, 0, 0
722108, 1, 0
722176, 0, 1
722183, 1, 1
722251, 0, 0
722258, 1, 1
722326, 0, 1
722333, 1, 0
722401, 0, 1
722408, 1, bit 0
722408, 1, 1
722476, 0, 0
722483, 1, 0
722551, 0, 1
722558, 1, 1
722626, 0, 0
722633, 1, 0
722701, 0, 1
722708, 1, 0
722776, 0, 0
722783, 1, 1
722851, 0, 1
722859, 1, 1
722926, 0, 0
722934, 1, 0
723001, 0, 1
723009, 1, 1
723076, 0, 0
723084, 1, 0
723151, 0, bit 1
723151, 0, 1
723159, 1, 0
723226, 0, 0
723234, 1, 1
723301, 0, 1
723309, 1, 1
723376, 0, 0
723384, 1, 0
723451, 0, 0
723459, 1, bit 1
723459, 1, 0
723526, 0, 1
723534, 1, 1
723601, 0, 0
723609, 1, 0
723676, 0, 1
723684, 1, 1
723751, 0, 0
723759, 1, 1
723826, 0, 1
723834, 1, 0
723901, 0, 0
723909, 1, 0
723976, 0, 1
723984, 1, 1
724051, 0, 0
724059, 1, 0
724126, 0, 1
724134, 1, 1
724201, 0, bit 0
724201, 0, 0
724209, 1, 1
724276, 0, 1
724284, 1, 0
724352, 0, 0
724359, 1, 0
724427, 0, 1
724434, 1, 1
724502, 0, 1
724509, 1, bit 0
724509, 1, 1
724577, 0, 0
724584, 1, 0
724652, 0, 1
724659, 1, 1
724727, 0, 0
724734, 1, 0
724802, 0, 1
724809, 1, 0
724877, 0, 0
724884, 1, 1
724952, 0, 1
724959, 1, 1
725027, 0, 0
725035, 1, 0
725102, 0, 1
725110, 1, 1
725177, 0, 0
725185, 1, 0
725252, 0, bit 0
725252, 0, 0
725260, 1, 0
725327, 0, 1
725335, 1, 1
725402, 0, 0
725410, 1, 1
725477, 0, 1
725485, 1, 0
725552, 0, 1
725560, 1, bit 0
725560, 1, 1
725627, 0, 0
725635, 1, 0
725702, 0, 1
725710, 1, 1
725777, 0, 0
725785, 1, 0
725852, 0, 1
725860, 1, 0
725927, 0, 0
725935, 1, 1
726002, 0, 1
726010, 1, 1
726077, 0, 0
726085, 1, 0
726152, 0, 1
726160, 1, 1
726227, 0, 0
726235, 1, 0
726302, 0, bit 1
726302, 0, 1
726310, 1, 0
726377, 0, 0
726385, 1, 1
726452, 0, 1
726460, 1, 1
726528, 0, 0
726535, 1, 0
726603, 0, 0
726610, 1, bit 1
726610, 1, 0
726678, 0, 1
726685, 1, 1
726753, 0, 0
726760, 1, 0
726828, 0, 1
726835, 1, 1
726903, 0, 0
726910, 1, 1
726978, 0, 1
726985, 1, 0
727053, 0, 0
727060, 1, 0
727128, 0, 1
727135, 1, 1
727203, 0, 0
727211, 1, 0
727278, 0, 1
727286, 1, 1
727353, 0, bit 1
727353, 0, 1
727361, 1, 1
727428, 0, 0
727436, 1, 0
727503, 0, 1
727511, 1, 0
727578, 0, 0
727586, 1, 1
727653, 0, 0
727661, 1, bit 1
727664, 1, 0
727728, 0, 1
727736, 1, 1
727803, 0, 0
727811, 1, 0
727878, 0, 1
727886, 1, 1
727953, 0, 0
727961, 1, 1
728028, 0, 1
728036, 1, 0
728103, 0, 0
728111, 1, 0
728178, 0, 1
728186, 1, 1
728253, 0, 0
728261, 1, 0
728328, 0, 1
728336, 1, 1
728403, 0, bit 0
728403, 0, 0
728411, 1, 1
728478, 0, 1
728486, 1, 0
728553, 0, 0
728561, 1, 0
728628, 0, 1
728636, 1, 1
728704, 0, 1
728711, 1, bit 0
728711, 1, 1
728779, 0, 0
728786, 1, 0
728854, 0, 1
728861, 1, 1
728929, 0, 0
728936, 1, 0
729004, 0, 1
729011, 1, 0
729079, 0, 0
729086, 1, 1
729154, 0, 1
729161, 1, 1
729229, 0, 0
729236, 1, 0
729304, 0, 1
729311, 1, 1
729379, 0, 0
729387, 1, 0
729454, 0, bit 0
729454, 0, 0
729462, 1, 0
729529, 0, 1
729537, 1, 1
729604, 0, 0
729612, 1, 1
729679, 0, 1
729687, 1, 0
729754, 0, 1
729762, 1, bit 0
729762, 1, 1
729829, 0, 0
729837, 1, 0
729904, 0, 1
729912, 1, 1
729979, 0, 0
729987, 1, 0
730054, 0, 1
730062, 1, 0
730129, 0, 0
730137, 1, 1
730204, 0, 1
730212, 1, 1
730279, 0, 0
730287, 1, 0
730354, 0, 1
730362, 1, 1
730429, 0, 0
730437, 1, 0
730504, 0, bit 0
730504, 0, 0
730512, 1, 0
730579, 0, 1
730587, 1, 1
730654, 0, 0
730662, 1, 1
730729, 0, 1
730737, 1, 0
730804, 0, 1
730812, 1, bit 0
730812, 1, 1
730880, 0, 0
730887, 1, 0
730955, 0, 1
730962, 1, 1
731030, 0, 0
731037, 1, 0
731105, 0, 1
731112, 1, 0
731180, 0, 0
731187, 1, 1
731255, 0, 1
731262, 1, 1
731330, 0, 0
731337, 1, 0
731405, 0, 1
731412, 1, 1
731480, 0, 0
731487, 1, 0
731555, 0, bit 1
731555, 0, 1
731563, 1, 0
731630, 0, 0
731638, 1, 1
731705, 0, 1
731713, 1, 1
731780, 0, 0
731788, 1, 0
731855, 0, 0
731863, 1, bit 1
731863, 1, 0
731930, 0, 1
731938, 1, 1
732005, 0, 0
732013, 1, 0
732080, 0, 1
732088, 1, 1
732155, 0, 0
732163, 1, 1
732230, 0, 1
732238, 1, 0
732305, 0, 0
732313, 1, 0
732380, 0, 1
732388, 1, 1
732455, 0, 0
732463, 1, 0
732530, 0, 1
732538, 1, 1
732605, 0, bit 1
732605, 0, 1
732613, 1, 1
732680, 0, 0
732688, 1, 0
732755, 0, 1
732763, 1, 0
732830, 0, 0
732838, 1, 1
732905, 0, 0
732913, 1, bit 1
732913, 1, 0
732980, 0, 1
732988, 1, 1
733056, 0, 0
733063, 1, 0
733131, 0, 1
733138, 1, 1
733206, 0, 0
733213, 1, 1
733281, 0, 1
733288, 1, 0
733356, 0, 0
733363, 1, 0
733431, 0, 1
733438, 1, 1
733506, 0, 0
733513, 1, 0
733581, 0, 1
733588, 1, 1
733656, 0, bit 0
733656, 0, 0
733663, 1, 1
733731, 0, 1
733739, 1, 0
733806, 0, 0
733814, 1, 0
733881, 0, 1
733889, 1, 1
733956, 0, 1
733964, 1, bit 1
733964, 1, 0
734031, 0, 0
734039, 1, 1
734106, 0, 1
734114, 1, 0
734181, 0, 0
734189, 1, 1
734256, 0, 1
734264, 1, 1
734331, 0, 0
734339, 1, 0
734406, 0, 1
734414, 1, 0
734481, 0, 0
734489, 1, 1
734556, 0, 1
734564, 1, 0
734631, 0, 0
734639, 1, 1
734706, 0, bit 0
734706, 0, 0
734714, 1, 1
734781, 0, 1
734789, 1, 0
734856, 0, 0
734864, 1, 0
734931, 0, 1
734939, 1, 1
735006, 0, 1
735014, 1, bit 0
735014, 1, 1
735081, 0, 0
735089, 1, 0
735156, 0, 1
735164, 1, 1
735232, 0, 0
735239, 1, 0
735307, 0, 1
735314, 1, 0
735382, 0, 0
735389, 1, 1
735457, 0, 1
735464, 1, 1
735532, 0, 0
735539, 1, 0
735607, 0, 1
735614, 1, 1
735682, 0, 0
735689, 1, 0
735757, 0, bit 1
735757, 0, 1
735764, 1, 0
735832, 0, 0
735839, 1, 1
735907, 0, 1
735915, 1, 1
735982, 0, 0
735990, 1, 0
736057, 0, 0
736065, 1, bit 0
736065, 1, 1
736132, 0, 1
736140, 1, 0
736207, 0, 0
736215, 1, 1
736282, 0, 1
736290, 1, 0
736357, 0, 0
736365, 1, 0
736432, 0, 1
736440, 1, 1
736507, 0, 0
736515, 1, 1
736582, 0, 1
736590, 1, 0
736657, 0, 0
736665, 1, 1
736732, 0, 1
736740, 1, 0
736807, 0, bit 1
736807, 0, 1
736815, 1, 0
736882, 0, 0
736890, 1, 1
736957, 0, 1
736965, 1, 1
737032, 0, 0
737040, 1, 0
737107, 0, 0
737115, 1, bit 1
737115, 1, 0
737182, 0, 1
737190, 1, 1
737257, 0, 0
737265, 1, 0
737332, 0, 1
737340, 1, 1
737408, 0, 0
737415, 1, 1
737483, 0, 1
737490, 1, 0
737558, 0, 0
737565, 1, 0
737633, 0, 1
737640, 1, 1
737708, 0, 0
737715, 1, 0
737783, 0, 1
737790, 1, 1
737858, 0, bit 0
737858, 0, 0
737865, 1, 1
737933, 0, 1
737940, 1, 0
738008, 0, 0
738015, 1, 0
738083, 0, 1
738091, 1, 1
738158, 0, 1
738166, 1, bit 1
738166, 1, 0
738233, 0, 0
738241, 1, 1
738308, 0, 1
738316, 1, 0
738383, 0, 0
738391, 1, 1
738458, 0, 1
738466, 1, 1
738533, 0, 0
738541, 1, 0
738608, 0, 1
738616, 1, 0
738683, 0, 0
738691, 1, 1
738758, 0, 1
738766, 1, 0
738833, 0, 0
738841, 1, 1
738908, 0, bit 1
738908, 0, 1
738916, 1, 1
738983, 0, 0
738991, 1, 0
739058, 0, 1
739066, 1, 0
739133, 0, 0
739141, 1, 1
739208, 0, 0
739216, 1, bit 1
739216, 1, 0
739283, 0, 1
739291, 1, 1
739358, 0, 0
739366, 1, 0
739433, 0, 1
739441, 1, 1
739508, 0, 0
739516, 1, 1
739584, 0, 1
739591, 1, 0
739659, 0, 0
739666, 1, 0
739734, 0, 1
739741, 1, 1
739809, 0, 0
739816, 1, 0
739884, 0, 1
739891, 1, 1
739959, 0, bit 1
739959, 0, 1
739966, 1, 1
740034, 0, 0
740041, 1, 0
740109, 0, 1
740116, 1, 0
740184, 0, 0
740191, 1, 1
740259, 0, 0
740267, 1, bit 0
740267, 1, 1
740334, 0, 1
740342, 1, 0
740409, 0, 0
740417, 1, 1
740484, 0, 1
740492, 1, 0
740559, 0, 0
740567, 1, 0
740634, 0, 1
740642, 1, 1
740709, 0, 0
740717, 1, 1
740784, 0, 1
740792, 1, 0
740859, 0, 0
740867, 1, 1
740934, 0, 1
740942, 1, 0
741009, 0, bit 1
741009, 0, 1
741017, 1, 0
741084, 0, 0
741092, 1, 1
741159, 0, 1
741167, 1, 1
741234, 0, 0
741242, 1, 0
741309, 0, 0
741317, 1, bit 1
741317, 1, 0
741384, 0, 1
741392, 1, 1
741459, 0, 0
741467, 1, 0
741534, 0, 1
741542, 1, 1
741609, 0, 0
741617, 1, 1
741684, 0, 1
741692, 1, 0
741760, 0, 0
741767, 1, 0
741835, 0, 1
741842, 1, 1
741910, 0, 0
741917, 1, 0
741985, 0, 1
741992, 1, 1
742060, 0, bit 0
742060, 0, 0
742067, 1, 1
742135, 0, 1
742142, 1, 0
742210, 0, 0
742217, 1, 0
742285, 0, 1
742292, 1, 1
742360, 0, 1
742367, 1, bit 0
742367, 1, 1
742435, 0, 0
742443, 1, 0
742510, 0, 1
742518, 1, 1
742585, 0, 0
742593, 1, 0
742660, 0, 1
742668, 1, 0
742735, 0, 0
742743, 1, 1
742810, 0, 1
742818, 1, 1
742885, 0, 0
742893, 1, 0
742960, 0, 1
742968, 1, 1
743035, 0, 0
743043, 1, 0
743110, 0, bit 0
743110, 0, 0
743118, 1, 0
743185, 0, 1
743193, 1, 1
743260, 0, 0
743268, 1, 1
743335, 0, 1
743343, 1, 0
743410, 0, 1
743418, 1, bit 1
743418, 1, 0
743485, 0, 0
743493, 1, 1
743560, 0, 1
743568, 1, 0
743635, 0, 0
743643, 1, 1
743710, 0, 1
743718, 1, 1
743785, 0, 0
743793, 1, 0
743860, 0, 1
743868, 1, 0
743936, 0, 0
743943, 1, 1
744011, 0, 1
744018, 1, 0
744086, 0, 0
744093, 1, 1
744161, 0, bit 1
744161, 0, 1
744168, 1, 1
744236, 0, 0
744243, 1, 0
744311, 0, 1
744318, 1, 0
744386, 0, 0
744393, 1, 1
744461, 0, 0
744468, 1, bit 0
744468, 1, 1
744536, 0, 1
744543, 1, 0
744611, 0, 0
744619, 1, 1
744686, 0, 1
744694, 1, 0
744761, 0, 0
744769, 1, 0
744836, 0, 1
744844, 1, 1
744911, 0, 0
744919, 1, 1
744986, 0, 1
744994, 1, 0
745061, 0, 0
745069, 1, 1
745136, 0, 1
745144, 1, 0
745211, 0, bit 1
745211, 0, 1
745219, 1, 0
745286, 0, 0
745294, 1, 1
745361, 0, 1
745369, 1, 1
745436, 0, 0
745444, 1, 0
745511, 0, 0
745519, 1, bit 1
745519, 1, 0
745586, 0, 1
745594, 1, 1
745661, 0, 0
745669, 1, 0
745736, 0, 1
745744, 1, 1
745811, 0, 0
745819, 1, 1
745886, 0, 1
745894, 1, 0
745961, 0, 0
745969, 1, 0
746036, 0, 1
746044, 1, 1
746112, 0, 0
746119, 1, 0
746187, 0, 1
746194, 1, 1
746262, 0, bit 1
746262, 0, 1
746269, 1, 1
746337, 0, 0
746344, 1, 0
746412, 0, 1
746419, 1, 0
746487, 0, 0
746494, 1, 1
746562, 0, 0
746569, 1, bit 0
746569, 1, 1
746637, 0, 1
746644, 1, 0
746712, 0, 0
746719, 1, 1
746787, 0, 1
746795, 1, 0
746862, 0, 0
746870, 1, 0
746937, 0, 1
746945, 1, 1
747012, 0, 0
747020, 1, 1
747087, 0, 1
747095, 1, 0
747162, 0, 0
747170, 1, 1
747237, 0, 1
747245, 1, 0
747312, 0, bit 0
747312, 0, 0
747320, 1, 0
747387, 0, 1
747395, 1, 1
747462, 0, 0
747470, 1, 1
747537, 0, 1
747545, 1, 0
747612, 0, 1
747620, 1, bit 0
747620, 1, 1
747687, 0, 0
747695, 1, 0
747762, 0, 1
747770, 1, 1
747837, 0, 0
747845, 1, 0
747912, 0, 1
747920, 1, 0
747987, 0, 0
747995, 1, 1
748062, 0, 1
748070, 1, 1
748137, 0, 0
748145, 1, 0
748212, 0, 1
748220, 1, 1
748288, 0, 0
748295, 1, 0
748363, 0, bit 0
748363, 0, 0
748370, 1, 0
748438, 0, 1
748445, 1, 1
748513, 0, 0
748520, 1, 1
748588, 0, 1
748595, 1, 0
748663, 0, 1
748670, 1, bit 1
748670, 1, 0
748738, 0, 0
748745, 1, 1
748813, 0, 1
748820, 1, 0
748888, 0, 0
748895, 1, 1
748963, 0, 1
748971, 1, 1
749038, 0, 0
749046, 1, 0
749113, 0, 1
749121, 1, 0
749188, 0, 0
749196, 1, 1
749263, 0, 1
749271, 1, 0
749338, 0, 0
749346, 1, 1
749413, 0, bit 1
749413, 0, 1
749421, 1, 1
749488, 0, 0
749496, 1, 0
749563, 0, 1
749571, 1, 0
749638, 0, 0
749646, 1, 1
749713, 0, 0
749721, 1, bit 0
749721, 1, 1
749788, 0, 1
749796, 1, 0
749863, 0, 0
749871, 1, 1
749938, 0, 1
749946, 1, 0
750013, 0, 0
750021, 1, 0
750088, 0, 1
750096, 1, 1
750163, 0, 0
750171, 1, 1
750238, 0, 1
750246, 1, 0
750313, 0, 0
750321, 1, 1
750388, 0, 1
750396, 1, 0
750464, 0, bit 0
750464, 0, 0
750471, 1, 0
750539, 0, 1
750546, 1, 1
750614, 0, 0
750621, 1, 1
750689, 0, 1
750696, 1, 0
750764, 0, 1
750771, 1, bit 1
750771, 1, 0
750839, 0, 0
750846, 1, 1
750914, 0, 1
750921, 1, 0
750989, 0, 0
750996, 1, 1
751064, 0, 1
751071, 1, 1
751139, 0, 0
751147, 1, 0
751214, 0, 1
751222, 1, 0
751289, 0, 0
751297, 1, 1
751364, 0, 1
751372, 1, 0
751439, 0, 0
751447, 1, 1
751514, 0, bit 0
751514, 0, 0
751522, 1, 1
751589, 0, 1
751597, 1, 0
751664, 0, 0
751672, 1, 0
751739, 0, 1
751747, 1, 1
751814, 0, 1
751822, 1, bit 0
751822, 1, 1
751889, 0, 0
751897, 1, 0
751964, 0, 1
751972, 1, 1
752039, 0, 0
752047, 1, 0
752114, 0, 1
752122, 1, 0
752189, 0, 0
752197, 1, 1
752264, 0, 1
752272, 1, 1
752339, 0, 0
752347, 1, 0
752414, 0, 1
752422, 1, 1
752489, 0, 0
752497, 1, 0
752564, 0, bit 0
752564, 0, 0
752572, 1, 0
752640, 0, 1
752647, 1, 1
752715, 0, 0
752722, 1, 1
752790, 0, 1
752797, 1, 0
752865, 0, 1
752872, 1, bit 1
752872, 1, 0
752940, 0, 0
752947, 1, 1
753015, 0, 1
753022, 1, 0
753090, 0, 0
753097, 1, 1
753165, 0, 1
753172, 1, 1
753240, 0, 0
753247, 1, 0
753315, 0, 1
753323, 1, 0
753390, 0, 0
753398, 1, 1
753465, 0, 1
753473, 1, 0
753540, 0, 0
753548, 1, 1
753615, 0, bit 1
753615, 0, 1
753623, 1, 1
753690, 0, 0
753698, 1, 0
753765, 0, 1
753773, 1, 0
753840, 0, 0
753848, 1, 1
753915, 0, 0
753923, 1, bit 0
753923, 1, 1
753990, 0, 1
753998, 1, 0
754065, 0, 0
754073, 1, 1
754140, 0, 1
754148, 1, 0
754215, 0, 0
754223, 1, 0
754290, 0, 1
754298, 1, 1
754365, 0, 0
754373, 1, 1
754440, 0, 1
754448, 1, 0
754515, 0, 0
754523, 1, 1
754590, 0, 1
754598, 1, 0
754665, 0, bit 0
754665, 0, 0
754673, 1, 0
754740, 0, 1
754748, 1, 1
754816, 0, 0
754823, 1, 1
754891, 0, 1
754898, 1, 0
754966, 0, 1
754973, 1, bit 1
754973, 1, 0
755041, 0, 0
755048, 1, 1
755116, 0, 1
755123, 1, 0
755191, 0, 0
755198, 1, 1
755266, 0, 1
755273, 1, 1
755341, 0, 0
755348, 1, 0
755416, 0, 1
755423, 1, 0
755491, 0, 0
755499, 1, 1
755566, 0, 1
755574, 1, 0
755641, 0, 0
755649, 1, 1
755716, 0, bit 1
755716, 0, 1
755724, 1, 1
755791, 0, 0
755799, 1, 0
755866, 0, 1
755874, 1, 0
755941, 0, 0
755949, 1, 1
756016, 0, 0
756024, 1, bit 1
756024, 1, 0
756091, 0, 1
756099, 1, 1
756166, 0, 0
756174, 1, 0
756241, 0, 1
756249, 1, 1
756316, 0, 0
756324, 1, 1
756391, 0, 1
756399, 1, 0
756466, 0, 0
756474, 1, 0
756541, 0, 1
756549, 1, 1
756616, 0, 0
756624, 1, 0
756691, 0, 1
756699, 1, 1
756766, 0, bit 0
756766, 0, 0
756774, 1, 1
756841, 0, 1
756849, 1, 0
756916, 0, 0
756924, 1, 0
756992, 0, 1
756999, 1, 1
757067, 0, 1
757074, 1, bit 1
757074, 1, 0
757142, 0, 0
757149, 1, 1
757217, 0, 1
757224, 1, 0
757292, 0, 0
757299, 1, 1
757367, 0, 1
757374, 1, 1
757442, 0, 0
757449, 1, 0
757517, 0, 1
757524, 1, 0
757592, 0, 0
757599, 1, 1
757667, 0, 1
757675, 1, 0
757742, 0, 0
757750, 1, 1
757817, 0, bit 0
757817, 0, 0
757825, 1, 1
757892, 0, 1
757900, 1, 0
757967, 0, 0
757975, 1, 0
758042, 0, 1
758050, 1, 1
758117, 0, 1
758125, 1, bit 1
758125, 1, 0
758192, 0, 0
758200, 1, 1
758267, 0, 1
758275, 1, 0
758342, 0, 0
758350, 1, 1
758417, 0, 1
758425, 1, 1
758492, 0, 0
758500, 1, 0
758567, 0, 1
758575, 1, 0
758642, 0, 0
758650, 1, 1
758717, 0, 1
758725, 1, 0
758792, 0, 0
758800, 1, 1
758867, 0, bit 1
758867, 0, 1
758875, 1, 1
758942, 0, 0
758950, 1, 0
759017, 0, 1
759025, 1, 0
759092, 0, 0
759100, 1, 1
759168, 0, 0
759175, 1, bit 1
759175, 1, 0
759243, 0, 1
759250, 1, 1
759318, 0, 0
759325, 1, 0
759393, 0, 1
759400, 1, 1
759468, 0, 0
759475, 1, 1
759543, 0, 1
759550, 1, 0
759618, 0, 0
759625, 1, 0
759693, 0, 1
759700, 1, 1
759768, 0, 0
759775, 1, 0
759843, 0, 1
759851, 1, 1
759918, 0, bit 1
759918, 0, 1
759926, 1, 1
759993, 0, 0
760001, 1, 0
760068, 0, 1
760076, 1, 0
760143, 0, 0
760151, 1, 1
760218, 0, 0
760226, 1, bit 0
760226, 1, 1
760293, 0, 1
760301, 1, 0
760368, 0, 0
760376, 1, 1
760443, 0, 1
760451, 1, 0
760518, 0, 0
760526, 1, 0
760593, 0, 1
760601, 1, 1
760668, 0, 0
760676, 1, 1
760743, 0, 1
760751, 1, 0
760818, 0, 0
760826, 1, 1
760893, 0, 1
760901, 1, 0
760968, 0, bit 0
760968, 0, 0
760976, 1, 0
761043, 0, 1
761051, 1, 1
761118, 0, 0
761126, 1, 1
761193, 0, 1
761201, 1, 0
761268, 0, 1
761276, 1, bit 0
761276, 1, 1
761344, 0, 0
761351, 1, 0
761419, 0, 1
761426, 1, 1
761494, 0, 0
761501, 1, 0
761569, 0, 1
761576, 1, 0
761644, 0, 0
761651, 1, 1
761719, 0, 1
761726, 1, 1
761794, 0, 0
761801, 1, 0
761869, 0, 1
761876, 1, 1
761944, 0, 0
761951, 1, 0
762019, 0, bit 0
762019, 0, 0
762027, 1, 0
762094, 0, 1
762102, 1, 1
762169, 0, 0
762177, 1, 1
762244, 0, 1
762252, 1, 0
762319, 0, 1
762327, 1, bit 0
762327, 1, 1
762394, 0, 0
762402, 1, 0
762469, 0, 1
762477, 1, 1
762544, 0, 0
762552, 1, 0
762619, 0, 1
762627, 1, 0
762694, 0, 0
762702, 1, 1
762769, 0, 1
762777, 1, 1
762844, 0, 0
762852, 1, 0
762919, 0, 1
762927, 1, 1
762994, 0, 0
763002, 1, 0
763069, 0, bit 0
763069, 0, 0
763077, 1, 0
763144, 0, 1
763152, 1, 1
763219, 0, 0
763227, 1, 1
763294, 0, 1
763302, 1, 0
763369, 0, 1
763377, 1, bit 1
763377, 1, 0
763444, 0, 0
763452, 1, 1
763520, 0, 1
763527, 1, 0
763595, 0, 0
763602, 1, 1
763670, 0, 1
763677, 1, 1
763745, 0, 0
763752, 1, 0
763820, 0, 1
763827, 1, 0
763895, 0, 0
763902, 1, 1
763970, 0, 1
763977, 1, 0
764045, 0, 0
764052, 1, 1
764120, 0, bit 0
764120, 0, 0
764127, 1, 1
764195, 0, 1
764203, 1, 0
764270, 0, 0
764278, 1, 0
764345, 0, 1
764353, 1, 1
764420, 0, 1
764428, 1, bit 0
764428, 1, 1
764495, 0, 0
764503, 1, 0
764570, 0, 1
764578, 1, 1
764645, 0, 0
764653, 1, 0
764720, 0, 1
764728, 1, 0
764795, 0, 0
764803, 1, 1
764870, 0, 1
764878, 1, 1
764945, 0, 0
764953, 1, 0
765020, 0, 1
765028, 1, 1
765095, 0, 0
765103, 1, 0
765170, 0, bit 1
765170, 0, 1
765178, 1, 0
765245, 0, 0
765253, 1, 1
765320, 0, 1
765328, 1, 1
765395, 0, 0
765403, 1, 0
765470, 0, 0
765478, 1, bit 0
765478, 1, 1
765545, 0, 1
765553, 1, 0
765620, 0, 0
765628, 1, 1
765696, 0, 1
765703, 1, 0
765771, 0, 0
765778, 1, 0
765846, 0, 1
765853, 1, 1
765921, 0, 0
765928, 1, 1
765996, 0, 1
766003, 1, 0
766071, 0, 0
766078, 1, 1
766146, 0, 1
766153, 1, 0
766221, 0, bit 0
766221, 0, 0
766228, 1, 0
766296, 0, 1
766303, 1, 1
766371, 0, 0
766379, 1, 1
766446, 0, 1
766454, 1, 0
766521, 0, 1
766529, 1, bit 1
766529, 1, 0
766596, 0, 0
766604, 1, 1
766671, 0, 1
766679, 1, 0
766746, 0, 0
766754, 1, 1
766821, 0, 1
766829, 1, 1
766896, 0, 0
766904, 1, 0
766971, 0, 1
766979, 1, 0
767046, 0, 0
767054, 1, 1
767121, 0, 1
767129, 1, 0
767196, 0, 0
767204, 1, 1
767271, 0, bit 0
767271, 0, 0
767279, 1, 1
767346, 0, 1
767354, 1, 0
767421, 0, 0
767429, 1, 0
767496, 0, 1
767504, 1, 1
767571, 0, 1
767579, 1, bit 0
767579, 1, 1
767646, 0, 0
767654, 1, 0
767721, 0, 1
767729, 1, 1
767796, 0, 0
767804, 1, 0
767872, 0, 1
767879, 1, 0
767947, 0, 0
767954, 1, 1
768022, 0, 1
768029, 1, 1
768097, 0, 0
768104, 1, 0
768172, 0, 1
768179, 1, 1
768247, 0, 0
768254, 1, 0
768329, 1, 0
768404, 1, 1
768479, 1, 1
768555, 1, 0
768630, 1, bit 1
768630, 1, 0
768705, 1, 1
768780, 1, 0
768855, 1, 1
768930, 1, 1
769005, 1, 0
769080, 1, 0
769155, 1, 1
769230, 1, 0
769305, 1, 1
769380, 1, 1
769455, 1, 0
769530, 1, 0
769605, 1, 1
769680, 1, bit 0
769680, 1, 1
769755, 1, 0
769830, 1, 1
769905, 1, 0
769980, 1, 0
770055, 1, 1
770130, 1, 1
770205, 1, 0
770280, 1, 1
770355, 1, 0
770430, 1, 0
770505, 1, 1
770580, 1, 1
770655, 1, 0
770731, 1, bit 1
770731, 1, 0
770806, 1, 1
770881, 1, 0
770956, 1, 1
771031, 1, 1
771106, 1, 0
771181, 1, 0
771256, 1, 1
771331, 1, 0
771406, 1, 1
771481, 1, 1
771556, 1, 0
771631, 1, 0
771706, 1, 1
771781, 1, bit 1
771781, 1, 0
771856, 1, 1
771931, 1, 0
772006, 1, 1
772081, 1, 1
772156, 1, 0
772231, 1, 0
772306, 1, 1
772381, 1, 0
772456, 1, 1
772531, 1, 1
772606, 1, 0
772681, 1, 0
772756, 1, 1
772831, 1, bit 1
772831, 1, 0
772907, 1, 1
772982, 1, 0
773057, 1, 1
773132, 1, 1
773207, 1, 0
773282, 1, 0
773357, 1, 1
773432, 1, 0
773507, 1, 1
773582, 1, 1
773657, 1, 0
773732, 1, 0
773807, 1, 1
773882, 1, bit 0
773882, 1, 1
773957, 1, 0
774032, 1, 1
774107, 1, 0
774182, 1, 0
774257, 1, 1
774332, 1, 1
774407, 1, 0
774482, 1, 1
774557, 1, 0
774632, 1, 0
774707, 1, 1
774782, 1, 1
774857, 1, 0
774932, 1, bit 0
774932, 1, 1
775007, 1, 0
775083, 1, 1
775158, 1, 0
775233, 1, 0
775308, 1, 1
775383, 1, 1
775458, 1, 0
775533, 1, 1
775608, 1, 0
775683, 1, 0
775758, 1, 1
775833, 1, 1
775908, 1, 0
775983, 1, bit 0
775983, 1, 1
776058, 1, 0
776133, 1, 1
776208, 1, 0
776283, 1, 0
776358, 1, 1
776433, 1, 1
776508, 1, 0
776583, 1, 1
776658, 1, 0
776733, 1, 0
776808, 1, 1
776883, 1, 1
776958, 1, 0
777033, 1, bit 1
777033, 1, 0
777108, 1, 1
777183, 1, 0
777259, 1, 1
777334, 1, 1
777409, 1, 0
777484, 1, 0
777559, 1, 1
777634, 1, 0
777709, 1, 1
777784, 1, 1
777859, 1, 0
777934, 1, 0
778009, 1, 1
778084, 1, bit 0
778084, 1, 1
778159, 1, 0
778234, 1, 1
778309, 1, 0
778384, 1, 0
778459, 1, 1
778534, 1, 1
778609, 1, 0
778684, 1, 1
778759, 1, 0
778834, 1, 0
778909, 1, 1
778984, 1, 1
779059, 1, 0
779134, 1, bit 1
779134, 1, 0
779209, 1, 1
779284, 1, 0
779359, 1, 1
779435, 1, 1
779510, 1, 0
779585, 1, 0
779660, 1, 1
779735, 1, 0
779810, 1, 1
779885, 1, 1
779960, 1, 0
780035, 1, 0
780110, 1, 1
780185, 1, bit 1
780185, 1, 0
780260, 1, 1
780335, 1, 0
780410, 1, 1
780485, 1, 1
780560, 1, 0
780635, 1, 0
780710, 1, 1
780785, 1, 0
780860, 1, 1
780935, 1, 1
781010, 1, 0
781085, 1, 0
781160, 1, 1
781235, 1, bit 1
781235, 1, 0
781310, 1, 1
781385, 1, 0
781460, 1, 1
781535, 1, 1
781611, 1, 0
781686, 1, 0
781761, 1, 1
781836, 1, 0
781911, 1, 1
781986, 1, 1
782061, 1, 0
782136, 1, 0
782211, 1, 1
782286, 1, bit 1
782286, 1, 0
782361, 1, 1
782436, 1, 0
782511, 1, 1
782586, 1, 1
782661, 1, 0
782736, 1, 0
782811, 1, 1
782886, 1, 0
782961, 1, 1
783036, 1, 1
783111, 1, 0
783186, 1, 0
783261, 1, 1
783336, 1, bit 0
783336, 1, 1
783411, 1, 0
783486, 1, 1
783561, 1, 0
783636, 1, 0
783711, 1, 1
783787, 1, 1
783862, 1, 0
783937, 1, 1
784012, 1, 0
784087, 1, 0
784162, 1, 1
784237, 1, 1
784312, 1, 0
784387, 1, bit 0
784387, 1, 1
784462, 1, 0
784537, 1, 1
784612, 1, 0
784687, 1, 0
784762, 1, 1
784837, 1, 1
784912, 1, 0
784987, 1, 1
785062, 1, 0
785137, 1, 0
785212, 1, 1
785287, 1, 1
785362, 1, 0
785437, 1, bit 1
785437, 1, 0
785512, 1, 1
785587, 1, 0
785662, 1, 1
785737, 1, 1
785812, 1, 0
785887, 1, 0
785963, 1, 1
786038, 1, 0
786113, 1, 1
786188, 1, 1
786263, 1, 0
786338, 1, 0
786413, 1, 1
