125 100 3 7 16
(2, 20, 5, 10.00), (code 0)
(3, 258, 13, 10.00), (code 2)
(4, 496, 5, 10.00), (code 5)
START
38953, 0, prem 0
38953, 0, 0
39078, 0, 0
39203, 0, 0
39328, 0, 0
39453, 0, 0
39578, 0, 0
39703, 0, 0
39828, 0, 0
39953, 0, 0
40078, 0, 0
40203, 0, 0
40328, 0, 0
40453, 0, 0
40578, 0, 0
40704, 0, 0
40829, 0, 0
40954, 0, 1
41079, 0, 1
41204, 0, 1
41329, 0, 1
41454, 0, 1
41579, 0, 1
41704, 0, 1
41829, 0, 1
41954, 0, 1
42079, 0, 1
42204, 0, 1
42329, 0, 1
42454, 0, 1
42579, 0, 1
42704, 0, 1
42829, 0, 1
42954, 0, prem 1
42954, 0, 1
43079, 0, 1
43204, 0, 1
43329, 0, 1
43454, 0, 1
43579, 0, 1
43704, 0, 1
43829, 0, 1
43954, 0, 1
44079, 0, 1
44204, 0, 1
44329, 0, 1
44454, 0, 1
44579, 0, 1
44704, 0, 1
44829, 0, 1
44954, 0, 0
45079, 0, 0
45204, 0, 0
45329, 0, 0
45454, 0, 0
45579, 0, 0
45704, 0, 0
45829, 0, 0
45954, 0, 0
46080, 0, 0
46205, 0, 0
46330, 0, 0
46455, 0, 0
46580, 0, 0
46705, 0, 0
46830, 0, 0
46955, 0, prem 1
46955, 0, 1
47080, 0, 1
47205, 0, 1
47330, 0, 1
47455, 0, 1
47580, 0, 1
47705, 0, 1
47830, 0, 1
47955, 0, 1
48080, 0, 1
48205, 0, 1
48330, 0, 1
48455, 0, 1
48580, 0, 1
48705, 0, 1
48830, 0, 1
48955, 0, 0
49080, 0, 0
49205, 0, 0
49330, 0, 0
49455, 0, 0
49580, 0, 0
49705, 0, 0
49830, 0, 0
49955, 0, 0
50080, 0, 0
50205, 0, 0
50330, 0, 0
50455, 0, 0
50580, 0, 0
50705, 0, 0
50830, 0, 0
50955, 0, prem 1
50955, 0, 1
51080, 0, 1
51205, 0, 1
51330, 0, 1
51456, 0, 1
51581, 0, 1
51706, 0, 1
51831, 0, 1
51956, 0, 1
52081, 0, 1
52206, 0, 1
52331, 0, 1
52456, 0, 1
52581, 0, 1
52706, 0, 1
52831, 0, 1
52956, 0, 0
53081, 0, 0
53206, 0, 0
53331, 0, 0
53456, 0, 0
53581, 0, 0
53706, 0, 0
53831, 0, 0
53956, 0, 0
54081, 0, 0
54206, 0, 0
54331, 0, 0
54456, 0, 0
54581, 0, 0
54706, 0, 0
54831, 0, 0
54956, 0, prem 1
54956, 0, 1
55081, 0, 1
55206, 0, 1
55331, 0, 1
55456, 0, 1
55581, 0, 1
55706, 0, 1
55831, 0, 1
55956, 0, 1
56081, 0, 1
56206, 0, 1
56331, 0, 1
56456, 0, 1
56581, 0, 1
56706, 0, 1
56832, 0, 1
56957, 0, 0
57082, 0, 0
57207, 0, 0
57332, 0, 0
57457, 0, 0
57582, 0, 0
57707, 0, 0
57832, 0, 0
57957, 0, 0
58082, 0, 0
58207, 0, 0
58332, 0, 0
58457, 0, 0
58582, 0, 0
58707, 0, 0
58832, 0, 0
58957, 0, prem 0
58957, 0, 0
59082, 0, 0
59207, 0, 0
59332, 0, 0
59457, 0, 0
59582, 0, 0
59707, 0, 0
59832, 0, 0
59957, 0, 0
60082, 0, 0
60207, 0, 0
60332, 0, 0
60457, 0, 0
60582, 0, 0
60707, 0, 0
60832, 0, 0
60957, 0, 1
61082, 0, 1
61207, 0, 1
61332, 0, 1
61457, 0, 1
61582, 0, 1
61707, 0, 1
61832, 0, 1
61957, 0, 1
62082, 0, 1
62208, 0, 1
62333, 0, 1
62458, 0, 1
62583, 0, 1
62708, 0, 1
62833, 0, 1
62958, 0, prem 0
62958, 0, 0
63083, 0, 0
63208, 0, 0
63333, 0, 0
63458, 0, 0
63583, 0, 0
63708, 0, 0
63833, 0, 0
63958, 0, 0
64083, 0, 0
64208, 0, 0
64333, 0, 0
64458, 0, 0
64583, 0, 0
64708, 0, 0
64833, 0, 0
64958, 0, 1
65083, 0, 1
65208, 0, 1
65333, 0, 1
65458, 0, 1
65583, 0, 1
65708, 0, 1
65833, 0, 1
65958, 0, 1
66083, 0, 1
66208, 0, 1
66333, 0, 1
66458, 0, 1
66583, 0, 1
66708, 0, 1
66833, 0, 1
66958, 0, bit 1
66958, 0, 0
67083, 0, 1
67208, 0, 1
67333, 0, 0
67458, 0, 1
67584, 0, 0
67709, 0, 1
67834, 0, 0
67959, 0, 1
68084, 0, 0
68209, 0, 0
68334, 0, 1
68459, 0, 0
68584, 0, 1
68709, 0, bit 0
68709, 0, 1
68834, 0, 0
68959, 0, 0
69084, 0, 1
69209, 0, 0
69334, 0, 1
69459, 0, 0
69584, 0, 1
69709, 0, 0
69721, 1, prem 0
69721, 1, 0
69834, 0, 1
69846, 1, 0
69959, 0, 1
69971, 1, 0
70084, 0, 0
70096, 1, 0
70209, 0, 1
70221, 1, 0
70334, 0, 0
70346, 1, 0
70459, 0, bit 1
70459, 0, 0
70471, 1, 0
70584, 0, 1
70596, 1, 0
70709, 0, 1
70721, 1, 0
70834, 0, 0
70846, 1, 0
70959, 0, 1
70971, 1, 0
71084, 0, 0
71096, 1, 0
71209, 0, 1
71221, 1, 0
71334, 0, 0
71346, 1, 0
71459, 0, 1
71471, 1, 0
71584, 0, 0
71596, 1, 0
71709, 0, 0
71721, 1, 1
71834, 0, 1
71846, 1, 1
71959, 0, 0
71971, 1, 1
72084, 0, 1
72096, 1, 1
72209, 0, bit 0
72209, 0, 1
72221, 1, 1
72334, 0, 0
72346, 1, 1
72459, 0, 0
72471, 1, 1
72584, 0, 1
72596, 1, 1
72709, 0, 0
72721, 1, 1
72834, 0, 1
72846, 1, 1
72960, 0, 0
72971, 1, 1
73085, 0, 1
73096, 1, 1
73210, 0, 0
73221, 1, 1
73335, 0, 1
73346, 1, 1
73460, 0, 1
73472, 1, 1
73585, 0, 0
73597, 1, 1
73710, 0, 1
73722, 1, prem 1
73722, 1, 1
73835, 0, 0
73847, 1, 1
73960, 0, bit 1
73960, 0, 0
73972, 1, 1
74085, 0, 1
74097, 1, 1
74210, 0, 1
74222, 1, 1
74335, 0, 0
74347, 1, 1
74460, 0, 1
74472, 1, 1
74585, 0, 0
74597, 1, 1
74710, 0, 1
74722, 1, 1
74835, 0, 0
74847, 1, 1
74960, 0, 1
74972, 1, 1
75085, 0, 0
75097, 1, 1
75210, 0, 0
75222, 1, 1
75335, 0, 1
75347, 1, 1
75460, 0, 0
75472, 1, 1
75585, 0, 1
75597, 1, 1
75710, 0, bit 0
75710, 0, 1
75722, 1, 0
75835, 0, 0
75847, 1, 0
75960, 0, 0
75972, 1, 0
76085, 0, 1
76097, 1, 0
76210, 0, 0
76222, 1, 0
76335, 0, 1
76347, 1, 0
76460, 0, 0
76472, 1, 0
76585, 0, 1
76597, 1, 0
76710, 0, 0
76722, 1, 0
76835, 0, 1
76847, 1, 0
76960, 0, 1
76972, 1, 0
77085, 0, 0
77097, 1, 0
77210, 0, 1
77222, 1, 0
77335, 0, 0
77347, 1, 0
77460, 0, bit 0
77460, 0, 1
77472, 1, 0
77585, 0, 0
77597, 1, 0
77710, 0, 0
77722, 1, prem 0
77722, 1, 0
77835, 0, 1
77847, 1, 0
77960, 0, 0
77972, 1, 0
78085, 0, 1
78097, 1, 0
78210, 0, 0
78222, 1, 0
78336, 0, 1
78347, 1, 0
78461, 0, 0
78472, 1, 0
78586, 0, 1
78597, 1, 0
78711, 0, 1
78722, 1, 0
78836, 0, 0
78848, 1, 0
78961, 0, 1
78973, 1, 0
79086, 0, 0
79098, 1, 0
79211, 0, bit 1
79211, 0, 0
79223, 1, 0
79336, 0, 1
79348, 1, 0
79461, 0, 1
79473, 1, 0
79586, 0, 0
79598, 1, 0
79711, 0, 1
79723, 1, 1
79836, 0, 0
79848, 1, 1
79961, 0, 1
79973, 1, 1
80086, 0, 0
80098, 1, 1
80211, 0, 1
80223, 1, 1
80336, 0, 0
80348, 1, 1
80461, 0, 0
80473, 1, 1
80586, 0, 1
80598, 1, 1
80711, 0, 0
80723, 1, 1
80836, 0, 1
80848, 1, 1
80961, 0, bit 1
80961, 0, 0
80973, 1, 1
81086, 0, 1
81098, 1, 1
81211, 0, 1
81223, 1, 1
81336, 0, 0
81348, 1, 1
81461, 0, 1
81473, 1, 1
81586, 0, 0
81598, 1, 1
81711, 0, 1
81723, 1, prem 1
81723, 1, 1
81836, 0, 0
81848, 1, 1
81961, 0, 1
81973, 1, 1
82086, 0, 0
82098, 1, 1
82211, 0, 0
82223, 1, 1
82336, 0, 1
82348, 1, 1
82461, 0, 0
82473, 1, 1
82586, 0, 1
82598, 1, 1
82711, 0, bit 0
82711, 0, 1
82723, 1, 1
82836, 0, 0
82848, 1, 1
82961, 0, 0
82973, 1, 1
83086, 0, 1
83098, 1, 1
83211, 0, 0
83223, 1, 1
83336, 0, 1
83348, 1, 1
83461, 0, 0
83473, 1, 1
83586, 0, 1
83598, 1, 1
83712, 0, 0
83723, 1, 0
83837, 0, 1
83848, 1, 0
83962, 0, 1
83973, 1, 0
84087, 0, 0
84098, 1, 0
84212, 0, 1
84224, 1, 0
84337, 0, 0
84349, 1, 0
84462, 0, bit 1
84462, 0, 0
84474, 1, 0
84587, 0, 1
84599, 1, 0
84712, 0, 1
84724, 1, 0
84837, 0, 0
84849, 1, 0
84962, 0, 1
84974, 1, 0
85087, 0, 0
85099, 1, 0
85212, 0, 1
85224, 1, 0
85337, 0, 0
85349, 1, 0
85462, 0, 1
85474, 1, 0
85587, 0, 0
85599, 1, 0
85712, 0, 0
85724, 1, prem 0
85724, 1, 0
85837, 0, 1
85849, 1, 0
85962, 0, 0
85974, 1, 0
86087, 0, 1
86099, 1, 0
86212, 0, bit 0
86212, 0, 1
86224, 1, 0
86337, 0, 0
86349, 1, 0
86462, 0, 0
86474, 1, 0
86587, 0, 1
86599, 1, 0
86712, 0, 0
86724, 1, 0
86837, 0, 1
86849, 1, 0
86962, 0, 0
86974, 1, 0
87087, 0, 1
87099, 1, 0
87212, 0, 0
87224, 1, 0
87337, 0, 1
87349, 1, 0
87462, 0, 1
87474, 1, 0
87587, 0, 0
87599, 1, 0
87712, 0, 1
87724, 1, 1
87837, 0, 0
87849, 1, 1
87962, 0, bit 1
87962, 0, 0
87974, 1, 1
88087, 0, 1
88099, 1, 1
88212, 0, 1
88224, 1, 1
88337, 0, 0
88349, 1, 1
88462, 0, 1
88474, 1, 1
88587, 0, 0
88599, 1, 1
88712, 0, 1
88724, 1, 1
88837, 0, 0
88849, 1, 1
88962, 0, 1
88974, 1, 1
89088, 0, 0
89099, 1, 1
89213, 0, 0
89224, 1, 1
89338, 0, 1
89349, 1, 1
89463, 0, 0
89474, 1, 1
89588, 0, 1
89600, 1, 1
89713, 0, bit 0
89713, 0, 1
89725, 1, prem 1
89725, 1, 1
89838, 0, 0
89850, 1, 1
89963, 0, 0
89975, 1, 1
90088, 0, 1
90100, 1, 1
90213, 0, 0
90225, 1, 1
90338, 0, 1
90350, 1, 1
90463, 0, 0
90475, 1, 1
90588, 0, 1
90600, 1, 1
90713, 0, 0
90725, 1, 1
90838, 0, 1
90850, 1, 1
90963, 0, 1
90975, 1, 1
91088, 0, 0
91100, 1, 1
91213, 0, 1
91225, 1, 1
91338, 0, 0
91350, 1, 1
91463, 0, bit 0
91463, 0, 1
91475, 1, 1
91588, 0, 0
91600, 1, 1
91713, 0, 0
91725, 1, 0
91838, 0, 1
91850, 1, 0
91963, 0, 0
91975, 1, 0
92088, 0, 1
92100, 1, 0
92213, 0, 0
92225, 1, 0
92338, 0, 1
92350, 1, 0
92463, 0, 0
92475, 1, 0
92588, 0, 1
92600, 1, 0
92713, 0, 1
92725, 1, 0
92838, 0, 0
92850, 1, 0
92963, 0, 1
92975, 1, 0
93088, 0, 0
93100, 1, 0
93213, 0, bit 1
93216, 0, 0
93225, 1, 0
93338, 0, 1
93350, 1, 0
93463, 0, 1
93475, 1, 0
93588, 0, 0
93600, 1, 0
93713, 0, 1
93725, 1, prem 1
93725, 1, 1
93838, 0, 0
93850, 1, 1
93963, 0, 1
93975, 1, 1
94088, 0, 0
94100, 1, 1
94213, 0, 1
94225, 1, 1
94338, 0, 0
94350, 1, 1
94464, 0, 0
94475, 1, 1
94589, 0, 1
94600, 1, 1
94714, 0, 0
94725, 1, 1
94839, 0, 1
94850, 1, 1
94964, 0, bit 0
94964, 0, 1
94976, 1, 1
95089, 0, 0
95101, 1, 1
95214, 0, 0
95226, 1, 1
95339, 0, 1
95351, 1, 1
95464, 0, 0
95476, 1, 1
95589, 0, 1
95601, 1, 1
95714, 0, 0
95726, 1, 0
95839, 0, 1
95851, 1, 0
95964, 0, 0
95976, 1, 0
96089, 0, 1
96101, 1, 0
96214, 0, 1
96226, 1, 0
96339, 0, 0
96351, 1, 0
96464, 0, 1
96476, 1, 0
96589, 0, 0
96601, 1, 0
96714, 0, bit 0
96714, 0, 1
96726, 1, 0
96839, 0, 0
96851, 1, 0
96964, 0, 0
96976, 1, 0
97089, 0, 1
97101, 1, 0
97214, 0, 0
97226, 1, 0
97339, 0, 1
97351, 1, 0
97464, 0, 0
97476, 1, 0
97589, 0, 1
97601, 1, 0
97714, 0, 0
97726, 1, bit 1
97726, 1, 0
97839, 0, 1
97851, 1, 1
97964, 0, 1
97976, 1, 1
98089, 0, 0
98101, 1, 0
98214, 0, 1
98226, 1, 0
98339, 0, 0
98351, 1, 1
98464, 0, bit 1
98464, 0, 0
98467, 2, prem 1
98467, 2, 1
98476, 1, 1
98589, 0, 1
98592, 2, 1
98601, 1, 0
98714, 0, 1
98717, 2, 1
98726, 1, 0
98839, 0, 0
98842, 2, 1
98851, 1, 1
98964, 0, 1
98967, 2, 1
98976, 1, 1
99089, 0, 0
99092, 2, 1
99101, 1, 0
99214, 0, 1
99217, 2, 1
99226, 1, 1
99339, 0, 0
99342, 2, 1
99351, 1, 0
99464, 0, 1
99467, 2, 1
99476, 1, bit 1
99479, 1, 0
99589, 0, 0
99592, 2, 1
99601, 1, 1
99714, 0, 0
99717, 2, 1
99726, 1, 1
99840, 0, 1
99842, 2, 1
99851, 1, 0
99965, 0, 0
99968, 2, 1
99976, 1, 0
100090, 0, 1
100093, 2, 1
100101, 1, 1
100215, 0, bit 0
100215, 0, 1
100218, 2, 1
100226, 1, 1
100340, 0, 0
100343, 2, 1
100352, 1, 0
100465, 0, 0
100468, 2, 0
100477, 1, 0
100590, 0, 1
100593, 2, 0
100602, 1, 1
100715, 0, 0
100718, 2, 0
100727, 1, 1
100840, 0, 1
100843, 2, 0
100852, 1, 0
100965, 0, 0
100968, 2, 0
100977, 1, 1
101090, 0, 1
101093, 2, 0
101102, 1, 0
101215, 0, 0
101218, 2, 0
101227, 1, bit 1
101227, 1, 0
101340, 0, 1
101343, 2, 0
101352, 1, 1
101465, 0, 1
101468, 2, 0
101477, 1, 1
101590, 0, 0
101593, 2, 0
101602, 1, 0
101715, 0, 1
101718, 2, 0
101727, 1, 0
101840, 0, 0
101843, 2, 0
101852, 1, 1
101965, 0, bit 1
101965, 0, 0
101968, 2, 0
101977, 1, 1
102090, 0, 1
102093, 2, 0
102102, 1, 0
102215, 0, 1
102218, 2, 0
102227, 1, 0
102340, 0, 0
102343, 2, 0
102352, 1, 1
102465, 0, 1
102468, 2, prem 0
102468, 2, 0
102477, 1, 1
102590, 0, 0
102593, 2, 0
102602, 1, 0
102715, 0, 1
102718, 2, 0
102727, 1, 1
102840, 0, 0
102843, 2, 0
102852, 1, 0
102965, 0, 1
102968, 2, 0
102977, 1, bit 0
102977, 1, 1
103090, 0, 0
103093, 2, 0
103102, 1, 0
103215, 0, 0
103218, 2, 0
103227, 1, 0
103340, 0, 1
103343, 2, 0
103352, 1, 1
103465, 0, 0
103468, 2, 0
103477, 1, 1
103590, 0, 1
103593, 2, 0
103602, 1, 0
103715, 0, bit 0
103715, 0, 1
103718, 2, 0
103727, 1, 0
103840, 0, 0
103843, 2, 0
103852, 1, 1
103965, 0, 0
103968, 2, 0
103977, 1, 1
104090, 0, 1
104093, 2, 0
104102, 1, 0
104215, 0, 0
104218, 2, 0
104227, 1, 0
104340, 0, 1
104343, 2, 0
104352, 1, 1
104465, 0, 0
104468, 2, 1
104477, 1, 0
104590, 0, 1
104593, 2, 1
104602, 1, 1
104715, 0, 0
104718, 2, 1
104727, 1, bit 0
104727, 1, 1
104840, 0, 1
104843, 2, 1
104852, 1, 0
104965, 0, 1
104968, 2, 1
104977, 1, 0
105090, 0, 0
105093, 2, 1
105102, 1, 1
105216, 0, 1
105218, 2, 1
105227, 1, 1
105341, 0, 0
105344, 2, 1
105352, 1, 0
105466, 0, bit 1
105466, 0, 0
105469, 2, 1
105477, 1, 0
105591, 0, 1
105594, 2, 1
105602, 1, 1
105716, 0, 1
105719, 2, 1
105728, 1, 1
105841, 0, 0
105844, 2, 1
105853, 1, 0
105966, 0, 1
105969, 2, 1
105978, 1, 0
106091, 0, 0
106094, 2, 1
106103, 1, 1
106216, 0, 1
106219, 2, 1
106228, 1, 0
106341, 0, 0
106344, 2, 1
106353, 1, 1
106466, 0, 1
106469, 2, prem 1
106469, 2, 1
106478, 1, bit 1
106478, 1, 0
106591, 0, 0
106594, 2, 1
106603, 1, 1
106716, 0, 0
106719, 2, 1
106728, 1, 1
106841, 0, 1
106844, 2, 1
106853, 1, 0
106966, 0, 0
106969, 2, 1
106978, 1, 0
107091, 0, 1
107094, 2, 1
107103, 1, 1
107216, 0, bit 1
107216, 0, 0
107219, 2, 1
107228, 1, 1
107341, 0, 1
107344, 2, 1
107353, 1, 0
107466, 0, 1
107469, 2, 1
107478, 1, 0
107591, 0, 0
107594, 2, 1
107603, 1, 1
107716, 0, 1
107719, 2, 1
107728, 1, 1
107841, 0, 0
107844, 2, 1
107853, 1, 0
107966, 0, 1
107969, 2, 1
107978, 1, 1
108091, 0, 0
108094, 2, 1
108103, 1, 0
108216, 0, 1
108219, 2, 1
108228, 1, bit 1
108228, 1, 0
108341, 0, 0
108344, 2, 1
108353, 1, 1
108466, 0, 0
108469, 2, 0
108478, 1, 1
108591, 0, 1
108594, 2, 0
108603, 1, 0
108716, 0, 0
108719, 2, 0
108728, 1, 0
108841, 0, 1
108844, 2, 0
108853, 1, 1
108966, 0, bit 0
108966, 0, 1
108969, 2, 0
108978, 1, 1
109091, 0, 0
109094, 2, 0
109103, 1, 0
109216, 0, 0
109219, 2, 0
109228, 1, 0
109341, 0, 1
109344, 2, 0
109353, 1, 1
109466, 0, 0
109469, 2, 0
109478, 1, 1
109591, 0, 1
109594, 2, 0
109603, 1, 0
109716, 0, 0
109719, 2, 0
109728, 1, 1
109841, 0, 1
109844, 2, 0
109853, 1, 0
109966, 0, 0
109969, 2, 0
109978, 1, bit 0
109978, 1, 1
110091, 0, 1
110094, 2, 0
110103, 1, 0
110216, 0, 1
110219, 2, 0
110228, 1, 0
110341, 0, 0
110344, 2, 0
110353, 1, 1
110466, 0, 1
110469, 2, prem 1
110469, 2, 1
110478, 1, 1
110592, 0, 0
110594, 2, 1
110603, 1, 0
110717, 0, bit 1
110717, 0, 0
110720, 2, 1
110728, 1, 0
110842, 0, 1
110845, 2, 1
110853, 1, 1
110967, 0, 1
110970, 2, 1
110978, 1, 1
111092, 0, 0
111095, 2, 1
111104, 1, 0
111217, 0, 1
111220, 2, 1
111229, 1, 0
111342, 0, 0
111345, 2, 1
111354, 1, 1
111467, 0, 1
111470, 2, 1
111479, 1, 0
111592, 0, 0
111595, 2, 1
111604, 1, 1
111717, 0, 1
111720, 2, 1
111729, 1, bit 1
111729, 1, 0
111842, 0, 0
111845, 2, 1
111854, 1, 1
111967, 0, 0
111970, 2, 1
111979, 1, 1
112092, 0, 1
112095, 2, 1
112104, 1, 0
112217, 0, 0
112220, 2, 1
112229, 1, 0
112342, 0, 1
112345, 2, 1
112354, 1, 1
112467, 0, bit 1
112467, 0, 0
112470, 2, 0
112479, 1, 1
112592, 0, 1
112595, 2, 0
112604, 1, 0
112717, 0, 1
112720, 2, 0
112729, 1, 0
112842, 0, 0
112845, 2, 0
112854, 1, 1
112967, 0, 1
112970, 2, 0
112979, 1, 1
113092, 0, 0
113095, 2, 0
113104, 1, 0
113217, 0, 1
113220, 2, 0
113229, 1, 1
113342, 0, 0
113345, 2, 0
113354, 1, 0
113467, 0, 1
113470, 2, 0
113479, 1, bit 1
113479, 1, 0
113592, 0, 0
113595, 2, 0
113604, 1, 1
113717, 0, 0
113720, 2, 0
113729, 1, 1
113842, 0, 1
113845, 2, 0
113854, 1, 0
113967, 0, 0
113970, 2, 0
113979, 1, 0
114092, 0, 1
114095, 2, 0
114104, 1, 1
114217, 0, bit 1
114217, 0, 0
114220, 2, 0
114229, 1, 1
114342, 0, 1
114345, 2, 0
114354, 1, 0
114467, 0, 1
114470, 2, prem 0
114470, 2, 0
114479, 1, 0
114592, 0, 0
114595, 2, 0
114604, 1, 1
114717, 0, 1
114720, 2, 0
114729, 1, 1
114842, 0, 0
114845, 2, 0
114854, 1, 0
114967, 0, 1
114970, 2, 0
114979, 1, 1
115092, 0, 0
115095, 2, 0
115104, 1, 0
115217, 0, 1
115220, 2, 0
115229, 1, bit 0
115229, 1, 1
115342, 0, 0
115345, 2, 0
115354, 1, 0
115467, 0, 0
115470, 2, 0
115479, 1, 0
115592, 0, 1
115595, 2, 0
115604, 1, 1
115717, 0, 0
115720, 2, 0
115729, 1, 1
115842, 0, 1
115845, 2, 0
115854, 1, 0
115968, 0, bit 0
115968, 0, 1
115970, 2, 0
115979, 1, 0
116093, 0, 0
116096, 2, 0
116104, 1, 1
116218, 0, 0
116221, 2, 0
116229, 1, 1
116343, 0, 1
116346, 2, 0
116354, 1, 0
116468, 0, 0
116471, 2, 1
116480, 1, 0
116593, 0, 1
116596, 2, 1
116605, 1, 1
116718, 0, 0
116721, 2, 1
116730, 1, 0
116843, 0, 1
116846, 2, 1
116855, 1, 1
116968, 0, 0
116971, 2, 1
116980, 1, bit 1
116980, 1, 0
117093, 0, 1
117096, 2, 1
117105, 1, 1
117218, 0, 1
117221, 2, 1
117230, 1, 1
117343, 0, 0
117346, 2, 1
117355, 1, 0
117468, 0, 1
117471, 2, 1
117480, 1, 0
117593, 0, 0
117596, 2, 1
117605, 1, 1
117718, 0, bit 1
117718, 0, 0
117721, 2, 1
117730, 1, 1
117843, 0, 1
117846, 2, 1
117855, 1, 0
117968, 0, 1
117971, 2, 1
117980, 1, 0
118093, 0, 0
118096, 2, 1
118105, 1, 1
118218, 0, 1
118221, 2, 1
118230, 1, 1
118343, 0, 0
118346, 2, 1
118355, 1, 0
118468, 0, 1
118471, 2, prem 0
118471, 2, 0
118480, 1, 1
118593, 0, 0
118596, 2, 0
118605, 1, 0
118718, 0, 1
118721, 2, 0
118730, 1, bit 1
118730, 1, 0
118843, 0, 0
118846, 2, 0
118855, 1, 1
118968, 0, 0
118971, 2, 0
118980, 1, 1
119093, 0, 1
119096, 2, 0
119105, 1, 0
119218, 0, 0
119221, 2, 0
119230, 1, 0
119343, 0, 1
119346, 2, 0
119355, 1, 1
119468, 0, bit 0
119468, 0, 1
119471, 2, 0
119480, 1, 1
119593, 0, 0
119596, 2, 0
119605, 1, 0
119718, 0, 0
119721, 2, 0
119730, 1, 0
119843, 0, 1
119846, 2, 0
119855, 1, 1
119968, 0, 0
119971, 2, 0
119980, 1, 1
120093, 0, 1
120096, 2, 0
120105, 1, 0
120218, 0, 0
120221, 2, 0
120230, 1, 1
120343, 0, 1
120346, 2, 0
120355, 1, 0
120468, 0, 0
120471, 2, 1
120480, 1, bit 0
120480, 1, 1
120593, 0, 1
120596, 2, 1
120605, 1, 0
120718, 0, 1
120721, 2, 1
120730, 1, 0
120843, 0, 0
120846, 2, 1
120855, 1, 1
120968, 0, 1
120971, 2, 1
120980, 1, 1
121093, 0, 0
121096, 2, 1
121105, 1, 0
121218, 0, bit 0
121218, 0, 1
121221, 2, 1
121230, 1, 0
121344, 0, 0
121346, 2, 1
121355, 1, 1
121469, 0, 0
121472, 2, 1
121480, 1, 1
121594, 0, 1
121597, 2, 1
121605, 1, 0
121719, 0, 0
121722, 2, 1
121730, 1, 0
121844, 0, 1
121847, 2, 1
121856, 1, 1
121969, 0, 0
121972, 2, 1
121981, 1, 0
122094, 0, 1
122097, 2, 1
122106, 1, 1
122219, 0, 0
122222, 2, 1
122231, 1, bit 0
122234, 1, 1
122344, 0, 1
122347, 2, 1
122356, 1, 0
122469, 0, 1
122472, 2, prem 1
122472, 2, 1
122481, 1, 0
122594, 0, 0
122597, 2, 1
122606, 1, 1
122719, 0, 1
122722, 2, 1
122731, 1, 1
122844, 0, 0
122847, 2, 1
122856, 1, 0
122969, 0, bit 1
122969, 0, 0
122972, 2, 1
122981, 1, 0
123094, 0, 1
123097, 2, 1
123106, 1, 1
123219, 0, 1
123222, 2, 1
123231, 1, 1
123344, 0, 0
123347, 2, 1
123356, 1, 0
123469, 0, 1
123472, 2, 1
123481, 1, 0
123594, 0, 0
123597, 2, 1
123606, 1, 1
123719, 0, 1
123722, 2, 1
123731, 1, 0
123844, 0, 0
123847, 2, 1
123856, 1, 1
123969, 0, 1
123972, 2, 1
123981, 1, bit 1
123981, 1, 0
124094, 0, 0
124097, 2, 1
124106, 1, 1
124219, 0, 0
124222, 2, 1
124231, 1, 1
124344, 0, 1
124347, 2, 1
124356, 1, 0
124469, 0, 0
124472, 2, 0
124481, 1, 0
124594, 0, 1
124597, 2, 0
124606, 1, 1
124719, 0, bit 0
124719, 0, 1
124722, 2, 0
124731, 1, 1
124844, 0, 0
124847, 2, 0
124856, 1, 0
124969, 0, 0
124972, 2, 0
124981, 1, 0
125094, 0, 1
125097, 2, 0
125106, 1, 1
125219, 0, 0
125222, 2, 0
125231, 1, 1
125344, 0, 1
125347, 2, 0
125356, 1, 0
125469, 0, 0
125472, 2, 0
125481, 1, 1
125594, 0, 1
125597, 2, 0
125606, 1, 0
125719, 0, 0
125722, 2, 0
125731, 1, bit 0
125731, 1, 1
125844, 0, 1
125847, 2, 0
125856, 1, 0
125969, 0, 1
125972, 2, 0
125981, 1, 0
126094, 0, 0
126097, 2, 0
126106, 1, 1
126219, 0, 1
126222, 2, 0
126231, 1, 1
126344, 0, 0
126347, 2, 0
126356, 1, 0
126469, 0, bit 0
126469, 0, 1
126472, 2, bit 1
126473, 2, 1
126481, 1, 0
126594, 0, 0
126597, 2, 0
126606, 1, 1
126720, 0, 0
126722, 2, 0
126731, 1, 1
126845, 0, 1
126848, 2, 1
126856, 1, 0
126970, 0, 0
126973, 2, 1
126981, 1, 0
127095, 0, 1
127098, 2, 0
127106, 1, 1
127220, 0, 0
127223, 2, 1
127232, 1, 0
127345, 0, 1
127348, 2, 0
127357, 1, 1
127470, 0, 0
127473, 2, 0
127482, 1, bit 1
127482, 1, 0
127595, 0, 1
127598, 2, 1
127607, 1, 1
127720, 0, 1
127723, 2, 0
127732, 1, 1
127845, 0, 0
127848, 2, 1
127857, 1, 0
127970, 0, 1
127973, 2, 1
127982, 1, 0
128095, 0, 0
128098, 2, 0
128107, 1, 1
128220, 0, bit 0
128220, 0, 1
128223, 2, bit 0
128223, 2, 0
128232, 1, 1
128345, 0, 0
128348, 2, 1
128357, 1, 0
128470, 0, 0
128473, 2, 1
128482, 1, 0
128595, 0, 1
128598, 2, 0
128607, 1, 1
128720, 0, 0
128723, 2, 0
128732, 1, 1
128845, 0, 1
128848, 2, 1
128857, 1, 0
128970, 0, 0
128973, 2, 0
128982, 1, 1
129095, 0, 1
129098, 2, 1
129107, 1, 0
129220, 0, 0
129223, 2, 1
129232, 1, bit 0
129235, 1, 1
129345, 0, 1
129348, 2, 0
129357, 1, 0
129470, 0, 1
129473, 2, 1
129482, 1, 0
129595, 0, 0
129598, 2, 0
129607, 1, 1
129720, 0, 1
129723, 2, 0
129732, 1, 1
129845, 0, 0
129848, 2, 1
129857, 1, 0
129970, 0, bit 0
129970, 0, 1
129973, 2, bit 1
129973, 2, 1
129982, 1, 0
130095, 0, 0
130098, 2, 0
130107, 1, 1
130220, 0, 0
130223, 2, 0
130232, 1, 1
130345, 0, 1
130348, 2, 1
130357, 1, 0
130470, 0, 0
130473, 2, 1
130482, 1, 0
130595, 0, 1
130598, 2, 0
130607, 1, 1
130720, 0, 0
130723, 2, 1
130732, 1, 0
130845, 0, 1
130848, 2, 0
130857, 1, 1
130970, 0, 0
130973, 2, 0
130982, 1, bit 0
130982, 1, 1
131095, 0, 1
131098, 2, 1
131107, 1, 0
131220, 0, 1
131223, 2, 0
131232, 1, 0
131345, 0, 0
131348, 2, 1
131357, 1, 1
131470, 0, 1
131473, 2, 1
131482, 1, 1
131595, 0, 0
131598, 2, 0
131607, 1, 0
131720, 0, bit 0
131720, 0, 1
131723, 2, bit 0
131723, 2, 0
131732, 1, 0
131845, 0, 0
131848, 2, 1
131857, 1, 1
131970, 0, 0
131973, 2, 1
131982, 1, 1
132096, 0, 1
132098, 2, 0
132107, 1, 0
132221, 0, 0
132224, 2, 0
132232, 1, 0
132346, 0, 1
132349, 2, 1
132357, 1, 1
132471, 0, 0
132474, 2, 0
132482, 1, 0
132596, 0, 1
132599, 2, 1
132608, 1, 1
132721, 0, 0
132724, 2, 1
132733, 1, bit 0
132733, 1, 1
132846, 0, 1
132849, 2, 0
132858, 1, 0
132971, 0, 1
132974, 2, 1
132983, 1, 0
133096, 0, 0
133099, 2, 0
133108, 1, 1
133221, 0, 1
133224, 2, 0
133233, 1, 1
133346, 0, 0
133349, 2, 1
133358, 1, 0
133471, 0, bit 0
133471, 0, 1
133474, 2, bit 0
133475, 2, 0
133483, 1, 0
133596, 0, 0
133599, 2, 1
133608, 1, 1
133721, 0, 0
133724, 2, 1
133733, 1, 1
133846, 0, 1
133849, 2, 0
133858, 1, 0
133971, 0, 0
133974, 2, 0
133983, 1, 0
134096, 0, 1
134099, 2, 1
134108, 1, 1
134221, 0, 0
134224, 2, 0
134233, 1, 0
134346, 0, 1
134349, 2, 1
134358, 1, 1
134471, 0, 0
134474, 2, 1
134483, 1, bit 0
134483, 1, 1
134596, 0, 1
134599, 2, 0
134608, 1, 0
134721, 0, 1
134724, 2, 1
134733, 1, 0
134846, 0, 0
134849, 2, 0
134858, 1, 1
134971, 0, 1
134974, 2, 0
134983, 1, 1
135096, 0, 0
135099, 2, 1
135108, 1, 0
135221, 0, bit 1
135221, 0, 0
135224, 2, bit 0
135224, 2, 0
135233, 1, 0
135346, 0, 1
135349, 2, 1
135358, 1, 1
135471, 0, 1
135474, 2, 1
135483, 1, 1
135596, 0, 0
135599, 2, 0
135608, 1, 0
135721, 0, 1
135724, 2, 0
135733, 1, 0
135846, 0, 0
135849, 2, 1
135858, 1, 1
135971, 0, 1
135974, 2, 0
135983, 1, 0
136096, 0, 0
136099, 2, 1
136108, 1, 1
136221, 0, 1
136224, 2, 1
136233, 1, bit 1
136237, 1, 0
136346, 0, 0
136349, 2, 0
136358, 1, 1
136471, 0, 0
136474, 2, 1
136483, 1, 1
136596, 0, 1
136599, 2, 0
136608, 1, 0
136721, 0, 0
136724, 2, 0
136733, 1, 0
136846, 0, 1
136849, 2, 1
136858, 1, 1
136971, 0, bit 0
136971, 0, 1
136974, 2, bit 0
136974, 2, 0
136983, 1, 1
137096, 0, 0
137099, 2, 1
137108, 1, 0
137221, 0, 0
137224, 2, 1
137233, 1, 0
137346, 0, 1
137349, 2, 0
137358, 1, 1
137472, 0, 0
137474, 2, 0
137483, 1, 1
137597, 0, 1
137600, 2, 1
137608, 1, 0
137722, 0, 0
137725, 2, 0
137733, 1, 1
137847, 0, 1
137850, 2, 1
137858, 1, 0
137972, 0, 0
137975, 2, 1
137984, 1, bit 1
137984, 1, 0
138097, 0, 1
138100, 2, 0
138109, 1, 1
138222, 0, 1
138225, 2, 1
138234, 1, 1
138347, 0, 0
138350, 2, 0
138359, 1, 0
138472, 0, 1
138475, 2, 0
138484, 1, 0
138597, 0, 0
138600, 2, 1
138609, 1, 1
138722, 0, bit 0
138722, 0, 1
138725, 2, bit 1
138725, 2, 1
138734, 1, 1
138847, 0, 0
138850, 2, 0
138859, 1, 0
138972, 0, 0
138975, 2, 0
138984, 1, 0
139097, 0, 1
139100, 2, 1
139109, 1, 1
139222, 0, 0
139225, 2, 1
139234, 1, 1
139347, 0, 1
139350, 2, 0
139359, 1, 0
139472, 0, 0
139475, 2, 1
139484, 1, 1
139597, 0, 1
139600, 2, 0
139609, 1, 0
139722, 0, 0
139725, 2, 0
139734, 1, bit 1
139734, 1, 0
139847, 0, 1
139850, 2, 1
139859, 1, 1
139972, 0, 1
139975, 2, 0
139984, 1, 1
140097, 0, 0
140100, 2, 1
140109, 1, 0
140222, 0, 1
140225, 2, 1
140234, 1, 0
140347, 0, 0
140350, 2, 0
140359, 1, 1
140472, 0, bit 0
140475, 0, 1
140475, 2, bit 0
140476, 2, 0
140484, 1, 1
140597, 0, 0
140600, 2, 1
140609, 1, 0
140722, 0, 0
140725, 2, 1
140734, 1, 0
140847, 0, 1
140850, 2, 0
140859, 1, 1
140972, 0, 0
140975, 2, 0
140984, 1, 1
141097, 0, 1
141100, 2, 1
141109, 1, 0
141222, 0, 0
141225, 2, 0
141234, 1, 1
141347, 0, 1
141350, 2, 1
141359, 1, 0
141472, 0, 0
141475, 2, 1
141484, 1, bit 0
141484, 1, 1
141597, 0, 1
141600, 2, 0
141609, 1, 0
141722, 0, 1
141725, 2, 1
141734, 1, 0
141847, 0, 0
141850, 2, 0
141859, 1, 1
141972, 0, 1
141975, 2, 0
141984, 1, 1
142097, 0, 0
142100, 2, 1
142109, 1, 0
142222, 0, bit 1
142222, 0, 0
142225, 2, bit 1
142225, 2, 1
142234, 1, 0
142347, 0, 1
142350, 2, 0
142359, 1, 1
142472, 0, 1
142475, 2, 0
142484, 1, 1
142597, 0, 0
142600, 2, 1
142609, 1, 0
142722, 0, 1
142725, 2, 1
142734, 1, 0
142848, 0, 0
142850, 2, 0
142859, 1, 1
142973, 0, 1
142976, 2, 1
142984, 1, 0
143098, 0, 0
143101, 2, 0
143109, 1, 1
143223, 0, 1
143226, 2, 0
143234, 1, bit 1
143234, 1, 0
143348, 0, 0
143351, 2, 1
143360, 1, 1
143473, 0, 0
143476, 2, 0
143485, 1, 1
143598, 0, 1
143601, 2, 1
143610, 1, 0
143723, 0, 0
143726, 2, 1
143735, 1, 0
143848, 0, 1
143851, 2, 0
143860, 1, 1
143973, 0, bit 1
143973, 0, 0
143976, 2, bit 1
143976, 2, 1
143985, 1, 1
144098, 0, 1
144101, 2, 0
144110, 1, 0
144223, 0, 1
144226, 2, 0
144235, 1, 0
144348, 0, 0
144351, 2, 1
144360, 1, 1
144473, 0, 1
144476, 2, 1
144485, 1, 1
144598, 0, 0
144601, 2, 0
144610, 1, 0
144723, 0, 1
144726, 2, 1
144735, 1, 1
144848, 0, 0
144851, 2, 0
144860, 1, 0
144973, 0, 1
144976, 2, 0
144985, 1, bit 0
144985, 1, 1
145098, 0, 0
145101, 2, 1
145110, 1, 0
145223, 0, 0
145226, 2, 0
145235, 1, 0
145348, 0, 1
145351, 2, 1
145360, 1, 1
145473, 0, 0
145476, 2, 1
145485, 1, 1
145598, 0, 1
145601, 2, 0
145610, 1, 0
145723, 0, bit 1
145723, 0, 0
145726, 2, bit 1
145726, 2, 1
145735, 1, 0
145848, 0, 1
145851, 2, 0
145860, 1, 1
145973, 0, 1
145976, 2, 0
145985, 1, 1
146098, 0, 0
146101, 2, 1
146110, 1, 0
146223, 0, 1
146226, 2, 1
146235, 1, 0
146348, 0, 0
146351, 2, 0
146360, 1, 1
146473, 0, 1
146476, 2, 1
146485, 1, 0
146598, 0, 0
146601, 2, 0
146610, 1, 1
146723, 0, 1
146726, 2, 0
146735, 1, bit 1
146735, 1, 0
146848, 0, 0
146851, 2, 1
146860, 1, 1
146973, 0, 0
146976, 2, 0
146985, 1, 1
147098, 0, 1
147101, 2, 1
147110, 1, 0
147223, 0, 0
147226, 2, 1
147235, 1, 0
147348, 0, 1
147351, 2, 0
147360, 1, 1
147473, 0, bit 0
147476, 0, 1
147476, 2, bit 0
147477, 2, 0
147485, 1, 1
147598, 0, 0
147601, 2, 1
147610, 1, 0
147723, 0, 0
147726, 2, 1
147735, 1, 0
147848, 0, 1
147851, 2, 0
147860, 1, 1
147973, 0, 0
147976, 2, 0
147985, 1, 1
148098, 0, 1
148101, 2, 1
148110, 1, 0
148224, 0, 0
148226, 2, 0
148235, 1, 1
148349, 0, 1
148352, 2, 1
148360, 1, 0
148474, 0, 0
148477, 2, 1
148485, 1, bit 1
148485, 1, 0
148599, 0, 1
148602, 2, 0
148610, 1, 1
148724, 0, 1
148727, 2, 1
148736, 1, 1
148849, 0, 0
148852, 2, 0
148861, 1, 0
148974, 0, 1
148977, 2, 0
148986, 1, 0
149099, 0, 0
149102, 2, 1
149111, 1, 1
149224, 0, bit 1
149224, 0, 0
149227, 2, bit 0
149227, 2, 0
149236, 1, 1
149349, 0, 1
149352, 2, 1
149361, 1, 0
149474, 0, 1
149477, 2, 1
149486, 1, 0
149599, 0, 0
149602, 2, 0
149611, 1, 1
149724, 0, 1
149727, 2, 0
149736, 1, 1
149849, 0, 0
149852, 2, 1
149861, 1, 0
149974, 0, 1
149977, 2, 0
149986, 1, 1
150099, 0, 0
150102, 2, 1
150111, 1, 0
150224, 0, 1
150227, 2, 1
150236, 1, bit 1
150236, 1, 0
150349, 0, 0
150352, 2, 0
150361, 1, 1
150474, 0, 0
150477, 2, 1
150486, 1, 1
150599, 0, 1
150602, 2, 0
150611, 1, 0
150724, 0, 0
150727, 2, 0
150736, 1, 0
150849, 0, 1
150852, 2, 1
150861, 1, 1
150974, 0, bit 1
150974, 0, 0
150977, 2, bit 0
150977, 2, 0
150986, 1, 1
151099, 0, 1
151102, 2, 1
151111, 1, 0
151224, 0, 1
151227, 2, 1
151236, 1, 0
151349, 0, 0
151352, 2, 0
151361, 1, 1
151474, 0, 1
151477, 2, 0
151486, 1, 1
151599, 0, 0
151602, 2, 1
151611, 1, 0
151724, 0, 1
151727, 2, 0
151736, 1, 1
151849, 0, 0
151852, 2, 1
151861, 1, 0
151974, 0, 1
151977, 2, 1
151986, 1, bit 0
151986, 1, 1
152099, 0, 0
152102, 2, 0
152111, 1, 0
152224, 0, 0
152227, 2, 1
152236, 1, 0
152349, 0, 1
152352, 2, 0
152361, 1, 1
152474, 0, 0
152477, 2, 0
152486, 1, 1
152599, 0, 1
152602, 2, 1
152611, 1, 0
152724, 0, bit 1
152724, 0, 0
152727, 2, bit 0
152727, 2, 0
152736, 1, 0
152849, 0, 1
152852, 2, 1
152861, 1, 1
152974, 0, 1
152977, 2, 1
152986, 1, 1
153099, 0, 0
153102, 2, 0
153111, 1, 0
153224, 0, 1
153227, 2, 0
153236, 1, 0
153349, 0, 0
153352, 2, 1
153361, 1, 1
153474, 0, 1
153477, 2, 0
153486, 1, 0
153600, 0, 0
153602, 2, 1
153611, 1, 1
153725, 0, 1
153728, 2, 1
153736, 1, bit 1
153736, 1, 0
153850, 0, 0
153853, 2, 0
153861, 1, 1
153975, 0, 0
153978, 2, 1
153986, 1, 1
154100, 0, 1
154103, 2, 0
154112, 1, 0
154225, 0, 0
154228, 2, 0
154237, 1, 0
154350, 0, 1
154353, 2, 1
154362, 1, 1
154475, 0, bit 1
154475, 0, 0
154478, 2, bit 0
154478, 2, 0
154487, 1, 1
154600, 0, 1
154603, 2, 1
154612, 1, 0
154725, 0, 1
154728, 2, 1
154737, 1, 0
154850, 0, 0
154853, 2, 0
154862, 1, 1
154975, 0, 1
154978, 2, 0
154987, 1, 1
155100, 0, 0
155103, 2, 1
155112, 1, 0
155225, 0, 1
155228, 2, 0
155237, 1, 1
155350, 0, 0
155353, 2, 1
155362, 1, 0
155475, 0, 1
155478, 2, 1
155487, 1, bit 0
155487, 1, 1
155600, 0, 0
155603, 2, 0
155612, 1, 0
155725, 0, 0
155728, 2, 1
155737, 1, 0
155850, 0, 1
155853, 2, 0
155862, 1, 1
155975, 0, 0
155978, 2, 0
155987, 1, 1
156100, 0, 1
156103, 2, 1
156112, 1, 0
156225, 0, bit 0
156225, 0, 1
156228, 2, bit 0
156228, 2, 0
156237, 1, 0
156350, 0, 0
156353, 2, 1
156362, 1, 1
156475, 0, 0
156478, 2, 1
156487, 1, 1
156600, 0, 1
156603, 2, 0
156612, 1, 0
156725, 0, 0
156728, 2, 0
156737, 1, 0
156850, 0, 1
156853, 2, 1
156862, 1, 1
156975, 0, 0
156978, 2, 0
156987, 1, 0
157100, 0, 1
157103, 2, 1
157112, 1, 1
157225, 0, 0
157229, 2, 1
157237, 1, bit 1
157237, 1, 0
157350, 0, 1
157355, 2, 0
157362, 1, 1
157475, 0, 1
157480, 2, 1
157487, 1, 1
157600, 0, 0
157605, 2, 0
157612, 1, 0
157725, 0, 1
157730, 2, 0
157737, 1, 0
157850, 0, 0
157855, 2, 1
157862, 1, 1
157975, 0, bit 1
157975, 0, 0
157980, 2, bit 1
157980, 2, 1
157987, 1, 1
158100, 0, 1
158105, 2, 0
158112, 1, 0
158225, 0, 1
158230, 2, 0
158237, 1, 0
158350, 0, 0
158355, 2, 1
158362, 1, 1
158475, 0, 1
158480, 2, 1
158487, 1, 1
158600, 0, 0
158605, 2, 0
158612, 1, 0
158725, 0, 1
158730, 2, 1
158737, 1, 1
158850, 0, 0
158855, 2, 0
158862, 1, 0
158976, 0, 1
158980, 2, 0
158987, 1, bit 1
158987, 1, 0
159101, 0, 0
159105, 2, 1
159112, 1, 1
159226, 0, 0
159230, 2, 0
159237, 1, 1
159351, 0, 1
159355, 2, 1
159362, 1, 0
159476, 0, 0
159480, 2, 1
159488, 1, 0
159601, 0, 1
159605, 2, 0
159613, 1, 1
159726, 0, bit 0
159726, 0, 1
159730, 2, bit 1
159730, 2, 1
159738, 1, 1
159851, 0, 0
159855, 2, 0
159863, 1, 0
159976, 0, 0
159980, 2, 0
159988, 1, 0
160101, 0, 1
160105, 2, 1
160113, 1, 1
160226, 0, 0
160230, 2, 1
160238, 1, 1
160351, 0, 1
160355, 2, 0
160363, 1, 0
160476, 0, 0
160480, 2, 1
160488, 1, 1
160601, 0, 1
160605, 2, 0
160613, 1, 0
160726, 0, 0
160730, 2, 0
160738, 1, bit 1
160738, 1, 0
160851, 0, 1
160855, 2, 1
160863, 1, 1
160976, 0, 1
160980, 2, 0
160988, 1, 1
161101, 0, 0
161105, 2, 1
161113, 1, 0
161226, 0, 1
161230, 2, 1
161238, 1, 0
161351, 0, 0
161355, 2, 0
161363, 1, 1
161476, 0, bit 0
161476, 0, 1
161480, 2, bit 1
161480, 2, 1
161488, 1, 1
161601, 0, 0
161605, 2, 0
161613, 1, 0
161726, 0, 0
161730, 2, 0
161738, 1, 0
161851, 0, 1
161855, 2, 1
161863, 1, 1
161976, 0, 0
161980, 2, 1
161988, 1, 1
162101, 0, 1
162105, 2, 0
162113, 1, 0
162226, 0, 0
162230, 2, 1
162238, 1, 1
162351, 0, 1
162355, 2, 0
162363, 1, 0
162476, 0, 0
162480, 2, 0
162488, 1, bit 0
162488, 1, 1
162601, 0, 1
162605, 2, 1
162613, 1, 0
162726, 0, 1
162731, 2, 0
162738, 1, 0
162851, 0, 0
162856, 2, 1
162863, 1, 1
162976, 0, 1
162981, 2, 1
162988, 1, 1
163101, 0, 0
163106, 2, 0
163113, 1, 0
163226, 0, bit 0
163226, 0, 1
163231, 2, bit 1
163231, 2, 1
163238, 1, 0
163351, 0, 0
163356, 2, 0
163363, 1, 1
163476, 0, 0
163481, 2, 0
163488, 1, 1
163601, 0, 1
163606, 2, 1
163613, 1, 0
163726, 0, 0
163731, 2, 1
163738, 1, 0
163851, 0, 1
163856, 2, 0
163863, 1, 1
163976, 0, 0
163981, 2, 1
163988, 1, 0
164101, 0, 1
164106, 2, 0
164113, 1, 1
164226, 0, 0
164231, 2, 0
164238, 1, bit 0
164238, 1, 1
164352, 0, 1
164356, 2, 1
164363, 1, 0
164477, 0, 1
164481, 2, 0
164488, 1, 0
164602, 0, 0
164606, 2, 1
164613, 1, 1
164727, 0, 1
164731, 2, 1
164738, 1, 1
164852, 0, 0
164856, 2, 0
164864, 1, 0
164977, 0, bit 0
164977, 0, 1
164981, 2, bit 0
164981, 2, 0
164989, 1, 0
165102, 0, 0
165106, 2, 1
165114, 1, 1
165227, 0, 0
165231, 2, 1
165239, 1, 1
165352, 0, 1
165356, 2, 0
165364, 1, 0
165477, 0, 0
165481, 2, 0
165489, 1, 0
165602, 0, 1
165606, 2, 1
165614, 1, 1
165727, 0, 0
165731, 2, 0
165739, 1, 0
165852, 0, 1
165856, 2, 1
165864, 1, 1
165977, 0, 0
165981, 2, 1
165989, 1, bit 1
165989, 1, 0
166102, 0, 1
166106, 2, 0
166114, 1, 1
166227, 0, 1
166231, 2, 1
166239, 1, 1
166352, 0, 0
166356, 2, 0
166364, 1, 0
166477, 0, 1
166481, 2, 0
166489, 1, 0
166602, 0, 0
166606, 2, 1
166614, 1, 1
166727, 0, bit 1
166727, 0, 0
166731, 2, bit 1
166731, 2, 1
166739, 1, 1
166852, 0, 1
166856, 2, 0
166864, 1, 0
166977, 0, 1
166981, 2, 0
166989, 1, 0
167102, 0, 0
167106, 2, 1
167114, 1, 1
167227, 0, 1
167231, 2, 1
167239, 1, 1
167352, 0, 0
167356, 2, 0
167364, 1, 0
167477, 0, 1
167481, 2, 1
167489, 1, 1
167602, 0, 0
167606, 2, 0
167614, 1, 0
167727, 0, 1
167731, 2, 0
167739, 1, bit 0
167739, 1, 1
167852, 0, 0
167856, 2, 1
167864, 1, 0
167977, 0, 0
167981, 2, 0
167989, 1, 0
168102, 0, 1
168107, 2, 1
168114, 1, 1
168227, 0, 0
168232, 2, 1
168239, 1, 1
168352, 0, 1
168357, 2, 0
168364, 1, 0
168477, 0, bit 1
168477, 0, 0
168482, 2, bit 0
168482, 2, 0
168489, 1, 0
168602, 0, 1
168607, 2, 1
168614, 1, 1
168727, 0, 1
168732, 2, 1
168739, 1, 1
168852, 0, 0
168857, 2, 0
168864, 1, 0
168977, 0, 1
168982, 2, 0
168989, 1, 0
169102, 0, 0
169107, 2, 1
169114, 1, 1
169227, 0, 1
169232, 2, 0
169239, 1, 0
169352, 0, 0
169357, 2, 1
169364, 1, 1
169477, 0, 1
169482, 2, 1
169489, 1, bit 0
169489, 1, 1
169602, 0, 0
169607, 2, 0
169614, 1, 0
169728, 0, 0
169732, 2, 1
169739, 1, 0
169853, 0, 1
169857, 2, 0
169864, 1, 1
169978, 0, 0
169982, 2, 0
169989, 1, 1
170103, 0, 1
170107, 2, 1
170114, 1, 0
170228, 0, bit 1
170228, 0, 0
170232, 2, bit 0
170232, 2, 0
170240, 1, 0
170353, 0, 1
170357, 2, 1
170365, 1, 1
170478, 0, 1
170482, 2, 1
170490, 1, 1
170603, 0, 0
170607, 2, 0
170615, 1, 0
170728, 0, 1
170732, 2, 0
170740, 1, 0
170853, 0, 0
170857, 2, 1
170865, 1, 1
170978, 0, 1
170982, 2, 0
170990, 1, 0
171103, 0, 0
171107, 2, 1
171115, 1, 1
171228, 0, 1
171232, 2, 1
171240, 1, bit 1
171240, 1, 0
171353, 0, 0
171357, 2, 0
171365, 1, 1
171478, 0, 0
171482, 2, 1
171490, 1, 1
171603, 0, 1
171607, 2, 0
171615, 1, 0
171728, 0, 0
171732, 2, 0
171740, 1, 0
171853, 0, 1
171857, 2, 1
171865, 1, 1
171978, 0, bit 1
171978, 0, 0
171982, 2, bit 0
171982, 2, 0
171990, 1, 1
172103, 0, 1
172107, 2, 1
172115, 1, 0
172228, 0, 1
172232, 2, 1
172240, 1, 0
172353, 0, 0
172357, 2, 0
172365, 1, 1
172478, 0, 1
172482, 2, 0
172490, 1, 1
172603, 0, 0
172607, 2, 1
172615, 1, 0
172728, 0, 1
172732, 2, 0
172740, 1, 1
172853, 0, 0
172857, 2, 1
172865, 1, 0
172978, 0, 1
172982, 2, 1
172990, 1, bit 0
172990, 1, 1
173103, 0, 0
173107, 2, 0
173115, 1, 0
173228, 0, 0
173232, 2, 1
173240, 1, 0
173353, 0, 1
173357, 2, 0
173365, 1, 1
173478, 0, 0
173483, 2, 0
173490, 1, 1
173603, 0, 1
173608, 2, 1
173615, 1, 0
173728, 0, bit 1
173728, 0, 0
173733, 2, bit 1
173733, 2, 1
173740, 1, 0
173853, 0, 1
173858, 2, 0
173865, 1, 1
173978, 0, 1
173983, 2, 0
173990, 1, 1
174103, 0, 0
174108, 2, 1
174115, 1, 0
174228, 0, 1
174233, 2, 1
174240, 1, 0
174353, 0, 0
174358, 2, 0
174365, 1, 1
174478, 0, 1
174483, 2, 1
174490, 1, 0
174603, 0, 0
174608, 2, 0
174615, 1, 1
174728, 0, 1
174733, 2, 0
174740, 1, bit 1
174740, 1, 0
174853, 0, 0
174858, 2, 1
174865, 1, 1
174978, 0, 0
174983, 2, 0
174990, 1, 1
175104, 0, 1
175108, 2, 1
175115, 1, 0
175229, 0, 0
175233, 2, 1
175240, 1, 0
175354, 0, 1
175358, 2, 0
175365, 1, 1
175479, 0, bit 1
175479, 0, 0
175483, 2, bit 0
175483, 2, 0
175490, 1, 1
175604, 0, 1
175608, 2, 1
175616, 1, 0
175729, 0, 1
175733, 2, 1
175741, 1, 0
175854, 0, 0
175858, 2, 0
175866, 1, 1
175979, 0, 1
175983, 2, 0
175991, 1, 1
176104, 0, 0
176108, 2, 1
176116, 1, 0
176229, 0, 1
176233, 2, 0
176241, 1, 1
176354, 0, 0
176358, 2, 1
176366, 1, 0
176479, 0, 1
176483, 2, 1
176491, 1, bit 0
176491, 1, 1
176604, 0, 0
176608, 2, 0
176616, 1, 0
176729, 0, 0
176733, 2, 1
176741, 1, 0
176854, 0, 1
176858, 2, 0
176866, 1, 1
176979, 0, 0
176983, 2, 0
176991, 1, 1
177104, 0, 1
177108, 2, 1
177116, 1, 0
177229, 0, bit 1
177229, 0, 0
177233, 2, bit 1
177233, 2, 1
177241, 1, 0
177354, 0, 1
177358, 2, 0
177366, 1, 1
177479, 0, 1
177483, 2, 0
177491, 1, 1
177604, 0, 0
177608, 2, 1
177616, 1, 0
177729, 0, 1
177733, 2, 1
177741, 1, 0
177854, 0, 0
177858, 2, 0
177866, 1, 1
177979, 0, 1
177983, 2, 1
177991, 1, 0
178104, 0, 0
178108, 2, 0
178116, 1, 1
178229, 0, 1
178233, 2, 0
178241, 1, bit 0
178241, 1, 1
178354, 0, 0
178358, 2, 1
178366, 1, 0
178479, 0, 0
178483, 2, 0
178491, 1, 0
178604, 0, 1
178608, 2, 1
178616, 1, 1
178729, 0, 0
178733, 2, 1
178741, 1, 1
178854, 0, 1
178859, 2, 0
178866, 1, 0
178979, 0, bit 1
178979, 0, 0
178984, 2, bit 0
178984, 2, 0
178991, 1, 0
179104, 0, 1
179109, 2, 1
179116, 1, 1
179229, 0, 1
179234, 2, 1
179241, 1, 1
179354, 0, 0
179359, 2, 0
179366, 1, 0
179479, 0, 1
179484, 2, 0
179491, 1, 0
179604, 0, 0
179609, 2, 1
179616, 1, 1
179729, 0, 1
179734, 2, 0
179741, 1, 0
179854, 0, 0
179859, 2, 1
179866, 1, 1
179979, 0, 1
179984, 2, 1
179991, 1, bit 0
179991, 1, 1
180104, 0, 0
180109, 2, 0
180116, 1, 0
180229, 0, 0
180234, 2, 1
180241, 1, 0
180354, 0, 1
180359, 2, 0
180366, 1, 1
180480, 0, 0
180484, 2, 0
180491, 1, 1
180605, 0, 1
180609, 2, 1
180616, 1, 0
180730, 0, bit 1
180730, 0, 0
180734, 2, bit 0
180734, 2, 0
180741, 1, 0
180855, 0, 1
180859, 2, 1
180866, 1, 1
180980, 0, 1
180984, 2, 1
180992, 1, 1
181105, 0, 0
181109, 2, 0
181117, 1, 0
181230, 0, 1
181234, 2, 0
181242, 1, 0
181355, 0, 0
181359, 2, 1
181367, 1, 1
181480, 0, 1
181484, 2, 0
181492, 1, 0
181605, 0, 0
181609, 2, 1
181617, 1, 1
181730, 0, 1
181734, 2, 1
181742, 1, bit 0
181742, 1, 1
181855, 0, 0
181859, 2, 0
181867, 1, 0
181980, 0, 0
181984, 2, 1
181992, 1, 0
182105, 0, 1
182109, 2, 0
182117, 1, 1
182230, 0, 0
182234, 2, 0
182242, 1, 1
182355, 0, 1
182359, 2, 1
182367, 1, 0
182480, 0, bit 0
182480, 0, 1
182484, 2, bit 1
182484, 2, 1
182492, 1, 0
182605, 0, 0
182609, 2, 0
182617, 1, 1
182730, 0, 0
182734, 2, 0
182742, 1, 1
182855, 0, 1
182859, 2, 1
182867, 1, 0
182980, 0, 0
182984, 2, 1
182992, 1, 0
183105, 0, 1
183109, 2, 0
183117, 1, 1
183230, 0, 0
183234, 2, 1
183242, 1, 0
183355, 0, 1
183359, 2, 0
183367, 1, 1
183480, 0, 0
183484, 2, 0
183492, 1, bit 0
183492, 1, 1
183605, 0, 1
183609, 2, 1
183617, 1, 0
183730, 0, 1
183734, 2, 0
183742, 1, 0
183855, 0, 0
183859, 2, 1
183867, 1, 1
183980, 0, 1
183984, 2, 1
183992, 1, 1
184105, 0, 0
184109, 2, 0
184117, 1, 0
184230, 0, bit 1
184230, 0, 0
184235, 2, bit 0
184235, 2, 0
184242, 1, 0
184355, 0, 1
184360, 2, 1
184367, 1, 1
184480, 0, 1
184485, 2, 1
184492, 1, 1
184605, 0, 0
184610, 2, 0
184617, 1, 0
184730, 0, 1
184735, 2, 0
184742, 1, 0
184855, 0, 0
184860, 2, 1
184867, 1, 1
184980, 0, 1
184985, 2, 0
184992, 1, 0
185105, 0, 0
185110, 2, 1
185117, 1, 1
185230, 0, 1
185235, 2, 1
185242, 1, bit 0
185242, 1, 1
185355, 0, 0
185360, 2, 0
185367, 1, 0
185480, 0, 0
185485, 2, 1
185492, 1, 0
185605, 0, 1
185610, 2, 0
185617, 1, 1
185730, 0, 0
185735, 2, 0
185742, 1, 1
185856, 0, 1
185860, 2, 1
185867, 1, 0
185981, 0, bit 1
185981, 0, 0
185985, 2, bit 0
185985, 2, 0
185992, 1, 0
186106, 0, 1
186110, 2, 1
186117, 1, 1
186231, 0, 1
186235, 2, 1
186242, 1, 1
186356, 0, 0
186360, 2, 0
186368, 1, 0
186481, 0, 1
186485, 2, 0
186493, 1, 0
186606, 0, 0
186610, 2, 1
186618, 1, 1
186731, 0, 1
186735, 2, 0
186743, 1, 0
186856, 0, 0
186860, 2, 1
186868, 1, 1
186981, 0, 1
186985, 2, 1
186993, 1, bit 0
186993, 1, 1
187106, 0, 0
187110, 2, 0
187118, 1, 0
187231, 0, 0
187235, 2, 1
187243, 1, 0
187356, 0, 1
187360, 2, 0
187368, 1, 1
187481, 0, 0
187485, 2, 0
187493, 1, 1
187606, 0, 1
187610, 2, 1
187618, 1, 0
187731, 0, bit 0
187731, 0, 1
187735, 2, bit 0
187735, 2, 0
187743, 1, 0
187856, 0, 0
187860, 2, 1
187868, 1, 1
187981, 0, 0
187985, 2, 1
187993, 1, 1
188106, 0, 1
188110, 2, 0
188118, 1, 0
188231, 0, 0
188235, 2, 0
188243, 1, 0
188356, 0, 1
188360, 2, 1
188368, 1, 1
188481, 0, 0
188485, 2, 0
188493, 1, 0
188606, 0, 1
188610, 2, 1
188618, 1, 1
188731, 0, 0
188735, 2, 1
188743, 1, bit 1
188743, 1, 0
188856, 0, 1
188860, 2, 0
188868, 1, 1
188981, 0, 1
188985, 2, 1
188993, 1, 1
189106, 0, 0
189110, 2, 0
189118, 1, 0
189231, 0, 1
189235, 2, 0
189243, 1, 0
189356, 0, 0
189360, 2, 1
189368, 1, 1
189481, 0, bit 0
189481, 0, 1
189485, 2, bit 0
189485, 2, 0
189493, 1, 1
189606, 0, 0
189611, 2, 1
189618, 1, 0
189731, 0, 0
189736, 2, 1
189743, 1, 0
189856, 0, 1
189861, 2, 0
189868, 1, 1
189981, 0, 0
189986, 2, 0
189993, 1, 1
190106, 0, 1
190111, 2, 1
190118, 1, 0
190231, 0, 0
190236, 2, 0
190243, 1, 1
190356, 0, 1
190361, 2, 1
190368, 1, 0
190481, 0, 0
190486, 2, 1
190493, 1, bit 1
190493, 1, 0
190606, 0, 1
190611, 2, 0
190618, 1, 1
190731, 0, 1
190736, 2, 1
190743, 1, 1
190856, 0, 0
190861, 2, 0
190868, 1, 0
190981, 0, 1
190986, 2, 0
190993, 1, 0
191106, 0, 0
191111, 2, 1
191118, 1, 1
191232, 0, bit 0
191232, 0, 1
191236, 2, bit 1
191236, 2, 1
191243, 1, 1
191357, 0, 0
191361, 2, 0
191368, 1, 0
191482, 0, 0
191486, 2, 0
191493, 1, 0
191607, 0, 1
191611, 2, 1
191618, 1, 1
191732, 0, 0
191736, 2, 1
191744, 1, 1
191857, 0, 1
191861, 2, 0
191869, 1, 0
191982, 0, 0
191986, 2, 1
191994, 1, 1
192107, 0, 1
192111, 2, 0
192119, 1, 0
192232, 0, 0
192236, 2, 0
192244, 1, bit 0
192244, 1, 1
192357, 0, 1
192361, 2, 1
192369, 1, 0
192482, 0, 1
192486, 2, 0
192494, 1, 0
192607, 0, 0
192611, 2, 1
192619, 1, 1
192732, 0, 1
192736, 2, 1
192744, 1, 1
192857, 0, 0
192861, 2, 0
192869, 1, 0
192982, 0, bit 1
192982, 0, 0
192986, 2, bit 0
192986, 2, 0
192994, 1, 0
193107, 0, 1
193111, 2, 1
193119, 1, 1
193232, 0, 1
193236, 2, 1
193244, 1, 1
193357, 0, 0
193361, 2, 0
193369, 1, 0
193482, 0, 1
193486, 2, 0
193494, 1, 0
193607, 0, 0
193611, 2, 1
193619, 1, 1
193732, 0, 1
193736, 2, 0
193744, 1, 0
193857, 0, 0
193861, 2, 1
193869, 1, 1
193982, 0, 1
193986, 2, 1
193994, 1, bit 0
193994, 1, 1
194107, 0, 0
194111, 2, 0
194119, 1, 0
194232, 0, 0
194236, 2, 1
194244, 1, 0
194357, 0, 1
194361, 2, 0
194369, 1, 1
194482, 0, 0
194486, 2, 0
194494, 1, 1
194607, 0, 1
194611, 2, 1
194619, 1, 0
194732, 0, bit 1
194732, 0, 0
194736, 2, bit 1
194736, 2, 1
194744, 1, 0
194857, 0, 1
194861, 2, 0
194869, 1, 1
194982, 0, 1
194987, 2, 0
194994, 1, 1
195107, 0, 0
195112, 2, 1
195119, 1, 0
195232, 0, 1
195237, 2, 1
195244, 1, 0
195357, 0, 0
195362, 2, 0
195369, 1, 1
195482, 0, 1
195487, 2, 1
195494, 1, 0
195607, 0, 0
195612, 2, 0
195619, 1, 1
195732, 0, 1
195737, 2, 0
195744, 1, bit 1
195744, 1, 0
195857, 0, 0
195862, 2, 1
195869, 1, 1
195982, 0, 0
195987, 2, 0
195994, 1, 1
196107, 0, 1
196112, 2, 1
196119, 1, 0
196232, 0, 0
196237, 2, 1
196244, 1, 0
196357, 0, 1
196362, 2, 0
196369, 1, 1
196482, 0, bit 1
196482, 0, 0
196487, 2, bit 0
196487, 2, 0
196494, 1, 1
196608, 0, 1
196612, 2, 1
196619, 1, 0
196733, 0, 1
196737, 2, 1
196744, 1, 0
196858, 0, 0
196862, 2, 0
196869, 1, 1
196983, 0, 1
196987, 2, 0
196994, 1, 1
197108, 0, 0
197112, 2, 1
197120, 1, 0
197233, 0, 1
197237, 2, 0
197245, 1, 1
197358, 0, 0
197362, 2, 1
197370, 1, 0
197483, 0, 1
197487, 2, 1
197495, 1, bit 1
197495, 1, 0
197608, 0, 0
197612, 2, 0
197620, 1, 1
197733, 0, 0
197737, 2, 1
197745, 1, 1
197858, 0, 1
197862, 2, 0
197870, 1, 0
197983, 0, 0
197987, 2, 0
197995, 1, 0
198108, 0, 1
198112, 2, 1
198120, 1, 1
198233, 0, bit 1
198233, 0, 0
198237, 2, bit 0
198237, 2, 0
198245, 1, 1
198358, 0, 1
198362, 2, 1
198370, 1, 0
198483, 0, 1
198487, 2, 1
198495, 1, 0
198608, 0, 0
198612, 2, 0
198620, 1, 1
198733, 0, 1
198737, 2, 0
198745, 1, 1
198858, 0, 0
198862, 2, 1
198870, 1, 0
198983, 0, 1
198987, 2, 0
198995, 1, 1
199108, 0, 0
199112, 2, 1
199120, 1, 0
199233, 0, 1
199237, 2, 1
199245, 1, bit 0
199245, 1, 1
199358, 0, 0
199362, 2, 0
199370, 1, 0
199483, 0, 0
199487, 2, 1
199495, 1, 0
199608, 0, 1
199612, 2, 0
199620, 1, 1
199733, 0, 0
199737, 2, 0
199745, 1, 1
199858, 0, 1
199862, 2, 1
199870, 1, 0
199983, 0, bit 0
199983, 0, 1
199987, 2, bit 1
199987, 2, 1
199995, 1, 0
200108, 0, 0
200112, 2, 0
200120, 1, 1
200233, 0, 0
200237, 2, 0
200245, 1, 1
200358, 0, 1
200363, 2, 1
200370, 1, 0
200483, 0, 0
200488, 2, 1
200495, 1, 0
200608, 0, 1
200613, 2, 0
200620, 1, 1
200733, 0, 0
200738, 2, 1
200745, 1, 0
200858, 0, 1
200863, 2, 0
200870, 1, 1
200983, 0, 0
200988, 2, 0
200995, 1, bit 1
200995, 1, 0
201108, 0, 1
201113, 2, 1
201120, 1, 1
201233, 0, 1
201238, 2, 0
201245, 1, 1
201358, 0, 0
201363, 2, 1
201370, 1, 0
201483, 0, 1
201488, 2, 1
201495, 1, 0
201608, 0, 0
201613, 2, 0
201620, 1, 1
201733, 0, bit 0
201733, 0, 1
201738, 2, bit 1
201738, 2, 1
201745, 1, 1
201858, 0, 0
201863, 2, 0
201870, 1, 0
201984, 0, 0
201988, 2, 0
201995, 1, 0
202109, 0, 1
202113, 2, 1
202120, 1, 1
202234, 0, 0
202238, 2, 1
202245, 1, 1
202359, 0, 1
202363, 2, 0
202370, 1, 0
202484, 0, 0
202488, 2, 1
202496, 1, 1
202609, 0, 1
202613, 2, 0
202621, 1, 0
202734, 0, 0
202738, 2, 0
202746, 1, bit 0
202746, 1, 1
202859, 0, 1
202863, 2, 1
202871, 1, 0
202984, 0, 1
202988, 2, 0
202996, 1, 0
203109, 0, 0
203113, 2, 1
203121, 1, 1
203234, 0, 1
203238, 2, 1
203246, 1, 1
203359, 0, 0
203363, 2, 0
203371, 1, 0
203484, 0, bit 1
203484, 0, 0
203488, 2, bit 1
203488, 2, 1
203496, 1, 0
203609, 0, 1
203613, 2, 0
203621, 1, 1
203734, 0, 1
203738, 2, 0
203746, 1, 1
203859, 0, 0
203863, 2, 1
203871, 1, 0
203984, 0, 1
203988, 2, 1
203996, 1, 0
204109, 0, 0
204113, 2, 0
204121, 1, 1
204234, 0, 1
204238, 2, 1
204246, 1, 0
204359, 0, 0
204363, 2, 0
204371, 1, 1
204484, 0, 1
204488, 2, 0
204496, 1, bit 1
204496, 1, 0
204609, 0, 0
204613, 2, 1
204621, 1, 1
204734, 0, 0
204738, 2, 0
204746, 1, 1
204859, 0, 1
204863, 2, 1
204871, 1, 0
204984, 0, 0
204988, 2, 1
204996, 1, 0
205109, 0, 1
205113, 2, 0
205121, 1, 1
205234, 0, bit 0
205234, 0, 1
205238, 2, bit 0
205238, 2, 0
205246, 1, 1
205359, 0, 0
205363, 2, 1
205371, 1, 0
205484, 0, 0
205488, 2, 1
205496, 1, 0
205609, 0, 1
205613, 2, 0
205621, 1, 1
205734, 0, 0
205739, 2, 0
205746, 1, 1
205859, 0, 1
205864, 2, 1
205871, 1, 0
205984, 0, 0
205989, 2, 0
205996, 1, 1
206109, 0, 1
206114, 2, 1
206121, 1, 0
206234, 0, 0
206239, 2, 1
206246, 1, bit 1
206246, 1, 0
206359, 0, 1
206364, 2, 0
206371, 1, 1
206484, 0, 1
206489, 2, 1
206496, 1, 1
206609, 0, 0
206614, 2, 0
206621, 1, 0
206734, 0, 1
206739, 2, 0
206746, 1, 0
206859, 0, 0
206864, 2, 1
206871, 1, 1
206984, 0, bit 1
206984, 0, 0
206989, 2, bit 1
206989, 2, 1
206996, 1, 1
207109, 0, 1
207114, 2, 0
207121, 1, 0
207234, 0, 1
207239, 2, 0
207246, 1, 0
207360, 0, 0
207364, 2, 1
207371, 1, 1
207485, 0, 1
207489, 2, 1
207496, 1, 1
207610, 0, 0
207614, 2, 0
207621, 1, 0
207735, 0, 1
207739, 2, 1
207746, 1, 1
207860, 0, 0
207864, 2, 0
207872, 1, 0
207985, 0, 1
207989, 2, 0
207997, 1, bit 0
207997, 1, 1
208110, 0, 0
208114, 2, 1
208122, 1, 0
208235, 0, 0
208239, 2, 0
208247, 1, 0
208360, 0, 1
208364, 2, 1
208372, 1, 1
208485, 0, 0
208489, 2, 1
208497, 1, 1
208610, 0, 1
208614, 2, 0
208622, 1, 0
208735, 0, bit 1
208735, 0, 0
208739, 2, bit 0
208739, 2, 0
208747, 1, 0
208860, 0, 1
208864, 2, 1
208872, 1, 1
208985, 0, 1
208989, 2, 1
208997, 1, 1
209110, 0, 0
209114, 2, 0
209122, 1, 0
209235, 0, 1
209239, 2, 0
209247, 1, 0
209360, 0, 0
209364, 2, 1
209372, 1, 1
209485, 0, 1
209489, 2, 0
209497, 1, 0
209610, 0, 0
209614, 2, 1
209622, 1, 1
209735, 0, 1
209739, 2, 1
209747, 1, bit 0
209747, 1, 1
209860, 0, 0
209864, 2, 0
209872, 1, 0
209985, 0, 0
209989, 2, 1
209997, 1, 0
210110, 0, 1
210114, 2, 0
210122, 1, 1
210235, 0, 0
210239, 2, 0
210247, 1, 1
210360, 0, 1
210364, 2, 1
210372, 1, 0
210485, 0, bit 1
210485, 0, 0
210489, 2, bit 0
210489, 2, 0
210497, 1, 0
210610, 0, 1
210614, 2, 1
210622, 1, 1
210735, 0, 1
210739, 2, 1
210747, 1, 1
210860, 0, 0
210864, 2, 0
210872, 1, 0
210985, 0, 1
210989, 2, 0
210997, 1, 0
211110, 0, 0
211115, 2, 1
211122, 1, 1
211235, 0, 1
211240, 2, 0
211247, 1, 0
211360, 0, 0
211365, 2, 1
211372, 1, 1
211485, 0, 1
211490, 2, 1
211497, 1, bit 1
211497, 1, 0
211610, 0, 0
211615, 2, 0
211622, 1, 1
211735, 0, 0
211740, 2, 1
211747, 1, 1
211860, 0, 1
211865, 2, 0
211872, 1, 0
211985, 0, 0
211990, 2, 0
211997, 1, 0
212110, 0, 1
212115, 2, 1
212122, 1, 1
212235, 0, bit 1
212235, 0, 0
212240, 2, bit 1
212240, 2, 1
212247, 1, 1
212360, 0, 1
212365, 2, 0
212372, 1, 0
212485, 0, 1
212490, 2, 0
212497, 1, 0
212610, 0, 0
212615, 2, 1
212622, 1, 1
212736, 0, 1
212740, 2, 1
212747, 1, 1
212861, 0, 0
212865, 2, 0
212872, 1, 0
212986, 0, 1
212990, 2, 1
212997, 1, 1
213111, 0, 0
213115, 2, 0
213122, 1, 0
213236, 0, 1
213240, 2, 0
213248, 1, bit 1
213248, 1, 0
213361, 0, 0
213365, 2, 1
213373, 1, 1
213486, 0, 0
213490, 2, 0
213498, 1, 1
213611, 0, 1
213615, 2, 1
213623, 1, 0
213736, 0, 0
213740, 2, 1
213748, 1, 0
213861, 0, 1
213865, 2, 0
213873, 1, 1
213986, 0, bit 0
213986, 0, 1
213990, 2, bit 0
213990, 2, 0
213998, 1, 1
214111, 0, 0
214115, 2, 1
214123, 1, 0
214236, 0, 0
214240, 2, 1
214248, 1, 0
214361, 0, 1
214365, 2, 0
214373, 1, 1
214486, 0, 0
214490, 2, 0
214498, 1, 1
214611, 0, 1
214615, 2, 1
214623, 1, 0
214736, 0, 0
214740, 2, 0
214748, 1, 1
214861, 0, 1
214865, 2, 1
214873, 1, 0
214986, 0, 0
214990, 2, 1
214998, 1, bit 0
214998, 1, 1
215111, 0, 1
215115, 2, 0
215123, 1, 0
215236, 0, 1
215240, 2, 1
215248, 1, 0
215361, 0, 0
215365, 2, 0
215373, 1, 1
215486, 0, 1
215490, 2, 0
215498, 1, 1
215611, 0, 0
215615, 2, 1
215623, 1, 0
215736, 0, bit 1
215736, 0, 0
215740, 2, bit 0
215740, 2, 0
215748, 1, 0
215861, 0, 1
215865, 2, 1
215873, 1, 1
215986, 0, 1
215990, 2, 1
215998, 1, 1
216111, 0, 0
216115, 2, 0
216123, 1, 0
216236, 0, 1
216240, 2, 0
216248, 1, 0
216361, 0, 0
216365, 2, 1
216373, 1, 1
216486, 0, 1
216491, 2, 0
216498, 1, 0
216611, 0, 0
216616, 2, 1
216623, 1, 1
216736, 0, 1
216741, 2, 1
216748, 1, bit 1
216748, 1, 0
216861, 0, 0
216866, 2, 0
216873, 1, 1
216986, 0, 0
216991, 2, 1
216998, 1, 1
217111, 0, 1
217116, 2, 0
217123, 1, 0
217236, 0, 0
217241, 2, 0
217248, 1, 0
217361, 0, 1
217366, 2, 1
217373, 1, 1
217486, 0, bit 1
217486, 0, 0
217491, 2, bit 1
217491, 2, 1
217498, 1, 1
217611, 0, 1
217616, 2, 0
217623, 1, 0
217736, 0, 1
217741, 2, 0
217748, 1, 0
217861, 0, 0
217866, 2, 1
217873, 1, 1
217986, 0, 1
217991, 2, 1
217998, 1, 1
218112, 0, 0
218116, 2, 0
218123, 1, 0
218237, 0, 1
218241, 2, 1
218248, 1, 1
218362, 0, 0
218366, 2, 0
218373, 1, 0
218487, 0, 1
218491, 2, 0
218498, 1, bit 0
218498, 1, 1
218612, 0, 0
218616, 2, 1
218624, 1, 0
218737, 0, 0
218741, 2, 0
218749, 1, 0
218862, 0, 1
218866, 2, 1
218874, 1, 1
218987, 0, 0
218991, 2, 1
218999, 1, 1
219112, 0, 1
219116, 2, 0
219124, 1, 0
219237, 0, bit 1
219237, 0, 0
219241, 2, bit 0
219241, 2, 0
219249, 1, 0
219362, 0, 1
219366, 2, 1
219374, 1, 1
219487, 0, 1
219491, 2, 1
219499, 1, 1
219612, 0, 0
219616, 2, 0
219624, 1, 0
219737, 0, 1
219741, 2, 0
219749, 1, 0
219862, 0, 0
219866, 2, 1
219874, 1, 1
219987, 0, 1
219991, 2, 0
219999, 1, 0
220112, 0, 0
220116, 2, 1
220124, 1, 1
220237, 0, 1
220241, 2, 1
220249, 1, bit 0
220249, 1, 1
220362, 0, 0
220366, 2, 0
220374, 1, 0
220487, 0, 0
220491, 2, 1
220499, 1, 0
220612, 0, 1
220616, 2, 0
220624, 1, 1
220737, 0, 0
220741, 2, 0
220749, 1, 1
220862, 0, 1
220866, 2, 1
220874, 1, 0
220987, 0, bit 0
220987, 0, 1
220991, 2, bit 1
220991, 2, 1
220999, 1, 0
221112, 0, 0
221116, 2, 0
221124, 1, 1
221237, 0, 0
221241, 2, 0
221249, 1, 1
221362, 0, 1
221366, 2, 1
221374, 1, 0
221487, 0, 0
221491, 2, 1
221499, 1, 0
221612, 0, 1
221616, 2, 0
221624, 1, 1
221737, 0, 0
221741, 2, 1
221749, 1, 0
221862, 0, 1
221867, 2, 0
221874, 1, 1
221987, 0, 0
221992, 2, 0
221999, 1, bit 1
221999, 1, 0
222112, 0, 1
222117, 2, 1
222124, 1, 1
222237, 0, 1
222242, 2, 0
222249, 1, 1
222362, 0, 0
222367, 2, 1
222374, 1, 0
222487, 0, 1
222492, 2, 1
222499, 1, 0
222612, 0, 0
222617, 2, 0
222624, 1, 1
222737, 0, bit 1
222737, 0, 0
222742, 2, bit 0
222745, 2, 0
222749, 1, 1
222862, 0, 1
222867, 2, 1
222874, 1, 0
222987, 0, 1
222992, 2, 1
222999, 1, 0
223112, 0, 0
223117, 2, 0
223124, 1, 1
223237, 0, 1
223242, 2, 0
223249, 1, 1
223362, 0, 0
223367, 2, 1
223374, 1, 0
223488, 0, 1
223492, 2, 0
223499, 1, 1
223613, 0, 0
223617, 2, 1
223624, 1, 0
223738, 0, 1
223742, 2, 1
223749, 1, bit 0
223749, 1, 1
223863, 0, 0
223867, 2, 0
223874, 1, 0
223988, 0, 0
223992, 2, 1
224000, 1, 0
224113, 0, 1
224117, 2, 0
224125, 1, 1
224238, 0, 0
224242, 2, 0
224250, 1, 1
224363, 0, 1
224367, 2, 1
224375, 1, 0
224488, 0, bit 1
224488, 0, 0
224492, 2, bit 0
224492, 2, 0
224500, 1, 0
224613, 0, 1
224617, 2, 1
224625, 1, 1
224738, 0, 1
224742, 2, 1
224750, 1, 1
224863, 0, 0
224867, 2, 0
224875, 1, 0
224988, 0, 1
224992, 2, 0
225000, 1, 0
225113, 0, 0
225117, 2, 1
225125, 1, 1
225238, 0, 1
225242, 2, 0
225250, 1, 0
225363, 0, 0
225367, 2, 1
225375, 1, 1
225488, 0, 1
225492, 2, 1
225500, 1, bit 1
225500, 1, 0
225613, 0, 0
225617, 2, 0
225625, 1, 1
225738, 0, 0
225742, 2, 1
225750, 1, 1
225863, 0, 1
225867, 2, 0
225875, 1, 0
225988, 0, 0
225992, 2, 0
226000, 1, 0
226113, 0, 1
226117, 2, 1
226125, 1, 1
226238, 0, bit 1
226238, 0, 0
226242, 2, bit 1
226242, 2, 1
226250, 1, 1
226363, 0, 1
226367, 2, 0
226375, 1, 0
226488, 0, 1
226492, 2, 0
226500, 1, 0
226613, 0, 0
226617, 2, 1
226625, 1, 1
226738, 0, 1
226742, 2, 1
226750, 1, 1
226863, 0, 0
226867, 2, 0
226875, 1, 0
226988, 0, 1
226992, 2, 1
227000, 1, 1
227113, 0, 0
227117, 2, 0
227125, 1, 0
227238, 0, 1
227243, 2, 0
227250, 1, bit 0
227250, 1, 1
227363, 0, 0
227368, 2, 1
227375, 1, 0
227488, 0, 0
227493, 2, 0
227500, 1, 0
227613, 0, 1
227618, 2, 1
227625, 1, 1
227738, 0, 0
227743, 2, 1
227750, 1, 1
227863, 0, 1
227868, 2, 0
227875, 1, 0
227988, 0, bit 0
227988, 0, 1
227993, 2, bit 1
227993, 2, 1
228000, 1, 0
228113, 0, 0
228118, 2, 0
228125, 1, 1
228238, 0, 0
228243, 2, 0
228250, 1, 1
228363, 0, 1
228368, 2, 1
228375, 1, 0
228488, 0, 0
228493, 2, 1
228500, 1, 0
228613, 0, 1
228618, 2, 0
228625, 1, 1
228738, 0, 0
228743, 2, 1
228750, 1, 0
228864, 0, 1
228868, 2, 0
228875, 1, 1
228989, 0, 0
228993, 2, 0
229000, 1, bit 0
229000, 1, 1
229114, 0, 1
229118, 2, 1
229125, 1, 0
229239, 0, 1
229243, 2, 0
229250, 1, 0
229364, 0, 0
229368, 2, 1
229376, 1, 1
229489, 0, 1
229493, 2, 1
229501, 1, 1
229614, 0, 0
229618, 2, 0
229626, 1, 0
229739, 0, bit 0
229739, 0, 1
229743, 2, bit 0
229746, 2, 0
229751, 1, 0
229864, 0, 0
229868, 2, 1
229876, 1, 1
229989, 0, 0
229993, 2, 1
230001, 1, 1
230114, 0, 1
230118, 2, 0
230126, 1, 0
230239, 0, 0
230243, 2, 0
230251, 1, 0
230364, 0, 1
230368, 2, 1
230376, 1, 1
230489, 0, 0
230493, 2, 0
230501, 1, 0
230614, 0, 1
230618, 2, 1
230626, 1, 1
230739, 0, 0
230743, 2, 1
230751, 1, bit 0
230751, 1, 1
230864, 0, 1
230868, 2, 0
230876, 1, 0
230989, 0, 1
230993, 2, 1
231001, 1, 0
231114, 0, 0
231118, 2, 0
231126, 1, 1
231239, 0, 1
231243, 2, 0
231251, 1, 1
231364, 0, 0
231368, 2, 1
231376, 1, 0
231489, 0, bit 0
231489, 0, 1
231493, 2, bit 0
231493, 2, 0
231501, 1, 0
231614, 0, 0
231618, 2, 1
231626, 1, 1
231739, 0, 0
231743, 2, 1
231751, 1, 1
231864, 0, 1
231868, 2, 0
231876, 1, 0
231989, 0, 0
231993, 2, 0
232001, 1, 0
232114, 0, 1
232118, 2, 1
232126, 1, 1
232239, 0, 0
232243, 2, 0
232251, 1, 0
232364, 0, 1
232368, 2, 1
232376, 1, 1
232489, 0, 0
232493, 2, 1
232501, 1, bit 0
232501, 1, 1
232614, 0, 1
232619, 2, 0
232626, 1, 0
232739, 0, 1
232744, 2, 1
232751, 1, 0
232864, 0, 0
232869, 2, 0
232876, 1, 1
232989, 0, 1
232994, 2, 0
233001, 1, 1
233114, 0, 0
233119, 2, 1
233126, 1, 0
233239, 0, bit 1
233239, 0, 0
233244, 2, bit 1
233244, 2, 1
233251, 1, 0
233364, 0, 1
233369, 2, 0
233376, 1, 1
233489, 0, 1
233494, 2, 0
233501, 1, 1
233614, 0, 0
233619, 2, 1
233626, 1, 0
233739, 0, 1
233744, 2, 1
233751, 1, 0
233864, 0, 0
233869, 2, 0
233876, 1, 1
233989, 0, 1
233994, 2, 1
234001, 1, 0
234114, 0, 0
234119, 2, 0
234126, 1, 1
234240, 0, 1
234244, 2, 0
234251, 1, bit 1
234251, 1, 0
234365, 0, 0
234369, 2, 1
234376, 1, 1
234490, 0, 0
234494, 2, 0
234501, 1, 1
234615, 0, 1
234619, 2, 1
234626, 1, 0
234740, 0, 0
234744, 2, 1
234752, 1, 0
234865, 0, 1
234869, 2, 0
234877, 1, 1
234990, 0, bit 1
234990, 0, 0
234994, 2, bit 0
234994, 2, 0
235002, 1, 1
235115, 0, 1
235119, 2, 1
235127, 1, 0
235240, 0, 1
235244, 2, 1
235252, 1, 0
235365, 0, 0
235369, 2, 0
235377, 1, 1
235490, 0, 1
235494, 2, 0
235502, 1, 1
235615, 0, 0
235619, 2, 1
235627, 1, 0
235740, 0, 1
235744, 2, 0
235752, 1, 1
235865, 0, 0
235869, 2, 1
235877, 1, 0
235990, 0, 1
235994, 2, 1
236002, 1, bit 1
236002, 1, 0
236115, 0, 0
236119, 2, 0
236127, 1, 1
236240, 0, 0
236244, 2, 1
236252, 1, 1
236365, 0, 1
236369, 2, 0
236377, 1, 0
236490, 0, 0
236494, 2, 0
236502, 1, 0
236615, 0, 1
236619, 2, 1
236627, 1, 1
236740, 0, bit 0
236740, 0, 1
236744, 2, bit 0
236744, 2, 0
236752, 1, 1
236865, 0, 0
236869, 2, 1
236877, 1, 0
236990, 0, 0
236994, 2, 1
237002, 1, 0
237115, 0, 1
237119, 2, 0
237127, 1, 1
237240, 0, 0
237244, 2, 0
237252, 1, 1
237365, 0, 1
237369, 2, 1
237377, 1, 0
237490, 0, 0
237494, 2, 0
237502, 1, 1
237615, 0, 1
237619, 2, 1
237627, 1, 0
237740, 0, 0
237744, 2, 1
237752, 1, bit 0
237752, 1, 1
237865, 0, 1
237869, 2, 0
237877, 1, 0
237990, 0, 1
237995, 2, 1
238002, 1, 0
238115, 0, 0
238120, 2, 0
238127, 1, 1
238240, 0, 1
238245, 2, 0
238252, 1, 1
238365, 0, 0
238370, 2, 1
238377, 1, 0
238490, 0, bit 0
238490, 0, 1
238495, 2, bit 0
238495, 2, 0
238502, 1, 0
238615, 0, 0
238620, 2, 1
238627, 1, 1
238740, 0, 0
238745, 2, 1
238752, 1, 1
238865, 0, 1
238870, 2, 0
238877, 1, 0
238990, 0, 0
238995, 2, 0
239002, 1, 0
239115, 0, 1
239120, 2, 1
239127, 1, 1
239240, 0, 0
239245, 2, 0
239252, 1, 0
239365, 0, 1
239370, 2, 1
239377, 1, 1
239490, 0, 0
239495, 2, 1
239502, 1, bit 1
239505, 1, 0
239616, 0, 1
239620, 2, 0
239627, 1, 1
239741, 0, 1
239745, 2, 1
239752, 1, 1
239866, 0, 0
239870, 2, 0
239877, 1, 0
239991, 0, 1
239995, 2, 0
240002, 1, 0
240116, 0, 0
240120, 2, 1
240128, 1, 1
240241, 0, bit 1
240241, 0, 0
240245, 2, bit 0
240245, 2, 0
240253, 1, 1
240366, 0, 1
240370, 2, 1
240378, 1, 0
240491, 0, 1
240495, 2, 1
240503, 1, 0
240616, 0, 0
240620, 2, 0
240628, 1, 1
240741, 0, 1
240745, 2, 0
240753, 1, 1
240866, 0, 0
240870, 2, 1
240878, 1, 0
240991, 0, 1
240995, 2, 0
241003, 1, 1
241116, 0, 0
241120, 2, 1
241128, 1, 0
241241, 0, 1
241245, 2, 1
241253, 1, bit 0
241253, 1, 1
241366, 0, 0
241370, 2, 0
241378, 1, 0
241491, 0, 0
241495, 2, 1
241503, 1, 0
241616, 0, 1
241620, 2, 0
241628, 1, 1
241741, 0, 0
241745, 2, 0
241753, 1, 1
241866, 0, 1
241870, 2, 1
241878, 1, 0
241995, 2, bit 1
241995, 2, 1
242003, 1, 0
242120, 2, 0
242128, 1, 1
242245, 2, 0
242253, 1, 1
242370, 2, 1
242378, 1, 0
242495, 2, 1
242503, 1, 0
242620, 2, 0
242628, 1, 1
242745, 2, 1
242753, 1, 0
242870, 2, 0
242878, 1, 1
242995, 2, 0
243003, 1, bit 1
243003, 1, 0
243120, 2, 1
243128, 1, 1
243245, 2, 0
243253, 1, 1
243371, 2, 1
243378, 1, 0
243496, 2, 1
243503, 1, 0
243621, 2, 0
243628, 1, 1
243746, 2, bit 0
243746, 2, 0
243753, 1, 1
243871, 2, 1
243878, 1, 0
243996, 2, 1
244003, 1, 0
244121, 2, 0
244128, 1, 1
244246, 2, 0
244253, 1, 1
244371, 2, 1
244378, 1, 0
244496, 2, 0
244503, 1, 1
244621, 2, 1
244628, 1, 0
244746, 2, 1
244753, 1, bit 0
244753, 1, 1
244871, 2, 0
244878, 1, 0
244996, 2, 1
245003, 1, 0
245121, 2, 0
245128, 1, 1
245246, 2, 0
245253, 1, 1
245371, 2, 1
245378, 1, 0
245496, 2, bit 1
245496, 2, 1
245504, 1, 0
245621, 2, 0
245629, 1, 1
245746, 2, 0
245754, 1, 1
245871, 2, 1
245879, 1, 0
245996, 2, 1
246004, 1, 0
246121, 2, 0
246129, 1, 1
246246, 2, 1
246254, 1, 0
246371, 2, 0
246379, 1, 1
246496, 2, 0
246504, 1, bit 0
246504, 1, 1
246621, 2, 1
246629, 1, 0
246746, 2, 0
246754, 1, 0
246871, 2, 1
246879, 1, 1
246996, 2, 1
247004, 1, 1
247121, 2, 0
247129, 1, 0
247246, 2, bit 0
247246, 2, 0
247254, 1, 0
247371, 2, 1
247379, 1, 1
247496, 2, 1
247504, 1, 1
247621, 2, 0
247629, 1, 0
247746, 2, 0
247754, 1, 0
247871, 2, 1
247879, 1, 1
247996, 2, 0
248004, 1, 0
248121, 2, 1
248129, 1, 1
248246, 2, 1
248254, 1, bit 1
248254, 1, 0
248371, 2, 0
248379, 1, 1
248496, 2, 1
248504, 1, 1
248621, 2, 0
248629, 1, 0
248747, 2, 0
248754, 1, 0
248872, 2, 1
248879, 1, 1
248997, 2, bit 1
248997, 2, 1
249004, 1, 1
249122, 2, 0
249129, 1, 0
249247, 2, 0
249254, 1, 0
249372, 2, 1
249379, 1, 1
249497, 2, 1
249504, 1, 1
249622, 2, 0
249629, 1, 0
249747, 2, 1
249754, 1, 1
249872, 2, 0
249879, 1, 0
249997, 2, 0
250004, 1, bit 1
250004, 1, 0
250122, 2, 1
250129, 1, 1
250247, 2, 0
250254, 1, 1
250372, 2, 1
250379, 1, 0
250497, 2, 1
250504, 1, 0
250622, 2, 0
250629, 1, 1
250747, 2, bit 1
250747, 2, 1
250754, 1, 1
250872, 2, 0
250880, 1, 0
250997, 2, 0
251005, 1, 0
251122, 2, 1
251130, 1, 1
251247, 2, 1
251255, 1, 1
251372, 2, 0
251380, 1, 0
251497, 2, 1
251505, 1, 1
251622, 2, 0
251630, 1, 0
251747, 2, 0
251755, 1, bit 1
251755, 1, 0
251872, 2, 1
251880, 1, 1
251997, 2, 0
252005, 1, 1
252122, 2, 1
252130, 1, 0
252247, 2, 1
252255, 1, 0
252372, 2, 0
252380, 1, 1
252497, 2, bit 1
252497, 2, 1
252505, 1, 1
252622, 2, 0
252630, 1, 0
252747, 2, 0
252755, 1, 0
252872, 2, 1
252880, 1, 1
252997, 2, 1
253005, 1, 1
253122, 2, 0
253130, 1, 0
253247, 2, 1
253255, 1, 1
253372, 2, 0
253380, 1, 0
253497, 2, 0
253505, 1, bit 0
253505, 1, 1
253622, 2, 1
253630, 1, 0
253747, 2, 0
253755, 1, 0
253872, 2, 1
253880, 1, 1
253997, 2, 1
254005, 1, 1
254123, 2, 0
254130, 1, 0
254248, 2, bit 0
254248, 2, 0
254255, 1, 0
254373, 2, 1
254380, 1, 1
254498, 2, 1
254505, 1, 1
254623, 2, 0
254630, 1, 0
254748, 2, 0
254755, 1, 0
254873, 2, 1
254880, 1, 1
254998, 2, 0
255005, 1, 0
255123, 2, 1
255133, 1, 1
255248, 2, 1
255258, 1, bit 1
255258, 1, 0
255373, 2, 0
255383, 1, 1
255498, 2, 1
255508, 1, 1
255623, 2, 0
255633, 1, 0
255748, 2, 0
255758, 1, 0
255873, 2, 1
255883, 1, 1
255998, 2, bit 0
255998, 2, 0
256008, 1, 1
256123, 2, 1
256133, 1, 0
256248, 2, 1
256258, 1, 0
256373, 2, 0
256384, 1, 1
256498, 2, 0
256509, 1, 1
256623, 2, 1
256634, 1, 0
256748, 2, 0
256759, 1, 1
256873, 2, 1
256884, 1, 0
256998, 2, 1
257009, 1, bit 1
257009, 1, 0
257123, 2, 0
257134, 1, 1
257248, 2, 1
257259, 1, 1
257373, 2, 0
257384, 1, 0
257498, 2, 0
257509, 1, 0
257623, 2, 1
257634, 1, 1
257748, 2, bit 0
257748, 2, 0
257759, 1, 1
257873, 2, 1
257884, 1, 0
257998, 2, 1
258009, 1, 0
258123, 2, 0
258134, 1, 1
258248, 2, 0
258259, 1, 1
258373, 2, 1
258384, 1, 0
258498, 2, 0
258509, 1, 1
258623, 2, 1
258634, 1, 0
258748, 2, 1
258759, 1, bit 1
258759, 1, 0
258873, 2, 0
258884, 1, 1
258998, 2, 1
259009, 1, 1
259123, 2, 0
259134, 1, 0
259248, 2, 0
259259, 1, 0
259373, 2, 1
259384, 1, 1
259499, 2, bit 0
259499, 2, 0
259509, 1, 1
259624, 2, 1
259634, 1, 0
259749, 2, 1
259759, 1, 0
259874, 2, 0
259884, 1, 1
259999, 2, 0
260009, 1, 1
260124, 2, 1
260134, 1, 0
260249, 2, 0
260259, 1, 1
260374, 2, 1
260384, 1, 0
260499, 2, 1
260509, 1, bit 0
260509, 1, 1
260624, 2, 0
260634, 1, 0
260749, 2, 1
260759, 1, 0
260874, 2, 0
260884, 1, 1
260999, 2, 0
261009, 1, 1
261124, 2, 1
261134, 1, 0
261249, 2, bit 0
261249, 2, 0
261259, 1, 0
261374, 2, 1
261384, 1, 1
261499, 2, 1
261509, 1, 1
261624, 2, 0
261634, 1, 0
261749, 2, 0
261760, 1, 0
261874, 2, 1
261885, 1, 1
261999, 2, 0
262010, 1, 0
262124, 2, 1
262135, 1, 1
262249, 2, 1
262260, 1, bit 1
262260, 1, 0
262374, 2, 0
262385, 1, 1
262499, 2, 1
262510, 1, 1
262624, 2, 0
262635, 1, 0
262749, 2, 0
262760, 1, 0
262874, 2, 1
262885, 1, 1
262999, 2, bit 1
262999, 2, 1
263010, 1, 1
263124, 2, 0
263135, 1, 0
263249, 2, 0
263260, 1, 0
263374, 2, 1
263385, 1, 1
263499, 2, 1
263510, 1, 1
263624, 2, 0
263635, 1, 0
263749, 2, 1
263760, 1, 1
263874, 2, 0
263885, 1, 0
263999, 2, 0
264010, 1, bit 1
264010, 1, 0
264124, 2, 1
264135, 1, 1
264249, 2, 0
264260, 1, 1
264374, 2, 1
264385, 1, 0
264499, 2, 1
264510, 1, 0
264624, 2, 0
264635, 1, 1
264749, 2, bit 0
264749, 2, 0
264760, 1, 1
264875, 2, 1
264885, 1, 0
265000, 2, 1
265010, 1, 0
265125, 2, 0
265135, 1, 1
265250, 2, 0
265260, 1, 1
265375, 2, 1
265385, 1, 0
265500, 2, 0
265510, 1, 1
265625, 2, 1
265635, 1, 0
265750, 2, 1
265760, 1, bit 1
265760, 1, 0
265875, 2, 0
265885, 1, 1
266000, 2, 1
266010, 1, 1
266125, 2, 0
266135, 1, 0
266250, 2, 0
266260, 1, 0
266375, 2, 1
266385, 1, 1
266500, 2, bit 0
266500, 2, 0
266510, 1, 1
266625, 2, 1
266635, 1, 0
266750, 2, 1
266760, 1, 0
266875, 2, 0
266885, 1, 1
267000, 2, 0
267010, 1, 1
267125, 2, 1
267136, 1, 0
267250, 2, 0
267261, 1, 1
267375, 2, 1
267386, 1, 0
267500, 2, 1
267511, 1, bit 0
267511, 1, 1
267625, 2, 0
267636, 1, 0
267750, 2, 1
267761, 1, 0
267875, 2, 0
267886, 1, 1
268000, 2, 0
268011, 1, 1
268125, 2, 1
268136, 1, 0
268250, 2, bit 0
268250, 2, 0
268261, 1, 0
268375, 2, 1
268386, 1, 1
268500, 2, 1
268511, 1, 1
268625, 2, 0
268636, 1, 0
268750, 2, 0
268761, 1, 0
268875, 2, 1
268886, 1, 1
269000, 2, 0
269011, 1, 0
269125, 2, 1
269136, 1, 1
269250, 2, 1
269261, 1, bit 0
269261, 1, 1
269375, 2, 0
269386, 1, 0
269500, 2, 1
269511, 1, 0
269625, 2, 0
269636, 1, 1
269750, 2, 0
269761, 1, 1
269875, 2, 1
269886, 1, 0
270000, 2, bit 0
270000, 2, 0
270011, 1, 0
270125, 2, 1
270136, 1, 1
270251, 2, 1
270261, 1, 1
270376, 2, 0
270386, 1, 0
270501, 2, 0
270511, 1, 0
270626, 2, 1
270636, 1, 1
270751, 2, 0
270761, 1, 0
270876, 2, 1
270886, 1, 1
271001, 2, 1
271011, 1, bit 1
271011, 1, 0
271126, 2, 0
271136, 1, 1
271251, 2, 1
271261, 1, 1
271376, 2, 0
271386, 1, 0
271501, 2, 0
271511, 1, 0
271626, 2, 1
271636, 1, 1
271751, 2, bit 1
271751, 2, 1
271761, 1, 1
271876, 2, 0
271886, 1, 0
272001, 2, 0
272011, 1, 0
272126, 2, 1
272136, 1, 1
272251, 2, 1
272261, 1, 1
272376, 2, 0
272386, 1, 0
272501, 2, 1
272512, 1, 1
272626, 2, 0
272637, 1, 0
272751, 2, 0
272876, 2, 1
273001, 2, 0
273126, 2, 1
273251, 2, 1
273376, 2, 0
273501, 2, bit 0
273501, 2, 0
273626, 2, 1
273751, 2, 1
273876, 2, 0
274001, 2, 0
274126, 2, 1
274251, 2, 0
274376, 2, 1
274501, 2, 1
274626, 2, 0
274751, 2, 1
274876, 2, 0
275001, 2, 0
275126, 2, 1
275251, 2, bit 1
275254, 2, 1
275376, 2, 0
275501, 2, 0
275627, 2, 1
275752, 2, 1
275877, 2, 0
276002, 2, 1
276127, 2, 0
276252, 2, 0
276377, 2, 1
276502, 2, 0
276627, 2, 1
276752, 2, 1
276877, 2, 0
277002, 2, bit 0
277002, 2, 0
277127, 2, 1
277252, 2, 1
277377, 2, 0
277502, 2, 0
277627, 2, 1
277752, 2, 0
277877, 2, 1
278002, 2, 1
278127, 2, 0
278252, 2, 1
278377, 2, 0
278502, 2, 0
278627, 2, 1
278752, 2, bit 1
278752, 2, 1
278877, 2, 0
279002, 2, 0
279127, 2, 1
279252, 2, 1
279377, 2, 0
279502, 2, 1
279627, 2, 0
279752, 2, 0
279877, 2, 1
280002, 2, 0
280127, 2, 1
280252, 2, 1
280377, 2, 0
280502, 2, bit 1
280502, 2, 1
280627, 2, 0
280752, 2, 0
280877, 2, 1
281003, 2, 1
281128, 2, 0
281253, 2, 1
281378, 2, 0
281503, 2, 0
281628, 2, 1
281753, 2, 0
281878, 2, 1
282003, 2, 1
282128, 2, 0
282253, 2, bit 0
282253, 2, 0
282378, 2, 1
282503, 2, 1
282628, 2, 0
282753, 2, 0
282878, 2, 1
283003, 2, 0
283128, 2, 1
283253, 2, 1
283378, 2, 0
283503, 2, 1
283628, 2, 0
283753, 2, 0
283878, 2, 1
284003, 2, bit 1
284003, 2, 1
284128, 2, 0
284253, 2, 0
284378, 2, 1
284503, 2, 1
284628, 2, 0
284753, 2, 1
284878, 2, 0
285003, 2, 0
285128, 2, 1
285253, 2, 0
285378, 2, 1
285503, 2, 1
285628, 2, 0
285753, 2, bit 0
285753, 2, 0
285878, 2, 1
286003, 2, 1
286128, 2, 0
286253, 2, 0
286379, 2, 1
286504, 2, 0
286629, 2, 1
286754, 2, 1
286879, 2, 0
287004, 2, 1
287129, 2, 0
287254, 2, 0
287379, 2, 1
287504, 2, bit 0
287504, 2, 0
287629, 2, 1
287754, 2, 1
287879, 2, 0
288004, 2, 0
288129, 2, 1
288254, 2, 0
288379, 2, 1
288504, 2, 1
288629, 2, 0
288754, 2, 1
288879, 2, 0
289004, 2, 0
289129, 2, 1
289254, 2, bit 1
289254, 2, 1
289379, 2, 0
289504, 2, 0
289629, 2, 1
289754, 2, 1
289879, 2, 0
290004, 2, 1
290129, 2, 0
290254, 2, 0
290379, 2, 1
290504, 2, 0
290629, 2, 1
290754, 2, 1
290879, 2, 0
291004, 2, bit 1
291004, 2, 1
291129, 2, 0
291254, 2, 0
291379, 2, 1
291504, 2, 1
291629, 2, 0
291755, 2, 1
291880, 2, 0
292005, 2, 0
292130, 2, 1
292255, 2, 0
292380, 2, 1
292505, 2, 1
292630, 2, 0
292755, 2, bit 0
292755, 2, 0
292880, 2, 1
293005, 2, 1
293130, 2, 0
293255, 2, 0
293380, 2, 1
293505, 2, 0
293630, 2, 1
293755, 2, 1
293880, 2, 0
294005, 2, 1
294130, 2, 0
294255, 2, 0
294380, 2, 1
294505, 2, bit 0
294505, 2, 0
294630, 2, 1
294755, 2, 1
294880, 2, 0
295005, 2, 0
295130, 2, 1
295255, 2, 0
295380, 2, 1
295505, 2, 1
295630, 2, 0
295755, 2, 1
295880, 2, 0
296005, 2, 0
296130, 2, 1
296255, 2, bit 0
296258, 2, 0
296380, 2, 1
296505, 2, 1
296630, 2, 0
296755, 2, 0
296880, 2, 1
297005, 2, 0
297131, 2, 1
297256, 2, 1
297381, 2, 0
297506, 2, 1
297631, 2, 0
297756, 2, 0
297881, 2, 1
298006, 2, bit 0
298006, 2, 0
298131, 2, 1
298256, 2, 1
298381, 2, 0
298506, 2, 0
298631, 2, 1
298756, 2, 0
298881, 2, 1
299006, 2, 1
299131, 2, 0
299256, 2, 1
299381, 2, 0
299506, 2, 0
299631, 2, 1
299756, 2, bit 1
299756, 2, 1
299881, 2, 0
300006, 2, 0
300131, 2, 1
300256, 2, 1
300381, 2, 0
300506, 2, 1
300631, 2, 0
300756, 2, 0
300881, 2, 1
301006, 2, 0
301131, 2, 1
301256, 2, 1
301381, 2, 0
