125 100 3 7 16
(2, 20, 3, 10.00), (code 6)
(3, 258, 1, 10.00), (code 0)
(4, 496, 6, 10.00), (code 1)
START
3357716, 0, prem 0
3357716, 0, 0
3357841, 0, 0
3357966, 0, 0
3358091, 0, 0
3358216, 0, 0
3358341, 0, 0
3358466, 0, 0
3358592, 0, 0
3358717, 0, 0
3358842, 0, 0
3358967, 0, 0
3359092, 0, 0
3359217, 0, 0
3359342, 0, 0
3359467, 0, 0
3359592, 0, 0
3359717, 0, 1
3359842, 0, 1
3359967, 0, 1
3360092, 0, 1
3360217, 0, 1
3360342, 0, 1
3360467, 0, 1
3360592, 0, 1
3360717, 0, 1
3360842, 0, 1
3360967, 0, 1
3361092, 0, 1
3361217, 0, 1
3361342, 0, 1
3361467, 0, 1
3361592, 0, 1
3361717, 0, prem 0
3361717, 0, 0
3361842, 0, 0
3361967, 0, 0
3362092, 0, 0
3362217, 0, 0
3362342, 0, 0
3362467, 0, 0
3362592, 0, 0
3362717, 0, 0
3362842, 0, 0
3362967, 0, 0
3363092, 0, 0
3363217, 0, 0
3363342, 0, 0
3363467, 0, 0
3363592, 0, 0
3363717, 0, 1
3363842, 0, 1
3363968, 0, 1
3364093, 0, 1
3364218, 0, 1
3364343, 0, 1
3364468, 0, 1
3364593, 0, 1
3364718, 0, 1
3364843, 0, 1
3364968, 0, 1
3365093, 0, 1
3365218, 0, 1
3365343, 0, 1
3365468, 0, 1
3365593, 0, 1
3365718, 0, prem 1
3365718, 0, 1
3365843, 0, 1
3365968, 0, 1
3366093, 0, 1
3366218, 0, 1
3366343, 0, 1
3366468, 0, 1
3366593, 0, 1
3366718, 0, 1
3366843, 0, 1
3366968, 0, 1
3367093, 0, 1
3367218, 0, 1
3367343, 0, 1
3367468, 0, 1
3367593, 0, 1
3367718, 0, 0
3367843, 0, 0
3367968, 0, 0
3368093, 0, 0
3368218, 0, 0
3368343, 0, 0
3368468, 0, 0
3368593, 0, 0
3368718, 0, 0
3368843, 0, 0
3368968, 0, 0
3369093, 0, 0
3369218, 0, 0
3369344, 0, 0
3369469, 0, 0
3369594, 0, 0
3369719, 0, prem 0
3369719, 0, 0
3369844, 0, 0
3369969, 0, 0
3370094, 0, 0
3370219, 0, 0
3370344, 0, 0
3370469, 0, 0
3370594, 0, 0
3370719, 0, 0
3370844, 0, 0
3370969, 0, 0
3371094, 0, 0
3371219, 0, 0
3371344, 0, 0
3371469, 0, 0
3371594, 0, 0
3371719, 0, 1
3371844, 0, 1
3371969, 0, 1
3372094, 0, 1
3372219, 0, 1
3372344, 0, 1
3372469, 0, 1
3372594, 0, 1
3372719, 0, 1
3372844, 0, 1
3372969, 0, 1
3373094, 0, 1
3373219, 0, 1
3373344, 0, 1
3373469, 0, 1
3373594, 0, 1
3373719, 0, prem 0
3373719, 0, 0
3373844, 0, 0
3373969, 0, 0
3374094, 0, 0
3374219, 0, 0
3374344, 0, 0
3374469, 0, 0
3374594, 0, 0
3374720, 0, 0
3374845, 0, 0
3374970, 0, 0
3375095, 0, 0
3375220, 0, 0
3375345, 0, 0
3375470, 0, 0
3375595, 0, 0
3375720, 0, 1
3375845, 0, 1
3375970, 0, 1
3376095, 0, 1
3376220, 0, 1
3376345, 0, 1
3376470, 0, 1
3376595, 0, 1
3376720, 0, 1
3376845, 0, 1
3376970, 0, 1
3377095, 0, 1
3377220, 0, 1
3377345, 0, 1
3377470, 0, 1
3377595, 0, 1
3377720, 0, prem 1
3377720, 0, 1
3377845, 0, 1
3377970, 0, 1
3378095, 0, 1
3378220, 0, 1
3378345, 0, 1
3378470, 0, 1
3378595, 0, 1
3378720, 0, 1
3378845, 0, 1
3378970, 0, 1
3379095, 0, 1
3379220, 0, 1
3379345, 0, 1
3379470, 0, 1
3379595, 0, 1
3379720, 0, 0
3379845, 0, 0
3379970, 0, 0
3380096, 0, 0
3380221, 0, 0
3380346, 0, 0
3380471, 0, 0
3380596, 0, 0
3380721, 0, 0
3380846, 0, 0
3380971, 0, 0
3381096, 0, 0
3381221, 0, 0
3381346, 0, 0
3381471, 0, 0
3381596, 0, 0
3381721, 0, prem 0
3381721, 0, 0
3381846, 0, 0
3381971, 0, 0
3382096, 0, 0
3382221, 0, 0
3382346, 0, 0
3382471, 0, 0
3382596, 0, 0
3382721, 0, 0
3382846, 0, 0
3382971, 0, 0
3383096, 0, 0
3383221, 0, 0
3383346, 0, 0
3383471, 0, 0
3383596, 0, 0
3383721, 0, 1
3383846, 0, 1
3383971, 0, 1
3384096, 0, 1
3384221, 0, 1
3384346, 0, 1
3384471, 0, 1
3384596, 0, 1
3384721, 0, 1
3384846, 0, 1
3384971, 0, 1
3385096, 0, 1
3385221, 0, 1
3385346, 0, 1
3385472, 0, 1
3385597, 0, 1
3385722, 0, bit 1
3385722, 0, 0
3385847, 0, 1
3385972, 0, 0
3386097, 0, 1
3386222, 0, 1
3386347, 0, 0
3386472, 0, 0
3386597, 0, 1
3386722, 0, 0
3386847, 0, 1
3386972, 0, 1
3387097, 0, 0
3387222, 0, 0
3387225, 1, prem 0
3387225, 1, 0
3387347, 0, 1
3387350, 1, 0
3387472, 0, bit 0
3387472, 0, 1
3387475, 1, 0
3387597, 0, 0
3387600, 1, 0
3387722, 0, 1
3387725, 1, 0
3387847, 0, 0
3387850, 1, 0
3387972, 0, 0
3387975, 1, 0
3388097, 0, 1
3388100, 1, 0
3388222, 0, 1
3388225, 1, 0
3388347, 0, 0
3388350, 1, 0
3388472, 0, 1
3388475, 1, 0
3388597, 0, 0
3388600, 1, 0
3388722, 0, 0
3388725, 1, 0
3388847, 0, 1
3388850, 1, 0
3388972, 0, 1
3388975, 1, 0
3389097, 0, 0
3389100, 1, 0
3389222, 0, bit 1
3389222, 0, 0
3389225, 1, 1
3389347, 0, 1
3389350, 1, 1
3389472, 0, 0
3389475, 1, 1
3389597, 0, 1
3389600, 1, 1
3389722, 0, 1
3389725, 1, 1
3389847, 0, 0
3389850, 1, 1
3389972, 0, 0
3389975, 1, 1
3390097, 0, 1
3390100, 1, 1
3390222, 0, 0
3390225, 1, 1
3390347, 0, 1
3390350, 1, 1
3390472, 0, 1
3390475, 1, 1
3390597, 0, 0
3390600, 1, 1
3390722, 0, 0
3390725, 1, 1
3390848, 0, 1
3390850, 1, 1
3390973, 0, bit 1
3390973, 0, 0
3390976, 1, 1
3391098, 0, 1
3391101, 1, 1
3391223, 0, 0
3391226, 1, prem 1
3391226, 1, 1
3391348, 0, 1
3391351, 1, 1
3391473, 0, 1
3391476, 1, 1
3391598, 0, 0
3391601, 1, 1
3391723, 0, 0
3391726, 1, 1
3391848, 0, 1
3391851, 1, 1
3391973, 0, 0
3391976, 1, 1
3392098, 0, 1
3392101, 1, 1
3392223, 0, 1
3392226, 1, 1
3392348, 0, 0
3392351, 1, 1
3392473, 0, 0
3392476, 1, 1
3392598, 0, 1
3392601, 1, 1
3392723, 0, bit 1
3392723, 0, 0
3392726, 1, 1
3392848, 0, 1
3392851, 1, 1
3392973, 0, 0
3392976, 1, 1
3393098, 0, 1
3393101, 1, 1
3393223, 0, 1
3393226, 1, 0
3393348, 0, 0
3393351, 1, 0
3393473, 0, 0
3393476, 1, 0
3393598, 0, 1
3393601, 1, 0
3393723, 0, 0
3393726, 1, 0
3393848, 0, 1
3393851, 1, 0
3393973, 0, 1
3393976, 1, 0
3394098, 0, 0
3394101, 1, 0
3394223, 0, 0
3394226, 1, 0
3394348, 0, 1
3394351, 1, 0
3394473, 0, bit 1
3394473, 0, 0
3394476, 1, 0
3394598, 0, 1
3394601, 1, 0
3394723, 0, 0
3394726, 1, 0
3394848, 0, 1
3394851, 1, 0
3394973, 0, 1
3394976, 1, 0
3395098, 0, 0
3395101, 1, 0
3395223, 0, 0
3395226, 1, prem 1
3395226, 1, 1
3395348, 0, 1
3395351, 1, 1
3395473, 0, 0
3395476, 1, 1
3395598, 0, 1
3395601, 1, 1
3395723, 0, 1
3395726, 1, 1
3395848, 0, 0
3395851, 1, 1
3395973, 0, 0
3395976, 1, 1
3396098, 0, 1
3396101, 1, 1
3396224, 0, bit 0
3396227, 0, 1
3396227, 1, 1
3396349, 0, 0
3396352, 1, 1
3396474, 0, 1
3396477, 1, 1
3396599, 0, 0
3396602, 1, 1
3396724, 0, 0
3396727, 1, 1
3396849, 0, 1
3396852, 1, 1
3396974, 0, 1
3396977, 1, 1
3397099, 0, 0
3397102, 1, 1
3397224, 0, 1
3397227, 1, 0
3397349, 0, 0
3397352, 1, 0
3397474, 0, 0
3397477, 1, 0
3397599, 0, 1
3397602, 1, 0
3397724, 0, 1
3397727, 1, 0
3397849, 0, 0
3397852, 1, 0
3397974, 0, bit 0
3397974, 0, 1
3397977, 1, 0
3398099, 0, 0
3398102, 1, 0
3398224, 0, 1
3398227, 1, 0
3398349, 0, 0
3398352, 1, 0
3398474, 0, 0
3398477, 1, 0
3398599, 0, 1
3398602, 1, 0
3398724, 0, 1
3398727, 1, 0
3398849, 0, 0
3398852, 1, 0
3398974, 0, 1
3398977, 1, 0
3399099, 0, 0
3399102, 1, 0
3399224, 0, 0
3399227, 1, prem 1
3399227, 1, 1
3399349, 0, 1
3399352, 1, 1
3399474, 0, 1
3399477, 1, 1
3399599, 0, 0
3399602, 1, 1
3399724, 0, bit 0
3399724, 0, 1
3399727, 1, 1
3399849, 0, 0
3399852, 1, 1
3399974, 0, 1
3399977, 1, 1
3400099, 0, 0
3400102, 1, 1
3400224, 0, 0
3400227, 1, 1
3400349, 0, 1
3400352, 1, 1
3400474, 0, 1
3400477, 1, 1
3400599, 0, 0
3400602, 1, 1
3400724, 0, 1
3400727, 1, 1
3400849, 0, 0
3400852, 1, 1
3400974, 0, 0
3400977, 1, 1
3401099, 0, 1
3401102, 1, 1
3401224, 0, 1
3401227, 1, 0
3401349, 0, 0
3401352, 1, 0
3401474, 0, bit 0
3401474, 0, 1
3401477, 1, 0
3401600, 0, 0
3401602, 1, 0
3401725, 0, 1
3401728, 1, 0
3401850, 0, 0
3401853, 1, 0
3401975, 0, 0
3401978, 1, 0
3402100, 0, 1
3402103, 1, 0
3402225, 0, 1
3402228, 1, 0
3402350, 0, 0
3402353, 1, 0
3402475, 0, 1
3402478, 1, 0
3402600, 0, 0
3402603, 1, 0
3402725, 0, 0
3402728, 1, 0
3402850, 0, 1
3402853, 1, 0
3402975, 0, 1
3402978, 1, 0
3403100, 0, 0
3403103, 1, 0
3403225, 0, bit 0
3403225, 0, 1
3403228, 1, prem 1
3403228, 1, 1
3403350, 0, 0
3403353, 1, 1
3403475, 0, 1
3403478, 1, 1
3403600, 0, 0
3403603, 1, 1
3403725, 0, 0
3403728, 1, 1
3403850, 0, 1
3403853, 1, 1
3403975, 0, 1
3403978, 1, 1
3404100, 0, 0
3404103, 1, 1
3404225, 0, 1
3404228, 1, 1
3404350, 0, 0
3404353, 1, 1
3404475, 0, 0
3404478, 1, 1
3404600, 0, 1
3404603, 1, 1
3404725, 0, 1
3404728, 1, 1
3404850, 0, 0
3404853, 1, 1
3404975, 0, bit 1
3404975, 0, 0
3404978, 1, 1
3405100, 0, 1
3405103, 1, 1
3405225, 0, 0
3405228, 1, 0
3405350, 0, 1
3405353, 1, 0
3405475, 0, 1
3405478, 1, 0
3405600, 0, 0
3405603, 1, 0
3405725, 0, 0
3405728, 1, 0
3405850, 0, 1
3405853, 1, 0
3405975, 0, 0
3405978, 1, 0
3406100, 0, 1
3406103, 1, 0
3406225, 0, 1
3406228, 1, 0
3406350, 0, 0
3406353, 1, 0
3406475, 0, 0
3406478, 1, 0
3406600, 0, 1
3406603, 1, 0
3406725, 0, bit 0
3406725, 0, 1
3406728, 1, 0
3406850, 0, 0
3406853, 1, 0
3406976, 0, 1
3406978, 1, 0
3407101, 0, 0
3407104, 1, 0
3407226, 0, 0
3407229, 1, prem 0
3407229, 1, 0
3407351, 0, 1
3407354, 1, 0
3407476, 0, 1
3407479, 1, 0
3407601, 0, 0
3407604, 1, 0
3407726, 0, 1
3407729, 1, 0
3407851, 0, 0
3407854, 1, 0
3407976, 0, 0
3407979, 1, 0
3408101, 0, 1
3408104, 1, 0
3408226, 0, 1
3408229, 1, 0
3408351, 0, 0
3408354, 1, 0
3408476, 0, bit 0
3408476, 0, 1
3408479, 1, 0
3408601, 0, 0
3408604, 1, 0
3408726, 0, 1
3408729, 1, 0
3408851, 0, 0
3408854, 1, 0
3408976, 0, 0
3408979, 1, 0
3409101, 0, 1
3409104, 1, 0
3409226, 0, 1
3409229, 1, 1
3409351, 0, 0
3409354, 1, 1
3409476, 0, 1
3409479, 1, 1
3409601, 0, 0
3409604, 1, 1
3409726, 0, 0
3409729, 1, 1
3409851, 0, 1
3409854, 1, 1
3409976, 0, 1
3409979, 1, 1
3410101, 0, 0
3410104, 1, 1
3410226, 0, bit 0
3410226, 0, 1
3410229, 1, 1
3410351, 0, 0
3410354, 1, 1
3410476, 0, 1
3410479, 1, 1
3410601, 0, 0
3410604, 1, 1
3410726, 0, 0
3410729, 1, 1
3410851, 0, 1
3410854, 1, 1
3410976, 0, 1
3410979, 1, 1
3411101, 0, 0
3411104, 1, 1
3411226, 0, 1
3411229, 1, prem 0
3411229, 1, 0
3411351, 0, 0
3411354, 1, 0
3411476, 0, 0
3411479, 1, 0
3411601, 0, 1
3411604, 1, 0
3411726, 0, 1
3411729, 1, 0
3411851, 0, 0
3411854, 1, 0
3411976, 0, bit 1
3411976, 0, 0
3411979, 1, 0
3412101, 0, 1
3412104, 1, 0
3412226, 0, 0
3412229, 1, 0
3412352, 0, 1
3412354, 1, 0
3412477, 0, 1
3412480, 1, 0
3412602, 0, 0
3412605, 1, 0
3412727, 0, 0
3412730, 1, 0
3412852, 0, 1
3412855, 1, 0
3412977, 0, 0
3412980, 1, 0
3413102, 0, 1
3413105, 1, 0
3413227, 0, 1
3413230, 1, 1
3413352, 0, 0
3413355, 1, 1
3413477, 0, 0
3413480, 1, 1
3413602, 0, 1
3413605, 1, 1
3413727, 0, bit 0
3413727, 0, 1
3413730, 1, 1
3413852, 0, 0
3413855, 1, 1
3413977, 0, 1
3413980, 1, 1
3414102, 0, 0
3414105, 1, 1
3414227, 0, 0
3414230, 1, 1
3414352, 0, 1
3414355, 1, 1
3414477, 0, 1
3414480, 1, 1
3414602, 0, 0
3414605, 1, 1
3414727, 0, 1
3414730, 1, 1
3414852, 0, 0
3414855, 1, 1
3414977, 0, 0
3414980, 1, 1
3415102, 0, 1
3415105, 1, 1
3415227, 0, 1
3415230, 1, bit 1
3415230, 1, 0
3415352, 0, 0
3415355, 1, 1
3415477, 0, bit 0
3415477, 0, 1
3415480, 1, 1
3415602, 0, 0
3415605, 1, 0
3415727, 0, 1
3415730, 1, 1
3415852, 0, 0
3415855, 1, 0
3415977, 0, 0
3415980, 1, 1
3416102, 0, 1
3416105, 1, 0
3416227, 0, 1
3416230, 1, 1
3416352, 0, 0
3416355, 1, 0
3416477, 0, 1
3416480, 1, 0
3416602, 0, 0
3416605, 1, 1
3416727, 0, 0
3416730, 1, 0
3416852, 0, 1
3416855, 1, 1
3416977, 0, 1
3416980, 1, bit 0
3416980, 1, 1
3417102, 0, 0
3417105, 1, 0
3417227, 0, bit 1
3417227, 0, 0
3417230, 1, 0
3417352, 0, 1
3417355, 1, 1
3417477, 0, 0
3417480, 1, 0
3417602, 0, 1
3417605, 1, 1
3417608, 2, prem 1
3417608, 2, 1
3417728, 0, 1
3417730, 1, 0
3417733, 2, 1
3417853, 0, 0
3417856, 1, 1
3417858, 2, 1
3417978, 0, 0
3417981, 1, 0
3417984, 2, 1
3418103, 0, 1
3418106, 1, 1
3418109, 2, 1
3418228, 0, 0
3418231, 1, 1
3418234, 2, 1
3418353, 0, 1
3418356, 1, 0
3418359, 2, 1
3418478, 0, 1
3418481, 1, 1
3418484, 2, 1
3418603, 0, 0
3418606, 1, 0
3418609, 2, 1
3418728, 0, 0
3418731, 1, bit 1
3418731, 1, 0
3418734, 2, 1
3418853, 0, 1
3418856, 1, 1
3418859, 2, 1
3418978, 0, bit 1
3418978, 0, 0
3418981, 1, 1
3418984, 2, 1
3419103, 0, 1
3419106, 1, 0
3419109, 2, 1
3419228, 0, 0
3419231, 1, 1
3419234, 2, 1
3419353, 0, 1
3419356, 1, 0
3419359, 2, 1
3419478, 0, 1
3419481, 1, 1
3419484, 2, 1
3419603, 0, 0
3419606, 1, 0
3419609, 2, 0
3419728, 0, 0
3419731, 1, 1
3419734, 2, 0
3419853, 0, 1
3419856, 1, 0
3419859, 2, 0
3419978, 0, 0
3419981, 1, 0
3419984, 2, 0
3420103, 0, 1
3420106, 1, 1
3420109, 2, 0
3420228, 0, 1
3420231, 1, 0
3420234, 2, 0
3420353, 0, 0
3420356, 1, 1
3420359, 2, 0
3420478, 0, 0
3420481, 1, bit 1
3420481, 1, 0
3420484, 2, 0
3420603, 0, 1
3420606, 1, 1
3420609, 2, 0
3420728, 0, bit 1
3420728, 0, 0
3420731, 1, 1
3420734, 2, 0
3420853, 0, 1
3420856, 1, 0
3420859, 2, 0
3420978, 0, 0
3420981, 1, 1
3420984, 2, 0
3421103, 0, 1
3421106, 1, 0
3421109, 2, 0
3421228, 0, 1
3421231, 1, 1
3421234, 2, 0
3421353, 0, 0
3421356, 1, 0
3421359, 2, 0
3421478, 0, 0
3421481, 1, 1
3421484, 2, 0
3421603, 0, 1
3421606, 1, 0
3421609, 2, prem 1
3421609, 2, 1
3421728, 0, 0
3421731, 1, 0
3421734, 2, 1
3421853, 0, 1
3421856, 1, 1
3421859, 2, 1
3421978, 0, 1
3421981, 1, 0
3421984, 2, 1
3422103, 0, 0
3422106, 1, 1
3422109, 2, 1
3422228, 0, 0
3422231, 1, bit 0
3422231, 1, 1
3422234, 2, 1
3422353, 0, 1
3422356, 1, 0
3422359, 2, 1
3422478, 0, bit 0
3422478, 0, 1
3422481, 1, 0
3422484, 2, 1
3422603, 0, 0
3422606, 1, 1
3422609, 2, 1
3422728, 0, 1
3422731, 1, 0
3422734, 2, 1
3422853, 0, 0
3422856, 1, 1
3422859, 2, 1
3422978, 0, 0
3422981, 1, 0
3422984, 2, 1
3423104, 0, 1
3423106, 1, 1
3423109, 2, 1
3423229, 0, 1
3423232, 1, 0
3423235, 2, 1
3423354, 0, 0
3423357, 1, 1
3423360, 2, 1
3423479, 0, 1
3423482, 1, 1
3423485, 2, 1
3423604, 0, 0
3423607, 1, 0
3423610, 2, 0
3423729, 0, 0
3423732, 1, 1
3423735, 2, 0
3423854, 0, 1
3423857, 1, 0
3423860, 2, 0
3423979, 0, 1
3423982, 1, bit 1
3423982, 1, 0
3423985, 2, 0
3424104, 0, 0
3424107, 1, 1
3424110, 2, 0
3424229, 0, bit 0
3424229, 0, 1
3424232, 1, 1
3424235, 2, 0
3424354, 0, 0
3424357, 1, 0
3424360, 2, 0
3424479, 0, 1
3424482, 1, 1
3424485, 2, 0
3424604, 0, 0
3424607, 1, 0
3424610, 2, 0
3424729, 0, 0
3424732, 1, 1
3424735, 2, 0
3424854, 0, 1
3424857, 1, 0
3424860, 2, 0
3424979, 0, 1
3424982, 1, 1
3424985, 2, 0
3425104, 0, 0
3425107, 1, 0
3425110, 2, 0
3425229, 0, 1
3425232, 1, 0
3425235, 2, 0
3425354, 0, 0
3425357, 1, 1
3425360, 2, 0
3425479, 0, 0
3425482, 1, 0
3425485, 2, 0
3425604, 0, 1
3425607, 1, 1
3425610, 2, prem 0
3425610, 2, 0
3425729, 0, 1
3425732, 1, bit 1
3425732, 1, 0
3425735, 2, 0
3425854, 0, 0
3425857, 1, 1
3425860, 2, 0
3425979, 0, bit 1
3425979, 0, 0
3425982, 1, 1
3425985, 2, 0
3426104, 0, 1
3426107, 1, 0
3426110, 2, 0
3426229, 0, 0
3426232, 1, 1
3426235, 2, 0
3426354, 0, 1
3426357, 1, 0
3426360, 2, 0
3426479, 0, 1
3426482, 1, 1
3426485, 2, 0
3426604, 0, 0
3426607, 1, 0
3426610, 2, 0
3426729, 0, 0
3426732, 1, 1
3426735, 2, 0
3426854, 0, 1
3426857, 1, 0
3426860, 2, 0
3426979, 0, 0
3426982, 1, 0
3426985, 2, 0
3427104, 0, 1
3427107, 1, 1
3427110, 2, 0
3427229, 0, 1
3427232, 1, 0
3427235, 2, 0
3427354, 0, 0
3427357, 1, 1
3427360, 2, 0
3427479, 0, 0
3427482, 1, bit 1
3427482, 1, 0
3427485, 2, 0
3427604, 0, 1
3427607, 1, 1
3427610, 2, 1
3427729, 0, bit 1
3427729, 0, 0
3427732, 1, 1
3427735, 2, 1
3427854, 0, 1
3427857, 1, 0
3427860, 2, 1
3427979, 0, 0
3427982, 1, 1
3427985, 2, 1
3428104, 0, 1
3428107, 1, 0
3428110, 2, 1
3428229, 0, 1
3428232, 1, 1
3428235, 2, 1
3428354, 0, 0
3428357, 1, 0
3428360, 2, 1
3428480, 0, 0
3428482, 1, 1
3428485, 2, 1
3428605, 0, 1
3428609, 1, 0
3428610, 2, 1
3428730, 0, 0
3428734, 1, 0
3428736, 2, 1
3428855, 0, 1
3428859, 1, 1
3428861, 2, 1
3428980, 0, 1
3428984, 1, 0
3428986, 2, 1
3429105, 0, 0
3429109, 1, 1
3429111, 2, 1
3429230, 0, 0
3429234, 1, bit 0
3429234, 1, 1
3429236, 2, 1
3429355, 0, 1
3429359, 1, 0
3429361, 2, 1
3429480, 0, bit 1
3429480, 0, 0
3429484, 1, 0
3429486, 2, 1
3429605, 0, 1
3429609, 1, 1
3429611, 2, prem 0
3429611, 2, 0
3429730, 0, 0
3429734, 1, 0
3429736, 2, 0
3429855, 0, 1
3429871, 1, 1
3429871, 2, 0
3429980, 0, 1
3429996, 1, 0
3429996, 2, 0
3430105, 0, 0
3430121, 1, 1
3430121, 2, 0
3430230, 0, 0
3430246, 1, 0
3430246, 2, 0
3430355, 0, 1
3430371, 2, 0
3430371, 1, 1
3430480, 0, 0
3430496, 1, 1
3430496, 2, 0
3430605, 0, 1
3430621, 1, 0
3430621, 2, 0
3430730, 0, 1
3430746, 2, 0
3430746, 1, 1
3430855, 0, 0
3430871, 1, 0
3430871, 2, 0
3430980, 0, 0
3430996, 2, 0
3430996, 1, bit 1
3430998, 1, 0
3431105, 0, 1
3431121, 1, 1
3431121, 2, 0
3431230, 0, bit 0
3431233, 0, 1
3431246, 2, 0
3431246, 1, 1
3431355, 0, 0
3431371, 1, 0
3431371, 2, 0
3431480, 0, 1
3431496, 1, 1
3431496, 2, 0
3431605, 0, 0
3431621, 2, 1
3431621, 1, 0
3431730, 0, 0
3431746, 2, 1
3431746, 1, 1
3431855, 0, 1
3431871, 2, 1
3431871, 1, 0
3431980, 0, 1
3431996, 2, 1
3431996, 1, 1
3432105, 0, 0
3432121, 1, 0
3432121, 2, 1
3432230, 0, 1
3432246, 2, 1
3432246, 1, 0
3432355, 0, 0
3432371, 1, 1
3432371, 2, 1
3432480, 0, 0
3432496, 1, 0
3432496, 2, 1
3432605, 0, 1
3432621, 1, 1
3432621, 2, 1
3432730, 0, 1
3432747, 1, bit 0
3432747, 1, 1
3432748, 2, 1
3432855, 0, 0
3432872, 1, 0
3432873, 2, 1
3432980, 0, bit 1
3432980, 0, 0
3432997, 1, 0
3432998, 2, 1
3433105, 0, 1
3433122, 1, 1
3433123, 2, 1
3433230, 0, 0
3433247, 1, 0
3433248, 2, 1
3433355, 0, 1
3433372, 1, 1
3433373, 2, 1
3433480, 0, 1
3433497, 1, 0
3433498, 2, 1
3433605, 0, 0
3433622, 1, 1
3433623, 2, prem 0
3433623, 2, 0
3433730, 0, 0
3433747, 1, 0
3433748, 2, 0
3433856, 0, 1
3433872, 1, 1
3433873, 2, 0
3433981, 0, 0
3433997, 1, 1
3433998, 2, 0
3434106, 0, 1
3434122, 1, 0
3434123, 2, 0
3434231, 0, 1
3434247, 1, 1
3434248, 2, 0
3434356, 0, 0
3434372, 1, 0
3434373, 2, 0
3434481, 0, 0
3434497, 1, bit 1
3434497, 1, 0
3434498, 2, 0
3434606, 0, 1
3434622, 1, 1
3434624, 2, 0
3434731, 0, bit 0
3434731, 0, 1
3434747, 1, 1
3434749, 2, 0
3434856, 0, 0
3434872, 1, 0
3434874, 2, 0
3434981, 0, 1
3434997, 1, 1
3434999, 2, 0
3435106, 0, 0
3435122, 1, 0
3435124, 2, 0
3435231, 0, 0
3435247, 1, 1
3435249, 2, 0
3435356, 0, 1
3435372, 1, 0
3435374, 2, 0
3435481, 0, 1
3435497, 1, 1
3435499, 2, 0
3435606, 0, 0
3435622, 1, 0
3435624, 2, 1
3435731, 0, 1
3435747, 1, 0
3435749, 2, 1
3435856, 0, 0
3435872, 1, 1
3435874, 2, 1
3435981, 0, 0
3435997, 1, 0
3435999, 2, 1
3436106, 0, 1
3436122, 1, 1
3436124, 2, 1
3436231, 0, 1
3436247, 1, bit 0
3436247, 1, 1
3436249, 2, 1
3436356, 0, 0
3436372, 1, 0
3436374, 2, 1
3436481, 0, bit 0
3436481, 0, 1
3436497, 1, 0
3436499, 2, 1
3436606, 0, 0
3436622, 1, 1
3436624, 2, 1
3436731, 0, 1
3436747, 1, 0
3436749, 2, 1
3436856, 0, 0
3436872, 1, 1
3436874, 2, 1
3436981, 0, 0
3436997, 1, 0
3436999, 2, 1
3437106, 0, 1
3437122, 1, 1
3437124, 2, 1
3437231, 0, 1
3437247, 1, 0
3437249, 2, 1
3437356, 0, 0
3437372, 1, 1
3437374, 2, 1
3437481, 0, 1
3437497, 1, 1
3437499, 2, 1
3437606, 0, 0
3437622, 1, 0
3437624, 2, prem 0
3437624, 2, 0
3437731, 0, 0
3437747, 1, 1
3437749, 2, 0
3437856, 0, 1
3437872, 1, 0
3437874, 2, 0
3437981, 0, 1
3437997, 1, bit 1
3437997, 1, 0
3437999, 2, 0
3438106, 0, 0
3438123, 1, 1
3438124, 2, 0
3438231, 0, bit 1
3438231, 0, 0
3438248, 1, 1
3438249, 2, 0
3438356, 0, 1
3438373, 1, 0
3438374, 2, 0
3438481, 0, 0
3438498, 1, 1
3438499, 2, 0
3438606, 0, 1
3438623, 1, 0
3438624, 2, 0
3438731, 0, 1
3438748, 1, 1
3438749, 2, 0
3438856, 0, 0
3438873, 1, 0
3438874, 2, 0
3438981, 0, 0
3438998, 1, 1
3438999, 2, 0
3439106, 0, 1
3439123, 1, 0
3439124, 2, 0
3439232, 0, 0
3439248, 1, 0
3439249, 2, 0
3439357, 0, 1
3439373, 1, 1
3439374, 2, 0
3439482, 0, 1
3439498, 1, 0
3439499, 2, 0
3439607, 0, 0
3439623, 1, 1
3439624, 2, 1
3439732, 0, 0
3439748, 1, bit 0
3439748, 1, 1
3439749, 2, 1
3439857, 0, 1
3439873, 1, 0
3439874, 2, 1
3439982, 0, bit 0
3439982, 0, 1
3439998, 1, 0
3440000, 2, 1
3440107, 0, 0
3440123, 1, 1
3440125, 2, 1
3440232, 0, 1
3440248, 1, 0
3440250, 2, 1
3440357, 0, 0
3440373, 1, 1
3440375, 2, 1
3440482, 0, 0
3440498, 1, 0
3440500, 2, 1
3440607, 0, 1
3440623, 1, 1
3440625, 2, 1
3440732, 0, 1
3440748, 1, 0
3440750, 2, 1
3440857, 0, 0
3440873, 1, 1
3440875, 2, 1
3440982, 0, 1
3440998, 1, 1
3441000, 2, 1
3441107, 0, 0
3441123, 1, 0
3441125, 2, 1
3441232, 0, 0
3441248, 1, 1
3441250, 2, 1
3441357, 0, 1
3441373, 1, 0
3441375, 2, 1
3441482, 0, 1
3441498, 1, bit 0
3441498, 1, 1
3441500, 2, 1
3441607, 0, 0
3441623, 1, 0
3441625, 2, prem 0
3441625, 2, 0
3441732, 0, bit 0
3441732, 0, 1
3441748, 1, 0
3441750, 2, 0
3441857, 0, 0
3441873, 1, 1
3441875, 2, 0
3441982, 0, 1
3441998, 1, 0
3442000, 2, 0
3442107, 0, 0
3442123, 1, 1
3442125, 2, 0
3442232, 0, 0
3442248, 1, 0
3442250, 2, 0
3442357, 0, 1
3442373, 1, 1
3442375, 2, 0
3442482, 0, 1
3442498, 1, 0
3442500, 2, 0
3442607, 0, 0
3442623, 1, 1
3442625, 2, 0
3442732, 0, 1
3442748, 1, 1
3442750, 2, 0
3442857, 0, 0
3442873, 1, 0
3442875, 2, 0
3442982, 0, 0
3442998, 1, 1
3443000, 2, 0
3443107, 0, 1
3443123, 1, 0
3443125, 2, 0
3443232, 0, 1
3443248, 1, bit 1
3443248, 1, 0
3443250, 2, 0
3443357, 0, 0
3443373, 1, 1
3443375, 2, 0
3443482, 0, bit 0
3443482, 0, 1
3443499, 1, 1
3443500, 2, 0
3443607, 0, 0
3443624, 1, 0
3443625, 2, 1
3443732, 0, 1
3443749, 1, 1
3443750, 2, 1
3443857, 0, 0
3443874, 1, 0
3443875, 2, 1
3443982, 0, 0
3443999, 1, 1
3444000, 2, 1
3444107, 0, 1
3444124, 1, 0
3444125, 2, 1
3444232, 0, 1
3444249, 1, 1
3444250, 2, 1
3444357, 0, 0
3444374, 1, 0
3444375, 2, 1
3444482, 0, 1
3444499, 1, 0
3444500, 2, 1
3444608, 0, 0
3444624, 1, 1
3444625, 2, 1
3444733, 0, 0
3444749, 1, 0
3444750, 2, 1
3444858, 0, 1
3444874, 1, 1
3444875, 2, 1
3444983, 0, 1
3444999, 1, bit 1
3444999, 1, 0
3445000, 2, 1
3445108, 0, 0
3445124, 1, 1
3445125, 2, 1
3445233, 0, bit 1
3445233, 0, 0
3445249, 1, 1
3445250, 2, 1
3445358, 0, 1
3445374, 1, 0
3445376, 2, 1
3445483, 0, 0
3445499, 1, 1
3445501, 2, 1
3445608, 0, 1
3445624, 1, 0
3445626, 2, bit 1
3445626, 2, 1
3445733, 0, 1
3445749, 1, 1
3445752, 2, 0
3445858, 0, 0
3445874, 1, 0
3445877, 2, 1
3445983, 0, 0
3445999, 1, 1
3446002, 2, 0
3446108, 0, 1
3446124, 1, 0
3446127, 2, 0
3446233, 0, 0
3446249, 1, 0
3446252, 2, 1
3446358, 0, 1
3446374, 1, 1
3446377, 2, 0
3446483, 0, 1
3446499, 1, 0
3446502, 2, 1
3446608, 0, 0
3446624, 1, 1
3446627, 2, 0
3446733, 0, 0
3446749, 1, bit 0
3446749, 1, 1
3446752, 2, 1
3446858, 0, 1
3446874, 1, 0
3446877, 2, 0
3446983, 0, bit 1
3446983, 0, 0
3446999, 1, 0
3447002, 2, 1
3447108, 0, 1
3447124, 1, 1
3447127, 2, 0
3447233, 0, 0
3447249, 1, 0
3447252, 2, 1
3447358, 0, 1
3447374, 1, 1
3447377, 2, bit 1
3447377, 2, 1
3447483, 0, 1
3447499, 1, 0
3447502, 2, 0
3447608, 0, 0
3447624, 1, 1
3447627, 2, 1
3447733, 0, 0
3447749, 1, 0
3447752, 2, 0
3447858, 0, 1
3447874, 1, 1
3447877, 2, 0
3447983, 0, 0
3447999, 1, 1
3448002, 2, 1
3448108, 0, 1
3448124, 1, 0
3448127, 2, 0
3448233, 0, 1
3448249, 1, 1
3448252, 2, 1
3448358, 0, 0
3448374, 1, 0
3448377, 2, 0
3448483, 0, 0
3448499, 1, bit 1
3448499, 1, 0
3448502, 2, 1
3448608, 0, 1
3448624, 1, 1
3448627, 2, 0
3448733, 0, bit 1
3448733, 0, 0
3448749, 1, 1
3448752, 2, 1
3448858, 0, 1
3448875, 1, 0
3448877, 2, 0
3448983, 0, 0
3449000, 1, 1
3449003, 2, 1
3449108, 0, 1
3449125, 1, 0
3449128, 2, bit 0
3449128, 2, 0
3449233, 0, 1
3449250, 1, 1
3449253, 2, 1
3449358, 0, 0
3449375, 1, 0
3449378, 2, 0
3449483, 0, 0
3449500, 1, 1
3449503, 2, 1
3449608, 0, 1
3449625, 1, 0
3449628, 2, 1
3449733, 0, 0
3449750, 1, 0
3449753, 2, 0
3449858, 0, 1
3449875, 1, 1
3449878, 2, 1
3449984, 0, 1
3450000, 1, 0
3450003, 2, 0
3450109, 0, 0
3450125, 1, 1
3450128, 2, 1
3450234, 0, 0
3450250, 1, bit 1
3450250, 1, 0
3450253, 2, 0
3450359, 0, 1
3450375, 1, 1
3450378, 2, 1
3450484, 0, bit 1
3450484, 0, 0
3450500, 1, 1
3450503, 2, 0
3450609, 0, 1
3450625, 1, 0
3450628, 2, 1
3450734, 0, 0
3450750, 1, 1
3450753, 2, 0
3450859, 0, 1
3450875, 1, 0
3450878, 2, bit 1
3450878, 2, 1
3450984, 0, 1
3451000, 1, 1
3451003, 2, 0
3451109, 0, 0
3451125, 1, 0
3451128, 2, 1
3451234, 0, 0
3451250, 1, 1
3451253, 2, 0
3451359, 0, 1
3451375, 1, 0
3451378, 2, 0
3451484, 0, 0
3451500, 1, 0
3451503, 2, 1
3451609, 0, 1
3451625, 1, 1
3451628, 2, 0
3451734, 0, 1
3451750, 1, 0
3451753, 2, 1
3451859, 0, 0
3451875, 1, 1
3451878, 2, 0
3451984, 0, 0
3452000, 1, bit 1
3452000, 1, 0
3452003, 2, 1
3452109, 0, 1
3452125, 1, 1
3452128, 2, 0
3452234, 0, bit 1
3452234, 0, 0
3452250, 1, 1
3452253, 2, 1
3452359, 0, 1
3452375, 1, 0
3452378, 2, 0
3452484, 0, 0
3452500, 1, 1
3452503, 2, 1
3452609, 0, 1
3452625, 1, 0
3452628, 2, bit 0
3452628, 2, 0
3452734, 0, 1
3452750, 1, 1
3452753, 2, 1
3452859, 0, 0
3452875, 1, 0
3452878, 2, 0
3452984, 0, 0
3453000, 1, 1
3453003, 2, 1
3453109, 0, 1
3453125, 1, 0
3453128, 2, 1
3453234, 0, 0
3453250, 1, 0
3453253, 2, 0
3453359, 0, 1
3453375, 1, 1
3453378, 2, 1
3453484, 0, 1
3453500, 1, 0
3453503, 2, 0
3453609, 0, 0
3453625, 1, 1
3453628, 2, 1
3453734, 0, 0
3453750, 1, bit 0
3453750, 1, 1
3453753, 2, 0
3453859, 0, 1
3453875, 1, 0
3453878, 2, 1
3453984, 0, bit 1
3453984, 0, 0
3454000, 1, 0
3454003, 2, 0
3454109, 0, 1
3454125, 1, 1
3454128, 2, 1
3454234, 0, 0
3454251, 1, 0
3454253, 2, 0
3454359, 0, 1
3454376, 1, 1
3454379, 2, bit 0
3454379, 2, 0
3454484, 0, 1
3454501, 1, 0
3454504, 2, 1
3454609, 0, 0
3454626, 1, 1
3454629, 2, 0
3454734, 0, 0
3454751, 1, 0
3454754, 2, 1
3454859, 0, 1
3454876, 1, 1
3454879, 2, 1
3454984, 0, 0
3455001, 1, 1
3455004, 2, 0
3455109, 0, 1
3455126, 1, 0
3455129, 2, 1
3455234, 0, 1
3455251, 1, 1
3455254, 2, 0
3455360, 0, 0
3455376, 1, 0
3455379, 2, 1
3455485, 0, 0
3455501, 1, bit 0
3455501, 1, 1
3455504, 2, 0
3455610, 0, 1
3455626, 1, 0
3455629, 2, 1
3455735, 0, bit 1
3455735, 0, 0
3455751, 1, 0
3455754, 2, 0
3455860, 0, 1
3455876, 1, 1
3455879, 2, 1
3455985, 0, 0
3456001, 1, 0
3456004, 2, 0
3456110, 0, 1
3456126, 1, 1
3456129, 2, bit 1
3456129, 2, 1
3456235, 0, 1
3456251, 1, 0
3456254, 2, 0
3456360, 0, 0
3456376, 1, 1
3456379, 2, 1
3456485, 0, 0
3456501, 1, 0
3456504, 2, 0
3456610, 0, 1
3456626, 1, 1
3456629, 2, 0
3456735, 0, 0
3456751, 1, 1
3456754, 2, 1
3456860, 0, 1
3456876, 1, 0
3456879, 2, 0
3456985, 0, 1
3457001, 1, 1
3457004, 2, 1
3457110, 0, 0
3457126, 1, 0
3457129, 2, 0
3457235, 0, 0
3457251, 1, bit 1
3457251, 1, 0
3457254, 2, 1
3457360, 0, 1
3457376, 1, 1
3457379, 2, 0
3457485, 0, bit 0
3457485, 0, 1
3457501, 1, 1
3457504, 2, 1
3457610, 0, 0
3457626, 1, 0
3457629, 2, 0
3457735, 0, 1
3457751, 1, 1
3457754, 2, 1
3457860, 0, 0
3457876, 1, 0
3457879, 2, bit 0
3457879, 2, 0
3457985, 0, 0
3458001, 1, 1
3458004, 2, 1
3458110, 0, 1
3458126, 1, 0
3458129, 2, 0
3458235, 0, 1
3458251, 1, 1
3458254, 2, 1
3458360, 0, 0
3458376, 1, 0
3458379, 2, 1
3458485, 0, 1
3458501, 1, 0
3458504, 2, 0
3458610, 0, 0
3458626, 1, 1
3458629, 2, 1
3458735, 0, 0
3458751, 1, 0
3458754, 2, 0
3458860, 0, 1
3458876, 1, 1
3458879, 2, 1
3458985, 0, 1
3459001, 1, bit 1
3459001, 1, 0
3459004, 2, 0
3459110, 0, 0
3459126, 1, 1
3459129, 2, 1
3459235, 0, bit 1
3459235, 0, 0
3459251, 1, 1
3459254, 2, 0
3459360, 0, 1
3459376, 1, 0
3459379, 2, 1
3459485, 0, 0
3459501, 1, 1
3459504, 2, 0
3459610, 0, 1
3459627, 1, 0
3459629, 2, bit 0
3459629, 2, 0
3459735, 0, 1
3459752, 1, 1
3459755, 2, 1
3459860, 0, 0
3459877, 1, 0
3459880, 2, 0
3459985, 0, 0
3460002, 1, 1
3460005, 2, 1
3460110, 0, 1
3460127, 1, 0
3460130, 2, 1
3460235, 0, 0
3460252, 1, 0
3460255, 2, 0
3460360, 0, 1
3460377, 1, 1
3460380, 2, 1
3460485, 0, 1
3460502, 1, 0
3460505, 2, 0
3460610, 0, 0
3460627, 1, 1
3460630, 2, 1
3460736, 0, 0
3460752, 1, bit 0
3460752, 1, 1
3460755, 2, 0
3460861, 0, 1
3460877, 1, 0
3460880, 2, 1
3460986, 0, bit 1
3460986, 0, 0
3461002, 1, 0
3461005, 2, 0
3461111, 0, 1
3461127, 1, 1
3461130, 2, 1
3461236, 0, 0
3461252, 1, 0
3461255, 2, 0
3461361, 0, 1
3461377, 1, 1
3461380, 2, bit 1
3461383, 2, 1
3461486, 0, 1
3461502, 1, 0
3461505, 2, 0
3461611, 0, 0
3461627, 1, 1
3461630, 2, 1
3461736, 0, 0
3461752, 1, 0
3461755, 2, 0
3461861, 0, 1
3461877, 1, 1
3461880, 2, 0
3461986, 0, 0
3462002, 1, 1
3462005, 2, 1
3462111, 0, 1
3462127, 1, 0
3462130, 2, 0
3462236, 0, 1
3462252, 1, 1
3462255, 2, 1
3462361, 0, 0
3462377, 1, 0
3462380, 2, 0
3462486, 0, 0
3462502, 1, bit 1
3462502, 1, 0
3462505, 2, 1
3462611, 0, 1
3462627, 1, 1
3462630, 2, 0
3462736, 0, bit 1
3462736, 0, 0
3462752, 1, 1
3462755, 2, 1
3462861, 0, 1
3462877, 1, 0
3462880, 2, 0
3462986, 0, 0
3463002, 1, 1
3463005, 2, 1
3463111, 0, 1
3463127, 1, 0
3463130, 2, bit 0
3463130, 2, 0
3463236, 0, 1
3463252, 1, 1
3463255, 2, 1
3463361, 0, 0
3463377, 1, 0
3463380, 2, 0
3463486, 0, 0
3463502, 1, 1
3463505, 2, 1
3463611, 0, 1
3463627, 1, 0
3463630, 2, 1
3463736, 0, 0
3463752, 1, 0
3463755, 2, 0
3463861, 0, 1
3463877, 1, 1
3463880, 2, 1
3463986, 0, 1
3464002, 1, 0
3464005, 2, 0
3464111, 0, 0
3464127, 1, 1
3464130, 2, 1
3464236, 0, 0
3464252, 1, bit 0
3464252, 1, 1
3464255, 2, 0
3464361, 0, 1
3464377, 1, 0
3464380, 2, 1
3464486, 0, bit 0
3464486, 0, 1
3464502, 1, 0
3464505, 2, 0
3464611, 0, 0
3464627, 1, 1
3464630, 2, 1
3464736, 0, 1
3464752, 1, 0
3464755, 2, 0
3464861, 0, 0
3464877, 1, 1
3464880, 2, bit 0
3464880, 2, 0
3464986, 0, 0
3465003, 1, 0
3465005, 2, 1
3465111, 0, 1
3465128, 1, 1
3465131, 2, 0
3465236, 0, 1
3465253, 1, 0
3465256, 2, 1
3465361, 0, 0
3465378, 1, 1
3465381, 2, 1
3465486, 0, 1
3465503, 1, 1
3465506, 2, 0
3465611, 0, 0
3465628, 1, 0
3465631, 2, 1
3465736, 0, 0
3465753, 1, 1
3465756, 2, 0
3465861, 0, 1
3465878, 1, 0
3465881, 2, 1
3465986, 0, 1
3466003, 1, bit 1
3466003, 1, 0
3466006, 2, 0
3466112, 0, 0
3466128, 1, 1
3466131, 2, 1
3466237, 0, bit 0
3466237, 0, 1
3466253, 1, 1
3466256, 2, 0
3466362, 0, 0
3466378, 1, 0
3466381, 2, 1
3466487, 0, 1
3466503, 1, 1
3466506, 2, 0
3466612, 0, 0
3466628, 1, 0
3466631, 2, bit 1
3466631, 2, 1
3466737, 0, 0
3466753, 1, 1
3466756, 2, 0
3466862, 0, 1
3466878, 1, 0
3466881, 2, 1
3466987, 0, 1
3467003, 1, 1
3467006, 2, 0
3467112, 0, 0
3467128, 1, 0
3467131, 2, 0
3467237, 0, 1
3467253, 1, 0
3467256, 2, 1
3467362, 0, 0
3467378, 1, 1
3467381, 2, 0
3467487, 0, 0
3467503, 1, 0
3467506, 2, 1
3467612, 0, 1
3467628, 1, 1
3467631, 2, 0
3467737, 0, 1
3467753, 1, bit 1
3467753, 1, 0
3467756, 2, 1
3467862, 0, 0
3467878, 1, 1
3467881, 2, 0
3467987, 0, bit 0
3467991, 0, 1
3468003, 1, 1
3468006, 2, 1
3468112, 0, 0
3468128, 1, 0
3468131, 2, 0
3468237, 0, 1
3468253, 1, 1
3468256, 2, 1
3468362, 0, 0
3468378, 1, 0
3468381, 2, bit 0
3468381, 2, 0
3468487, 0, 0
3468503, 1, 1
3468506, 2, 1
3468612, 0, 1
3468628, 1, 0
3468631, 2, 0
3468737, 0, 1
3468753, 1, 1
3468756, 2, 1
3468862, 0, 0
3468878, 1, 0
3468881, 2, 1
3468987, 0, 1
3469003, 1, 0
3469006, 2, 0
3469112, 0, 0
3469128, 1, 1
3469131, 2, 1
3469237, 0, 0
3469253, 1, 0
3469256, 2, 0
3469362, 0, 1
3469378, 1, 1
3469381, 2, 1
3469487, 0, 1
3469503, 1, bit 0
3469503, 1, 1
3469506, 2, 0
3469612, 0, 0
3469628, 1, 0
3469631, 2, 1
3469737, 0, bit 1
3469737, 0, 0
3469753, 1, 0
3469756, 2, 0
3469862, 0, 1
3469878, 1, 1
3469881, 2, 1
3469987, 0, 0
3470003, 1, 0
3470006, 2, 0
3470112, 0, 1
3470128, 1, 1
3470131, 2, bit 1
3470131, 2, 1
3470237, 0, 1
3470253, 1, 0
3470256, 2, 0
3470362, 0, 0
3470379, 1, 1
3470381, 2, 1
3470487, 0, 0
3470504, 1, 0
3470507, 2, 0
3470612, 0, 1
3470629, 1, 1
3470632, 2, 0
3470737, 0, 0
3470754, 1, 1
3470757, 2, 1
3470862, 0, 1
3470879, 1, 0
3470882, 2, 0
3470987, 0, 1
3471004, 1, 1
3471007, 2, 1
3471112, 0, 0
3471129, 1, 0
3471132, 2, 0
3471237, 0, 0
3471254, 1, bit 0
3471254, 1, 1
3471257, 2, 1
3471362, 0, 1
3471379, 1, 0
3471382, 2, 0
3471488, 0, bit 1
3471488, 0, 0
3471504, 1, 0
3471507, 2, 1
3471613, 0, 1
3471629, 1, 1
3471632, 2, 0
3471738, 0, 0
3471754, 1, 0
3471757, 2, 1
3471863, 0, 1
3471879, 1, 1
3471882, 2, bit 0
3471882, 2, 0
3471988, 0, 1
3472004, 1, 0
3472007, 2, 1
3472113, 0, 0
3472129, 1, 1
3472132, 2, 0
3472238, 0, 0
3472254, 1, 0
3472257, 2, 1
3472363, 0, 1
3472379, 1, 1
3472382, 2, 1
3472488, 0, 0
3472504, 1, 1
3472507, 2, 0
3472613, 0, 1
3472629, 1, 0
3472632, 2, 1
3472738, 0, 1
3472754, 1, 1
3472757, 2, 0
3472863, 0, 0
3472879, 1, 0
3472882, 2, 1
3472988, 0, 0
3473004, 1, bit 0
3473004, 1, 1
3473007, 2, 0
3473113, 0, 1
3473129, 1, 0
3473132, 2, 1
3473238, 0, bit 0
3473238, 0, 1
3473254, 1, 0
3473257, 2, 0
3473363, 0, 0
3473379, 1, 1
3473382, 2, 1
3473488, 0, 1
3473504, 1, 0
3473507, 2, 0
3473613, 0, 0
3473629, 1, 1
3473632, 2, bit 0
3473632, 2, 0
3473738, 0, 0
3473754, 1, 0
3473757, 2, 1
3473863, 0, 1
3473879, 1, 1
3473882, 2, 0
3473988, 0, 1
3474004, 1, 0
3474007, 2, 1
3474113, 0, 0
3474129, 1, 1
3474132, 2, 1
3474238, 0, 1
3474254, 1, 1
3474257, 2, 0
3474363, 0, 0
3474379, 1, 0
3474382, 2, 1
3474488, 0, 0
3474504, 1, 1
3474507, 2, 0
3474613, 0, 1
3474629, 1, 0
3474632, 2, 1
3474738, 0, 1
3474754, 1, bit 1
3474754, 1, 0
3474757, 2, 0
3474863, 0, 0
3474879, 1, 1
3474882, 2, 1
3474988, 0, bit 1
3474988, 0, 0
3475004, 1, 1
3475007, 2, 0
3475113, 0, 1
3475129, 1, 0
3475132, 2, 1
3475238, 0, 0
3475254, 1, 1
3475257, 2, 0
3475363, 0, 1
3475379, 1, 0
3475382, 2, bit 1
3475382, 2, 1
3475488, 0, 1
3475504, 1, 1
3475507, 2, 0
3475613, 0, 0
3475629, 1, 0
3475632, 2, 1
3475738, 0, 0
3475755, 1, 1
3475758, 2, 0
3475863, 0, 1
3475880, 1, 0
3475883, 2, 0
3475988, 0, 0
3476005, 1, 0
3476008, 2, 1
3476113, 0, 1
3476130, 1, 1
3476133, 2, 0
3476238, 0, 1
3476255, 1, 0
3476258, 2, 1
3476363, 0, 0
3476380, 1, 1
3476383, 2, 0
3476488, 0, 0
3476505, 1, bit 0
3476505, 1, 1
3476508, 2, 1
3476613, 0, 1
3476630, 1, 0
3476633, 2, 0
3476738, 0, bit 0
3476738, 0, 1
3476755, 1, 0
3476758, 2, 1
3476864, 0, 0
3476880, 1, 1
3476883, 2, 0
3476989, 0, 1
3477005, 1, 0
3477008, 2, 1
3477114, 0, 0
3477130, 1, 1
3477133, 2, bit 1
3477133, 2, 1
3477239, 0, 0
3477255, 1, 0
3477258, 2, 0
3477364, 0, 1
3477380, 1, 1
3477383, 2, 1
3477489, 0, 1
3477505, 1, 0
3477508, 2, 0
3477614, 0, 0
3477630, 1, 1
3477633, 2, 0
3477739, 0, 1
3477755, 1, 1
3477758, 2, 1
3477864, 0, 0
3477880, 1, 0
3477883, 2, 0
3477989, 0, 0
3478005, 1, 1
3478008, 2, 1
3478114, 0, 1
3478130, 1, 0
3478133, 2, 0
3478239, 0, 1
3478255, 1, bit 0
3478255, 1, 1
3478258, 2, 1
3478364, 0, 0
3478380, 1, 0
3478383, 2, 0
3478489, 0, bit 0
3478489, 0, 1
3478505, 1, 0
3478508, 2, 1
3478614, 0, 0
3478630, 1, 1
3478633, 2, 0
3478739, 0, 1
3478755, 1, 0
3478758, 2, 1
3478864, 0, 0
3478880, 1, 1
3478883, 2, bit 1
3478883, 2, 1
3478989, 0, 0
3479005, 1, 0
3479008, 2, 0
3479114, 0, 1
3479130, 1, 1
3479133, 2, 1
3479239, 0, 1
3479255, 1, 0
3479258, 2, 0
3479364, 0, 0
3479380, 1, 1
3479383, 2, 0
3479489, 0, 1
3479505, 1, 1
3479508, 2, 1
3479614, 0, 0
3479630, 1, 0
3479633, 2, 0
3479739, 0, 0
3479755, 1, 1
3479758, 2, 1
3479864, 0, 1
3479880, 1, 0
3479883, 2, 0
3479989, 0, 1
3480005, 1, bit 1
3480005, 1, 0
3480008, 2, 1
3480114, 0, 0
3480130, 1, 1
3480133, 2, 0
3480239, 0, bit 0
3480239, 0, 1
3480255, 1, 1
3480258, 2, 1
3480364, 0, 0
3480380, 1, 0
3480383, 2, 0
3480489, 0, 1
3480505, 1, 1
3480508, 2, 1
3480614, 0, 0
3480630, 1, 0
3480633, 2, bit 1
3480633, 2, 1
3480739, 0, 0
3480755, 1, 1
3480758, 2, 0
3480864, 0, 1
3480880, 1, 0
3480883, 2, 1
3480989, 0, 1
3481005, 1, 1
3481008, 2, 0
3481114, 0, 0
3481131, 1, 0
3481133, 2, 0
3481239, 0, 1
3481256, 1, 0
3481259, 2, 1
3481364, 0, 0
3481381, 1, 1
3481384, 2, 0
3481489, 0, 0
3481506, 1, 0
3481509, 2, 1
3481614, 0, 1
3481631, 1, 1
3481634, 2, 0
3481739, 0, 1
3481756, 1, bit 1
3481756, 1, 0
3481759, 2, 1
3481864, 0, 0
3481881, 1, 1
3481884, 2, 0
3481989, 0, bit 0
3481989, 0, 1
3482006, 1, 1
3482009, 2, 1
3482114, 0, 0
3482131, 1, 0
3482134, 2, 0
3482240, 0, 1
3482256, 1, 1
3482259, 2, 1
3482365, 0, 0
3482381, 1, 0
3482384, 2, bit 1
3482384, 2, 1
3482490, 0, 0
3482506, 1, 1
3482509, 2, 0
3482615, 0, 1
3482631, 1, 0
3482634, 2, 1
3482740, 0, 1
3482756, 1, 1
3482759, 2, 0
3482865, 0, 0
3482881, 1, 0
3482884, 2, 0
3482990, 0, 1
3483006, 1, 0
3483009, 2, 1
3483115, 0, 0
3483131, 1, 1
3483134, 2, 0
3483240, 0, 0
3483256, 1, 0
3483259, 2, 1
3483365, 0, 1
3483381, 1, 1
3483384, 2, 0
3483490, 0, 1
3483506, 1, bit 1
3483506, 1, 0
3483509, 2, 1
3483615, 0, 0
3483631, 1, 1
3483634, 2, 0
3483740, 0, bit 1
3483740, 0, 0
3483756, 1, 1
3483759, 2, 1
3483865, 0, 1
3483881, 1, 0
3483884, 2, 0
3483990, 0, 0
3484006, 1, 1
3484009, 2, 1
3484115, 0, 1
3484131, 1, 0
3484134, 2, bit 0
3484134, 2, 0
3484240, 0, 1
3484256, 1, 1
3484259, 2, 1
3484365, 0, 0
3484381, 1, 0
3484384, 2, 0
3484490, 0, 0
3484506, 1, 1
3484509, 2, 1
3484615, 0, 1
3484631, 1, 0
3484634, 2, 1
3484740, 0, 0
3484756, 1, 0
3484759, 2, 0
3484865, 0, 1
3484881, 1, 1
3484884, 2, 1
3484990, 0, 1
3485006, 1, 0
3485009, 2, 0
3485115, 0, 0
3485131, 1, 1
3485134, 2, 1
3485240, 0, 0
3485256, 1, bit 0
3485256, 1, 1
3485259, 2, 0
3485365, 0, 1
3485381, 1, 0
3485384, 2, 1
3485490, 0, bit 1
3485490, 0, 0
3485506, 1, 0
3485509, 2, 0
3485615, 0, 1
3485631, 1, 1
3485634, 2, 1
3485740, 0, 0
3485756, 1, 0
3485759, 2, 0
3485865, 0, 1
3485881, 1, 1
3485884, 2, bit 0
3485884, 2, 0
3485990, 0, 1
3486006, 1, 0
3486009, 2, 1
3486115, 0, 0
3486131, 1, 1
3486134, 2, 0
3486240, 0, 0
3486256, 1, 0
3486259, 2, 1
3486365, 0, 1
3486381, 1, 1
3486384, 2, 1
3486490, 0, 0
3486507, 1, 1
3486509, 2, 0
3486615, 0, 1
3486632, 1, 0
3486635, 2, 1
3486740, 0, 1
3486757, 1, 1
3486760, 2, 0
3486865, 0, 0
3486882, 1, 0
3486885, 2, 1
3486990, 0, 0
3487007, 1, bit 1
3487007, 1, 0
3487010, 2, 0
3487115, 0, 1
3487132, 1, 1
3487135, 2, 1
3487240, 0, bit 1
3487240, 0, 0
3487257, 1, 1
3487260, 2, 0
3487365, 0, 1
3487382, 1, 0
3487385, 2, 1
3487490, 0, 0
3487507, 1, 1
3487510, 2, 0
3487616, 0, 1
3487632, 1, 0
3487635, 2, bit 1
3487635, 2, 1
3487741, 0, 1
3487757, 1, 1
3487760, 2, 0
3487866, 0, 0
3487882, 1, 0
3487885, 2, 1
3487991, 0, 0
3488007, 1, 1
3488010, 2, 0
3488116, 0, 1
3488132, 1, 0
3488135, 2, 0
3488241, 0, 0
3488257, 1, 0
3488260, 2, 1
3488366, 0, 1
3488382, 1, 1
3488385, 2, 0
3488491, 0, 1
3488507, 1, 0
3488510, 2, 1
3488616, 0, 0
3488632, 1, 1
3488635, 2, 0
3488741, 0, 0
3488757, 1, bit 1
3488757, 1, 0
3488760, 2, 1
3488866, 0, 1
3488882, 1, 1
3488885, 2, 0
3488991, 0, bit 1
3488991, 0, 0
3489007, 1, 1
3489010, 2, 1
3489116, 0, 1
3489132, 1, 0
3489135, 2, 0
3489241, 0, 0
3489257, 1, 1
3489260, 2, 1
3489366, 0, 1
3489382, 1, 0
3489385, 2, bit 0
3489385, 2, 0
3489491, 0, 1
3489507, 1, 1
3489510, 2, 1
3489616, 0, 0
3489632, 1, 0
3489635, 2, 0
3489741, 0, 0
3489757, 1, 1
3489760, 2, 1
3489866, 0, 1
3489882, 1, 0
3489885, 2, 1
3489991, 0, 0
3490007, 1, 0
3490010, 2, 0
3490116, 0, 1
3490132, 1, 1
3490136, 2, 1
3490241, 0, 1
3490257, 1, 0
3490262, 2, 0
3490366, 0, 0
3490382, 1, 1
3490387, 2, 1
3490491, 0, 0
3490507, 1, bit 0
3490507, 1, 1
3490512, 2, 0
3490616, 0, 1
3490632, 1, 0
3490637, 2, 1
3490741, 0, bit 1
3490741, 0, 0
3490757, 1, 0
3490762, 2, 0
3490866, 0, 1
3490882, 1, 1
3490887, 2, 1
3490991, 0, 0
3491007, 1, 0
3491012, 2, 0
3491116, 0, 1
3491132, 1, 1
3491137, 2, bit 1
3491137, 2, 1
3491241, 0, 1
3491257, 1, 0
3491262, 2, 0
3491366, 0, 0
3491382, 1, 1
3491387, 2, 1
3491491, 0, 0
3491507, 1, 0
3491512, 2, 0
3491616, 0, 1
3491632, 1, 1
3491637, 2, 0
3491741, 0, 0
3491757, 1, 1
3491762, 2, 1
3491866, 0, 1
3491883, 1, 0
3491887, 2, 0
3491991, 0, 1
3492008, 1, 1
3492012, 2, 1
3492116, 0, 0
3492133, 1, 0
3492137, 2, 0
3492241, 0, 0
3492258, 1, bit 1
3492258, 1, 0
3492262, 2, 1
3492366, 0, 1
3492383, 1, 1
3492387, 2, 0
3492491, 0, bit 1
3492491, 0, 0
3492508, 1, 1
3492512, 2, 1
3492616, 0, 1
3492633, 1, 0
3492637, 2, 0
3492741, 0, 0
3492758, 1, 1
3492762, 2, 1
3492866, 0, 1
3492883, 1, 0
3492887, 2, bit 0
3492887, 2, 0
3492992, 0, 1
3493008, 1, 1
3493012, 2, 1
3493117, 0, 0
3493133, 1, 0
3493137, 2, 0
3493242, 0, 0
3493258, 1, 1
3493262, 2, 1
3493367, 0, 1
3493383, 1, 0
3493387, 2, 1
3493492, 0, 0
3493508, 1, 0
3493512, 2, 0
3493617, 0, 1
3493633, 1, 1
3493637, 2, 1
3493742, 0, 1
3493758, 1, 0
3493762, 2, 0
3493867, 0, 0
3493883, 1, 1
3493888, 2, 1
3493992, 0, 0
3494008, 1, bit 1
3494008, 1, 0
3494013, 2, 0
3494117, 0, 1
3494133, 1, 1
3494138, 2, 1
3494242, 0, bit 0
3494242, 0, 1
3494258, 1, 1
3494263, 2, 0
3494367, 0, 0
3494383, 1, 0
3494388, 2, 1
3494492, 0, 1
3494508, 1, 1
3494513, 2, 0
3494617, 0, 0
3494633, 1, 0
3494638, 2, bit 0
3494638, 2, 0
3494742, 0, 0
3494758, 1, 1
3494763, 2, 1
3494867, 0, 1
3494883, 1, 0
3494888, 2, 0
3494992, 0, 1
3495008, 1, 1
3495013, 2, 1
3495117, 0, 0
3495133, 1, 0
3495138, 2, 1
3495242, 0, 1
3495258, 1, 0
3495263, 2, 0
3495367, 0, 0
3495383, 1, 1
3495388, 2, 1
3495492, 0, 0
3495508, 1, 0
3495513, 2, 0
3495617, 0, 1
3495633, 1, 1
3495638, 2, 1
3495742, 0, 1
3495758, 1, bit 1
3495758, 1, 0
3495763, 2, 0
3495867, 0, 0
3495883, 1, 1
3495888, 2, 1
3495992, 0, bit 0
3495992, 0, 1
3496008, 1, 1
3496013, 2, 0
3496117, 0, 0
3496133, 1, 0
3496138, 2, 1
3496242, 0, 1
3496258, 1, 1
3496263, 2, 0
3496367, 0, 0
3496383, 1, 0
3496388, 2, bit 1
3496388, 2, 1
3496492, 0, 0
3496508, 1, 1
3496513, 2, 0
3496617, 0, 1
3496633, 1, 0
3496638, 2, 1
3496742, 0, 1
3496758, 1, 1
3496763, 2, 0
3496867, 0, 0
3496883, 1, 0
3496888, 2, 0
3496992, 0, 1
3497008, 1, 0
3497013, 2, 1
3497117, 0, 0
3497133, 1, 1
3497138, 2, 0
3497242, 0, 0
3497259, 1, 0
3497263, 2, 1
3497367, 0, 1
3497384, 1, 1
3497388, 2, 0
3497492, 0, 1
3497509, 1, bit 0
3497509, 1, 1
3497513, 2, 1
3497617, 0, 0
3497634, 1, 0
3497638, 2, 0
3497742, 0, bit 0
3497742, 0, 1
3497759, 1, 0
3497763, 2, 1
3497867, 0, 0
3497884, 1, 1
3497888, 2, 0
3497992, 0, 1
3498009, 1, 0
3498013, 2, 1
3498117, 0, 0
3498134, 1, 1
3498138, 2, bit 0
3498138, 2, 0
3498242, 0, 0
3498259, 1, 0
3498263, 2, 1
3498368, 0, 1
3498384, 1, 1
3498388, 2, 0
3498493, 0, 1
3498509, 1, 0
3498513, 2, 1
3498618, 0, 0
3498634, 1, 1
3498638, 2, 1
3498743, 0, 1
3498759, 1, 1
3498763, 2, 0
3498868, 0, 0
3498884, 1, 0
3498888, 2, 1
3498993, 0, 0
3499009, 1, 1
3499013, 2, 0
3499118, 0, 1
3499134, 1, 0
3499138, 2, 1
3499243, 0, 1
3499259, 1, bit 1
3499259, 1, 0
3499264, 2, 0
3499368, 0, 0
3499384, 1, 1
3499389, 2, 1
3499493, 0, bit 0
3499493, 0, 1
3499509, 1, 1
3499514, 2, 0
3499618, 0, 0
3499634, 1, 0
3499639, 2, 1
3499743, 0, 1
3499759, 1, 1
3499764, 2, 0
3499868, 0, 0
3499884, 1, 0
3499889, 2, bit 0
3499889, 2, 0
3499993, 0, 0
3500009, 1, 1
3500014, 2, 1
3500118, 0, 1
3500134, 1, 0
3500139, 2, 0
3500243, 0, 1
3500259, 1, 1
3500264, 2, 1
3500368, 0, 0
3500384, 1, 0
3500389, 2, 1
3500493, 0, 1
3500509, 1, 0
3500514, 2, 0
3500618, 0, 0
3500634, 1, 1
3500639, 2, 1
3500743, 0, 0
3500759, 1, 0
3500764, 2, 0
3500868, 0, 1
3500884, 1, 1
3500889, 2, 1
3500993, 0, 1
3501009, 1, bit 0
3501009, 1, 1
3501014, 2, 0
3501118, 0, 0
3501134, 1, 0
3501139, 2, 1
3501243, 0, bit 1
3501243, 0, 0
3501259, 1, 0
3501264, 2, 0
3501368, 0, 1
3501384, 1, 1
3501389, 2, 1
3501493, 0, 0
3501509, 1, 0
3501514, 2, 0
3501618, 0, 1
3501634, 1, 1
3501639, 2, bit 0
3501639, 2, 0
3501743, 0, 1
3501759, 1, 0
3501764, 2, 1
3501868, 0, 0
3501884, 1, 1
3501889, 2, 0
3501993, 0, 0
3502009, 1, 0
3502014, 2, 1
3502118, 0, 1
3502134, 1, 1
3502139, 2, 1
3502243, 0, 0
3502259, 1, 1
3502264, 2, 0
3502368, 0, 1
3502384, 1, 0
3502389, 2, 1
3502493, 0, 1
3502509, 1, 1
3502514, 2, 0
3502618, 0, 0
3502635, 1, 0
3502639, 2, 1
3502743, 0, 0
3502760, 1, bit 0
3502760, 1, 1
3502764, 2, 0
3502868, 0, 1
3502885, 1, 0
3502889, 2, 1
3502993, 0, bit 0
3502993, 0, 1
3503010, 1, 0
3503014, 2, 0
3503118, 0, 0
3503135, 1, 1
3503139, 2, 1
3503243, 0, 1
3503260, 1, 0
3503264, 2, 0
3503368, 0, 0
3503385, 1, 1
3503389, 2, bit 1
3503389, 2, 1
3503493, 0, 0
3503510, 1, 0
3503514, 2, 0
3503618, 0, 1
3503635, 1, 1
3503639, 2, 1
3503744, 0, 1
3503760, 1, 0
3503764, 2, 0
3503869, 0, 0
3503885, 1, 1
3503889, 2, 0
3503994, 0, 1
3504010, 1, 1
3504014, 2, 1
3504119, 0, 0
3504135, 1, 0
3504139, 2, 0
3504244, 0, 0
3504260, 1, 1
3504264, 2, 1
3504369, 0, 1
3504385, 1, 0
3504389, 2, 0
3504494, 0, 1
3504510, 1, bit 0
3504514, 1, 1
3504514, 2, 1
3504619, 0, 0
3504635, 1, 0
3504640, 2, 0
3504744, 0, bit 0
3504744, 0, 1
3504760, 1, 0
3504765, 2, 1
3504869, 0, 0
3504885, 1, 1
3504890, 2, 0
3504994, 0, 1
3505010, 1, 0
3505015, 2, 1
3505119, 0, 0
3505135, 1, 1
3505140, 2, bit 0
3505140, 2, 0
3505244, 0, 0
3505260, 1, 0
3505265, 2, 1
3505369, 0, 1
3505385, 1, 1
3505390, 2, 0
3505494, 0, 1
3505510, 1, 0
3505515, 2, 1
3505619, 0, 0
3505635, 1, 1
3505640, 2, 1
3505744, 0, 1
3505760, 1, 1
3505765, 2, 0
3505869, 0, 0
3505885, 1, 0
3505890, 2, 1
3505994, 0, 0
3506010, 1, 1
3506015, 2, 0
3506119, 0, 1
3506135, 1, 0
3506140, 2, 1
3506244, 0, 1
3506260, 1, bit 1
3506260, 1, 0
3506265, 2, 0
3506369, 0, 0
3506385, 1, 1
3506390, 2, 1
3506494, 0, bit 1
3506494, 0, 0
3506510, 1, 1
3506515, 2, 0
3506619, 0, 1
3506635, 1, 0
3506640, 2, 1
3506744, 0, 0
3506760, 1, 1
3506765, 2, 0
3506869, 0, 1
3506885, 1, 0
3506890, 2, bit 0
3506890, 2, 0
3506994, 0, 1
3507010, 1, 1
3507015, 2, 1
3507119, 0, 0
3507135, 1, 0
3507140, 2, 0
3507244, 0, 0
3507260, 1, 1
3507265, 2, 1
3507369, 0, 1
3507385, 1, 0
3507390, 2, 1
3507494, 0, 0
3507510, 1, 0
3507515, 2, 0
3507619, 0, 1
3507635, 1, 1
3507640, 2, 1
3507744, 0, 1
3507760, 1, 0
3507765, 2, 0
3507869, 0, 0
3507885, 1, 1
3507890, 2, 1
3507994, 0, 0
3508011, 1, bit 0
3508011, 1, 1
3508015, 2, 0
3508119, 0, 1
3508136, 1, 0
3508140, 2, 1
3508244, 0, bit 0
3508244, 0, 1
3508261, 1, 0
3508265, 2, 0
3508369, 0, 0
3508386, 1, 1
3508390, 2, 1
3508494, 0, 1
3508511, 1, 0
3508515, 2, 0
3508619, 0, 0
3508636, 1, 1
3508640, 2, bit 1
3508640, 2, 1
3508744, 0, 0
3508761, 1, 0
3508765, 2, 0
3508869, 0, 1
3508886, 1, 1
3508890, 2, 1
3508994, 0, 1
3509011, 1, 0
3509015, 2, 0
3509120, 0, 0
3509136, 1, 1
3509140, 2, 0
3509245, 0, 1
3509261, 1, 1
3509265, 2, 1
3509370, 0, 0
3509386, 1, 0
3509390, 2, 0
3509495, 0, 0
3509511, 1, 1
3509515, 2, 1
3509620, 0, 1
3509636, 1, 0
3509640, 2, 0
3509745, 0, 1
3509761, 1, bit 1
3509761, 1, 0
3509765, 2, 1
3509870, 0, 0
3509886, 1, 1
3509890, 2, 0
3509995, 0, bit 1
3509995, 0, 0
3510011, 1, 1
3510016, 2, 1
3510120, 0, 1
3510136, 1, 0
3510141, 2, 0
3510245, 0, 0
3510261, 1, 1
3510266, 2, 1
3510370, 0, 1
3510386, 1, 0
3510391, 2, bit 0
3510391, 2, 0
3510495, 0, 1
3510511, 1, 1
3510516, 2, 1
3510620, 0, 0
3510636, 1, 0
3510641, 2, 0
3510745, 0, 0
3510761, 1, 1
3510766, 2, 1
3510870, 0, 1
3510886, 1, 0
3510891, 2, 1
3510995, 0, 0
3511011, 1, 0
3511016, 2, 0
3511120, 0, 1
3511136, 1, 1
3511141, 2, 1
3511245, 0, 1
3511261, 1, 0
3511266, 2, 0
3511370, 0, 0
3511386, 1, 1
3511391, 2, 1
3511495, 0, 0
3511511, 1, bit 1
3511511, 1, 0
3511516, 2, 0
3511620, 0, 1
3511636, 1, 1
3511641, 2, 1
3511745, 0, bit 0
3511745, 0, 1
3511761, 1, 1
3511766, 2, 0
3511870, 0, 0
3511886, 1, 0
3511891, 2, 1
3511995, 0, 1
3512011, 1, 1
3512016, 2, 0
3512120, 0, 0
3512136, 1, 0
3512141, 2, bit 0
3512141, 2, 0
3512245, 0, 0
3512261, 1, 1
3512266, 2, 1
3512370, 0, 1
3512386, 1, 0
3512391, 2, 0
3512495, 0, 1
3512511, 1, 1
3512516, 2, 1
3512620, 0, 0
3512636, 1, 0
3512641, 2, 1
3512745, 0, 1
3512761, 1, 0
3512766, 2, 0
3512870, 0, 0
3512886, 1, 1
3512891, 2, 1
3512995, 0, 0
3513011, 1, 0
3513016, 2, 0
3513120, 0, 1
3513136, 1, 1
3513141, 2, 1
3513245, 0, 1
3513261, 1, bit 1
3513261, 1, 0
3513266, 2, 0
3513370, 0, 0
3513387, 1, 1
3513391, 2, 1
3513495, 0, bit 1
3513495, 0, 0
3513512, 1, 1
3513516, 2, 0
3513620, 0, 1
3513637, 1, 0
3513641, 2, 1
3513745, 0, 0
3513762, 1, 1
3513766, 2, 0
3513870, 0, 1
3513887, 1, 0
3513891, 2, bit 1
3513891, 2, 1
3513995, 0, 1
3514012, 1, 1
3514016, 2, 0
3514120, 0, 0
3514137, 1, 0
3514141, 2, 1
3514245, 0, 0
3514262, 1, 1
3514266, 2, 0
3514370, 0, 1
3514387, 1, 0
3514391, 2, 0
3514496, 0, 0
3514512, 1, 0
3514516, 2, 1
3514621, 0, 1
3514637, 1, 1
3514641, 2, 0
3514746, 0, 1
3514762, 1, 0
3514766, 2, 1
3514871, 0, 0
3514887, 1, 1
3514891, 2, 0
3514996, 0, 0
3515012, 1, bit 1
3515012, 1, 0
3515016, 2, 1
3515121, 0, 1
3515137, 1, 1
3515141, 2, 0
3515246, 0, bit 0
3515246, 0, 1
3515262, 1, 1
3515266, 2, 1
3515371, 0, 0
3515387, 1, 0
3515392, 2, 0
3515496, 0, 1
3515512, 1, 1
3515517, 2, 1
3515621, 0, 0
3515637, 1, 0
3515642, 2, bit 1
3515642, 2, 1
3515746, 0, 0
3515762, 1, 1
3515767, 2, 0
3515871, 0, 1
3515887, 1, 0
3515892, 2, 1
3515996, 0, 1
3516012, 1, 1
3516017, 2, 0
3516121, 0, 0
3516137, 1, 0
3516142, 2, 0
3516246, 0, 1
3516262, 1, 0
3516267, 2, 1
3516371, 0, 0
3516387, 1, 1
3516392, 2, 0
3516496, 0, 0
3516512, 1, 0
3516517, 2, 1
3516621, 0, 1
3516637, 1, 1
3516642, 2, 0
3516746, 0, 1
3516762, 1, bit 1
3516762, 1, 0
3516767, 2, 1
3516871, 0, 0
3516887, 1, 1
3516892, 2, 0
3516996, 0, bit 0
3516996, 0, 1
3517012, 1, 1
3517017, 2, 1
3517121, 0, 0
3517137, 1, 0
3517142, 2, 0
3517246, 0, 1
3517262, 1, 1
3517267, 2, 1
3517371, 0, 0
3517387, 1, 0
3517392, 2, bit 0
3517392, 2, 0
3517496, 0, 0
3517512, 1, 1
3517517, 2, 1
3517621, 0, 1
3517637, 1, 0
3517642, 2, 0
3517746, 0, 1
3517762, 1, 1
3517767, 2, 1
3517871, 0, 0
3517887, 1, 0
3517892, 2, 1
3517996, 0, 1
3518012, 1, 0
3518017, 2, 0
3518121, 0, 0
3518137, 1, 1
3518142, 2, 1
3518246, 0, 0
3518262, 1, 0
3518267, 2, 0
3518371, 0, 1
3518387, 1, 1
3518392, 2, 1
3518496, 0, 1
3518512, 1, bit 0
3518512, 1, 1
3518517, 2, 0
3518621, 0, 0
3518637, 1, 0
3518642, 2, 1
3518746, 0, bit 1
3518746, 0, 0
3518763, 1, 0
3518767, 2, 0
3518871, 0, 1
3518888, 1, 1
3518892, 2, 1
3518996, 0, 0
3519013, 1, 0
3519017, 2, 0
3519121, 0, 1
3519138, 1, 1
3519142, 2, bit 0
3519142, 2, 0
3519246, 0, 1
3519263, 1, 0
3519267, 2, 1
3519371, 0, 0
3519388, 1, 1
3519392, 2, 0
3519496, 0, 0
3519513, 1, 0
3519517, 2, 1
3519621, 0, 1
3519638, 1, 1
3519642, 2, 1
3519746, 0, 0
3519763, 1, 1
3519767, 2, 0
3519872, 0, 1
3519888, 1, 0
3519892, 2, 1
3519997, 0, 1
3520013, 1, 1
3520017, 2, 0
3520122, 0, 0
3520138, 1, 0
3520142, 2, 1
3520247, 0, 0
3520263, 1, bit 0
3520263, 1, 1
3520267, 2, 0
3520372, 0, 1
3520388, 1, 0
3520392, 2, 1
3520497, 0, bit 1
3520497, 0, 0
3520513, 1, 0
3520517, 2, 0
3520622, 0, 1
3520638, 1, 1
3520642, 2, 1
3520747, 0, 0
3520763, 1, 0
3520768, 2, 0
3520872, 0, 1
3520888, 1, 1
3520893, 2, bit 0
3520893, 2, 0
3520997, 0, 1
3521013, 1, 0
3521018, 2, 1
3521122, 0, 0
3521138, 1, 1
3521143, 2, 0
3521247, 0, 0
3521263, 1, 0
3521268, 2, 1
3521372, 0, 1
3521388, 1, 1
3521393, 2, 1
3521497, 0, 0
3521513, 1, 1
3521518, 2, 0
3521622, 0, 1
3521638, 1, 0
3521643, 2, 1
3521747, 0, 1
3521763, 1, 1
3521768, 2, 0
3521872, 0, 0
3521888, 1, 0
3521893, 2, 1
3521997, 0, 0
3522013, 1, bit 1
3522013, 1, 0
3522018, 2, 0
3522122, 0, 1
3522138, 1, 1
3522143, 2, 1
3522247, 0, bit 0
3522247, 0, 1
3522263, 1, 1
3522268, 2, 0
3522372, 0, 0
3522388, 1, 0
3522393, 2, 1
3522497, 0, 1
3522513, 1, 1
3522518, 2, 0
3522622, 0, 0
3522638, 1, 0
3522643, 2, bit 0
3522643, 2, 0
3522747, 0, 0
3522763, 1, 1
3522768, 2, 1
3522872, 0, 1
3522888, 1, 0
3522893, 2, 0
3522997, 0, 1
3523013, 1, 1
3523018, 2, 1
3523122, 0, 0
3523138, 1, 0
3523143, 2, 1
3523247, 0, 1
3523263, 1, 0
3523268, 2, 0
3523372, 0, 0
3523388, 1, 1
3523393, 2, 1
3523497, 0, 0
3523513, 1, 0
3523518, 2, 0
3523622, 0, 1
3523638, 1, 1
3523643, 2, 1
3523747, 0, 1
3523763, 1, bit 1
3523763, 1, 0
3523768, 2, 0
3523872, 0, 0
3523888, 1, 1
3523893, 2, 1
3523997, 0, bit 0
3523997, 0, 1
3524013, 1, 1
3524018, 2, 0
3524122, 0, 0
3524139, 1, 0
3524143, 2, 1
3524247, 0, 1
3524264, 1, 1
3524268, 2, 0
3524372, 0, 0
3524389, 1, 0
3524393, 2, bit 0
3524393, 2, 0
3524497, 0, 0
3524514, 1, 1
3524518, 2, 1
3524622, 0, 1
3524639, 1, 0
3524643, 2, 0
3524747, 0, 1
3524764, 1, 1
3524768, 2, 1
3524872, 0, 0
3524889, 1, 0
3524893, 2, 1
3524997, 0, 1
3525014, 1, 0
3525018, 2, 0
3525122, 0, 0
3525139, 1, 1
3525143, 2, 1
3525248, 0, 0
3525264, 1, 0
3525268, 2, 0
3525373, 0, 1
3525389, 1, 1
3525393, 2, 1
3525498, 0, 1
3525514, 1, bit 1
3525514, 1, 0
3525518, 2, 0
3525623, 0, 0
3525639, 1, 1
3525643, 2, 1
3525748, 0, bit 0
3525748, 0, 1
3525764, 1, 1
3525768, 2, 0
3525873, 0, 0
3525889, 1, 0
3525893, 2, 1
3525998, 0, 1
3526014, 1, 1
3526018, 2, 0
3526123, 0, 0
3526139, 1, 0
3526144, 2, bit 1
3526144, 2, 1
3526248, 0, 0
3526264, 1, 1
3526269, 2, 0
3526373, 0, 1
3526389, 1, 0
3526394, 2, 1
3526498, 0, 1
3526514, 1, 1
3526519, 2, 0
3526623, 0, 0
3526639, 1, 0
3526644, 2, 0
3526748, 0, 1
3526764, 1, 0
3526769, 2, 1
3526873, 0, 0
3526889, 1, 1
3526894, 2, 0
3526998, 0, 0
3527014, 1, 0
3527019, 2, 1
3527123, 0, 1
3527139, 1, 1
3527144, 2, 0
3527248, 0, 1
3527264, 1, bit 0
3527264, 1, 1
3527269, 2, 1
3527373, 0, 0
3527389, 1, 0
3527394, 2, 0
3527498, 0, bit 1
3527498, 0, 0
3527514, 1, 0
3527519, 2, 1
3527623, 0, 1
3527639, 1, 1
3527644, 2, 0
3527748, 0, 0
3527764, 1, 0
3527769, 2, 1
3527873, 0, 1
3527889, 1, 1
3527894, 2, bit 0
3527897, 2, 0
3527998, 0, 1
3528014, 1, 0
3528019, 2, 1
3528123, 0, 0
3528139, 1, 1
3528144, 2, 0
3528248, 0, 0
3528264, 1, 0
3528269, 2, 1
3528373, 0, 1
3528389, 1, 1
3528394, 2, 1
3528498, 0, 0
3528514, 1, 1
3528519, 2, 0
3528623, 0, 1
3528639, 1, 0
3528644, 2, 1
3528748, 0, 1
3528764, 1, 1
3528769, 2, 0
3528873, 0, 0
3528889, 1, 0
3528894, 2, 1
3528998, 0, 0
3529014, 1, bit 0
3529014, 1, 1
3529019, 2, 0
3529123, 0, 1
3529139, 1, 0
3529144, 2, 1
3529248, 0, bit 1
3529248, 0, 0
3529264, 1, 0
3529269, 2, 0
3529373, 0, 1
3529389, 1, 1
3529394, 2, 1
3529498, 0, 0
3529515, 1, 0
3529519, 2, 0
3529623, 0, 1
3529640, 1, 1
3529644, 2, bit 0
3529644, 2, 0
3529748, 0, 1
3529765, 1, 0
3529769, 2, 1
3529873, 0, 0
3529890, 1, 1
3529894, 2, 0
3529998, 0, 0
3530015, 1, 0
3530019, 2, 1
3530123, 0, 1
3530140, 1, 1
3530144, 2, 1
3530248, 0, 0
3530265, 1, 1
3530269, 2, 0
3530373, 0, 1
3530390, 1, 0
3530394, 2, 1
3530498, 0, 1
3530515, 1, 1
3530519, 2, 0
3530624, 0, 0
3530640, 1, 0
3530644, 2, 1
3530749, 0, 0
3530765, 1, bit 1
3530765, 1, 0
3530769, 2, 0
3530874, 0, 1
3530890, 1, 1
3530894, 2, 1
3530999, 0, bit 1
3530999, 0, 0
3531015, 1, 1
3531019, 2, 0
3531124, 0, 1
3531140, 1, 0
3531144, 2, 1
3531249, 0, 0
3531265, 1, 1
3531269, 2, 0
3531374, 0, 1
3531390, 1, 0
3531394, 2, bit 0
3531394, 2, 0
3531499, 0, 1
3531515, 1, 1
3531520, 2, 1
3531624, 0, 0
3531640, 1, 0
3531645, 2, 0
3531749, 0, 0
3531765, 1, 1
3531770, 2, 1
3531874, 0, 1
3531890, 1, 0
3531895, 2, 1
3531999, 0, 0
3532015, 1, 0
3532020, 2, 0
3532124, 0, 1
3532140, 1, 1
3532145, 2, 1
3532249, 0, 1
3532265, 1, 0
3532270, 2, 0
3532374, 0, 0
3532390, 1, 1
3532395, 2, 1
3532499, 0, 0
3532515, 1, bit 0
3532515, 1, 1
3532520, 2, 0
3532624, 0, 1
3532640, 1, 0
3532645, 2, 1
3532749, 0, bit 0
3532749, 0, 1
3532765, 1, 0
3532770, 2, 0
3532874, 0, 0
3532890, 1, 1
3532895, 2, 1
3532999, 0, 1
3533015, 1, 0
3533020, 2, 0
3533124, 0, 0
3533140, 1, 1
3533145, 2, bit 0
3533148, 2, 0
3533249, 0, 0
3533265, 1, 0
3533270, 2, 1
3533374, 0, 1
3533390, 1, 1
3533395, 2, 0
3533499, 0, 1
3533515, 1, 0
3533520, 2, 1
3533624, 0, 0
3533640, 1, 1
3533645, 2, 1
3533749, 0, 1
3533765, 1, 1
3533770, 2, 0
3533874, 0, 0
3533890, 1, 0
3533895, 2, 1
3533999, 0, 0
3534015, 1, 1
3534020, 2, 0
3534124, 0, 1
3534140, 1, 0
3534145, 2, 1
3534249, 0, 1
3534265, 1, bit 0
3534265, 1, 1
3534270, 2, 0
3534374, 0, 0
3534390, 1, 0
3534395, 2, 1
3534499, 0, bit 1
3534502, 0, 0
3534515, 1, 0
3534520, 2, 0
3534624, 0, 1
3534640, 1, 1
3534645, 2, 1
3534749, 0, 0
3534765, 1, 0
3534770, 2, 0
3534874, 0, 1
3534891, 1, 1
3534895, 2, bit 1
3534895, 2, 1
3534999, 0, 1
3535016, 1, 0
3535020, 2, 0
3535124, 0, 0
3535141, 1, 1
3535145, 2, 1
3535249, 0, 0
3535266, 1, 0
3535270, 2, 0
3535374, 0, 1
3535391, 1, 1
3535395, 2, 0
3535499, 0, 0
3535516, 1, 1
3535520, 2, 1
3535624, 0, 1
3535641, 1, 0
3535645, 2, 0
3535749, 0, 1
3535766, 1, 1
3535770, 2, 1
3535874, 0, 0
3535891, 1, 0
3535895, 2, 0
3536000, 0, 0
3536016, 1, bit 1
3536016, 1, 0
3536020, 2, 1
3536125, 0, 1
3536141, 1, 1
3536145, 2, 0
3536250, 0, bit 1
3536250, 0, 0
3536266, 1, 1
3536270, 2, 1
3536375, 0, 1
3536391, 1, 0
3536395, 2, 0
3536500, 0, 0
3536516, 1, 1
3536520, 2, 1
3536625, 0, 1
3536641, 1, 0
3536645, 2, bit 0
3536645, 2, 0
3536750, 0, 1
3536766, 1, 1
3536770, 2, 1
3536875, 0, 0
3536891, 1, 0
3536896, 2, 0
3537000, 0, 0
3537016, 1, 1
3537021, 2, 1
3537125, 0, 1
3537141, 1, 0
3537146, 2, 1
3537250, 0, 0
3537266, 1, 0
3537271, 2, 0
3537375, 0, 1
3537391, 1, 1
3537396, 2, 1
3537500, 0, 1
3537516, 1, 0
3537521, 2, 0
3537625, 0, 0
3537641, 1, 1
3537646, 2, 1
3537750, 0, 0
3537766, 1, bit 0
3537766, 1, 1
3537771, 2, 0
3537875, 0, 1
3537891, 1, 0
3537896, 2, 1
3538000, 0, bit 0
3538000, 0, 1
3538016, 1, 0
3538021, 2, 0
3538125, 0, 0
3538141, 1, 1
3538146, 2, 1
3538250, 0, 1
3538266, 1, 0
3538271, 2, 0
3538375, 0, 0
3538391, 1, 1
3538396, 2, bit 0
3538396, 2, 0
3538500, 0, 0
3538516, 1, 0
3538521, 2, 1
3538625, 0, 1
3538641, 1, 1
3538646, 2, 0
3538750, 0, 1
3538766, 1, 0
3538771, 2, 1
3538875, 0, 0
3538891, 1, 1
3538896, 2, 1
3539000, 0, 1
3539016, 1, 1
3539021, 2, 0
3539125, 0, 0
3539141, 1, 0
3539146, 2, 1
3539250, 0, 0
3539266, 1, 1
3539271, 2, 0
3539375, 0, 1
3539391, 1, 0
3539396, 2, 1
3539500, 0, 1
3539516, 1, bit 0
3539516, 1, 1
3539521, 2, 0
3539625, 0, 0
3539641, 1, 0
3539646, 2, 1
3539750, 0, bit 0
3539750, 0, 1
3539766, 1, 0
3539771, 2, 0
3539875, 0, 0
3539891, 1, 1
3539896, 2, 1
3540000, 0, 1
3540016, 1, 0
3540021, 2, 0
3540125, 0, 0
3540141, 1, 1
3540146, 2, bit 1
3540146, 2, 1
3540250, 0, 0
3540267, 1, 0
3540271, 2, 0
3540375, 0, 1
3540392, 1, 1
3540396, 2, 1
3540500, 0, 1
3540517, 1, 0
3540521, 2, 0
3540625, 0, 0
3540642, 1, 1
3540646, 2, 0
3540750, 0, 1
3540767, 1, 1
3540771, 2, 1
3540875, 0, 0
3540892, 1, 0
3540896, 2, 0
3541000, 0, 0
3541017, 1, 1
3541021, 2, 1
3541125, 0, 1
3541142, 1, 0
3541146, 2, 0
3541250, 0, 1
3541267, 1, bit 1
3541267, 1, 0
3541271, 2, 1
3541376, 0, 0
3541392, 1, 1
3541396, 2, 0
3541501, 0, bit 1
3541501, 0, 0
3541517, 1, 1
3541521, 2, 1
3541626, 0, 1
3541642, 1, 0
3541646, 2, 0
3541751, 0, 0
3541767, 1, 1
3541771, 2, 1
3541876, 0, 1
3541892, 1, 0
3541896, 2, bit 1
3541896, 2, 1
3542001, 0, 1
3542017, 1, 1
3542021, 2, 0
3542126, 0, 0
3542142, 1, 0
3542146, 2, 1
3542251, 0, 0
3542267, 1, 1
3542272, 2, 0
3542376, 0, 1
3542392, 1, 0
3542397, 2, 0
3542501, 0, 0
3542517, 1, 0
3542522, 2, 1
3542626, 0, 1
3542642, 1, 1
3542647, 2, 0
3542751, 0, 1
3542767, 1, 0
3542772, 2, 1
3542876, 0, 0
3542892, 1, 1
3542897, 2, 0
3543001, 0, 0
3543017, 1, bit 0
3543017, 1, 1
3543022, 2, 1
3543126, 0, 1
3543142, 1, 0
3543147, 2, 0
3543251, 0, bit 1
3543251, 0, 0
3543267, 1, 0
3543272, 2, 1
3543376, 0, 1
3543392, 1, 1
3543397, 2, 0
3543501, 0, 0
3543517, 1, 0
3543522, 2, 1
3543626, 0, 1
3543642, 1, 1
3543647, 2, bit 0
3543647, 2, 0
3543751, 0, 1
3543767, 1, 0
3543772, 2, 1
3543876, 0, 0
3543892, 1, 1
3543897, 2, 0
3544001, 0, 0
3544017, 1, 0
3544022, 2, 1
3544126, 0, 1
3544142, 1, 1
3544147, 2, 1
3544251, 0, 0
3544267, 1, 1
3544272, 2, 0
3544376, 0, 1
3544392, 1, 0
3544397, 2, 1
3544501, 0, 1
3544517, 1, 1
3544522, 2, 0
3544626, 0, 0
3544642, 1, 0
3544647, 2, 1
3544751, 0, 0
3544767, 1, bit 1
3544767, 1, 0
3544772, 2, 0
3544876, 0, 1
3544892, 1, 1
3544897, 2, 1
3545001, 0, bit 1
3545001, 0, 0
3545017, 1, 1
3545022, 2, 0
3545126, 0, 1
3545142, 1, 0
3545147, 2, 1
3545251, 0, 0
3545267, 1, 1
3545272, 2, 0
3545376, 0, 1
3545392, 1, 0
3545397, 2, bit 1
3545397, 2, 1
3545501, 0, 1
3545517, 1, 1
3545522, 2, 0
3545626, 0, 0
3545643, 1, 0
3545647, 2, 1
3545751, 0, 0
3545768, 1, 1
3545772, 2, 0
3545876, 0, 1
3545893, 1, 0
3545897, 2, 0
3546001, 0, 0
3546018, 1, 0
3546022, 2, 1
3546126, 0, 1
3546143, 1, 1
3546147, 2, 0
3546251, 0, 1
3546268, 1, 0
3546272, 2, 1
3546376, 0, 0
3546393, 1, 1
3546397, 2, 0
3546501, 0, 0
3546518, 1, bit 1
3546518, 1, 0
3546522, 2, 1
3546626, 0, 1
3546643, 1, 1
3546647, 2, 0
3546752, 0, bit 0
3546752, 0, 1
3546768, 1, 1
3546772, 2, 1
3546877, 0, 0
3546893, 1, 0
3546897, 2, 0
3547002, 0, 1
3547018, 1, 1
3547022, 2, 1
3547127, 0, 0
3547143, 1, 0
3547147, 2, bit 1
3547147, 2, 1
3547252, 0, 0
3547268, 1, 1
3547272, 2, 0
3547377, 0, 1
3547393, 1, 0
3547397, 2, 1
3547502, 0, 1
3547518, 1, 1
3547522, 2, 0
3547627, 0, 0
3547643, 1, 0
3547648, 2, 0
3547752, 0, 1
3547768, 1, 0
3547773, 2, 1
3547877, 0, 0
3547893, 1, 1
3547898, 2, 0
3548002, 0, 0
3548018, 1, 0
3548023, 2, 1
3548127, 0, 1
3548143, 1, 1
3548148, 2, 0
3548252, 0, 1
3548268, 1, bit 0
3548268, 1, 1
3548273, 2, 1
3548377, 0, 0
3548393, 1, 0
3548398, 2, 0
3548502, 0, bit 0
3548502, 0, 1
3548518, 1, 0
3548523, 2, 1
3548627, 0, 0
3548643, 1, 1
3548648, 2, 0
3548752, 0, 1
3548768, 1, 0
3548773, 2, 1
3548877, 0, 0
3548893, 1, 1
3548898, 2, bit 0
3548898, 2, 0
3549002, 0, 0
3549018, 1, 0
3549023, 2, 1
3549127, 0, 1
3549143, 1, 1
3549148, 2, 0
3549252, 0, 1
3549268, 1, 0
3549273, 2, 1
3549377, 0, 0
3549393, 1, 1
3549398, 2, 1
3549502, 0, 1
3549518, 1, 1
3549523, 2, 0
3549627, 0, 0
3549643, 1, 0
3549648, 2, 1
3549752, 0, 0
3549768, 1, 1
3549773, 2, 0
3549877, 0, 1
3549893, 1, 0
3549898, 2, 1
3550002, 0, 1
3550018, 1, bit 1
3550018, 1, 0
3550023, 2, 0
3550127, 0, 0
3550143, 1, 1
3550148, 2, 1
3550252, 0, bit 1
3550252, 0, 0
3550268, 1, 1
3550273, 2, 0
3550377, 0, 1
3550393, 1, 0
3550398, 2, 1
3550502, 0, 0
3550518, 1, 1
3550523, 2, 0
3550627, 0, 1
3550643, 1, 0
3550648, 2, bit 1
3550648, 2, 1
3550752, 0, 1
3550768, 1, 1
3550773, 2, 0
3550877, 0, 0
3550893, 1, 0
3550898, 2, 1
3551002, 0, 0
3551019, 1, 1
3551023, 2, 0
3551127, 0, 1
3551144, 1, 0
3551148, 2, 0
3551252, 0, 0
3551269, 1, 0
3551273, 2, 1
3551377, 0, 1
3551394, 1, 1
3551398, 2, 0
3551502, 0, 1
3551519, 1, 0
3551523, 2, 1
3551627, 0, 0
3551644, 1, 1
3551648, 2, 0
3551752, 0, 0
3551769, 1, bit 0
3551769, 1, 1
3551773, 2, 1
3551877, 0, 1
3551894, 1, 0
3551898, 2, 0
3552002, 0, bit 0
3552002, 0, 1
3552019, 1, 0
3552023, 2, 1
3552128, 0, 0
3552144, 1, 1
3552148, 2, 0
3552253, 0, 1
3552269, 1, 0
3552273, 2, 1
3552378, 0, 0
3552394, 1, 1
3552398, 2, bit 0
3552398, 2, 0
3552503, 0, 0
3552519, 1, 0
3552523, 2, 1
3552628, 0, 1
3552644, 1, 1
3552648, 2, 0
3552753, 0, 1
3552769, 1, 0
3552773, 2, 1
3552878, 0, 0
3552894, 1, 1
3552898, 2, 1
3553003, 0, 1
3553019, 1, 1
3553024, 2, 0
3553128, 0, 0
3553144, 1, 0
3553149, 2, 1
3553253, 0, 0
3553269, 1, 1
3553274, 2, 0
3553378, 0, 1
3553394, 1, 0
3553399, 2, 1
3553503, 0, 1
3553519, 1, bit 1
3553519, 1, 0
3553524, 2, 0
3553628, 0, 0
3553644, 1, 1
3553649, 2, 1
3553753, 0, bit 0
3553753, 0, 1
3553769, 1, 1
3553774, 2, 0
3553878, 0, 0
3553894, 1, 0
3553899, 2, 1
3554003, 0, 1
3554019, 1, 1
3554024, 2, 0
3554128, 0, 0
3554144, 1, 0
3554149, 2, bit 1
3554149, 2, 1
3554253, 0, 0
3554269, 1, 1
3554274, 2, 0
3554378, 0, 1
3554394, 1, 0
3554399, 2, 1
3554503, 0, 1
3554519, 1, 1
3554524, 2, 0
3554628, 0, 0
3554644, 1, 0
3554649, 2, 0
3554753, 0, 1
3554769, 1, 0
3554774, 2, 1
3554878, 0, 0
3554894, 1, 1
3554899, 2, 0
3555003, 0, 0
3555019, 1, 0
3555024, 2, 1
3555128, 0, 1
3555144, 1, 1
3555149, 2, 0
3555253, 0, 1
3555269, 1, bit 0
3555269, 1, 1
3555274, 2, 1
3555378, 0, 0
3555394, 1, 0
3555399, 2, 0
3555503, 0, bit 0
3555503, 0, 1
3555519, 1, 0
3555524, 2, 1
3555628, 0, 0
3555644, 1, 1
3555649, 2, 0
3555753, 0, 1
3555769, 1, 0
3555774, 2, 1
3555878, 0, 0
3555894, 1, 1
3555899, 2, bit 1
3555899, 2, 1
3556003, 0, 0
3556019, 1, 0
3556024, 2, 0
3556128, 0, 1
3556144, 1, 1
3556149, 2, 1
3556253, 0, 1
3556269, 1, 0
3556274, 2, 0
3556378, 0, 0
3556395, 1, 1
3556399, 2, 0
3556503, 0, 1
3556520, 1, 1
3556524, 2, 1
3556628, 0, 0
3556645, 1, 0
3556649, 2, 0
3556753, 0, 0
3556770, 1, 1
3556774, 2, 1
3556878, 0, 1
3556895, 1, 0
3556899, 2, 0
3557003, 0, 1
3557020, 1, bit 1
3557020, 1, 0
3557024, 2, 1
3557128, 0, 0
3557145, 1, 1
3557149, 2, 0
3557253, 0, bit 1
3557253, 0, 0
3557270, 1, 1
3557274, 2, 1
3557378, 0, 1
3557395, 1, 0
3557399, 2, 0
3557504, 0, 0
3557520, 1, 1
3557524, 2, 1
3557629, 0, 1
3557645, 1, 0
3557649, 2, bit 1
3557649, 2, 1
3557754, 0, 1
3557770, 1, 1
3557774, 2, 0
3557879, 0, 0
3557895, 1, 0
3557899, 2, 1
3558004, 0, 0
3558020, 1, 1
3558024, 2, 0
3558129, 0, 1
3558145, 1, 0
3558149, 2, 0
3558254, 0, 0
3558270, 1, 0
3558274, 2, 1
3558379, 0, 1
3558395, 1, 1
3558400, 2, 0
3558504, 0, 1
3558520, 1, 0
3558525, 2, 1
3558629, 0, 0
3558645, 1, 1
3558650, 2, 0
3558754, 0, 0
3558770, 1, bit 0
3558770, 1, 1
3558775, 2, 1
3558879, 0, 1
3558895, 1, 0
3558900, 2, 0
3559004, 0, bit 0
3559004, 0, 1
3559020, 1, 0
3559025, 2, 1
3559129, 0, 0
3559145, 1, 1
3559150, 2, 0
3559254, 0, 1
3559270, 1, 0
3559275, 2, 1
3559379, 0, 0
3559395, 1, 1
3559400, 2, bit 1
3559400, 2, 1
3559504, 0, 0
3559520, 1, 0
3559525, 2, 0
3559629, 0, 1
3559645, 1, 1
3559650, 2, 1
3559754, 0, 1
3559770, 1, 0
3559775, 2, 0
3559879, 0, 0
3559895, 1, 1
3559900, 2, 0
3560004, 0, 1
3560020, 1, 1
3560025, 2, 1
3560129, 0, 0
3560145, 1, 0
3560150, 2, 0
3560254, 0, 0
3560270, 1, 1
3560275, 2, 1
3560379, 0, 1
3560395, 1, 0
3560400, 2, 0
3560504, 0, 1
3560520, 1, bit 1
3560520, 1, 0
3560525, 2, 1
3560629, 0, 0
3560645, 1, 1
3560650, 2, 0
3560770, 1, 1
3560775, 2, 1
3560895, 1, 0
3560900, 2, 0
3561020, 1, 1
3561025, 2, 1
3561145, 1, 0
3561150, 2, bit 1
3561150, 2, 1
3561270, 1, 1
3561275, 2, 0
3561395, 1, 0
3561400, 2, 1
3561520, 1, 1
3561525, 2, 0
3561645, 1, 0
3561650, 2, 0
3561771, 1, 0
3561775, 2, 1
3561896, 1, 1
3561900, 2, 0
3562021, 1, 0
3562025, 2, 1
3562146, 1, 1
3562150, 2, 0
3562271, 1, bit 0
3562271, 1, 1
3562275, 2, 1
3562396, 1, 0
3562400, 2, 0
3562521, 1, 0
3562525, 2, 1
3562646, 1, 1
3562650, 2, 0
3562771, 1, 0
3562775, 2, 1
3562896, 1, 1
3562900, 2, bit 1
3562900, 2, 1
3563021, 1, 0
3563025, 2, 0
3563146, 1, 1
3563150, 2, 1
3563271, 1, 0
3563275, 2, 0
3563396, 1, 1
3563400, 2, 0
3563521, 1, 1
3563525, 2, 1
3563646, 1, 0
3563650, 2, 0
3563771, 1, 1
3563776, 2, 1
3563896, 1, 0
3563901, 2, 0
3564021, 1, bit 0
3564021, 1, 1
3564026, 2, 1
3564146, 1, 0
3564151, 2, 0
3564271, 1, 0
3564276, 2, 1
3564396, 1, 1
3564401, 2, 0
3564521, 1, 0
3564526, 2, 1
3564646, 1, 1
3564651, 2, bit 1
3564651, 2, 1
3564771, 1, 0
3564776, 2, 0
3564896, 1, 1
3564901, 2, 1
3565021, 1, 0
3565026, 2, 0
3565146, 1, 1
3565151, 2, 0
3565271, 1, 1
3565276, 2, 1
3565396, 1, 0
3565401, 2, 0
3565521, 1, 1
3565526, 2, 1
3565646, 1, 0
3565651, 2, 0
3565771, 1, bit 0
3565771, 1, 1
3565776, 2, 1
3565896, 1, 0
3565901, 2, 0
3566021, 1, 0
3566026, 2, 1
3566146, 1, 1
3566151, 2, 0
3566271, 1, 0
3566276, 2, 1
3566396, 1, 1
3566401, 2, bit 1
3566404, 2, 1
3566521, 1, 0
3566526, 2, 0
3566646, 1, 1
3566651, 2, 1
3566771, 1, 0
3566776, 2, 0
3566896, 1, 1
3566901, 2, 0
3567021, 1, 1
3567026, 2, 1
3567147, 1, 0
3567151, 2, 0
3567272, 1, 1
3567276, 2, 1
3567397, 1, 0
3567401, 2, 0
3567522, 1, bit 0
3567522, 1, 1
3567526, 2, 1
3567647, 1, 0
3567651, 2, 0
3567772, 1, 0
3567776, 2, 1
3567897, 1, 1
3567901, 2, 0
3568022, 1, 0
3568026, 2, 1
3568147, 1, 1
3568151, 2, bit 1
3568151, 2, 1
3568272, 1, 0
3568276, 2, 0
3568397, 1, 1
3568401, 2, 1
3568522, 1, 0
3568526, 2, 0
3568647, 1, 1
3568651, 2, 0
3568772, 1, 1
3568776, 2, 1
3568897, 1, 0
3568901, 2, 0
3569022, 1, 1
3569026, 2, 1
3569147, 1, 0
3569152, 2, 0
3569272, 1, bit 1
3569272, 1, 0
3569277, 2, 1
3569397, 1, 1
3569402, 2, 0
3569522, 1, 1
3569527, 2, 1
3569647, 1, 0
3569652, 2, 0
3569772, 1, 1
3569777, 2, 1
3569897, 1, 0
3569902, 2, bit 0
3569902, 2, 0
3570022, 1, 1
3570027, 2, 1
3570147, 1, 0
3570152, 2, 0
3570272, 1, 1
3570277, 2, 1
3570397, 1, 0
3570402, 2, 1
3570522, 1, 0
3570527, 2, 0
3570647, 1, 1
3570652, 2, 1
3570772, 1, 0
3570777, 2, 0
3570897, 1, 1
3570902, 2, 1
3571022, 1, bit 1
3571022, 1, 0
3571027, 2, 0
3571147, 1, 1
3571152, 2, 1
3571272, 1, 1
3571277, 2, 0
3571397, 1, 0
3571402, 2, 1
3571522, 1, 1
3571527, 2, 0
3571647, 1, 0
3571652, 2, bit 1
3571652, 2, 1
3571772, 1, 1
3571777, 2, 0
3571897, 1, 0
3571902, 2, 1
3572022, 1, 1
3572027, 2, 0
3572147, 1, 0
3572152, 2, 0
3572272, 1, 0
3572277, 2, 1
3572397, 1, 1
3572402, 2, 0
3572523, 1, 0
3572527, 2, 1
3572648, 1, 1
3572652, 2, 0
3572773, 1, bit 0
3572773, 1, 1
3572777, 2, 1
3572898, 1, 0
3572902, 2, 0
3573023, 1, 0
3573027, 2, 1
3573148, 1, 1
3573152, 2, 0
3573273, 1, 0
3573277, 2, 1
3573398, 1, 1
3573402, 2, bit 0
3573402, 2, 0
3573523, 1, 0
3573527, 2, 1
3573648, 1, 1
3573652, 2, 0
3573773, 1, 0
3573777, 2, 1
3573898, 1, 1
3573902, 2, 1
3574023, 1, 1
3574027, 2, 0
3574148, 1, 0
3574152, 2, 1
3574273, 1, 1
3574277, 2, 0
3574398, 1, 0
3574402, 2, 1
3574523, 1, bit 1
3574523, 1, 0
3574528, 2, 0
3574648, 1, 1
3574653, 2, 1
3574773, 1, 1
3574778, 2, 0
3574898, 1, 0
3574903, 2, 1
3575023, 1, 1
3575028, 2, 0
3575148, 1, 0
3575153, 2, bit 1
3575153, 2, 1
3575273, 1, 1
3575278, 2, 0
3575398, 1, 0
3575403, 2, 1
3575523, 1, 1
3575528, 2, 0
3575648, 1, 0
3575653, 2, 0
3575773, 1, 0
3575778, 2, 1
3575898, 1, 1
3575903, 2, 0
3576023, 1, 0
3576028, 2, 1
3576148, 1, 1
3576153, 2, 0
3576273, 1, bit 1
3576276, 1, 0
3576278, 2, 1
3576398, 1, 1
3576403, 2, 0
3576523, 1, 1
3576528, 2, 1
3576648, 1, 0
3576653, 2, 0
3576773, 1, 1
3576778, 2, 1
3576898, 1, 0
3576903, 2, bit 1
3576903, 2, 1
3577023, 1, 1
3577028, 2, 0
3577148, 1, 0
3577153, 2, 1
3577273, 1, 1
3577278, 2, 0
3577398, 1, 0
3577403, 2, 0
3577523, 1, 0
3577528, 2, 1
3577648, 1, 1
3577653, 2, 0
3577773, 1, 0
3577778, 2, 1
3577899, 1, 1
3577903, 2, 0
3578024, 1, bit 1
3578024, 1, 0
3578028, 2, 1
3578149, 1, 1
3578153, 2, 0
3578274, 1, 1
3578278, 2, 1
3578399, 1, 0
3578403, 2, 0
3578524, 1, 1
3578528, 2, 1
3578649, 1, 0
3578653, 2, bit 1
3578653, 2, 1
3578774, 1, 1
3578778, 2, 0
3578899, 1, 0
3578903, 2, 1
3579024, 1, 1
3579028, 2, 0
3579149, 1, 0
3579153, 2, 0
3579274, 1, 0
3579278, 2, 1
3579399, 1, 1
3579403, 2, 0
3579524, 1, 0
3579528, 2, 1
3579649, 1, 1
3579653, 2, 0
3579774, 1, bit 1
3579774, 1, 0
3579778, 2, 1
3579899, 1, 1
3579904, 2, 0
3580024, 1, 1
3580029, 2, 1
3580149, 1, 0
3580154, 2, 0
3580274, 1, 1
3580279, 2, 1
3580399, 1, 0
3580404, 2, bit 1
3580404, 2, 1
3580524, 1, 1
3580529, 2, 0
3580649, 1, 0
3580654, 2, 1
3580774, 1, 1
3580779, 2, 0
3580899, 1, 0
3580904, 2, 0
3581024, 1, 0
3581029, 2, 1
3581149, 1, 1
3581154, 2, 0
3581274, 1, 0
3581279, 2, 1
3581399, 1, 1
3581404, 2, 0
3581524, 1, bit 0
3581524, 1, 1
3581529, 2, 1
3581649, 1, 0
3581654, 2, 0
3581774, 1, 0
3581779, 2, 1
3581899, 1, 1
3581904, 2, 0
3582024, 1, 0
3582029, 2, 1
3582149, 1, 1
3582154, 2, bit 0
3582154, 2, 0
3582274, 1, 0
3582279, 2, 1
3582399, 1, 1
3582404, 2, 0
3582524, 1, 0
3582529, 2, 1
3582649, 1, 1
3582654, 2, 1
3582774, 1, 1
3582779, 2, 0
3582899, 1, 0
3582904, 2, 1
3583024, 1, 1
3583029, 2, 0
3583149, 1, 0
3583154, 2, 1
3583275, 1, bit 0
3583275, 1, 1
3583279, 2, 0
3583400, 1, 0
3583404, 2, 1
3583525, 1, 0
3583529, 2, 0
3583650, 1, 1
3583654, 2, 1
3583775, 1, 0
3583779, 2, 0
3583900, 1, 1
3583904, 2, bit 1
3583904, 2, 1
3584025, 1, 0
3584029, 2, 0
3584150, 1, 1
3584154, 2, 1
3584275, 1, 0
3584279, 2, 0
3584400, 1, 1
3584404, 2, 0
3584525, 1, 1
3584529, 2, 1
3584650, 1, 0
3584654, 2, 0
3584775, 1, 1
3584779, 2, 1
3584900, 1, 0
3584904, 2, 0
3585025, 1, bit 0
3585025, 1, 1
3585029, 2, 1
3585150, 1, 0
3585154, 2, 0
3585275, 1, 0
3585280, 2, 1
3585400, 1, 1
3585405, 2, 0
3585525, 1, 0
3585530, 2, 1
3585650, 1, 1
3585655, 2, bit 0
3585655, 2, 0
3585775, 1, 0
3585780, 2, 1
3585900, 1, 1
3585905, 2, 0
3586025, 1, 0
3586030, 2, 1
3586150, 1, 1
3586155, 2, 1
3586275, 1, 1
3586280, 2, 0
3586400, 1, 0
3586405, 2, 1
3586525, 1, 1
3586530, 2, 0
3586650, 1, 0
3586655, 2, 1
3586775, 1, bit 0
3586775, 1, 1
3586780, 2, 0
3586900, 1, 0
3586905, 2, 1
3587025, 1, 0
3587030, 2, 0
3587150, 1, 1
3587155, 2, 1
3587275, 1, 0
3587280, 2, 0
3587400, 1, 1
3587405, 2, bit 0
3587405, 2, 0
3587525, 1, 0
3587530, 2, 1
3587650, 1, 1
3587655, 2, 0
3587775, 1, 0
3587780, 2, 1
3587900, 1, 1
3587905, 2, 1
3588025, 1, 1
3588030, 2, 0
3588150, 1, 0
3588155, 2, 1
3588275, 1, 1
3588280, 2, 0
3588400, 1, 0
3588405, 2, 1
3588525, 1, bit 1
3588525, 1, 0
3588530, 2, 0
3588651, 1, 1
3588655, 2, 1
3588776, 1, 1
3588780, 2, 0
3588901, 1, 0
3588905, 2, 1
3589026, 1, 1
3589030, 2, 0
3589151, 1, 0
3589155, 2, bit 1
3589155, 2, 1
3589276, 1, 1
3589280, 2, 0
3589401, 1, 0
3589405, 2, 1
3589526, 1, 1
3589530, 2, 0
3589651, 1, 0
3589655, 2, 0
3589776, 1, 0
3589780, 2, 1
3589901, 1, 1
3589905, 2, 0
3590026, 1, 0
3590030, 2, 1
3590151, 1, 1
3590155, 2, 0
3590280, 2, 1
3590405, 2, 0
3590530, 2, 1
3590656, 2, 0
3590781, 2, 1
3590906, 2, bit 0
3590906, 2, 0
3591031, 2, 1
3591156, 2, 0
3591281, 2, 1
3591406, 2, 1
3591531, 2, 0
3591656, 2, 1
3591781, 2, 0
3591906, 2, 1
3592031, 2, 0
3592156, 2, 1
3592281, 2, 0
3592406, 2, 1
3592531, 2, 0
3592656, 2, bit 0
3592656, 2, 0
3592781, 2, 1
3592906, 2, 0
3593031, 2, 1
3593156, 2, 1
3593281, 2, 0
3593406, 2, 1
3593531, 2, 0
3593656, 2, 1
3593781, 2, 0
3593906, 2, 1
3594031, 2, 0
3594156, 2, 1
3594281, 2, 0
3594406, 2, bit 0
3594406, 2, 0
3594531, 2, 1
3594656, 2, 0
3594781, 2, 1
3594906, 2, 1
3595031, 2, 0
3595156, 2, 1
3595281, 2, 0
3595406, 2, 1
3595531, 2, 0
3595656, 2, 1
3595781, 2, 0
3595906, 2, 1
3596032, 2, 0
3596157, 2, bit 0
3596157, 2, 0
3596282, 2, 1
3596407, 2, 0
3596532, 2, 1
3596657, 2, 1
3596782, 2, 0
3596907, 2, 1
3597032, 2, 0
3597157, 2, 1
3597282, 2, 0
3597407, 2, 1
3597532, 2, 0
3597657, 2, 1
3597782, 2, 0
3597907, 2, bit 1
3597907, 2, 1
3598032, 2, 0
3598157, 2, 1
3598282, 2, 0
3598407, 2, 0
3598532, 2, 1
3598657, 2, 0
3598782, 2, 1
3598907, 2, 0
3599032, 2, 1
3599157, 2, 0
3599282, 2, 1
3599407, 2, 0
3599532, 2, 1
3599657, 2, bit 1
3599657, 2, 1
3599782, 2, 0
3599907, 2, 1
3600032, 2, 0
3600157, 2, 0
3600282, 2, 1
3600407, 2, 0
3600532, 2, 1
3600657, 2, 0
3600782, 2, 1
3600907, 2, 0
3601032, 2, 1
3601157, 2, 0
3601282, 2, 1
3601408, 2, bit 1
3601411, 2, 1
3601533, 2, 0
3601658, 2, 1
3601783, 2, 0
3601908, 2, 0
3602033, 2, 1
3602158, 2, 0
3602283, 2, 1
3602408, 2, 0
3602533, 2, 1
3602658, 2, 0
3602783, 2, 1
3602908, 2, 0
3603033, 2, 1
3603158, 2, bit 0
3603158, 2, 0
3603283, 2, 1
3603408, 2, 0
3603533, 2, 1
3603658, 2, 1
3603783, 2, 0
3603908, 2, 1
3604033, 2, 0
3604158, 2, 1
3604283, 2, 0
3604408, 2, 1
3604533, 2, 0
3604658, 2, 1
3604783, 2, 0
3604908, 2, bit 1
3604908, 2, 1
3605033, 2, 0
3605158, 2, 1
3605283, 2, 0
3605408, 2, 0
3605533, 2, 1
3605658, 2, 0
3605783, 2, 1
3605908, 2, 0
3606033, 2, 1
3606158, 2, 0
3606283, 2, 1
3606408, 2, 0
3606533, 2, 1
3606658, 2, bit 1
3606658, 2, 1
3606784, 2, 0
3606909, 2, 1
3607034, 2, 0
3607159, 2, 0
3607284, 2, 1
3607409, 2, 0
3607534, 2, 1
3607659, 2, 0
3607784, 2, 1
3607909, 2, 0
3608034, 2, 1
3608159, 2, 0
3608284, 2, 1
3608409, 2, bit 1
3608409, 2, 1
3608534, 2, 0
3608659, 2, 1
3608784, 2, 0
3608909, 2, 0
3609034, 2, 1
3609159, 2, 0
3609284, 2, 1
3609409, 2, 0
3609534, 2, 1
3609659, 2, 0
3609784, 2, 1
3609909, 2, 0
3610034, 2, 1
3610159, 2, bit 1
3610159, 2, 1
3610284, 2, 0
3610409, 2, 1
3610534, 2, 0
3610659, 2, 0
3610784, 2, 1
3610909, 2, 0
3611034, 2, 1
3611159, 2, 0
3611284, 2, 1
3611409, 2, 0
3611534, 2, 1
3611659, 2, 0
3611784, 2, 1
3611909, 2, bit 0
3611909, 2, 0
3612034, 2, 1
3612160, 2, 0
3612285, 2, 1
3612410, 2, 1
3612535, 2, 0
3612660, 2, 1
3612785, 2, 0
3612910, 2, 1
3613035, 2, 0
3613160, 2, 1
3613285, 2, 0
3613410, 2, 1
3613535, 2, 0
3613660, 2, bit 1
3613660, 2, 1
3613785, 2, 0
3613910, 2, 1
3614035, 2, 0
3614160, 2, 0
3614285, 2, 1
3614410, 2, 0
3614535, 2, 1
3614660, 2, 0
3614785, 2, 1
3614910, 2, 0
3615035, 2, 1
3615160, 2, 0
3615285, 2, 1
3615410, 2, bit 1
3615410, 2, 1
3615535, 2, 0
3615660, 2, 1
3615785, 2, 0
3615910, 2, 0
3616035, 2, 1
3616160, 2, 0
3616285, 2, 1
3616410, 2, 0
3616535, 2, 1
3616660, 2, 0
3616785, 2, 1
3616910, 2, 0
3617035, 2, 1
3617160, 2, bit 1
3617160, 2, 1
3617285, 2, 0
3617410, 2, 1
3617536, 2, 0
3617661, 2, 0
3617786, 2, 1
3617911, 2, 0
3618036, 2, 1
3618161, 2, 0
3618286, 2, 1
3618411, 2, 0
3618536, 2, 1
3618661, 2, 0
3618786, 2, 1
3618911, 2, bit 1
3618911, 2, 1
3619036, 2, 0
3619161, 2, 1
3619286, 2, 0
3619411, 2, 0
3619536, 2, 1
3619661, 2, 0
3619786, 2, 1
3619911, 2, 0
3620036, 2, 1
3620161, 2, 0
3620286, 2, 1
3620411, 2, 0
3620536, 2, 1
