125 100 3 7 16
(2, 20, 8, 10.00), (code 3)
(3, 258, 13, 10.00), (code 1)
(4, 496, 2, 10.00), (code 4)
START
1975928, 0, prem 1
1975928, 0, 1
1976053, 0, 1
1976178, 0, 1
1976303, 0, 1
1976428, 0, 1
1976553, 0, 1
1976678, 0, 1
1976803, 0, 1
1976928, 0, 1
1977053, 0, 1
1977178, 0, 1
1977303, 0, 1
1977428, 0, 1
1977553, 0, 1
1977678, 0, 1
1977803, 0, 1
1977928, 0, 0
1978053, 0, 0
1978178, 0, 0
1978303, 0, 0
1978428, 0, 0
1978553, 0, 0
1978678, 0, 0
1978803, 0, 0
1978928, 0, 0
1979053, 0, 0
1979179, 0, 0
1979304, 0, 0
1979429, 0, 0
1979554, 0, 0
1979679, 0, 0
1979804, 0, 0
1979929, 0, prem 1
1979929, 0, 1
1980054, 0, 1
1980179, 0, 1
1980304, 0, 1
1980429, 0, 1
1980554, 0, 1
1980679, 0, 1
1980804, 0, 1
1980929, 0, 1
1981054, 0, 1
1981179, 0, 1
1981304, 0, 1
1981429, 0, 1
1981554, 0, 1
1981679, 0, 1
1981804, 0, 1
1981929, 0, 0
1982054, 0, 0
1982179, 0, 0
1982304, 0, 0
1982429, 0, 0
1982554, 0, 0
1982679, 0, 0
1982804, 0, 0
1982929, 0, 0
1983054, 0, 0
1983179, 0, 0
1983304, 0, 0
1983429, 0, 0
1983554, 0, 0
1983679, 0, 0
1983804, 0, 0
1983929, 0, prem 1
1983929, 0, 1
1984054, 0, 1
1984179, 0, 1
1984304, 0, 1
1984429, 0, 1
1984555, 0, 1
1984680, 0, 1
1984805, 0, 1
1984930, 0, 1
1985055, 0, 1
1985180, 0, 1
1985305, 0, 1
1985430, 0, 1
1985555, 0, 1
1985680, 0, 1
1985805, 0, 1
1985930, 0, 0
1986055, 0, 0
1986180, 0, 0
1986305, 0, 0
1986430, 0, 0
1986555, 0, 0
1986680, 0, 0
1986805, 0, 0
1986930, 0, 0
1987055, 0, 0
1987180, 0, 0
1987305, 0, 0
1987430, 0, 0
1987555, 0, 0
1987680, 0, 0
1987805, 0, 0
1987930, 0, prem 0
1987930, 0, 0
1988055, 0, 0
1988180, 0, 0
1988305, 0, 0
1988430, 0, 0
1988555, 0, 0
1988680, 0, 0
1988805, 0, 0
1988930, 0, 0
1989055, 0, 0
1989180, 0, 0
1989305, 0, 0
1989430, 0, 0
1989555, 0, 0
1989680, 0, 0
1989805, 0, 0
1989931, 0, 1
1990056, 0, 1
1990181, 0, 1
1990306, 0, 1
1990431, 0, 1
1990556, 0, 1
1990681, 0, 1
1990806, 0, 1
1990931, 0, 1
1991056, 0, 1
1991181, 0, 1
1991306, 0, 1
1991431, 0, 1
1991556, 0, 1
1991681, 0, 1
1991806, 0, 1
1991931, 0, prem 1
1991931, 0, 1
1992056, 0, 1
1992181, 0, 1
1992306, 0, 1
1992431, 0, 1
1992556, 0, 1
1992681, 0, 1
1992806, 0, 1
1992931, 0, 1
1993056, 0, 1
1993181, 0, 1
1993306, 0, 1
1993431, 0, 1
1993556, 0, 1
1993681, 0, 1
1993806, 0, 1
1993931, 0, 0
1994056, 0, 0
1994181, 0, 0
1994306, 0, 0
1994431, 0, 0
1994556, 0, 0
1994681, 0, 0
1994806, 0, 0
1994931, 0, 0
1995056, 0, 0
1995181, 0, 0
1995307, 0, 0
1995432, 0, 0
1995557, 0, 0
1995682, 0, 0
1995807, 0, 0
1995932, 0, prem 1
1995932, 0, 1
1996057, 0, 1
1996182, 0, 1
1996307, 0, 1
1996432, 0, 1
1996557, 0, 1
1996682, 0, 1
1996807, 0, 1
1996932, 0, 1
1997057, 0, 1
1997182, 0, 1
1997307, 0, 1
1997432, 0, 1
1997557, 0, 1
1997682, 0, 1
1997807, 0, 1
1997932, 0, 0
1998057, 0, 0
1998182, 0, 0
1998307, 0, 0
1998432, 0, 0
1998557, 0, 0
1998682, 0, 0
1998807, 0, 0
1998932, 0, 0
1999057, 0, 0
1999182, 0, 0
1999307, 0, 0
1999432, 0, 0
1999557, 0, 0
1999682, 0, 0
1999807, 0, 0
1999932, 0, prem 1
1999932, 0, 1
2000057, 0, 1
2000182, 0, 1
2000307, 0, 1
2000432, 0, 1
2000557, 0, 1
2000683, 0, 1
2000808, 0, 1
2000933, 0, 1
2001058, 0, 1
2001183, 0, 1
2001308, 0, 1
2001433, 0, 1
2001558, 0, 1
2001683, 0, 1
2001808, 0, 1
2001933, 0, 0
2002058, 0, 0
2002183, 0, 0
2002308, 0, 0
2002433, 0, 0
2002558, 0, 0
2002683, 0, 0
2002808, 0, 0
2002933, 0, 0
2003058, 0, 0
2003183, 0, 0
2003308, 0, 0
2003433, 0, 0
2003558, 0, 0
2003683, 0, 0
2003808, 0, 0
2003933, 0, bit 1
2003933, 0, 1
2004058, 0, 0
2004183, 0, 1
2004308, 0, 0
2004433, 0, 1
2004558, 0, 0
2004683, 0, 0
2004808, 0, 1
2004933, 0, 1
2005058, 0, 0
2005183, 0, 1
2005308, 0, 0
2005433, 0, 1
2005558, 0, 0
2005683, 0, bit 1
2005683, 0, 1
2005808, 0, 0
2005933, 0, 1
2006059, 0, 0
2006184, 0, 1
2006309, 0, 0
2006313, 1, prem 1
2006313, 1, 1
2006434, 0, 0
2006438, 1, 1
2006559, 0, 1
2006563, 1, 1
2006684, 0, 1
2006688, 1, 1
2006809, 0, 0
2006813, 1, 1
2006934, 0, 1
2006938, 1, 1
2007059, 0, 0
2007063, 1, 1
2007184, 0, 1
2007188, 1, 1
2007309, 0, 0
2007313, 1, 1
2007434, 0, bit 1
2007434, 0, 1
2007438, 1, 1
2007559, 0, 0
2007563, 1, 1
2007684, 0, 1
2007688, 1, 1
2007809, 0, 0
2007813, 1, 1
2007934, 0, 1
2007938, 1, 1
2008059, 0, 0
2008064, 1, 1
2008184, 0, 0
2008189, 1, 1
2008309, 0, 1
2008314, 1, 0
2008434, 0, 1
2008439, 1, 0
2008559, 0, 0
2008564, 1, 0
2008684, 0, 1
2008689, 1, 0
2008809, 0, 0
2008814, 1, 0
2008934, 0, 1
2008939, 1, 0
2009059, 0, 0
2009064, 1, 0
2009184, 0, bit 1
2009184, 0, 1
2009189, 1, 0
2009309, 0, 0
2009314, 1, 0
2009434, 0, 1
2009439, 1, 0
2009559, 0, 0
2009564, 1, 0
2009684, 0, 1
2009689, 1, 0
2009809, 0, 0
2009814, 1, 0
2009934, 0, 0
2009939, 1, 0
2010059, 0, 1
2010064, 1, 0
2010184, 0, 1
2010189, 1, 0
2010309, 0, 0
2010314, 1, prem 1
2010314, 1, 1
2010434, 0, 1
2010439, 1, 1
2010559, 0, 0
2010564, 1, 1
2010684, 0, 1
2010689, 1, 1
2010809, 0, 0
2010814, 1, 1
2010934, 0, bit 0
2010934, 0, 0
2010939, 1, 1
2011059, 0, 1
2011064, 1, 1
2011184, 0, 0
2011189, 1, 1
2011309, 0, 1
2011314, 1, 1
2011435, 0, 0
2011439, 1, 1
2011560, 0, 1
2011564, 1, 1
2011685, 0, 1
2011689, 1, 1
2011810, 0, 0
2011814, 1, 1
2011935, 0, 0
2011939, 1, 1
2012060, 0, 1
2012064, 1, 1
2012185, 0, 0
2012189, 1, 1
2012310, 0, 1
2012314, 1, 0
2012435, 0, 0
2012439, 1, 0
2012560, 0, 1
2012564, 1, 0
2012685, 0, bit 0
2012685, 0, 0
2012689, 1, 0
2012810, 0, 1
2012814, 1, 0
2012935, 0, 0
2012939, 1, 0
2013060, 0, 1
2013064, 1, 0
2013185, 0, 0
2013189, 1, 0
2013310, 0, 1
2013314, 1, 0
2013435, 0, 1
2013440, 1, 0
2013560, 0, 0
2013565, 1, 0
2013685, 0, 0
2013690, 1, 0
2013810, 0, 1
2013815, 1, 0
2013935, 0, 0
2013940, 1, 0
2014060, 0, 1
2014065, 1, 0
2014185, 0, 0
2014190, 1, 0
2014310, 0, 1
2014315, 1, prem 0
2014315, 1, 0
2014435, 0, bit 1
2014435, 0, 1
2014440, 1, 0
2014560, 0, 0
2014565, 1, 0
2014685, 0, 1
2014690, 1, 0
2014810, 0, 0
2014815, 1, 0
2014935, 0, 1
2014940, 1, 0
2015060, 0, 0
2015065, 1, 0
2015185, 0, 0
2015190, 1, 0
2015310, 0, 1
2015315, 1, 0
2015435, 0, 1
2015440, 1, 0
2015560, 0, 0
2015565, 1, 0
2015685, 0, 1
2015690, 1, 0
2015810, 0, 0
2015815, 1, 0
2015935, 0, 1
2015940, 1, 0
2016060, 0, 0
2016065, 1, 0
2016185, 0, bit 0
2016185, 0, 0
2016190, 1, 0
2016310, 0, 1
2016315, 1, 1
2016435, 0, 0
2016440, 1, 1
2016560, 0, 1
2016565, 1, 1
2016685, 0, 0
2016690, 1, 1
2016811, 0, 1
2016815, 1, 1
2016936, 0, 1
2016940, 1, 1
2017061, 0, 0
2017065, 1, 1
2017186, 0, 0
2017190, 1, 1
2017311, 0, 1
2017315, 1, 1
2017436, 0, 0
2017440, 1, 1
2017561, 0, 1
2017565, 1, 1
2017686, 0, 0
2017690, 1, 1
2017811, 0, 1
2017815, 1, 1
2017936, 0, bit 1
2017936, 0, 1
2017940, 1, 1
2018061, 0, 0
2018065, 1, 1
2018186, 0, 1
2018190, 1, 1
2018311, 0, 0
2018315, 1, prem 0
2018315, 1, 0
2018436, 0, 1
2018440, 1, 0
2018561, 0, 0
2018565, 1, 0
2018686, 0, 0
2018690, 1, 0
2018811, 0, 1
2018816, 1, 0
2018936, 0, 1
2018941, 1, 0
2019061, 0, 0
2019066, 1, 0
2019186, 0, 1
2019191, 1, 0
2019311, 0, 0
2019316, 1, 0
2019436, 0, 1
2019441, 1, 0
2019561, 0, 0
2019566, 1, 0
2019686, 0, bit 1
2019686, 0, 1
2019691, 1, 0
2019811, 0, 0
2019816, 1, 0
2019936, 0, 1
2019941, 1, 0
2020061, 0, 0
2020066, 1, 0
2020186, 0, 1
2020191, 1, 0
2020311, 0, 0
2020316, 1, 1
2020436, 0, 0
2020441, 1, 1
2020561, 0, 1
2020566, 1, 1
2020686, 0, 1
2020691, 1, 1
2020811, 0, 0
2020816, 1, 1
2020936, 0, 1
2020941, 1, 1
2021061, 0, 0
2021066, 1, 1
2021186, 0, 1
2021191, 1, 1
2021311, 0, 0
2021316, 1, 1
2021436, 0, bit 0
2021436, 0, 0
2021441, 1, 1
2021561, 0, 1
2021566, 1, 1
2021686, 0, 0
2021691, 1, 1
2021811, 0, 1
2021816, 1, 1
2021936, 0, 0
2021941, 1, 1
2022061, 0, 1
2022066, 1, 1
2022187, 0, 1
2022191, 1, 1
2022312, 0, 0
2022316, 1, prem 0
2022316, 1, 0
2022437, 0, 0
2022441, 1, 0
2022562, 0, 1
2022566, 1, 0
2022687, 0, 0
2022691, 1, 0
2022812, 0, 1
2022816, 1, 0
2022937, 0, 0
2022941, 1, 0
2023062, 0, 1
2023066, 1, 0
2023187, 0, bit 1
2023187, 0, 1
2023191, 1, 0
2023312, 0, 0
2023316, 1, 0
2023437, 0, 1
2023441, 1, 0
2023562, 0, 0
2023566, 1, 0
2023687, 0, 1
2023691, 1, 0
2023812, 0, 0
2023816, 1, 0
2023937, 0, 0
2023941, 1, 0
2024062, 0, 1
2024066, 1, 0
2024187, 0, 1
2024192, 1, 0
2024312, 0, 0
2024317, 1, 1
2024437, 0, 1
2024442, 1, 1
2024562, 0, 0
2024567, 1, 1
2024687, 0, 1
2024692, 1, 1
2024812, 0, 0
2024817, 1, 1
2024937, 0, bit 1
2024940, 0, 1
2024942, 1, 1
2025062, 0, 0
2025067, 1, 1
2025187, 0, 1
2025192, 1, 1
2025312, 0, 0
2025317, 1, 1
2025437, 0, 1
2025442, 1, 1
2025562, 0, 0
2025567, 1, 1
2025687, 0, 0
2025692, 1, 1
2025812, 0, 1
2025817, 1, 1
2025937, 0, 1
2025942, 1, 1
2026062, 0, 0
2026067, 1, 1
2026187, 0, 1
2026192, 1, 1
2026312, 0, 0
2026317, 1, prem 0
2026317, 1, 0
2026437, 0, 1
2026442, 1, 0
2026562, 0, 0
2026567, 1, 0
2026687, 0, bit 0
2026687, 0, 0
2026692, 1, 0
2026812, 0, 1
2026817, 1, 0
2026937, 0, 0
2026942, 1, 0
2027062, 0, 1
2027067, 1, 0
2027187, 0, 0
2027192, 1, 0
2027312, 0, 1
2027317, 1, 0
2027437, 0, 1
2027442, 1, 0
2027563, 0, 0
2027567, 1, 0
2027688, 0, 0
2027692, 1, 0
2027813, 0, 1
2027817, 1, 0
2027938, 0, 0
2027942, 1, 0
2028063, 0, 1
2028067, 1, 0
2028188, 0, 0
2028192, 1, 0
2028313, 0, 1
2028317, 1, 1
2028438, 0, bit 1
2028438, 0, 1
2028442, 1, 1
2028563, 0, 0
2028567, 1, 1
2028688, 0, 1
2028692, 1, 1
2028813, 0, 0
2028817, 1, 1
2028938, 0, 1
2028942, 1, 1
2029063, 0, 0
2029067, 1, 1
2029188, 0, 0
2029192, 1, 1
2029313, 0, 1
2029317, 1, 1
2029438, 0, 1
2029442, 1, 1
2029563, 0, 0
2029568, 1, 1
2029688, 0, 1
2029693, 1, 1
2029813, 0, 0
2029818, 1, 1
2029938, 0, 1
2029943, 1, 1
2030063, 0, 0
2030068, 1, 1
2030188, 0, bit 0
2030188, 0, 0
2030193, 1, 1
2030313, 0, 1
2030318, 1, prem 0
2030318, 1, 0
2030438, 0, 0
2030443, 1, 0
2030563, 0, 1
2030568, 1, 0
2030688, 0, 0
2030693, 1, 0
2030813, 0, 1
2030818, 1, 0
2030938, 0, 1
2030943, 1, 0
2031063, 0, 0
2031068, 1, 0
2031188, 0, 0
2031193, 1, 0
2031313, 0, 1
2031318, 1, 0
2031438, 0, 0
2031443, 1, 0
2031563, 0, 1
2031568, 1, 0
2031688, 0, 0
2031693, 1, 0
2031813, 0, 1
2031818, 1, 0
2031938, 0, bit 1
2031938, 0, 1
2031943, 1, 0
2032063, 0, 0
2032068, 1, 0
2032188, 0, 1
2032193, 1, 0
2032313, 0, 0
2032318, 1, 1
2032438, 0, 1
2032443, 1, 1
2032563, 0, 0
2032568, 1, 1
2032688, 0, 0
2032693, 1, 1
2032813, 0, 1
2032818, 1, 1
2032939, 0, 1
2032943, 1, 1
2033064, 0, 0
2033068, 1, 1
2033189, 0, 1
2033193, 1, 1
2033314, 0, 0
2033318, 1, 1
2033439, 0, 1
2033443, 1, 1
2033564, 0, 0
2033568, 1, 1
2033689, 0, bit 0
2033689, 0, 0
2033693, 1, 1
2033814, 0, 1
2033818, 1, 1
2033939, 0, 0
2033943, 1, 1
2034064, 0, 1
2034068, 1, 1
2034189, 0, 0
2034193, 1, 1
2034314, 0, 1
2034318, 1, bit 1
2034318, 1, 1
2034439, 0, 1
2034443, 1, 0
2034564, 0, 0
2034568, 1, 1
2034689, 0, 0
2034693, 1, 0
2034696, 2, prem 0
2034696, 2, 0
2034814, 0, 1
2034818, 1, 0
2034821, 2, 0
2034939, 0, 0
2034944, 1, 1
2034946, 2, 0
2035064, 0, 1
2035069, 1, 0
2035072, 2, 0
2035189, 0, 0
2035194, 1, 1
2035197, 2, 0
2035314, 0, 1
2035319, 1, 0
2035322, 2, 0
2035439, 0, bit 0
2035439, 0, 0
2035444, 1, 1
2035447, 2, 0
2035564, 0, 1
2035569, 1, 0
2035572, 2, 0
2035689, 0, 0
2035694, 1, 1
2035697, 2, 0
2035814, 0, 1
2035819, 1, 0
2035822, 2, 0
2035939, 0, 0
2035944, 1, 1
2035947, 2, 0
2036064, 0, 1
2036069, 1, bit 0
2036072, 1, 0
2036072, 2, 0
2036189, 0, 1
2036194, 1, 1
2036197, 2, 0
2036314, 0, 0
2036319, 1, 0
2036322, 2, 0
2036439, 0, 0
2036444, 1, 1
2036447, 2, 0
2036564, 0, 1
2036569, 1, 1
2036572, 2, 0
2036689, 0, 0
2036694, 1, 0
2036697, 2, 1
2036814, 0, 1
2036819, 1, 1
2036822, 2, 1
2036939, 0, 0
2036944, 1, 0
2036947, 2, 1
2037064, 0, 1
2037069, 1, 1
2037072, 2, 1
2037189, 0, bit 1
2037189, 0, 1
2037194, 1, 0
2037197, 2, 1
2037314, 0, 0
2037319, 1, 1
2037322, 2, 1
2037439, 0, 1
2037444, 1, 0
2037447, 2, 1
2037564, 0, 0
2037569, 1, 1
2037572, 2, 1
2037689, 0, 1
2037694, 1, 0
2037697, 2, 1
2037814, 0, 0
2037819, 1, bit 0
2037819, 1, 0
2037822, 2, 1
2037939, 0, 0
2037944, 1, 1
2037947, 2, 1
2038064, 0, 1
2038069, 1, 0
2038072, 2, 1
2038189, 0, 1
2038194, 1, 1
2038197, 2, 1
2038315, 0, 0
2038319, 1, 1
2038322, 2, 1
2038440, 0, 1
2038444, 1, 0
2038447, 2, 1
2038565, 0, 0
2038569, 1, 1
2038572, 2, 1
2038690, 0, 1
2038694, 1, 0
2038697, 2, prem 0
2038697, 2, 0
2038815, 0, 0
2038819, 1, 1
2038822, 2, 0
2038940, 0, bit 0
2038940, 0, 0
2038944, 1, 0
2038947, 2, 0
2039065, 0, 1
2039069, 1, 1
2039072, 2, 0
2039190, 0, 0
2039194, 1, 0
2039197, 2, 0
2039315, 0, 1
2039319, 1, 1
2039322, 2, 0
2039440, 0, 0
2039444, 1, 0
2039447, 2, 0
2039565, 0, 1
2039569, 1, bit 1
2039569, 1, 1
2039572, 2, 0
2039690, 0, 1
2039694, 1, 0
2039697, 2, 0
2039815, 0, 0
2039819, 1, 1
2039822, 2, 0
2039940, 0, 0
2039944, 1, 0
2039947, 2, 0
2040065, 0, 1
2040069, 1, 0
2040072, 2, 0
2040190, 0, 0
2040194, 1, 1
2040197, 2, 0
2040315, 0, 1
2040320, 1, 0
2040322, 2, 0
2040440, 0, 0
2040445, 1, 1
2040448, 2, 0
2040565, 0, 1
2040570, 1, 0
2040573, 2, 0
2040690, 0, bit 1
2040690, 0, 1
2040695, 1, 1
2040698, 2, 1
2040815, 0, 0
2040820, 1, 0
2040823, 2, 1
2040940, 0, 1
2040945, 1, 1
2040948, 2, 1
2041065, 0, 0
2041070, 1, 0
2041073, 2, 1
2041190, 0, 1
2041195, 1, 1
2041198, 2, 1
2041315, 0, 0
2041320, 1, bit 1
2041320, 1, 1
2041323, 2, 1
2041440, 0, 0
2041445, 1, 0
2041448, 2, 1
2041565, 0, 1
2041570, 1, 1
2041573, 2, 1
2041690, 0, 1
2041695, 1, 0
2041698, 2, 1
2041815, 0, 0
2041820, 1, 0
2041823, 2, 1
2041940, 0, 1
2041945, 1, 1
2041948, 2, 1
2042065, 0, 0
2042070, 1, 0
2042073, 2, 1
2042190, 0, 1
2042195, 1, 1
2042198, 2, 1
2042315, 0, 0
2042320, 1, 0
2042323, 2, 1
2042440, 0, bit 1
2042440, 0, 1
2042445, 1, 1
2042448, 2, 1
2042565, 0, 0
2042570, 1, 0
2042573, 2, 1
2042690, 0, 1
2042695, 1, 1
2042698, 2, prem 0
2042701, 2, 0
2042815, 0, 0
2042820, 1, 0
2042823, 2, 0
2042940, 0, 1
2042945, 1, 1
2042948, 2, 0
2043065, 0, 0
2043070, 1, bit 1
2043070, 1, 1
2043073, 2, 0
2043190, 0, 0
2043195, 1, 0
2043198, 2, 0
2043315, 0, 1
2043320, 1, 1
2043323, 2, 0
2043440, 0, 1
2043445, 1, 0
2043448, 2, 0
2043565, 0, 0
2043570, 1, 0
2043573, 2, 0
2043691, 0, 1
2043695, 1, 1
2043698, 2, 0
2043816, 0, 0
2043820, 1, 0
2043823, 2, 0
2043941, 0, 1
2043945, 1, 1
2043948, 2, 0
2044066, 0, 0
2044070, 1, 0
2044073, 2, 0
2044191, 0, bit 0
2044191, 0, 0
2044195, 1, 1
2044198, 2, 0
2044316, 0, 1
2044320, 1, 0
2044323, 2, 0
2044441, 0, 0
2044445, 1, 1
2044448, 2, 0
2044566, 0, 1
2044570, 1, 0
2044573, 2, 0
2044691, 0, 0
2044695, 1, 1
2044698, 2, 1
2044816, 0, 1
2044820, 1, bit 1
2044820, 1, 1
2044823, 2, 1
2044941, 0, 1
2044945, 1, 0
2044948, 2, 1
2045066, 0, 0
2045070, 1, 1
2045073, 2, 1
2045191, 0, 0
2045195, 1, 0
2045198, 2, 1
2045316, 0, 1
2045320, 1, 0
2045323, 2, 1
2045441, 0, 0
2045445, 1, 1
2045448, 2, 1
2045566, 0, 1
2045570, 1, 0
2045573, 2, 1
2045691, 0, 0
2045696, 1, 1
2045698, 2, 1
2045816, 0, 1
2045821, 1, 0
2045824, 2, 1
2045941, 0, bit 1
2045941, 0, 1
2045946, 1, 1
2045949, 2, 1
2046066, 0, 0
2046071, 1, 0
2046074, 2, 1
2046191, 0, 1
2046196, 1, 1
2046199, 2, 1
2046316, 0, 0
2046321, 1, 0
2046324, 2, 1
2046441, 0, 1
2046446, 1, 1
2046449, 2, 1
2046566, 0, 0
2046571, 1, bit 0
2046571, 1, 0
2046574, 2, 1
2046691, 0, 0
2046696, 1, 1
2046699, 2, prem 0
2046699, 2, 0
2046816, 0, 1
2046821, 1, 0
2046824, 2, 0
2046941, 0, 1
2046946, 1, 1
2046949, 2, 0
2047066, 0, 0
2047071, 1, 1
2047074, 2, 0
2047191, 0, 1
2047196, 1, 0
2047199, 2, 0
2047316, 0, 0
2047321, 1, 1
2047324, 2, 0
2047441, 0, 1
2047446, 1, 0
2047449, 2, 0
2047566, 0, 0
2047571, 1, 1
2047574, 2, 0
2047691, 0, bit 0
2047691, 0, 0
2047696, 1, 0
2047699, 2, 0
2047816, 0, 1
2047821, 1, 1
2047824, 2, 0
2047941, 0, 0
2047946, 1, 0
2047949, 2, 0
2048066, 0, 1
2048071, 1, 1
2048074, 2, 0
2048191, 0, 0
2048196, 1, 0
2048199, 2, 0
2048316, 0, 1
2048321, 1, bit 1
2048321, 1, 1
2048324, 2, 0
2048441, 0, 1
2048446, 1, 0
2048449, 2, 0
2048566, 0, 0
2048571, 1, 1
2048574, 2, 0
2048691, 0, 0
2048696, 1, 0
2048699, 2, 1
2048816, 0, 1
2048821, 1, 0
2048824, 2, 1
2048941, 0, 0
2048946, 1, 1
2048949, 2, 1
2049067, 0, 1
2049071, 1, 0
2049074, 2, 1
2049192, 0, 0
2049196, 1, 1
2049199, 2, 1
2049317, 0, 1
2049321, 1, 0
2049324, 2, 1
2049442, 0, bit 0
2049442, 0, 0
2049446, 1, 1
2049449, 2, 1
2049567, 0, 1
2049571, 1, 0
2049574, 2, 1
2049692, 0, 0
2049696, 1, 1
2049699, 2, 1
2049817, 0, 1
2049821, 1, 0
2049824, 2, 1
2049942, 0, 0
2049946, 1, 1
2049949, 2, 1
2050067, 0, 1
2050071, 1, bit 1
2050071, 1, 1
2050074, 2, 1
2050192, 0, 1
2050196, 1, 0
2050199, 2, 1
2050317, 0, 0
2050321, 1, 1
2050324, 2, 1
2050442, 0, 0
2050446, 1, 0
2050449, 2, 1
2050567, 0, 1
2050571, 1, 0
2050574, 2, 1
2050692, 0, 0
2050696, 1, 1
2050699, 2, prem 1
2050699, 2, 1
2050817, 0, 1
2050821, 1, 0
2050824, 2, 1
2050942, 0, 0
2050946, 1, 1
2050949, 2, 1
2051067, 0, 1
2051072, 1, 0
2051074, 2, 1
2051192, 0, bit 0
2051192, 0, 0
2051197, 1, 1
2051200, 2, 1
2051317, 0, 1
2051322, 1, 0
2051325, 2, 1
2051442, 0, 0
2051447, 1, 1
2051450, 2, 1
2051567, 0, 1
2051572, 1, 0
2051575, 2, 1
2051692, 0, 0
2051697, 1, 1
2051700, 2, 1
2051817, 0, 1
2051822, 1, bit 1
2051822, 1, 1
2051825, 2, 1
2051942, 0, 1
2051947, 1, 0
2051950, 2, 1
2052067, 0, 0
2052072, 1, 1
2052075, 2, 1
2052192, 0, 0
2052197, 1, 0
2052200, 2, 1
2052317, 0, 1
2052322, 1, 0
2052325, 2, 1
2052442, 0, 0
2052447, 1, 1
2052450, 2, 1
2052567, 0, 1
2052572, 1, 0
2052575, 2, 1
2052692, 0, 0
2052697, 1, 1
2052700, 2, 0
2052817, 0, 1
2052822, 1, 0
2052825, 2, 0
2052942, 0, bit 0
2052942, 0, 0
2052947, 1, 1
2052950, 2, 0
2053067, 0, 1
2053072, 1, 0
2053075, 2, 0
2053192, 0, 0
2053197, 1, 1
2053200, 2, 0
2053317, 0, 1
2053322, 1, 0
2053325, 2, 0
2053442, 0, 0
2053447, 1, 1
2053450, 2, 0
2053567, 0, 1
2053572, 1, bit 1
2053572, 1, 1
2053575, 2, 0
2053692, 0, 1
2053697, 1, 0
2053700, 2, 0
2053817, 0, 0
2053822, 1, 1
2053825, 2, 0
2053942, 0, 0
2053947, 1, 0
2053950, 2, 0
2054067, 0, 1
2054072, 1, 0
2054075, 2, 0
2054192, 0, 0
2054197, 1, 1
2054200, 2, 0
2054317, 0, 1
2054322, 1, 0
2054325, 2, 0
2054443, 0, 0
2054447, 1, 1
2054450, 2, 0
2054568, 0, 1
2054572, 1, 0
2054575, 2, 0
2054693, 0, bit 1
2054696, 0, 1
2054697, 1, 1
2054700, 2, prem 0
2054700, 2, 0
2054818, 0, 0
2054822, 1, 0
2054825, 2, 0
2054943, 0, 1
2054947, 1, 1
2054950, 2, 0
2055068, 0, 0
2055072, 1, 0
2055075, 2, 0
2055193, 0, 1
2055197, 1, 1
2055200, 2, 0
2055318, 0, 0
2055322, 1, bit 0
2055322, 1, 0
2055325, 2, 0
2055443, 0, 0
2055447, 1, 1
2055450, 2, 0
2055568, 0, 1
2055572, 1, 0
2055575, 2, 0
2055693, 0, 1
2055697, 1, 1
2055700, 2, 0
2055818, 0, 0
2055822, 1, 1
2055825, 2, 0
2055943, 0, 1
2055947, 1, 0
2055950, 2, 0
2056068, 0, 0
2056072, 1, 1
2056075, 2, 0
2056193, 0, 1
2056197, 1, 0
2056200, 2, 0
2056318, 0, 0
2056322, 1, 1
2056325, 2, 0
2056443, 0, bit 1
2056443, 0, 1
2056448, 1, 0
2056450, 2, 0
2056568, 0, 0
2056573, 1, 1
2056576, 2, 0
2056693, 0, 1
2056698, 1, 0
2056701, 2, 1
2056818, 0, 0
2056823, 1, 1
2056826, 2, 1
2056943, 0, 1
2056948, 1, 0
2056951, 2, 1
2057068, 0, 0
2057073, 1, bit 0
2057073, 1, 0
2057076, 2, 1
2057193, 0, 0
2057198, 1, 1
2057201, 2, 1
2057318, 0, 1
2057323, 1, 0
2057326, 2, 1
2057443, 0, 1
2057448, 1, 1
2057451, 2, 1
2057568, 0, 0
2057573, 1, 1
2057576, 2, 1
2057693, 0, 1
2057698, 1, 0
2057701, 2, 1
2057818, 0, 0
2057823, 1, 1
2057826, 2, 1
2057943, 0, 1
2057948, 1, 0
2057951, 2, 1
2058068, 0, 0
2058073, 1, 1
2058076, 2, 1
2058193, 0, bit 1
2058193, 0, 1
2058198, 1, 0
2058201, 2, 1
2058318, 0, 0
2058323, 1, 1
2058326, 2, 1
2058443, 0, 1
2058448, 1, 0
2058451, 2, 1
2058568, 0, 0
2058573, 1, 1
2058576, 2, 1
2058693, 0, 1
2058698, 1, 0
2058701, 2, prem 1
2058701, 2, 1
2058818, 0, 0
2058823, 1, bit 0
2058823, 1, 0
2058826, 2, 1
2058943, 0, 0
2058948, 1, 1
2058951, 2, 1
2059068, 0, 1
2059073, 1, 0
2059076, 2, 1
2059193, 0, 1
2059198, 1, 1
2059201, 2, 1
2059318, 0, 0
2059323, 1, 1
2059326, 2, 1
2059443, 0, 1
2059448, 1, 0
2059451, 2, 1
2059568, 0, 0
2059573, 1, 1
2059576, 2, 1
2059693, 0, 1
2059698, 1, 0
2059701, 2, 1
2059819, 0, 0
2059823, 1, 1
2059826, 2, 1
2059944, 0, bit 0
2059944, 0, 0
2059948, 1, 0
2059951, 2, 1
2060069, 0, 1
2060073, 1, 1
2060076, 2, 1
2060194, 0, 0
2060198, 1, 0
2060201, 2, 1
2060319, 0, 1
2060323, 1, 1
2060326, 2, 1
2060444, 0, 0
2060448, 1, 0
2060451, 2, 1
2060569, 0, 1
2060573, 1, bit 1
2060573, 1, 1
2060576, 2, 1
2060694, 0, 1
2060698, 1, 0
2060701, 2, 0
2060819, 0, 0
2060823, 1, 1
2060826, 2, 0
2060944, 0, 0
2060948, 1, 0
2060951, 2, 0
2061069, 0, 1
2061073, 1, 0
2061076, 2, 0
2061194, 0, 0
2061198, 1, 1
2061201, 2, 0
2061319, 0, 1
2061323, 1, 0
2061326, 2, 0
2061444, 0, 0
2061448, 1, 1
2061451, 2, 0
2061569, 0, 1
2061573, 1, 0
2061576, 2, 0
2061694, 0, bit 0
2061694, 0, 0
2061698, 1, 1
2061701, 2, 0
2061819, 0, 1
2061824, 1, 0
2061826, 2, 0
2061944, 0, 0
2061949, 1, 1
2061952, 2, 0
2062069, 0, 1
2062074, 1, 0
2062077, 2, 0
2062194, 0, 0
2062199, 1, 1
2062202, 2, 0
2062319, 0, 1
2062324, 1, bit 1
2062324, 1, 1
2062327, 2, 0
2062444, 0, 1
2062449, 1, 0
2062452, 2, 0
2062569, 0, 0
2062574, 1, 1
2062577, 2, 0
2062694, 0, 0
2062699, 1, 0
2062702, 2, bit 1
2062702, 2, 0
2062819, 0, 1
2062824, 1, 0
2062827, 2, 1
2062944, 0, 0
2062949, 1, 1
2062952, 2, 0
2063069, 0, 1
2063074, 1, 0
2063077, 2, 1
2063194, 0, 0
2063199, 1, 1
2063202, 2, 0
2063319, 0, 1
2063324, 1, 0
2063327, 2, 1
2063444, 0, bit 0
2063444, 0, 0
2063449, 1, 1
2063452, 2, 0
2063569, 0, 1
2063574, 1, 0
2063577, 2, 1
2063694, 0, 0
2063699, 1, 1
2063702, 2, 1
2063819, 0, 1
2063824, 1, 0
2063827, 2, 0
2063944, 0, 0
2063949, 1, 1
2063952, 2, 0
2064069, 0, 1
2064074, 1, bit 1
2064074, 1, 1
2064077, 2, 1
2064194, 0, 1
2064199, 1, 0
2064202, 2, 1
2064319, 0, 0
2064324, 1, 1
2064327, 2, 0
2064444, 0, 0
2064449, 1, 0
2064452, 2, bit 0
2064452, 2, 1
2064569, 0, 1
2064574, 1, 0
2064577, 2, 0
2064694, 0, 0
2064699, 1, 1
2064702, 2, 1
2064819, 0, 1
2064824, 1, 0
2064827, 2, 0
2064944, 0, 0
2064949, 1, 1
2064952, 2, 1
2065069, 0, 1
2065074, 1, 0
2065077, 2, 0
2065195, 0, bit 0
2065195, 0, 0
2065199, 1, 1
2065202, 2, 1
2065320, 0, 1
2065324, 1, 0
2065327, 2, 0
2065445, 0, 0
2065449, 1, 1
2065452, 2, 0
2065570, 0, 1
2065574, 1, 0
2065577, 2, 1
2065695, 0, 0
2065699, 1, 1
2065702, 2, 1
2065820, 0, 1
2065824, 1, bit 0
2065824, 1, 0
2065827, 2, 0
2065945, 0, 1
2065949, 1, 1
2065952, 2, 0
2066070, 0, 0
2066074, 1, 0
2066077, 2, 1
2066195, 0, 0
2066199, 1, 1
2066202, 2, bit 0
2066202, 2, 1
2066320, 0, 1
2066324, 1, 1
2066327, 2, 0
2066445, 0, 0
2066449, 1, 0
2066452, 2, 1
2066570, 0, 1
2066574, 1, 1
2066577, 2, 0
2066695, 0, 0
2066699, 1, 0
2066702, 2, 1
2066820, 0, 1
2066824, 1, 1
2066827, 2, 0
2066945, 0, bit 1
2066945, 0, 1
2066949, 1, 0
2066952, 2, 1
2067070, 0, 0
2067074, 1, 1
2067077, 2, 0
2067195, 0, 1
2067200, 1, 0
2067202, 2, 0
2067320, 0, 0
2067325, 1, 1
2067328, 2, 1
2067445, 0, 1
2067450, 1, 0
2067453, 2, 1
2067570, 0, 0
2067575, 1, bit 1
2067575, 1, 1
2067578, 2, 0
2067695, 0, 0
2067700, 1, 0
2067703, 2, 0
2067820, 0, 1
2067825, 1, 1
2067828, 2, 1
2067945, 0, 1
2067950, 1, 0
2067953, 2, bit 1
2067953, 2, 0
2068070, 0, 0
2068075, 1, 0
2068078, 2, 1
2068195, 0, 1
2068200, 1, 1
2068203, 2, 0
2068320, 0, 0
2068325, 1, 0
2068328, 2, 1
2068445, 0, 1
2068450, 1, 1
2068453, 2, 0
2068570, 0, 0
2068575, 1, 0
2068578, 2, 1
2068695, 0, bit 0
2068695, 0, 0
2068700, 1, 1
2068703, 2, 0
2068820, 0, 1
2068825, 1, 0
2068828, 2, 1
2068945, 0, 0
2068950, 1, 1
2068953, 2, 1
2069070, 0, 1
2069075, 1, 0
2069078, 2, 0
2069195, 0, 0
2069200, 1, 1
2069203, 2, 0
2069320, 0, 1
2069325, 1, bit 1
2069325, 1, 1
2069328, 2, 1
2069445, 0, 1
2069450, 1, 0
2069453, 2, 1
2069570, 0, 0
2069575, 1, 1
2069578, 2, 0
2069695, 0, 0
2069700, 1, 0
2069703, 2, bit 1
2069703, 2, 0
2069820, 0, 1
2069825, 1, 0
2069828, 2, 1
2069945, 0, 0
2069950, 1, 1
2069953, 2, 0
2070070, 0, 1
2070075, 1, 0
2070078, 2, 1
2070195, 0, 0
2070200, 1, 1
2070203, 2, 0
2070320, 0, 1
2070325, 1, 0
2070328, 2, 1
2070445, 0, bit 0
2070448, 0, 0
2070450, 1, 1
2070453, 2, 0
2070571, 0, 1
2070575, 1, 0
2070578, 2, 1
2070696, 0, 0
2070700, 1, 1
2070703, 2, 1
2070821, 0, 1
2070825, 1, 0
2070828, 2, 0
2070946, 0, 0
2070950, 1, 1
2070953, 2, 0
2071071, 0, 1
2071075, 1, bit 0
2071075, 1, 0
2071078, 2, 1
2071196, 0, 1
2071200, 1, 1
2071203, 2, 1
2071321, 0, 0
2071325, 1, 0
2071328, 2, 0
2071446, 0, 0
2071450, 1, 1
2071453, 2, bit 0
2071453, 2, 1
2071571, 0, 1
2071575, 1, 1
2071578, 2, 0
2071696, 0, 0
2071700, 1, 0
2071703, 2, 1
2071821, 0, 1
2071825, 1, 1
2071828, 2, 0
2071946, 0, 0
2071950, 1, 0
2071953, 2, 1
2072071, 0, 1
2072075, 1, 1
2072078, 2, 0
2072196, 0, bit 0
2072196, 0, 0
2072200, 1, 0
2072203, 2, 1
2072321, 0, 1
2072325, 1, 1
2072328, 2, 0
2072446, 0, 0
2072450, 1, 0
2072453, 2, 0
2072571, 0, 1
2072576, 1, 1
2072578, 2, 1
2072696, 0, 0
2072701, 1, 0
2072704, 2, 1
2072821, 0, 1
2072826, 1, bit 1
2072826, 1, 1
2072829, 2, 0
2072946, 0, 1
2072951, 1, 0
2072954, 2, 0
2073071, 0, 0
2073076, 1, 1
2073079, 2, 1
2073196, 0, 0
2073201, 1, 0
2073204, 2, bit 1
2073204, 2, 0
2073321, 0, 1
2073326, 1, 0
2073329, 2, 1
2073446, 0, 0
2073451, 1, 1
2073454, 2, 0
2073571, 0, 1
2073576, 1, 0
2073579, 2, 1
2073696, 0, 0
2073701, 1, 1
2073704, 2, 0
2073821, 0, 1
2073826, 1, 0
2073829, 2, 1
2073946, 0, bit 1
2073946, 0, 1
2073951, 1, 1
2073954, 2, 0
2074071, 0, 0
2074076, 1, 0
2074079, 2, 1
2074196, 0, 1
2074201, 1, 1
2074204, 2, 1
2074321, 0, 0
2074326, 1, 0
2074370, 2, 0
2074446, 0, 1
2074451, 1, 1
2074496, 2, 0
2074571, 0, 0
2074576, 1, bit 0
2074576, 1, 0
2074621, 2, 1
2074696, 0, 0
2074701, 1, 1
2074746, 2, 1
2074821, 0, 1
2074826, 1, 0
2074871, 2, 0
2074946, 0, 1
2074951, 1, 1
2074996, 2, bit 0
2074996, 2, 1
2075071, 0, 0
2075076, 1, 1
2075121, 2, 0
2075196, 0, 1
2075201, 1, 0
2075246, 2, 1
2075321, 0, 0
2075326, 1, 1
2075371, 2, 0
2075446, 0, 1
2075451, 1, 0
2075496, 2, 1
2075571, 0, 0
2075576, 1, 1
2075621, 2, 0
2075696, 0, bit 0
2075699, 0, 0
2075701, 1, 0
2075746, 2, 1
2075821, 0, 1
2075826, 1, 1
2075871, 2, 0
2075947, 0, 0
2075951, 1, 0
2075996, 2, 0
2076072, 0, 1
2076076, 1, 1
2076121, 2, 1
2076197, 0, 0
2076201, 1, 0
2076246, 2, 1
2076322, 0, 1
2076326, 1, bit 1
2076326, 1, 1
2076371, 2, 0
2076447, 0, 1
2076451, 1, 0
2076496, 2, 0
2076572, 0, 0
2076576, 1, 1
2076621, 2, 1
2076697, 0, 0
2076701, 1, 0
2076746, 2, bit 0
2076746, 2, 1
2076822, 0, 1
2076826, 1, 0
2076871, 2, 0
2076947, 0, 0
2076951, 1, 1
2076996, 2, 1
2077072, 0, 1
2077076, 1, 0
2077121, 2, 0
2077197, 0, 0
2077201, 1, 1
2077246, 2, 1
2077322, 0, 1
2077326, 1, 0
2077371, 2, 0
2077447, 0, bit 1
2077447, 0, 1
2077451, 1, 1
2077496, 2, 1
2077572, 0, 0
2077576, 1, 0
2077621, 2, 0
2077697, 0, 1
2077701, 1, 1
2077746, 2, 0
2077822, 0, 0
2077826, 1, 0
2077871, 2, 1
2077947, 0, 1
2077952, 1, 1
2077996, 2, 1
2078072, 0, 0
2078077, 1, bit 0
2078077, 1, 0
2078121, 2, 0
2078197, 0, 0
2078202, 1, 1
2078246, 2, 0
2078322, 0, 1
2078327, 1, 0
2078371, 2, 1
2078447, 0, 1
2078452, 1, 1
2078496, 2, bit 0
2078496, 2, 1
2078572, 0, 0
2078577, 1, 1
2078621, 2, 0
2078697, 0, 1
2078702, 1, 0
2078746, 2, 1
2078822, 0, 0
2078827, 1, 1
2078871, 2, 0
2078947, 0, 1
2078952, 1, 0
2078996, 2, 1
2079072, 0, 0
2079077, 1, 1
2079121, 2, 0
2079197, 0, bit 1
2079197, 0, 1
2079202, 1, 0
2079246, 2, 1
2079322, 0, 0
2079327, 1, 1
2079371, 2, 0
2079447, 0, 1
2079452, 1, 0
2079496, 2, 0
2079572, 0, 0
2079577, 1, 1
2079621, 2, 1
2079697, 0, 1
2079702, 1, 0
2079746, 2, 1
2079822, 0, 0
2079827, 1, bit 1
2079827, 1, 1
2079872, 2, 0
2079947, 0, 0
2079952, 1, 0
2079997, 2, 0
2080072, 0, 1
2080077, 1, 1
2080122, 2, 1
2080197, 0, 1
2080202, 1, 0
2080247, 2, bit 0
2080247, 2, 1
2080322, 0, 0
2080327, 1, 0
2080372, 2, 0
2080447, 0, 1
2080452, 1, 1
2080497, 2, 1
2080572, 0, 0
2080577, 1, 0
2080622, 2, 0
2080697, 0, 1
2080702, 1, 1
2080747, 2, 1
2080822, 0, 0
2080827, 1, 0
2080872, 2, 0
2080947, 0, bit 0
2080947, 0, 0
2080952, 1, 1
2080997, 2, 1
2081072, 0, 1
2081077, 1, 0
2081122, 2, 0
2081197, 0, 0
2081202, 1, 1
2081247, 2, 0
2081323, 0, 1
2081327, 1, 0
2081372, 2, 1
2081448, 0, 0
2081452, 1, 1
2081497, 2, 1
2081573, 0, 1
2081577, 1, bit 1
2081577, 1, 1
2081622, 2, 0
2081698, 0, 1
2081702, 1, 0
2081747, 2, 0
2081823, 0, 0
2081827, 1, 1
2081872, 2, 1
2081948, 0, 0
2081952, 1, 0
2081997, 2, bit 0
2081997, 2, 1
2082073, 0, 1
2082077, 1, 0
2082122, 2, 0
2082198, 0, 0
2082202, 1, 1
2082247, 2, 1
2082323, 0, 1
2082327, 1, 0
2082372, 2, 0
2082448, 0, 0
2082452, 1, 1
2082497, 2, 1
2082573, 0, 1
2082577, 1, 0
2082622, 2, 0
2082698, 0, bit 0
2082698, 0, 0
2082702, 1, 1
2082747, 2, 1
2082823, 0, 1
2082827, 1, 0
2082872, 2, 0
2082948, 0, 0
2082952, 1, 1
2082997, 2, 0
2083073, 0, 1
2083077, 1, 0
2083122, 2, 1
2083198, 0, 0
2083202, 1, 1
2083247, 2, 1
2083323, 0, 1
2083328, 1, bit 0
2083328, 1, 0
2083372, 2, 0
2083448, 0, 1
2083453, 1, 1
2083497, 2, 0
2083573, 0, 0
2083578, 1, 0
2083622, 2, 1
2083698, 0, 0
2083703, 1, 1
2083747, 2, bit 1
2083747, 2, 0
2083823, 0, 1
2083828, 1, 1
2083872, 2, 1
2083948, 0, 0
2083953, 1, 0
2083997, 2, 0
2084073, 0, 1
2084078, 1, 1
2084122, 2, 1
2084198, 0, 0
2084203, 1, 0
2084247, 2, 0
2084323, 0, 1
2084328, 1, 1
2084372, 2, 1
2084448, 0, bit 1
2084448, 0, 1
2084453, 1, 0
2084497, 2, 0
2084573, 0, 0
2084578, 1, 1
2084622, 2, 1
2084698, 0, 1
2084703, 1, 0
2084747, 2, 1
2084823, 0, 0
2084828, 1, 1
2084872, 2, 0
2084948, 0, 1
2084953, 1, 0
2084997, 2, 0
2085073, 0, 0
2085078, 1, bit 1
2085078, 1, 1
2085122, 2, 1
2085198, 0, 0
2085203, 1, 0
2085248, 2, 1
2085323, 0, 1
2085328, 1, 1
2085373, 2, 0
2085448, 0, 1
2085453, 1, 0
2085498, 2, bit 1
2085498, 2, 0
2085573, 0, 0
2085578, 1, 0
2085623, 2, 1
2085698, 0, 1
2085703, 1, 1
2085748, 2, 0
2085823, 0, 0
2085828, 1, 0
2085873, 2, 1
2085948, 0, 1
2085953, 1, 1
2085998, 2, 0
2086073, 0, 0
2086078, 1, 0
2086123, 2, 1
2086198, 0, bit 1
2086198, 0, 1
2086203, 1, 1
2086248, 2, 0
2086323, 0, 0
2086328, 1, 0
2086373, 2, 1
2086448, 0, 1
2086453, 1, 1
2086498, 2, 1
2086573, 0, 0
2086578, 1, 0
2086623, 2, 0
2086699, 0, 1
2086703, 1, 1
2086748, 2, 0
2086824, 0, 0
2086828, 1, bit 0
2086828, 1, 0
2086873, 2, 1
2086949, 0, 0
2086953, 1, 1
2086998, 2, 1
2087074, 0, 1
2087078, 1, 0
2087123, 2, 0
2087199, 0, 1
2087203, 1, 1
2087248, 2, bit 1
2087248, 2, 0
2087324, 0, 0
2087328, 1, 1
2087373, 2, 1
2087449, 0, 1
2087453, 1, 0
2087498, 2, 0
2087574, 0, 0
2087578, 1, 1
2087623, 2, 1
2087699, 0, 1
2087703, 1, 0
2087748, 2, 0
2087824, 0, 0
2087828, 1, 1
2087873, 2, 1
2087949, 0, bit 0
2087949, 0, 0
2087953, 1, 0
2087998, 2, 0
2088074, 0, 1
2088078, 1, 1
2088123, 2, 1
2088199, 0, 0
2088203, 1, 0
2088248, 2, 1
2088324, 0, 1
2088328, 1, 1
2088373, 2, 0
2088449, 0, 0
2088453, 1, 0
2088498, 2, 0
2088574, 0, 1
2088578, 1, bit 1
2088578, 1, 1
2088623, 2, 1
2088699, 0, 1
2088704, 1, 0
2088748, 2, 1
2088824, 0, 0
2088829, 1, 1
2088873, 2, 0
2088949, 0, 0
2088954, 1, 0
2088998, 2, bit 0
2088998, 2, 1
2089074, 0, 1
2089079, 1, 0
2089123, 2, 0
2089199, 0, 0
2089204, 1, 1
2089248, 2, 1
2089324, 0, 1
2089329, 1, 0
2089373, 2, 0
2089449, 0, 0
2089454, 1, 1
2089498, 2, 1
2089574, 0, 1
2089579, 1, 0
2089623, 2, 0
2089699, 0, bit 1
2089699, 0, 1
2089704, 1, 1
2089748, 2, 1
2089824, 0, 0
2089829, 1, 0
2089873, 2, 0
2089949, 0, 1
2089954, 1, 1
2089998, 2, 0
2090074, 0, 0
2090079, 1, 0
2090123, 2, 1
2090199, 0, 1
2090204, 1, 1
2090248, 2, 1
2090324, 0, 0
2090329, 1, bit 0
2090329, 1, 0
2090373, 2, 0
2090449, 0, 0
2090454, 1, 1
2090498, 2, 0
2090574, 0, 1
2090579, 1, 0
2090624, 2, 1
2090699, 0, 1
2090704, 1, 1
2090749, 2, bit 1
2090749, 2, 0
2090824, 0, 0
2090829, 1, 1
2090874, 2, 1
2090949, 0, 1
2090954, 1, 0
2090999, 2, 0
2091074, 0, 0
2091079, 1, 1
2091124, 2, 1
2091199, 0, 1
2091204, 1, 0
2091249, 2, 0
2091324, 0, 0
2091329, 1, 1
2091374, 2, 1
2091449, 0, bit 0
2091449, 0, 0
2091454, 1, 0
2091499, 2, 0
2091574, 0, 1
2091579, 1, 1
2091624, 2, 1
2091699, 0, 0
2091704, 1, 0
2091749, 2, 1
2091824, 0, 1
2091829, 1, 1
2091874, 2, 0
2091949, 0, 0
2091954, 1, 0
2091999, 2, 0
2092075, 0, 1
2092079, 1, bit 0
2092079, 1, 0
2092124, 2, 1
2092200, 0, 1
2092204, 1, 1
2092249, 2, 1
2092325, 0, 0
2092329, 1, 0
2092374, 2, 0
2092450, 0, 0
2092454, 1, 1
2092499, 2, bit 0
2092499, 2, 1
2092575, 0, 1
2092579, 1, 1
2092624, 2, 0
2092700, 0, 0
2092704, 1, 0
2092749, 2, 1
2092825, 0, 1
2092829, 1, 1
2092874, 2, 0
2092950, 0, 0
2092954, 1, 0
2092999, 2, 1
2093075, 0, 1
2093079, 1, 1
2093124, 2, 0
2093200, 0, bit 1
2093200, 0, 1
2093204, 1, 0
2093249, 2, 1
2093325, 0, 0
2093329, 1, 1
2093374, 2, 0
2093450, 0, 1
2093454, 1, 0
2093499, 2, 0
2093575, 0, 0
2093579, 1, 1
2093624, 2, 1
2093700, 0, 1
2093704, 1, 0
2093749, 2, 1
2093825, 0, 0
2093829, 1, bit 1
2093829, 1, 1
2093874, 2, 0
2093950, 0, 0
2093954, 1, 0
2093999, 2, 0
2094075, 0, 1
2094080, 1, 1
2094124, 2, 1
2094200, 0, 1
2094205, 1, 0
2094249, 2, bit 0
2094249, 2, 1
2094325, 0, 0
2094330, 1, 0
2094374, 2, 0
2094450, 0, 1
2094455, 1, 1
2094499, 2, 1
2094575, 0, 0
2094580, 1, 0
2094624, 2, 0
2094700, 0, 1
2094705, 1, 1
2094749, 2, 1
2094825, 0, 0
2094830, 1, 0
2094874, 2, 0
2094950, 0, bit 1
2094950, 0, 1
2094955, 1, 1
2094999, 2, 1
2095075, 0, 0
2095080, 1, 0
2095124, 2, 0
2095200, 0, 1
2095205, 1, 1
2095249, 2, 0
2095325, 0, 0
2095330, 1, 0
2095374, 2, 1
2095450, 0, 1
2095455, 1, 1
2095499, 2, 1
2095575, 0, 0
2095580, 1, bit 0
2095580, 1, 0
2095624, 2, 0
2095700, 0, 0
2095705, 1, 1
2095749, 2, 0
2095825, 0, 1
2095830, 1, 0
2095874, 2, 1
2095950, 0, 1
2095955, 1, 1
2096000, 2, bit 1
2096000, 2, 0
2096075, 0, 0
2096080, 1, 1
2096125, 2, 1
2096200, 0, 1
2096205, 1, 0
2096250, 2, 0
2096325, 0, 0
2096330, 1, 1
2096375, 2, 1
2096450, 0, 1
2096455, 1, 0
2096500, 2, 0
2096575, 0, 0
2096580, 1, 1
2096625, 2, 1
2096700, 0, bit 0
2096700, 0, 0
2096705, 1, 0
2096750, 2, 0
2096825, 0, 1
2096830, 1, 1
2096875, 2, 1
2096950, 0, 0
2096955, 1, 0
2097000, 2, 1
2097075, 0, 1
2097080, 1, 1
2097125, 2, 0
2097200, 0, 0
2097205, 1, 0
2097250, 2, 0
2097325, 0, 1
2097330, 1, bit 0
2097330, 1, 0
2097375, 2, 1
2097451, 0, 1
2097455, 1, 1
2097500, 2, 1
2097576, 0, 0
2097580, 1, 0
2097625, 2, 0
2097701, 0, 0
2097705, 1, 1
2097750, 2, bit 1
2097750, 2, 0
2097826, 0, 1
2097830, 1, 1
2097875, 2, 1
2097951, 0, 0
2097955, 1, 0
2098000, 2, 0
2098076, 0, 1
2098080, 1, 1
2098125, 2, 1
2098201, 0, 0
2098205, 1, 0
2098250, 2, 0
2098326, 0, 1
2098330, 1, 1
2098375, 2, 1
2098451, 0, bit 0
2098451, 0, 0
2098455, 1, 0
2098500, 2, 0
2098576, 0, 1
2098580, 1, 1
2098625, 2, 1
2098701, 0, 0
2098705, 1, 0
2098750, 2, 1
2098826, 0, 1
2098830, 1, 1
2098875, 2, 0
2098951, 0, 0
2098955, 1, 0
2099000, 2, 0
2099076, 0, 1
2099080, 1, bit 1
2099080, 1, 1
2099125, 2, 1
2099201, 0, 1
2099205, 1, 0
2099250, 2, 1
2099326, 0, 0
2099330, 1, 1
2099375, 2, 0
2099451, 0, 0
2099456, 1, 0
2099500, 2, bit 0
2099500, 2, 1
2099576, 0, 1
2099581, 1, 0
2099625, 2, 0
2099701, 0, 0
2099706, 1, 1
2099750, 2, 1
2099826, 0, 1
2099831, 1, 0
2099875, 2, 0
2099951, 0, 0
2099956, 1, 1
2100000, 2, 1
2100076, 0, 1
2100081, 1, 0
2100125, 2, 0
2100201, 0, bit 1
2100201, 0, 1
2100206, 1, 1
2100250, 2, 1
2100326, 0, 0
2100331, 1, 0
2100375, 2, 0
2100451, 0, 1
2100456, 1, 1
2100500, 2, 0
2100576, 0, 0
2100581, 1, 0
2100625, 2, 1
2100701, 0, 1
2100706, 1, 1
2100750, 2, 1
2100826, 0, 0
2100831, 1, bit 0
2100831, 1, 0
2100875, 2, 0
2100951, 0, 0
2100956, 1, 1
2101000, 2, 0
2101076, 0, 1
2101081, 1, 0
2101125, 2, 1
2101201, 0, 1
2101206, 1, 1
2101250, 2, bit 1
2101250, 2, 0
2101326, 0, 0
2101331, 1, 1
2101376, 2, 1
2101451, 0, 1
2101456, 1, 0
2101501, 2, 0
2101576, 0, 0
2101581, 1, 1
2101626, 2, 1
2101701, 0, 1
2101706, 1, 0
2101751, 2, 0
2101826, 0, 0
2101831, 1, 1
2101876, 2, 1
2101951, 0, bit 1
2101951, 0, 1
2101956, 1, 0
2102001, 2, 0
2102076, 0, 0
2102081, 1, 1
2102126, 2, 1
2102201, 0, 1
2102206, 1, 0
2102251, 2, 1
2102326, 0, 0
2102331, 1, 1
2102376, 2, 0
2102451, 0, 1
2102456, 1, 0
2102501, 2, 0
2102576, 0, 0
2102581, 1, bit 1
2102581, 1, 1
2102626, 2, 1
2102701, 0, 0
2102706, 1, 0
2102751, 2, 1
2102827, 0, 1
2102831, 1, 1
2102876, 2, 0
2102952, 0, 1
2102956, 1, 0
2103001, 2, bit 1
2103001, 2, 0
2103077, 0, 0
2103081, 1, 0
2103126, 2, 1
2103202, 0, 1
2103206, 1, 1
2103251, 2, 0
2103327, 0, 0
2103331, 1, 0
2103376, 2, 1
2103452, 0, 1
2103456, 1, 1
2103501, 2, 0
2103577, 0, 0
2103581, 1, 0
2103626, 2, 1
2103702, 0, bit 1
2103702, 0, 1
2103706, 1, 1
2103751, 2, 0
2103827, 0, 0
2103831, 1, 0
2103876, 2, 1
2103952, 0, 1
2103956, 1, 1
2104001, 2, 1
2104077, 0, 0
2104081, 1, 0
2104126, 2, 0
2104202, 0, 1
2104206, 1, 1
2104251, 2, 0
2104327, 0, 0
2104331, 1, bit 1
2104334, 1, 1
2104376, 2, 1
2104452, 0, 0
2104456, 1, 0
2104501, 2, 1
2104577, 0, 1
2104581, 1, 1
2104626, 2, 0
2104702, 0, 1
2104706, 1, 0
2104751, 2, bit 0
2104751, 2, 1
2104827, 0, 0
2104832, 1, 0
2104876, 2, 0
2104952, 0, 1
2104957, 1, 1
2105001, 2, 1
2105077, 0, 0
2105082, 1, 0
2105126, 2, 0
2105202, 0, 1
2105207, 1, 1
2105251, 2, 1
2105327, 0, 0
2105332, 1, 0
2105376, 2, 0
2105452, 0, bit 1
2105452, 0, 1
2105457, 1, 1
2105501, 2, 1
2105577, 0, 0
2105582, 1, 0
2105626, 2, 0
2105702, 0, 1
2105707, 1, 1
2105751, 2, 0
2105827, 0, 0
2105832, 1, 0
2105876, 2, 1
2105952, 0, 1
2105957, 1, 1
2106001, 2, 1
2106077, 0, 0
2106082, 1, bit 1
2106082, 1, 1
2106126, 2, 0
2106202, 0, 0
2106207, 1, 0
2106251, 2, 0
2106327, 0, 1
2106332, 1, 1
2106376, 2, 1
2106452, 0, 1
2106457, 1, 0
2106501, 2, bit 1
2106501, 2, 0
2106577, 0, 0
2106582, 1, 0
2106626, 2, 1
2106702, 0, 1
2106707, 1, 1
2106752, 2, 0
2106827, 0, 0
2106832, 1, 0
2106877, 2, 1
2106952, 0, 1
2106957, 1, 1
2107002, 2, 0
2107077, 0, 0
2107082, 1, 0
2107127, 2, 1
2107202, 0, bit 1
2107202, 0, 1
2107207, 1, 1
2107252, 2, 0
2107327, 0, 0
2107332, 1, 0
2107377, 2, 1
2107452, 0, 1
2107457, 1, 1
2107502, 2, 1
2107577, 0, 0
2107582, 1, 0
2107627, 2, 0
2107702, 0, 1
2107707, 1, 1
2107752, 2, 0
2107827, 0, 0
2107832, 1, bit 1
2107832, 1, 1
2107877, 2, 1
2107952, 0, 0
2107957, 1, 0
2108002, 2, 1
2108077, 0, 1
2108082, 1, 1
2108127, 2, 0
2108203, 0, 1
2108207, 1, 0
2108252, 2, bit 0
2108255, 2, 1
2108328, 0, 0
2108332, 1, 0
2108377, 2, 0
2108453, 0, 1
2108457, 1, 1
2108502, 2, 1
2108578, 0, 0
2108582, 1, 0
2108627, 2, 0
2108703, 0, 1
2108707, 1, 1
2108752, 2, 1
2108828, 0, 0
2108832, 1, 0
2108877, 2, 0
2108953, 0, bit 1
2108953, 0, 1
2108957, 1, 1
2109002, 2, 1
2109078, 0, 0
2109082, 1, 0
2109127, 2, 0
2109203, 0, 1
2109207, 1, 1
2109252, 2, 0
2109328, 0, 0
2109332, 1, 0
2109377, 2, 1
2109453, 0, 1
2109457, 1, 1
2109502, 2, 1
2109578, 0, 0
2109582, 1, bit 0
2109585, 1, 0
2109627, 2, 0
2109703, 0, 0
2109707, 1, 1
2109752, 2, 0
2109828, 0, 1
2109832, 1, 0
2109877, 2, 1
2109953, 0, 1
2109957, 1, 1
2110002, 2, bit 0
2110002, 2, 1
2110078, 0, 0
2110082, 1, 1
2110127, 2, 0
2110203, 0, 1
2110208, 1, 0
2110252, 2, 1
2110328, 0, 0
2110333, 1, 1
2110377, 2, 0
2110453, 0, 1
2110458, 1, 0
2110502, 2, 1
2110578, 0, 0
2110583, 1, 1
2110627, 2, 0
2110703, 0, bit 0
2110703, 0, 0
2110708, 1, 0
2110752, 2, 1
2110828, 0, 1
2110833, 1, 1
2110877, 2, 0
2110953, 0, 0
2110958, 1, 0
2111002, 2, 0
2111078, 0, 1
2111083, 1, 1
2111127, 2, 1
2111203, 0, 0
2111208, 1, 0
2111252, 2, 1
2111328, 0, 1
2111333, 1, bit 1
2111333, 1, 1
2111377, 2, 0
2111453, 0, 1
2111458, 1, 0
2111502, 2, 0
2111578, 0, 0
2111583, 1, 1
2111627, 2, 1
2111703, 0, 0
2111708, 1, 0
2111752, 2, bit 1
2111752, 2, 0
2111828, 0, 1
2111833, 1, 0
2111877, 2, 1
2111953, 0, 0
2111958, 1, 1
2112002, 2, 0
2112078, 0, 1
2112083, 1, 0
2112128, 2, 1
2112203, 0, 0
2112208, 1, 1
2112253, 2, 0
2112328, 0, 1
2112333, 1, 0
2112378, 2, 1
2112453, 0, bit 0
2112453, 0, 0
2112458, 1, 1
2112503, 2, 0
2112578, 0, 1
2112583, 1, 0
2112628, 2, 1
2112703, 0, 0
2112708, 1, 1
2112753, 2, 1
2112828, 0, 1
2112833, 1, 0
2112878, 2, 0
2112953, 0, 0
2112958, 1, 1
2113003, 2, 0
2113078, 0, 1
2113083, 1, bit 1
2113083, 1, 1
2113128, 2, 1
2113203, 0, 1
2113208, 1, 0
2113253, 2, 1
2113328, 0, 0
2113333, 1, 1
2113378, 2, 0
2113453, 0, 0
2113458, 1, 0
2113503, 2, bit 1
2113503, 2, 0
2113579, 0, 1
2113583, 1, 0
2113628, 2, 1
2113704, 0, 0
2113708, 1, 1
2113753, 2, 0
2113829, 0, 1
2113833, 1, 0
2113878, 2, 1
2113954, 0, 0
2113958, 1, 1
2114003, 2, 0
2114079, 0, 1
2114083, 1, 0
2114128, 2, 1
2114204, 0, bit 0
2114204, 0, 0
2114208, 1, 1
2114253, 2, 0
2114329, 0, 1
2114333, 1, 0
2114378, 2, 1
2114454, 0, 0
2114458, 1, 1
2114503, 2, 1
2114579, 0, 1
2114583, 1, 0
2114628, 2, 0
2114704, 0, 0
2114708, 1, 1
2114753, 2, 0
2114829, 0, 1
2114833, 1, bit 1
2114833, 1, 1
2114878, 2, 1
2114954, 0, 1
2114958, 1, 0
2115003, 2, 1
2115079, 0, 0
2115083, 1, 1
2115128, 2, 0
2115204, 0, 0
2115208, 1, 0
2115253, 2, bit 0
2115253, 2, 1
2115329, 0, 1
2115333, 1, 0
2115378, 2, 0
2115454, 0, 0
2115458, 1, 1
2115503, 2, 1
2115579, 0, 1
2115584, 1, 0
2115628, 2, 0
2115704, 0, 0
2115709, 1, 1
2115753, 2, 1
2115829, 0, 1
2115834, 1, 0
2115878, 2, 0
2115954, 0, bit 0
2115954, 0, 0
2115959, 1, 1
2116003, 2, 1
2116079, 0, 1
2116084, 1, 0
2116128, 2, 0
2116204, 0, 0
2116209, 1, 1
2116253, 2, 0
2116329, 0, 1
2116334, 1, 0
2116378, 2, 1
2116454, 0, 0
2116459, 1, 1
2116503, 2, 1
2116579, 0, 1
2116584, 1, bit 1
2116584, 1, 1
2116628, 2, 0
2116704, 0, 1
2116709, 1, 0
2116753, 2, 0
2116829, 0, 0
2116834, 1, 1
2116878, 2, 1
2116954, 0, 0
2116959, 1, 0
2117003, 2, bit 1
2117003, 2, 0
2117079, 0, 1
2117084, 1, 0
2117128, 2, 1
2117204, 0, 0
2117209, 1, 1
2117253, 2, 0
2117329, 0, 1
2117334, 1, 0
2117378, 2, 1
2117454, 0, 0
2117459, 1, 1
2117504, 2, 0
2117579, 0, 1
2117584, 1, 0
2117629, 2, 1
2117704, 0, bit 1
2117704, 0, 1
2117709, 1, 1
2117754, 2, 0
2117829, 0, 0
2117834, 1, 0
2117879, 2, 1
2117954, 0, 1
2117959, 1, 1
2118004, 2, 1
2118079, 0, 0
2118084, 1, 0
2118129, 2, 0
2118204, 0, 1
2118209, 1, 1
2118254, 2, 0
2118329, 0, 0
2118334, 1, bit 0
2118334, 1, 0
2118379, 2, 1
2118454, 0, 0
2118459, 1, 1
2118504, 2, 1
2118579, 0, 1
2118584, 1, 0
2118629, 2, 0
2118704, 0, 1
2118709, 1, 1
2118754, 2, bit 0
2118754, 2, 1
2118829, 0, 0
2118834, 1, 1
2118879, 2, 0
2118955, 0, 1
2118959, 1, 0
2119004, 2, 1
2119080, 0, 0
2119084, 1, 1
2119129, 2, 0
2119205, 0, 1
2119209, 1, 0
2119254, 2, 1
2119330, 0, 0
2119334, 1, 1
2119379, 2, 0
2119455, 0, bit 0
2119455, 0, 0
2119459, 1, 0
2119504, 2, 1
2119580, 0, 1
2119584, 1, 1
2119629, 2, 0
2119705, 0, 0
2119709, 1, 0
2119754, 2, 0
2119830, 0, 1
2119834, 1, 1
2119879, 2, 1
2119955, 0, 0
2119959, 1, 0
2120004, 2, 1
2120080, 0, 1
2120084, 1, bit 0
2120084, 1, 0
2120129, 2, 0
2120205, 0, 1
2120209, 1, 1
2120254, 2, 0
2120330, 0, 0
2120334, 1, 0
2120379, 2, 1
2120455, 0, 0
2120459, 1, 1
2120504, 2, bit 1
2120504, 2, 0
2120580, 0, 1
2120584, 1, 1
2120629, 2, 1
2120705, 0, 0
2120709, 1, 0
2120754, 2, 0
2120830, 0, 1
2120834, 1, 1
2120879, 2, 1
2120955, 0, 0
2120960, 1, 0
2121004, 2, 0
2121080, 0, 1
2121085, 1, 1
2121129, 2, 1
2121205, 0, bit 0
2121205, 0, 0
2121210, 1, 0
2121254, 2, 0
2121330, 0, 1
2121335, 1, 1
2121379, 2, 1
2121455, 0, 0
2121460, 1, 0
2121504, 2, 1
2121580, 0, 1
2121585, 1, 1
2121629, 2, 0
2121705, 0, 0
2121710, 1, 0
2121754, 2, 0
2121830, 0, 1
2121835, 1, bit 0
2121835, 1, 0
2121879, 2, 1
2121955, 0, 1
2121960, 1, 1
2122004, 2, 1
2122080, 0, 0
2122085, 1, 0
2122129, 2, 0
2122205, 0, 0
2122210, 1, 1
2122254, 2, bit 0
2122254, 2, 1
2122330, 0, 1
2122335, 1, 1
2122379, 2, 0
2122455, 0, 0
2122460, 1, 0
2122504, 2, 1
2122580, 0, 1
2122585, 1, 1
2122629, 2, 0
2122705, 0, 0
2122710, 1, 0
2122754, 2, 1
2122830, 0, 1
2122835, 1, 1
2122880, 2, 0
2122955, 0, bit 0
2122955, 0, 0
2122960, 1, 0
2123005, 2, 1
2123080, 0, 1
2123085, 1, 1
2123130, 2, 0
2123205, 0, 0
2123210, 1, 0
2123255, 2, 0
2123330, 0, 1
2123335, 1, 1
2123380, 2, 1
2123455, 0, 0
2123460, 1, 0
2123505, 2, 1
2123580, 0, 1
2123585, 1, bit 1
2123585, 1, 1
2123630, 2, 0
2123705, 0, 1
2123710, 1, 0
2123755, 2, 0
2123830, 0, 0
2123835, 1, 1
2123880, 2, 1
2123955, 0, 0
2123960, 1, 0
2124005, 2, bit 1
2124005, 2, 0
2124080, 0, 1
2124085, 1, 0
2124130, 2, 1
2124205, 0, 0
2124210, 1, 1
2124255, 2, 0
2124331, 0, 1
2124335, 1, 0
2124380, 2, 1
2124456, 0, 0
2124460, 1, 1
2124505, 2, 0
2124581, 0, 1
2124585, 1, 0
2124630, 2, 1
2124706, 0, bit 0
2124706, 0, 0
2124710, 1, 1
2124755, 2, 0
2124831, 0, 1
2124835, 1, 0
2124880, 2, 1
2124956, 0, 0
2124960, 1, 1
2125005, 2, 1
2125081, 0, 1
2125085, 1, 0
2125130, 2, 0
2125206, 0, 0
2125210, 1, 1
2125255, 2, 0
2125331, 0, 1
2125335, 1, bit 1
2125335, 1, 1
2125380, 2, 1
2125456, 0, 1
2125460, 1, 0
2125505, 2, 1
2125581, 0, 0
2125585, 1, 1
2125630, 2, 0
2125706, 0, 0
2125710, 1, 0
2125755, 2, bit 1
2125755, 2, 0
2125831, 0, 1
2125835, 1, 0
2125880, 2, 1
2125956, 0, 0
2125960, 1, 1
2126005, 2, 0
2126081, 0, 1
2126085, 1, 0
2126130, 2, 1
2126206, 0, 0
2126210, 1, 1
2126255, 2, 0
2126331, 0, 1
2126336, 1, 0
2126380, 2, 1
2126456, 0, bit 0
2126456, 0, 0
2126461, 1, 1
2126505, 2, 0
2126581, 0, 1
2126586, 1, 0
2126630, 2, 1
2126706, 0, 0
2126711, 1, 1
2126755, 2, 1
2126831, 0, 1
2126836, 1, 0
2126880, 2, 0
2126956, 0, 0
2126961, 1, 1
2127005, 2, 0
2127081, 0, 1
2127086, 1, bit 1
2127086, 1, 1
2127130, 2, 1
2127206, 0, 1
2127211, 1, 0
2127255, 2, 1
2127331, 0, 0
2127336, 1, 1
2127380, 2, 0
2127456, 0, 0
2127461, 1, 0
2127505, 2, bit 0
2127505, 2, 1
2127581, 0, 1
2127586, 1, 0
2127630, 2, 0
2127706, 0, 0
2127711, 1, 1
2127755, 2, 1
2127831, 0, 1
2127836, 1, 0
2127880, 2, 0
2127956, 0, 0
2127961, 1, 1
2128005, 2, 1
2128081, 0, 1
2128086, 1, 0
2128130, 2, 0
2128206, 0, bit 1
2128206, 0, 1
2128211, 1, 1
2128256, 2, 1
2128331, 0, 0
2128336, 1, 0
2128381, 2, 0
2128456, 0, 1
2128461, 1, 1
2128506, 2, 0
2128581, 0, 0
2128586, 1, 0
2128631, 2, 1
2128706, 0, 1
2128711, 1, 1
2128756, 2, 1
2128831, 0, 0
2128836, 1, bit 0
2128836, 1, 0
2128881, 2, 0
2128956, 0, 0
2128961, 1, 1
2129006, 2, 0
2129081, 0, 1
2129086, 1, 0
2129131, 2, 1
2129206, 0, 1
2129211, 1, 1
2129256, 2, bit 1
2129256, 2, 0
2129331, 0, 0
2129336, 1, 1
2129381, 2, 1
2129456, 0, 1
2129461, 1, 0
2129506, 2, 0
2129581, 0, 0
2129586, 1, 1
2129631, 2, 1
2129707, 0, 1
2129711, 1, 0
2129756, 2, 0
2129832, 0, 0
2129836, 1, 1
2129881, 2, 1
2129957, 0, bit 1
2129957, 0, 1
2129961, 1, 0
2130006, 2, 0
2130082, 0, 0
2130086, 1, 1
2130131, 2, 1
2130207, 0, 1
2130211, 1, 0
2130256, 2, 1
2130332, 0, 0
2130336, 1, 1
2130381, 2, 0
2130457, 0, 1
2130461, 1, 0
2130506, 2, 0
2130582, 0, 0
2130586, 1, bit 1
2130586, 1, 1
2130631, 2, 1
2130707, 0, 0
2130711, 1, 0
2130756, 2, 1
2130832, 0, 1
2130836, 1, 1
2130881, 2, 0
2130957, 0, 1
2130961, 1, 0
2131006, 2, bit 1
2131006, 2, 0
2131082, 0, 0
2131086, 1, 0
2131131, 2, 1
2131207, 0, 1
2131211, 1, 1
2131256, 2, 0
2131332, 0, 0
2131336, 1, 0
2131381, 2, 1
2131457, 0, 1
2131461, 1, 1
2131506, 2, 0
2131582, 0, 0
2131586, 1, 0
2131631, 2, 1
2131707, 0, bit 1
2131707, 0, 1
2131719, 1, 1
2131756, 2, 0
2131832, 0, 0
2131844, 1, 0
2131881, 2, 1
2131957, 0, 1
2131969, 1, 1
2132006, 2, 1
2132082, 0, 0
2132094, 1, 0
2132131, 2, 0
2132207, 0, 1
2132219, 1, 1
2132256, 2, 0
2132332, 0, 0
2132344, 1, bit 0
2132344, 1, 0
2132381, 2, 1
2132457, 0, 0
2132469, 1, 1
2132506, 2, 1
2132582, 0, 1
2132594, 1, 0
2132631, 2, 0
2132707, 0, 1
2132719, 1, 1
2132756, 2, bit 1
2132756, 2, 0
2132832, 0, 0
2132844, 1, 1
2132881, 2, 1
2132957, 0, 1
2132969, 1, 0
2133006, 2, 0
2133082, 0, 0
2133094, 1, 1
2133131, 2, 1
2133207, 0, 1
2133219, 1, 0
2133256, 2, 0
2133332, 0, 0
2133344, 1, 1
2133381, 2, 1
2133457, 0, bit 0
2133457, 0, 0
2133469, 1, 0
2133506, 2, 0
2133582, 0, 1
2133594, 1, 1
2133632, 2, 1
2133707, 0, 0
2133719, 1, 0
2133757, 2, 1
2133832, 0, 1
2133844, 1, 1
2133882, 2, 0
2133957, 0, 0
2133969, 1, 0
2134007, 2, 0
2134082, 0, 1
2134094, 1, bit 0
2134094, 1, 0
2134132, 2, 1
2134207, 0, 1
2134219, 1, 1
2134257, 2, 1
2134332, 0, 0
2134344, 1, 0
2134382, 2, 0
2134457, 0, 0
2134469, 1, 1
2134507, 2, bit 0
2134507, 2, 1
2134582, 0, 1
2134594, 1, 1
2134632, 2, 0
2134707, 0, 0
2134719, 1, 0
2134757, 2, 1
2134832, 0, 1
2134844, 1, 1
2134882, 2, 0
2134957, 0, 0
2134969, 1, 0
2135007, 2, 1
2135083, 0, 1
2135094, 1, 1
2135132, 2, 0
2135208, 0, bit 0
2135208, 0, 0
2135219, 1, 0
2135257, 2, 1
2135333, 0, 1
2135344, 1, 1
2135382, 2, 0
2135458, 0, 0
2135469, 1, 0
2135507, 2, 0
2135583, 0, 1
2135595, 1, 1
2135632, 2, 1
2135708, 0, 0
2135720, 1, 0
2135757, 2, 1
2135833, 0, 1
2135845, 1, bit 0
2135845, 1, 0
2135882, 2, 0
2135958, 0, 1
2135970, 1, 1
2136007, 2, 0
2136083, 0, 0
2136095, 1, 0
2136132, 2, 1
2136208, 0, 0
2136220, 1, 1
2136257, 2, bit 1
2136257, 2, 0
2136333, 0, 1
2136345, 1, 1
2136382, 2, 1
2136458, 0, 0
2136470, 1, 0
2136507, 2, 0
2136583, 0, 1
2136595, 1, 1
2136632, 2, 1
2136708, 0, 0
2136720, 1, 0
2136757, 2, 0
2136833, 0, 1
2136845, 1, 1
2136882, 2, 1
2136958, 0, bit 0
2136958, 0, 0
2136970, 1, 0
2137007, 2, 0
2137083, 0, 1
2137095, 1, 1
2137132, 2, 1
2137208, 0, 0
2137220, 1, 0
2137257, 2, 1
2137333, 0, 1
2137345, 1, 1
2137382, 2, 0
2137458, 0, 0
2137470, 1, 0
2137507, 2, 0
2137583, 0, 1
2137595, 1, bit 0
2137595, 1, 0
2137632, 2, 1
2137708, 0, 1
2137720, 1, 1
2137757, 2, 1
2137833, 0, 0
2137845, 1, 0
2137882, 2, 0
2137958, 0, 0
2137970, 1, 1
2138007, 2, bit 0
2138007, 2, 1
2138083, 0, 1
2138095, 1, 1
2138132, 2, 0
2138208, 0, 0
2138220, 1, 0
2138257, 2, 1
2138333, 0, 1
2138345, 1, 1
2138382, 2, 0
2138458, 0, 0
2138470, 1, 0
2138507, 2, 1
2138583, 0, 1
2138595, 1, 1
2138632, 2, 0
2138708, 0, bit 0
2138708, 0, 0
2138720, 1, 0
2138757, 2, 1
2138833, 0, 1
2138845, 1, 1
2138882, 2, 0
2138958, 0, 0
2138970, 1, 0
2139008, 2, 0
2139083, 0, 1
2139095, 1, 1
2139133, 2, 1
2139208, 0, 0
2139220, 1, 0
2139258, 2, 1
2139333, 0, 1
2139345, 1, bit 1
2139345, 1, 1
2139383, 2, 0
2139458, 0, 1
2139470, 1, 0
2139508, 2, 0
2139583, 0, 0
2139595, 1, 1
2139633, 2, 1
2139708, 0, 0
2139720, 1, 0
2139758, 2, bit 1
2139758, 2, 0
2139833, 0, 1
2139845, 1, 0
2139883, 2, 1
2139958, 0, 0
2139970, 1, 1
2140008, 2, 0
2140083, 0, 1
2140095, 1, 0
2140133, 2, 1
2140208, 0, 0
2140220, 1, 1
2140258, 2, 0
2140333, 0, 1
2140345, 1, 0
2140383, 2, 1
2140459, 0, bit 0
2140459, 0, 0
2140470, 1, 1
2140508, 2, 0
2140584, 0, 1
2140595, 1, 0
2140633, 2, 1
2140709, 0, 0
2140720, 1, 1
2140758, 2, 1
2140834, 0, 1
2140845, 1, 0
2140883, 2, 0
2140959, 0, 0
2140971, 1, 1
2141008, 2, 0
2141084, 0, 1
2141096, 1, bit 1
2141096, 1, 1
2141133, 2, 1
2141209, 0, 1
2141221, 1, 0
2141258, 2, 1
2141334, 0, 0
2141346, 1, 1
2141383, 2, 0
2141459, 0, 0
2141471, 1, 0
2141508, 2, bit 0
2141508, 2, 1
2141584, 0, 1
2141596, 1, 0
2141633, 2, 0
2141709, 0, 0
2141721, 1, 1
2141758, 2, 1
2141834, 0, 1
2141846, 1, 0
2141883, 2, 0
2141959, 0, 0
2141971, 1, 1
2142008, 2, 1
2142084, 0, 1
2142096, 1, 0
2142133, 2, 0
2142209, 0, bit 1
2142212, 0, 1
2142221, 1, 1
2142258, 2, 1
2142334, 0, 0
2142346, 1, 0
2142383, 2, 0
2142459, 0, 1
2142471, 1, 1
2142508, 2, 0
2142584, 0, 0
2142596, 1, 0
2142633, 2, 1
2142709, 0, 1
2142721, 1, 1
2142758, 2, 1
2142834, 0, 0
2142846, 1, bit 0
2142846, 1, 0
2142883, 2, 0
2142959, 0, 0
2142971, 1, 1
2143008, 2, 0
2143084, 0, 1
2143096, 1, 0
2143133, 2, 1
2143209, 0, 1
2143221, 1, 1
2143258, 2, bit 0
2143258, 2, 1
2143334, 0, 0
2143346, 1, 1
2143383, 2, 0
2143459, 0, 1
2143471, 1, 0
2143508, 2, 1
2143584, 0, 0
2143596, 1, 1
2143633, 2, 0
2143709, 0, 1
2143721, 1, 0
2143758, 2, 1
2143834, 0, 0
2143846, 1, 1
2143883, 2, 0
2143959, 0, bit 1
2143959, 0, 1
2143971, 1, 0
2144008, 2, 1
2144084, 0, 0
2144096, 1, 1
2144133, 2, 0
2144209, 0, 1
2144221, 1, 0
2144258, 2, 0
2144334, 0, 0
2144346, 1, 1
2144384, 2, 1
2144459, 0, 1
2144471, 1, 0
2144509, 2, 1
2144584, 0, 0
2144596, 1, bit 0
2144596, 1, 0
2144634, 2, 0
2144709, 0, 0
2144721, 1, 1
2144759, 2, 0
2144834, 0, 1
2144846, 1, 0
2144884, 2, 1
2144959, 0, 1
2144971, 1, 1
2145009, 2, bit 1
2145009, 2, 0
2145084, 0, 0
2145096, 1, 1
2145134, 2, 1
2145209, 0, 1
2145221, 1, 0
2145259, 2, 0
2145334, 0, 0
2145346, 1, 1
2145384, 2, 1
2145459, 0, 1
2145471, 1, 0
2145509, 2, 0
2145584, 0, 0
2145596, 1, 1
2145634, 2, 1
2145709, 0, bit 1
2145709, 0, 1
2145721, 1, 0
2145759, 2, 0
2145835, 0, 0
2145846, 1, 1
2145884, 2, 1
2145960, 0, 1
2145971, 1, 0
2146009, 2, 1
2146085, 0, 0
2146096, 1, 1
2146134, 2, 0
2146210, 0, 1
2146221, 1, 0
2146259, 2, 0
2146335, 0, 0
2146347, 1, bit 1
2146347, 1, 1
2146384, 2, 1
2146460, 0, 0
2146472, 1, 0
2146509, 2, 1
2146585, 0, 1
2146597, 1, 1
2146634, 2, 0
2146710, 0, 1
2146722, 1, 0
2146759, 2, bit 1
2146759, 2, 0
2146835, 0, 0
2146847, 1, 0
2146884, 2, 1
2146960, 0, 1
2146972, 1, 1
2147009, 2, 0
2147085, 0, 0
2147097, 1, 0
2147134, 2, 1
2147210, 0, 1
2147222, 1, 1
2147259, 2, 0
2147335, 0, 0
2147347, 1, 0
2147384, 2, 1
2147460, 0, bit 0
2147460, 0, 0
2147472, 1, 1
2147509, 2, 0
2147585, 0, 1
2147597, 1, 0
2147634, 2, 1
2147710, 0, 0
2147722, 1, 1
2147759, 2, 1
2147835, 0, 1
2147847, 1, 0
2147884, 2, 0
2147960, 0, 0
2147972, 1, 1
2148009, 2, 0
2148085, 0, 1
2148097, 1, bit 1
2148097, 1, 1
2148134, 2, 1
2148210, 0, 1
2148222, 1, 0
2148259, 2, 1
2148335, 0, 0
2148347, 1, 1
2148384, 2, 0
2148460, 0, 0
2148472, 1, 0
2148509, 2, bit 1
2148509, 2, 0
2148585, 0, 1
2148597, 1, 0
2148634, 2, 1
2148710, 0, 0
2148722, 1, 1
2148759, 2, 0
2148835, 0, 1
2148847, 1, 0
2148884, 2, 1
2148960, 0, 0
2148972, 1, 1
2149009, 2, 0
2149085, 0, 1
2149097, 1, 0
2149134, 2, 1
2149210, 0, bit 1
2149210, 0, 1
2149222, 1, 1
2149259, 2, 0
2149335, 0, 0
2149347, 1, 0
2149384, 2, 1
2149460, 0, 1
2149472, 1, 1
2149509, 2, 1
2149585, 0, 0
2149597, 1, 0
2149634, 2, 0
2149710, 0, 1
2149722, 1, 1
2149760, 2, 0
2149835, 0, 0
2149847, 1, bit 0
2149847, 1, 0
2149885, 2, 1
2149960, 0, 0
2149972, 1, 1
2150010, 2, 1
2150085, 0, 1
2150097, 1, 0
2150135, 2, 0
2150210, 0, 1
2150222, 1, 1
2150260, 2, bit 1
2150260, 2, 0
2150335, 0, 0
2150347, 1, 1
2150385, 2, 1
2150460, 0, 1
2150472, 1, 0
2150510, 2, 0
2150585, 0, 0
2150597, 1, 1
2150635, 2, 1
2150710, 0, 1
2150722, 1, 0
2150760, 2, 0
2150835, 0, 0
2150847, 1, 1
2150885, 2, 1
2150960, 0, bit 0
2150960, 0, 0
2150972, 1, 0
2151010, 2, 0
2151085, 0, 1
2151097, 1, 1
2151135, 2, 1
2151211, 0, 0
2151222, 1, 0
2151260, 2, 1
2151336, 0, 1
2151347, 1, 1
2151385, 2, 0
2151461, 0, 0
2151472, 1, 0
2151510, 2, 0
2151586, 0, 1
2151597, 1, bit 0
2151597, 1, 0
2151635, 2, 1
2151711, 0, 1
2151723, 1, 1
2151760, 2, 1
2151836, 0, 0
2151848, 1, 0
2151885, 2, 0
2151961, 0, 0
2151973, 1, 1
2152010, 2, bit 0
2152010, 2, 1
2152086, 0, 1
2152098, 1, 1
2152135, 2, 0
2152211, 0, 0
2152223, 1, 0
2152260, 2, 1
2152336, 0, 1
2152348, 1, 1
2152385, 2, 0
2152461, 0, 0
2152473, 1, 0
2152510, 2, 1
2152586, 0, 1
2152598, 1, 1
2152635, 2, 0
2152711, 0, bit 1
2152711, 0, 1
2152723, 1, 0
2152760, 2, 1
2152836, 0, 0
2152848, 1, 1
2152885, 2, 0
2152961, 0, 1
2152973, 1, 0
2153010, 2, 0
2153086, 0, 0
2153098, 1, 1
2153135, 2, 1
2153211, 0, 1
2153223, 1, 0
2153260, 2, 1
2153336, 0, 0
2153348, 1, bit 1
2153348, 1, 1
2153385, 2, 0
2153461, 0, 0
2153473, 1, 0
2153510, 2, 0
2153586, 0, 1
2153598, 1, 1
2153635, 2, 1
2153711, 0, 1
2153723, 1, 0
2153760, 2, bit 1
2153760, 2, 0
2153836, 0, 0
2153848, 1, 0
2153885, 2, 1
2153961, 0, 1
2153973, 1, 1
2154010, 2, 0
2154086, 0, 0
2154098, 1, 0
2154135, 2, 1
2154211, 0, 1
2154223, 1, 1
2154260, 2, 0
2154336, 0, 0
2154348, 1, 0
2154385, 2, 1
2154461, 0, bit 0
2154461, 0, 0
2154473, 1, 1
2154510, 2, 0
2154586, 0, 1
2154598, 1, 0
2154635, 2, 1
2154711, 0, 0
2154723, 1, 1
2154760, 2, 1
2154836, 0, 1
2154848, 1, 0
2154885, 2, 0
2154961, 0, 0
2154973, 1, 1
2155010, 2, 0
2155086, 0, 1
2155098, 1, bit 1
2155098, 1, 1
2155136, 2, 1
2155211, 0, 1
2155223, 1, 0
2155261, 2, 1
2155336, 0, 0
2155348, 1, 1
2155386, 2, 0
2155461, 0, 0
2155473, 1, 0
2155511, 2, bit 0
2155511, 2, 1
2155586, 0, 1
2155598, 1, 0
2155636, 2, 0
2155711, 0, 0
2155723, 1, 1
2155761, 2, 1
2155836, 0, 1
2155848, 1, 0
2155886, 2, 0
2155961, 0, 0
2155973, 1, 1
2156011, 2, 1
2156086, 0, 1
2156098, 1, 0
2156136, 2, 0
2156211, 0, bit 1
2156211, 0, 1
2156223, 1, 1
2156261, 2, 1
2156336, 0, 0
2156348, 1, 0
2156386, 2, 0
2156461, 0, 1
2156473, 1, 1
2156511, 2, 0
2156587, 0, 0
2156598, 1, 0
2156636, 2, 1
2156712, 0, 1
2156723, 1, 1
2156761, 2, 1
2156837, 0, 0
2156848, 1, bit 0
2156848, 1, 0
2156886, 2, 0
2156962, 0, 0
2156973, 1, 1
2157011, 2, 0
2157087, 0, 1
2157099, 1, 0
2157136, 2, 1
2157212, 0, 1
2157224, 1, 1
2157261, 2, bit 0
2157261, 2, 1
2157337, 0, 0
2157349, 1, 1
2157386, 2, 0
2157462, 0, 1
2157474, 1, 0
2157511, 2, 1
2157587, 0, 0
2157599, 1, 1
2157636, 2, 0
2157712, 0, 1
2157724, 1, 0
2157761, 2, 1
2157837, 0, 0
2157849, 1, 1
2157886, 2, 0
2157962, 0, bit 0
2157962, 0, 0
2157974, 1, 0
2158011, 2, 1
2158087, 0, 1
2158099, 1, 1
2158136, 2, 0
2158212, 0, 0
2158224, 1, 0
2158261, 2, 0
2158337, 0, 1
2158349, 1, 1
2158386, 2, 1
2158462, 0, 0
2158474, 1, 0
2158511, 2, 1
2158587, 0, 1
2158599, 1, bit 0
2158599, 1, 0
2158636, 2, 0
2158712, 0, 1
2158724, 1, 1
2158761, 2, 0
2158837, 0, 0
2158849, 1, 0
2158886, 2, 1
2158962, 0, 0
2158974, 1, 1
2159011, 2, bit 1
2159011, 2, 0
2159087, 0, 1
2159099, 1, 1
2159136, 2, 1
2159212, 0, 0
2159224, 1, 0
2159261, 2, 0
2159337, 0, 1
2159349, 1, 1
2159386, 2, 1
2159462, 0, 0
2159474, 1, 0
2159511, 2, 0
2159587, 0, 1
2159599, 1, 1
2159636, 2, 1
2159712, 0, bit 1
2159712, 0, 1
2159724, 1, 0
2159761, 2, 0
2159837, 0, 0
2159849, 1, 1
2159886, 2, 1
2159962, 0, 1
2159974, 1, 0
2160011, 2, 1
2160087, 0, 0
2160099, 1, 1
2160136, 2, 0
2160212, 0, 1
2160224, 1, 0
2160261, 2, 0
2160337, 0, 0
2160349, 1, bit 1
2160349, 1, 1
2160386, 2, 1
2160462, 0, 0
2160474, 1, 0
2160512, 2, 1
2160587, 0, 1
2160599, 1, 1
2160637, 2, 0
2160712, 0, 1
2160724, 1, 0
2160762, 2, bit 1
2160762, 2, 0
2160837, 0, 0
2160849, 1, 0
2160887, 2, 1
2160962, 0, 1
2160974, 1, 1
2161012, 2, 0
2161087, 0, 0
2161099, 1, 0
2161137, 2, 1
2161212, 0, 1
2161224, 1, 1
2161262, 2, 0
2161337, 0, 0
2161349, 1, 0
2161387, 2, 1
2161462, 0, bit 0
2161462, 0, 0
2161474, 1, 1
2161512, 2, 0
2161587, 0, 1
2161599, 1, 0
2161637, 2, 1
2161712, 0, 0
2161724, 1, 1
2161762, 2, 1
2161837, 0, 1
2161849, 1, 0
2161887, 2, 0
2161963, 0, 0
2161974, 1, 1
2162012, 2, 0
2162088, 0, 1
2162099, 1, bit 1
2162099, 1, 1
2162137, 2, 1
2162213, 0, 1
2162224, 1, 0
2162262, 2, 1
2162338, 0, 0
2162349, 1, 1
2162387, 2, 0
2162463, 0, 0
2162475, 1, 0
2162512, 2, bit 1
2162512, 2, 0
2162588, 0, 1
2162600, 1, 0
2162637, 2, 1
2162713, 0, 0
2162725, 1, 1
2162762, 2, 0
2162838, 0, 1
2162850, 1, 0
2162887, 2, 1
2162963, 0, 0
2162975, 1, 1
2163012, 2, 0
2163088, 0, 1
2163100, 1, 0
2163137, 2, 1
2163213, 0, bit 0
2163213, 0, 0
2163225, 1, 1
2163262, 2, 0
2163338, 0, 1
2163350, 1, 0
2163387, 2, 1
2163463, 0, 0
2163475, 1, 1
2163512, 2, 1
2163588, 0, 1
2163600, 1, 0
2163637, 2, 0
2163713, 0, 0
2163725, 1, 1
2163762, 2, 0
2163838, 0, 1
2163850, 1, bit 1
2163850, 1, 1
2163887, 2, 1
2163963, 0, 1
2163975, 1, 0
2164012, 2, 1
2164088, 0, 0
2164100, 1, 1
2164137, 2, 0
2164213, 0, 0
2164225, 1, 0
2164262, 2, bit 1
2164262, 2, 0
2164338, 0, 1
2164350, 1, 0
2164387, 2, 1
2164463, 0, 0
2164475, 1, 1
2164512, 2, 0
2164588, 0, 1
2164600, 1, 0
2164637, 2, 1
2164713, 0, 0
2164725, 1, 1
2164762, 2, 0
2164838, 0, 1
2164850, 1, 0
2164887, 2, 1
2164963, 0, bit 1
2164963, 0, 1
2164975, 1, 1
2165012, 2, 0
2165088, 0, 0
2165100, 1, 0
2165137, 2, 1
2165213, 0, 1
2165225, 1, 1
2165262, 2, 1
2165338, 0, 0
2165350, 1, 0
2165387, 2, 0
2165463, 0, 1
2165475, 1, 1
2165512, 2, 0
2165588, 0, 0
2165600, 1, bit 0
2165600, 1, 0
2165637, 2, 1
2165713, 0, 0
2165725, 1, 1
2165762, 2, 1
2165838, 0, 1
2165850, 1, 0
2165888, 2, 0
2165963, 0, 1
2165975, 1, 1
2166013, 2, bit 1
2166013, 2, 0
2166088, 0, 0
2166100, 1, 1
2166138, 2, 1
2166213, 0, 1
2166225, 1, 0
2166263, 2, 0
2166338, 0, 0
2166350, 1, 1
2166388, 2, 1
2166463, 0, 1
2166475, 1, 0
2166513, 2, 0
2166588, 0, 0
2166600, 1, 1
2166638, 2, 1
2166713, 0, bit 1
2166713, 0, 1
2166725, 1, 0
2166763, 2, 0
2166838, 0, 0
2166850, 1, 1
2166888, 2, 1
2166963, 0, 1
2166975, 1, 0
2167013, 2, 1
2167088, 0, 0
2167100, 1, 1
2167138, 2, 0
2167213, 0, 1
2167225, 1, 0
2167263, 2, 0
2167339, 0, 0
2167350, 1, bit 0
2167350, 1, 0
2167388, 2, 1
2167464, 0, 0
2167475, 1, 1
2167513, 2, 1
2167589, 0, 1
2167600, 1, 0
2167638, 2, 0
2167714, 0, 1
2167725, 1, 1
2167763, 2, bit 1
2167763, 2, 0
2167839, 0, 0
2167851, 1, 1
2167888, 2, 1
2167964, 0, 1
2167976, 1, 0
2168013, 2, 0
2168089, 0, 0
2168101, 1, 1
2168138, 2, 1
2168214, 0, 1
2168226, 1, 0
2168263, 2, 0
2168339, 0, 0
2168351, 1, 1
2168388, 2, 1
2168464, 0, bit 1
2168464, 0, 1
2168476, 1, 0
2168513, 2, 0
2168589, 0, 0
2168601, 1, 1
2168638, 2, 1
2168714, 0, 1
2168726, 1, 0
2168763, 2, 1
2168839, 0, 0
2168851, 1, 1
2168888, 2, 0
2168964, 0, 1
2168976, 1, 0
2169013, 2, 0
2169089, 0, 0
2169101, 1, bit 1
2169101, 1, 1
2169138, 2, 1
2169214, 0, 0
2169226, 1, 0
2169263, 2, 1
2169339, 0, 1
2169351, 1, 1
2169388, 2, 0
2169464, 0, 1
2169476, 1, 0
2169513, 2, bit 0
2169513, 2, 1
2169589, 0, 0
2169601, 1, 0
2169638, 2, 0
2169714, 0, 1
2169726, 1, 1
2169763, 2, 1
2169839, 0, 0
2169851, 1, 0
2169888, 2, 0
2169964, 0, 1
2169976, 1, 1
2170013, 2, 1
2170089, 0, 0
2170101, 1, 0
2170138, 2, 0
2170214, 0, bit 1
2170214, 0, 1
2170226, 1, 1
2170263, 2, 1
2170339, 0, 0
2170351, 1, 0
2170388, 2, 0
2170464, 0, 1
2170476, 1, 1
2170513, 2, 0
2170589, 0, 0
2170601, 1, 0
2170638, 2, 1
2170714, 0, 1
2170726, 1, 1
2170763, 2, 1
2170839, 0, 0
2170851, 1, bit 1
2170851, 1, 1
2170888, 2, 0
2170964, 0, 0
2170976, 1, 0
2171013, 2, 0
2171089, 0, 1
2171101, 1, 1
2171138, 2, 1
2171214, 0, 1
2171226, 1, 0
2171264, 2, bit 1
2171264, 2, 0
2171339, 0, 0
2171351, 1, 0
2171389, 2, 1
2171464, 0, 1
2171476, 1, 1
2171514, 2, 0
2171589, 0, 0
2171601, 1, 0
2171639, 2, 1
2171714, 0, 1
2171726, 1, 1
2171764, 2, 0
2171839, 0, 0
2171851, 1, 0
2171889, 2, 1
2171964, 0, bit 0
2171964, 0, 0
2171976, 1, 1
2172014, 2, 0
2172089, 0, 1
2172101, 1, 0
2172139, 2, 1
2172214, 0, 0
2172226, 1, 1
2172264, 2, 1
2172339, 0, 1
2172351, 1, 0
2172389, 2, 0
2172464, 0, 0
2172476, 1, 1
2172514, 2, 0
2172589, 0, 1
2172601, 1, bit 0
2172601, 1, 0
2172639, 2, 1
2172715, 0, 1
2172726, 1, 1
2172764, 2, 1
2172840, 0, 0
2172851, 1, 0
2172889, 2, 0
2172965, 0, 0
2172976, 1, 1
2173014, 2, bit 1
2173014, 2, 0
2173090, 0, 1
2173101, 1, 1
2173139, 2, 1
2173215, 0, 0
2173227, 1, 0
2173264, 2, 0
2173340, 0, 1
2173352, 1, 1
2173389, 2, 1
2173465, 0, 0
2173477, 1, 0
2173514, 2, 0
2173590, 0, 1
2173602, 1, 1
2173639, 2, 1
2173715, 0, bit 1
2173715, 0, 1
2173727, 1, 0
2173764, 2, 0
2173840, 0, 0
2173852, 1, 1
2173889, 2, 1
2173965, 0, 1
2173977, 1, 0
2174014, 2, 1
2174090, 0, 0
2174102, 1, 1
2174139, 2, 0
2174215, 0, 1
2174227, 1, 0
2174264, 2, 0
2174340, 0, 0
2174352, 1, bit 0
2174352, 1, 0
2174389, 2, 1
2174465, 0, 0
2174477, 1, 1
2174514, 2, 1
2174590, 0, 1
2174602, 1, 0
2174639, 2, 0
2174715, 0, 1
2174727, 1, 1
2174764, 2, bit 1
2174767, 2, 0
2174840, 0, 0
2174852, 1, 1
2174889, 2, 1
2174965, 0, 1
2174977, 1, 0
2175014, 2, 0
2175090, 0, 0
2175102, 1, 1
2175139, 2, 1
2175215, 0, 1
2175227, 1, 0
2175264, 2, 0
2175340, 0, 0
2175352, 1, 1
2175389, 2, 1
2175465, 0, bit 0
2175465, 0, 0
2175477, 1, 0
2175514, 2, 0
2175590, 0, 1
2175602, 1, 1
2175639, 2, 1
2175715, 0, 0
2175727, 1, 0
2175764, 2, 1
2175840, 0, 1
2175852, 1, 1
2175889, 2, 0
2175965, 0, 0
2175977, 1, 0
2176014, 2, 0
2176090, 0, 1
2176102, 1, bit 1
2176105, 1, 1
2176139, 2, 1
2176215, 0, 1
2176227, 1, 0
2176264, 2, 1
2176340, 0, 0
2176352, 1, 1
2176389, 2, 0
2176465, 0, 0
2176477, 1, 0
2176514, 2, bit 1
2176514, 2, 0
2176590, 0, 1
2176602, 1, 0
2176640, 2, 1
2176715, 0, 0
2176727, 1, 1
2176765, 2, 0
2176840, 0, 1
2176852, 1, 0
2176890, 2, 1
2176965, 0, 0
2176977, 1, 1
2177015, 2, 0
2177090, 0, 1
2177102, 1, 0
2177140, 2, 1
2177215, 0, bit 0
2177215, 0, 0
2177227, 1, 1
2177265, 2, 0
2177340, 0, 1
2177352, 1, 0
2177390, 2, 1
2177465, 0, 0
2177477, 1, 1
2177515, 2, 1
2177590, 0, 1
2177602, 1, 0
2177640, 2, 0
2177715, 0, 0
2177727, 1, 1
2177765, 2, 0
2177840, 0, 1
2177852, 1, bit 1
2177852, 1, 1
2177890, 2, 1
2177965, 0, 1
2177977, 1, 0
2178015, 2, 1
2178091, 0, 0
2178102, 1, 1
2178140, 2, 0
2178216, 0, 0
2178227, 1, 0
2178265, 2, bit 0
2178265, 2, 1
2178341, 0, 1
2178352, 1, 0
2178390, 2, 0
2178466, 0, 0
2178477, 1, 1
2178515, 2, 1
2178591, 0, 1
2178603, 1, 0
2178640, 2, 0
2178716, 0, 0
2178728, 1, 1
2178765, 2, 1
2178841, 0, 1
2178853, 1, 0
2178890, 2, 0
2178978, 1, 1
2179015, 2, 1
2179103, 1, 0
2179140, 2, 0
2179228, 1, 1
2179265, 2, 0
2179353, 1, 0
2179390, 2, 1
2179478, 1, 1
2179515, 2, 1
2179603, 1, bit 0
2179603, 1, 0
2179640, 2, 0
2179728, 1, 1
2179765, 2, 0
2179853, 1, 0
2179890, 2, 1
2179978, 1, 1
2180015, 2, bit 0
2180015, 2, 1
2180103, 1, 1
2180140, 2, 0
2180228, 1, 0
2180265, 2, 1
2180353, 1, 1
2180390, 2, 0
2180478, 1, 0
2180515, 2, 1
2180603, 1, 1
2180640, 2, 0
2180728, 1, 0
2180765, 2, 1
2180853, 1, 1
2180890, 2, 0
2180978, 1, 0
2181015, 2, 0
2181103, 1, 1
2181140, 2, 1
2181228, 1, 0
2181265, 2, 1
2181353, 1, bit 1
2181353, 1, 1
2181390, 2, 0
2181478, 1, 0
2181515, 2, 0
2181603, 1, 1
2181640, 2, 1
2181728, 1, 0
2181765, 2, bit 0
2181765, 2, 1
2181853, 1, 0
2181890, 2, 0
2181978, 1, 1
2182016, 2, 1
2182103, 1, 0
2182141, 2, 0
2182228, 1, 1
2182266, 2, 1
2182353, 1, 0
2182391, 2, 0
2182478, 1, 1
2182516, 2, 1
2182603, 1, 0
2182641, 2, 0
2182728, 1, 1
2182766, 2, 0
2182853, 1, 0
2182891, 2, 1
2182978, 1, 1
2183016, 2, 1
2183103, 1, bit 0
2183103, 1, 0
2183141, 2, 0
2183228, 1, 1
2183266, 2, 0
2183353, 1, 0
2183391, 2, 1
2183478, 1, 1
2183516, 2, bit 0
2183516, 2, 1
2183603, 1, 1
2183641, 2, 0
2183728, 1, 0
2183766, 2, 1
2183853, 1, 1
2183891, 2, 0
2183979, 1, 0
2184016, 2, 1
2184104, 1, 1
2184141, 2, 0
2184229, 1, 0
2184266, 2, 1
2184354, 1, 1
2184391, 2, 0
2184479, 1, 0
2184516, 2, 0
2184604, 1, 1
2184641, 2, 1
2184729, 1, 0
2184766, 2, 1
2184854, 1, bit 1
2184854, 1, 1
2184891, 2, 0
2184979, 1, 0
2185016, 2, 0
2185104, 1, 1
2185141, 2, 1
2185229, 1, 0
2185266, 2, bit 0
2185266, 2, 1
2185354, 1, 0
2185391, 2, 0
2185479, 1, 1
2185516, 2, 1
2185604, 1, 0
2185641, 2, 0
2185729, 1, 1
2185766, 2, 1
2185854, 1, 0
2185891, 2, 0
2185979, 1, 1
2186016, 2, 1
2186104, 1, 0
2186141, 2, 0
2186229, 1, 1
2186266, 2, 0
2186354, 1, 0
2186391, 2, 1
2186479, 1, 1
2186516, 2, 1
2186604, 1, bit 0
2186604, 1, 0
2186641, 2, 0
2186729, 1, 1
2186766, 2, 0
2186854, 1, 0
2186891, 2, 1
2186979, 1, 1
2187016, 2, bit 1
2187016, 2, 0
2187104, 1, 1
2187141, 2, 1
2187229, 1, 0
2187266, 2, 0
2187354, 1, 1
2187392, 2, 1
2187479, 1, 0
2187517, 2, 0
2187604, 1, 1
2187642, 2, 1
2187729, 1, 0
2187767, 2, 0
2187854, 1, 1
2187892, 2, 1
2187979, 1, 0
2188017, 2, 1
2188104, 1, 1
2188142, 2, 0
2188229, 1, 0
2188267, 2, 0
2188354, 1, bit 0
2188354, 1, 0
2188392, 2, 1
2188479, 1, 1
2188517, 2, 1
2188604, 1, 0
2188642, 2, 0
2188729, 1, 1
2188767, 2, bit 1
2188767, 2, 0
2188854, 1, 1
2188892, 2, 1
2188979, 1, 0
2189017, 2, 0
2189104, 1, 1
2189142, 2, 1
2189229, 1, 0
2189267, 2, 0
2189355, 1, 1
2189392, 2, 1
2189480, 1, 0
2189517, 2, 0
2189605, 1, 1
2189642, 2, 1
2189730, 1, 0
2189767, 2, 1
2189855, 1, 1
2189892, 2, 0
2189980, 1, 0
2190017, 2, 0
2190105, 1, bit 1
2190105, 1, 1
2190142, 2, 1
2190230, 1, 0
2190267, 2, 1
2190355, 1, 1
2190392, 2, 0
2190480, 1, 0
2190517, 2, bit 1
2190517, 2, 0
2190605, 1, 0
2190642, 2, 1
2190730, 1, 1
2190767, 2, 0
2190855, 1, 0
2190892, 2, 1
2190980, 1, 1
2191017, 2, 0
2191105, 1, 0
2191142, 2, 1
2191230, 1, 1
2191267, 2, 0
2191355, 1, 0
2191392, 2, 1
2191480, 1, 1
2191517, 2, 1
2191605, 1, 0
2191642, 2, 0
2191730, 1, 1
2191767, 2, 0
2191855, 1, bit 1
2191855, 1, 1
2191892, 2, 1
2191980, 1, 0
2192017, 2, 1
2192105, 1, 1
2192142, 2, 0
2192230, 1, 0
2192267, 2, bit 0
2192267, 2, 1
2192355, 1, 0
2192392, 2, 0
2192480, 1, 1
2192517, 2, 1
2192605, 1, 0
2192642, 2, 0
2192730, 1, 1
2192768, 2, 1
2192855, 1, 0
2192893, 2, 0
2192980, 1, 1
2193018, 2, 1
2193105, 1, 0
2193143, 2, 0
2193230, 1, 1
2193268, 2, 0
2193355, 1, 0
2193393, 2, 1
2193480, 1, 1
2193518, 2, 1
2193605, 1, bit 1
2193605, 1, 1
2193643, 2, 0
2193730, 1, 0
2193768, 2, 0
2193855, 1, 1
2193893, 2, 1
2193980, 1, 0
2194018, 2, bit 1
2194018, 2, 0
2194105, 1, 0
2194143, 2, 1
2194230, 1, 1
2194268, 2, 0
2194355, 1, 0
2194393, 2, 1
2194480, 1, 1
2194518, 2, 0
2194605, 1, 0
2194643, 2, 1
2194731, 1, 1
2194768, 2, 0
2194856, 1, 0
2194893, 2, 1
2194981, 1, 1
2195018, 2, 1
2195106, 1, 0
2195143, 2, 0
2195231, 1, 1
2195268, 2, 0
2195356, 1, bit 0
2195356, 1, 0
2195393, 2, 1
2195481, 1, 1
2195518, 2, 1
2195606, 1, 0
2195643, 2, 0
2195731, 1, 1
2195768, 2, bit 0
2195768, 2, 1
2195856, 1, 1
2195893, 2, 0
2195981, 1, 0
2196018, 2, 1
2196106, 1, 1
2196143, 2, 0
2196231, 1, 0
2196268, 2, 1
2196356, 1, 1
2196393, 2, 0
2196481, 1, 0
2196518, 2, 1
2196606, 1, 1
2196643, 2, 0
2196731, 1, 0
2196768, 2, 0
2196856, 1, 1
2196893, 2, 1
2196981, 1, 0
2197018, 2, 1
2197106, 1, bit 1
2197106, 1, 1
2197143, 2, 0
2197231, 1, 0
2197268, 2, 0
2197356, 1, 1
2197393, 2, 1
2197481, 1, 0
2197518, 2, bit 0
2197518, 2, 1
2197606, 1, 0
2197643, 2, 0
2197731, 1, 1
2197768, 2, 1
2197856, 1, 0
2197893, 2, 0
2197981, 1, 1
2198018, 2, 1
2198106, 1, 0
2198144, 2, 0
2198231, 1, 1
2198269, 2, 1
2198356, 1, 0
2198394, 2, 0
2198481, 1, 1
2198519, 2, 0
2198606, 1, 0
2198644, 2, 1
2198731, 1, 1
2198769, 2, 1
2198856, 1, bit 1
2198856, 1, 1
2198894, 2, 0
2198981, 1, 0
2199019, 2, 0
2199106, 1, 1
2199144, 2, 1
2199231, 1, 0
2199269, 2, bit 1
2199269, 2, 0
2199356, 1, 0
2199394, 2, 1
2199481, 1, 1
2199519, 2, 0
2199606, 1, 0
2199644, 2, 1
2199731, 1, 1
2199769, 2, 0
2199856, 1, 0
2199894, 2, 1
2199981, 1, 1
2200019, 2, 0
2200107, 1, 0
2200144, 2, 1
2200232, 1, 1
2200269, 2, 1
2200357, 1, 0
2200394, 2, 0
2200482, 1, 1
2200519, 2, 0
2200607, 1, bit 0
2200607, 1, 0
2200644, 2, 1
2200732, 1, 1
2200769, 2, 1
2200857, 1, 0
2200894, 2, 0
2200982, 1, 1
2201019, 2, bit 1
2201019, 2, 0
2201107, 1, 1
2201144, 2, 1
2201232, 1, 0
2201269, 2, 0
2201357, 1, 1
2201394, 2, 1
2201482, 1, 0
2201519, 2, 0
2201607, 1, 1
2201644, 2, 1
2201732, 1, 0
2201769, 2, 0
2201857, 1, 1
2201894, 2, 1
2201982, 1, 0
2202019, 2, 1
2202107, 1, 1
2202144, 2, 0
2202232, 1, 0
2202269, 2, 0
2202357, 1, bit 1
2202357, 1, 1
2202394, 2, 1
2202482, 1, 0
2202519, 2, 1
2202607, 1, 1
2202644, 2, 0
2202732, 1, 0
2202769, 2, bit 0
2202769, 2, 1
2202857, 1, 0
2202894, 2, 0
2202982, 1, 1
2203019, 2, 1
2203107, 1, 0
2203144, 2, 0
2203232, 1, 1
2203269, 2, 1
2203357, 1, 0
2203394, 2, 0
2203482, 1, 1
2203520, 2, 1
2203607, 1, 0
2203645, 2, 0
2203732, 1, 1
2203770, 2, 0
2203857, 1, 0
2203895, 2, 1
2203982, 1, 1
2204020, 2, 1
2204107, 1, bit 0
2204110, 1, 0
2204145, 2, 0
2204232, 1, 1
2204270, 2, 0
2204357, 1, 0
2204395, 2, 1
2204482, 1, 1
2204520, 2, bit 0
2204520, 2, 1
2204607, 1, 1
2204645, 2, 0
2204732, 1, 0
2204770, 2, 1
2204857, 1, 1
2204895, 2, 0
2204982, 1, 0
2205020, 2, 1
2205107, 1, 1
2205145, 2, 0
2205232, 1, 0
2205270, 2, 1
2205357, 1, 1
2205395, 2, 0
2205483, 1, 0
2205520, 2, 0
2205608, 1, 1
2205645, 2, 1
2205733, 1, 0
2205770, 2, 1
2205858, 1, bit 0
2205858, 1, 0
2205895, 2, 0
2205983, 1, 1
2206020, 2, 0
2206108, 1, 0
2206145, 2, 1
2206233, 1, 1
2206270, 2, bit 0
2206270, 2, 1
2206358, 1, 1
2206395, 2, 0
2206483, 1, 0
2206520, 2, 1
2206608, 1, 1
2206645, 2, 0
2206733, 1, 0
2206770, 2, 1
2206858, 1, 1
2206895, 2, 0
2206983, 1, 0
2207020, 2, 1
2207108, 1, 1
2207145, 2, 0
2207233, 1, 0
2207270, 2, 0
2207358, 1, 1
2207395, 2, 1
2207483, 1, 0
2207520, 2, 1
2207608, 1, bit 1
2207608, 1, 1
2207645, 2, 0
2207733, 1, 0
2207770, 2, 0
2207858, 1, 1
2207895, 2, 1
2207983, 1, 0
2208020, 2, bit 1
2208020, 2, 0
2208108, 1, 0
2208145, 2, 1
2208233, 1, 1
2208270, 2, 0
2208358, 1, 0
2208395, 2, 1
2208483, 1, 1
2208520, 2, 0
2208608, 1, 0
2208645, 2, 1
2208733, 1, 1
2208770, 2, 0
2208858, 1, 0
2208896, 2, 1
2208983, 1, 1
2209021, 2, 1
2209108, 1, 0
2209146, 2, 0
2209233, 1, 1
2209271, 2, 0
2209396, 2, 1
2209521, 2, 1
2209646, 2, 0
2209771, 2, bit 1
2209771, 2, 0
2209896, 2, 1
2210021, 2, 0
2210146, 2, 1
2210271, 2, 0
2210396, 2, 1
2210521, 2, 0
2210646, 2, 1
2210771, 2, 1
2210896, 2, 0
2211021, 2, 0
2211146, 2, 1
2211271, 2, 1
2211396, 2, 0
2211521, 2, bit 0
2211521, 2, 1
2211646, 2, 0
2211771, 2, 1
2211896, 2, 0
2212021, 2, 1
2212146, 2, 0
2212271, 2, 1
2212396, 2, 0
2212521, 2, 0
2212646, 2, 1
2212771, 2, 1
2212896, 2, 0
2213021, 2, 0
2213146, 2, 1
2213271, 2, bit 0
2213271, 2, 1
2213396, 2, 0
2213521, 2, 1
2213646, 2, 0
2213771, 2, 1
2213896, 2, 0
2214021, 2, 1
2214146, 2, 0
2214272, 2, 0
2214397, 2, 1
2214522, 2, 1
2214647, 2, 0
2214772, 2, 0
2214897, 2, 1
2215022, 2, bit 1
2215022, 2, 0
2215147, 2, 1
2215272, 2, 0
2215397, 2, 1
2215522, 2, 0
2215647, 2, 1
2215772, 2, 0
2215897, 2, 1
2216022, 2, 1
2216147, 2, 0
2216272, 2, 0
2216397, 2, 1
2216522, 2, 1
2216647, 2, 0
2216772, 2, bit 0
2216772, 2, 1
2216897, 2, 0
2217022, 2, 1
2217147, 2, 0
2217272, 2, 1
2217397, 2, 0
2217522, 2, 1
2217647, 2, 0
2217772, 2, 0
2217897, 2, 1
2218022, 2, 1
2218147, 2, 0
2218272, 2, 0
2218397, 2, 1
2218522, 2, bit 1
2218525, 2, 0
2218647, 2, 1
2218772, 2, 0
2218897, 2, 1
2219022, 2, 0
2219147, 2, 1
2219272, 2, 0
2219397, 2, 1
2219522, 2, 1
2219648, 2, 0
2219773, 2, 0
2219898, 2, 1
2220023, 2, 1
2220148, 2, 0
2220273, 2, bit 1
2220273, 2, 0
2220398, 2, 1
2220523, 2, 0
2220648, 2, 1
2220773, 2, 0
2220898, 2, 1
2221023, 2, 0
2221148, 2, 1
2221273, 2, 1
2221398, 2, 0
2221523, 2, 0
2221648, 2, 1
2221773, 2, 1
2221898, 2, 0
2222023, 2, bit 0
2222023, 2, 1
2222148, 2, 0
2222273, 2, 1
2222398, 2, 0
2222523, 2, 1
2222648, 2, 0
2222773, 2, 1
2222898, 2, 0
2223023, 2, 0
2223148, 2, 1
2223273, 2, 1
2223398, 2, 0
2223523, 2, 0
2223648, 2, 1
2223773, 2, bit 0
2223773, 2, 1
2223898, 2, 0
2224023, 2, 1
2224148, 2, 0
2224273, 2, 1
2224398, 2, 0
2224523, 2, 1
2224648, 2, 0
2224773, 2, 0
2224898, 2, 1
2225024, 2, 1
2225149, 2, 0
2225274, 2, 0
2225399, 2, 1
2225524, 2, bit 0
2225524, 2, 1
2225649, 2, 0
2225774, 2, 1
2225899, 2, 0
2226024, 2, 1
2226149, 2, 0
2226274, 2, 1
2226399, 2, 0
2226524, 2, 0
2226649, 2, 1
2226774, 2, 1
2226899, 2, 0
2227024, 2, 0
2227149, 2, 1
2227274, 2, bit 0
2227274, 2, 1
2227399, 2, 0
2227524, 2, 1
2227649, 2, 0
2227774, 2, 1
2227899, 2, 0
2228024, 2, 1
2228149, 2, 0
2228274, 2, 0
2228399, 2, 1
2228524, 2, 1
2228649, 2, 0
2228774, 2, 0
2228899, 2, 1
2229024, 2, bit 1
2229024, 2, 0
2229149, 2, 1
2229274, 2, 0
2229399, 2, 1
2229524, 2, 0
2229649, 2, 1
2229774, 2, 0
2229899, 2, 1
2230024, 2, 1
2230149, 2, 0
2230274, 2, 0
2230400, 2, 1
2230525, 2, 1
2230650, 2, 0
2230775, 2, bit 1
2230775, 2, 0
2230900, 2, 1
2231025, 2, 0
2231150, 2, 1
2231275, 2, 0
2231400, 2, 1
2231525, 2, 0
2231650, 2, 1
2231775, 2, 1
2231900, 2, 0
2232025, 2, 0
2232150, 2, 1
2232275, 2, 1
2232400, 2, 0
2232525, 2, bit 1
2232525, 2, 0
2232650, 2, 1
2232775, 2, 0
2232900, 2, 1
2233025, 2, 0
2233150, 2, 1
2233275, 2, 0
2233400, 2, 1
2233525, 2, 1
2233650, 2, 0
2233775, 2, 0
2233900, 2, 1
2234025, 2, 1
2234150, 2, 0
2234275, 2, bit 0
2234275, 2, 1
2234400, 2, 0
2234525, 2, 1
2234650, 2, 0
2234775, 2, 1
2234900, 2, 0
2235025, 2, 1
2235150, 2, 0
2235275, 2, 0
2235400, 2, 1
2235525, 2, 1
2235650, 2, 0
2235776, 2, 0
2235901, 2, 1
2236026, 2, bit 1
2236026, 2, 0
2236151, 2, 1
2236276, 2, 0
2236401, 2, 1
2236526, 2, 0
2236651, 2, 1
2236776, 2, 0
2236901, 2, 1
2237026, 2, 1
2237151, 2, 0
2237276, 2, 0
2237401, 2, 1
2237526, 2, 1
2237651, 2, 0
