125 100 3 7 4
(2, 20, 0, 10.00), (code 1)
(3, 90, 2, 10.00), (code 0)
(4, 160, 5, 10.00), (code 2)
START
1622472, 0, prem 0
1622472, 0, 0
1622597, 0, 0
1622722, 0, 0
1622847, 0, 0
1622972, 0, prem 1
1622972, 0, 1
1623097, 0, 1
1623222, 0, 1
1623347, 0, 1
1623472, 0, prem 0
1623472, 0, 0
1623597, 0, 0
1623723, 0, 0
1623848, 0, 0
1623973, 0, prem 1
1623973, 0, 1
1624098, 0, 1
1624223, 0, 1
1624348, 0, 1
1624473, 0, prem 0
1624473, 0, 0
1624598, 0, 0
1624723, 0, 0
1624848, 0, 0
1624973, 0, prem 1
1624976, 0, 1
1625098, 0, 1
1625223, 0, 1
1625348, 0, 1
1625473, 0, prem 1
1625473, 0, 1
1625598, 0, 1
1625723, 0, 1
1625848, 0, 1
1625973, 0, bit 1
1625973, 0, 0
1626098, 0, 1
1626223, 0, 0
1626348, 0, 1
1626473, 0, 0
1626598, 0, 1
1626723, 0, 1
1626848, 0, bit 1
1626848, 0, 0
1626973, 0, 1
1627098, 0, 0
1627223, 0, 1
1627348, 0, 0
1627473, 0, 1
1627598, 0, 1
1627723, 0, bit 0
1627723, 0, 1
1627848, 0, 0
1627973, 0, 1
1628098, 0, 0
1628223, 0, 1
1628348, 0, 0
1628473, 0, 0
1628598, 0, bit 0
1628598, 0, 1
1628723, 0, 0
1628848, 0, 1
1628973, 0, 0
1629099, 0, 1
1629224, 0, 0
1629349, 0, 0
1629474, 0, bit 0
1629474, 0, 1
1629599, 0, 0
1629724, 0, 1
1629849, 0, 0
1629974, 0, 1
1630099, 0, 0
1630224, 0, 0
1630349, 0, bit 1
1630349, 0, 0
1630474, 0, 1
1630599, 0, 0
1630724, 0, 1
1630849, 0, 0
1630974, 0, 1
1631099, 0, 1
1631224, 0, bit 1
1631224, 0, 0
1631349, 0, 1
1631474, 0, 0
1631477, 1, prem 0
1631477, 1, 0
1631599, 0, 1
1631602, 1, 0
1631724, 0, 0
1631727, 1, 0
1631849, 0, 1
1631852, 1, 0
1631974, 0, 1
1631977, 1, prem 1
1631977, 1, 1
1632099, 0, bit 0
1632099, 0, 1
1632102, 1, 1
1632224, 0, 0
1632227, 1, 1
1632349, 0, 1
1632352, 1, 1
1632474, 0, 0
1632477, 1, prem 1
1632477, 1, 1
1632599, 0, 1
1632602, 1, 1
1632724, 0, 0
1632727, 1, 1
1632849, 0, 0
1632852, 1, 1
1632974, 0, bit 1
1632974, 0, 0
1632977, 1, prem 1
1632977, 1, 1
1633099, 0, 1
1633102, 1, 1
1633224, 0, 0
1633227, 1, 1
1633349, 0, 1
1633352, 1, 1
1633474, 0, 0
1633477, 1, prem 1
1633477, 1, 1
1633599, 0, 1
1633602, 1, 1
1633724, 0, 1
1633727, 1, 1
1633849, 0, bit 0
1633849, 0, 1
1633852, 1, 1
1633974, 0, 0
1633977, 1, prem 0
1633977, 1, 0
1634099, 0, 1
1634102, 1, 0
1634224, 0, 0
1634227, 1, 0
1634349, 0, 1
1634352, 1, 0
1634475, 0, 0
1634477, 1, prem 0
1634477, 1, 0
1634600, 0, 0
1634603, 1, 0
1634725, 0, bit 0
1634725, 0, 1
1634728, 1, 0
1634850, 0, 0
1634853, 1, 0
1634975, 0, 1
1634978, 1, bit 1
1634978, 1, 0
1635100, 0, 0
1635103, 1, 1
1635225, 0, 1
1635228, 1, 1
1635350, 0, 0
1635353, 1, 1
1635475, 0, 0
1635478, 1, 1
1635600, 0, bit 0
1635600, 0, 1
1635603, 1, 0
1635725, 0, 0
1635728, 1, 0
1635850, 0, 1
1635853, 1, bit 0
1635853, 1, 1
1635975, 0, 0
1635978, 1, 0
1636100, 0, 1
1636103, 1, 0
1636225, 0, 0
1636228, 1, 0
1636350, 0, 0
1636353, 1, 0
1636475, 0, bit 0
1636475, 0, 1
1636478, 1, 1
1636600, 0, 0
1636603, 1, 1
1636725, 0, 1
1636728, 1, bit 1
1636728, 1, 0
1636850, 0, 0
1636853, 1, 1
1636975, 0, 1
1636978, 1, 1
1637100, 0, 0
1637103, 1, 1
1637225, 0, 0
1637228, 1, 1
1637350, 0, bit 1
1637350, 0, 0
1637353, 1, 0
1637475, 0, 1
1637478, 1, 0
1637600, 0, 0
1637603, 1, bit 1
1637603, 1, 0
1637725, 0, 1
1637728, 1, 1
1637850, 0, 0
1637853, 1, 1
1637975, 0, 1
1637978, 1, 1
1638100, 0, 1
1638103, 1, 1
1638225, 0, bit 0
1638225, 0, 1
1638228, 1, 0
1638350, 0, 0
1638353, 1, 0
1638475, 0, 1
1638478, 1, bit 1
1638478, 1, 0
1638600, 0, 0
1638603, 1, 1
1638725, 0, 1
1638728, 1, 1
1638850, 0, 0
1638853, 1, 1
1638975, 0, 0
1638978, 1, 1
1639100, 0, bit 1
1639100, 0, 0
1639103, 1, 0
1639225, 0, 1
1639228, 1, 0
1639350, 0, 0
1639353, 1, bit 1
1639353, 1, 0
1639475, 0, 1
1639478, 1, 1
1639600, 0, 0
1639603, 1, 1
1639725, 0, 1
1639728, 1, 1
1639851, 0, 1
1639853, 1, 1
1639976, 0, bit 1
1639976, 0, 0
1639979, 1, 0
1640101, 0, 1
1640104, 1, 0
1640226, 0, 0
1640229, 1, bit 1
1640229, 1, 0
1640351, 0, 1
1640354, 1, 1
1640476, 0, 0
1640479, 1, 1
1640601, 0, 1
1640604, 1, 1
1640607, 2, prem 1
1640607, 2, 1
1640726, 0, 1
1640729, 1, 1
1640732, 2, 1
1640851, 0, bit 1
1640851, 0, 0
1640854, 1, 0
1640857, 2, 1
1640976, 0, 1
1640979, 1, 0
1640982, 2, 1
1641101, 0, 0
1641104, 1, bit 0
1641104, 1, 1
1641107, 2, prem 0
1641107, 2, 0
1641226, 0, 1
1641229, 1, 0
1641232, 2, 0
1641351, 0, 0
1641354, 1, 0
1641357, 2, 0
1641476, 0, 1
1641479, 1, 0
1641482, 2, 0
1641601, 0, 1
1641604, 1, 0
1641607, 2, prem 1
1641607, 2, 1
1641726, 0, bit 0
1641726, 0, 1
1641729, 1, 1
1641732, 2, 1
1641851, 0, 0
1641854, 1, 1
1641857, 2, 1
1641976, 0, 1
1641979, 1, bit 1
1641979, 1, 0
1641982, 2, 1
1642101, 0, 0
1642104, 1, 1
1642107, 2, prem 1
1642107, 2, 1
1642226, 0, 1
1642229, 1, 1
1642232, 2, 1
1642351, 0, 0
1642354, 1, 1
1642357, 2, 1
1642476, 0, 0
1642479, 1, 1
1642482, 2, 1
1642601, 0, bit 1
1642601, 0, 0
1642604, 1, 0
1642607, 2, prem 0
1642607, 2, 0
1642726, 0, 1
1642729, 1, 0
1642732, 2, 0
1642851, 0, 0
1642854, 1, bit 0
1642854, 1, 1
1642857, 2, 0
1642976, 0, 1
1642979, 1, 0
1642982, 2, 0
1643101, 0, 0
1643104, 1, 0
1643107, 2, prem 0
1643107, 2, 0
1643226, 0, 1
1643229, 1, 0
1643232, 2, 0
1643351, 0, 1
1643354, 1, 0
1643357, 2, 0
1643476, 0, bit 1
1643476, 0, 0
1643479, 1, 1
1643482, 2, 0
1643601, 0, 1
1643604, 1, 1
1643607, 2, prem 1
1643607, 2, 1
1643726, 0, 0
1643729, 1, bit 1
1643729, 1, 0
1643732, 2, 1
1643851, 0, 1
1643854, 1, 1
1643857, 2, 1
1643976, 0, 0
1643979, 1, 1
1643982, 2, 1
1644101, 0, 1
1644104, 1, 1
1644107, 2, bit 1
1644107, 2, 1
1644226, 0, 1
1644229, 1, 1
1644232, 2, 0
1644351, 0, bit 0
1644351, 0, 1
1644354, 1, 0
1644357, 2, 1
1644476, 0, 0
1644479, 1, 0
1644482, 2, 1
1644601, 0, 1
1644604, 1, bit 1
1644604, 1, 0
1644607, 2, 0
1644726, 0, 0
1644729, 1, 1
1644732, 2, 0
1644851, 0, 1
1644854, 1, 1
1644857, 2, 1
1644976, 0, 0
1644979, 1, 1
1644982, 2, bit 0
1644982, 2, 0
1645101, 0, 0
1645104, 1, 1
1645107, 2, 1
1645227, 0, bit 0
1645227, 0, 1
1645229, 1, 0
1645232, 2, 0
1645352, 0, 0
1645355, 1, 0
1645357, 2, 0
1645477, 0, 1
1645480, 1, bit 1
1645480, 1, 0
1645483, 2, 1
1645602, 0, 0
1645605, 1, 1
1645608, 2, 1
1645727, 0, 1
1645730, 1, 1
1645733, 2, 0
1645852, 0, 0
1645855, 1, 1
1645858, 2, bit 1
1645858, 2, 1
1645977, 0, 0
1645980, 1, 1
1645983, 2, 0
1646102, 0, bit 1
1646102, 0, 0
1646105, 1, 0
1646108, 2, 1
1646227, 0, 1
1646230, 1, 0
1646233, 2, 1
1646352, 0, 0
1646355, 1, bit 1
1646358, 1, 0
1646358, 2, 0
1646477, 0, 1
1646480, 1, 1
1646483, 2, 0
1646602, 0, 0
1646605, 1, 1
1646608, 2, 1
1646727, 0, 1
1646730, 1, 1
1646733, 2, bit 1
1646733, 2, 1
1646852, 0, 1
1646855, 1, 1
1646858, 2, 0
1646977, 0, bit 0
1646977, 0, 1
1646980, 1, 0
1646983, 2, 1
1647102, 0, 0
1647105, 1, 0
1647108, 2, 1
1647227, 0, 1
1647230, 1, bit 1
1647230, 1, 0
1647233, 2, 0
1647352, 0, 0
1647355, 1, 1
1647358, 2, 0
1647477, 0, 1
1647480, 1, 1
1647483, 2, 1
1647602, 0, 0
1647605, 1, 1
1647608, 2, bit 1
1647608, 2, 1
1647727, 0, 0
1647730, 1, 1
1647733, 2, 0
1647852, 0, bit 0
1647852, 0, 1
1647855, 1, 0
1647858, 2, 1
1647977, 0, 0
1647980, 1, 0
1647983, 2, 1
1648102, 0, 1
1648105, 1, bit 0
1648105, 1, 1
1648108, 2, 0
1648227, 0, 0
1648230, 1, 0
1648233, 2, 0
1648352, 0, 1
1648355, 1, 0
1648358, 2, 1
1648477, 0, 0
1648480, 1, 0
1648483, 2, bit 0
1648483, 2, 0
1648602, 0, 0
1648605, 1, 0
1648608, 2, 1
1648727, 0, bit 0
1648727, 0, 1
1648730, 1, 1
1648733, 2, 0
1648852, 0, 0
1648855, 1, 1
1648858, 2, 0
1648977, 0, 1
1648980, 1, bit 0
1648980, 1, 1
1648983, 2, 1
1649102, 0, 0
1649105, 1, 0
1649108, 2, 1
1649227, 0, 1
1649230, 1, 0
1649233, 2, 0
1649352, 0, 0
1649355, 1, 0
1649358, 2, bit 1
1649358, 2, 1
1649477, 0, 0
1649480, 1, 0
1649483, 2, 0
1649602, 0, bit 0
1649602, 0, 1
1649605, 1, 1
1649608, 2, 1
1649727, 0, 0
1649730, 1, 1
1649733, 2, 1
1649852, 0, 1
1649855, 1, bit 1
1649855, 1, 0
1649858, 2, 0
1649977, 0, 0
1649980, 1, 1
1649983, 2, 0
1650102, 0, 1
1650105, 1, 1
1650108, 2, 1
1650227, 0, 0
1650230, 1, 1
1650233, 2, bit 0
1650233, 2, 0
1650352, 0, 0
1650355, 1, 1
1650358, 2, 1
1650477, 0, bit 0
1650477, 0, 1
1650480, 1, 0
1650483, 2, 0
1650603, 0, 0
1650605, 1, 0
1650608, 2, 0
1650728, 0, 1
1650731, 1, bit 0
1650731, 1, 1
1650733, 2, 1
1650853, 0, 0
1650856, 1, 0
1650859, 2, 1
1650978, 0, 1
1650981, 1, 0
1650984, 2, 0
1651103, 0, 0
1651106, 1, 0
1651109, 2, bit 0
1651109, 2, 0
1651228, 0, 0
1651231, 1, 0
1651234, 2, 1
1651353, 0, bit 1
1651353, 0, 0
1651356, 1, 1
1651359, 2, 0
1651478, 0, 1
1651481, 1, 1
1651484, 2, 0
1651603, 0, 0
1651606, 1, bit 1
1651606, 1, 0
1651609, 2, 1
1651728, 0, 1
1651731, 1, 1
1651734, 2, 1
1651853, 0, 0
1651856, 1, 1
1651859, 2, 0
1651978, 0, 1
1651981, 1, 1
1651984, 2, bit 1
1651984, 2, 1
1652103, 0, 1
1652106, 1, 1
1652109, 2, 0
1652228, 0, bit 0
1652228, 0, 1
1652231, 1, 0
1652234, 2, 1
1652353, 0, 0
1652356, 1, 0
1652359, 2, 1
1652478, 0, 1
1652481, 1, bit 0
1652481, 1, 1
1652484, 2, 0
1652603, 0, 0
1652606, 1, 0
1652609, 2, 0
1652728, 0, 1
1652731, 1, 0
1652734, 2, 1
1652853, 0, 0
1652856, 1, 0
1652859, 2, bit 1
1652859, 2, 1
1652978, 0, 0
1652981, 1, 0
1652984, 2, 0
1653103, 0, bit 0
1653103, 0, 1
1653106, 1, 1
1653109, 2, 1
1653228, 0, 0
1653231, 1, 1
1653234, 2, 1
1653353, 0, 1
1653356, 1, bit 0
1653356, 1, 1
1653359, 2, 0
1653478, 0, 0
1653481, 1, 0
1653484, 2, 0
1653603, 0, 1
1653606, 1, 0
1653609, 2, 1
1653728, 0, 0
1653731, 1, 0
1653734, 2, bit 1
1653734, 2, 1
1653853, 0, 0
1653856, 1, 0
1653859, 2, 0
1653978, 0, bit 1
1653978, 0, 0
1653981, 1, 1
1653984, 2, 1
1654103, 0, 1
1654106, 1, 1
1654109, 2, 1
1654228, 0, 0
1654231, 1, bit 0
1654231, 1, 1
1654234, 2, 0
1654353, 0, 1
1654356, 1, 0
1654359, 2, 0
1654478, 0, 0
1654481, 1, 0
1654484, 2, 1
1654603, 0, 1
1654606, 1, 0
1654609, 2, bit 0
1654609, 2, 0
1654728, 0, 1
1654731, 1, 0
1654734, 2, 1
1654853, 0, bit 0
1654853, 0, 1
1654856, 1, 1
1654859, 2, 0
1654978, 0, 0
1654981, 1, 1
1654984, 2, 0
1655103, 0, 1
1655106, 1, bit 0
1655106, 1, 1
1655109, 2, 1
1655228, 0, 0
1655231, 1, 0
1655234, 2, 1
1655353, 0, 1
1655356, 1, 0
1655359, 2, 0
1655478, 0, 0
1655481, 1, 0
1655484, 2, bit 1
1655484, 2, 1
1655603, 0, 0
1655606, 1, 0
1655609, 2, 0
1655728, 0, bit 1
1655728, 0, 0
1655731, 1, 1
1655734, 2, 1
1655853, 0, 1
1655856, 1, 1
1655859, 2, 1
1655979, 0, 0
1655981, 1, bit 0
1655984, 1, 1
1655984, 2, 0
1656104, 0, 1
1656107, 1, 0
1656109, 2, 0
1656229, 0, 0
1656232, 1, 0
1656235, 2, 1
1656354, 0, 1
1656357, 1, 0
1656360, 2, bit 1
1656360, 2, 1
1656479, 0, 1
1656482, 1, 0
1656485, 2, 0
1656604, 0, bit 1
1656604, 0, 0
1656607, 1, 1
1656610, 2, 1
1656729, 0, 1
1656732, 1, 1
1656735, 2, 1
1656854, 0, 0
1656857, 1, bit 1
1656857, 1, 0
1656860, 2, 0
1656979, 0, 1
1656982, 1, 1
1656985, 2, 0
1657104, 0, 0
1657107, 1, 1
1657110, 2, 1
1657229, 0, 1
1657232, 1, 1
1657235, 2, bit 1
1657235, 2, 1
1657354, 0, 1
1657357, 1, 1
1657360, 2, 0
1657479, 0, bit 0
1657479, 0, 1
1657482, 1, 0
1657485, 2, 1
1657604, 0, 0
1657607, 1, 0
1657610, 2, 1
1657729, 0, 1
1657732, 1, bit 0
1657732, 1, 1
1657735, 2, 0
1657854, 0, 0
1657857, 1, 0
1657860, 2, 0
1657979, 0, 1
1657982, 1, 0
1657985, 2, 1
1658104, 0, 0
1658107, 1, 0
1658110, 2, bit 1
1658110, 2, 1
1658229, 0, 0
1658232, 1, 0
1658235, 2, 0
1658354, 0, bit 1
1658354, 0, 0
1658357, 1, 1
1658360, 2, 1
1658479, 0, 1
1658482, 1, 1
1658485, 2, 1
1658604, 0, 0
1658607, 1, bit 0
1658607, 1, 1
1658610, 2, 0
1658729, 0, 1
1658732, 1, 0
1658735, 2, 0
1658854, 0, 0
1658857, 1, 0
1658860, 2, 1
1658979, 0, 1
1658982, 1, 0
1658985, 2, bit 1
1658985, 2, 1
1659104, 0, 1
1659107, 1, 0
1659110, 2, 0
1659229, 0, bit 0
1659229, 0, 1
1659232, 1, 1
1659235, 2, 1
1659354, 0, 0
1659357, 1, 1
1659360, 2, 1
1659479, 0, 1
1659482, 1, bit 0
1659482, 1, 1
1659485, 2, 0
1659604, 0, 0
1659608, 1, 0
1659610, 2, 0
1659729, 0, 1
1659734, 1, 0
1659735, 2, 1
1659854, 0, 0
1659859, 1, 0
1659860, 2, bit 0
1659860, 2, 0
1659979, 0, 0
1659984, 1, 0
1659985, 2, 1
1660104, 0, bit 1
1660104, 0, 0
1660109, 1, 1
1660110, 2, 0
1660229, 0, 1
1660234, 1, 1
1660235, 2, 0
1660354, 0, 0
1660359, 1, bit 0
1660359, 1, 1
1660360, 2, 1
1660479, 0, 1
1660484, 1, 0
1660485, 2, 1
1660604, 0, 0
1660609, 1, 0
1660610, 2, 0
1660729, 0, 1
1660734, 1, 0
1660735, 2, bit 0
1660735, 2, 0
1660854, 0, 1
1660859, 1, 0
1660860, 2, 1
1660979, 0, bit 0
1660979, 0, 1
1660984, 1, 1
1660985, 2, 0
1661104, 0, 0
1661109, 1, 1
1661110, 2, 0
1661229, 0, 1
1661234, 1, bit 1
1661234, 1, 0
1661235, 2, 1
1661355, 0, 0
1661359, 1, 1
1661360, 2, 1
1661480, 0, 1
1661484, 1, 1
1661485, 2, 0
1661605, 0, 0
1661609, 1, 1
1661611, 2, bit 0
1661611, 2, 0
1661730, 0, 0
1661734, 1, 1
1661736, 2, 1
1661855, 0, bit 0
1661855, 0, 1
1661859, 1, 0
1661861, 2, 0
1661980, 0, 0
1661984, 1, 0
1661986, 2, 0
1662105, 0, 1
1662109, 1, bit 1
1662109, 1, 0
1662111, 2, 1
1662230, 0, 0
1662234, 1, 1
1662236, 2, 1
1662355, 0, 1
1662359, 1, 1
1662361, 2, 0
1662480, 0, 0
1662484, 1, 1
1662486, 2, bit 1
1662486, 2, 1
1662605, 0, 0
1662609, 1, 1
1662611, 2, 0
1662730, 0, bit 1
1662730, 0, 0
1662734, 1, 0
1662736, 2, 1
1662855, 0, 1
1662859, 1, 0
1662861, 2, 1
1662980, 0, 0
1662984, 1, bit 1
1662984, 1, 0
1662986, 2, 0
1663105, 0, 1
1663109, 1, 1
1663111, 2, 0
1663230, 0, 0
1663234, 1, 1
1663237, 2, 1
1663355, 0, 1
1663360, 1, 1
1663362, 2, bit 1
1663362, 2, 1
1663480, 0, 1
1663485, 1, 1
1663488, 2, 0
1663605, 0, bit 1
1663605, 0, 0
1663610, 1, 0
1663613, 2, 1
1663730, 0, 1
1663735, 1, 0
1663738, 2, 1
1663855, 0, 0
1663860, 1, bit 0
1663860, 1, 1
1663863, 2, 0
1663980, 0, 1
1663985, 1, 0
1663988, 2, 0
1664105, 0, 0
1664110, 1, 0
1664113, 2, 1
1664230, 0, 1
1664235, 1, 0
1664238, 2, bit 1
1664238, 2, 1
1664355, 0, 1
1664360, 1, 0
1664363, 2, 0
1664480, 0, bit 0
1664483, 0, 1
1664485, 1, 1
1664488, 2, 1
1664605, 0, 0
1664610, 1, 1
1664613, 2, 1
1664730, 0, 1
1664735, 1, bit 1
1664735, 1, 0
1664738, 2, 0
1664855, 0, 0
1664860, 1, 1
1664863, 2, 0
1664980, 0, 1
1664985, 1, 1
1664988, 2, 1
1665105, 0, 0
1665110, 1, 1
1665113, 2, bit 0
1665113, 2, 0
1665230, 0, 0
1665235, 1, 1
1665238, 2, 1
1665355, 0, bit 1
1665355, 0, 0
1665360, 1, 0
1665363, 2, 0
1665480, 0, 1
1665485, 1, 0
1665488, 2, 0
1665605, 0, 0
1665610, 1, bit 1
1665610, 1, 0
1665613, 2, 1
1665730, 0, 1
1665735, 1, 1
1665738, 2, 1
1665855, 0, 0
1665860, 1, 1
1665863, 2, 0
1665980, 0, 1
1665985, 1, 1
1665988, 2, bit 1
1665988, 2, 1
1666105, 0, 1
1666110, 1, 1
1666113, 2, 0
1666230, 0, bit 1
1666230, 0, 0
1666235, 1, 0
1666238, 2, 1
1666355, 0, 1
1666360, 1, 0
1666363, 2, 1
1666480, 0, 0
1666485, 1, bit 0
1666485, 1, 1
1666488, 2, 0
1666605, 0, 1
1666610, 1, 0
1666613, 2, 0
1666731, 0, 0
1666735, 1, 0
1666738, 2, 1
1666856, 0, 1
1666860, 1, 0
1666863, 2, bit 0
1666863, 2, 0
1666981, 0, 1
1666985, 1, 0
1666988, 2, 1
1667106, 0, bit 1
1667106, 0, 0
1667110, 1, 1
1667113, 2, 0
1667231, 0, 1
1667235, 1, 1
1667238, 2, 0
1667356, 0, 0
1667360, 1, bit 0
1667360, 1, 1
1667363, 2, 1
1667481, 0, 1
1667485, 1, 0
1667488, 2, 1
1667606, 0, 0
1667610, 1, 0
1667613, 2, 0
1667731, 0, 1
1667735, 1, 0
1667738, 2, bit 1
1667738, 2, 1
1667856, 0, 1
1667860, 1, 0
1667863, 2, 0
1667981, 0, bit 0
1667981, 0, 1
1667985, 1, 1
1667988, 2, 1
1668106, 0, 0
1668110, 1, 1
1668113, 2, 1
1668231, 0, 1
1668235, 1, bit 0
1668235, 1, 1
1668238, 2, 0
1668356, 0, 0
1668360, 1, 0
1668363, 2, 0
1668481, 0, 1
1668485, 1, 0
1668488, 2, 1
1668606, 0, 0
1668610, 1, 0
1668613, 2, bit 0
1668613, 2, 0
1668731, 0, 0
1668736, 1, 0
1668738, 2, 1
1668856, 0, bit 0
1668856, 0, 1
1668861, 1, 1
1668864, 2, 0
1668981, 0, 0
1668986, 1, 1
1668989, 2, 0
1669106, 0, 1
1669111, 1, bit 1
1669111, 1, 0
1669114, 2, 1
1669231, 0, 0
1669236, 1, 1
1669246, 2, 1
1669356, 0, 1
1669361, 1, 1
1669371, 2, 0
1669481, 0, 0
1669486, 1, 1
1669496, 2, bit 0
1669496, 2, 0
1669606, 0, 0
1669611, 1, 1
1669621, 2, 1
1669731, 0, bit 1
1669731, 0, 0
1669736, 1, 0
1669746, 2, 0
1669856, 0, 1
1669861, 1, 0
1669871, 2, 0
1669981, 0, 0
1669986, 1, bit 1
1669986, 1, 0
1669996, 2, 1
1670106, 0, 1
1670111, 1, 1
1670121, 2, 1
1670231, 0, 0
1670236, 1, 1
1670246, 2, 0
1670356, 0, 1
1670361, 1, 1
1670371, 2, bit 1
1670371, 2, 1
1670481, 0, 1
1670486, 1, 1
1670496, 2, 0
1670606, 0, bit 0
1670606, 0, 1
1670611, 1, 0
1670621, 2, 1
1670731, 0, 0
1670736, 1, 0
1670746, 2, 1
1670856, 0, 1
1670861, 1, bit 0
1670861, 1, 1
1670871, 2, 0
1670981, 0, 0
1670986, 1, 0
1670996, 2, 0
1671106, 0, 1
1671111, 1, 0
1671121, 2, 1
1671231, 0, 0
1671236, 1, 0
1671246, 2, bit 0
1671246, 2, 0
1671356, 0, 0
1671361, 1, 0
1671371, 2, 1
1671481, 0, bit 1
1671481, 0, 0
1671486, 1, 1
1671496, 2, 0
1671606, 0, 1
1671611, 1, 1
1671621, 2, 0
1671731, 0, 0
1671736, 1, bit 1
1671736, 1, 0
1671746, 2, 1
1671856, 0, 1
1671861, 1, 1
1671871, 2, 1
1671981, 0, 0
1671986, 1, 1
1671996, 2, 0
1672107, 0, 1
1672111, 1, 1
1672121, 2, bit 0
1672121, 2, 0
1672232, 0, 1
1672236, 1, 1
1672246, 2, 1
1672357, 0, bit 1
1672357, 0, 0
1672361, 1, 0
1672371, 2, 0
1672482, 0, 1
1672486, 1, 0
1672496, 2, 0
1672607, 0, 0
1672611, 1, bit 0
1672611, 1, 1
1672621, 2, 1
1672732, 0, 1
1672736, 1, 0
1672747, 2, 1
1672857, 0, 0
1672861, 1, 0
1672872, 2, 0
1672982, 0, 1
1672986, 1, 0
1672997, 2, bit 1
1672997, 2, 1
1673107, 0, 1
1673111, 1, 0
1673122, 2, 0
1673232, 0, bit 0
1673232, 0, 1
1673236, 1, 1
1673247, 2, 1
1673357, 0, 0
1673361, 1, 1
1673372, 2, 1
1673482, 0, 1
1673486, 1, bit 1
1673486, 1, 0
1673497, 2, 0
1673607, 0, 0
1673611, 1, 1
1673622, 2, 0
1673732, 0, 1
1673736, 1, 1
1673747, 2, 1
1673857, 0, 0
1673861, 1, 1
1673872, 2, bit 0
1673872, 2, 0
1673982, 0, 0
1673986, 1, 1
1673997, 2, 1
1674107, 0, bit 0
1674110, 0, 1
1674112, 1, 0
1674122, 2, 0
1674232, 0, 0
1674237, 1, 0
1674247, 2, 0
1674357, 0, 1
1674362, 1, bit 0
1674362, 1, 1
1674372, 2, 1
1674482, 0, 0
1674487, 1, 0
1674497, 2, 1
1674607, 0, 1
1674612, 1, 0
1674622, 2, 0
1674732, 0, 0
1674737, 1, 0
1674747, 2, bit 0
1674747, 2, 0
1674857, 0, 0
1674862, 1, 0
1674872, 2, 1
1674982, 0, bit 1
1674982, 0, 0
1674987, 1, 1
1674997, 2, 0
1675107, 0, 1
1675112, 1, 1
1675122, 2, 0
1675232, 0, 0
1675237, 1, bit 1
1675237, 1, 0
1675247, 2, 1
1675357, 0, 1
1675362, 1, 1
1675372, 2, 1
1675482, 0, 0
1675487, 1, 1
1675497, 2, 0
1675607, 0, 1
1675612, 1, 1
1675622, 2, bit 0
1675622, 2, 0
1675732, 0, 1
1675737, 1, 1
1675747, 2, 1
1675857, 0, bit 0
1675857, 0, 1
1675862, 1, 0
1675872, 2, 0
1675982, 0, 0
1675987, 1, 0
1675997, 2, 0
1676107, 0, 1
1676112, 1, bit 0
1676112, 1, 1
1676122, 2, 1
1676232, 0, 0
1676237, 1, 0
1676247, 2, 1
1676357, 0, 1
1676362, 1, 0
1676372, 2, 0
1676482, 0, 0
1676487, 1, 0
1676497, 2, bit 0
1676497, 2, 0
1676607, 0, 0
1676612, 1, 0
1676622, 2, 1
1676732, 0, bit 1
1676732, 0, 0
1676737, 1, 1
1676747, 2, 0
1676857, 0, 1
1676862, 1, 1
1676872, 2, 0
1676982, 0, 0
1676987, 1, bit 1
1676987, 1, 0
1676997, 2, 1
1677107, 0, 1
1677112, 1, 1
1677122, 2, 1
1677232, 0, 0
1677237, 1, 1
1677247, 2, 0
1677357, 0, 1
1677362, 1, 1
1677372, 2, bit 1
1677372, 2, 1
1677483, 0, 1
1677487, 1, 1
1677497, 2, 0
1677608, 0, bit 0
1677608, 0, 1
1677612, 1, 0
1677622, 2, 1
1677733, 0, 0
1677737, 1, 0
1677747, 2, 1
1677858, 0, 1
1677862, 1, bit 1
1677862, 1, 0
1677872, 2, 0
1677983, 0, 0
1677987, 1, 1
1677997, 2, 0
1678108, 0, 1
1678112, 1, 1
1678123, 2, 1
1678233, 0, 0
1678237, 1, 1
1678248, 2, bit 0
1678248, 2, 0
1678358, 0, 0
1678362, 1, 1
1678373, 2, 1
1678483, 0, bit 1
1678483, 0, 0
1678487, 1, 0
1678498, 2, 0
1678608, 0, 1
1678612, 1, 0
1678623, 2, 0
1678733, 0, 0
1678737, 1, bit 1
1678737, 1, 0
1678748, 2, 1
1678858, 0, 1
1678862, 1, 1
1678873, 2, 1
1678983, 0, 0
1678987, 1, 1
1678998, 2, 0
1679108, 0, 1
1679112, 1, 1
1679123, 2, bit 0
1679123, 2, 0
1679233, 0, 1
1679237, 1, 1
1679248, 2, 1
1679358, 0, bit 1
1679358, 0, 0
1679362, 1, 0
1679373, 2, 0
1679483, 0, 1
1679488, 1, 0
1679498, 2, 0
1679608, 0, 0
1679613, 1, bit 0
1679613, 1, 1
1679623, 2, 1
1679733, 0, 1
1679738, 1, 0
1679748, 2, 1
1679858, 0, 0
1679863, 1, 0
1679873, 2, 0
1679983, 0, 1
1679988, 1, 0
1679998, 2, bit 0
1679998, 2, 0
1680108, 0, 1
1680113, 1, 0
1680123, 2, 1
1680233, 0, bit 1
1680233, 0, 0
1680238, 1, 1
1680248, 2, 0
1680358, 0, 1
1680363, 1, 1
1680373, 2, 0
1680483, 0, 0
1680488, 1, bit 0
1680488, 1, 1
1680498, 2, 1
1680608, 0, 1
1680613, 1, 0
1680623, 2, 1
1680733, 0, 0
1680738, 1, 0
1680748, 2, 0
1680858, 0, 1
1680863, 1, 0
1680873, 2, bit 1
1680873, 2, 1
1680983, 0, 1
1680988, 1, 0
1680998, 2, 0
1681108, 0, bit 0
1681108, 0, 1
1681113, 1, 1
1681123, 2, 1
1681233, 0, 0
1681238, 1, 1
1681248, 2, 1
1681358, 0, 1
1681363, 1, bit 1
1681363, 1, 0
1681373, 2, 0
1681483, 0, 0
1681488, 1, 1
1681498, 2, 0
1681608, 0, 1
1681613, 1, 1
1681623, 2, 1
1681733, 0, 0
1681738, 1, 1
1681748, 2, bit 0
1681748, 2, 0
1681858, 0, 0
1681863, 1, 1
1681873, 2, 1
1681983, 0, bit 0
1681983, 0, 1
1681988, 1, 0
1681998, 2, 0
1682108, 0, 0
1682113, 1, 0
1682123, 2, 0
1682233, 0, 1
1682238, 1, bit 1
1682238, 1, 0
1682248, 2, 1
1682358, 0, 0
1682363, 1, 1
1682373, 2, 1
1682483, 0, 1
1682488, 1, 1
1682498, 2, 0
1682608, 0, 0
1682613, 1, 1
1682623, 2, bit 0
1682623, 2, 0
1682733, 0, 0
1682738, 1, 1
1682748, 2, 1
1682859, 0, bit 1
1682859, 0, 0
1682863, 1, 0
1682873, 2, 0
1682984, 0, 1
1682988, 1, 0
1682998, 2, 0
1683109, 0, 0
1683113, 1, bit 0
1683113, 1, 1
1683123, 2, 1
1683234, 0, 1
1683238, 1, 0
1683248, 2, 1
1683359, 0, 0
1683363, 1, 0
1683373, 2, 0
1683484, 0, 1
1683488, 1, 0
1683499, 2, bit 1
1683499, 2, 1
1683609, 0, 1
1683613, 1, 0
1683624, 2, 0
1683734, 0, bit 1
1683737, 0, 0
1683738, 1, 1
1683749, 2, 1
1683859, 0, 1
1683863, 1, 1
1683874, 2, 1
1683984, 0, 0
1683988, 1, bit 0
1683988, 1, 1
1683999, 2, 0
1684109, 0, 1
1684113, 1, 0
1684124, 2, 0
1684234, 0, 0
1684238, 1, 0
1684249, 2, 1
1684359, 0, 1
1684363, 1, 0
1684374, 2, bit 0
1684374, 2, 0
1684484, 0, 1
1684488, 1, 0
1684499, 2, 1
1684609, 0, bit 1
1684609, 0, 0
1684613, 1, 1
1684624, 2, 0
1684734, 0, 1
1684738, 1, 1
1684749, 2, 0
1684859, 0, 0
1684864, 1, bit 1
1684864, 1, 0
1684874, 2, 1
1684984, 0, 1
1684989, 1, 1
1684999, 2, 1
1685109, 0, 0
1685114, 1, 1
1685124, 2, 0
1685234, 0, 1
1685239, 1, 1
1685249, 2, bit 1
1685249, 2, 1
1685359, 0, 1
1685364, 1, 1
1685374, 2, 0
1685484, 0, bit 0
1685484, 0, 1
1685489, 1, 0
1685499, 2, 1
1685609, 0, 0
1685614, 1, 0
1685624, 2, 1
1685734, 0, 1
1685739, 1, bit 0
1685739, 1, 1
1685749, 2, 0
1685859, 0, 0
1685864, 1, 0
1685874, 2, 0
1685984, 0, 1
1685989, 1, 0
1685999, 2, 1
1686109, 0, 0
1686114, 1, 0
1686124, 2, bit 0
1686124, 2, 0
1686234, 0, 0
1686239, 1, 0
1686249, 2, 1
1686359, 0, bit 0
1686359, 0, 1
1686364, 1, 1
1686374, 2, 0
1686484, 0, 0
1686489, 1, 1
1686499, 2, 0
1686609, 0, 1
1686614, 1, bit 1
1686614, 1, 0
1686624, 2, 1
1686734, 0, 0
1686739, 1, 1
1686749, 2, 1
1686859, 0, 1
1686864, 1, 1
1686874, 2, 0
1686984, 0, 0
1686989, 1, 1
1686999, 2, bit 0
1686999, 2, 0
1687109, 0, 0
1687114, 1, 1
1687124, 2, 1
1687234, 0, bit 1
1687234, 0, 0
1687239, 1, 0
1687249, 2, 0
1687359, 0, 1
1687364, 1, 0
1687374, 2, 0
1687484, 0, 0
1687489, 1, bit 1
1687489, 1, 0
1687499, 2, 1
1687609, 0, 1
1687614, 1, 1
1687624, 2, 1
1687734, 0, 0
1687739, 1, 1
1687749, 2, 0
1687859, 0, 1
1687864, 1, 1
1687874, 2, bit 1
1687874, 2, 1
1687984, 0, 1
1687989, 1, 1
1687999, 2, 0
1688109, 0, bit 1
1688109, 0, 0
1688114, 1, 0
1688124, 2, 1
1688235, 0, 1
1688239, 1, 0
1688249, 2, 1
1688360, 0, 0
1688364, 1, bit 1
1688364, 1, 0
1688374, 2, 0
1688485, 0, 1
1688489, 1, 1
1688499, 2, 0
1688610, 0, 0
1688614, 1, 1
1688624, 2, 1
1688735, 0, 1
1688739, 1, 1
1688749, 2, bit 1
1688749, 2, 1
1688860, 0, 1
1688864, 1, 1
1688875, 2, 0
1688985, 0, bit 0
1688985, 0, 1
1688989, 1, 0
1689000, 2, 1
1689110, 0, 0
1689114, 1, 0
1689125, 2, 1
1689235, 0, 1
1689239, 1, bit 1
1689239, 1, 0
1689250, 2, 0
1689360, 0, 0
1689364, 1, 1
1689375, 2, 0
1689485, 0, 1
1689489, 1, 1
1689500, 2, 1
1689610, 0, 0
1689614, 1, 1
1689625, 2, bit 1
1689625, 2, 1
1689735, 0, 0
1689739, 1, 1
1689750, 2, 0
1689860, 0, bit 0
1689860, 0, 1
1689864, 1, 0
1689875, 2, 1
1689985, 0, 0
1689989, 1, 0
1690000, 2, 1
1690110, 0, 1
1690114, 1, bit 1
1690114, 1, 0
1690125, 2, 0
1690235, 0, 0
1690240, 1, 1
1690250, 2, 0
1690360, 0, 1
1690365, 1, 1
1690375, 2, 1
1690485, 0, 0
1690490, 1, 1
1690500, 2, bit 1
1690500, 2, 1
1690610, 0, 0
1690615, 1, 1
1690625, 2, 0
1690735, 0, bit 1
1690735, 0, 0
1690740, 1, 0
1690750, 2, 1
1690860, 0, 1
1690865, 1, 0
1690875, 2, 1
1690985, 0, 0
1690990, 1, bit 0
1690990, 1, 1
1691000, 2, 0
1691110, 0, 1
1691115, 1, 0
1691125, 2, 0
1691235, 0, 0
1691240, 1, 0
1691250, 2, 1
1691360, 0, 1
1691365, 1, 0
1691375, 2, bit 1
1691375, 2, 1
1691485, 0, 1
1691490, 1, 0
1691500, 2, 0
1691610, 0, bit 1
1691610, 0, 0
1691615, 1, 1
1691625, 2, 1
1691735, 0, 1
1691740, 1, 1
1691750, 2, 1
1691860, 0, 0
1691865, 1, bit 1
1691865, 1, 0
1691875, 2, 0
1691985, 0, 1
1691990, 1, 1
1692000, 2, 0
1692110, 0, 0
1692115, 1, 1
1692125, 2, 1
1692235, 0, 1
1692240, 1, 1
1692250, 2, bit 1
1692250, 2, 1
1692360, 0, 1
1692365, 1, 1
1692375, 2, 0
1692485, 0, bit 1
1692485, 0, 0
1692490, 1, 0
1692500, 2, 1
1692610, 0, 1
1692615, 1, 0
1692625, 2, 1
1692735, 0, 0
1692740, 1, bit 1
1692740, 1, 0
1692750, 2, 0
1692860, 0, 1
1692865, 1, 1
1692875, 2, 0
1692985, 0, 0
1692990, 1, 1
1693000, 2, 1
1693110, 0, 1
1693115, 1, 1
1693125, 2, bit 1
1693125, 2, 1
1693235, 0, 1
1693240, 1, 1
1693250, 2, 0
1693360, 0, bit 1
1693363, 0, 0
1693365, 1, 0
1693375, 2, 1
1693485, 0, 1
1693490, 1, 0
1693500, 2, 1
1693611, 0, 0
1693615, 1, bit 1
1693615, 1, 0
1693625, 2, 0
1693736, 0, 1
1693740, 1, 1
1693750, 2, 0
1693861, 0, 0
1693865, 1, 1
1693875, 2, 1
1693986, 0, 1
1693990, 1, 1
1694000, 2, bit 0
1694000, 2, 0
1694111, 0, 1
1694115, 1, 1
1694125, 2, 1
1694236, 0, bit 0
1694236, 0, 1
1694240, 1, 0
1694251, 2, 0
1694361, 0, 0
1694365, 1, 0
1694376, 2, 0
1694486, 0, 1
1694490, 1, bit 0
1694490, 1, 1
1694501, 2, 1
1694611, 0, 0
1694615, 1, 0
1694626, 2, 1
1694736, 0, 1
1694740, 1, 0
1694751, 2, 0
1694861, 0, 0
1694865, 1, 0
1694876, 2, bit 0
1694876, 2, 0
1694986, 0, 0
1694990, 1, 0
1695001, 2, 1
1695111, 0, bit 0
1695111, 0, 1
1695115, 1, 1
1695126, 2, 0
1695236, 0, 0
1695240, 1, 1
1695251, 2, 0
1695361, 0, 1
1695365, 1, bit 1
1695365, 1, 0
1695376, 2, 1
1695486, 0, 0
1695490, 1, 1
1695501, 2, 1
1695611, 0, 1
1695616, 1, 1
1695626, 2, 0
1695736, 0, 0
1695741, 1, 1
1695751, 2, bit 1
1695754, 2, 1
1695861, 0, 0
1695866, 1, 1
1695876, 2, 0
1695986, 0, bit 1
1695986, 0, 0
1695991, 1, 0
1696001, 2, 1
1696111, 0, 1
1696116, 1, 0
1696126, 2, 1
1696236, 0, 0
1696241, 1, bit 1
1696241, 1, 0
1696251, 2, 0
1696361, 0, 1
1696366, 1, 1
1696376, 2, 0
1696486, 0, 0
1696491, 1, 1
1696501, 2, 1
1696611, 0, 1
1696616, 1, 1
1696626, 2, bit 0
1696626, 2, 0
1696736, 0, 1
1696741, 1, 1
1696751, 2, 1
1696861, 0, bit 0
1696861, 0, 1
1696866, 1, 0
1696876, 2, 0
1696986, 0, 0
1696991, 1, 0
1697001, 2, 0
1697111, 0, 1
1697116, 1, bit 1
1697116, 1, 0
1697126, 2, 1
1697236, 0, 0
1697241, 1, 1
1697251, 2, 1
1697361, 0, 1
1697366, 1, 1
1697376, 2, 0
1697486, 0, 0
1697491, 1, 1
1697501, 2, bit 1
1697501, 2, 1
1697611, 0, 0
1697616, 1, 1
1697626, 2, 0
1697736, 0, bit 1
1697736, 0, 0
1697741, 1, 0
1697751, 2, 1
1697861, 0, 1
1697866, 1, 0
1697876, 2, 1
1697986, 0, 0
1697991, 1, bit 0
1697991, 1, 1
1698001, 2, 0
1698111, 0, 1
1698116, 1, 0
1698126, 2, 0
1698236, 0, 0
1698241, 1, 0
1698251, 2, 1
1698361, 0, 1
1698366, 1, 0
1698376, 2, bit 1
1698376, 2, 1
1698486, 0, 1
1698491, 1, 0
1698501, 2, 0
1698611, 0, bit 0
1698611, 0, 1
1698616, 1, 1
1698626, 2, 1
1698736, 0, 0
1698741, 1, 1
1698751, 2, 1
1698861, 0, 1
1698866, 1, bit 1
1698866, 1, 0
1698876, 2, 0
1698987, 0, 0
1698991, 1, 1
1699001, 2, 0
1699112, 0, 1
1699116, 1, 1
1699126, 2, 1
1699237, 0, 0
1699241, 1, 1
1699251, 2, bit 1
1699251, 2, 1
1699362, 0, 0
1699366, 1, 1
1699376, 2, 0
1699487, 0, bit 1
1699487, 0, 0
1699491, 1, 0
1699501, 2, 1
1699612, 0, 1
1699616, 1, 0
1699627, 2, 1
1699737, 0, 0
1699741, 1, bit 1
1699741, 1, 0
1699752, 2, 0
1699862, 0, 1
1699866, 1, 1
1699877, 2, 0
1699987, 0, 0
1699991, 1, 1
1700002, 2, 1
1700112, 0, 1
1700116, 1, 1
1700127, 2, bit 0
1700127, 2, 0
1700237, 0, 1
1700241, 1, 1
1700252, 2, 1
1700362, 0, bit 1
1700362, 0, 0
1700366, 1, 0
1700377, 2, 0
1700487, 0, 1
1700491, 1, 0
1700502, 2, 0
1700612, 0, 0
1700616, 1, bit 1
1700616, 1, 0
1700627, 2, 1
1700737, 0, 1
1700741, 1, 1
1700752, 2, 1
1700862, 0, 0
1700866, 1, 1
1700877, 2, 0
1700987, 0, 1
1700992, 1, 1
1701002, 2, bit 1
1701002, 2, 1
1701112, 0, 1
1701117, 1, 1
1701127, 2, 0
1701237, 0, bit 0
1701237, 0, 1
1701242, 1, 0
1701252, 2, 1
1701362, 0, 0
1701367, 1, 0
1701377, 2, 1
1701487, 0, 1
1701492, 1, bit 1
1701492, 1, 0
1701502, 2, 0
1701612, 0, 0
1701617, 1, 1
1701627, 2, 0
1701737, 0, 1
1701742, 1, 1
1701752, 2, 1
1701862, 0, 0
1701867, 1, 1
1701877, 2, bit 0
1701877, 2, 0
1701987, 0, 0
1701992, 1, 1
1702002, 2, 1
1702112, 0, bit 1
1702112, 0, 0
1702117, 1, 0
1702127, 2, 0
1702237, 0, 1
1702242, 1, 0
1702252, 2, 0
1702362, 0, 0
1702367, 1, bit 0
1702367, 1, 1
1702377, 2, 1
1702487, 0, 1
1702492, 1, 0
1702502, 2, 1
1702612, 0, 0
1702617, 1, 0
1702627, 2, 0
1702737, 0, 1
1702742, 1, 0
1702752, 2, bit 0
1702752, 2, 0
1702862, 0, 1
1702867, 1, 0
1702877, 2, 1
1702987, 0, bit 0
1702987, 0, 1
1702992, 1, 1
1703002, 2, 0
1703112, 0, 0
1703117, 1, 1
1703127, 2, 0
1703237, 0, 1
1703242, 1, bit 1
1703242, 1, 0
1703252, 2, 1
1703362, 0, 0
1703367, 1, 1
1703377, 2, 1
1703487, 0, 1
1703492, 1, 1
1703502, 2, 0
1703612, 0, 0
1703617, 1, 1
1703627, 2, bit 1
1703627, 2, 1
1703737, 0, 0
1703742, 1, 1
1703752, 2, 0
1703862, 0, bit 1
1703862, 0, 0
1703867, 1, 0
1703877, 2, 1
1703987, 0, 1
1703992, 1, 0
1704002, 2, 1
1704112, 0, 0
1704117, 1, bit 0
1704117, 1, 1
1704127, 2, 0
1704237, 0, 1
1704242, 1, 0
1704252, 2, 0
1704363, 0, 0
1704367, 1, 0
1704377, 2, 1
1704488, 0, 1
1704492, 1, 0
1704502, 2, bit 0
1704502, 2, 0
1704613, 0, 1
1704617, 1, 0
1704627, 2, 1
1704738, 0, bit 0
1704738, 0, 1
1704742, 1, 1
1704752, 2, 0
1704863, 0, 0
1704867, 1, 1
1704877, 2, 0
1704988, 0, 1
1704992, 1, bit 1
1704992, 1, 0
1705003, 2, 1
1705113, 0, 0
1705117, 1, 1
1705128, 2, 1
1705238, 0, 1
1705242, 1, 1
1705253, 2, 0
1705363, 0, 0
1705367, 1, 1
1705378, 2, bit 1
1705381, 2, 1
1705488, 0, 0
1705492, 1, 1
1705503, 2, 0
1705613, 0, bit 0
1705613, 0, 1
1705617, 1, 0
1705628, 2, 1
1705738, 0, 0
1705742, 1, 0
1705753, 2, 1
1705863, 0, 1
1705867, 1, bit 0
1705867, 1, 1
1705878, 2, 0
1705988, 0, 0
1705992, 1, 0
1706003, 2, 0
1706113, 0, 1
1706117, 1, 0
1706128, 2, 1
1706238, 0, 0
1706242, 1, 0
1706253, 2, bit 0
1706253, 2, 0
1706363, 0, 0
1706368, 1, 0
1706378, 2, 1
1706488, 0, bit 0
1706488, 0, 1
1706493, 1, 1
1706503, 2, 0
1706613, 0, 0
1706618, 1, 1
1706628, 2, 0
1706738, 0, 1
1706743, 1, bit 1
1706743, 1, 0
1706753, 2, 1
1706863, 0, 0
1706868, 1, 1
1706878, 2, 1
1706988, 0, 1
1706993, 1, 1
1707003, 2, 0
1707113, 0, 0
1707118, 1, 1
1707128, 2, bit 1
1707128, 2, 1
1707238, 0, 0
1707243, 1, 1
1707253, 2, 0
1707363, 0, bit 0
1707363, 0, 1
1707368, 1, 0
1707378, 2, 1
1707488, 0, 0
1707493, 1, 0
1707503, 2, 1
1707613, 0, 1
1707618, 1, bit 0
1707618, 1, 1
1707628, 2, 0
1707738, 0, 0
1707743, 1, 0
1707753, 2, 0
1707863, 0, 1
1707868, 1, 0
1707878, 2, 1
1707988, 0, 0
1707993, 1, 0
1708003, 2, bit 0
1708003, 2, 0
1708113, 0, 0
1708118, 1, 0
1708128, 2, 1
1708238, 0, bit 0
1708238, 0, 1
1708243, 1, 1
1708253, 2, 0
1708363, 0, 0
1708368, 1, 1
1708378, 2, 0
1708488, 0, 1
1708493, 1, bit 1
1708493, 1, 0
1708503, 2, 1
1708613, 0, 0
1708618, 1, 1
1708628, 2, 1
1708738, 0, 1
1708743, 1, 1
1708753, 2, 0
1708863, 0, 0
1708868, 1, 1
1708878, 2, bit 1
1708878, 2, 1
1708988, 0, 0
1708993, 1, 1
1709003, 2, 0
1709113, 0, bit 1
1709113, 0, 0
1709118, 1, 0
1709128, 2, 1
1709238, 0, 1
1709243, 1, 0
1709253, 2, 1
1709363, 0, 0
1709368, 1, bit 1
1709368, 1, 0
1709378, 2, 0
1709488, 0, 1
1709493, 1, 1
1709503, 2, 0
1709613, 0, 0
1709618, 1, 1
1709628, 2, 1
1709739, 0, 1
1709743, 1, 1
1709753, 2, bit 1
1709753, 2, 1
1709864, 0, 1
1709868, 1, 1
1709878, 2, 0
1709989, 0, bit 1
1709989, 0, 0
1709993, 1, 0
1710003, 2, 1
1710114, 0, 1
1710118, 1, 0
1710128, 2, 1
1710239, 0, 0
1710243, 1, bit 0
1710243, 1, 1
1710253, 2, 0
1710364, 0, 1
1710368, 1, 0
1710379, 2, 0
1710489, 0, 0
1710493, 1, 0
1710504, 2, 1
1710614, 0, 1
1710618, 1, 0
1710629, 2, bit 0
1710629, 2, 0
1710739, 0, 1
1710743, 1, 0
1710754, 2, 1
1710864, 0, bit 1
1710864, 0, 0
1710868, 1, 1
1710879, 2, 0
1710989, 0, 1
1710993, 1, 1
1711004, 2, 0
1711114, 0, 0
1711118, 1, bit 1
1711118, 1, 0
1711129, 2, 1
1711239, 0, 1
1711243, 1, 1
1711254, 2, 1
1711364, 0, 0
1711368, 1, 1
1711379, 2, 0
1711489, 0, 1
1711493, 1, 1
1711504, 2, bit 0
1711504, 2, 0
1711614, 0, 1
1711618, 1, 1
1711629, 2, 1
1711739, 0, bit 1
1711739, 0, 0
1711744, 1, 0
1711754, 2, 0
1711864, 0, 1
1711869, 1, 0
1711879, 2, 0
1711989, 0, 0
1711994, 1, bit 1
1711994, 1, 0
1712004, 2, 1
1712114, 0, 1
1712119, 1, 1
1712129, 2, 1
1712239, 0, 0
1712244, 1, 1
1712254, 2, 0
1712364, 0, 1
1712369, 1, 1
1712379, 2, bit 1
1712379, 2, 1
1712489, 0, 1
1712494, 1, 1
1712504, 2, 0
1712614, 0, bit 1
1712614, 0, 0
1712619, 1, 0
1712629, 2, 1
1712739, 0, 1
1712744, 1, 0
1712754, 2, 1
1712864, 0, 0
1712869, 1, bit 0
1712869, 1, 1
1712879, 2, 0
1712989, 0, 1
1712994, 1, 0
1713004, 2, 0
1713114, 0, 0
1713119, 1, 0
1713129, 2, 1
1713239, 0, 1
1713244, 1, 0
1713254, 2, bit 1
1713254, 2, 1
1713364, 0, 1
1713369, 1, 0
1713379, 2, 0
1713494, 1, 1
1713504, 2, 1
1713619, 1, 1
1713629, 2, 1
1713744, 1, bit 0
1713744, 1, 1
1713754, 2, 0
1713869, 1, 0
1713879, 2, 0
1713994, 1, 0
1714004, 2, 1
1714119, 1, 0
1714129, 2, bit 0
1714129, 2, 0
1714244, 1, 0
1714254, 2, 1
1714369, 1, 1
1714379, 2, 0
1714494, 1, 1
1714504, 2, 0
1714619, 1, bit 0
1714619, 1, 1
1714629, 2, 1
1714744, 1, 0
1714754, 2, 1
1714869, 1, 0
1714879, 2, 0
1714994, 1, 0
1715004, 2, bit 0
1715004, 2, 0
1715119, 1, 0
1715129, 2, 1
1715244, 1, 1
1715254, 2, 0
1715369, 1, 1
1715379, 2, 0
1715494, 1, bit 1
1715494, 1, 0
1715504, 2, 1
1715619, 1, 1
1715629, 2, 1
1715744, 1, 1
1715755, 2, 0
1715869, 1, 1
1715880, 2, bit 1
1715880, 2, 1
1715994, 1, 1
1716005, 2, 0
1716119, 1, 0
1716130, 2, 1
1716244, 1, 0
1716255, 2, 1
1716369, 1, bit 0
1716369, 1, 1
1716380, 2, 0
1716494, 1, 0
1716505, 2, 0
1716619, 1, 0
1716630, 2, 1
1716744, 1, 0
1716755, 2, bit 0
1716755, 2, 0
1716869, 1, 0
1716880, 2, 1
1716994, 1, 1
1717005, 2, 0
1717120, 1, 1
1717130, 2, 0
1717245, 1, bit 1
1717245, 1, 0
1717255, 2, 1
1717370, 1, 1
1717380, 2, 1
1717495, 1, 1
1717505, 2, 0
1717620, 1, 1
1717630, 2, bit 0
1717634, 2, 0
1717745, 1, 1
1717755, 2, 1
1717870, 1, 0
1717880, 2, 0
1717995, 1, 0
1718005, 2, 0
1718120, 1, bit 0
1718120, 1, 1
1718130, 2, 1
1718245, 1, 0
1718255, 2, 1
1718370, 1, 0
1718380, 2, 0
1718495, 1, 0
1718505, 2, bit 1
1718505, 2, 1
1718620, 1, 0
1718630, 2, 0
1718745, 1, 1
1718755, 2, 1
1718870, 1, 1
1718880, 2, 1
1718995, 1, bit 0
1718995, 1, 1
1719005, 2, 0
1719120, 1, 0
1719130, 2, 0
1719245, 1, 0
1719255, 2, 1
1719370, 1, 0
1719380, 2, bit 0
1719380, 2, 0
1719495, 1, 0
1719505, 2, 1
1719620, 1, 1
1719630, 2, 0
1719745, 1, 1
1719755, 2, 0
1719870, 1, bit 0
1719870, 1, 1
1719880, 2, 1
1719995, 1, 0
1720005, 2, 1
1720120, 1, 0
1720130, 2, 0
1720245, 1, 0
1720255, 2, bit 0
1720255, 2, 0
1720370, 1, 0
1720380, 2, 1
1720495, 1, 1
1720505, 2, 0
1720620, 1, 1
1720630, 2, 0
1720745, 1, bit 0
1720745, 1, 1
1720755, 2, 1
1720870, 1, 0
1720880, 2, 1
1720995, 1, 0
1721005, 2, 0
1721120, 1, 0
1721131, 2, bit 1
1721131, 2, 1
1721245, 1, 0
1721256, 2, 0
1721370, 1, 1
1721381, 2, 1
1721495, 1, 1
1721506, 2, 1
1721620, 1, bit 0
1721620, 1, 1
1721631, 2, 0
1721745, 1, 0
1721756, 2, 0
1721870, 1, 0
1721881, 2, 1
1721995, 1, 0
1722006, 2, bit 1
1722006, 2, 1
1722120, 1, 0
1722131, 2, 0
1722245, 1, 1
1722256, 2, 1
1722370, 1, 1
1722381, 2, 1
1722506, 2, 0
1722631, 2, 0
1722756, 2, 1
1722881, 2, bit 1
1722881, 2, 1
1723006, 2, 0
1723131, 2, 1
1723256, 2, 1
1723381, 2, 0
1723506, 2, 0
1723631, 2, 1
1723756, 2, bit 1
1723759, 2, 1
1723881, 2, 0
1724006, 2, 1
1724131, 2, 1
1724256, 2, 0
1724381, 2, 0
1724506, 2, 1
1724631, 2, bit 1
1724631, 2, 1
1724756, 2, 0
1724881, 2, 1
1725006, 2, 1
1725131, 2, 0
1725256, 2, 0
1725381, 2, 1
1725506, 2, bit 0
1725506, 2, 0
1725631, 2, 1
1725756, 2, 0
1725881, 2, 0
1726006, 2, 1
1726131, 2, 1
1726256, 2, 0
1726381, 2, bit 1
1726381, 2, 1
1726507, 2, 0
1726632, 2, 1
1726757, 2, 1
1726882, 2, 0
1727007, 2, 0
1727132, 2, 1
1727257, 2, bit 0
1727257, 2, 0
1727382, 2, 1
1727507, 2, 0
1727632, 2, 0
1727757, 2, 1
1727882, 2, 1
1728007, 2, 0
1728132, 2, bit 1
1728132, 2, 1
1728257, 2, 0
1728382, 2, 1
1728507, 2, 1
1728632, 2, 0
1728757, 2, 0
1728882, 2, 1
1729007, 2, bit 1
1729007, 2, 1
1729132, 2, 0
1729257, 2, 1
1729382, 2, 1
1729507, 2, 0
1729632, 2, 0
1729757, 2, 1
1729882, 2, bit 0
1729882, 2, 0
1730007, 2, 1
1730132, 2, 0
1730257, 2, 0
1730382, 2, 1
1730507, 2, 1
1730632, 2, 0
1730757, 2, bit 0
1730757, 2, 0
1730882, 2, 1
1731007, 2, 0
1731132, 2, 0
1731257, 2, 1
1731382, 2, 1
1731507, 2, 0
