125 100 3 7 16
(2, 20, 0, 10.00), (code 2)
(3, 258, 0, 10.00), (code 0)
(4, 496, 2, 10.00), (code 1)
START
212770, 0, prem 1
212770, 0, 1
212895, 0, 1
213020, 0, 1
213145, 0, 1
213270, 0, 1
213395, 0, 1
213520, 0, 1
213645, 0, 1
213770, 0, 1
213895, 0, 1
214020, 0, 1
214145, 0, 1
214270, 0, 1
214395, 0, 1
214520, 0, 1
214645, 0, 1
214770, 0, prem 0
214770, 0, 0
214895, 0, 0
215020, 0, 0
215145, 0, 0
215270, 0, 0
215395, 0, 0
215520, 0, 0
215645, 0, 0
215770, 0, 0
215895, 0, 0
216020, 0, 0
216145, 0, 0
216270, 0, 0
216395, 0, 0
216520, 0, 0
216645, 0, 0
216770, 0, prem 1
216770, 0, 1
216895, 0, 1
217020, 0, 1
217145, 0, 1
217270, 0, 1
217395, 0, 1
217520, 0, 1
217645, 0, 1
217771, 0, 1
217896, 0, 1
218021, 0, 1
218146, 0, 1
218271, 0, 1
218396, 0, 1
218521, 0, 1
218646, 0, 1
218771, 0, prem 1
218771, 0, 1
218896, 0, 1
219021, 0, 1
219146, 0, 1
219271, 0, 1
219396, 0, 1
219521, 0, 1
219646, 0, 1
219771, 0, 1
219896, 0, 1
220021, 0, 1
220146, 0, 1
220271, 0, 1
220396, 0, 1
220521, 0, 1
220646, 0, 1
220771, 0, prem 0
220771, 0, 0
220896, 0, 0
221021, 0, 0
221146, 0, 0
221271, 0, 0
221396, 0, 0
221521, 0, 0
221646, 0, 0
221771, 0, 0
221896, 0, 0
222021, 0, 0
222146, 0, 0
222271, 0, 0
222396, 0, 0
222521, 0, 0
222646, 0, 0
222771, 0, prem 0
222771, 0, 0
222896, 0, 0
223021, 0, 0
223147, 0, 0
223272, 0, 0
223397, 0, 0
223522, 0, 0
223647, 0, 0
223772, 0, 0
223897, 0, 0
224022, 0, 0
224147, 0, 0
224272, 0, 0
224397, 0, 0
224522, 0, 0
224647, 0, 0
224772, 0, prem 1
224772, 0, 1
224897, 0, 1
225022, 0, 1
225147, 0, 1
225272, 0, 1
225397, 0, 1
225522, 0, 1
225647, 0, 1
225772, 0, 1
225897, 0, 1
226022, 0, 1
226147, 0, 1
226272, 0, 1
226397, 0, 1
226522, 0, 1
226647, 0, 1
226772, 0, bit 1
226772, 0, 1
226897, 0, 0
227022, 0, 1
227147, 0, 1
227272, 0, 0
227397, 0, 0
227522, 0, 1
227647, 0, bit 1
227647, 0, 1
227772, 0, 0
227897, 0, 1
228022, 0, 1
228147, 0, 0
228272, 0, 0
228397, 0, 1
228523, 0, bit 0
228526, 0, 0
228648, 0, 1
228773, 0, 0
228898, 0, 0
229023, 0, 1
229148, 0, 1
229273, 0, 0
229398, 0, bit 0
229398, 0, 0
229523, 0, 1
229648, 0, 0
229773, 0, 0
229898, 0, 1
230023, 0, 1
230148, 0, 0
230273, 0, bit 1
230273, 0, 1
230398, 0, 0
230523, 0, 1
230648, 0, 1
230773, 0, 0
230898, 0, 0
231023, 0, 1
231148, 0, bit 1
231148, 0, 1
231273, 0, 0
231398, 0, 1
231523, 0, 1
231648, 0, 0
231773, 0, 0
231898, 0, 1
232023, 0, bit 1
232023, 0, 1
232148, 0, 0
232273, 0, 1
232398, 0, 1
232523, 0, 0
232648, 0, 0
232773, 0, 1
232898, 0, bit 0
232898, 0, 0
233023, 0, 1
233148, 0, 0
233273, 0, 0
233398, 0, 1
233523, 0, 1
233648, 0, 0
233773, 0, bit 0
233773, 0, 0
233899, 0, 1
234024, 0, 0
234149, 0, 0
234274, 0, 1
234399, 0, 1
234524, 0, 0
234649, 0, bit 1
234649, 0, 1
234774, 0, 0
234899, 0, 1
235024, 0, 1
235149, 0, 0
235274, 0, 0
235399, 0, 1
235524, 0, bit 0
235524, 0, 0
235649, 0, 1
235774, 0, 0
235899, 0, 0
236024, 0, 1
236149, 0, 1
236274, 0, 0
236399, 0, bit 0
236399, 0, 0
236524, 0, 1
236649, 0, 0
236774, 0, 0
236899, 0, 1
237024, 0, 1
237149, 0, 0
237274, 0, bit 0
237274, 0, 0
237399, 0, 1
237524, 0, 0
237649, 0, 0
237774, 0, 1
237899, 0, 1
238024, 0, 0
238149, 0, bit 0
238149, 0, 0
238274, 0, 1
238399, 0, 0
238524, 0, 0
238649, 0, 1
238774, 0, 1
238899, 0, 0
239024, 0, bit 0
239024, 0, 0
239149, 0, 1
239275, 0, 0
239400, 0, 0
239525, 0, 1
239650, 0, 1
239775, 0, 0
239900, 0, bit 1
239900, 0, 1
240025, 0, 0
240150, 0, 1
240275, 0, 1
240400, 0, 0
240525, 0, 0
240650, 0, 1
240775, 0, bit 1
240775, 0, 1
240900, 0, 0
241025, 0, 1
241150, 0, 1
241275, 0, 0
241400, 0, 0
241525, 0, 1
241650, 0, bit 1
241650, 0, 1
241775, 0, 0
241900, 0, 1
242025, 0, 1
242150, 0, 0
242275, 0, 0
242400, 0, 1
242525, 0, bit 0
242525, 0, 0
242528, 1, prem 0
242528, 1, 0
242650, 0, 1
242653, 1, 0
242775, 0, 0
242778, 1, 0
242900, 0, 0
242903, 1, 0
243025, 0, 1
243028, 1, 0
243150, 0, 1
243153, 1, 0
243275, 0, 0
243278, 1, 0
243400, 0, bit 1
243400, 0, 1
243403, 1, 0
243525, 0, 0
243528, 1, 0
243650, 0, 1
243653, 1, 0
243775, 0, 1
243778, 1, 0
243900, 0, 0
243903, 1, 0
244025, 0, 0
244028, 1, 0
244150, 0, 1
244153, 1, 0
244275, 0, bit 0
244275, 0, 0
244278, 1, 0
244400, 0, 1
244403, 1, 0
244525, 0, 0
244528, 1, prem 1
244528, 1, 1
244651, 0, 0
244653, 1, 1
244776, 0, 1
244779, 1, 1
244901, 0, 1
244904, 1, 1
245026, 0, 0
245029, 1, 1
245151, 0, bit 0
245151, 0, 0
245154, 1, 1
245276, 0, 1
245279, 1, 1
245401, 0, 0
245404, 1, 1
245526, 0, 0
245529, 1, 1
245651, 0, 1
245654, 1, 1
245776, 0, 1
245779, 1, 1
245901, 0, 0
245904, 1, 1
246026, 0, bit 1
246026, 0, 1
246029, 1, 1
246151, 0, 0
246154, 1, 1
246276, 0, 1
246279, 1, 1
246401, 0, 1
246404, 1, 1
246526, 0, 0
246529, 1, prem 1
246529, 1, 1
246651, 0, 0
246654, 1, 1
246776, 0, 1
246779, 1, 1
246901, 0, bit 1
246901, 0, 1
246904, 1, 1
247026, 0, 0
247029, 1, 1
247151, 0, 1
247154, 1, 1
247276, 0, 1
247279, 1, 1
247401, 0, 0
247404, 1, 1
247526, 0, 0
247529, 1, 1
247651, 0, 1
247654, 1, 1
247776, 0, bit 0
247776, 0, 0
247779, 1, 1
247901, 0, 1
247904, 1, 1
248026, 0, 0
248029, 1, 1
248151, 0, 0
248154, 1, 1
248276, 0, 1
248279, 1, 1
248401, 0, 1
248404, 1, 1
248526, 0, 0
248529, 1, prem 1
248529, 1, 1
248651, 0, bit 1
248651, 0, 1
248654, 1, 1
248776, 0, 0
248779, 1, 1
248901, 0, 1
248904, 1, 1
249026, 0, 1
249029, 1, 1
249151, 0, 0
249154, 1, 1
249276, 0, 0
249279, 1, 1
249401, 0, 1
249404, 1, 1
249526, 0, bit 0
249526, 0, 0
249529, 1, 1
249651, 0, 1
249654, 1, 1
249776, 0, 0
249779, 1, 1
249901, 0, 0
249904, 1, 1
250027, 0, 1
250029, 1, 1
250152, 0, 1
250155, 1, 1
250277, 0, 0
250280, 1, 1
250402, 0, bit 1
250402, 0, 1
250405, 1, 1
250527, 0, 0
250530, 1, prem 1
250530, 1, 1
250652, 0, 1
250655, 1, 1
250777, 0, 1
250780, 1, 1
250902, 0, 0
250905, 1, 1
251027, 0, 0
251030, 1, 1
251152, 0, 1
251155, 1, 1
251277, 0, bit 0
251280, 0, 0
251280, 1, 1
251402, 0, 1
251405, 1, 1
251527, 0, 0
251530, 1, 1
251652, 0, 0
251655, 1, 1
251777, 0, 1
251780, 1, 1
251902, 0, 1
251905, 1, 1
252027, 0, 0
252030, 1, 1
252152, 0, bit 0
252152, 0, 0
252155, 1, 1
252277, 0, 1
252280, 1, 1
252402, 0, 0
252405, 1, 1
252527, 0, 0
252530, 1, prem 0
252530, 1, 0
252652, 0, 1
252655, 1, 0
252777, 0, 1
252780, 1, 0
252902, 0, 0
252905, 1, 0
253027, 0, bit 1
253027, 0, 1
253030, 1, 0
253152, 0, 0
253155, 1, 0
253277, 0, 1
253280, 1, 0
253402, 0, 1
253405, 1, 0
253527, 0, 0
253530, 1, 0
253652, 0, 0
253655, 1, 0
253777, 0, 1
253780, 1, 0
253902, 0, bit 1
253902, 0, 1
253905, 1, 0
254027, 0, 0
254030, 1, 0
254152, 0, 1
254155, 1, 0
254277, 0, 1
254280, 1, 0
254402, 0, 0
254405, 1, 0
254527, 0, 0
254530, 1, prem 0
254530, 1, 0
254652, 0, 1
254655, 1, 0
254777, 0, bit 0
254777, 0, 0
254780, 1, 0
254902, 0, 1
254905, 1, 0
255027, 0, 0
255030, 1, 0
255152, 0, 0
255155, 1, 0
255277, 0, 1
255280, 1, 0
255403, 0, 1
255405, 1, 0
255528, 0, 0
255531, 1, 0
255653, 0, bit 0
255653, 0, 0
255656, 1, 0
255778, 0, 1
255781, 1, 0
255903, 0, 0
255906, 1, 0
256028, 0, 0
256031, 1, 0
256153, 0, 1
256156, 1, 0
256278, 0, 1
256281, 1, 0
256403, 0, 0
256406, 1, 0
256528, 0, bit 0
256528, 0, 0
256531, 1, bit 1
256531, 1, 0
256653, 0, 1
256656, 1, 1
256778, 0, 0
256781, 1, 1
256903, 0, 0
256906, 1, 1
257028, 0, 1
257031, 1, 1
257153, 0, 1
257156, 1, 0
257278, 0, 0
257281, 1, 0
257403, 0, bit 0
257403, 0, 0
257406, 1, bit 0
257406, 1, 1
257528, 0, 1
257531, 1, 0
257653, 0, 0
257656, 1, 0
257778, 0, 0
257781, 1, 0
257903, 0, 1
257906, 1, 0
258028, 0, 1
258031, 1, 1
258153, 0, 0
258156, 1, 1
258278, 0, bit 1
258278, 0, 1
258281, 1, bit 1
258281, 1, 0
258403, 0, 0
258406, 1, 1
258528, 0, 1
258531, 1, 1
258653, 0, 1
258656, 1, 1
258778, 0, 0
258781, 1, 1
258903, 0, 0
258906, 1, 0
259028, 0, 1
259031, 1, 0
259153, 0, bit 0
259153, 0, 0
259156, 1, bit 1
259160, 1, 0
259278, 0, 1
259281, 1, 1
259403, 0, 0
259406, 1, 1
259528, 0, 0
259531, 1, 1
259653, 0, 1
259656, 1, 1
259778, 0, 1
259781, 1, 0
259903, 0, 0
259906, 1, 0
260028, 0, bit 1
260028, 0, 1
260031, 1, bit 0
260031, 1, 1
260153, 0, 0
260156, 1, 0
260278, 0, 1
260281, 1, 0
260403, 0, 1
260406, 1, 0
260528, 0, 0
260531, 1, 0
260653, 0, 0
260656, 1, 1
260779, 0, 1
260781, 1, 1
260904, 0, bit 1
260904, 0, 1
260907, 1, bit 0
260907, 1, 1
261029, 0, 0
261032, 1, 0
261154, 0, 1
261157, 1, 0
261279, 0, 1
261282, 1, 0
261404, 0, 0
261407, 1, 0
261529, 0, 0
261532, 1, 1
261654, 0, 1
261657, 1, 1
261779, 0, bit 0
261779, 0, 0
261782, 1, bit 1
261782, 1, 0
261904, 0, 1
261907, 1, 1
262029, 0, 0
262032, 1, 1
262154, 0, 0
262157, 1, 1
262279, 0, 1
262282, 1, 1
262404, 0, 1
262407, 1, 0
262529, 0, 0
262532, 1, 0
262654, 0, bit 0
262654, 0, 0
262657, 1, bit 0
262657, 1, 1
262779, 0, 1
262782, 1, 0
262904, 0, 0
262907, 1, 0
263029, 0, 0
263032, 1, 0
263154, 0, 1
263157, 1, 0
263279, 0, 1
263282, 1, 1
263404, 0, 0
263407, 1, 1
263529, 0, bit 0
263529, 0, 0
263532, 1, bit 0
263532, 1, 1
263654, 0, 1
263657, 1, 0
263779, 0, 0
263782, 1, 0
263904, 0, 0
263907, 1, 0
264029, 0, 1
264032, 1, 0
264154, 0, 1
264157, 1, 1
264279, 0, 0
264282, 1, 1
264404, 0, bit 1
264404, 0, 1
264407, 1, bit 1
264407, 1, 0
264529, 0, 0
264532, 1, 1
264654, 0, 1
264657, 1, 1
264779, 0, 1
264782, 1, 1
264904, 0, 0
264907, 1, 1
265029, 0, 0
265032, 1, 0
265154, 0, 1
265157, 1, 0
265279, 0, bit 0
265279, 0, 0
265282, 1, bit 0
265282, 1, 1
265404, 0, 1
265407, 1, 0
265529, 0, 0
265532, 1, 0
265654, 0, 0
265657, 1, 0
265779, 0, 1
265782, 1, 0
265904, 0, 1
265907, 1, 1
266029, 0, 0
266032, 1, 1
266155, 0, bit 1
266155, 0, 1
266157, 1, bit 1
266157, 1, 0
266280, 0, 0
266283, 1, 1
266405, 0, 1
266408, 1, 1
266530, 0, 1
266533, 1, 1
266655, 0, 0
266658, 1, 1
266780, 0, 0
266783, 1, 0
266905, 0, 1
266908, 1, 0
267030, 0, bit 0
267030, 0, 0
267033, 1, bit 0
267033, 1, 1
267155, 0, 1
267158, 1, 0
267280, 0, 0
267283, 1, 0
267405, 0, 0
267408, 1, 0
267530, 0, 1
267533, 1, 0
267655, 0, 1
267658, 1, 1
267780, 0, 0
267783, 1, 1
267905, 0, bit 0
267905, 0, 0
267908, 1, bit 1
267908, 1, 0
268030, 0, 1
268033, 1, 1
268155, 0, 0
268158, 1, 1
268280, 0, 0
268283, 1, 1
268405, 0, 1
268408, 1, 1
268530, 0, 1
268533, 1, 0
268655, 0, 0
268658, 1, 0
268780, 0, bit 0
268780, 0, 0
268783, 1, bit 1
268786, 1, 0
268905, 0, 1
268908, 1, 1
269030, 0, 0
269033, 1, 1
269155, 0, 0
269158, 1, 1
269280, 0, 1
269283, 1, 1
269405, 0, 1
269408, 1, 0
269530, 0, 0
269533, 1, 0
269655, 0, bit 0
269655, 0, 0
269658, 1, bit 1
269658, 1, 0
269780, 0, 1
269783, 1, 1
269905, 0, 0
269908, 1, 1
270030, 0, 0
270033, 1, 1
270155, 0, 1
270158, 1, 1
270280, 0, 1
270283, 1, 0
270405, 0, 0
270408, 1, 0
270530, 0, bit 0
270530, 0, 0
270533, 1, bit 1
270533, 1, 0
270655, 0, 1
270658, 1, 1
270780, 0, 0
270783, 1, 1
270905, 0, 0
270908, 1, 1
271030, 0, 1
271033, 1, 1
271155, 0, 1
271158, 1, 0
271280, 0, 0
271283, 1, 0
271405, 0, bit 1
271405, 0, 1
271408, 1, bit 0
271408, 1, 1
271531, 0, 0
271533, 1, 0
271656, 0, 1
271659, 1, 0
271781, 0, 1
271784, 1, 0
271906, 0, 0
271909, 1, 0
272031, 0, 0
272034, 1, 1
272156, 0, 1
272159, 1, 1
272281, 0, bit 1
272281, 0, 1
272284, 1, bit 0
272284, 1, 1
272406, 0, 0
272409, 1, 0
272531, 0, 1
272534, 1, 0
272538, 2, prem 0
272538, 2, 0
272656, 0, 1
272659, 1, 0
272663, 2, 0
272781, 0, 0
272784, 1, 0
272788, 2, 0
272906, 0, 0
272909, 1, 1
272913, 2, 0
273031, 0, 1
273034, 1, 1
273038, 2, 0
273156, 0, bit 0
273156, 0, 0
273159, 1, bit 1
273159, 1, 0
273163, 2, 0
273281, 0, 1
273284, 1, 1
273288, 2, 0
273406, 0, 0
273409, 1, 1
273413, 2, 0
273531, 0, 0
273534, 1, 1
273538, 2, 0
273656, 0, 1
273659, 1, 1
273664, 2, 0
273781, 0, 1
273784, 1, 0
273789, 2, 0
273906, 0, 0
273909, 1, 0
273914, 2, 0
274031, 0, bit 1
274034, 0, 1
274034, 1, bit 1
274035, 1, 0
274039, 2, 0
274156, 0, 0
274159, 1, 1
274164, 2, 0
274281, 0, 1
274284, 1, 1
274289, 2, 0
274406, 0, 1
274409, 1, 1
274414, 2, 0
274531, 0, 0
274534, 1, 1
274539, 2, prem 1
274539, 2, 1
274656, 0, 0
274659, 1, 0
274664, 2, 1
274781, 0, 1
274784, 1, 0
274789, 2, 1
274906, 0, bit 0
274906, 0, 0
274909, 1, bit 0
274909, 1, 1
274914, 2, 1
275031, 0, 1
275034, 1, 0
275039, 2, 1
275156, 0, 0
275159, 1, 0
275164, 2, 1
275281, 0, 0
275284, 1, 0
275289, 2, 1
275406, 0, 1
275409, 1, 0
275414, 2, 1
275531, 0, 1
275534, 1, 1
275539, 2, 1
275656, 0, 0
275659, 1, 1
275664, 2, 1
275781, 0, bit 1
275781, 0, 1
275784, 1, bit 1
275784, 1, 0
275789, 2, 1
275906, 0, 0
275909, 1, 1
275914, 2, 1
276031, 0, 1
276034, 1, 1
276039, 2, 1
276156, 0, 1
276159, 1, 1
276164, 2, 1
276281, 0, 0
276284, 1, 1
276289, 2, 1
276406, 0, 0
276409, 1, 0
276414, 2, 1
276531, 0, 1
276534, 1, 0
276539, 2, prem 0
276539, 2, 0
276656, 0, bit 0
276656, 0, 0
276659, 1, bit 1
276659, 1, 0
276664, 2, 0
276781, 0, 1
276784, 1, 1
276789, 2, 0
276907, 0, 0
276909, 1, 1
276914, 2, 0
277032, 0, 0
277035, 1, 1
277039, 2, 0
277157, 0, 1
277160, 1, 1
277164, 2, 0
277282, 0, 1
277285, 1, 0
277289, 2, 0
277407, 0, 0
277410, 1, 0
277414, 2, 0
277532, 0, bit 0
277532, 0, 0
277535, 1, bit 1
277535, 1, 0
277539, 2, 0
277657, 0, 1
277660, 1, 1
277664, 2, 0
277782, 0, 0
277785, 1, 1
277789, 2, 0
277907, 0, 0
277910, 1, 1
277914, 2, 0
278032, 0, 1
278035, 1, 1
278039, 2, 0
278157, 0, 1
278160, 1, 0
278164, 2, 0
278282, 0, 0
278285, 1, 0
278289, 2, 0
278407, 0, bit 1
278407, 0, 1
278410, 1, bit 0
278410, 1, 1
278414, 2, 0
278532, 0, 0
278535, 1, 0
278539, 2, prem 1
278539, 2, 1
278657, 0, 1
278660, 1, 0
278664, 2, 1
278782, 0, 1
278785, 1, 0
278789, 2, 1
278907, 0, 0
278910, 1, 0
278914, 2, 1
279032, 0, 0
279035, 1, 1
279040, 2, 1
279157, 0, 1
279160, 1, 1
279165, 2, 1
279282, 0, bit 0
279285, 0, 0
279285, 1, bit 1
279286, 1, 0
279290, 2, 1
279407, 0, 1
279410, 1, 1
279415, 2, 1
279532, 0, 0
279535, 1, 1
279540, 2, 1
279657, 0, 0
279660, 1, 1
279665, 2, 1
279782, 0, 1
279785, 1, 1
279790, 2, 1
279907, 0, 1
279910, 1, 0
279915, 2, 1
280032, 0, 0
280035, 1, 0
280040, 2, 1
280157, 0, bit 1
280157, 0, 1
280160, 1, bit 0
280160, 1, 1
280165, 2, 1
280282, 0, 0
280285, 1, 0
280290, 2, 1
280407, 0, 1
280410, 1, 0
280415, 2, 1
280532, 0, 1
280535, 1, 0
280540, 2, prem 0
280543, 2, 0
280657, 0, 0
280660, 1, 0
280665, 2, 0
280782, 0, 0
280785, 1, 1
280790, 2, 0
280907, 0, 1
280910, 1, 1
280915, 2, 0
281032, 0, bit 0
281032, 0, 0
281035, 1, bit 0
281035, 1, 1
281040, 2, 0
281157, 0, 1
281160, 1, 0
281165, 2, 0
281282, 0, 0
281285, 1, 0
281290, 2, 0
281407, 0, 0
281410, 1, 0
281415, 2, 0
281532, 0, 1
281535, 1, 0
281540, 2, 0
281657, 0, 1
281660, 1, 1
281665, 2, 0
281782, 0, 0
281785, 1, 1
281790, 2, 0
281907, 0, bit 0
281907, 0, 0
281910, 1, bit 0
281911, 1, 1
281915, 2, 0
282032, 0, 1
282035, 1, 0
282040, 2, 0
282157, 0, 0
282160, 1, 0
282165, 2, 0
282283, 0, 0
282285, 1, 0
282290, 2, 0
282408, 0, 1
282411, 1, 0
282415, 2, 0
282533, 0, 1
282536, 1, 1
282540, 2, prem 1
282540, 2, 1
282658, 0, 0
282661, 1, 1
282665, 2, 1
282783, 0, bit 1
282783, 0, 1
282786, 1, bit 0
282786, 1, 1
282790, 2, 1
282908, 0, 0
282911, 1, 0
282915, 2, 1
283033, 0, 1
283036, 1, 0
283040, 2, 1
283158, 0, 1
283161, 1, 0
283165, 2, 1
283283, 0, 0
283286, 1, 0
283290, 2, 1
283408, 0, 0
283411, 1, 1
283415, 2, 1
283533, 0, 1
283536, 1, 1
283540, 2, 1
283658, 0, bit 0
283658, 0, 0
283661, 1, bit 0
283661, 1, 1
283665, 2, 1
283783, 0, 1
283786, 1, 0
283790, 2, 1
283908, 0, 0
283911, 1, 0
283915, 2, 1
284033, 0, 0
284036, 1, 0
284040, 2, 1
284158, 0, 1
284161, 1, 0
284165, 2, 1
284283, 0, 1
284286, 1, 1
284290, 2, 1
284408, 0, 0
284411, 1, 1
284416, 2, 1
284533, 0, bit 0
284533, 0, 0
284536, 1, bit 1
284547, 1, 0
284548, 2, prem 1
284548, 2, 1
284658, 0, 1
284661, 1, 1
284673, 2, 1
284783, 0, 0
284786, 1, 1
284798, 2, 1
284908, 0, 0
284911, 1, 1
284923, 2, 1
285033, 0, 1
285036, 1, 1
285048, 2, 1
285158, 0, 1
285161, 1, 0
285173, 2, 1
285283, 0, 0
285286, 1, 0
285298, 2, 1
285408, 0, bit 1
285408, 0, 1
285411, 1, bit 1
285411, 1, 0
285423, 2, 1
285533, 0, 0
285536, 1, 1
285548, 2, 1
285658, 0, 1
285661, 1, 1
285673, 2, 1
285783, 0, 1
285786, 1, 1
285798, 2, 1
285908, 0, 0
285912, 1, 1
285923, 2, 1
286033, 0, 0
286038, 1, 0
286048, 2, 1
286158, 0, 1
286163, 1, 0
286173, 2, 1
286283, 0, bit 1
286283, 0, 1
286288, 1, bit 1
286288, 1, 0
286298, 2, 1
286408, 0, 0
286413, 1, 1
286423, 2, 1
286533, 0, 1
286538, 1, 1
286548, 2, bit 1
286548, 2, 0
286658, 0, 1
286663, 1, 1
286673, 2, 1
286783, 0, 0
286788, 1, 1
286798, 2, 0
286908, 0, 0
286913, 1, 0
286923, 2, 1
287033, 0, 1
287038, 1, 0
287048, 2, 0
287158, 0, bit 1
287158, 0, 1
287163, 1, bit 1
287166, 1, 0
287173, 2, 1
287283, 0, 0
287288, 1, 1
287298, 2, 1
287408, 0, 1
287413, 1, 1
287423, 2, bit 0
287423, 2, 1
287533, 0, 1
287538, 1, 1
287548, 2, 0
287659, 0, 0
287663, 1, 1
287673, 2, 1
287784, 0, 0
287788, 1, 0
287798, 2, 0
287909, 0, 1
287913, 1, 0
287923, 2, 1
288034, 0, bit 0
288034, 0, 0
288038, 1, bit 1
288038, 1, 0
288048, 2, 0
288159, 0, 1
288163, 1, 1
288173, 2, 0
288284, 0, 0
288288, 1, 1
288299, 2, bit 1
288299, 2, 0
288409, 0, 0
288413, 1, 1
288424, 2, 1
288534, 0, 1
288538, 1, 1
288549, 2, 0
288659, 0, 1
288663, 1, 0
288674, 2, 1
288784, 0, 0
288788, 1, 0
288799, 2, 0
288909, 0, bit 1
288909, 0, 1
288913, 1, bit 0
288913, 1, 1
288924, 2, 1
289034, 0, 0
289038, 1, 0
289049, 2, 1
289159, 0, 1
289163, 1, 0
289174, 2, bit 0
289174, 2, 1
289284, 0, 1
289288, 1, 0
289299, 2, 0
289409, 0, 0
289413, 1, 0
289424, 2, 1
289534, 0, 0
289538, 1, 1
289549, 2, 0
289659, 0, 1
289664, 1, 1
289674, 2, 1
289784, 0, bit 0
289784, 0, 0
289789, 1, bit 1
289789, 1, 0
289799, 2, 0
289909, 0, 1
289914, 1, 1
289924, 2, 0
290034, 0, 0
290039, 1, 1
290049, 2, bit 0
290049, 2, 1
290159, 0, 0
290164, 1, 1
290174, 2, 0
290284, 0, 1
290289, 1, 1
290299, 2, 1
290409, 0, 1
290414, 1, 0
290424, 2, 0
290534, 0, 0
290539, 1, 0
290549, 2, 1
290659, 0, bit 0
290659, 0, 0
290664, 1, bit 0
290664, 1, 1
290674, 2, 0
290784, 0, 1
290789, 1, 0
290799, 2, 0
290909, 0, 0
290914, 1, 0
290924, 2, bit 1
290924, 2, 0
291034, 0, 0
291039, 1, 0
291049, 2, 1
291159, 0, 1
291164, 1, 0
291174, 2, 0
291284, 0, 1
291289, 1, 1
291299, 2, 1
291409, 0, 0
291414, 1, 1
291424, 2, 0
291534, 0, bit 0
291534, 0, 0
291539, 1, bit 0
291539, 1, 1
291549, 2, 1
291659, 0, 1
291664, 1, 0
291674, 2, 1
291784, 0, 0
291789, 1, 0
291799, 2, bit 0
291799, 2, 1
291909, 0, 0
291914, 1, 0
291924, 2, 0
292034, 0, 1
292039, 1, 0
292049, 2, 1
292159, 0, 1
292164, 1, 1
292174, 2, 0
292284, 0, 0
292289, 1, 1
292299, 2, 1
292409, 0, bit 0
292412, 0, 0
292414, 1, bit 1
292414, 1, 0
292424, 2, 0
292534, 0, 1
292539, 1, 1
292549, 2, 0
292659, 0, 0
292664, 1, 1
292674, 2, bit 1
292674, 2, 0
292784, 0, 0
292789, 1, 1
292799, 2, 1
292909, 0, 1
292914, 1, 1
292924, 2, 0
293035, 0, 1
293039, 1, 0
293049, 2, 1
293160, 0, 0
293164, 1, 0
293174, 2, 0
293285, 0, bit 0
293285, 0, 0
293289, 1, bit 1
293289, 1, 0
293299, 2, 1
293410, 0, 1
293414, 1, 1
293424, 2, 1
293535, 0, 0
293539, 1, 1
293549, 2, bit 1
293552, 2, 0
293660, 0, 0
293664, 1, 1
293675, 2, 1
293785, 0, 1
293789, 1, 1
293800, 2, 0
293910, 0, 1
293914, 1, 0
293925, 2, 1
294035, 0, 0
294039, 1, 0
294050, 2, 0
294160, 0, bit 1
294160, 0, 1
294164, 1, bit 1
294164, 1, 0
294175, 2, 1
294285, 0, 0
294289, 1, 1
294300, 2, 1
294410, 0, 1
294414, 1, 1
294425, 2, bit 0
294425, 2, 1
294535, 0, 1
294539, 1, 1
294550, 2, 0
294660, 0, 0
294664, 1, 1
294675, 2, 1
294785, 0, 0
294789, 1, 0
294800, 2, 0
294910, 0, 1
294914, 1, 0
294925, 2, 1
295035, 0, bit 0
295035, 0, 0
295040, 1, bit 0
295040, 1, 1
295050, 2, 0
295160, 0, 1
295165, 1, 0
295175, 2, 0
295285, 0, 0
295290, 1, 0
295300, 2, bit 1
295300, 2, 0
295410, 0, 0
295415, 1, 0
295425, 2, 1
295535, 0, 1
295540, 1, 0
295550, 2, 0
295660, 0, 1
295665, 1, 1
295675, 2, 1
295785, 0, 0
295790, 1, 1
295800, 2, 0
295910, 0, bit 1
295910, 0, 1
295915, 1, bit 1
295915, 1, 0
295925, 2, 1
296035, 0, 0
296040, 1, 1
296050, 2, 1
296160, 0, 1
296165, 1, 1
296175, 2, bit 0
296175, 2, 1
296285, 0, 1
296290, 1, 1
296300, 2, 0
296410, 0, 0
296415, 1, 1
296425, 2, 1
296535, 0, 0
296540, 1, 0
296550, 2, 0
296660, 0, 1
296665, 1, 0
296675, 2, 1
296785, 0, bit 0
296785, 0, 0
296790, 1, bit 1
296790, 1, 0
296800, 2, 0
296910, 0, 1
296915, 1, 1
296925, 2, 0
297035, 0, 0
297040, 1, 1
297050, 2, bit 0
297050, 2, 1
297160, 0, 0
297165, 1, 1
297175, 2, 0
297285, 0, 1
297290, 1, 1
297300, 2, 1
297410, 0, 1
297415, 1, 0
297425, 2, 0
297535, 0, 0
297540, 1, 0
297550, 2, 1
297660, 0, bit 1
297660, 0, 1
297665, 1, bit 1
297665, 1, 0
297675, 2, 0
297785, 0, 0
297790, 1, 1
297800, 2, 0
297910, 0, 1
297915, 1, 1
297925, 2, bit 1
297925, 2, 0
298035, 0, 1
298040, 1, 1
298050, 2, 1
298160, 0, 0
298165, 1, 1
298175, 2, 0
298285, 0, 0
298290, 1, 0
298300, 2, 1
298411, 0, 1
298415, 1, 0
298425, 2, 0
298536, 0, bit 0
298536, 0, 0
298540, 1, bit 0
298540, 1, 1
298550, 2, 1
298661, 0, 1
298665, 1, 0
298675, 2, 1
298786, 0, 0
298790, 1, 0
298800, 2, bit 1
298800, 2, 0
298911, 0, 0
298915, 1, 0
298925, 2, 1
299036, 0, 1
299040, 1, 0
299051, 2, 0
299161, 0, 1
299165, 1, 1
299176, 2, 1
299286, 0, 0
299290, 1, 1
299301, 2, 0
299411, 0, bit 0
299411, 0, 0
299415, 1, bit 0
299415, 1, 1
299426, 2, 1
299536, 0, 1
299540, 1, 0
299551, 2, 1
299661, 0, 0
299665, 1, 0
299676, 2, bit 1
299676, 2, 0
299786, 0, 0
299790, 1, 0
299801, 2, 1
299911, 0, 1
299915, 1, 0
299926, 2, 0
300036, 0, 1
300040, 1, 1
300051, 2, 1
300161, 0, 0
300165, 1, 1
300176, 2, 0
300286, 0, bit 0
300286, 0, 0
300290, 1, bit 1
300290, 1, 0
300301, 2, 1
300411, 0, 1
300416, 1, 1
300426, 2, 1
300536, 0, 0
300541, 1, 1
300551, 2, bit 1
300551, 2, 0
300661, 0, 0
300666, 1, 1
300676, 2, 1
300786, 0, 1
300791, 1, 1
300801, 2, 0
300911, 0, 1
300916, 1, 0
300926, 2, 1
301036, 0, 0
301041, 1, 0
301051, 2, 0
301161, 0, bit 0
301161, 0, 0
301166, 1, bit 1
301166, 1, 0
301176, 2, 1
301286, 0, 1
301291, 1, 1
301301, 2, 1
301411, 0, 0
301416, 1, 1
301426, 2, bit 0
301426, 2, 1
301536, 0, 0
301541, 1, 1
301551, 2, 0
301661, 0, 1
301666, 1, 1
301676, 2, 1
301786, 0, 1
301791, 1, 0
301801, 2, 0
301911, 0, 0
301916, 1, 0
301926, 2, 1
302036, 0, bit 1
302036, 0, 1
302041, 1, bit 1
302041, 1, 0
302051, 2, 0
302161, 0, 0
302166, 1, 1
302176, 2, 0
302286, 0, 1
302291, 1, 1
302301, 2, bit 0
302301, 2, 1
302411, 0, 1
302416, 1, 1
302426, 2, 0
302536, 0, 0
302541, 1, 1
302551, 2, 1
302661, 0, 0
302666, 1, 0
302676, 2, 0
302786, 0, 1
302791, 1, 0
302801, 2, 1
302911, 0, bit 1
302911, 0, 1
302916, 1, bit 0
302916, 1, 1
302926, 2, 0
303036, 0, 0
303041, 1, 0
303051, 2, 0
303161, 0, 1
303166, 1, 0
303176, 2, bit 1
303176, 2, 0
303286, 0, 1
303291, 1, 0
303301, 2, 1
303411, 0, 0
303416, 1, 0
303426, 2, 0
303536, 0, 0
303541, 1, 1
303551, 2, 1
303661, 0, 1
303666, 1, 1
303676, 2, 0
303787, 0, bit 1
303787, 0, 1
303791, 1, bit 1
303791, 1, 0
303801, 2, 1
303912, 0, 0
303916, 1, 1
303926, 2, 1
304037, 0, 1
304041, 1, 1
304051, 2, bit 0
304051, 2, 1
304162, 0, 1
304166, 1, 1
304176, 2, 0
304287, 0, 0
304291, 1, 1
304301, 2, 1
304412, 0, 0
304416, 1, 0
304427, 2, 0
304537, 0, 1
304541, 1, 0
304552, 2, 1
304662, 0, bit 0
304662, 0, 0
304666, 1, bit 1
304666, 1, 0
304677, 2, 0
304787, 0, 1
304791, 1, 1
304802, 2, 0
304912, 0, 0
304916, 1, 1
304927, 2, bit 0
304927, 2, 1
305037, 0, 0
305041, 1, 1
305052, 2, 0
305162, 0, 1
305166, 1, 1
305177, 2, 1
305287, 0, 1
305291, 1, 0
305302, 2, 0
305412, 0, 0
305416, 1, 0
305427, 2, 1
305537, 0, bit 0
305537, 0, 0
305541, 1, bit 0
305541, 1, 1
305552, 2, 0
305662, 0, 1
305666, 1, 0
305677, 2, 0
305787, 0, 0
305792, 1, 0
305802, 2, bit 0
305802, 2, 1
305912, 0, 0
305917, 1, 0
305927, 2, 0
306037, 0, 1
306042, 1, 0
306052, 2, 1
306162, 0, 1
306167, 1, 1
306177, 2, 0
306287, 0, 0
306292, 1, 1
306302, 2, 1
306412, 0, bit 0
306412, 0, 0
306417, 1, bit 0
306417, 1, 1
306427, 2, 0
306537, 0, 1
306542, 1, 0
306552, 2, 0
306662, 0, 0
306667, 1, 0
306677, 2, bit 1
306677, 2, 0
306787, 0, 0
306792, 1, 0
306802, 2, 1
306912, 0, 1
306917, 1, 0
306927, 2, 0
307037, 0, 1
307042, 1, 1
307052, 2, 1
307162, 0, 0
307167, 1, 1
307177, 2, 0
307287, 0, bit 1
307287, 0, 1
307292, 1, bit 0
307292, 1, 1
307302, 2, 1
307412, 0, 0
307417, 1, 0
307427, 2, 1
307537, 0, 1
307542, 1, 0
307552, 2, bit 1
307552, 2, 0
307662, 0, 1
307667, 1, 0
307677, 2, 1
307787, 0, 0
307792, 1, 0
307802, 2, 0
307912, 0, 0
307917, 1, 1
307927, 2, 1
308037, 0, 1
308042, 1, 1
308052, 2, 0
308162, 0, bit 0
308162, 0, 0
308167, 1, bit 1
308167, 1, 0
308177, 2, 1
308287, 0, 1
308292, 1, 1
308302, 2, 1
308412, 0, 0
308417, 1, 1
308427, 2, bit 1
308427, 2, 0
308537, 0, 0
308542, 1, 1
308552, 2, 1
308662, 0, 1
308667, 1, 1
308677, 2, 0
308787, 0, 1
308792, 1, 0
308802, 2, 1
308912, 0, 0
308917, 1, 0
308927, 2, 0
309037, 0, bit 0
309037, 0, 0
309042, 1, bit 0
309045, 1, 1
309052, 2, 1
309163, 0, 1
309167, 1, 0
309177, 2, 1
309288, 0, 0
309292, 1, 0
309302, 2, bit 1
309302, 2, 0
309413, 0, 0
309417, 1, 0
309427, 2, 1
309538, 0, 1
309542, 1, 0
309552, 2, 0
309663, 0, 1
309667, 1, 1
309677, 2, 1
309788, 0, 0
309792, 1, 1
309803, 2, 0
309913, 0, bit 0
309913, 0, 0
309917, 1, bit 0
309917, 1, 1
309928, 2, 1
310038, 0, 1
310042, 1, 0
310053, 2, 1
310163, 0, 0
310167, 1, 0
310178, 2, bit 1
310178, 2, 0
310288, 0, 0
310292, 1, 0
310303, 2, 1
310413, 0, 1
310417, 1, 0
310428, 2, 0
310538, 0, 1
310542, 1, 1
310553, 2, 1
310663, 0, 0
310667, 1, 1
310678, 2, 0
310788, 0, bit 0
310788, 0, 0
310792, 1, bit 0
310792, 1, 1
310803, 2, 1
310913, 0, 1
310917, 1, 0
310928, 2, 1
311038, 0, 0
311042, 1, 0
311053, 2, bit 0
311053, 2, 1
311163, 0, 0
311168, 1, 0
311178, 2, 0
311288, 0, 1
311293, 1, 0
311303, 2, 1
311413, 0, 1
311418, 1, 1
311428, 2, 0
311538, 0, 0
311543, 1, 1
311553, 2, 1
311663, 0, bit 0
311663, 0, 0
311668, 1, bit 1
311668, 1, 0
311678, 2, 0
311788, 0, 1
311793, 1, 1
311803, 2, 0
311913, 0, 0
311918, 1, 1
311928, 2, bit 1
311928, 2, 0
312038, 0, 0
312043, 1, 1
312053, 2, 1
312163, 0, 1
312168, 1, 1
312178, 2, 0
312288, 0, 1
312293, 1, 0
312303, 2, 1
312413, 0, 0
312418, 1, 0
312428, 2, 0
312538, 0, bit 1
312538, 0, 1
312543, 1, bit 0
312543, 1, 1
312553, 2, 1
312663, 0, 0
312668, 1, 0
312678, 2, 1
312788, 0, 1
312793, 1, 0
312803, 2, bit 1
312803, 2, 0
312913, 0, 1
312918, 1, 0
312928, 2, 1
313038, 0, 0
313043, 1, 0
313053, 2, 0
313163, 0, 0
313168, 1, 1
313178, 2, 1
313288, 0, 1
313293, 1, 1
313303, 2, 0
313413, 0, bit 0
313413, 0, 0
313418, 1, bit 0
313418, 1, 1
313428, 2, 1
313538, 0, 1
313543, 1, 0
313553, 2, 1
313663, 0, 0
313668, 1, 0
313678, 2, bit 1
313678, 2, 0
313788, 0, 0
313793, 1, 0
313803, 2, 1
313913, 0, 1
313918, 1, 0
313928, 2, 0
314038, 0, 1
314043, 1, 1
314053, 2, 1
314163, 0, 0
314168, 1, 1
314178, 2, 0
314293, 1, bit 0
314296, 1, 1
314303, 2, 1
314418, 1, 0
314428, 2, 1
314543, 1, 0
314553, 2, bit 1
314553, 2, 0
314668, 1, 0
314678, 2, 1
314793, 1, 0
314803, 2, 0
314918, 1, 1
314928, 2, 1
315043, 1, 1
315053, 2, 0
315168, 1, bit 0
315168, 1, 1
315179, 2, 1
315293, 1, 0
315304, 2, 1
315418, 1, 0
315429, 2, bit 0
315429, 2, 1
315543, 1, 0
315554, 2, 0
315668, 1, 0
315679, 2, 1
315793, 1, 1
315804, 2, 0
315918, 1, 1
315929, 2, 1
316043, 1, bit 0
316043, 1, 1
316054, 2, 0
316168, 1, 0
316179, 2, 0
316293, 1, 0
316304, 2, bit 0
316304, 2, 1
316418, 1, 0
316429, 2, 0
316544, 1, 0
316554, 2, 1
316669, 1, 1
316679, 2, 0
316794, 1, 1
316804, 2, 1
316919, 1, bit 0
316919, 1, 1
316929, 2, 0
317044, 1, 0
317054, 2, 0
317169, 1, 0
317179, 2, bit 0
317179, 2, 1
317294, 1, 0
317304, 2, 0
317419, 1, 0
317429, 2, 1
317544, 1, 1
317554, 2, 0
317669, 1, 1
317679, 2, 1
317794, 1, bit 1
317794, 1, 0
317804, 2, 0
317919, 1, 1
317929, 2, 0
318044, 1, 1
318054, 2, bit 1
318057, 2, 0
318169, 1, 1
318179, 2, 1
318294, 1, 1
318304, 2, 0
318419, 1, 0
318429, 2, 1
318544, 1, 0
318554, 2, 0
318669, 1, bit 1
318669, 1, 0
318679, 2, 1
318794, 1, 1
318804, 2, 1
318919, 1, 1
318929, 2, bit 0
318929, 2, 1
319044, 1, 1
319054, 2, 0
319169, 1, 1
319179, 2, 1
319294, 1, 0
319304, 2, 0
319419, 1, 0
319429, 2, 1
319544, 1, bit 1
319544, 1, 0
319554, 2, 0
319669, 1, 1
319679, 2, 0
319794, 1, 1
319804, 2, bit 0
319804, 2, 1
319919, 1, 1
319929, 2, 0
320044, 1, 1
320054, 2, 1
320169, 1, 0
320179, 2, 0
320294, 1, 0
320304, 2, 1
320419, 1, bit 1
320419, 1, 0
320429, 2, 0
320544, 1, 1
320555, 2, 0
320669, 1, 1
320680, 2, bit 1
320680, 2, 0
320794, 1, 1
320805, 2, 1
320919, 1, 1
320930, 2, 0
321044, 1, 0
321055, 2, 1
321169, 1, 0
321180, 2, 0
321294, 1, bit 1
321294, 1, 0
321305, 2, 1
321419, 1, 1
321430, 2, 1
321544, 1, 1
321555, 2, bit 1
321555, 2, 0
321669, 1, 1
321680, 2, 1
321794, 1, 1
321805, 2, 0
321920, 1, 0
321930, 2, 1
322045, 1, 0
322055, 2, 0
322170, 1, bit 0
322170, 1, 1
322180, 2, 1
322295, 1, 0
322305, 2, 1
322420, 1, 0
322430, 2, bit 1
322430, 2, 0
322545, 1, 0
322555, 2, 1
322670, 1, 0
322680, 2, 0
322795, 1, 1
322805, 2, 1
322920, 1, 1
322930, 2, 0
323045, 1, bit 1
323045, 1, 0
323055, 2, 1
323170, 1, 1
323180, 2, 1
323295, 1, 1
323305, 2, bit 1
323305, 2, 0
323420, 1, 1
323430, 2, 1
323545, 1, 1
323555, 2, 0
323670, 1, 0
323680, 2, 1
323795, 1, 0
323805, 2, 0
323920, 1, bit 1
323923, 1, 0
323930, 2, 1
324045, 1, 1
324055, 2, 1
324170, 1, 1
324180, 2, bit 0
324180, 2, 1
324295, 1, 1
324305, 2, 0
324420, 1, 1
324430, 2, 1
324545, 1, 0
324555, 2, 0
324670, 1, 0
324680, 2, 1
324795, 1, bit 0
324795, 1, 1
324805, 2, 0
324920, 1, 0
324930, 2, 0
325045, 1, 0
325055, 2, bit 1
325055, 2, 0
325170, 1, 0
325180, 2, 1
325295, 1, 0
325305, 2, 0
325420, 1, 1
325430, 2, 1
325545, 1, 1
325555, 2, 0
325670, 1, bit 0
325670, 1, 1
325680, 2, 1
325795, 1, 0
325805, 2, 1
325920, 1, 0
325931, 2, bit 0
325931, 2, 1
326045, 1, 0
326056, 2, 0
326170, 1, 0
326181, 2, 1
326295, 1, 1
326306, 2, 0
326420, 1, 1
326431, 2, 1
326545, 1, bit 0
326545, 1, 1
326556, 2, 0
326670, 1, 0
326681, 2, 0
326795, 1, 0
326806, 2, bit 1
326806, 2, 0
326920, 1, 0
326931, 2, 1
327045, 1, 0
327056, 2, 0
327170, 1, 1
327181, 2, 1
327296, 1, 1
327306, 2, 0
327421, 1, bit 1
327421, 1, 0
327431, 2, 1
327546, 1, 1
327556, 2, 1
327671, 1, 1
327681, 2, bit 0
327681, 2, 1
327796, 1, 1
327806, 2, 0
327921, 1, 1
327931, 2, 1
328046, 1, 0
328056, 2, 0
328171, 1, 0
328181, 2, 1
328296, 1, bit 1
328296, 1, 0
328306, 2, 0
328421, 1, 1
328431, 2, 0
328546, 1, 1
328556, 2, bit 1
328556, 2, 0
328671, 1, 1
328681, 2, 1
328796, 1, 1
328806, 2, 0
328921, 1, 0
328931, 2, 1
329046, 1, 0
329056, 2, 0
329171, 1, bit 1
329171, 1, 0
329181, 2, 1
329296, 1, 1
329306, 2, 1
329421, 1, 1
329431, 2, bit 1
329431, 2, 0
329546, 1, 1
329556, 2, 1
329671, 1, 1
329681, 2, 0
329796, 1, 0
329806, 2, 1
329921, 1, 0
329931, 2, 0
330046, 1, bit 1
330046, 1, 0
330056, 2, 1
330171, 1, 1
330181, 2, 1
330296, 1, 1
330306, 2, bit 0
330306, 2, 1
330421, 1, 1
330431, 2, 0
330546, 1, 1
330556, 2, 1
330671, 1, 0
330681, 2, 0
330796, 1, 0
330806, 2, 1
330921, 1, bit 1
330921, 1, 0
330931, 2, 0
331046, 1, 1
331056, 2, 0
331171, 1, 1
331181, 2, bit 0
331181, 2, 1
331296, 1, 1
331307, 2, 0
331421, 1, 1
331432, 2, 1
331546, 1, 0
331557, 2, 0
331671, 1, 0
331682, 2, 1
331796, 1, bit 1
331796, 1, 0
331807, 2, 0
331921, 1, 1
331932, 2, 0
332046, 1, 1
332057, 2, bit 0
332057, 2, 1
332171, 1, 1
332182, 2, 0
332296, 1, 1
332307, 2, 1
332421, 1, 0
332432, 2, 0
332546, 1, 0
332557, 2, 1
332672, 1, bit 0
332672, 1, 1
332682, 2, 0
332797, 1, 0
332807, 2, 0
332922, 1, 0
332932, 2, bit 1
332932, 2, 0
333047, 1, 0
333057, 2, 1
333172, 1, 0
333182, 2, 0
333297, 1, 1
333307, 2, 1
333422, 1, 1
333432, 2, 0
333547, 1, bit 1
333547, 1, 0
333557, 2, 1
333672, 1, 1
333682, 2, 1
333797, 1, 1
333807, 2, bit 1
333807, 2, 0
333922, 1, 1
333932, 2, 1
334047, 1, 1
334057, 2, 0
334172, 1, 0
334182, 2, 1
334297, 1, 0
334307, 2, 0
334422, 1, bit 0
334422, 1, 1
334432, 2, 1
334547, 1, 0
334557, 2, 1
334672, 1, 0
334682, 2, bit 0
334682, 2, 1
334797, 1, 0
334807, 2, 0
334922, 1, 0
334932, 2, 1
335047, 1, 1
335057, 2, 0
335172, 1, 1
335182, 2, 1
335297, 1, bit 1
335297, 1, 0
335307, 2, 0
335422, 1, 1
335432, 2, 0
335547, 1, 1
335557, 2, bit 1
335557, 2, 0
335672, 1, 1
335682, 2, 1
335797, 1, 1
335807, 2, 0
335922, 1, 0
335932, 2, 1
336047, 1, 0
336057, 2, 0
336172, 1, bit 0
336172, 1, 1
336182, 2, 1
336297, 1, 0
336307, 2, 1
336422, 1, 0
336432, 2, bit 1
336432, 2, 0
336547, 1, 0
336557, 2, 1
336672, 1, 0
336683, 2, 0
336797, 1, 1
336808, 2, 1
336922, 1, 1
336933, 2, 0
337047, 1, bit 1
337047, 1, 0
337058, 2, 1
337172, 1, 1
337183, 2, 1
337297, 1, 1
337308, 2, bit 1
337308, 2, 0
337422, 1, 1
337433, 2, 1
337547, 1, 1
337558, 2, 0
337672, 1, 0
337683, 2, 1
337797, 1, 0
337808, 2, 0
337922, 1, bit 0
337922, 1, 1
337933, 2, 1
338048, 1, 0
338058, 2, 1
338173, 1, 0
338183, 2, bit 1
338183, 2, 0
338298, 1, 0
338308, 2, 1
338423, 1, 0
338433, 2, 0
338548, 1, 1
338558, 2, 1
338673, 1, 1
338683, 2, 0
338798, 1, bit 1
338798, 1, 0
338808, 2, 1
338923, 1, 1
338933, 2, 1
339048, 1, 1
339058, 2, bit 0
339058, 2, 1
339173, 1, 1
339183, 2, 0
339298, 1, 1
339308, 2, 1
339423, 1, 0
339433, 2, 0
339548, 1, 0
339558, 2, 1
339673, 1, bit 0
339673, 1, 1
339683, 2, 0
339798, 1, 0
339808, 2, 0
339923, 1, 0
339933, 2, bit 0
339933, 2, 1
340048, 1, 0
340058, 2, 0
340173, 1, 0
340183, 2, 1
340298, 1, 1
340308, 2, 0
340423, 1, 1
340433, 2, 1
340548, 1, bit 0
340548, 1, 1
340558, 2, 0
340673, 1, 0
340683, 2, 0
340798, 1, 0
340808, 2, bit 1
340808, 2, 0
340923, 1, 0
340933, 2, 1
341048, 1, 0
341058, 2, 0
341173, 1, 1
341183, 2, 1
341298, 1, 1
341308, 2, 0
341423, 1, bit 1
341423, 1, 0
341433, 2, 1
341548, 1, 1
341558, 2, 1
341673, 1, 1
341683, 2, bit 0
341683, 2, 1
341798, 1, 1
341808, 2, 0
341923, 1, 1
341933, 2, 1
342048, 1, 0
342059, 2, 0
342173, 1, 0
342184, 2, 1
342298, 1, bit 1
342298, 1, 0
342309, 2, 0
342423, 1, 1
342434, 2, 0
342548, 1, 1
342559, 2, bit 0
342559, 2, 1
342673, 1, 1
342684, 2, 0
342798, 1, 1
342809, 2, 1
342923, 1, 0
342934, 2, 0
343048, 1, 0
343059, 2, 1
343173, 1, bit 0
343173, 1, 1
343184, 2, 0
343298, 1, 0
343309, 2, 0
343424, 1, 0
343434, 2, bit 1
343434, 2, 0
343549, 1, 0
343559, 2, 1
343674, 1, 0
343684, 2, 0
343799, 1, 1
343809, 2, 1
343924, 1, 1
343934, 2, 0
344059, 2, 1
344184, 2, 1
344309, 2, bit 1
344309, 2, 0
344434, 2, 1
344559, 2, 0
344684, 2, 1
344809, 2, 0
344934, 2, 1
345059, 2, 1
345184, 2, bit 1
345184, 2, 0
345309, 2, 1
345434, 2, 0
345559, 2, 1
345684, 2, 0
345809, 2, 1
345934, 2, 1
346059, 2, bit 1
346059, 2, 0
346184, 2, 1
346309, 2, 0
346434, 2, 1
346559, 2, 0
346684, 2, 1
346809, 2, 1
346934, 2, bit 0
346934, 2, 1
347059, 2, 0
347184, 2, 1
347309, 2, 0
347435, 2, 1
347560, 2, 0
347685, 2, 0
347810, 2, bit 0
347810, 2, 1
347935, 2, 0
348060, 2, 1
348185, 2, 0
348310, 2, 1
348435, 2, 0
348560, 2, 0
348685, 2, bit 0
348685, 2, 1
348810, 2, 0
348935, 2, 1
349060, 2, 0
349185, 2, 1
349310, 2, 0
349435, 2, 0
349560, 2, bit 1
349560, 2, 0
349685, 2, 1
349810, 2, 0
349935, 2, 1
350060, 2, 0
350185, 2, 1
350310, 2, 1
350435, 2, bit 0
350435, 2, 1
350560, 2, 0
350685, 2, 1
350810, 2, 0
350935, 2, 1
351060, 2, 0
351185, 2, 0
351310, 2, bit 0
351310, 2, 1
351435, 2, 0
351560, 2, 1
351685, 2, 0
351810, 2, 1
351935, 2, 0
352060, 2, 0
352185, 2, bit 1
352185, 2, 0
352310, 2, 1
352435, 2, 0
352560, 2, 1
352685, 2, 0
352811, 2, 1
352936, 2, 1
353061, 2, bit 1
353061, 2, 0
353186, 2, 1
353311, 2, 0
353436, 2, 1
353561, 2, 0
353686, 2, 1
353811, 2, 1
353936, 2, bit 1
353936, 2, 0
354061, 2, 1
354186, 2, 0
354311, 2, 1
354436, 2, 0
354561, 2, 1
354686, 2, 1
354811, 2, bit 0
354811, 2, 1
354936, 2, 0
355061, 2, 1
355186, 2, 0
355311, 2, 1
355436, 2, 0
355561, 2, 0
355686, 2, bit 0
355686, 2, 1
355811, 2, 0
355936, 2, 1
356061, 2, 0
356186, 2, 1
356311, 2, 0
356436, 2, 0
356561, 2, bit 1
356561, 2, 0
356686, 2, 1
356811, 2, 0
356936, 2, 1
357061, 2, 0
357186, 2, 1
357311, 2, 1
357436, 2, bit 1
357436, 2, 0
357561, 2, 1
357686, 2, 0
357811, 2, 1
357936, 2, 0
358061, 2, 1
358187, 2, 1
358312, 2, bit 1
358312, 2, 0
358437, 2, 1
358562, 2, 0
358687, 2, 1
358812, 2, 0
358937, 2, 1
359062, 2, 1
359187, 2, bit 0
359187, 2, 1
359312, 2, 0
359437, 2, 1
359562, 2, 0
359687, 2, 1
359812, 2, 0
359937, 2, 0
360062, 2, bit 0
360062, 2, 1
360187, 2, 0
360312, 2, 1
360437, 2, 0
360562, 2, 1
360687, 2, 0
360812, 2, 0
360937, 2, bit 0
360937, 2, 1
361062, 2, 0
361187, 2, 1
361312, 2, 0
361437, 2, 1
361562, 2, 0
361687, 2, 0
361812, 2, bit 1
361816, 2, 0
361937, 2, 1
362062, 2, 0
362187, 2, 1
362312, 2, 0
362437, 2, 1
362562, 2, 1
362687, 2, bit 1
362687, 2, 0
362812, 2, 1
362937, 2, 0
363062, 2, 1
363187, 2, 0
363312, 2, 1
363437, 2, 1
363563, 2, bit 1
363563, 2, 0
363688, 2, 1
363813, 2, 0
363938, 2, 1
364063, 2, 0
364188, 2, 1
364313, 2, 1
364438, 2, bit 1
364438, 2, 0
364563, 2, 1
364688, 2, 0
364813, 2, 1
364938, 2, 0
365063, 2, 1
365188, 2, 1
365313, 2, bit 1
365313, 2, 0
365438, 2, 1
365563, 2, 0
365688, 2, 1
365813, 2, 0
365938, 2, 1
366063, 2, 1
366188, 2, bit 1
366188, 2, 0
366313, 2, 1
366438, 2, 0
366563, 2, 1
366688, 2, 0
366813, 2, 1
366938, 2, 1
367063, 2, bit 0
367063, 2, 1
367188, 2, 0
367313, 2, 1
367438, 2, 0
367563, 2, 1
367688, 2, 0
367813, 2, 0
367938, 2, bit 0
367938, 2, 1
368063, 2, 0
368188, 2, 1
368313, 2, 0
368438, 2, 1
368563, 2, 0
368688, 2, 0
368813, 2, bit 1
368813, 2, 0
368939, 2, 1
369064, 2, 0
369189, 2, 1
369314, 2, 0
369439, 2, 1
369564, 2, 1
369689, 2, bit 1
369689, 2, 0
369814, 2, 1
369939, 2, 0
370064, 2, 1
370189, 2, 0
370314, 2, 1
370439, 2, 1
370564, 2, bit 0
370564, 2, 1
370689, 2, 0
370814, 2, 1
370939, 2, 0
371064, 2, 1
371189, 2, 0
371314, 2, 0
371439, 2, bit 1
371439, 2, 0
371564, 2, 1
371689, 2, 0
371814, 2, 1
371939, 2, 0
372064, 2, 1
372189, 2, 1
372314, 2, bit 1
372314, 2, 0
372439, 2, 1
372564, 2, 0
372689, 2, 1
372814, 2, 0
372939, 2, 1
373064, 2, 1
373189, 2, bit 0
373189, 2, 1
373314, 2, 0
373439, 2, 1
373564, 2, 0
373689, 2, 1
373814, 2, 0
373939, 2, 0
