125 100 3 7 16
(2, 20, 3, 10.00), (code 2)
(3, 258, 3, 10.00), (code 0)
(4, 496, 3, 10.00), (code 1)
START
1434487, 0, prem 1
1434487, 0, 1
1434612, 0, 1
1434737, 0, 1
1434862, 0, 1
1434987, 0, 1
1435112, 0, 1
1435237, 0, 1
1435362, 0, 1
1435487, 0, 1
1435612, 0, 1
1435737, 0, 1
1435862, 0, 1
1435987, 0, 1
1436112, 0, 1
1436237, 0, 1
1436362, 0, 1
1436487, 0, prem 0
1436487, 0, 0
1436612, 0, 0
1436737, 0, 0
1436862, 0, 0
1436987, 0, 0
1437112, 0, 0
1437237, 0, 0
1437362, 0, 0
1437487, 0, 0
1437612, 0, 0
1437737, 0, 0
1437862, 0, 0
1437987, 0, 0
1438112, 0, 0
1438237, 0, 0
1438362, 0, 0
1438487, 0, prem 1
1438487, 0, 1
1438612, 0, 1
1438737, 0, 1
1438862, 0, 1
1438987, 0, 1
1439112, 0, 1
1439237, 0, 1
1439362, 0, 1
1439488, 0, 1
1439613, 0, 1
1439738, 0, 1
1439863, 0, 1
1439988, 0, 1
1440113, 0, 1
1440238, 0, 1
1440363, 0, 1
1440488, 0, prem 1
1440488, 0, 1
1440613, 0, 1
1440738, 0, 1
1440863, 0, 1
1440988, 0, 1
1441113, 0, 1
1441238, 0, 1
1441363, 0, 1
1441488, 0, 1
1441613, 0, 1
1441738, 0, 1
1441863, 0, 1
1441988, 0, 1
1442113, 0, 1
1442238, 0, 1
1442363, 0, 1
1442488, 0, prem 0
1442488, 0, 0
1442613, 0, 0
1442738, 0, 0
1442863, 0, 0
1442988, 0, 0
1443113, 0, 0
1443238, 0, 0
1443363, 0, 0
1443488, 0, 0
1443613, 0, 0
1443738, 0, 0
1443863, 0, 0
1443988, 0, 0
1444113, 0, 0
1444238, 0, 0
1444363, 0, 0
1444488, 0, prem 0
1444488, 0, 0
1444613, 0, 0
1444738, 0, 0
1444864, 0, 0
1444989, 0, 0
1445114, 0, 0
1445239, 0, 0
1445364, 0, 0
1445489, 0, 0
1445614, 0, 0
1445739, 0, 0
1445864, 0, 0
1445989, 0, 0
1446114, 0, 0
1446239, 0, 0
1446364, 0, 0
1446489, 0, prem 1
1446489, 0, 1
1446614, 0, 1
1446739, 0, 1
1446864, 0, 1
1446989, 0, 1
1447114, 0, 1
1447239, 0, 1
1447364, 0, 1
1447489, 0, 1
1447614, 0, 1
1447739, 0, 1
1447864, 0, 1
1447989, 0, 1
1448114, 0, 1
1448239, 0, 1
1448364, 0, 1
1448489, 0, bit 1
1448489, 0, 1
1448614, 0, 0
1448739, 0, 1
1448864, 0, 1
1448989, 0, 0
1449114, 0, 0
1449239, 0, 1
1449364, 0, bit 0
1449364, 0, 0
1449489, 0, 1
1449614, 0, 0
1449739, 0, 0
1449864, 0, 1
1449989, 0, 1
1450114, 0, 0
1450240, 0, bit 0
1450240, 0, 0
1450365, 0, 1
1450490, 0, 0
1450615, 0, 0
1450740, 0, 1
1450865, 0, 1
1450990, 0, 0
1451115, 0, bit 0
1451115, 0, 0
1451240, 0, 1
1451365, 0, 0
1451490, 0, 0
1451615, 0, 1
1451740, 0, 1
1451865, 0, 0
1451990, 0, bit 1
1451990, 0, 1
1452115, 0, 0
1452240, 0, 1
1452365, 0, 1
1452490, 0, 0
1452615, 0, 0
1452740, 0, 1
1452865, 0, bit 1
1452868, 0, 1
1452990, 0, 0
1453115, 0, 1
1453240, 0, 1
1453365, 0, 0
1453490, 0, 0
1453615, 0, 1
1453740, 0, bit 0
1453740, 0, 0
1453865, 0, 1
1453990, 0, 0
1454115, 0, 0
1454240, 0, 1
1454365, 0, 1
1454490, 0, 0
1454615, 0, bit 1
1454615, 0, 1
1454740, 0, 0
1454865, 0, 1
1454990, 0, 1
1455115, 0, 0
1455240, 0, 0
1455365, 0, 1
1455490, 0, bit 1
1455490, 0, 1
1455616, 0, 0
1455741, 0, 1
1455866, 0, 1
1455991, 0, 0
1456116, 0, 0
1456241, 0, 1
1456366, 0, bit 1
1456366, 0, 1
1456491, 0, 0
1456616, 0, 1
1456741, 0, 1
1456866, 0, 0
1456991, 0, 0
1457116, 0, 1
1457241, 0, bit 0
1457241, 0, 0
1457366, 0, 1
1457491, 0, 0
1457616, 0, 0
1457741, 0, 1
1457866, 0, 1
1457991, 0, 0
1458116, 0, bit 1
1458116, 0, 1
1458241, 0, 0
1458366, 0, 1
1458491, 0, 1
1458616, 0, 0
1458741, 0, 0
1458866, 0, 1
1458991, 0, bit 1
1458991, 0, 1
1459116, 0, 0
1459241, 0, 1
1459366, 0, 1
1459491, 0, 0
1459616, 0, 0
1459741, 0, 1
1459866, 0, bit 1
1459866, 0, 1
1459991, 0, 0
1460116, 0, 1
1460241, 0, 1
1460366, 0, 0
1460491, 0, 0
1460616, 0, 1
1460741, 0, bit 0
1460741, 0, 0
1460866, 0, 1
1460992, 0, 0
1461117, 0, 0
1461242, 0, 1
1461367, 0, 1
1461492, 0, 0
1461617, 0, bit 1
1461617, 0, 1
1461742, 0, 0
1461867, 0, 1
1461992, 0, 1
1462117, 0, 0
1462242, 0, 0
1462367, 0, 1
1462492, 0, bit 1
1462492, 0, 1
1462617, 0, 0
1462742, 0, 1
1462867, 0, 1
1462992, 0, 0
1463117, 0, 0
1463242, 0, 1
1463367, 0, bit 1
1463367, 0, 1
1463492, 0, 0
1463617, 0, 1
1463742, 0, 1
1463867, 0, 0
1463992, 0, 0
1464117, 0, 1
1464242, 0, bit 0
1464242, 0, 0
1464246, 1, prem 0
1464246, 1, 0
1464367, 0, 1
1464371, 1, 0
1464492, 0, 0
1464496, 1, 0
1464617, 0, 0
1464621, 1, 0
1464742, 0, 1
1464747, 1, 0
1464867, 0, 1
1464872, 1, 0
1464992, 0, 0
1464997, 1, 0
1465117, 0, bit 1
1465117, 0, 1
1465122, 1, 0
1465242, 0, 0
1465247, 1, 0
1465367, 0, 1
1465372, 1, 0
1465492, 0, 1
1465497, 1, 0
1465617, 0, 0
1465622, 1, 0
1465742, 0, 0
1465747, 1, 0
1465867, 0, 1
1465872, 1, 0
1465992, 0, bit 0
1465992, 0, 0
1465997, 1, 0
1466117, 0, 1
1466122, 1, 0
1466242, 0, 0
1466247, 1, prem 1
1466247, 1, 1
1466368, 0, 0
1466372, 1, 1
1466493, 0, 1
1466497, 1, 1
1466618, 0, 1
1466622, 1, 1
1466743, 0, 0
1466747, 1, 1
1466868, 0, bit 1
1466868, 0, 1
1466872, 1, 1
1466993, 0, 0
1466997, 1, 1
1467118, 0, 1
1467122, 1, 1
1467243, 0, 1
1467247, 1, 1
1467368, 0, 0
1467372, 1, 1
1467493, 0, 0
1467497, 1, 1
1467618, 0, 1
1467622, 1, 1
1467743, 0, bit 0
1467746, 0, 0
1467747, 1, 1
1467868, 0, 1
1467872, 1, 1
1467993, 0, 0
1467997, 1, 1
1468118, 0, 0
1468122, 1, 1
1468243, 0, 1
1468247, 1, prem 1
1468247, 1, 1
1468368, 0, 1
1468372, 1, 1
1468493, 0, 0
1468497, 1, 1
1468618, 0, bit 1
1468618, 0, 1
1468622, 1, 1
1468743, 0, 0
1468747, 1, 1
1468868, 0, 1
1468872, 1, 1
1468993, 0, 1
1468997, 1, 1
1469118, 0, 0
1469122, 1, 1
1469243, 0, 0
1469247, 1, 1
1469368, 0, 1
1469372, 1, 1
1469493, 0, bit 1
1469493, 0, 1
1469497, 1, 1
1469618, 0, 0
1469622, 1, 1
1469743, 0, 1
1469747, 1, 1
1469868, 0, 1
1469872, 1, 1
1469993, 0, 0
1469997, 1, 1
1470118, 0, 0
1470123, 1, 1
1470243, 0, 1
1470248, 1, prem 1
1470248, 1, 1
1470368, 0, bit 0
1470368, 0, 0
1470373, 1, 1
1470493, 0, 1
1470498, 1, 1
1470618, 0, 0
1470623, 1, 1
1470743, 0, 0
1470748, 1, 1
1470868, 0, 1
1470873, 1, 1
1470993, 0, 1
1470998, 1, 1
1471118, 0, 0
1471123, 1, 1
1471243, 0, bit 0
1471243, 0, 0
1471248, 1, 1
1471368, 0, 1
1471373, 1, 1
1471493, 0, 0
1471498, 1, 1
1471618, 0, 0
1471623, 1, 1
1471744, 0, 1
1471748, 1, 1
1471869, 0, 1
1471873, 1, 1
1471994, 0, 0
1471998, 1, 1
1472119, 0, bit 0
1472119, 0, 0
1472123, 1, 1
1472244, 0, 1
1472248, 1, prem 1
1472248, 1, 1
1472369, 0, 0
1472373, 1, 1
1472494, 0, 0
1472498, 1, 1
1472619, 0, 1
1472623, 1, 1
1472744, 0, 1
1472748, 1, 1
1472869, 0, 0
1472873, 1, 1
1472994, 0, bit 0
1472994, 0, 0
1472998, 1, 1
1473119, 0, 1
1473123, 1, 1
1473244, 0, 0
1473248, 1, 1
1473369, 0, 0
1473373, 1, 1
1473494, 0, 1
1473498, 1, 1
1473619, 0, 1
1473623, 1, 1
1473744, 0, 0
1473748, 1, 1
1473869, 0, bit 0
1473869, 0, 0
1473873, 1, 1
1473994, 0, 1
1473998, 1, 1
1474119, 0, 0
1474123, 1, 1
1474244, 0, 0
1474248, 1, prem 0
1474248, 1, 0
1474369, 0, 1
1474373, 1, 0
1474494, 0, 1
1474498, 1, 0
1474619, 0, 0
1474623, 1, 0
1474744, 0, bit 1
1474744, 0, 1
1474748, 1, 0
1474869, 0, 0
1474873, 1, 0
1474994, 0, 1
1474998, 1, 0
1475119, 0, 1
1475123, 1, 0
1475244, 0, 0
1475248, 1, 0
1475369, 0, 0
1475373, 1, 0
1475494, 0, 1
1475499, 1, 0
1475619, 0, bit 0
1475619, 0, 0
1475624, 1, 0
1475744, 0, 1
1475749, 1, 0
1475869, 0, 0
1475874, 1, 0
1475994, 0, 0
1475999, 1, 0
1476119, 0, 1
1476124, 1, 0
1476244, 0, 1
1476249, 1, prem 0
1476249, 1, 0
1476369, 0, 0
1476374, 1, 0
1476494, 0, bit 0
1476494, 0, 0
1476499, 1, 0
1476619, 0, 1
1476624, 1, 0
1476744, 0, 0
1476749, 1, 0
1476869, 0, 0
1476874, 1, 0
1476994, 0, 1
1476999, 1, 0
1477120, 0, 1
1477124, 1, 0
1477245, 0, 0
1477249, 1, 0
1477370, 0, bit 1
1477370, 0, 1
1477374, 1, 0
1477495, 0, 0
1477499, 1, 0
1477620, 0, 1
1477624, 1, 0
1477745, 0, 1
1477749, 1, 0
1477870, 0, 0
1477874, 1, 0
1477995, 0, 0
1477999, 1, 0
1478120, 0, 1
1478124, 1, 0
1478245, 0, bit 1
1478245, 0, 1
1478249, 1, bit 1
1478249, 1, 0
1478370, 0, 0
1478374, 1, 1
1478495, 0, 1
1478499, 1, 1
1478620, 0, 1
1478624, 1, 1
1478745, 0, 0
1478749, 1, 1
1478870, 0, 0
1478874, 1, 0
1478995, 0, 1
1478999, 1, 0
1479120, 0, bit 0
1479120, 0, 0
1479124, 1, bit 1
1479124, 1, 0
1479245, 0, 1
1479249, 1, 1
1479370, 0, 0
1479374, 1, 1
1479495, 0, 0
1479499, 1, 1
1479620, 0, 1
1479624, 1, 1
1479745, 0, 1
1479749, 1, 0
1479870, 0, 0
1479874, 1, 0
1479995, 0, bit 0
1479995, 0, 0
1479999, 1, bit 1
1479999, 1, 0
1480120, 0, 1
1480124, 1, 1
1480245, 0, 0
1480249, 1, 1
1480370, 0, 0
1480374, 1, 1
1480495, 0, 1
1480499, 1, 1
1480620, 0, 1
1480624, 1, 0
1480745, 0, 0
1480749, 1, 0
1480870, 0, bit 1
1480870, 0, 1
1480875, 1, bit 1
1480875, 1, 0
1480995, 0, 0
1481000, 1, 1
1481120, 0, 1
1481125, 1, 1
1481245, 0, 1
1481250, 1, 1
1481370, 0, 0
1481375, 1, 1
1481495, 0, 0
1481500, 1, 0
1481620, 0, 1
1481625, 1, 0
1481745, 0, bit 1
1481745, 0, 1
1481750, 1, bit 1
1481750, 1, 0
1481870, 0, 0
1481875, 1, 1
1481995, 0, 1
1482000, 1, 1
1482120, 0, 1
1482125, 1, 1
1482245, 0, 0
1482250, 1, 1
1482370, 0, 0
1482375, 1, 0
1482496, 0, 1
1482500, 1, 0
1482621, 0, bit 1
1482625, 0, 1
1482625, 1, bit 1
1482626, 1, 0
1482746, 0, 0
1482750, 1, 1
1482871, 0, 1
1482875, 1, 1
1482996, 0, 1
1483000, 1, 1
1483121, 0, 0
1483125, 1, 1
1483246, 0, 0
1483250, 1, 0
1483371, 0, 1
1483375, 1, 0
1483496, 0, bit 0
1483496, 0, 0
1483500, 1, bit 0
1483500, 1, 1
1483621, 0, 1
1483625, 1, 0
1483746, 0, 0
1483750, 1, 0
1483871, 0, 0
1483875, 1, 0
1483996, 0, 1
1484000, 1, 0
1484121, 0, 1
1484125, 1, 1
1484246, 0, 0
1484250, 1, 1
1484371, 0, bit 0
1484371, 0, 0
1484375, 1, bit 1
1484376, 1, 0
1484496, 0, 1
1484500, 1, 1
1484621, 0, 0
1484625, 1, 1
1484746, 0, 0
1484750, 1, 1
1484871, 0, 1
1484875, 1, 1
1484996, 0, 1
1485000, 1, 0
1485121, 0, 0
1485125, 1, 0
1485246, 0, bit 1
1485246, 0, 1
1485250, 1, bit 0
1485250, 1, 1
1485371, 0, 0
1485375, 1, 0
1485496, 0, 1
1485500, 1, 0
1485621, 0, 1
1485625, 1, 0
1485746, 0, 0
1485750, 1, 0
1485871, 0, 0
1485875, 1, 1
1485996, 0, 1
1486000, 1, 1
1486121, 0, bit 0
1486121, 0, 0
1486125, 1, bit 0
1486128, 1, 1
1486246, 0, 1
1486251, 1, 0
1486371, 0, 0
1486376, 1, 0
1486496, 0, 0
1486501, 1, 0
1486621, 0, 1
1486626, 1, 0
1486746, 0, 1
1486751, 1, 1
1486871, 0, 0
1486876, 1, 1
1486996, 0, bit 0
1486996, 0, 0
1487001, 1, bit 1
1487001, 1, 0
1487121, 0, 1
1487126, 1, 1
1487246, 0, 0
1487251, 1, 1
1487371, 0, 0
1487376, 1, 1
1487496, 0, 1
1487501, 1, 1
1487621, 0, 1
1487626, 1, 0
1487746, 0, 0
1487751, 1, 0
1487872, 0, bit 0
1487872, 0, 0
1487876, 1, bit 1
1487876, 1, 0
1487997, 0, 1
1488001, 1, 1
1488122, 0, 0
1488126, 1, 1
1488247, 0, 0
1488251, 1, 1
1488372, 0, 1
1488376, 1, 1
1488497, 0, 1
1488501, 1, 0
1488622, 0, 0
1488626, 1, 0
1488747, 0, bit 0
1488747, 0, 0
1488751, 1, bit 1
1488751, 1, 0
1488872, 0, 1
1488876, 1, 1
1488997, 0, 0
1489001, 1, 1
1489122, 0, 0
1489126, 1, 1
1489247, 0, 1
1489251, 1, 1
1489372, 0, 1
1489376, 1, 0
1489497, 0, 0
1489501, 1, 0
1489622, 0, bit 1
1489622, 0, 1
1489626, 1, bit 0
1489626, 1, 1
1489747, 0, 0
1489751, 1, 0
1489872, 0, 1
1489876, 1, 0
1489997, 0, 1
1490001, 1, 0
1490122, 0, 0
1490126, 1, 0
1490247, 0, 0
1490251, 1, 1
1490372, 0, 1
1490376, 1, 1
1490497, 0, bit 0
1490497, 0, 0
1490501, 1, bit 0
1490501, 1, 1
1490622, 0, 1
1490626, 1, 0
1490747, 0, 0
1490751, 1, 0
1490872, 0, 0
1490876, 1, 0
1490997, 0, 1
1491001, 1, 0
1491122, 0, 1
1491126, 1, 1
1491247, 0, 0
1491251, 1, 1
1491372, 0, bit 0
1491372, 0, 0
1491376, 1, bit 1
1491376, 1, 0
1491497, 0, 1
1491501, 1, 1
1491622, 0, 0
1491627, 1, 1
1491747, 0, 0
1491752, 1, 1
1491872, 0, 1
1491877, 1, 1
1491997, 0, 1
1492002, 1, 0
1492122, 0, 0
1492127, 1, 0
1492247, 0, bit 0
1492247, 0, 0
1492252, 1, bit 0
1492252, 1, 1
1492372, 0, 1
1492377, 1, 0
1492497, 0, 0
1492502, 1, 0
1492622, 0, 0
1492627, 1, 0
1492747, 0, 1
1492752, 1, 0
1492872, 0, 1
1492877, 1, 1
1492997, 0, 0
1493002, 1, 1
1493122, 0, bit 1
1493122, 0, 1
1493127, 1, bit 1
1493127, 1, 0
1493248, 0, 0
1493252, 1, 1
1493373, 0, 1
1493377, 1, 1
1493498, 0, 1
1493502, 1, 1
1493623, 0, 0
1493627, 1, 1
1493748, 0, 0
1493752, 1, 0
1493873, 0, 1
1493877, 1, 0
1493998, 0, bit 0
1493998, 0, 0
1494002, 1, bit 1
1494002, 1, 0
1494005, 2, prem 0
1494005, 2, 0
1494123, 0, 1
1494127, 1, 1
1494130, 2, 0
1494248, 0, 0
1494252, 1, 1
1494255, 2, 0
1494373, 0, 0
1494377, 1, 1
1494380, 2, 0
1494498, 0, 1
1494502, 1, 1
1494505, 2, 0
1494623, 0, 1
1494627, 1, 0
1494630, 2, 0
1494748, 0, 0
1494752, 1, 0
1494755, 2, 0
1494873, 0, bit 0
1494873, 0, 0
1494877, 1, bit 0
1494877, 1, 1
1494880, 2, 0
1494998, 0, 1
1495002, 1, 0
1495005, 2, 0
1495123, 0, 0
1495127, 1, 0
1495130, 2, 0
1495248, 0, 0
1495252, 1, 0
1495255, 2, 0
1495373, 0, 1
1495377, 1, 0
1495380, 2, 0
1495498, 0, 1
1495502, 1, 1
1495505, 2, 0
1495623, 0, 0
1495627, 1, 1
1495630, 2, 0
1495748, 0, bit 0
1495748, 0, 0
1495752, 1, bit 0
1495752, 1, 1
1495755, 2, 0
1495873, 0, 1
1495877, 1, 0
1495880, 2, 0
1495998, 0, 0
1496002, 1, 0
1496005, 2, prem 1
1496005, 2, 1
1496123, 0, 0
1496127, 1, 0
1496130, 2, 1
1496248, 0, 1
1496252, 1, 0
1496255, 2, 1
1496373, 0, 1
1496377, 1, 1
1496380, 2, 1
1496498, 0, 0
1496502, 1, 1
1496505, 2, 1
1496623, 0, bit 1
1496623, 0, 1
1496627, 1, bit 0
1496627, 1, 1
1496630, 2, 1
1496748, 0, 0
1496752, 1, 0
1496755, 2, 1
1496873, 0, 1
1496877, 1, 0
1496880, 2, 1
1496998, 0, 1
1497003, 1, 0
1497005, 2, 1
1497123, 0, 0
1497128, 1, 0
1497131, 2, 1
1497248, 0, 0
1497253, 1, 1
1497256, 2, 1
1497373, 0, 1
1497378, 1, 1
1497381, 2, 1
1497498, 0, bit 1
1497498, 0, 1
1497503, 1, bit 1
1497503, 1, 0
1497506, 2, 1
1497623, 0, 0
1497628, 1, 1
1497631, 2, 1
1497748, 0, 1
1497753, 1, 1
1497756, 2, 1
1497873, 0, 1
1497878, 1, 1
1497881, 2, 1
1497998, 0, 0
1498003, 1, 1
1498006, 2, prem 0
1498006, 2, 0
1498123, 0, 0
1498128, 1, 0
1498131, 2, 0
1498248, 0, 1
1498253, 1, 0
1498256, 2, 0
1498373, 0, bit 1
1498373, 0, 1
1498378, 1, bit 1
1498378, 1, 0
1498381, 2, 0
1498498, 0, 0
1498503, 1, 1
1498506, 2, 0
1498624, 0, 1
1498628, 1, 1
1498631, 2, 0
1498749, 0, 1
1498753, 1, 1
1498756, 2, 0
1498874, 0, 0
1498878, 1, 1
1498881, 2, 0
1498999, 0, 0
1499003, 1, 0
1499006, 2, 0
1499124, 0, 1
1499128, 1, 0
1499131, 2, 0
1499249, 0, bit 1
1499249, 0, 1
1499253, 1, bit 0
1499253, 1, 1
1499256, 2, 0
1499374, 0, 0
1499378, 1, 0
1499381, 2, 0
1499499, 0, 1
1499503, 1, 0
1499506, 2, 0
1499624, 0, 1
1499628, 1, 0
1499631, 2, 0
1499749, 0, 0
1499753, 1, 0
1499756, 2, 0
1499874, 0, 0
1499878, 1, 1
1499881, 2, 0
1499999, 0, 1
1500003, 1, 1
1500006, 2, prem 1
1500006, 2, 1
1500124, 0, bit 0
1500124, 0, 0
1500128, 1, bit 1
1500128, 1, 0
1500131, 2, 1
1500249, 0, 1
1500253, 1, 1
1500256, 2, 1
1500374, 0, 0
1500378, 1, 1
1500381, 2, 1
1500499, 0, 0
1500503, 1, 1
1500506, 2, 1
1500624, 0, 1
1500628, 1, 1
1500631, 2, 1
1500749, 0, 1
1500753, 1, 0
1500756, 2, 1
1500874, 0, 0
1500878, 1, 0
1500881, 2, 1
1500999, 0, bit 0
1500999, 0, 0
1501003, 1, bit 0
1501003, 1, 1
1501006, 2, 1
1501124, 0, 1
1501128, 1, 0
1501131, 2, 1
1501249, 0, 0
1501253, 1, 0
1501256, 2, 1
1501374, 0, 0
1501378, 1, 0
1501381, 2, 1
1501499, 0, 1
1501503, 1, 0
1501506, 2, 1
1501624, 0, 1
1501628, 1, 1
1501631, 2, 1
1501749, 0, 0
1501753, 1, 1
1501756, 2, 1
1501874, 0, bit 0
1501874, 0, 0
1501878, 1, bit 1
1501878, 1, 0
1501881, 2, 1
1501999, 0, 1
1502003, 1, 1
1502006, 2, prem 0
1502006, 2, 0
1502124, 0, 0
1502128, 1, 1
1502131, 2, 0
1502249, 0, 0
1502253, 1, 1
1502256, 2, 0
1502374, 0, 1
1502379, 1, 1
1502381, 2, 0
1502499, 0, 1
1502504, 1, 0
1502507, 2, 0
1502624, 0, 0
1502629, 1, 0
1502632, 2, 0
1502749, 0, bit 0
1502749, 0, 0
1502754, 1, bit 1
1502754, 1, 0
1502757, 2, 0
1502874, 0, 1
1502879, 1, 1
1502882, 2, 0
1502999, 0, 0
1503004, 1, 1
1503007, 2, 0
1503124, 0, 0
1503129, 1, 1
1503132, 2, 0
1503249, 0, 1
1503254, 1, 1
1503257, 2, 0
1503374, 0, 1
1503379, 1, 0
1503382, 2, 0
1503499, 0, 0
1503509, 1, 0
1503510, 2, 0
1503624, 0, bit 0
1503624, 0, 0
1503634, 1, bit 0
1503634, 1, 1
1503635, 2, 0
1503749, 0, 1
1503759, 1, 0
1503760, 2, 0
1503874, 0, 0
1503884, 1, 0
1503885, 2, 0
1504000, 0, 0
1504009, 1, 0
1504010, 2, prem 1
1504010, 2, 1
1504125, 0, 1
1504134, 1, 0
1504135, 2, 1
1504250, 0, 1
1504259, 1, 1
1504260, 2, 1
1504375, 0, 0
1504384, 1, 1
1504385, 2, 1
1504500, 0, bit 0
1504500, 0, 0
1504509, 1, bit 0
1504509, 1, 1
1504510, 2, 1
1504625, 0, 1
1504634, 1, 0
1504637, 2, 1
1504750, 0, 0
1504759, 1, 0
1504762, 2, 1
1504875, 0, 0
1504884, 1, 0
1504887, 2, 1
1505000, 0, 1
1505009, 1, 0
1505012, 2, 1
1505125, 0, 1
1505134, 1, 1
1505137, 2, 1
1505250, 0, 0
1505259, 1, 1
1505262, 2, 1
1505375, 0, bit 0
1505375, 0, 0
1505384, 1, bit 1
1505384, 1, 0
1505387, 2, 1
1505500, 0, 1
1505509, 1, 1
1505512, 2, 1
1505625, 0, 0
1505634, 1, 1
1505637, 2, 1
1505750, 0, 0
1505759, 1, 1
1505762, 2, 1
1505875, 0, 1
1505884, 1, 1
1505887, 2, 1
1506000, 0, 1
1506009, 1, 0
1506012, 2, prem 1
1506012, 2, 1
1506125, 0, 0
1506134, 1, 0
1506137, 2, 1
1506250, 0, bit 1
1506250, 0, 1
1506259, 1, bit 0
1506259, 1, 1
1506262, 2, 1
1506375, 0, 0
1506384, 1, 0
1506387, 2, 1
1506500, 0, 1
1506509, 1, 0
1506512, 2, 1
1506625, 0, 1
1506634, 1, 0
1506637, 2, 1
1506750, 0, 0
1506759, 1, 0
1506762, 2, 1
1506875, 0, 0
1506884, 1, 1
1506887, 2, 1
1507000, 0, 1
1507009, 1, 1
1507012, 2, 1
1507125, 0, bit 0
1507125, 0, 0
1507134, 1, bit 1
1507134, 1, 0
1507137, 2, 1
1507250, 0, 1
1507259, 1, 1
1507262, 2, 1
1507375, 0, 0
1507384, 1, 1
1507387, 2, 1
1507500, 0, 0
1507509, 1, 1
1507512, 2, 1
1507625, 0, 1
1507634, 1, 1
1507637, 2, 1
1507750, 0, 1
1507759, 1, 0
1507762, 2, 1
1507875, 0, 0
1507884, 1, 0
1507887, 2, 1
1508000, 0, bit 1
1508000, 0, 1
1508009, 1, bit 1
1508009, 1, 0
1508012, 2, bit 1
1508012, 2, 0
1508125, 0, 0
1508134, 1, 1
1508137, 2, 1
1508250, 0, 1
1508259, 1, 1
1508262, 2, 0
1508375, 0, 1
1508384, 1, 1
1508387, 2, 1
1508500, 0, 0
1508509, 1, 1
1508512, 2, 0
1508625, 0, 0
1508634, 1, 0
1508637, 2, 1
1508750, 0, 1
1508759, 1, 0
1508762, 2, 1
1508875, 0, bit 1
1508875, 0, 1
1508884, 1, bit 1
1508884, 1, 0
1508887, 2, bit 1
1508887, 2, 0
1509000, 0, 0
1509009, 1, 1
1509012, 2, 1
1509125, 0, 1
1509134, 1, 1
1509137, 2, 0
1509250, 0, 1
1509259, 1, 1
1509262, 2, 1
1509376, 0, 0
1509384, 1, 1
1509387, 2, 0
1509501, 0, 0
1509509, 1, 0
1509512, 2, 1
1509626, 0, 1
1509634, 1, 0
1509637, 2, 1
1509751, 0, bit 0
1509751, 0, 0
1509760, 1, bit 1
1509760, 1, 0
1509762, 2, bit 1
1509762, 2, 0
1509876, 0, 1
1509885, 1, 1
1509888, 2, 1
1510001, 0, 0
1510010, 1, 1
1510013, 2, 0
1510126, 0, 0
1510135, 1, 1
1510138, 2, 1
1510251, 0, 1
1510260, 1, 1
1510263, 2, 0
1510376, 0, 1
1510385, 1, 0
1510388, 2, 1
1510501, 0, 0
1510510, 1, 0
1510513, 2, 1
1510626, 0, bit 0
1510626, 0, 0
1510635, 1, bit 0
1510635, 1, 1
1510638, 2, bit 1
1510638, 2, 0
1510751, 0, 1
1510760, 1, 0
1510763, 2, 1
1510876, 0, 0
1510885, 1, 0
1510888, 2, 0
1511001, 0, 0
1511010, 1, 0
1511013, 2, 1
1511126, 0, 1
1511135, 1, 0
1511138, 2, 0
1511251, 0, 1
1511260, 1, 1
1511263, 2, 1
1511376, 0, 0
1511385, 1, 1
1511388, 2, 1
1511501, 0, bit 1
1511501, 0, 1
1511510, 1, bit 0
1511510, 1, 1
1511513, 2, bit 0
1511513, 2, 1
1511626, 0, 0
1511635, 1, 0
1511638, 2, 0
1511751, 0, 1
1511760, 1, 0
1511763, 2, 1
1511876, 0, 1
1511885, 1, 0
1511888, 2, 0
1512001, 0, 0
1512010, 1, 0
1512013, 2, 1
1512126, 0, 0
1512135, 1, 1
1512138, 2, 0
1512251, 0, 1
1512260, 1, 1
1512263, 2, 0
1512376, 0, bit 1
1512376, 0, 1
1512385, 1, bit 1
1512385, 1, 0
1512388, 2, bit 0
1512388, 2, 1
1512501, 0, 0
1512510, 1, 1
1512513, 2, 0
1512626, 0, 1
1512635, 1, 1
1512638, 2, 1
1512751, 0, 1
1512760, 1, 1
1512763, 2, 0
1512876, 0, 0
1512885, 1, 1
1512888, 2, 1
1513001, 0, 0
1513010, 1, 0
1513013, 2, 0
1513126, 0, 1
1513135, 1, 0
1513138, 2, 0
1513251, 0, bit 0
1513251, 0, 0
1513260, 1, bit 1
1513260, 1, 0
1513263, 2, bit 0
1513263, 2, 1
1513376, 0, 1
1513385, 1, 1
1513388, 2, 0
1513501, 0, 0
1513510, 1, 1
1513513, 2, 1
1513626, 0, 0
1513635, 1, 1
1513638, 2, 0
1513751, 0, 1
1513760, 1, 1
1513763, 2, 1
1513876, 0, 1
1513885, 1, 0
1513888, 2, 0
1514001, 0, 0
1514010, 1, 0
1514013, 2, 0
1514126, 0, bit 0
1514126, 0, 0
1514135, 1, bit 1
1514135, 1, 0
1514138, 2, bit 0
1514138, 2, 1
1514251, 0, 1
1514260, 1, 1
1514263, 2, 0
1514376, 0, 0
1514385, 1, 1
1514388, 2, 1
1514501, 0, 0
1514510, 1, 1
1514513, 2, 0
1514626, 0, 1
1514635, 1, 1
1514638, 2, 1
1514752, 0, 1
1514760, 1, 0
1514763, 2, 0
1514877, 0, 0
1514885, 1, 0
1514888, 2, 0
1515002, 0, bit 0
1515002, 0, 0
1515010, 1, bit 1
1515010, 1, 0
1515013, 2, bit 0
1515013, 2, 1
1515127, 0, 1
1515136, 1, 1
1515138, 2, 0
1515252, 0, 0
1515261, 1, 1
1515264, 2, 1
1515377, 0, 0
1515386, 1, 1
1515389, 2, 0
1515502, 0, 1
1515511, 1, 1
1515514, 2, 1
1515627, 0, 1
1515636, 1, 0
1515639, 2, 0
1515752, 0, 0
1515761, 1, 0
1515764, 2, 0
1515877, 0, bit 0
1515877, 0, 0
1515886, 1, bit 1
1515886, 1, 0
1515889, 2, bit 1
1515889, 2, 0
1516002, 0, 1
1516011, 1, 1
1516014, 2, 1
1516127, 0, 0
1516136, 1, 1
1516139, 2, 0
1516252, 0, 0
1516261, 1, 1
1516264, 2, 1
1516377, 0, 1
1516386, 1, 1
1516389, 2, 0
1516502, 0, 1
1516511, 1, 0
1516514, 2, 1
1516627, 0, 0
1516636, 1, 0
1516639, 2, 1
1516752, 0, bit 1
1516752, 0, 1
1516761, 1, bit 1
1516761, 1, 0
1516764, 2, bit 1
1516767, 2, 0
1516877, 0, 0
1516886, 1, 1
1516889, 2, 1
1517002, 0, 1
1517011, 1, 1
1517014, 2, 0
1517127, 0, 1
1517136, 1, 1
1517139, 2, 1
1517252, 0, 0
1517261, 1, 1
1517264, 2, 0
1517377, 0, 0
1517386, 1, 0
1517389, 2, 1
1517502, 0, 1
1517511, 1, 0
1517514, 2, 1
1517627, 0, bit 1
1517627, 0, 1
1517636, 1, bit 0
1517636, 1, 1
1517639, 2, bit 1
1517639, 2, 0
1517752, 0, 0
1517761, 1, 0
1517764, 2, 1
1517877, 0, 1
1517886, 1, 0
1517889, 2, 0
1518002, 0, 1
1518011, 1, 0
1518014, 2, 1
1518127, 0, 0
1518136, 1, 0
1518139, 2, 0
1518252, 0, 0
1518261, 1, 1
1518264, 2, 1
1518377, 0, 1
1518386, 1, 1
1518389, 2, 1
1518502, 0, bit 1
1518502, 0, 1
1518511, 1, bit 1
1518511, 1, 0
1518514, 2, bit 0
1518514, 2, 1
1518627, 0, 0
1518636, 1, 1
1518639, 2, 0
1518752, 0, 1
1518761, 1, 1
1518764, 2, 1
1518877, 0, 1
1518886, 1, 1
1518889, 2, 0
1519002, 0, 0
1519011, 1, 1
1519014, 2, 1
1519127, 0, 0
1519136, 1, 0
1519139, 2, 0
1519252, 0, 1
1519261, 1, 0
1519264, 2, 0
1519377, 0, bit 1
1519377, 0, 1
1519386, 1, bit 0
1519386, 1, 1
1519389, 2, bit 1
1519389, 2, 0
1519502, 0, 0
1519511, 1, 0
1519514, 2, 1
1519627, 0, 1
1519636, 1, 0
1519639, 2, 0
1519752, 0, 1
1519761, 1, 0
1519764, 2, 1
1519877, 0, 0
1519886, 1, 0
1519889, 2, 0
1520002, 0, 0
1520011, 1, 1
1520014, 2, 1
1520128, 0, 1
1520136, 1, 1
1520139, 2, 1
1520253, 0, bit 0
1520253, 0, 0
1520261, 1, bit 1
1520261, 1, 0
1520264, 2, bit 0
1520264, 2, 1
1520378, 0, 1
1520386, 1, 1
1520389, 2, 0
1520503, 0, 0
1520512, 1, 1
1520514, 2, 1
1520628, 0, 0
1520637, 1, 1
1520640, 2, 0
1520753, 0, 1
1520762, 1, 1
1520765, 2, 1
1520878, 0, 1
1520887, 1, 0
1520890, 2, 0
1521003, 0, 0
1521012, 1, 0
1521015, 2, 0
1521128, 0, bit 1
1521128, 0, 1
1521137, 1, bit 1
1521137, 1, 0
1521140, 2, bit 1
1521140, 2, 0
1521253, 0, 0
1521262, 1, 1
1521265, 2, 1
1521378, 0, 1
1521387, 1, 1
1521390, 2, 0
1521503, 0, 1
1521512, 1, 1
1521515, 2, 1
1521628, 0, 0
1521637, 1, 1
1521640, 2, 0
1521753, 0, 0
1521762, 1, 0
1521765, 2, 1
1521878, 0, 1
1521887, 1, 0
1521890, 2, 1
1522003, 0, bit 0
1522003, 0, 0
1522012, 1, bit 1
1522012, 1, 0
1522015, 2, bit 0
1522015, 2, 1
1522128, 0, 1
1522137, 1, 1
1522140, 2, 0
1522253, 0, 0
1522262, 1, 1
1522265, 2, 1
1522378, 0, 0
1522387, 1, 1
1522390, 2, 0
1522503, 0, 1
1522512, 1, 1
1522515, 2, 1
1522628, 0, 1
1522637, 1, 0
1522640, 2, 0
1522753, 0, 0
1522762, 1, 0
1522765, 2, 0
1522878, 0, bit 0
1522878, 0, 0
1522887, 1, bit 1
1522887, 1, 0
1522890, 2, bit 1
1522890, 2, 0
1523003, 0, 1
1523012, 1, 1
1523015, 2, 1
1523128, 0, 0
1523137, 1, 1
1523140, 2, 0
1523253, 0, 0
1523262, 1, 1
1523265, 2, 1
1523378, 0, 1
1523387, 1, 1
1523390, 2, 0
1523503, 0, 1
1523512, 1, 0
1523515, 2, 1
1523628, 0, 0
1523637, 1, 0
1523640, 2, 1
1523753, 0, bit 0
1523753, 0, 0
1523762, 1, bit 0
1523762, 1, 1
1523765, 2, bit 1
1523765, 2, 0
1523878, 0, 1
1523887, 1, 0
1523890, 2, 1
1524003, 0, 0
1524012, 1, 0
1524015, 2, 0
1524128, 0, 0
1524137, 1, 0
1524140, 2, 1
1524253, 0, 1
1524262, 1, 0
1524265, 2, 0
1524378, 0, 1
1524387, 1, 1
1524390, 2, 1
1524503, 0, 0
1524512, 1, 1
1524515, 2, 1
1524628, 0, bit 1
1524628, 0, 1
1524637, 1, bit 1
1524637, 1, 0
1524640, 2, bit 1
1524640, 2, 0
1524753, 0, 0
1524762, 1, 1
1524765, 2, 1
1524878, 0, 1
1524887, 1, 1
1524890, 2, 0
1525003, 0, 1
1525012, 1, 1
1525015, 2, 1
1525128, 0, 0
1525137, 1, 1
1525140, 2, 0
1525253, 0, 0
1525262, 1, 0
1525265, 2, 1
1525378, 0, 1
1525387, 1, 0
1525390, 2, 1
1525504, 0, bit 1
1525504, 0, 1
1525512, 1, bit 1
1525512, 1, 0
1525515, 2, bit 1
1525515, 2, 0
1525629, 0, 0
1525637, 1, 1
1525640, 2, 1
1525754, 0, 1
1525762, 1, 1
1525765, 2, 0
1525879, 0, 1
1525888, 1, 1
1525890, 2, 1
1526004, 0, 0
1526013, 1, 1
1526016, 2, 0
1526129, 0, 0
1526138, 1, 0
1526141, 2, 1
1526254, 0, 1
1526263, 1, 0
1526266, 2, 1
1526379, 0, bit 1
1526379, 0, 1
1526388, 1, bit 0
1526388, 1, 1
1526391, 2, bit 1
1526394, 2, 0
1526504, 0, 0
1526513, 1, 0
1526516, 2, 1
1526629, 0, 1
1526638, 1, 0
1526641, 2, 0
1526754, 0, 1
1526763, 1, 0
1526766, 2, 1
1526879, 0, 0
1526888, 1, 0
1526891, 2, 0
1527004, 0, 0
1527013, 1, 1
1527016, 2, 1
1527129, 0, 1
1527138, 1, 1
1527141, 2, 1
1527254, 0, bit 0
1527254, 0, 0
1527263, 1, bit 1
1527263, 1, 0
1527266, 2, bit 0
1527266, 2, 1
1527379, 0, 1
1527388, 1, 1
1527391, 2, 0
1527504, 0, 0
1527513, 1, 1
1527516, 2, 1
1527629, 0, 0
1527638, 1, 1
1527641, 2, 0
1527754, 0, 1
1527763, 1, 1
1527766, 2, 1
1527879, 0, 1
1527888, 1, 0
1527891, 2, 0
1528004, 0, 0
1528013, 1, 0
1528016, 2, 0
1528129, 0, bit 1
1528129, 0, 1
1528138, 1, bit 0
1528138, 1, 1
1528141, 2, bit 0
1528141, 2, 1
1528254, 0, 0
1528263, 1, 0
1528266, 2, 0
1528379, 0, 1
1528388, 1, 0
1528391, 2, 1
1528504, 0, 1
1528513, 1, 0
1528516, 2, 0
1528629, 0, 0
1528638, 1, 0
1528641, 2, 1
1528754, 0, 0
1528763, 1, 1
1528766, 2, 0
1528879, 0, 1
1528888, 1, 1
1528891, 2, 0
1529004, 0, bit 0
1529004, 0, 0
1529013, 1, bit 0
1529013, 1, 1
1529016, 2, bit 0
1529016, 2, 1
1529129, 0, 1
1529138, 1, 0
1529141, 2, 0
1529254, 0, 0
1529263, 1, 0
1529266, 2, 1
1529379, 0, 0
1529388, 1, 0
1529391, 2, 0
1529504, 0, 1
1529513, 1, 0
1529516, 2, 1
1529629, 0, 1
1529638, 1, 1
1529641, 2, 0
1529754, 0, 0
1529763, 1, 1
1529766, 2, 0
1529879, 0, bit 0
1529879, 0, 0
1529888, 1, bit 1
1529888, 1, 0
1529891, 2, bit 0
1529891, 2, 1
1530004, 0, 1
1530013, 1, 1
1530016, 2, 0
1530129, 0, 0
1530138, 1, 1
1530141, 2, 1
1530254, 0, 0
1530263, 1, 1
1530266, 2, 0
1530379, 0, 1
1530388, 1, 1
1530391, 2, 1
1530504, 0, 1
1530513, 1, 0
1530516, 2, 0
1530629, 0, 0
1530638, 1, 0
1530641, 2, 0
1530754, 0, bit 1
1530754, 0, 1
1530763, 1, bit 1
1530763, 1, 0
1530766, 2, bit 1
1530766, 2, 0
1530880, 0, 0
1530888, 1, 1
1530891, 2, 1
1531005, 0, 1
1531013, 1, 1
1531016, 2, 0
1531130, 0, 1
1531138, 1, 1
1531141, 2, 1
1531255, 0, 0
1531264, 1, 1
1531266, 2, 0
1531380, 0, 0
1531389, 1, 0
1531392, 2, 1
1531505, 0, 1
1531514, 1, 0
1531517, 2, 1
1531630, 0, bit 0
1531630, 0, 0
1531639, 1, bit 0
1531639, 1, 1
1531642, 2, bit 1
1531642, 2, 0
1531755, 0, 1
1531764, 1, 0
1531767, 2, 1
1531880, 0, 0
1531889, 1, 0
1531892, 2, 0
1532005, 0, 0
1532014, 1, 0
1532017, 2, 1
1532130, 0, 1
1532139, 1, 0
1532142, 2, 0
1532255, 0, 1
1532264, 1, 1
1532267, 2, 1
1532380, 0, 0
1532389, 1, 1
1532392, 2, 1
1532505, 0, bit 1
1532505, 0, 1
1532514, 1, bit 1
1532517, 1, 0
1532517, 2, bit 1
1532518, 2, 0
1532630, 0, 0
1532639, 1, 1
1532642, 2, 1
1532755, 0, 1
1532764, 1, 1
1532767, 2, 0
1532880, 0, 1
1532889, 1, 1
1532892, 2, 1
1533005, 0, 0
1533014, 1, 1
1533017, 2, 0
1533130, 0, 0
1533139, 1, 0
1533142, 2, 1
1533255, 0, 1
1533264, 1, 0
1533267, 2, 1
1533380, 0, bit 1
1533380, 0, 1
1533389, 1, bit 0
1533389, 1, 1
1533392, 2, bit 0
1533392, 2, 1
1533505, 0, 0
1533514, 1, 0
1533517, 2, 0
1533630, 0, 1
1533639, 1, 0
1533642, 2, 1
1533755, 0, 1
1533764, 1, 0
1533767, 2, 0
1533880, 0, 0
1533889, 1, 0
1533892, 2, 1
1534005, 0, 0
1534014, 1, 1
1534017, 2, 0
1534130, 0, 1
1534139, 1, 1
1534142, 2, 0
1534255, 0, bit 0
1534255, 0, 0
1534264, 1, bit 1
1534264, 1, 0
1534267, 2, bit 0
1534267, 2, 1
1534380, 0, 1
1534389, 1, 1
1534392, 2, 0
1534505, 0, 0
1534514, 1, 1
1534517, 2, 1
1534630, 0, 0
1534639, 1, 1
1534642, 2, 0
1534755, 0, 1
1534764, 1, 1
1534767, 2, 1
1534880, 0, 1
1534889, 1, 0
1534892, 2, 0
1535005, 0, 0
1535014, 1, 0
1535017, 2, 0
1535130, 0, bit 1
1535130, 0, 1
1535139, 1, bit 0
1535139, 1, 1
1535142, 2, bit 0
1535142, 2, 1
1535255, 0, 0
1535264, 1, 0
1535267, 2, 0
1535380, 0, 1
1535389, 1, 0
1535392, 2, 1
1535505, 0, 1
1535514, 1, 0
1535517, 2, 0
1535630, 0, 0
1535639, 1, 0
1535642, 2, 1
1535755, 0, 0
1535764, 1, 1
1535767, 2, 0
1535880, 0, 1
1535889, 1, 1
1535892, 2, 0
1536014, 1, bit 0
1536014, 1, 1
1536017, 2, bit 0
1536017, 2, 1
1536139, 1, 0
1536142, 2, 0
1536264, 1, 0
1536267, 2, 1
1536389, 1, 0
1536392, 2, 0
1536514, 1, 0
1536517, 2, 1
1536640, 1, 1
1536642, 2, 0
1536765, 1, 1
1536768, 2, 0
1536890, 1, bit 1
1536890, 1, 0
1536893, 2, bit 1
1536893, 2, 0
1537015, 1, 1
1537018, 2, 1
1537140, 1, 1
1537143, 2, 0
1537265, 1, 1
1537268, 2, 1
1537390, 1, 1
1537393, 2, 0
1537515, 1, 0
1537518, 2, 1
1537640, 1, 0
1537643, 2, 1
1537765, 1, bit 0
1537765, 1, 1
1537768, 2, bit 0
1537768, 2, 1
1537890, 1, 0
1537893, 2, 0
1538015, 1, 0
1538018, 2, 1
1538140, 1, 0
1538143, 2, 0
1538265, 1, 0
1538268, 2, 1
1538390, 1, 1
1538393, 2, 0
1538515, 1, 1
1538518, 2, 0
1538640, 1, bit 0
1538640, 1, 1
1538643, 2, bit 1
1538643, 2, 0
1538765, 1, 0
1538768, 2, 1
1538890, 1, 0
1538893, 2, 0
1539015, 1, 0
1539018, 2, 1
1539140, 1, 0
1539143, 2, 0
1539265, 1, 1
1539268, 2, 1
1539390, 1, 1
1539393, 2, 1
1539515, 1, bit 0
1539515, 1, 1
1539518, 2, bit 0
1539518, 2, 1
1539640, 1, 0
1539643, 2, 0
1539765, 1, 0
1539768, 2, 1
1539890, 1, 0
1539893, 2, 0
1540015, 1, 0
1540018, 2, 1
1540140, 1, 1
1540143, 2, 0
1540265, 1, 1
1540268, 2, 0
1540390, 1, bit 0
1540390, 1, 1
1540393, 2, bit 0
1540393, 2, 1
1540515, 1, 0
1540518, 2, 0
1540640, 1, 0
1540643, 2, 1
1540765, 1, 0
1540768, 2, 0
1540890, 1, 0
1540893, 2, 1
1541015, 1, 1
1541018, 2, 0
1541140, 1, 1
1541143, 2, 0
1541265, 1, bit 1
1541265, 1, 0
1541268, 2, bit 0
1541268, 2, 1
1541390, 1, 1
1541393, 2, 0
1541515, 1, 1
1541518, 2, 1
1541640, 1, 1
1541643, 2, 0
1541765, 1, 1
1541768, 2, 1
1541890, 1, 0
1541893, 2, 0
1542016, 1, 0
1542018, 2, 0
1542141, 1, bit 0
1542141, 1, 1
1542144, 2, bit 0
1542144, 2, 1
1542266, 1, 0
1542269, 2, 0
1542391, 1, 0
1542394, 2, 1
1542516, 1, 0
1542519, 2, 0
1542641, 1, 0
1542644, 2, 1
1542766, 1, 1
1542769, 2, 0
1542891, 1, 1
1542894, 2, 0
1543016, 1, bit 1
1543016, 1, 0
1543019, 2, bit 1
1543019, 2, 0
1543141, 1, 1
1543144, 2, 1
1543266, 1, 1
1543269, 2, 0
1543391, 1, 1
1543394, 2, 1
1543516, 1, 1
1543519, 2, 0
1543641, 1, 0
1543644, 2, 1
1543766, 1, 0
1543769, 2, 1
1543891, 1, bit 0
1543891, 1, 1
1543894, 2, bit 1
1543894, 2, 0
1544016, 1, 0
1544019, 2, 1
1544141, 1, 0
1544144, 2, 0
1544266, 1, 0
1544269, 2, 1
1544391, 1, 0
1544394, 2, 0
1544516, 1, 1
1544519, 2, 1
1544641, 1, 1
1544644, 2, 1
1544766, 1, bit 0
1544766, 1, 1
1544769, 2, bit 1
1544769, 2, 0
1544891, 1, 0
1544894, 2, 1
1545016, 1, 0
1545019, 2, 0
1545141, 1, 0
1545144, 2, 1
1545266, 1, 0
1545276, 2, 0
1545391, 1, 1
1545401, 2, 1
1545516, 1, 1
1545526, 2, 1
1545641, 1, bit 0
1545641, 1, 1
1545651, 2, bit 0
1545651, 2, 1
1545766, 1, 0
1545776, 2, 0
1545891, 1, 0
1545901, 2, 1
1546016, 1, 0
1546027, 2, 0
1546141, 1, 0
1546152, 2, 1
1546266, 1, 1
1546277, 2, 0
1546391, 1, 1
1546402, 2, 0
1546516, 1, bit 1
1546516, 1, 0
1546527, 2, bit 1
1546527, 2, 0
1546641, 1, 1
1546652, 2, 1
1546766, 1, 1
1546777, 2, 0
1546891, 1, 1
1546902, 2, 1
1547016, 1, 1
1547027, 2, 0
1547141, 1, 0
1547152, 2, 1
1547266, 1, 0
1547277, 2, 1
1547392, 1, bit 1
1547392, 1, 0
1547402, 2, bit 1
1547402, 2, 0
1547517, 1, 1
1547527, 2, 1
1547642, 1, 1
1547652, 2, 0
1547767, 1, 1
1547777, 2, 1
1547892, 1, 1
1547902, 2, 0
1548017, 1, 0
1548027, 2, 1
1548142, 1, 0
1548152, 2, 1
1548267, 1, bit 1
1548267, 1, 0
1548277, 2, bit 1
1548277, 2, 0
1548392, 1, 1
1548402, 2, 1
1548517, 1, 1
1548527, 2, 0
1548642, 1, 1
1548652, 2, 1
1548767, 1, 1
1548777, 2, 0
1548892, 1, 0
1548902, 2, 1
1549017, 1, 0
1549027, 2, 1
1549142, 1, bit 1
1549142, 1, 0
1549152, 2, bit 1
1549152, 2, 0
1549267, 1, 1
1549277, 2, 1
1549392, 1, 1
1549402, 2, 0
1549517, 1, 1
1549527, 2, 1
1549642, 1, 1
1549652, 2, 0
1549767, 1, 0
1549777, 2, 1
1549892, 1, 0
1549902, 2, 1
1550017, 1, bit 1
1550017, 1, 0
1550027, 2, bit 0
1550027, 2, 1
1550142, 1, 1
1550152, 2, 0
1550267, 1, 1
1550277, 2, 1
1550392, 1, 1
1550402, 2, 0
1550517, 1, 1
1550527, 2, 1
1550642, 1, 0
1550652, 2, 0
1550767, 1, 0
1550777, 2, 0
1550892, 1, bit 0
1550892, 1, 1
1550902, 2, bit 0
1550902, 2, 1
1551017, 1, 0
1551027, 2, 0
1551142, 1, 0
1551152, 2, 1
1551267, 1, 0
1551277, 2, 0
1551392, 1, 0
1551403, 2, 1
1551517, 1, 1
1551528, 2, 0
1551642, 1, 1
1551653, 2, 0
1551767, 1, bit 0
1551767, 1, 1
1551778, 2, bit 1
1551778, 2, 0
1551892, 1, 0
1551903, 2, 1
1552017, 1, 0
1552028, 2, 0
1552142, 1, 0
1552153, 2, 1
1552267, 1, 0
1552278, 2, 0
1552392, 1, 1
1552403, 2, 1
1552517, 1, 1
1552528, 2, 1
1552642, 1, bit 1
1552642, 1, 0
1552653, 2, bit 1
1552653, 2, 0
1552768, 1, 1
1552778, 2, 1
1552893, 1, 1
1552903, 2, 0
1553018, 1, 1
1553028, 2, 1
1553143, 1, 1
1553153, 2, 0
1553268, 1, 0
1553278, 2, 1
1553393, 1, 0
1553403, 2, 1
1553518, 1, bit 0
1553518, 1, 1
1553528, 2, bit 1
1553528, 2, 0
1553643, 1, 0
1553653, 2, 1
1553768, 1, 0
1553778, 2, 0
1553893, 1, 0
1553903, 2, 1
1554018, 1, 0
1554028, 2, 0
1554143, 1, 1
1554153, 2, 1
1554268, 1, 1
1554278, 2, 1
1554393, 1, bit 1
1554393, 1, 0
1554403, 2, bit 0
1554403, 2, 1
1554518, 1, 1
1554528, 2, 0
1554643, 1, 1
1554653, 2, 1
1554768, 1, 1
1554778, 2, 0
1554893, 1, 1
1554903, 2, 1
1555018, 1, 0
1555028, 2, 0
1555143, 1, 0
1555153, 2, 0
1555268, 1, bit 0
1555268, 1, 1
1555278, 2, bit 1
1555278, 2, 0
1555393, 1, 0
1555403, 2, 1
1555518, 1, 0
1555528, 2, 0
1555643, 1, 0
1555653, 2, 1
1555768, 1, 0
1555778, 2, 0
1555893, 1, 1
1555903, 2, 1
1556018, 1, 1
1556028, 2, 1
1556143, 1, bit 0
1556146, 1, 1
1556153, 2, bit 1
1556153, 2, 0
1556268, 1, 0
1556278, 2, 1
1556393, 1, 0
1556403, 2, 0
1556518, 1, 0
1556528, 2, 1
1556643, 1, 0
1556653, 2, 0
1556768, 1, 1
1556779, 2, 1
1556893, 1, 1
1556904, 2, 1
1557018, 1, bit 0
1557018, 1, 1
1557029, 2, bit 1
1557029, 2, 0
1557143, 1, 0
1557154, 2, 1
1557268, 1, 0
1557279, 2, 0
1557393, 1, 0
1557404, 2, 1
1557518, 1, 0
1557529, 2, 0
1557643, 1, 1
1557654, 2, 1
1557768, 1, 1
1557779, 2, 1
1557893, 1, bit 1
1557893, 1, 0
1557904, 2, bit 1
1557904, 2, 0
1558018, 1, 1
1558029, 2, 1
1558144, 1, 1
1558154, 2, 0
1558269, 1, 1
1558279, 2, 1
1558394, 1, 1
1558404, 2, 0
1558519, 1, 0
1558529, 2, 1
1558644, 1, 0
1558654, 2, 1
1558769, 1, bit 1
1558769, 1, 0
1558779, 2, bit 1
1558779, 2, 0
1558894, 1, 1
1558904, 2, 1
1559019, 1, 1
1559029, 2, 0
1559144, 1, 1
1559154, 2, 1
1559269, 1, 1
1559279, 2, 0
1559394, 1, 0
1559404, 2, 1
1559519, 1, 0
1559529, 2, 1
1559644, 1, bit 0
1559644, 1, 1
1559654, 2, bit 0
1559657, 2, 1
1559769, 1, 0
1559779, 2, 0
1559894, 1, 0
1559904, 2, 1
1560019, 1, 0
1560029, 2, 0
1560144, 1, 0
1560154, 2, 1
1560269, 1, 1
1560279, 2, 0
1560394, 1, 1
1560404, 2, 0
1560519, 1, bit 0
1560519, 1, 1
1560529, 2, bit 1
1560529, 2, 0
1560644, 1, 0
1560654, 2, 1
1560769, 1, 0
1560779, 2, 0
1560894, 1, 0
1560904, 2, 1
1561019, 1, 0
1561029, 2, 0
1561144, 1, 1
1561154, 2, 1
1561269, 1, 1
1561279, 2, 1
1561394, 1, bit 1
1561394, 1, 0
1561404, 2, bit 1
1561404, 2, 0
1561519, 1, 1
1561529, 2, 1
1561644, 1, 1
1561654, 2, 0
1561769, 1, 1
1561779, 2, 1
1561894, 1, 1
1561904, 2, 0
1562019, 1, 0
1562029, 2, 1
1562144, 1, 0
1562155, 2, 1
1562269, 1, bit 1
1562269, 1, 0
1562280, 2, bit 0
1562280, 2, 1
1562394, 1, 1
1562405, 2, 0
1562519, 1, 1
1562530, 2, 1
1562644, 1, 1
1562655, 2, 0
1562769, 1, 1
1562780, 2, 1
1562894, 1, 0
1562905, 2, 0
1563019, 1, 0
1563030, 2, 0
1563144, 1, bit 0
1563144, 1, 1
1563155, 2, bit 0
1563155, 2, 1
1563269, 1, 0
1563280, 2, 0
1563394, 1, 0
1563405, 2, 1
1563520, 1, 0
1563530, 2, 0
1563645, 1, 0
1563655, 2, 1
1563770, 1, 1
1563780, 2, 0
1563895, 1, 1
1563905, 2, 0
1564020, 1, bit 0
1564020, 1, 1
1564030, 2, bit 1
1564030, 2, 0
1564145, 1, 0
1564155, 2, 1
1564270, 1, 0
1564280, 2, 0
1564395, 1, 0
1564405, 2, 1
1564520, 1, 0
1564530, 2, 0
1564645, 1, 1
1564655, 2, 1
1564770, 1, 1
1564780, 2, 1
1564895, 1, bit 1
1564895, 1, 0
1564905, 2, bit 0
1564905, 2, 1
1565020, 1, 1
1565030, 2, 0
1565145, 1, 1
1565155, 2, 1
1565270, 1, 1
1565280, 2, 0
1565395, 1, 1
1565405, 2, 1
1565520, 1, 0
1565530, 2, 0
1565645, 1, 0
1565655, 2, 0
1565780, 2, bit 0
1565780, 2, 1
1565905, 2, 0
1566030, 2, 1
1566155, 2, 0
1566280, 2, 1
1566405, 2, 0
1566530, 2, 0
1566655, 2, bit 1
1566655, 2, 0
1566780, 2, 1
1566905, 2, 0
1567030, 2, 1
1567155, 2, 0
1567280, 2, 1
1567405, 2, 1
1567531, 2, bit 0
1567531, 2, 1
1567656, 2, 0
1567781, 2, 1
1567906, 2, 0
1568031, 2, 1
1568156, 2, 0
1568281, 2, 0
1568406, 2, bit 1
1568406, 2, 0
1568531, 2, 1
1568656, 2, 0
1568781, 2, 1
1568906, 2, 0
1569031, 2, 1
1569156, 2, 1
1569281, 2, bit 0
1569281, 2, 1
1569406, 2, 0
1569531, 2, 1
1569656, 2, 0
1569781, 2, 1
1569906, 2, 0
1570031, 2, 0
1570156, 2, bit 0
1570156, 2, 1
1570281, 2, 0
1570406, 2, 1
1570531, 2, 0
1570656, 2, 1
1570781, 2, 0
1570906, 2, 0
1571031, 2, bit 0
1571031, 2, 1
1571156, 2, 0
1571281, 2, 1
1571406, 2, 0
1571531, 2, 1
1571656, 2, 0
1571781, 2, 0
1571906, 2, bit 0
1571909, 2, 1
1572031, 2, 0
1572156, 2, 1
1572281, 2, 0
1572406, 2, 1
1572531, 2, 0
1572656, 2, 0
1572781, 2, bit 0
1572781, 2, 1
1572907, 2, 0
1573032, 2, 1
1573157, 2, 0
1573282, 2, 1
1573407, 2, 0
1573532, 2, 0
1573657, 2, bit 1
1573657, 2, 0
1573782, 2, 1
1573907, 2, 0
1574032, 2, 1
1574157, 2, 0
1574282, 2, 1
1574407, 2, 1
1574532, 2, bit 1
1574532, 2, 0
1574657, 2, 1
1574782, 2, 0
1574907, 2, 1
1575032, 2, 0
1575157, 2, 1
1575282, 2, 1
1575407, 2, bit 0
1575410, 2, 1
1575532, 2, 0
1575657, 2, 1
1575782, 2, 0
1575907, 2, 1
1576032, 2, 0
1576157, 2, 0
1576282, 2, bit 0
1576282, 2, 1
1576407, 2, 0
1576532, 2, 1
1576657, 2, 0
1576782, 2, 1
1576907, 2, 0
1577032, 2, 0
1577157, 2, bit 0
1577157, 2, 1
1577282, 2, 0
1577407, 2, 1
1577532, 2, 0
1577657, 2, 1
1577782, 2, 0
1577907, 2, 0
1578032, 2, bit 1
1578032, 2, 0
1578157, 2, 1
1578283, 2, 0
1578408, 2, 1
1578533, 2, 0
1578658, 2, 1
1578783, 2, 1
1578908, 2, bit 1
1578908, 2, 0
1579033, 2, 1
1579158, 2, 0
1579283, 2, 1
1579408, 2, 0
1579533, 2, 1
1579658, 2, 1
1579783, 2, bit 0
1579783, 2, 1
1579908, 2, 0
1580033, 2, 1
1580158, 2, 0
1580283, 2, 1
1580408, 2, 0
1580533, 2, 0
1580658, 2, bit 0
1580658, 2, 1
1580783, 2, 0
1580908, 2, 1
1581033, 2, 0
1581158, 2, 1
1581283, 2, 0
1581408, 2, 0
1581533, 2, bit 0
1581533, 2, 1
1581658, 2, 0
1581783, 2, 1
1581908, 2, 0
1582033, 2, 1
1582158, 2, 0
1582283, 2, 0
1582408, 2, bit 1
1582408, 2, 0
1582533, 2, 1
1582658, 2, 0
1582783, 2, 1
1582908, 2, 0
1583033, 2, 1
1583158, 2, 1
1583283, 2, bit 0
1583283, 2, 1
1583408, 2, 0
1583533, 2, 1
1583659, 2, 0
1583784, 2, 1
1583909, 2, 0
1584034, 2, 0
1584159, 2, bit 0
1584159, 2, 1
1584284, 2, 0
1584409, 2, 1
1584534, 2, 0
1584659, 2, 1
1584784, 2, 0
1584909, 2, 0
1585034, 2, bit 1
1585034, 2, 0
1585159, 2, 1
1585284, 2, 0
1585409, 2, 1
1585534, 2, 0
1585659, 2, 1
1585784, 2, 1
1585909, 2, bit 0
1585909, 2, 1
1586034, 2, 0
1586159, 2, 1
1586284, 2, 0
1586409, 2, 1
1586534, 2, 0
1586659, 2, 0
1586784, 2, bit 1
1586784, 2, 0
1586909, 2, 1
1587034, 2, 0
1587159, 2, 1
1587284, 2, 0
1587409, 2, 1
1587534, 2, 1
1587659, 2, bit 1
1587659, 2, 0
1587784, 2, 1
1587909, 2, 0
1588034, 2, 1
1588159, 2, 0
1588284, 2, 1
1588409, 2, 1
1588534, 2, bit 0
1588534, 2, 1
1588659, 2, 0
1588784, 2, 1
1588909, 2, 0
1589035, 2, 1
1589160, 2, 0
1589285, 2, 0
1589410, 2, bit 0
1589410, 2, 1
1589535, 2, 0
1589660, 2, 1
1589785, 2, 0
1589910, 2, 1
1590035, 2, 0
1590160, 2, 0
1590285, 2, bit 1
1590285, 2, 0
1590410, 2, 1
1590535, 2, 0
1590660, 2, 1
1590785, 2, 0
1590910, 2, 1
1591035, 2, 1
1591160, 2, bit 1
1591160, 2, 0
1591285, 2, 1
1591410, 2, 0
1591535, 2, 1
1591660, 2, 0
1591785, 2, 1
1591910, 2, 1
1592035, 2, bit 1
1592035, 2, 0
1592160, 2, 1
1592285, 2, 0
1592410, 2, 1
1592535, 2, 0
1592660, 2, 1
1592785, 2, 1
1592910, 2, bit 0
1592910, 2, 1
1593035, 2, 0
1593160, 2, 1
1593285, 2, 0
1593410, 2, 1
1593535, 2, 0
1593660, 2, 0
1593785, 2, bit 1
1593785, 2, 0
1593910, 2, 1
1594035, 2, 0
1594160, 2, 1
1594285, 2, 0
1594411, 2, 1
1594536, 2, 1
1594661, 2, bit 1
1594661, 2, 0
1594786, 2, 1
1594911, 2, 0
1595036, 2, 1
1595161, 2, 0
1595286, 2, 1
1595411, 2, 1
