125 100 3 7 16
(2, 20, 3, 10.00), (code 0)
(3, 258, 3, 10.00), (code 2)
(4, 496, 5, 10.00), (code 1)
START
1083981, 0, prem 0
1083981, 0, 0
1084106, 0, 0
1084231, 0, 0
1084356, 0, 0
1084481, 0, 0
1084606, 0, 0
1084731, 0, 0
1084856, 0, 0
1084981, 0, 0
1085106, 0, 0
1085231, 0, 0
1085356, 0, 0
1085481, 0, 0
1085606, 0, 0
1085731, 0, 0
1085856, 0, 0
1085981, 0, prem 1
1085981, 0, 1
1086106, 0, 1
1086231, 0, 1
1086356, 0, 1
1086481, 0, 1
1086606, 0, 1
1086731, 0, 1
1086856, 0, 1
1086981, 0, 1
1087106, 0, 1
1087232, 0, 1
1087357, 0, 1
1087482, 0, 1
1087607, 0, 1
1087732, 0, 1
1087857, 0, 1
1087982, 0, prem 1
1087982, 0, 1
1088107, 0, 1
1088232, 0, 1
1088357, 0, 1
1088482, 0, 1
1088607, 0, 1
1088732, 0, 1
1088857, 0, 1
1088982, 0, 1
1089107, 0, 1
1089232, 0, 1
1089357, 0, 1
1089482, 0, 1
1089607, 0, 1
1089732, 0, 1
1089857, 0, 1
1089982, 0, prem 1
1089982, 0, 1
1090107, 0, 1
1090232, 0, 1
1090357, 0, 1
1090482, 0, 1
1090607, 0, 1
1090732, 0, 1
1090857, 0, 1
1090982, 0, 1
1091107, 0, 1
1091232, 0, 1
1091357, 0, 1
1091482, 0, 1
1091607, 0, 1
1091732, 0, 1
1091857, 0, 1
1091982, 0, prem 1
1091982, 0, 1
1092107, 0, 1
1092232, 0, 1
1092357, 0, 1
1092482, 0, 1
1092608, 0, 1
1092733, 0, 1
1092858, 0, 1
1092983, 0, 1
1093108, 0, 1
1093233, 0, 1
1093358, 0, 1
1093483, 0, 1
1093608, 0, 1
1093733, 0, 1
1093858, 0, 1
1093983, 0, prem 0
1093983, 0, 0
1094108, 0, 0
1094233, 0, 0
1094358, 0, 0
1094483, 0, 0
1094608, 0, 0
1094733, 0, 0
1094858, 0, 0
1094983, 0, 0
1095108, 0, 0
1095233, 0, 0
1095358, 0, 0
1095483, 0, 0
1095608, 0, 0
1095733, 0, 0
1095858, 0, 0
1095983, 0, prem 0
1095983, 0, 0
1096108, 0, 0
1096233, 0, 0
1096358, 0, 0
1096483, 0, 0
1096608, 0, 0
1096733, 0, 0
1096858, 0, 0
1096983, 0, 0
1097108, 0, 0
1097233, 0, 0
1097358, 0, 0
1097483, 0, 0
1097608, 0, 0
1097733, 0, 0
1097858, 0, 0
1097984, 0, bit 1
1097984, 0, 0
1098109, 0, 1
1098234, 0, 1
1098359, 0, 1
1098484, 0, 1
1098609, 0, 0
1098734, 0, 0
1098859, 0, bit 1
1098859, 0, 0
1098984, 0, 1
1099109, 0, 1
1099234, 0, 1
1099359, 0, 1
1099484, 0, 0
1099609, 0, 0
1099734, 0, bit 1
1099734, 0, 0
1099859, 0, 1
1099984, 0, 1
1100109, 0, 1
1100234, 0, 1
1100359, 0, 0
1100484, 0, 0
1100609, 0, bit 1
1100609, 0, 0
1100734, 0, 1
1100859, 0, 1
1100984, 0, 1
1101109, 0, 1
1101234, 0, 0
1101359, 0, 0
1101484, 0, bit 0
1101484, 0, 1
1101609, 0, 0
1101734, 0, 0
1101859, 0, 0
1101984, 0, 0
1102109, 0, 1
1102234, 0, 1
1102359, 0, bit 1
1102362, 0, 0
1102484, 0, 1
1102609, 0, 1
1102734, 0, 1
1102859, 0, 1
1102984, 0, 0
1103109, 0, 0
1103234, 0, bit 0
1103234, 0, 1
1103360, 0, 0
1103485, 0, 0
1103610, 0, 0
1103735, 0, 0
1103860, 0, 1
1103985, 0, 1
1104110, 0, bit 0
1104110, 0, 1
1104235, 0, 0
1104360, 0, 0
1104485, 0, 0
1104610, 0, 0
1104735, 0, 1
1104860, 0, 1
1104985, 0, bit 1
1104985, 0, 0
1105110, 0, 1
1105235, 0, 1
1105360, 0, 1
1105485, 0, 1
1105610, 0, 0
1105735, 0, 0
1105860, 0, bit 0
1105860, 0, 1
1105985, 0, 0
1106110, 0, 0
1106235, 0, 0
1106360, 0, 0
1106485, 0, 1
1106610, 0, 1
1106735, 0, bit 0
1106735, 0, 1
1106860, 0, 0
1106985, 0, 0
1107110, 0, 0
1107235, 0, 0
1107360, 0, 1
1107485, 0, 1
1107610, 0, bit 1
1107610, 0, 0
1107735, 0, 1
1107860, 0, 1
1107985, 0, 1
1108110, 0, 1
1108235, 0, 0
1108360, 0, 0
1108485, 0, bit 1
1108485, 0, 0
1108610, 0, 1
1108736, 0, 1
1108861, 0, 1
1108986, 0, 1
1109111, 0, 0
1109236, 0, 0
1109361, 0, bit 1
1109361, 0, 0
1109486, 0, 1
1109611, 0, 1
1109736, 0, 1
1109861, 0, 1
1109986, 0, 0
1110111, 0, 0
1110236, 0, bit 1
1110236, 0, 0
1110361, 0, 1
1110486, 0, 1
1110611, 0, 1
1110736, 0, 1
1110861, 0, 0
1110986, 0, 0
1111111, 0, bit 0
1111111, 0, 1
1111236, 0, 0
1111361, 0, 0
1111486, 0, 0
1111611, 0, 0
1111736, 0, 1
1111861, 0, 1
1111986, 0, bit 1
1111986, 0, 0
1112111, 0, 1
1112236, 0, 1
1112361, 0, 1
1112486, 0, 1
1112611, 0, 0
1112736, 0, 0
1112861, 0, bit 1
1112861, 0, 0
1112986, 0, 1
1113111, 0, 1
1113236, 0, 1
1113361, 0, 1
1113486, 0, 0
1113611, 0, 0
1113736, 0, bit 1
1113736, 0, 0
1113741, 1, prem 1
1113741, 1, 1
1113861, 0, 1
1113866, 1, 1
1113986, 0, 1
1113991, 1, 1
1114112, 0, 1
1114116, 1, 1
1114237, 0, 1
1114241, 1, 1
1114362, 0, 0
1114366, 1, 1
1114487, 0, 0
1114491, 1, 1
1114612, 0, bit 1
1114612, 0, 0
1114616, 1, 1
1114737, 0, 1
1114741, 1, 1
1114862, 0, 1
1114866, 1, 1
1114987, 0, 1
1114991, 1, 1
1115112, 0, 1
1115116, 1, 1
1115237, 0, 0
1115241, 1, 1
1115362, 0, 0
1115366, 1, 1
1115487, 0, bit 1
1115487, 0, 0
1115491, 1, 1
1115612, 0, 1
1115616, 1, 1
1115737, 0, 1
1115741, 1, prem 0
1115741, 1, 0
1115862, 0, 1
1115866, 1, 0
1115987, 0, 1
1115991, 1, 0
1116112, 0, 0
1116116, 1, 0
1116237, 0, 0
1116241, 1, 0
1116362, 0, bit 1
1116362, 0, 0
1116366, 1, 0
1116487, 0, 1
1116491, 1, 0
1116612, 0, 1
1116616, 1, 0
1116737, 0, 1
1116741, 1, 0
1116862, 0, 1
1116866, 1, 0
1116987, 0, 0
1116991, 1, 0
1117112, 0, 0
1117116, 1, 0
1117237, 0, bit 1
1117240, 0, 0
1117241, 1, 0
1117362, 0, 1
1117366, 1, 0
1117487, 0, 1
1117491, 1, 0
1117612, 0, 1
1117616, 1, 0
1117737, 0, 1
1117741, 1, prem 1
1117741, 1, 1
1117862, 0, 0
1117867, 1, 1
1117987, 0, 0
1117992, 1, 1
1118112, 0, bit 1
1118112, 0, 0
1118117, 1, 1
1118237, 0, 1
1118242, 1, 1
1118362, 0, 1
1118367, 1, 1
1118487, 0, 1
1118492, 1, 1
1118612, 0, 1
1118617, 1, 1
1118737, 0, 0
1118742, 1, 1
1118862, 0, 0
1118867, 1, 1
1118987, 0, bit 0
1118987, 0, 1
1118992, 1, 1
1119112, 0, 0
1119117, 1, 1
1119237, 0, 0
1119242, 1, 1
1119362, 0, 0
1119367, 1, 1
1119488, 0, 0
1119492, 1, 1
1119613, 0, 1
1119617, 1, 1
1119738, 0, 1
1119742, 1, prem 1
1119742, 1, 1
1119863, 0, bit 1
1119863, 0, 0
1119867, 1, 1
1119988, 0, 1
1119992, 1, 1
1120113, 0, 1
1120117, 1, 1
1120238, 0, 1
1120242, 1, 1
1120363, 0, 1
1120367, 1, 1
1120488, 0, 0
1120492, 1, 1
1120613, 0, 0
1120617, 1, 1
1120738, 0, bit 1
1120738, 0, 0
1120742, 1, 1
1120863, 0, 1
1120867, 1, 1
1120988, 0, 1
1120992, 1, 1
1121113, 0, 1
1121117, 1, 1
1121238, 0, 1
1121242, 1, 1
1121363, 0, 0
1121367, 1, 1
1121488, 0, 0
1121492, 1, 1
1121613, 0, bit 0
1121613, 0, 1
1121617, 1, 1
1121738, 0, 0
1121742, 1, prem 0
1121742, 1, 0
1121863, 0, 0
1121867, 1, 0
1121988, 0, 0
1121992, 1, 0
1122113, 0, 0
1122117, 1, 0
1122238, 0, 1
1122242, 1, 0
1122363, 0, 1
1122367, 1, 0
1122488, 0, bit 0
1122488, 0, 1
1122492, 1, 0
1122613, 0, 0
1122617, 1, 0
1122738, 0, 0
1122742, 1, 0
1122863, 0, 0
1122867, 1, 0
1122988, 0, 0
1122992, 1, 0
1123113, 0, 1
1123117, 1, 0
1123238, 0, 1
1123243, 1, 0
1123363, 0, bit 1
1123363, 0, 0
1123368, 1, 0
1123488, 0, 1
1123493, 1, 0
1123613, 0, 1
1123618, 1, 0
1123738, 0, 1
1123743, 1, prem 0
1123743, 1, 0
1123863, 0, 1
1123868, 1, 0
1123988, 0, 0
1123993, 1, 0
1124113, 0, 0
1124118, 1, 0
1124238, 0, bit 1
1124238, 0, 0
1124243, 1, 0
1124363, 0, 1
1124368, 1, 0
1124488, 0, 1
1124493, 1, 0
1124613, 0, 1
1124618, 1, 0
1124738, 0, 1
1124743, 1, 0
1124864, 0, 0
1124868, 1, 0
1124989, 0, 0
1124993, 1, 0
1125114, 0, bit 1
1125114, 0, 0
1125118, 1, 0
1125239, 0, 1
1125243, 1, 0
1125364, 0, 1
1125368, 1, 0
1125489, 0, 1
1125493, 1, 0
1125614, 0, 1
1125618, 1, 0
1125739, 0, 0
1125743, 1, prem 1
1125743, 1, 1
1125864, 0, 0
1125868, 1, 1
1125989, 0, bit 0
1125989, 0, 1
1125993, 1, 1
1126114, 0, 0
1126118, 1, 1
1126239, 0, 0
1126243, 1, 1
1126364, 0, 0
1126368, 1, 1
1126489, 0, 0
1126493, 1, 1
1126614, 0, 1
1126618, 1, 1
1126739, 0, 1
1126743, 1, 1
1126864, 0, bit 0
1126864, 0, 1
1126868, 1, 1
1126989, 0, 0
1126993, 1, 1
1127114, 0, 0
1127118, 1, 1
1127239, 0, 0
1127243, 1, 1
1127364, 0, 0
1127368, 1, 1
1127489, 0, 1
1127493, 1, 1
1127614, 0, 1
1127618, 1, 1
1127739, 0, bit 0
1127739, 0, 1
1127743, 1, bit 1
1127743, 1, 1
1127864, 0, 0
1127868, 1, 0
1127989, 0, 0
1127993, 1, 1
1128114, 0, 0
1128118, 1, 1
1128239, 0, 0
1128243, 1, 0
1128364, 0, 1
1128368, 1, 0
1128489, 0, 1
1128493, 1, 1
1128614, 0, bit 0
1128614, 0, 1
1128619, 1, bit 1
1128619, 1, 1
1128739, 0, 0
1128744, 1, 0
1128864, 0, 0
1128869, 1, 1
1128989, 0, 0
1128994, 1, 1
1129114, 0, 0
1129119, 1, 0
1129239, 0, 1
1129244, 1, 0
1129364, 0, 1
1129369, 1, 1
1129489, 0, bit 1
1129489, 0, 0
1129494, 1, bit 1
1129494, 1, 1
1129614, 0, 1
1129619, 1, 0
1129739, 0, 1
1129744, 1, 1
1129864, 0, 1
1129869, 1, 1
1129989, 0, 1
1129994, 1, 0
1130114, 0, 0
1130119, 1, 0
1130240, 0, 0
1130244, 1, 1
1130365, 0, bit 1
1130365, 0, 0
1130369, 1, bit 0
1130369, 1, 0
1130490, 0, 1
1130494, 1, 1
1130615, 0, 1
1130619, 1, 0
1130740, 0, 1
1130744, 1, 0
1130865, 0, 1
1130869, 1, 1
1130990, 0, 0
1130994, 1, 1
1131115, 0, 0
1131119, 1, 0
1131240, 0, bit 0
1131240, 0, 1
1131244, 1, bit 0
1131244, 1, 0
1131365, 0, 0
1131369, 1, 1
1131490, 0, 0
1131494, 1, 0
1131615, 0, 0
1131619, 1, 0
1131740, 0, 0
1131744, 1, 1
1131865, 0, 1
1131869, 1, 1
1131990, 0, 1
1131994, 1, 0
1132115, 0, bit 1
1132119, 0, 0
1132119, 1, bit 1
1132120, 1, 1
1132240, 0, 1
1132244, 1, 0
1132365, 0, 1
1132369, 1, 1
1132490, 0, 1
1132494, 1, 1
1132615, 0, 1
1132619, 1, 0
1132740, 0, 0
1132744, 1, 0
1132865, 0, 0
1132869, 1, 1
1132990, 0, bit 1
1132990, 0, 0
1132994, 1, bit 1
1132994, 1, 1
1133115, 0, 1
1133119, 1, 0
1133240, 0, 1
1133244, 1, 1
1133365, 0, 1
1133369, 1, 1
1133490, 0, 1
1133494, 1, 0
1133615, 0, 0
1133619, 1, 0
1133740, 0, 0
1133744, 1, 1
1133865, 0, bit 0
1133865, 0, 1
1133869, 1, bit 0
1133870, 1, 0
1133990, 0, 0
1133995, 1, 1
1134115, 0, 0
1134120, 1, 0
1134240, 0, 0
1134245, 1, 0
1134365, 0, 0
1134370, 1, 1
1134490, 0, 1
1134495, 1, 1
1134615, 0, 1
1134620, 1, 0
1134740, 0, bit 0
1134740, 0, 1
1134745, 1, bit 1
1134745, 1, 1
1134865, 0, 0
1134870, 1, 0
1134990, 0, 0
1134995, 1, 1
1135115, 0, 0
1135120, 1, 1
1135240, 0, 0
1135245, 1, 0
1135365, 0, 1
1135370, 1, 0
1135490, 0, 1
1135495, 1, 1
1135616, 0, bit 0
1135616, 0, 1
1135620, 1, bit 0
1135623, 1, 0
1135741, 0, 0
1135745, 1, 1
1135866, 0, 0
1135870, 1, 0
1135991, 0, 0
1135995, 1, 0
1136116, 0, 0
1136120, 1, 1
1136241, 0, 1
1136245, 1, 1
1136366, 0, 1
1136370, 1, 0
1136491, 0, bit 0
1136491, 0, 1
1136495, 1, bit 0
1136495, 1, 0
1136616, 0, 0
1136620, 1, 1
1136741, 0, 0
1136745, 1, 0
1136866, 0, 0
1136870, 1, 0
1136991, 0, 0
1136995, 1, 1
1137116, 0, 1
1137120, 1, 1
1137241, 0, 1
1137245, 1, 0
1137366, 0, bit 0
1137366, 0, 1
1137370, 1, bit 0
1137370, 1, 0
1137491, 0, 0
1137495, 1, 1
1137616, 0, 0
1137620, 1, 0
1137741, 0, 0
1137745, 1, 0
1137866, 0, 0
1137870, 1, 1
1137991, 0, 1
1137995, 1, 1
1138116, 0, 1
1138120, 1, 0
1138241, 0, bit 0
1138241, 0, 1
1138245, 1, bit 0
1138245, 1, 0
1138366, 0, 0
1138370, 1, 1
1138491, 0, 0
1138495, 1, 0
1138616, 0, 0
1138620, 1, 0
1138741, 0, 0
1138745, 1, 1
1138866, 0, 1
1138870, 1, 1
1138991, 0, 1
1138995, 1, 0
1139116, 0, bit 1
1139116, 0, 0
1139120, 1, bit 1
1139120, 1, 1
1139241, 0, 1
1139245, 1, 0
1139366, 0, 1
1139371, 1, 1
1139491, 0, 1
1139496, 1, 1
1139616, 0, 1
1139621, 1, 0
1139741, 0, 0
1139746, 1, 0
1139866, 0, 0
1139871, 1, 1
1139991, 0, bit 0
1139991, 0, 1
1139996, 1, bit 0
1139996, 1, 0
1140116, 0, 0
1140121, 1, 1
1140241, 0, 0
1140246, 1, 0
1140366, 0, 0
1140371, 1, 0
1140491, 0, 0
1140496, 1, 1
1140616, 0, 1
1140621, 1, 1
1140741, 0, 1
1140746, 1, 0
1140866, 0, bit 1
1140866, 0, 0
1140871, 1, bit 1
1140871, 1, 1
1140992, 0, 1
1140996, 1, 0
1141117, 0, 1
1141121, 1, 1
1141242, 0, 1
1141246, 1, 1
1141367, 0, 1
1141371, 1, 0
1141492, 0, 0
1141496, 1, 0
1141617, 0, 0
1141621, 1, 1
1141742, 0, bit 1
1141742, 0, 0
1141746, 1, bit 0
1141746, 1, 0
1141867, 0, 1
1141871, 1, 1
1141992, 0, 1
1141996, 1, 0
1142117, 0, 1
1142121, 1, 0
1142242, 0, 1
1142246, 1, 1
1142367, 0, 0
1142371, 1, 1
1142492, 0, 0
1142496, 1, 0
1142617, 0, bit 0
1142617, 0, 1
1142621, 1, bit 1
1142621, 1, 1
1142742, 0, 0
1142746, 1, 0
1142867, 0, 0
1142871, 1, 1
1142992, 0, 0
1142996, 1, 1
1143117, 0, 0
1143121, 1, 0
1143242, 0, 1
1143246, 1, 0
1143367, 0, 1
1143371, 1, 1
1143492, 0, bit 1
1143492, 0, 0
1143496, 1, bit 1
1143496, 1, 1
1143617, 0, 1
1143621, 1, 0
1143742, 0, 1
1143746, 1, 1
1143749, 2, prem 0
1143749, 2, 0
1143867, 0, 1
1143871, 1, 1
1143874, 2, 0
1143992, 0, 1
1143996, 1, 0
1143999, 2, 0
1144117, 0, 0
1144121, 1, 0
1144124, 2, 0
1144242, 0, 0
1144246, 1, 1
1144249, 2, 0
1144367, 0, bit 1
1144367, 0, 0
1144371, 1, bit 0
1144371, 1, 0
1144374, 2, 0
1144492, 0, 1
1144496, 1, 1
1144499, 2, 0
1144617, 0, 1
1144621, 1, 0
1144624, 2, 0
1144742, 0, 1
1144747, 1, 0
1144749, 2, 0
1144867, 0, 1
1144872, 1, 1
1144875, 2, 0
1144992, 0, 0
1144997, 1, 1
1145000, 2, 0
1145117, 0, 0
1145122, 1, 0
1145125, 2, 0
1145242, 0, bit 1
1145242, 0, 0
1145247, 1, bit 1
1145247, 1, 1
1145250, 2, 0
1145367, 0, 1
1145372, 1, 0
1145375, 2, 0
1145492, 0, 1
1145497, 1, 1
1145500, 2, 0
1145617, 0, 1
1145622, 1, 1
1145625, 2, 0
1145742, 0, 1
1145747, 1, 0
1145750, 2, prem 1
1145750, 2, 1
1145867, 0, 0
1145872, 1, 0
1145875, 2, 1
1145992, 0, 0
1145997, 1, 1
1146000, 2, 1
1146117, 0, bit 0
1146117, 0, 1
1146122, 1, bit 0
1146122, 1, 0
1146125, 2, 1
1146242, 0, 0
1146247, 1, 1
1146250, 2, 1
1146368, 0, 0
1146372, 1, 0
1146375, 2, 1
1146493, 0, 0
1146497, 1, 0
1146500, 2, 1
1146618, 0, 0
1146622, 1, 1
1146625, 2, 1
1146743, 0, 1
1146747, 1, 1
1146750, 2, 1
1146868, 0, 1
1146872, 1, 0
1146875, 2, 1
1146993, 0, bit 1
1146993, 0, 0
1146997, 1, bit 0
1146997, 1, 0
1147000, 2, 1
1147118, 0, 1
1147122, 1, 1
1147125, 2, 1
1147243, 0, 1
1147247, 1, 0
1147250, 2, 1
1147368, 0, 1
1147372, 1, 0
1147375, 2, 1
1147493, 0, 1
1147497, 1, 1
1147500, 2, 1
1147618, 0, 0
1147622, 1, 1
1147625, 2, 1
1147743, 0, 0
1147747, 1, 0
1147750, 2, prem 0
1147750, 2, 0
1147868, 0, bit 0
1147868, 0, 1
1147872, 1, bit 1
1147872, 1, 1
1147875, 2, 0
1147993, 0, 0
1147997, 1, 0
1148000, 2, 0
1148118, 0, 0
1148122, 1, 1
1148125, 2, 0
1148243, 0, 0
1148247, 1, 1
1148250, 2, 0
1148368, 0, 0
1148372, 1, 0
1148375, 2, 0
1148493, 0, 1
1148497, 1, 0
1148500, 2, 0
1148618, 0, 1
1148622, 1, 1
1148625, 2, 0
1148743, 0, bit 1
1148743, 0, 0
1148747, 1, bit 0
1148747, 1, 0
1148750, 2, 0
1148868, 0, 1
1148872, 1, 1
1148875, 2, 0
1148993, 0, 1
1148997, 1, 0
1149000, 2, 0
1149118, 0, 1
1149122, 1, 0
1149125, 2, 0
1149243, 0, 1
1149247, 1, 1
1149250, 2, 0
1149368, 0, 0
1149372, 1, 1
1149375, 2, 0
1149493, 0, 0
1149497, 1, 0
1149500, 2, 0
1149618, 0, bit 0
1149618, 0, 1
1149622, 1, bit 1
1149622, 1, 1
1149625, 2, 0
1149743, 0, 0
1149747, 1, 0
1149750, 2, prem 1
1149750, 2, 1
1149868, 0, 0
1149872, 1, 1
1149875, 2, 1
1149993, 0, 0
1149997, 1, 1
1150000, 2, 1
1150118, 0, 0
1150123, 1, 0
1150125, 2, 1
1150243, 0, 1
1150248, 1, 0
1150251, 2, 1
1150368, 0, 1
1150373, 1, 1
1150376, 2, 1
1150493, 0, bit 0
1150493, 0, 1
1150498, 1, bit 0
1150498, 1, 0
1150501, 2, 1
1150618, 0, 0
1150623, 1, 1
1150626, 2, 1
1150743, 0, 0
1150748, 1, 0
1150751, 2, 1
1150868, 0, 0
1150873, 1, 0
1150876, 2, 1
1150993, 0, 0
1150998, 1, 1
1151001, 2, 1
1151118, 0, 1
1151123, 1, 1
1151126, 2, 1
1151243, 0, 1
1151248, 1, 0
1151251, 2, 1
1151368, 0, bit 1
1151368, 0, 0
1151373, 1, bit 1
1151373, 1, 1
1151376, 2, 1
1151493, 0, 1
1151498, 1, 0
1151501, 2, 1
1151618, 0, 1
1151623, 1, 1
1151626, 2, 1
1151744, 0, 1
1151748, 1, 1
1151751, 2, prem 0
1151754, 2, 0
1151869, 0, 1
1151873, 1, 0
1151876, 2, 0
1151994, 0, 0
1151998, 1, 0
1152001, 2, 0
1152119, 0, 0
1152123, 1, 1
1152126, 2, 0
1152244, 0, bit 1
1152244, 0, 0
1152248, 1, bit 0
1152248, 1, 0
1152251, 2, 0
1152369, 0, 1
1152373, 1, 1
1152376, 2, 0
1152494, 0, 1
1152498, 1, 0
1152501, 2, 0
1152619, 0, 1
1152623, 1, 0
1152626, 2, 0
1152744, 0, 1
1152748, 1, 1
1152751, 2, 0
1152869, 0, 0
1152873, 1, 1
1152876, 2, 0
1152994, 0, 0
1152998, 1, 0
1153001, 2, 0
1153119, 0, bit 0
1153119, 0, 1
1153123, 1, bit 1
1153123, 1, 1
1153126, 2, 0
1153244, 0, 0
1153248, 1, 0
1153251, 2, 0
1153369, 0, 0
1153373, 1, 1
1153376, 2, 0
1153494, 0, 0
1153498, 1, 1
1153501, 2, 0
1153619, 0, 0
1153623, 1, 0
1153626, 2, 0
1153744, 0, 1
1153748, 1, 0
1153751, 2, prem 1
1153751, 2, 1
1153869, 0, 1
1153873, 1, 1
1153876, 2, 1
1153994, 0, bit 1
1153994, 0, 0
1153998, 1, bit 1
1153998, 1, 1
1154001, 2, 1
1154119, 0, 1
1154123, 1, 0
1154126, 2, 1
1154244, 0, 1
1154248, 1, 1
1154251, 2, 1
1154369, 0, 1
1154373, 1, 1
1154376, 2, 1
1154494, 0, 1
1154498, 1, 0
1154501, 2, 1
1154619, 0, 0
1154623, 1, 0
1154626, 2, 1
1154744, 0, 0
1154748, 1, 1
1154751, 2, 1
1154869, 0, bit 1
1154869, 0, 0
1154873, 1, bit 1
1154873, 1, 1
1154876, 2, 1
1154994, 0, 1
1154998, 1, 0
1155001, 2, 1
1155119, 0, 1
1155123, 1, 1
1155126, 2, 1
1155244, 0, 1
1155248, 1, 1
1155251, 2, 1
1155369, 0, 1
1155373, 1, 0
1155376, 2, 1
1155494, 0, 0
1155499, 1, 0
1155501, 2, 1
1155619, 0, 0
1155624, 1, 1
1155627, 2, 1
1155744, 0, bit 0
1155744, 0, 1
1155749, 1, bit 1
1155749, 1, 1
1155752, 2, prem 1
1155752, 2, 1
1155869, 0, 0
1155874, 1, 0
1155877, 2, 1
1155994, 0, 0
1155999, 1, 1
1156002, 2, 1
1156119, 0, 0
1156124, 1, 1
1156127, 2, 1
1156244, 0, 0
1156249, 1, 0
1156252, 2, 1
1156369, 0, 1
1156374, 1, 0
1156377, 2, 1
1156494, 0, 1
1156499, 1, 1
1156502, 2, 1
1156619, 0, bit 0
1156619, 0, 1
1156624, 1, bit 1
1156624, 1, 1
1156627, 2, 1
1156744, 0, 0
1156749, 1, 0
1156752, 2, 1
1156869, 0, 0
1156874, 1, 1
1156877, 2, 1
1156994, 0, 0
1156999, 1, 1
1157002, 2, 1
1157120, 0, 0
1157124, 1, 0
1157127, 2, 1
1157245, 0, 1
1157249, 1, 0
1157252, 2, 1
1157370, 0, 1
1157374, 1, 1
1157377, 2, 1
1157495, 0, bit 1
1157495, 0, 0
1157499, 1, bit 0
1157499, 1, 0
1157502, 2, 1
1157620, 0, 1
1157624, 1, 1
1157627, 2, 1
1157745, 0, 1
1157749, 1, 0
1157752, 2, bit 1
1157752, 2, 0
1157870, 0, 1
1157874, 1, 0
1157877, 2, 1
1157995, 0, 1
1157999, 1, 1
1158002, 2, 0
1158120, 0, 0
1158124, 1, 1
1158127, 2, 1
1158245, 0, 0
1158249, 1, 0
1158252, 2, 0
1158370, 0, bit 1
1158370, 0, 0
1158374, 1, bit 0
1158374, 1, 0
1158377, 2, 1
1158495, 0, 1
1158499, 1, 1
1158502, 2, 1
1158620, 0, 1
1158624, 1, 0
1158627, 2, bit 1
1158627, 2, 0
1158745, 0, 1
1158749, 1, 0
1158752, 2, 1
1158870, 0, 1
1158874, 1, 1
1158877, 2, 0
1158995, 0, 0
1158999, 1, 1
1159002, 2, 1
1159120, 0, 0
1159124, 1, 0
1159127, 2, 0
1159245, 0, bit 0
1159248, 0, 1
1159249, 1, bit 0
1159249, 1, 0
1159252, 2, 1
1159370, 0, 0
1159374, 1, 1
1159377, 2, 1
1159495, 0, 0
1159499, 1, 0
1159502, 2, bit 1
1159502, 2, 0
1159620, 0, 0
1159624, 1, 0
1159627, 2, 1
1159745, 0, 0
1159749, 1, 1
1159752, 2, 0
1159870, 0, 1
1159874, 1, 1
1159877, 2, 1
1159995, 0, 1
1159999, 1, 0
1160002, 2, 0
1160120, 0, bit 0
1160120, 0, 1
1160124, 1, bit 1
1160124, 1, 1
1160127, 2, 1
1160245, 0, 0
1160249, 1, 0
1160252, 2, 1
1160370, 0, 0
1160374, 1, 1
1160377, 2, bit 0
1160377, 2, 1
1160495, 0, 0
1160499, 1, 1
1160502, 2, 0
1160620, 0, 0
1160624, 1, 0
1160627, 2, 1
1160745, 0, 1
1160749, 1, 0
1160752, 2, 0
1160870, 0, 1
1160875, 1, 1
1160877, 2, 1
1160995, 0, bit 0
1160995, 0, 1
1161000, 1, bit 1
1161000, 1, 1
1161003, 2, 0
1161120, 0, 0
1161125, 1, 0
1161128, 2, 0
1161245, 0, 0
1161250, 1, 1
1161253, 2, bit 0
1161253, 2, 1
1161370, 0, 0
1161375, 1, 1
1161378, 2, 0
1161495, 0, 0
1161500, 1, 0
1161503, 2, 1
1161620, 0, 1
1161625, 1, 0
1161628, 2, 0
1161745, 0, 1
1161750, 1, 1
1161753, 2, 1
1161870, 0, bit 1
1161870, 0, 0
1161875, 1, bit 0
1161875, 1, 0
1161878, 2, 0
1161995, 0, 1
1162000, 1, 1
1162003, 2, 0
1162120, 0, 1
1162125, 1, 0
1162128, 2, bit 0
1162128, 2, 1
1162245, 0, 1
1162250, 1, 0
1162253, 2, 0
1162370, 0, 1
1162375, 1, 1
1162378, 2, 1
1162496, 0, 0
1162500, 1, 1
1162503, 2, 0
1162621, 0, 0
1162625, 1, 0
1162628, 2, 1
1162746, 0, bit 0
1162746, 0, 1
1162750, 1, bit 1
1162750, 1, 1
1162754, 2, 0
1162871, 0, 0
1162875, 1, 0
1162880, 2, 0
1162996, 0, 0
1163000, 1, 1
1163005, 2, bit 0
1163005, 2, 1
1163121, 0, 0
1163125, 1, 1
1163130, 2, 0
1163246, 0, 0
1163250, 1, 0
1163255, 2, 1
1163371, 0, 1
1163375, 1, 0
1163380, 2, 0
1163496, 0, 1
1163500, 1, 1
1163505, 2, 1
1163621, 0, bit 0
1163621, 0, 1
1163625, 1, bit 1
1163625, 1, 1
1163630, 2, 0
1163746, 0, 0
1163750, 1, 0
1163755, 2, 0
1163871, 0, 0
1163875, 1, 1
1163880, 2, bit 1
1163880, 2, 0
1163996, 0, 0
1164000, 1, 1
1164005, 2, 1
1164121, 0, 0
1164125, 1, 0
1164130, 2, 0
1164246, 0, 1
1164250, 1, 0
1164255, 2, 1
1164371, 0, 1
1164375, 1, 1
1164380, 2, 0
1164496, 0, bit 0
1164496, 0, 1
1164500, 1, bit 0
1164500, 1, 0
1164505, 2, 1
1164621, 0, 0
1164625, 1, 1
1164630, 2, 1
1164746, 0, 0
1164750, 1, 0
1164755, 2, bit 0
1164755, 2, 1
1164871, 0, 0
1164875, 1, 0
1164880, 2, 0
1164996, 0, 0
1165000, 1, 1
1165005, 2, 1
1165121, 0, 1
1165125, 1, 1
1165130, 2, 0
1165246, 0, 1
1165250, 1, 0
1165255, 2, 1
1165371, 0, bit 0
1165371, 0, 1
1165375, 1, bit 1
1165375, 1, 1
1165380, 2, 0
1165496, 0, 0
1165500, 1, 0
1165505, 2, 0
1165621, 0, 0
1165625, 1, 1
1165630, 2, bit 1
1165630, 2, 0
1165746, 0, 0
1165750, 1, 1
1165755, 2, 1
1165871, 0, 0
1165875, 1, 0
1165880, 2, 0
1165996, 0, 1
1166000, 1, 0
1166005, 2, 1
1166121, 0, 1
1166125, 1, 1
1166130, 2, 0
1166246, 0, bit 1
1166246, 0, 0
1166251, 1, bit 1
1166251, 1, 1
1166255, 2, 1
1166371, 0, 1
1166376, 1, 0
1166380, 2, 1
1166496, 0, 1
1166501, 1, 1
1166505, 2, bit 0
1166505, 2, 1
1166621, 0, 1
1166626, 1, 1
1166630, 2, 0
1166746, 0, 1
1166751, 1, 0
1166755, 2, 1
1166871, 0, 0
1166876, 1, 0
1166880, 2, 0
1166996, 0, 0
1167001, 1, 1
1167005, 2, 1
1167121, 0, bit 0
1167121, 0, 1
1167126, 1, bit 1
1167126, 1, 1
1167130, 2, 0
1167246, 0, 0
1167251, 1, 0
1167255, 2, 0
1167371, 0, 0
1167376, 1, 1
1167380, 2, bit 1
1167380, 2, 0
1167496, 0, 0
1167501, 1, 1
1167505, 2, 1
1167621, 0, 0
1167626, 1, 0
1167630, 2, 0
1167746, 0, 1
1167751, 1, 0
1167755, 2, 1
1167872, 0, 1
1167876, 1, 1
1167880, 2, 0
1167997, 0, bit 0
1167997, 0, 1
1168001, 1, bit 1
1168001, 1, 1
1168005, 2, 1
1168122, 0, 0
1168126, 1, 0
1168130, 2, 1
1168247, 0, 0
1168251, 1, 1
1168256, 2, bit 0
1168256, 2, 1
1168372, 0, 0
1168376, 1, 1
1168381, 2, 0
1168497, 0, 0
1168501, 1, 0
1168506, 2, 1
1168622, 0, 1
1168626, 1, 0
1168631, 2, 0
1168747, 0, 1
1168751, 1, 1
1168756, 2, 1
1168872, 0, bit 0
1168875, 0, 1
1168876, 1, bit 0
1168876, 1, 0
1168881, 2, 0
1168997, 0, 0
1169001, 1, 1
1169006, 2, 0
1169122, 0, 0
1169126, 1, 0
1169131, 2, bit 0
1169131, 2, 1
1169247, 0, 0
1169251, 1, 0
1169256, 2, 0
1169372, 0, 0
1169376, 1, 1
1169381, 2, 1
1169497, 0, 1
1169501, 1, 1
1169506, 2, 0
1169622, 0, 1
1169626, 1, 0
1169631, 2, 1
1169747, 0, bit 0
1169747, 0, 1
1169751, 1, bit 0
1169751, 1, 0
1169756, 2, 0
1169872, 0, 0
1169876, 1, 1
1169881, 2, 0
1169997, 0, 0
1170001, 1, 0
1170006, 2, bit 1
1170006, 2, 0
1170122, 0, 0
1170126, 1, 0
1170131, 2, 1
1170247, 0, 0
1170251, 1, 1
1170256, 2, 0
1170372, 0, 1
1170376, 1, 1
1170381, 2, 1
1170497, 0, 1
1170501, 1, 0
1170506, 2, 0
1170622, 0, bit 1
1170622, 0, 0
1170626, 1, bit 0
1170626, 1, 0
1170631, 2, 1
1170747, 0, 1
1170751, 1, 1
1170756, 2, 1
1170872, 0, 1
1170876, 1, 0
1170881, 2, bit 0
1170881, 2, 1
1170997, 0, 1
1171001, 1, 0
1171006, 2, 0
1171122, 0, 1
1171126, 1, 1
1171131, 2, 1
1171247, 0, 0
1171251, 1, 1
1171256, 2, 0
1171372, 0, 0
1171376, 1, 0
1171381, 2, 1
1171497, 0, bit 0
1171497, 0, 1
1171501, 1, bit 0
1171501, 1, 0
1171506, 2, 0
1171622, 0, 0
1171627, 1, 1
1171631, 2, 0
1171747, 0, 0
1171752, 1, 0
1171756, 2, bit 0
1171756, 2, 1
1171872, 0, 0
1171877, 1, 0
1171881, 2, 0
1171997, 0, 0
1172002, 1, 1
1172006, 2, 1
1172122, 0, 1
1172127, 1, 1
1172131, 2, 0
1172247, 0, 1
1172252, 1, 0
1172256, 2, 1
1172372, 0, bit 0
1172372, 0, 1
1172377, 1, bit 1
1172377, 1, 1
1172381, 2, 0
1172497, 0, 0
1172502, 1, 0
1172506, 2, 0
1172622, 0, 0
1172627, 1, 1
1172631, 2, bit 1
1172631, 2, 0
1172747, 0, 0
1172752, 1, 1
1172756, 2, 1
1172872, 0, 0
1172877, 1, 0
1172881, 2, 0
1172997, 0, 1
1173002, 1, 0
1173006, 2, 1
1173122, 0, 1
1173127, 1, 1
1173131, 2, 0
1173248, 0, bit 1
1173248, 0, 0
1173252, 1, bit 1
1173252, 1, 1
1173256, 2, 1
1173373, 0, 1
1173377, 1, 0
1173381, 2, 1
1173498, 0, 1
1173502, 1, 1
1173506, 2, bit 0
1173506, 2, 1
1173623, 0, 1
1173627, 1, 1
1173632, 2, 0
1173748, 0, 1
1173752, 1, 0
1173757, 2, 1
1173873, 0, 0
1173877, 1, 0
1173882, 2, 0
1173998, 0, 0
1174002, 1, 1
1174007, 2, 1
1174123, 0, bit 1
1174123, 0, 0
1174127, 1, bit 1
1174127, 1, 1
1174132, 2, 0
1174248, 0, 1
1174252, 1, 0
1174257, 2, 0
1174373, 0, 1
1174377, 1, 1
1174382, 2, bit 0
1174382, 2, 1
1174498, 0, 1
1174502, 1, 1
1174507, 2, 0
1174623, 0, 1
1174627, 1, 0
1174632, 2, 1
1174748, 0, 0
1174752, 1, 0
1174757, 2, 0
1174873, 0, 0
1174877, 1, 1
1174882, 2, 1
1174998, 0, bit 1
1174998, 0, 0
1175002, 1, bit 1
1175002, 1, 1
1175007, 2, 0
1175123, 0, 1
1175127, 1, 0
1175132, 2, 0
1175248, 0, 1
1175252, 1, 1
1175257, 2, bit 1
1175257, 2, 0
1175373, 0, 1
1175377, 1, 1
1175382, 2, 1
1175498, 0, 1
1175502, 1, 0
1175507, 2, 0
1175623, 0, 0
1175627, 1, 0
1175632, 2, 1
1175748, 0, 0
1175752, 1, 1
1175757, 2, 0
1175873, 0, bit 1
1175873, 0, 0
1175877, 1, bit 0
1175877, 1, 0
1175882, 2, 1
1175998, 0, 1
1176002, 1, 1
1176007, 2, 1
1176123, 0, 1
1176127, 1, 0
1176132, 2, bit 0
1176132, 2, 1
1176248, 0, 1
1176252, 1, 0
1176257, 2, 0
1176373, 0, 1
1176377, 1, 1
1176382, 2, 1
1176498, 0, 0
1176502, 1, 1
1176507, 2, 0
1176623, 0, 0
1176627, 1, 0
1176632, 2, 1
1176748, 0, bit 1
1176748, 0, 0
1176752, 1, bit 0
1176752, 1, 0
1176757, 2, 0
1176873, 0, 1
1176877, 1, 1
1176882, 2, 0
1176998, 0, 1
1177003, 1, 0
1177007, 2, bit 1
1177007, 2, 0
1177123, 0, 1
1177128, 1, 0
1177132, 2, 1
1177248, 0, 1
1177253, 1, 1
1177257, 2, 0
1177373, 0, 0
1177378, 1, 1
1177382, 2, 1
1177498, 0, 0
1177503, 1, 0
1177507, 2, 0
1177623, 0, bit 0
1177623, 0, 1
1177628, 1, bit 0
1177628, 1, 0
1177632, 2, 1
1177748, 0, 0
1177753, 1, 1
1177757, 2, 1
1177873, 0, 0
1177878, 1, 0
1177882, 2, bit 1
1177882, 2, 0
1177998, 0, 0
1178003, 1, 0
1178007, 2, 1
1178123, 0, 0
1178128, 1, 1
1178132, 2, 0
1178248, 0, 1
1178253, 1, 1
1178257, 2, 1
1178373, 0, 1
1178378, 1, 0
1178382, 2, 0
1178498, 0, bit 1
1178501, 0, 0
1178503, 1, bit 1
1178503, 1, 1
1178507, 2, 1
1178624, 0, 1
1178628, 1, 0
1178632, 2, 1
1178749, 0, 1
1178753, 1, 1
1178757, 2, bit 0
1178757, 2, 1
1178874, 0, 1
1178878, 1, 1
1178882, 2, 0
1178999, 0, 1
1179003, 1, 0
1179008, 2, 1
1179124, 0, 0
1179128, 1, 0
1179133, 2, 0
1179249, 0, 0
1179253, 1, 1
1179258, 2, 1
1179374, 0, bit 0
1179374, 0, 1
1179378, 1, bit 0
1179378, 1, 0
1179383, 2, 0
1179499, 0, 0
1179503, 1, 1
1179508, 2, 0
1179624, 0, 0
1179628, 1, 0
1179633, 2, bit 0
1179636, 2, 1
1179749, 0, 0
1179753, 1, 0
1179758, 2, 0
1179874, 0, 0
1179878, 1, 1
1179883, 2, 1
1179999, 0, 1
1180003, 1, 1
1180008, 2, 0
1180124, 0, 1
1180128, 1, 0
1180133, 2, 1
1180249, 0, bit 0
1180249, 0, 1
1180253, 1, bit 0
1180253, 1, 0
1180258, 2, 0
1180374, 0, 0
1180378, 1, 1
1180383, 2, 0
1180499, 0, 0
1180503, 1, 0
1180508, 2, bit 0
1180508, 2, 1
1180624, 0, 0
1180628, 1, 0
1180633, 2, 0
1180749, 0, 0
1180753, 1, 1
1180758, 2, 1
1180874, 0, 1
1180878, 1, 1
1180883, 2, 0
1180999, 0, 1
1181003, 1, 0
1181008, 2, 1
1181124, 0, bit 0
1181124, 0, 1
1181128, 1, bit 1
1181128, 1, 1
1181133, 2, 0
1181249, 0, 0
1181253, 1, 0
1181258, 2, 0
1181374, 0, 0
1181378, 1, 1
1181383, 2, bit 1
1181383, 2, 0
1181499, 0, 0
1181503, 1, 1
1181508, 2, 1
1181624, 0, 0
1181628, 1, 0
1181633, 2, 0
1181749, 0, 1
1181753, 1, 0
1181758, 2, 1
1181874, 0, 1
1181878, 1, 1
1181883, 2, 0
1181999, 0, bit 1
1181999, 0, 0
1182003, 1, bit 1
1182003, 1, 1
1182008, 2, 1
1182124, 0, 1
1182128, 1, 0
1182133, 2, 1
1182249, 0, 1
1182253, 1, 1
1182258, 2, bit 0
1182258, 2, 1
1182374, 0, 1
1182379, 1, 1
1182383, 2, 0
1182499, 0, 1
1182504, 1, 0
1182508, 2, 1
1182624, 0, 0
1182629, 1, 0
1182633, 2, 0
1182749, 0, 0
1182754, 1, 1
1182758, 2, 1
1182874, 0, bit 1
1182874, 0, 0
1182879, 1, bit 0
1182879, 1, 0
1182883, 2, 0
1182999, 0, 1
1183004, 1, 1
1183008, 2, 0
1183124, 0, 1
1183129, 1, 0
1183133, 2, bit 1
1183133, 2, 0
1183249, 0, 1
1183254, 1, 0
1183258, 2, 1
1183374, 0, 1
1183379, 1, 1
1183383, 2, 0
1183499, 0, 0
1183504, 1, 1
1183508, 2, 1
1183624, 0, 0
1183629, 1, 0
1183633, 2, 0
1183749, 0, bit 0
1183749, 0, 1
1183754, 1, bit 0
1183754, 1, 0
1183758, 2, 1
1183874, 0, 0
1183879, 1, 1
1183883, 2, 1
1184000, 0, 0
1184004, 1, 0
1184008, 2, bit 1
1184008, 2, 0
1184125, 0, 0
1184129, 1, 0
1184133, 2, 1
1184250, 0, 0
1184254, 1, 1
1184258, 2, 0
1184375, 0, 1
1184379, 1, 1
1184384, 2, 1
1184500, 0, 1
1184504, 1, 0
1184509, 2, 0
1184625, 0, bit 1
1184625, 0, 0
1184629, 1, bit 1
1184629, 1, 1
1184634, 2, 1
1184750, 0, 1
1184754, 1, 0
1184759, 2, 1
1184875, 0, 1
1184879, 1, 1
1184884, 2, bit 1
1184884, 2, 0
1185000, 0, 1
1185004, 1, 1
1185009, 2, 1
1185125, 0, 1
1185129, 1, 0
1185134, 2, 0
1185250, 0, 0
1185254, 1, 0
1185259, 2, 1
1185375, 0, 0
1185379, 1, 1
1185384, 2, 0
1185504, 1, bit 1
1185504, 1, 1
1185509, 2, 1
1185629, 1, 0
1185634, 2, 1
1185754, 1, 1
1185759, 2, bit 1
1185759, 2, 0
1185879, 1, 1
1185884, 2, 1
1186004, 1, 0
1186009, 2, 0
1186129, 1, 0
1186134, 2, 1
1186254, 1, 1
1186259, 2, 0
1186379, 1, bit 1
1186379, 1, 1
1186384, 2, 1
1186504, 1, 0
1186509, 2, 1
1186629, 1, 1
1186634, 2, bit 0
1186634, 2, 1
1186754, 1, 1
1186759, 2, 0
1186879, 1, 0
1186884, 2, 1
1187004, 1, 0
1187009, 2, 0
1187129, 1, 1
1187134, 2, 1
1187254, 1, bit 1
1187254, 1, 1
1187259, 2, 0
1187379, 1, 0
1187384, 2, 0
1187504, 1, 1
1187509, 2, bit 0
1187509, 2, 1
1187629, 1, 1
1187634, 2, 0
1187755, 1, 0
1187759, 2, 1
1187880, 1, 0
1187884, 2, 0
1188005, 1, 1
1188009, 2, 1
1188130, 1, bit 1
1188130, 1, 1
1188134, 2, 0
1188255, 1, 0
1188259, 2, 0
1188380, 1, 1
1188384, 2, bit 1
1188384, 2, 0
1188505, 1, 1
1188509, 2, 1
1188630, 1, 0
1188634, 2, 0
1188755, 1, 0
1188759, 2, 1
1188880, 1, 1
1188884, 2, 0
1189005, 1, bit 0
1189005, 1, 0
1189009, 2, 1
1189130, 1, 1
1189134, 2, 1
1189255, 1, 0
1189259, 2, bit 1
1189259, 2, 0
1189380, 1, 0
1189384, 2, 1
1189505, 1, 1
1189509, 2, 0
1189630, 1, 1
1189634, 2, 1
1189755, 1, 0
1189760, 2, 0
1189880, 1, bit 1
1189880, 1, 1
1189885, 2, 1
1190005, 1, 0
1190010, 2, 1
1190130, 1, 1
1190135, 2, bit 1
1190135, 2, 0
1190255, 1, 1
1190260, 2, 1
1190380, 1, 0
1190385, 2, 0
1190505, 1, 0
1190510, 2, 1
1190630, 1, 1
1190635, 2, 0
1190755, 1, bit 1
1190755, 1, 1
1190760, 2, 1
1190880, 1, 0
1190885, 2, 1
1191005, 1, 1
1191010, 2, bit 0
1191010, 2, 1
1191130, 1, 1
1191135, 2, 0
1191255, 1, 0
1191260, 2, 1
1191380, 1, 0
1191385, 2, 0
1191505, 1, 1
1191510, 2, 1
1191630, 1, bit 1
1191630, 1, 1
1191635, 2, 0
1191755, 1, 0
1191760, 2, 0
1191880, 1, 1
1191885, 2, bit 0
1191885, 2, 1
1192005, 1, 1
1192010, 2, 0
1192130, 1, 0
1192135, 2, 1
1192255, 1, 0
1192260, 2, 0
1192380, 1, 1
1192385, 2, 1
1192505, 1, bit 0
1192505, 1, 0
1192510, 2, 0
1192630, 1, 1
1192635, 2, 0
1192755, 1, 0
1192760, 2, bit 1
1192760, 2, 0
1192880, 1, 0
1192885, 2, 1
1193005, 1, 1
1193010, 2, 0
1193131, 1, 1
1193135, 2, 1
1193256, 1, 0
1193260, 2, 0
1193381, 1, bit 0
1193381, 1, 0
1193385, 2, 1
1193506, 1, 1
1193510, 2, 1
1193631, 1, 0
1193635, 2, bit 0
1193635, 2, 1
1193756, 1, 0
1193760, 2, 0
1193881, 1, 1
1193885, 2, 1
1194006, 1, 1
1194010, 2, 0
1194131, 1, 0
1194135, 2, 1
1194256, 1, bit 0
1194256, 1, 0
1194260, 2, 0
1194381, 1, 1
1194385, 2, 0
1194506, 1, 0
1194510, 2, bit 1
1194510, 2, 0
1194631, 1, 0
1194635, 2, 1
1194756, 1, 1
1194760, 2, 0
1194881, 1, 1
1194891, 2, 1
1195006, 1, 0
1195016, 2, 0
1195131, 1, bit 1
1195131, 1, 1
1195141, 2, 1
1195256, 1, 0
1195266, 2, 1
1195381, 1, 1
1195392, 2, bit 0
1195392, 2, 1
1195506, 1, 1
1195517, 2, 0
1195631, 1, 0
1195642, 2, 1
1195756, 1, 0
1195767, 2, 0
1195881, 1, 1
1195892, 2, 1
1196006, 1, bit 1
1196006, 1, 1
1196017, 2, 0
1196131, 1, 0
1196142, 2, 0
1196256, 1, 1
1196267, 2, bit 0
1196267, 2, 1
1196381, 1, 1
1196392, 2, 0
1196506, 1, 0
1196517, 2, 1
1196631, 1, 0
1196642, 2, 0
1196756, 1, 1
1196767, 2, 1
1196881, 1, bit 0
1196881, 1, 0
1196892, 2, 0
1197006, 1, 1
1197017, 2, 0
1197131, 1, 0
1197142, 2, bit 0
1197142, 2, 1
1197256, 1, 0
1197267, 2, 0
1197381, 1, 1
1197392, 2, 1
1197506, 1, 1
1197517, 2, 0
1197631, 1, 0
1197642, 2, 1
1197756, 1, bit 0
1197756, 1, 0
1197767, 2, 0
1197881, 1, 1
1197892, 2, 0
1198006, 1, 0
1198017, 2, bit 0
1198017, 2, 1
1198131, 1, 0
1198142, 2, 0
1198256, 1, 1
1198267, 2, 1
1198381, 1, 1
1198392, 2, 0
1198507, 1, 0
1198517, 2, 1
1198632, 1, bit 1
1198632, 1, 1
1198642, 2, 0
1198757, 1, 0
1198767, 2, 0
1198882, 1, 1
1198892, 2, bit 0
1198892, 2, 1
1199007, 1, 1
1199017, 2, 0
1199132, 1, 0
1199142, 2, 1
1199257, 1, 0
1199267, 2, 0
1199382, 1, 1
1199392, 2, 1
1199507, 1, bit 0
1199507, 1, 0
1199517, 2, 0
1199632, 1, 1
1199642, 2, 0
1199757, 1, 0
1199767, 2, bit 1
1199767, 2, 0
1199882, 1, 0
1199892, 2, 1
1200007, 1, 1
1200017, 2, 0
1200132, 1, 1
1200142, 2, 1
1200257, 1, 0
1200267, 2, 0
1200382, 1, bit 0
1200382, 1, 0
1200392, 2, 1
1200507, 1, 1
1200517, 2, 1
1200632, 1, 0
1200642, 2, bit 0
1200642, 2, 1
1200757, 1, 0
1200768, 2, 0
1200882, 1, 1
1200893, 2, 1
1201007, 1, 1
1201018, 2, 0
1201132, 1, 0
1201143, 2, 1
1201257, 1, bit 0
1201257, 1, 0
1201268, 2, 0
1201382, 1, 1
1201393, 2, 0
1201507, 1, 0
1201518, 2, bit 1
1201518, 2, 0
1201632, 1, 0
1201643, 2, 1
1201757, 1, 1
1201768, 2, 0
1201882, 1, 1
1201893, 2, 1
1202007, 1, 0
1202018, 2, 0
1202132, 1, bit 0
1202136, 1, 0
1202143, 2, 1
1202257, 1, 1
1202268, 2, 1
1202382, 1, 0
1202393, 2, bit 1
1202393, 2, 0
1202507, 1, 0
1202518, 2, 1
1202632, 1, 1
1202643, 2, 0
1202757, 1, 1
1202768, 2, 1
1202882, 1, 0
1202893, 2, 0
1203007, 1, bit 1
1203007, 1, 1
1203018, 2, 1
1203132, 1, 0
1203143, 2, 1
1203257, 1, 1
1203268, 2, bit 1
1203268, 2, 0
1203382, 1, 1
1203393, 2, 1
1203507, 1, 0
1203518, 2, 0
1203632, 1, 0
1203643, 2, 1
1203757, 1, 1
1203768, 2, 0
1203883, 1, bit 1
1203883, 1, 1
1203893, 2, 1
1204008, 1, 0
1204018, 2, 1
1204133, 1, 1
1204143, 2, bit 0
1204143, 2, 1
1204258, 1, 1
1204268, 2, 0
1204383, 1, 0
1204393, 2, 1
1204508, 1, 0
1204518, 2, 0
1204633, 1, 1
1204643, 2, 1
1204758, 1, bit 0
1204758, 1, 0
1204768, 2, 0
1204883, 1, 1
1204893, 2, 0
1205008, 1, 0
1205018, 2, bit 0
1205018, 2, 1
1205133, 1, 0
1205143, 2, 0
1205258, 1, 1
1205268, 2, 1
1205383, 1, 1
1205393, 2, 0
1205508, 1, 0
1205518, 2, 1
1205633, 1, bit 1
1205633, 1, 1
1205643, 2, 0
1205758, 1, 0
1205768, 2, 0
1205883, 1, 1
1205893, 2, bit 0
1205893, 2, 1
1206008, 1, 1
1206018, 2, 0
1206133, 1, 0
1206144, 2, 1
1206258, 1, 0
1206269, 2, 0
1206383, 1, 1
1206394, 2, 1
1206508, 1, bit 0
1206508, 1, 0
1206519, 2, 0
1206633, 1, 1
1206644, 2, 0
1206758, 1, 0
1206769, 2, bit 1
1206769, 2, 0
1206883, 1, 0
1206894, 2, 1
1207008, 1, 1
1207019, 2, 0
1207133, 1, 1
1207144, 2, 1
1207258, 1, 0
1207269, 2, 0
1207383, 1, bit 0
1207383, 1, 0
1207394, 2, 1
1207508, 1, 1
1207519, 2, 1
1207633, 1, 0
1207644, 2, bit 0
1207644, 2, 1
1207758, 1, 0
1207769, 2, 0
1207883, 1, 1
1207894, 2, 1
1208008, 1, 1
1208019, 2, 0
1208133, 1, 0
1208144, 2, 1
1208258, 1, bit 0
1208258, 1, 0
1208269, 2, 0
1208383, 1, 1
1208394, 2, 0
1208508, 1, 0
1208519, 2, bit 1
1208519, 2, 0
1208633, 1, 0
1208644, 2, 1
1208758, 1, 1
1208769, 2, 0
1208883, 1, 1
1208894, 2, 1
1209008, 1, 0
1209019, 2, 0
1209133, 1, bit 0
1209133, 1, 0
1209144, 2, 1
1209259, 1, 1
1209269, 2, 1
1209384, 1, 0
1209394, 2, bit 1
1209394, 2, 0
1209509, 1, 0
1209519, 2, 1
1209634, 1, 1
1209644, 2, 0
1209759, 1, 1
1209769, 2, 1
1209884, 1, 0
1209894, 2, 0
1210009, 1, bit 1
1210009, 1, 1
1210019, 2, 1
1210134, 1, 0
1210144, 2, 1
1210259, 1, 1
1210269, 2, bit 1
1210269, 2, 0
1210384, 1, 1
1210394, 2, 1
1210509, 1, 0
1210519, 2, 0
1210634, 1, 0
1210644, 2, 1
1210759, 1, 1
1210769, 2, 0
1210884, 1, bit 1
1210884, 1, 1
1210894, 2, 1
1211009, 1, 0
1211019, 2, 1
1211134, 1, 1
1211144, 2, bit 1
1211144, 2, 0
1211259, 1, 1
1211269, 2, 1
1211384, 1, 0
1211394, 2, 0
1211509, 1, 0
1211520, 2, 1
1211634, 1, 1
1211645, 2, 0
1211759, 1, bit 0
1211759, 1, 0
1211770, 2, 1
1211884, 1, 1
1211895, 2, 1
1212009, 1, 0
1212020, 2, bit 0
1212020, 2, 1
1212134, 1, 0
1212145, 2, 0
1212259, 1, 1
1212270, 2, 1
1212384, 1, 1
1212395, 2, 0
1212509, 1, 0
1212520, 2, 1
1212634, 1, bit 1
1212634, 1, 1
1212645, 2, 0
1212759, 1, 0
1212770, 2, 0
1212884, 1, 1
1212895, 2, bit 0
1212898, 2, 1
1213009, 1, 1
1213020, 2, 0
1213134, 1, 0
1213145, 2, 1
1213259, 1, 0
1213270, 2, 0
1213384, 1, 1
1213395, 2, 1
1213509, 1, bit 0
1213509, 1, 0
1213520, 2, 0
1213634, 1, 1
1213645, 2, 0
1213759, 1, 0
1213770, 2, bit 0
1213770, 2, 1
1213884, 1, 0
1213895, 2, 0
1214009, 1, 1
1214020, 2, 1
1214134, 1, 1
1214145, 2, 0
1214259, 1, 0
1214270, 2, 1
1214384, 1, bit 1
1214384, 1, 1
1214395, 2, 0
1214509, 1, 0
1214520, 2, 0
1214635, 1, 1
1214645, 2, bit 0
1214645, 2, 1
1214760, 1, 1
1214770, 2, 0
1214885, 1, 0
1214895, 2, 1
1215010, 1, 0
1215020, 2, 0
1215135, 1, 1
1215145, 2, 1
1215270, 2, 0
1215395, 2, 0
1215520, 2, bit 1
1215520, 2, 0
1215645, 2, 1
1215770, 2, 0
1215895, 2, 1
1216020, 2, 0
1216145, 2, 1
1216270, 2, 1
1216395, 2, bit 1
1216395, 2, 0
1216520, 2, 1
1216645, 2, 0
1216770, 2, 1
1216896, 2, 0
1217021, 2, 1
1217146, 2, 1
1217271, 2, bit 0
1217271, 2, 1
1217396, 2, 0
1217521, 2, 1
1217646, 2, 0
1217771, 2, 1
1217896, 2, 0
1218021, 2, 0
1218146, 2, bit 0
1218146, 2, 1
1218271, 2, 0
1218396, 2, 1
1218521, 2, 0
1218646, 2, 1
1218771, 2, 0
1218896, 2, 0
1219021, 2, bit 1
1219021, 2, 0
1219146, 2, 1
1219271, 2, 0
1219396, 2, 1
1219521, 2, 0
1219646, 2, 1
1219771, 2, 1
1219896, 2, bit 0
1219896, 2, 1
1220021, 2, 0
1220146, 2, 1
1220271, 2, 0
1220396, 2, 1
1220521, 2, 0
1220646, 2, 0
1220771, 2, bit 0
1220771, 2, 1
1220896, 2, 0
1221021, 2, 1
1221146, 2, 0
1221271, 2, 1
1221396, 2, 0
1221521, 2, 0
1221646, 2, bit 0
1221649, 2, 1
1221771, 2, 0
1221896, 2, 1
1222021, 2, 0
1222146, 2, 1
1222272, 2, 0
1222397, 2, 0
1222522, 2, bit 0
1222522, 2, 1
1222647, 2, 0
1222772, 2, 1
1222897, 2, 0
1223022, 2, 1
1223147, 2, 0
1223272, 2, 0
1223397, 2, bit 0
1223397, 2, 1
1223522, 2, 0
1223647, 2, 1
1223772, 2, 0
1223897, 2, 1
1224022, 2, 0
1224147, 2, 0
1224272, 2, bit 0
1224272, 2, 1
1224397, 2, 0
1224522, 2, 1
1224647, 2, 0
1224772, 2, 1
1224897, 2, 0
1225022, 2, 0
1225147, 2, bit 1
1225150, 2, 0
1225272, 2, 1
1225397, 2, 0
1225522, 2, 1
1225647, 2, 0
1225772, 2, 1
1225897, 2, 1
1226022, 2, bit 0
1226022, 2, 1
1226147, 2, 0
1226272, 2, 1
1226397, 2, 0
1226522, 2, 1
1226647, 2, 0
1226772, 2, 0
1226897, 2, bit 0
1226897, 2, 1
1227022, 2, 0
1227147, 2, 1
1227272, 2, 0
1227397, 2, 1
1227522, 2, 0
1227648, 2, 0
1227773, 2, bit 1
1227773, 2, 0
1227898, 2, 1
1228023, 2, 0
1228148, 2, 1
1228273, 2, 0
1228398, 2, 1
1228523, 2, 1
1228648, 2, bit 0
1228648, 2, 1
1228773, 2, 0
1228898, 2, 1
1229023, 2, 0
1229148, 2, 1
1229273, 2, 0
1229398, 2, 0
1229523, 2, bit 0
1229523, 2, 1
1229648, 2, 0
1229773, 2, 1
1229898, 2, 0
1230023, 2, 1
1230148, 2, 0
1230273, 2, 0
1230398, 2, bit 1
1230398, 2, 0
1230523, 2, 1
1230648, 2, 0
1230773, 2, 1
1230898, 2, 0
1231023, 2, 1
1231148, 2, 1
1231273, 2, bit 0
1231273, 2, 1
1231398, 2, 0
1231523, 2, 1
1231648, 2, 0
1231773, 2, 1
1231898, 2, 0
1232023, 2, 0
1232148, 2, bit 0
1232148, 2, 1
1232273, 2, 0
1232398, 2, 1
1232523, 2, 0
1232648, 2, 1
1232773, 2, 0
1232898, 2, 0
1233024, 2, bit 0
1233024, 2, 1
1233149, 2, 0
1233274, 2, 1
1233399, 2, 0
1233524, 2, 1
1233649, 2, 0
1233774, 2, 0
1233899, 2, bit 0
1233899, 2, 1
1234024, 2, 0
1234149, 2, 1
1234274, 2, 0
1234399, 2, 1
1234524, 2, 0
1234649, 2, 0
1234774, 2, bit 1
1234774, 2, 0
1234899, 2, 1
1235024, 2, 0
1235149, 2, 1
1235274, 2, 0
1235399, 2, 1
1235524, 2, 1
1235649, 2, bit 0
1235649, 2, 1
1235774, 2, 0
1235899, 2, 1
1236024, 2, 0
1236149, 2, 1
1236274, 2, 0
1236399, 2, 0
1236524, 2, bit 0
1236524, 2, 1
1236649, 2, 0
1236774, 2, 1
1236899, 2, 0
1237024, 2, 1
1237149, 2, 0
1237274, 2, 0
1237399, 2, bit 1
1237399, 2, 0
1237524, 2, 1
1237649, 2, 0
1237774, 2, 1
1237899, 2, 0
1238024, 2, 1
1238149, 2, 1
1238274, 2, bit 1
1238274, 2, 0
1238400, 2, 1
1238525, 2, 0
1238650, 2, 1
1238775, 2, 0
1238900, 2, 1
1239025, 2, 1
1239150, 2, bit 1
1239150, 2, 0
1239275, 2, 1
1239400, 2, 0
1239525, 2, 1
1239650, 2, 0
1239775, 2, 1
1239900, 2, 1
1240025, 2, bit 0
1240025, 2, 1
1240150, 2, 0
1240275, 2, 1
1240400, 2, 0
1240525, 2, 1
1240650, 2, 0
1240775, 2, 0
1240900, 2, bit 0
1240900, 2, 1
1241025, 2, 0
1241150, 2, 1
1241275, 2, 0
1241400, 2, 1
1241525, 2, 0
1241650, 2, 0
1241775, 2, bit 1
1241775, 2, 0
1241900, 2, 1
1242025, 2, 0
1242150, 2, 1
1242275, 2, 0
1242400, 2, 1
1242525, 2, 1
1242650, 2, bit 0
1242650, 2, 1
1242775, 2, 0
1242900, 2, 1
1243025, 2, 0
1243150, 2, 1
1243275, 2, 0
1243400, 2, 0
1243525, 2, bit 1
1243525, 2, 0
1243650, 2, 1
1243776, 2, 0
1243901, 2, 1
1244026, 2, 0
1244151, 2, 1
1244276, 2, 1
1244401, 2, bit 1
1244401, 2, 0
1244526, 2, 1
1244651, 2, 0
1244776, 2, 1
1244901, 2, 0
1245026, 2, 1
1245151, 2, 1
