125 100 2 7 16
(2, 20, 13, 10.00), (code 0)
(7, 146, 0, 10.00), (code 0)
START
272672, 0, prem 0
272672, 0, 0
272797, 0, 0
272922, 0, 0
273047, 0, 0
273172, 0, 0
273297, 0, 0
273422, 0, 0
273547, 0, 0
273672, 0, 0
273797, 0, 0
273922, 0, 0
274048, 0, 0
274173, 0, 0
274298, 0, 0
274423, 0, 0
274548, 0, 0
274673, 0, 1
274798, 0, 1
274923, 0, 1
275048, 0, 1
275173, 0, 1
275298, 0, 1
275423, 0, 1
275548, 0, 1
275673, 0, 1
275798, 0, 1
275923, 0, 1
276048, 0, 1
276173, 0, 1
276298, 0, 1
276423, 0, 1
276548, 0, 1
276673, 0, prem 1
276673, 0, 1
276798, 0, 1
276923, 0, 1
277048, 0, 1
277173, 0, 1
277298, 0, 1
277423, 0, 1
277548, 0, 1
277673, 0, 1
277798, 0, 1
277923, 0, 1
278048, 0, 1
278173, 0, 1
278298, 0, 1
278423, 0, 1
278548, 0, 1
278673, 0, 0
278798, 0, 0
278923, 0, 0
279048, 0, 0
279173, 0, 0
279298, 0, 0
279424, 0, 0
279549, 0, 0
279674, 0, 0
279799, 0, 0
279924, 0, 0
280049, 0, 0
280174, 0, 0
280299, 0, 0
280424, 0, 0
280549, 0, 0
280674, 0, prem 1
280677, 0, 1
280799, 0, 1
280924, 0, 1
281049, 0, 1
281174, 0, 1
281299, 0, 1
281424, 0, 1
281549, 0, 1
281674, 0, 1
281799, 0, 1
281924, 0, 1
282049, 0, 1
282174, 0, 1
282299, 0, 1
282424, 0, 1
282549, 0, 1
282674, 0, 0
282799, 0, 0
282924, 0, 0
283049, 0, 0
283174, 0, 0
283299, 0, 0
283424, 0, 0
283549, 0, 0
283674, 0, 0
283799, 0, 0
283924, 0, 0
284049, 0, 0
284174, 0, 0
284299, 0, 0
284424, 0, 0
284549, 0, 0
284674, 0, prem 1
284674, 0, 1
284800, 0, 1
284925, 0, 1
285050, 0, 1
285175, 0, 1
285300, 0, 1
285425, 0, 1
285550, 0, 1
285675, 0, 1
285800, 0, 1
285925, 0, 1
286050, 0, 1
286175, 0, 1
286300, 0, 1
286425, 0, 1
286550, 0, 1
286675, 0, 0
286800, 0, 0
286804, 1, prem 0
286804, 1, 0
286925, 0, 0
286929, 1, 0
287050, 0, 0
287054, 1, 0
287175, 0, 0
287179, 1, 0
287300, 0, 0
287304, 1, 0
287425, 0, 0
287429, 1, 0
287550, 0, 0
287554, 1, 0
287675, 0, 0
287679, 1, 0
287800, 0, 0
287804, 1, 0
287925, 0, 0
287929, 1, 0
288050, 0, 0
288054, 1, 0
288175, 0, 0
288179, 1, 0
288300, 0, 0
288304, 1, 0
288425, 0, 0
288429, 1, 0
288550, 0, 0
288555, 1, 0
288675, 0, prem 1
288675, 0, 1
288680, 1, 0
288800, 0, 1
288805, 1, 1
288925, 0, 1
288930, 1, 1
289050, 0, 1
289055, 1, 1
289175, 0, 1
289180, 1, 1
289300, 0, 1
289305, 1, 1
289425, 0, 1
289430, 1, 1
289550, 0, 1
289555, 1, 1
289675, 0, 1
289680, 1, 1
289800, 0, 1
289805, 1, 1
289925, 0, 1
289930, 1, 1
290050, 0, 1
290055, 1, 1
290176, 0, 1
290180, 1, 1
290301, 0, 1
290305, 1, 1
290426, 0, 1
290430, 1, 1
290551, 0, 1
290555, 1, 1
290676, 0, 0
290680, 1, 1
290801, 0, 0
290805, 1, prem 1
290805, 1, 1
290926, 0, 0
290930, 1, 1
291051, 0, 0
291055, 1, 1
291176, 0, 0
291180, 1, 1
291301, 0, 0
291305, 1, 1
291426, 0, 0
291430, 1, 1
291551, 0, 0
291555, 1, 1
291676, 0, 0
291680, 1, 1
291801, 0, 0
291805, 1, 1
291926, 0, 0
291930, 1, 1
292051, 0, 0
292055, 1, 1
292176, 0, 0
292180, 1, 1
292301, 0, 0
292305, 1, 1
292426, 0, 0
292430, 1, 1
292551, 0, 0
292555, 1, 1
292676, 0, prem 0
292676, 0, 0
292680, 1, 1
292801, 0, 0
292805, 1, 0
292926, 0, 0
292930, 1, 0
293051, 0, 0
293055, 1, 0
293176, 0, 0
293180, 1, 0
293301, 0, 0
293305, 1, 0
293426, 0, 0
293430, 1, 0
293551, 0, 0
293555, 1, 0
293676, 0, 0
293680, 1, 0
293801, 0, 0
293805, 1, 0
293926, 0, 0
293931, 1, 0
294051, 0, 0
294056, 1, 0
294176, 0, 0
294181, 1, 0
294301, 0, 0
294306, 1, 0
294426, 0, 0
294431, 1, 0
294551, 0, 0
294556, 1, 0
294676, 0, 1
294681, 1, 0
294801, 0, 1
294806, 1, prem 1
294806, 1, 1
294926, 0, 1
294931, 1, 1
295051, 0, 1
295056, 1, 1
295176, 0, 1
295181, 1, 1
295301, 0, 1
295306, 1, 1
295426, 0, 1
295431, 1, 1
295552, 0, 1
295556, 1, 1
295677, 0, 1
295681, 1, 1
295802, 0, 1
295806, 1, 1
295927, 0, 1
295931, 1, 1
296052, 0, 1
296056, 1, 1
296177, 0, 1
296181, 1, 1
296302, 0, 1
296306, 1, 1
296427, 0, 1
296431, 1, 1
296552, 0, 1
296556, 1, 1
296677, 0, prem 0
296677, 0, 0
296681, 1, 1
296802, 0, 0
296806, 1, 0
296927, 0, 0
296931, 1, 0
297052, 0, 0
297056, 1, 0
297177, 0, 0
297181, 1, 0
297302, 0, 0
297306, 1, 0
297427, 0, 0
297431, 1, 0
297552, 0, 0
297556, 1, 0
297677, 0, 0
297681, 1, 0
297802, 0, 0
297806, 1, 0
297927, 0, 0
297931, 1, 0
298052, 0, 0
298056, 1, 0
298177, 0, 0
298181, 1, 0
298302, 0, 0
298306, 1, 0
298427, 0, 0
298431, 1, 0
298552, 0, 0
298556, 1, 0
298677, 0, 1
298681, 1, 0
298802, 0, 1
298806, 1, prem 1
298806, 1, 1
298927, 0, 1
298931, 1, 1
299052, 0, 1
299056, 1, 1
299177, 0, 1
299181, 1, 1
299302, 0, 1
299307, 1, 1
299427, 0, 1
299432, 1, 1
299552, 0, 1
299557, 1, 1
299677, 0, 1
299682, 1, 1
299802, 0, 1
299807, 1, 1
299927, 0, 1
299932, 1, 1
300052, 0, 1
300057, 1, 1
300177, 0, 1
300182, 1, 1
300302, 0, 1
300307, 1, 1
300427, 0, 1
300432, 1, 1
300552, 0, 1
300557, 1, 1
300677, 0, bit 1
300677, 0, 0
300682, 1, 1
300802, 0, 1
300807, 1, 0
300928, 0, 1
300932, 1, 0
301053, 0, 0
301057, 1, 0
301178, 0, 1
301182, 1, 0
301303, 0, 0
301307, 1, 0
301428, 0, 1
301432, 1, 0
301553, 0, 0
301557, 1, 0
301678, 0, 1
301682, 1, 0
301803, 0, 0
301807, 1, 0
301928, 0, 0
301932, 1, 0
302053, 0, 1
302057, 1, 0
302178, 0, 0
302182, 1, 0
302303, 0, 1
302307, 1, 0
302428, 0, bit 1
302428, 0, 0
302432, 1, 0
302553, 0, 1
302557, 1, 0
302678, 0, 1
302682, 1, 0
302803, 0, 0
302807, 1, prem 1
302807, 1, 1
302928, 0, 1
302932, 1, 1
303053, 0, 0
303057, 1, 1
303178, 0, 1
303182, 1, 1
303303, 0, 0
303307, 1, 1
303428, 0, 1
303432, 1, 1
303553, 0, 0
303557, 1, 1
303678, 0, 0
303682, 1, 1
303803, 0, 1
303807, 1, 1
303928, 0, 0
303932, 1, 1
304053, 0, 1
304057, 1, 1
304178, 0, bit 0
304178, 0, 1
304182, 1, 1
304303, 0, 0
304307, 1, 1
304428, 0, 0
304432, 1, 1
304553, 0, 1
304557, 1, 1
304678, 0, 0
304683, 1, 1
304803, 0, 1
304808, 1, 0
304928, 0, 0
304933, 1, 0
305053, 0, 1
305058, 1, 0
305178, 0, 0
305183, 1, 0
305303, 0, 1
305308, 1, 0
305428, 0, 1
305433, 1, 0
305553, 0, 0
305558, 1, 0
305678, 0, 1
305683, 1, 0
305803, 0, 0
305808, 1, 0
305928, 0, bit 1
305928, 0, 0
305933, 1, 0
306053, 0, 1
306058, 1, 0
306178, 0, 1
306183, 1, 0
306304, 0, 0
306308, 1, 0
306429, 0, 1
306433, 1, 0
306554, 0, 0
306558, 1, 0
306679, 0, 1
306683, 1, 0
306804, 0, 0
306808, 1, prem 0
306808, 1, 0
306929, 0, 1
306933, 1, 0
307054, 0, 0
307058, 1, 0
307179, 0, 0
307183, 1, 0
307304, 0, 1
307308, 1, 0
307429, 0, 0
307433, 1, 0
307554, 0, 1
307558, 1, 0
307679, 0, bit 1
307679, 0, 0
307683, 1, 0
307804, 0, 1
307808, 1, 0
307929, 0, 1
307933, 1, 0
308054, 0, 0
308058, 1, 0
308179, 0, 1
308183, 1, 0
308304, 0, 0
308308, 1, 0
308429, 0, 1
308433, 1, 0
308554, 0, 0
308558, 1, 0
308679, 0, 1
308683, 1, 0
308804, 0, 0
308808, 1, 1
308929, 0, 0
308933, 1, 1
309054, 0, 1
309058, 1, 1
309179, 0, 0
309183, 1, 1
309304, 0, 1
309308, 1, 1
309429, 0, bit 0
309429, 0, 1
309433, 1, 1
309554, 0, 0
309558, 1, 1
309679, 0, 0
309683, 1, 1
309804, 0, 1
309808, 1, 1
309929, 0, 0
309933, 1, 1
310054, 0, 1
310059, 1, 1
310179, 0, 0
310184, 1, 1
310304, 0, 1
310309, 1, 1
310429, 0, 0
310434, 1, 1
310554, 0, 1
310559, 1, 1
310679, 0, 1
310684, 1, 1
310804, 0, 0
310809, 1, prem 0
310809, 1, 0
310929, 0, 1
310934, 1, 0
311054, 0, 0
311059, 1, 0
311179, 0, bit 1
311179, 0, 0
311184, 1, 0
311304, 0, 1
311309, 1, 0
311429, 0, 1
311434, 1, 0
311554, 0, 0
311559, 1, 0
311680, 0, 1
311684, 1, 0
311805, 0, 0
311809, 1, 0
311930, 0, 1
311934, 1, 0
312055, 0, 0
312059, 1, 0
312180, 0, 1
312184, 1, 0
312305, 0, 0
312309, 1, 0
312430, 0, 0
312434, 1, 0
312555, 0, 1
312559, 1, 0
312680, 0, 0
312684, 1, 0
312805, 0, 1
312809, 1, 1
312930, 0, bit 1
312930, 0, 0
312934, 1, 1
313055, 0, 1
313059, 1, 1
313180, 0, 1
313184, 1, 1
313305, 0, 0
313309, 1, 1
313430, 0, 1
313434, 1, 1
313555, 0, 0
313559, 1, 1
313680, 0, 1
313684, 1, 1
313805, 0, 0
313809, 1, 1
313930, 0, 1
313934, 1, 1
314055, 0, 0
314059, 1, 1
314180, 0, 0
314184, 1, 1
314305, 0, 1
314309, 1, 1
314430, 0, 0
314434, 1, 1
314555, 0, 1
314559, 1, 1
314680, 0, bit 0
314680, 0, 1
314684, 1, 1
314805, 0, 0
314809, 1, bit 1
314809, 1, 0
314930, 0, 0
314934, 1, 1
315055, 0, 1
315059, 1, 1
315180, 0, 0
315184, 1, 0
315305, 0, 1
315309, 1, 1
315430, 0, 0
315435, 1, 0
315555, 0, 1
315560, 1, 1
315680, 0, 0
315685, 1, 0
315805, 0, 1
315810, 1, 1
315930, 0, 1
315935, 1, 0
316055, 0, 0
316060, 1, 0
316180, 0, 1
316185, 1, 1
316305, 0, 0
316310, 1, 0
316430, 0, bit 0
316430, 0, 1
316435, 1, 1
316555, 0, 0
316560, 1, bit 1
316560, 1, 0
316680, 0, 0
316685, 1, 1
316805, 0, 1
316810, 1, 1
316930, 0, 0
316935, 1, 0
317056, 0, 1
317060, 1, 1
317181, 0, 0
317185, 1, 0
317306, 0, 1
317310, 1, 1
317431, 0, 0
317435, 1, 0
317556, 0, 1
317560, 1, 1
317681, 0, 1
317685, 1, 0
317806, 0, 0
317810, 1, 0
317931, 0, 1
317935, 1, 1
318056, 0, 0
318060, 1, 0
318181, 0, bit 1
318181, 0, 0
318185, 1, 1
318306, 0, 1
318310, 1, bit 0
318310, 1, 1
318431, 0, 1
318435, 1, 0
318556, 0, 0
318560, 1, 0
318681, 0, 1
318685, 1, 1
318806, 0, 0
318810, 1, 0
318931, 0, 1
318935, 1, 1
319056, 0, 0
319060, 1, 0
319181, 0, 1
319185, 1, 1
319306, 0, 0
319310, 1, 0
319431, 0, 0
319435, 1, 1
319556, 0, 1
319560, 1, 1
319681, 0, 0
319685, 1, 0
319806, 0, 1
319810, 1, 1
319931, 0, bit 1
319931, 0, 0
319935, 1, 0
320056, 0, 1
320060, 1, bit 1
320060, 1, 0
320181, 0, 1
320185, 1, 1
320306, 0, 0
320310, 1, 1
320431, 0, 1
320435, 1, 0
320556, 0, 0
320560, 1, 1
320681, 0, 1
320685, 1, 0
320806, 0, 0
320811, 1, 1
320931, 0, 1
320936, 1, 0
321056, 0, 0
321061, 1, 1
321181, 0, 0
321186, 1, 0
321306, 0, 1
321311, 1, 0
321431, 0, 0
321436, 1, 1
321556, 0, 1
321561, 1, 0
321681, 0, bit 1
321681, 0, 0
321686, 1, 1
321806, 0, 1
321811, 1, bit 1
321811, 1, 0
321931, 0, 1
321936, 1, 1
322056, 0, 0
322061, 1, 1
322181, 0, 1
322186, 1, 0
322306, 0, 0
322311, 1, 1
322432, 0, 1
322436, 1, 0
322557, 0, 0
322561, 1, 1
322682, 0, 1
322686, 1, 0
322807, 0, 0
322811, 1, 1
322932, 0, 0
322936, 1, 0
323057, 0, 1
323061, 1, 0
323182, 0, 0
323186, 1, 1
323307, 0, 1
323311, 1, 0
323432, 0, bit 0
323432, 0, 1
323436, 1, 1
323557, 0, 0
323561, 1, bit 1
323561, 1, 0
323682, 0, 0
323686, 1, 1
323807, 0, 1
323811, 1, 1
323932, 0, 0
323936, 1, 0
324057, 0, 1
324061, 1, 1
324182, 0, 0
324186, 1, 0
324307, 0, 1
324311, 1, 1
324432, 0, 0
324436, 1, 0
324557, 0, 1
324561, 1, 1
324682, 0, 1
324686, 1, 0
324807, 0, 0
324811, 1, 0
324932, 0, 1
324936, 1, 1
325057, 0, 0
325061, 1, 0
325182, 0, bit 0
325182, 0, 1
325186, 1, 1
325307, 0, 0
325311, 1, bit 0
325311, 1, 1
325432, 0, 0
325436, 1, 0
325557, 0, 1
325561, 1, 0
325682, 0, 0
325686, 1, 1
325807, 0, 1
325811, 1, 0
325932, 0, 0
325936, 1, 1
326057, 0, 1
326061, 1, 0
326182, 0, 0
326187, 1, 1
326307, 0, 1
326312, 1, 0
326432, 0, 1
326437, 1, 1
326557, 0, 0
326562, 1, 1
326682, 0, 1
326687, 1, 0
326807, 0, 0
326812, 1, 1
326932, 0, bit 1
326932, 0, 0
326937, 1, 0
327057, 0, 1
327062, 1, bit 0
327062, 1, 1
327182, 0, 1
327187, 1, 0
327307, 0, 0
327312, 1, 0
327432, 0, 1
327437, 1, 1
327557, 0, 0
327562, 1, 0
327682, 0, 1
327687, 1, 1
327808, 0, 0
327812, 1, 0
327933, 0, 1
327937, 1, 1
328058, 0, 0
328062, 1, 0
328183, 0, 0
328187, 1, 1
328308, 0, 1
328312, 1, 1
328433, 0, 0
328437, 1, 0
328558, 0, 1
328562, 1, 1
328683, 0, bit 1
328683, 0, 0
328687, 1, 0
328808, 0, 1
328812, 1, bit 0
328812, 1, 1
328933, 0, 1
328937, 1, 0
329058, 0, 0
329062, 1, 0
329183, 0, 1
329187, 1, 1
329308, 0, 0
329312, 1, 0
329433, 0, 1
329437, 1, 1
329558, 0, 0
329562, 1, 0
329683, 0, 1
329687, 1, 1
329808, 0, 0
329812, 1, 0
329933, 0, 0
329937, 1, 1
330058, 0, 1
330062, 1, 1
330183, 0, 0
330187, 1, 0
330308, 0, 1
330312, 1, 1
330433, 0, bit 1
330433, 0, 0
330437, 1, 0
330558, 0, 1
330562, 1, bit 0
330562, 1, 1
330683, 0, 1
330687, 1, 0
330808, 0, 0
330812, 1, 0
330933, 0, 1
330937, 1, 1
331058, 0, 0
331062, 1, 0
331183, 0, 1
331187, 1, 1
331308, 0, 0
331312, 1, 0
331433, 0, 1
331437, 1, 1
331558, 0, 0
331563, 1, 0
331683, 0, 0
331688, 1, 1
331808, 0, 1
331813, 1, 1
331933, 0, 0
331938, 1, 0
332058, 0, 1
332063, 1, 1
332183, 0, bit 1
332183, 0, 0
332188, 1, 0
332308, 0, 1
332313, 1, bit 0
332313, 1, 1
332433, 0, 1
332438, 1, 0
332558, 0, 0
332563, 1, 0
332683, 0, 1
332688, 1, 1
332808, 0, 0
332813, 1, 0
332933, 0, 1
332938, 1, 1
333058, 0, 0
333063, 1, 0
333184, 0, 1
333188, 1, 1
333309, 0, 0
333313, 1, 0
333434, 0, 0
333438, 1, 1
333559, 0, 1
333563, 1, 1
333684, 0, 0
333688, 1, 0
333809, 0, 1
333813, 1, 1
333934, 0, bit 1
333934, 0, 0
333938, 1, 0
334059, 0, 1
334063, 1, bit 0
334063, 1, 1
334184, 0, 1
334188, 1, 0
334309, 0, 0
334313, 1, 0
334434, 0, 1
334438, 1, 1
334559, 0, 0
334563, 1, 0
334684, 0, 1
334688, 1, 1
334809, 0, 0
334813, 1, 0
334934, 0, 1
334938, 1, 1
335059, 0, 0
335063, 1, 0
335184, 0, 0
335188, 1, 1
335309, 0, 1
335313, 1, 1
335434, 0, 0
335438, 1, 0
335559, 0, 1
335563, 1, 1
335684, 0, bit 1
335684, 0, 0
335688, 1, 0
335809, 0, 1
335813, 1, bit 0
335813, 1, 1
335934, 0, 1
335938, 1, 0
336059, 0, 0
336063, 1, 0
336184, 0, 1
336188, 1, 1
336309, 0, 0
336313, 1, 0
336434, 0, 1
336438, 1, 1
336559, 0, 0
336563, 1, 0
336684, 0, 1
336688, 1, 1
336809, 0, 0
336813, 1, 0
336934, 0, 0
336939, 1, 1
337059, 0, 1
337064, 1, 1
337184, 0, 0
337189, 1, 0
337309, 0, 1
337314, 1, 1
337434, 0, bit 0
337434, 0, 1
337439, 1, 0
337559, 0, 0
337564, 1, bit 0
337564, 1, 1
337684, 0, 0
337689, 1, 0
337809, 0, 1
337814, 1, 0
337934, 0, 0
337939, 1, 1
338059, 0, 1
338064, 1, 0
338184, 0, 0
338189, 1, 1
338309, 0, 1
338314, 1, 0
338434, 0, 0
338439, 1, 1
338560, 0, 1
338564, 1, 0
338685, 0, 1
338689, 1, 1
338810, 0, 0
338814, 1, 1
338935, 0, 1
338939, 1, 0
339060, 0, 0
339064, 1, 1
339185, 0, bit 1
339185, 0, 0
339189, 1, 0
339310, 0, 1
339314, 1, bit 1
339314, 1, 0
339435, 0, 1
339439, 1, 1
339560, 0, 0
339564, 1, 1
339685, 0, 1
339689, 1, 0
339810, 0, 0
339814, 1, 1
339935, 0, 1
339939, 1, 0
340060, 0, 0
340064, 1, 1
340185, 0, 1
340189, 1, 0
340310, 0, 0
340314, 1, 1
340435, 0, 0
340439, 1, 0
340560, 0, 1
340564, 1, 0
340685, 0, 0
340689, 1, 1
340810, 0, 1
340814, 1, 0
340935, 0, bit 0
340935, 0, 1
340939, 1, 1
341060, 0, 0
341064, 1, bit 0
341064, 1, 1
341185, 0, 0
341189, 1, 0
341310, 0, 1
341314, 1, 0
341435, 0, 0
341439, 1, 1
341560, 0, 1
341564, 1, 0
341685, 0, 0
341689, 1, 1
341810, 0, 1
341814, 1, 0
341935, 0, 0
341939, 1, 1
342060, 0, 1
342064, 1, 0
342185, 0, 1
342189, 1, 1
342310, 0, 0
342315, 1, 1
342435, 0, 1
342440, 1, 0
342560, 0, 0
342565, 1, 1
342685, 0, bit 0
342685, 0, 1
342690, 1, 0
342810, 0, 0
342815, 1, bit 0
342815, 1, 1
342935, 0, 0
342940, 1, 0
343060, 0, 1
343065, 1, 0
343185, 0, 0
343190, 1, 1
343310, 0, 1
343315, 1, 0
343435, 0, 0
343440, 1, 1
343560, 0, 1
343565, 1, 0
343685, 0, 0
343690, 1, 1
343810, 0, 1
343815, 1, 0
343936, 0, 1
343940, 1, 1
344061, 0, 0
344065, 1, 1
344186, 0, 1
344190, 1, 0
344311, 0, 0
344315, 1, 1
344436, 0, bit 0
344436, 0, 1
344440, 1, 0
344561, 0, 0
344565, 1, bit 0
344565, 1, 1
344686, 0, 0
344690, 1, 0
344811, 0, 1
344815, 1, 0
344936, 0, 0
344940, 1, 1
345061, 0, 1
345065, 1, 0
345186, 0, 0
345190, 1, 1
345311, 0, 1
345315, 1, 0
345436, 0, 0
345440, 1, 1
345561, 0, 1
345565, 1, 0
345686, 0, 1
345690, 1, 1
345811, 0, 0
345815, 1, 1
345936, 0, 1
345940, 1, 0
346061, 0, 0
346065, 1, 1
346186, 0, bit 0
346186, 0, 1
346190, 1, 0
346311, 0, 0
346315, 1, bit 0
346315, 1, 1
346436, 0, 0
346440, 1, 0
346561, 0, 1
346565, 1, 0
346686, 0, 0
346690, 1, 1
346811, 0, 1
346815, 1, 0
346936, 0, 0
346940, 1, 1
347061, 0, 1
347065, 1, 0
347186, 0, 0
347190, 1, 1
347311, 0, 1
347315, 1, 0
347436, 0, 1
347440, 1, 1
347561, 0, 0
347565, 1, 1
347686, 0, 1
347691, 1, 0
347811, 0, 0
347816, 1, 1
347936, 0, bit 0
347936, 0, 1
347941, 1, 0
348061, 0, 0
348066, 1, bit 0
348066, 1, 1
348186, 0, 0
348191, 1, 0
348311, 0, 1
348316, 1, 0
348436, 0, 0
348441, 1, 1
348561, 0, 1
348566, 1, 0
348686, 0, 0
348691, 1, 1
348811, 0, 1
348816, 1, 0
348936, 0, 0
348941, 1, 1
349061, 0, 1
349066, 1, 0
349186, 0, 1
349191, 1, 1
349312, 0, 0
349316, 1, 1
349437, 0, 1
349441, 1, 0
349562, 0, 0
349566, 1, 1
349687, 0, bit 0
349690, 0, 1
349691, 1, 0
349812, 0, 0
349816, 1, bit 1
349816, 1, 0
349937, 0, 0
349941, 1, 1
350062, 0, 1
350066, 1, 1
350187, 0, 0
350191, 1, 0
350312, 0, 1
350316, 1, 1
350437, 0, 0
350441, 1, 0
350562, 0, 1
350566, 1, 1
350687, 0, 0
350691, 1, 0
350812, 0, 1
350816, 1, 1
350937, 0, 1
350941, 1, 0
351062, 0, 0
351066, 1, 0
351187, 0, 1
351191, 1, 1
351312, 0, 0
351316, 1, 0
351437, 0, bit 0
351437, 0, 1
351441, 1, 1
351562, 0, 0
351566, 1, bit 1
351566, 1, 0
351687, 0, 0
351691, 1, 1
351812, 0, 1
351816, 1, 1
351937, 0, 0
351941, 1, 0
352062, 0, 1
352066, 1, 1
352187, 0, 0
352191, 1, 0
352312, 0, 1
352316, 1, 1
352437, 0, 0
352441, 1, 0
352562, 0, 1
352566, 1, 1
352687, 0, 1
352691, 1, 0
352812, 0, 0
352816, 1, 0
352937, 0, 1
352941, 1, 1
353062, 0, 0
353067, 1, 0
353187, 0, bit 1
353187, 0, 0
353192, 1, 1
353312, 0, 1
353317, 1, bit 1
353317, 1, 0
353437, 0, 1
353442, 1, 1
353562, 0, 0
353567, 1, 1
353687, 0, 1
353692, 1, 0
353812, 0, 0
353817, 1, 1
353937, 0, 1
353942, 1, 0
354062, 0, 0
354067, 1, 1
354187, 0, 1
354192, 1, 0
354312, 0, 0
354317, 1, 1
354437, 0, 0
354442, 1, 0
354562, 0, 1
354567, 1, 0
354688, 0, 0
354692, 1, 1
354813, 0, 1
354817, 1, 0
354938, 0, bit 0
354938, 0, 1
354942, 1, 1
355063, 0, 0
355067, 1, bit 0
355067, 1, 1
355188, 0, 0
355192, 1, 0
355313, 0, 1
355317, 1, 0
355438, 0, 0
355442, 1, 1
355563, 0, 1
355567, 1, 0
355688, 0, 0
355692, 1, 1
355813, 0, 1
355817, 1, 0
355938, 0, 0
355942, 1, 1
356063, 0, 1
356067, 1, 0
356188, 0, 1
356192, 1, 1
356313, 0, 0
356317, 1, 1
356438, 0, 1
356442, 1, 0
356563, 0, 0
356567, 1, 1
356688, 0, bit 1
356688, 0, 0
356692, 1, 0
356813, 0, 1
356817, 1, bit 1
356817, 1, 0
356938, 0, 1
356942, 1, 1
357063, 0, 0
357067, 1, 1
357188, 0, 1
357192, 1, 0
357313, 0, 0
357317, 1, 1
357438, 0, 1
357442, 1, 0
357563, 0, 0
357567, 1, 1
357688, 0, 1
357692, 1, 0
357813, 0, 0
357817, 1, 1
357938, 0, 0
357942, 1, 0
358063, 0, 1
358067, 1, 0
358188, 0, 0
358192, 1, 1
358313, 0, 1
358317, 1, 0
358438, 0, bit 1
358438, 0, 0
358443, 1, 1
358563, 0, 1
358568, 1, bit 1
358568, 1, 0
358688, 0, 1
358693, 1, 1
358813, 0, 0
358818, 1, 1
358938, 0, 1
358943, 1, 0
359063, 0, 0
359068, 1, 1
359188, 0, 1
359193, 1, 0
359313, 0, 0
359318, 1, 1
359438, 0, 1
359443, 1, 0
359563, 0, 0
359568, 1, 1
359688, 0, 0
359693, 1, 0
359813, 0, 1
359818, 1, 0
359938, 0, 0
359943, 1, 1
360064, 0, 1
360068, 1, 0
360189, 0, bit 1
360193, 0, 0
360193, 1, 1
360314, 0, 1
360318, 1, bit 1
360318, 1, 0
360439, 0, 1
360443, 1, 1
360564, 0, 0
360568, 1, 1
360689, 0, 1
360693, 1, 0
360814, 0, 0
360818, 1, 1
360939, 0, 1
360943, 1, 0
361064, 0, 0
361068, 1, 1
361189, 0, 1
361193, 1, 0
361314, 0, 0
361318, 1, 1
361439, 0, 0
361443, 1, 0
361564, 0, 1
361568, 1, 0
361689, 0, 0
361693, 1, 1
361814, 0, 1
361818, 1, 0
361939, 0, bit 1
361939, 0, 0
361943, 1, 1
362064, 0, 1
362068, 1, bit 1
362068, 1, 0
362189, 0, 1
362193, 1, 1
362314, 0, 0
362318, 1, 1
362439, 0, 1
362443, 1, 0
362564, 0, 0
362568, 1, 1
362689, 0, 1
362693, 1, 0
362814, 0, 0
362818, 1, 1
362939, 0, 1
362943, 1, 0
363064, 0, 0
363068, 1, 1
363189, 0, 0
363193, 1, 0
363314, 0, 1
363318, 1, 0
363439, 0, 0
363443, 1, 1
363564, 0, 1
363568, 1, 0
363689, 0, bit 1
363689, 0, 0
363693, 1, 1
363814, 0, 1
363819, 1, bit 1
363819, 1, 0
363939, 0, 1
363944, 1, 1
364064, 0, 0
364069, 1, 1
364189, 0, 1
364194, 1, 0
364314, 0, 0
364319, 1, 1
364439, 0, 1
364444, 1, 0
364564, 0, 0
364569, 1, 1
364689, 0, 1
364694, 1, 0
364814, 0, 0
364819, 1, 1
364939, 0, 0
364944, 1, 0
365064, 0, 1
365069, 1, 0
365189, 0, 0
365194, 1, 1
365314, 0, 1
365319, 1, 0
365440, 0, bit 1
365440, 0, 0
365444, 1, 1
365565, 0, 1
365569, 1, bit 1
365569, 1, 0
365690, 0, 1
365694, 1, 1
365815, 0, 0
365819, 1, 1
365940, 0, 1
365944, 1, 0
366065, 0, 0
366069, 1, 1
366190, 0, 1
366194, 1, 0
366315, 0, 0
366319, 1, 1
366440, 0, 1
366444, 1, 0
366565, 0, 0
366569, 1, 1
366690, 0, 0
366694, 1, 0
366815, 0, 1
366819, 1, 0
366940, 0, 0
366944, 1, 1
367065, 0, 1
367069, 1, 0
367190, 0, bit 0
367190, 0, 1
367194, 1, 1
367315, 0, 0
367319, 1, bit 0
367319, 1, 1
367440, 0, 0
367444, 1, 0
367565, 0, 1
367569, 1, 0
367690, 0, 0
367694, 1, 1
367815, 0, 1
367819, 1, 0
367940, 0, 0
367944, 1, 1
368065, 0, 1
368069, 1, 0
368190, 0, 0
368194, 1, 1
368315, 0, 1
368319, 1, 0
368440, 0, 1
368444, 1, 1
368565, 0, 0
368569, 1, 1
368690, 0, 1
368694, 1, 0
368815, 0, 0
368819, 1, 1
368940, 0, bit 1
368940, 0, 0
368944, 1, 0
369065, 0, 1
369069, 1, bit 1
369069, 1, 0
369190, 0, 1
369195, 1, 1
369315, 0, 0
369320, 1, 1
369440, 0, 1
369445, 1, 0
369565, 0, 0
369570, 1, 1
369690, 0, 1
369695, 1, 0
369815, 0, 0
369820, 1, 1
369940, 0, 1
369945, 1, 0
370065, 0, 0
370070, 1, 1
370190, 0, 0
370195, 1, 0
370315, 0, 1
370320, 1, 0
370440, 0, 0
370445, 1, 1
370565, 0, 1
370570, 1, 0
370690, 0, bit 0
370693, 0, 1
370695, 1, 1
370816, 0, 0
370820, 1, bit 1
370820, 1, 0
370941, 0, 0
370945, 1, 1
371066, 0, 1
371070, 1, 1
371191, 0, 0
371195, 1, 0
371316, 0, 1
371320, 1, 1
371441, 0, 0
371445, 1, 0
371566, 0, 1
371570, 1, 1
371691, 0, 0
371695, 1, 0
371816, 0, 1
371820, 1, 1
371941, 0, 1
371945, 1, 0
372066, 0, 0
372070, 1, 0
372191, 0, 1
372195, 1, 1
372316, 0, 0
372320, 1, 0
372441, 0, bit 0
372441, 0, 1
372445, 1, 1
372566, 0, 0
372570, 1, bit 1
372570, 1, 0
372691, 0, 0
372695, 1, 1
372816, 0, 1
372820, 1, 1
372941, 0, 0
372945, 1, 0
373066, 0, 1
373070, 1, 1
373191, 0, 0
373195, 1, 0
373316, 0, 1
373320, 1, 1
373441, 0, 0
373445, 1, 0
373566, 0, 1
373570, 1, 1
373691, 0, 1
373695, 1, 0
373816, 0, 0
373820, 1, 0
373941, 0, 1
373945, 1, 1
374066, 0, 0
374070, 1, 0
374191, 0, bit 0
374191, 0, 1
374195, 1, 1
374316, 0, 0
374320, 1, bit 0
374320, 1, 1
374441, 0, 0
374445, 1, 0
374566, 0, 1
374571, 1, 0
374691, 0, 0
374696, 1, 1
374816, 0, 1
374821, 1, 0
374941, 0, 0
374946, 1, 1
375066, 0, 1
375071, 1, 0
375191, 0, 0
375196, 1, 1
375316, 0, 1
375321, 1, 0
375441, 0, 1
375446, 1, 1
375566, 0, 0
375571, 1, 1
375691, 0, 1
375696, 1, 0
375816, 0, 0
375821, 1, 1
375941, 0, bit 1
375941, 0, 0
375946, 1, 0
376066, 0, 1
376071, 1, bit 0
376071, 1, 1
376192, 0, 1
376196, 1, 0
376317, 0, 0
376321, 1, 0
376442, 0, 1
376446, 1, 1
376567, 0, 0
376571, 1, 0
376692, 0, 1
376696, 1, 1
376817, 0, 0
376821, 1, 0
376942, 0, 1
376946, 1, 1
377067, 0, 0
377071, 1, 0
377192, 0, 0
377196, 1, 1
377317, 0, 1
377321, 1, 1
377442, 0, 0
377446, 1, 0
377567, 0, 1
377571, 1, 1
377692, 0, bit 0
377692, 0, 1
377696, 1, 0
377817, 0, 0
377821, 1, bit 0
377821, 1, 1
377942, 0, 0
377946, 1, 0
378067, 0, 1
378071, 1, 0
378192, 0, 0
378196, 1, 1
378317, 0, 1
378321, 1, 0
378442, 0, 0
378446, 1, 1
378567, 0, 1
378571, 1, 0
378692, 0, 0
378696, 1, 1
378817, 0, 1
378821, 1, 0
378942, 0, 1
378946, 1, 1
379067, 0, 0
379071, 1, 1
379192, 0, 1
379196, 1, 0
379317, 0, 0
379321, 1, 1
379442, 0, bit 1
379442, 0, 0
379446, 1, 0
379567, 0, 1
379571, 1, bit 0
379571, 1, 1
379692, 0, 1
379696, 1, 0
379817, 0, 0
379821, 1, 0
379942, 0, 1
379947, 1, 1
380067, 0, 0
380072, 1, 0
380192, 0, 1
380197, 1, 1
380317, 0, 0
380322, 1, 0
380442, 0, 1
380447, 1, 1
380567, 0, 0
380572, 1, 0
380692, 0, 0
380697, 1, 1
380817, 0, 1
380822, 1, 1
380942, 0, 0
380947, 1, 0
381067, 0, 1
381072, 1, 1
381192, 0, bit 1
381192, 0, 0
381197, 1, 0
381317, 0, 1
381322, 1, bit 0
381322, 1, 1
381442, 0, 1
381447, 1, 0
381568, 0, 0
381572, 1, 0
381693, 0, 1
381697, 1, 1
381818, 0, 0
381822, 1, 0
381943, 0, 1
381947, 1, 1
382068, 0, 0
382072, 1, 0
382193, 0, 1
382197, 1, 1
382318, 0, 0
382322, 1, 0
382443, 0, 0
382447, 1, 1
382568, 0, 1
382572, 1, 1
382693, 0, 0
382697, 1, 0
382818, 0, 1
382822, 1, 1
382943, 0, bit 1
382943, 0, 0
382947, 1, 0
383068, 0, 1
383072, 1, bit 1
383075, 1, 0
383193, 0, 1
383197, 1, 1
383318, 0, 0
383322, 1, 1
383443, 0, 1
383447, 1, 0
383568, 0, 0
383572, 1, 1
383693, 0, 1
383697, 1, 0
383818, 0, 0
383822, 1, 1
383943, 0, 1
383947, 1, 0
384068, 0, 0
384072, 1, 1
384193, 0, 0
384197, 1, 0
384318, 0, 1
384322, 1, 0
384443, 0, 0
384447, 1, 1
384568, 0, 1
384572, 1, 0
384693, 0, bit 1
384693, 0, 0
384697, 1, 1
384818, 0, 1
384822, 1, bit 0
384822, 1, 1
384943, 0, 1
384947, 1, 0
385068, 0, 0
385072, 1, 0
385193, 0, 1
385197, 1, 1
385318, 0, 0
385323, 1, 0
385443, 0, 1
385448, 1, 1
385568, 0, 0
385573, 1, 0
385693, 0, 1
385698, 1, 1
385818, 0, 0
385823, 1, 0
385943, 0, 0
385948, 1, 1
386068, 0, 1
386073, 1, 1
386193, 0, 0
386198, 1, 0
386318, 0, 1
386323, 1, 1
386443, 0, bit 1
386443, 0, 0
386448, 1, 0
386568, 0, 1
386573, 1, bit 1
386573, 1, 0
386693, 0, 1
386698, 1, 1
386818, 0, 0
386823, 1, 1
386944, 0, 1
386948, 1, 0
387069, 0, 0
387073, 1, 1
387194, 0, 1
387198, 1, 0
387319, 0, 0
387323, 1, 1
387444, 0, 1
387448, 1, 0
387569, 0, 0
387573, 1, 1
387694, 0, 0
387698, 1, 0
387819, 0, 1
387823, 1, 0
387944, 0, 0
387948, 1, 1
388069, 0, 1
388073, 1, 0
388194, 0, bit 1
388194, 0, 0
388198, 1, 1
388319, 0, 1
388323, 1, bit 1
388323, 1, 0
388444, 0, 1
388448, 1, 1
388569, 0, 0
388573, 1, 1
388694, 0, 1
388698, 1, 0
388819, 0, 0
388823, 1, 1
388944, 0, 1
388948, 1, 0
389069, 0, 0
389073, 1, 1
389194, 0, 1
389198, 1, 0
389319, 0, 0
389323, 1, 1
389444, 0, 0
389448, 1, 0
389569, 0, 1
389573, 1, 0
389694, 0, 0
389698, 1, 1
389819, 0, 1
389823, 1, 0
389944, 0, bit 0
389944, 0, 1
389948, 1, 1
390069, 0, 0
390073, 1, bit 1
390073, 1, 0
390194, 0, 0
390198, 1, 1
390319, 0, 1
390323, 1, 1
390444, 0, 0
390448, 1, 0
390569, 0, 1
390573, 1, 1
390694, 0, 0
390699, 1, 0
390819, 0, 1
390824, 1, 1
390944, 0, 0
390949, 1, 0
391069, 0, 1
391074, 1, 1
391194, 0, 1
391199, 1, 0
391319, 0, 0
391324, 1, 0
391444, 0, 1
391449, 1, 1
391569, 0, 0
391574, 1, 0
391694, 0, bit 0
391694, 0, 1
391699, 1, 1
391819, 0, 0
391824, 1, bit 0
391824, 1, 1
391944, 0, 0
391949, 1, 0
392069, 0, 1
392074, 1, 0
392194, 0, 0
392199, 1, 1
392320, 0, 1
392324, 1, 0
392445, 0, 0
392449, 1, 1
392570, 0, 1
392574, 1, 0
392695, 0, 0
392699, 1, 1
392820, 0, 1
392824, 1, 0
392945, 0, 1
392949, 1, 1
393070, 0, 0
393074, 1, 1
393195, 0, 1
393199, 1, 0
393320, 0, 0
393324, 1, 1
393445, 0, bit 0
393445, 0, 1
393449, 1, 0
393570, 0, 0
393574, 1, bit 1
393577, 1, 0
393695, 0, 0
393699, 1, 1
393820, 0, 1
393824, 1, 1
393945, 0, 0
393949, 1, 0
394070, 0, 1
394074, 1, 1
394195, 0, 0
394199, 1, 0
394320, 0, 1
394324, 1, 1
394445, 0, 0
394449, 1, 0
394570, 0, 1
394574, 1, 1
394695, 0, 1
394699, 1, 0
394820, 0, 0
394824, 1, 0
394945, 0, 1
394949, 1, 1
395070, 0, 0
395074, 1, 0
395195, 0, bit 1
395195, 0, 0
395199, 1, 1
395320, 0, 1
395324, 1, bit 1
395324, 1, 0
395445, 0, 1
395449, 1, 1
395570, 0, 0
395574, 1, 1
395695, 0, 1
395699, 1, 0
395820, 0, 0
395824, 1, 1
395945, 0, 1
395949, 1, 0
396070, 0, 0
396075, 1, 1
396195, 0, 1
396200, 1, 0
396320, 0, 0
396325, 1, 1
396445, 0, 0
396450, 1, 0
396570, 0, 1
396575, 1, 0
396695, 0, 0
396700, 1, 1
396820, 0, 1
396825, 1, 0
396945, 0, bit 1
396945, 0, 0
396950, 1, 1
397070, 0, 1
397075, 1, bit 0
397075, 1, 1
397195, 0, 1
397200, 1, 0
397320, 0, 0
397325, 1, 0
397445, 0, 1
397450, 1, 1
397570, 0, 0
397575, 1, 0
397696, 0, 1
397700, 1, 1
397821, 0, 0
397825, 1, 0
397946, 0, 1
397950, 1, 1
398071, 0, 0
398075, 1, 0
398196, 0, 0
398200, 1, 1
398321, 0, 1
398325, 1, 1
398446, 0, 0
398450, 1, 0
398571, 0, 1
398575, 1, 1
398696, 0, bit 1
398696, 0, 0
398700, 1, 0
398821, 0, 1
398825, 1, bit 0
398825, 1, 1
398946, 0, 1
398950, 1, 0
399071, 0, 0
399075, 1, 0
399196, 0, 1
399200, 1, 1
399321, 0, 0
399325, 1, 0
399446, 0, 1
399450, 1, 1
399571, 0, 0
399575, 1, 0
399696, 0, 1
399700, 1, 1
399821, 0, 0
399825, 1, 0
399946, 0, 0
399950, 1, 1
400071, 0, 1
400075, 1, 1
400196, 0, 0
400200, 1, 0
400321, 0, 1
400325, 1, 1
400446, 0, bit 1
400446, 0, 0
400450, 1, 0
400571, 0, 1
400575, 1, bit 0
400575, 1, 1
400696, 0, 1
400700, 1, 0
400821, 0, 0
400825, 1, 0
400946, 0, 1
400950, 1, 1
401071, 0, 0
401075, 1, 0
401196, 0, 1
401200, 1, 1
401321, 0, 0
401325, 1, 0
401446, 0, 1
401451, 1, 1
401571, 0, 0
401576, 1, 0
401696, 0, 0
401701, 1, 1
401821, 0, 1
401826, 1, 1
401946, 0, 0
401951, 1, 0
402071, 0, 1
402076, 1, 1
402196, 0, bit 0
402196, 0, 1
402201, 1, 0
402321, 0, 0
402326, 1, bit 1
402326, 1, 0
402446, 0, 0
402451, 1, 1
402571, 0, 1
402576, 1, 1
402696, 0, 0
402701, 1, 0
402821, 0, 1
402826, 1, 1
402946, 0, 0
402951, 1, 0
403072, 0, 1
403076, 1, 1
403197, 0, 0
403201, 1, 0
403322, 0, 1
403326, 1, 1
403447, 0, 1
403451, 1, 0
403572, 0, 0
403576, 1, 0
403697, 0, 1
403701, 1, 1
403822, 0, 0
403826, 1, 0
403947, 0, bit 1
403947, 0, 0
403951, 1, 1
404072, 0, 1
404076, 1, bit 1
404079, 1, 0
404197, 0, 1
404201, 1, 1
404322, 0, 0
404326, 1, 1
404447, 0, 1
404451, 1, 0
404572, 0, 0
404576, 1, 1
404697, 0, 1
404701, 1, 0
404822, 0, 0
404826, 1, 1
404947, 0, 1
404951, 1, 0
405072, 0, 0
405076, 1, 1
405197, 0, 0
405201, 1, 0
405322, 0, 1
405326, 1, 0
405447, 0, 0
405451, 1, 1
405572, 0, 1
405576, 1, 0
405697, 0, bit 1
405697, 0, 0
405701, 1, 1
405822, 0, 1
405826, 1, bit 0
405826, 1, 1
405947, 0, 1
405951, 1, 0
406072, 0, 0
406076, 1, 0
406197, 0, 1
406201, 1, 1
406322, 0, 0
406326, 1, 0
406447, 0, 1
406451, 1, 1
406572, 0, 0
406576, 1, 0
406697, 0, 1
406701, 1, 1
406822, 0, 0
406827, 1, 0
406947, 0, 0
406952, 1, 1
407072, 0, 1
407077, 1, 1
407197, 0, 0
407202, 1, 0
407322, 0, 1
407327, 1, 1
407447, 0, bit 1
407447, 0, 0
407452, 1, 0
407572, 0, 1
407577, 1, bit 1
407577, 1, 0
407697, 0, 1
407702, 1, 1
407822, 0, 0
407827, 1, 1
407947, 0, 1
407952, 1, 0
408072, 0, 0
408077, 1, 1
408197, 0, 1
408202, 1, 0
408322, 0, 0
408327, 1, 1
408448, 0, 1
408452, 1, 0
408573, 0, 0
408577, 1, 1
408698, 0, 0
408702, 1, 0
408823, 0, 1
408827, 1, 0
408948, 0, 0
408952, 1, 1
409073, 0, 1
409077, 1, 0
409198, 0, bit 1
409198, 0, 0
409202, 1, 1
409323, 0, 1
409327, 1, bit 1
409327, 1, 0
409448, 0, 1
409452, 1, 1
409573, 0, 0
409577, 1, 1
409698, 0, 1
409702, 1, 0
409823, 0, 0
409827, 1, 1
409948, 0, 1
409952, 1, 0
410073, 0, 0
410077, 1, 1
410198, 0, 1
410202, 1, 0
410323, 0, 0
410327, 1, 1
410448, 0, 0
410452, 1, 0
410573, 0, 1
410577, 1, 0
410698, 0, 0
410702, 1, 1
410823, 0, 1
410827, 1, 0
410948, 0, bit 0
410948, 0, 1
410952, 1, 1
411073, 0, 0
411077, 1, bit 1
411077, 1, 0
411198, 0, 0
411202, 1, 1
411323, 0, 1
411327, 1, 1
411448, 0, 0
411452, 1, 0
411573, 0, 1
411577, 1, 1
411698, 0, 0
411702, 1, 0
411823, 0, 1
411827, 1, 1
411948, 0, 0
411952, 1, 0
412073, 0, 1
412077, 1, 1
412198, 0, 1
412203, 1, 0
412323, 0, 0
412328, 1, 0
412448, 0, 1
412453, 1, 1
412573, 0, 0
412578, 1, 0
412698, 0, bit 0
412698, 0, 1
412703, 1, 1
412823, 0, 0
412828, 1, bit 1
412828, 1, 0
412948, 0, 0
412953, 1, 1
413073, 0, 1
413078, 1, 1
413198, 0, 0
413203, 1, 0
413323, 0, 1
413328, 1, 1
413448, 0, 0
413453, 1, 0
413573, 0, 1
413578, 1, 1
413698, 0, 0
413703, 1, 0
413824, 0, 1
413828, 1, 1
413949, 0, 1
413953, 1, 0
414074, 0, 0
414078, 1, 0
414199, 0, 1
414203, 1, 1
414324, 0, 0
414328, 1, 0
414449, 0, bit 0
414449, 0, 1
414453, 1, 1
414574, 0, 0
414584, 1, bit 1
414585, 1, 0
414699, 0, 0
414709, 1, 1
414824, 0, 1
414834, 1, 1
414949, 0, 0
414959, 1, 0
415074, 0, 1
415084, 1, 1
415199, 0, 0
415209, 1, 0
415324, 0, 1
415334, 1, 1
415449, 0, 0
415459, 1, 0
415574, 0, 1
415584, 1, 1
415699, 0, 1
415709, 1, 0
415824, 0, 0
415834, 1, 0
415949, 0, 1
415959, 1, 1
416074, 0, 0
416084, 1, 0
416199, 0, bit 0
416199, 0, 1
416209, 1, 1
416324, 0, 0
416334, 1, bit 1
416334, 1, 0
416449, 0, 0
416459, 1, 1
416574, 0, 1
416584, 1, 1
416699, 0, 0
416709, 1, 0
416824, 0, 1
416834, 1, 1
416949, 0, 0
416959, 1, 0
417074, 0, 1
417084, 1, 1
417199, 0, 0
417209, 1, 0
417324, 0, 1
417334, 1, 1
417449, 0, 1
417459, 1, 0
417574, 0, 0
417584, 1, 0
417699, 0, 1
417709, 1, 1
417824, 0, 0
417835, 1, 0
417949, 0, bit 1
417949, 0, 0
417960, 1, 1
418074, 0, 1
418085, 1, bit 0
418085, 1, 1
418199, 0, 1
418210, 1, 0
418324, 0, 0
418335, 1, 0
418449, 0, 1
418460, 1, 1
418574, 0, 0
418585, 1, 0
418699, 0, 1
418710, 1, 1
418824, 0, 0
418835, 1, 0
418949, 0, 1
418960, 1, 1
419074, 0, 0
419085, 1, 0
419200, 0, 0
419210, 1, 1
419325, 0, 1
419335, 1, 1
419450, 0, 0
419460, 1, 0
419575, 0, 1
419585, 1, 1
419700, 0, bit 1
419700, 0, 0
419710, 1, 0
419825, 0, 1
419835, 1, bit 0
419835, 1, 1
419950, 0, 1
419960, 1, 0
420075, 0, 0
420085, 1, 0
420200, 0, 1
420210, 1, 1
420325, 0, 0
420335, 1, 0
420450, 0, 1
420460, 1, 1
420575, 0, 0
420585, 1, 0
420700, 0, 1
420710, 1, 1
420825, 0, 0
420835, 1, 0
420950, 0, 0
420960, 1, 1
421075, 0, 1
421085, 1, 1
421200, 0, 0
421210, 1, 0
421325, 0, 1
421335, 1, 1
421450, 0, bit 0
421450, 0, 1
421460, 1, 0
421575, 0, 0
421585, 1, bit 1
421585, 1, 0
421700, 0, 0
421710, 1, 1
421825, 0, 1
421835, 1, 1
421950, 0, 0
421960, 1, 0
422075, 0, 1
422085, 1, 1
422200, 0, 0
422210, 1, 0
422325, 0, 1
422335, 1, 1
422450, 0, 0
422460, 1, 0
422575, 0, 1
422585, 1, 1
422700, 0, 1
422710, 1, 0
422825, 0, 0
422835, 1, 0
422950, 0, 1
422960, 1, 1
423075, 0, 0
423085, 1, 0
423200, 0, bit 1
423200, 0, 0
423211, 1, 1
423325, 0, 1
423336, 1, bit 1
423336, 1, 0
423450, 0, 1
423461, 1, 1
423575, 0, 0
423586, 1, 1
423700, 0, 1
423711, 1, 0
423825, 0, 0
423836, 1, 1
423950, 0, 1
423961, 1, 0
424075, 0, 0
424086, 1, 1
424200, 0, 1
424211, 1, 0
424325, 0, 0
424336, 1, 1
424450, 0, 0
424461, 1, 0
424576, 0, 1
424586, 1, 0
424701, 0, 0
424711, 1, 1
424826, 0, 1
424836, 1, 0
424951, 0, bit 0
424951, 0, 1
424961, 1, 1
425076, 0, 0
425086, 1, bit 0
425086, 1, 1
425201, 0, 0
425211, 1, 0
425326, 0, 1
425336, 1, 0
425451, 0, 0
425461, 1, 1
425576, 0, 1
425586, 1, 0
425701, 0, 0
425711, 1, 1
425826, 0, 1
425836, 1, 0
425951, 0, 0
425961, 1, 1
426076, 0, 1
426086, 1, 0
426201, 0, 1
426211, 1, 1
426326, 0, 0
426336, 1, 1
426451, 0, 1
426461, 1, 0
426576, 0, 0
426586, 1, 1
426701, 0, bit 0
426701, 0, 1
426711, 1, 0
426826, 0, 0
426836, 1, bit 0
426836, 1, 1
426951, 0, 0
426961, 1, 0
427076, 0, 1
427086, 1, 0
427201, 0, 0
427211, 1, 1
427326, 0, 1
427336, 1, 0
427451, 0, 0
427461, 1, 1
427576, 0, 1
427586, 1, 0
427701, 0, 0
427711, 1, 1
427826, 0, 1
427836, 1, 0
427951, 0, 1
427961, 1, 1
428076, 0, 0
428086, 1, 1
428201, 0, 1
428211, 1, 0
428326, 0, 0
428336, 1, 1
428451, 0, bit 0
428451, 0, 1
428461, 1, 0
428576, 0, 0
428587, 1, bit 1
428587, 1, 0
428701, 0, 0
428712, 1, 1
428826, 0, 1
428837, 1, 1
428951, 0, 0
428962, 1, 0
429076, 0, 1
429087, 1, 1
429201, 0, 0
429212, 1, 0
429326, 0, 1
429337, 1, 1
429451, 0, 0
429462, 1, 0
429576, 0, 1
429587, 1, 1
429701, 0, 1
429712, 1, 0
429826, 0, 0
429837, 1, 0
429952, 0, 1
429962, 1, 1
430077, 0, 0
430087, 1, 0
430202, 0, bit 0
430202, 0, 1
430212, 1, 1
430327, 0, 0
430337, 1, bit 0
430337, 1, 1
430452, 0, 0
430462, 1, 0
430577, 0, 1
430587, 1, 0
430702, 0, 0
430712, 1, 1
430827, 0, 1
430837, 1, 0
430952, 0, 0
430962, 1, 1
431077, 0, 1
431087, 1, 0
431202, 0, 0
431212, 1, 1
431327, 0, 1
431337, 1, 0
431452, 0, 1
431462, 1, 1
431577, 0, 0
431587, 1, 1
431702, 0, 1
431712, 1, 0
431827, 0, 0
431837, 1, 1
431952, 0, bit 1
431952, 0, 0
431962, 1, 0
432077, 0, 1
432087, 1, bit 0
432087, 1, 1
432202, 0, 1
432212, 1, 0
432327, 0, 0
432337, 1, 0
432452, 0, 1
432462, 1, 1
432577, 0, 0
432587, 1, 0
432702, 0, 1
432712, 1, 1
432827, 0, 0
432837, 1, 0
432952, 0, 1
432962, 1, 1
433077, 0, 0
433087, 1, 0
433202, 0, 0
433212, 1, 1
433327, 0, 1
433337, 1, 1
433452, 0, 0
433462, 1, 0
433577, 0, 1
433587, 1, 1
433702, 0, bit 0
433702, 0, 1
433712, 1, 0
433827, 0, 0
433837, 1, bit 0
433837, 1, 1
433952, 0, 0
433963, 1, 0
434077, 0, 1
434088, 1, 0
434202, 0, 0
434213, 1, 1
434327, 0, 1
434338, 1, 0
434452, 0, 0
434463, 1, 1
434577, 0, 1
434588, 1, 0
434702, 0, 0
434713, 1, 1
434827, 0, 1
434838, 1, 0
434952, 0, 1
434963, 1, 1
435077, 0, 0
435088, 1, 1
435202, 0, 1
435213, 1, 0
435328, 0, 0
435338, 1, 1
435453, 0, bit 1
435453, 0, 0
435463, 1, 0
435578, 0, 1
435588, 1, bit 0
435588, 1, 1
435703, 0, 1
435713, 1, 0
435828, 0, 0
435838, 1, 0
435953, 0, 1
435963, 1, 1
436078, 0, 0
436088, 1, 0
436203, 0, 1
436213, 1, 1
436328, 0, 0
436338, 1, 0
436453, 0, 1
436463, 1, 1
436578, 0, 0
436588, 1, 0
436703, 0, 0
436713, 1, 1
436828, 0, 1
436838, 1, 1
436953, 0, 0
436963, 1, 0
437078, 0, 1
437088, 1, 1
437203, 0, bit 0
437203, 0, 1
437213, 1, 0
437328, 0, 0
437338, 1, bit 1
437338, 1, 0
437453, 0, 0
437463, 1, 1
437578, 0, 1
437588, 1, 1
437703, 0, 0
437713, 1, 0
437828, 0, 1
437838, 1, 1
437953, 0, 0
437963, 1, 0
438078, 0, 1
438088, 1, 1
438203, 0, 0
438213, 1, 0
438328, 0, 1
438338, 1, 1
438453, 0, 1
438463, 1, 0
438578, 0, 0
438588, 1, 0
438703, 0, 1
438713, 1, 1
438828, 0, 0
438838, 1, 0
438953, 0, bit 1
438953, 0, 0
438963, 1, 1
439078, 0, 1
439088, 1, bit 0
439088, 1, 1
439203, 0, 1
439213, 1, 0
439328, 0, 0
439339, 1, 0
439453, 0, 1
439464, 1, 1
439578, 0, 0
439589, 1, 0
439703, 0, 1
439714, 1, 1
439828, 0, 0
439839, 1, 0
439953, 0, 1
439964, 1, 1
440078, 0, 0
440089, 1, 0
440203, 0, 0
440214, 1, 1
440328, 0, 1
440339, 1, 1
440453, 0, 0
440464, 1, 0
440578, 0, 1
440589, 1, 1
440704, 0, bit 0
440704, 0, 1
440714, 1, 0
440829, 0, 0
440839, 1, bit 0
440839, 1, 1
440954, 0, 0
440964, 1, 0
441079, 0, 1
441089, 1, 0
441204, 0, 0
441214, 1, 1
441329, 0, 1
441339, 1, 0
441454, 0, 0
441464, 1, 1
441579, 0, 1
441589, 1, 0
441704, 0, 0
441714, 1, 1
441829, 0, 1
441839, 1, 0
441954, 0, 1
441964, 1, 1
442079, 0, 0
442089, 1, 1
442204, 0, 1
442214, 1, 0
442329, 0, 0
442339, 1, 1
442454, 0, bit 1
442454, 0, 0
442464, 1, 0
442579, 0, 1
442589, 1, bit 1
442589, 1, 0
442704, 0, 1
442714, 1, 1
442829, 0, 0
442839, 1, 1
442954, 0, 1
442964, 1, 0
443079, 0, 0
443089, 1, 1
443204, 0, 1
443214, 1, 0
443329, 0, 0
443339, 1, 1
443454, 0, 1
443464, 1, 0
443579, 0, 0
443589, 1, 1
443704, 0, 0
443714, 1, 0
443829, 0, 1
443839, 1, 0
443954, 0, 0
443964, 1, 1
444079, 0, 1
444089, 1, 0
444204, 0, bit 1
444204, 0, 0
444214, 1, 1
444329, 0, 1
444339, 1, bit 0
444339, 1, 1
444454, 0, 1
444464, 1, 0
444579, 0, 0
444589, 1, 0
444704, 0, 1
444715, 1, 1
444829, 0, 0
444840, 1, 0
444954, 0, 1
444965, 1, 1
445079, 0, 0
445090, 1, 0
445204, 0, 1
445215, 1, 1
445329, 0, 0
445340, 1, 0
445454, 0, 0
445465, 1, 1
445579, 0, 1
445590, 1, 1
445704, 0, 0
445715, 1, 0
445829, 0, 1
445840, 1, 1
445954, 0, bit 0
445954, 0, 1
445965, 1, 0
446080, 0, 0
446090, 1, bit 1
446090, 1, 0
446205, 0, 0
446215, 1, 1
446330, 0, 1
446340, 1, 1
446455, 0, 0
446465, 1, 0
446580, 0, 1
446590, 1, 1
446705, 0, 0
446715, 1, 0
446830, 0, 1
446840, 1, 1
446955, 0, 0
446965, 1, 0
447080, 0, 1
447090, 1, 1
447205, 0, 1
447215, 1, 0
447330, 0, 0
447340, 1, 0
447455, 0, 1
447465, 1, 1
447580, 0, 0
447590, 1, 0
447705, 0, bit 1
447705, 0, 0
447715, 1, 1
447830, 0, 1
447840, 1, bit 0
447840, 1, 1
447955, 0, 1
447965, 1, 0
448080, 0, 0
448090, 1, 0
448205, 0, 1
448215, 1, 1
448330, 0, 0
448340, 1, 0
448455, 0, 1
448465, 1, 1
448580, 0, 0
448590, 1, 0
448705, 0, 1
448715, 1, 1
448830, 0, 0
448840, 1, 0
448955, 0, 0
448965, 1, 1
449080, 0, 1
449090, 1, 1
449205, 0, 0
449215, 1, 0
449330, 0, 1
449340, 1, 1
449455, 0, bit 1
449455, 0, 0
449465, 1, 0
449580, 0, 1
449590, 1, bit 1
449590, 1, 0
449705, 0, 1
449715, 1, 1
449830, 0, 0
449840, 1, 1
449955, 0, 1
449965, 1, 0
450080, 0, 0
450091, 1, 1
450205, 0, 1
450216, 1, 0
450330, 0, 0
450341, 1, 1
450455, 0, 1
450466, 1, 0
450580, 0, 0
450591, 1, 1
450705, 0, 0
450716, 1, 0
450830, 0, 1
450841, 1, 0
450955, 0, 0
450966, 1, 1
451080, 0, 1
451091, 1, 0
451205, 0, bit 0
451205, 0, 1
451216, 1, 1
451330, 0, 0
451341, 1, bit 0
451341, 1, 1
451456, 0, 0
451466, 1, 0
451581, 0, 1
451591, 1, 0
451706, 0, 0
451716, 1, 1
451831, 0, 1
451841, 1, 0
451956, 0, 0
451966, 1, 1
452081, 0, 1
452091, 1, 0
452206, 0, 0
452216, 1, 1
452331, 0, 1
452341, 1, 0
452456, 0, 1
452466, 1, 1
452581, 0, 0
452591, 1, 1
452706, 0, 1
452716, 1, 0
452831, 0, 0
452841, 1, 1
452956, 0, bit 1
452956, 0, 0
452966, 1, 0
453081, 0, 1
453091, 1, bit 0
453091, 1, 1
453206, 0, 1
453216, 1, 0
453331, 0, 0
453341, 1, 0
453456, 0, 1
453466, 1, 1
453581, 0, 0
453591, 1, 0
453706, 0, 1
453716, 1, 1
453831, 0, 0
453841, 1, 0
453956, 0, 1
453966, 1, 1
454081, 0, 0
454091, 1, 0
454206, 0, 0
454216, 1, 1
454331, 0, 1
454341, 1, 1
454456, 0, 0
454466, 1, 0
454581, 0, 1
454591, 1, 1
454706, 0, bit 0
454706, 0, 1
454716, 1, 0
454831, 0, 0
454841, 1, bit 1
454841, 1, 0
454956, 0, 0
454966, 1, 1
455081, 0, 1
455091, 1, 1
455206, 0, 0
455216, 1, 0
455331, 0, 1
455341, 1, 1
455456, 0, 0
455467, 1, 0
455581, 0, 1
455592, 1, 1
455706, 0, 0
455717, 1, 0
455831, 0, 1
455842, 1, 1
455956, 0, 1
455967, 1, 0
456081, 0, 0
456092, 1, 0
456206, 0, 1
456217, 1, 1
456331, 0, 0
456342, 1, 0
456456, 0, bit 0
456456, 0, 1
456467, 1, 1
456581, 0, 0
456592, 1, bit 0
456592, 1, 1
456706, 0, 0
456717, 1, 0
456832, 0, 1
456842, 1, 0
456957, 0, 0
456967, 1, 1
457082, 0, 1
457092, 1, 0
457207, 0, 0
457217, 1, 1
457332, 0, 1
457342, 1, 0
457457, 0, 0
457467, 1, 1
457582, 0, 1
457592, 1, 0
457707, 0, 1
457717, 1, 1
457832, 0, 0
457842, 1, 1
457957, 0, 1
457967, 1, 0
458082, 0, 0
458092, 1, 1
458207, 0, bit 0
458207, 0, 1
458217, 1, 0
458332, 0, 0
458342, 1, bit 0
458342, 1, 1
458457, 0, 0
458467, 1, 0
458582, 0, 1
458592, 1, 0
458707, 0, 0
458717, 1, 1
458832, 0, 1
458842, 1, 0
458957, 0, 0
458967, 1, 1
459082, 0, 1
459092, 1, 0
459207, 0, 0
459217, 1, 1
459332, 0, 1
459342, 1, 0
459457, 0, 1
459467, 1, 1
459582, 0, 0
459592, 1, 1
459707, 0, 1
459717, 1, 0
459832, 0, 0
459842, 1, 1
459957, 0, bit 0
459957, 0, 1
459967, 1, 0
460082, 0, 0
460092, 1, bit 0
460092, 1, 1
460207, 0, 0
460217, 1, 0
460332, 0, 1
460342, 1, 0
460457, 0, 0
460467, 1, 1
460582, 0, 1
460592, 1, 0
460707, 0, 0
460717, 1, 1
460832, 0, 1
460843, 1, 0
460957, 0, 0
460968, 1, 1
461082, 0, 1
461093, 1, 0
461207, 0, 1
461218, 1, 1
461332, 0, 0
461343, 1, 1
461457, 0, 1
461468, 1, 0
461582, 0, 0
461593, 1, 1
461707, 0, bit 1
461707, 0, 0
461718, 1, 0
461832, 0, 1
461843, 1, bit 0
461843, 1, 1
461957, 0, 1
461968, 1, 0
462082, 0, 0
462093, 1, 0
462208, 0, 1
462218, 1, 1
462333, 0, 0
462343, 1, 0
462458, 0, 1
462468, 1, 1
462583, 0, 0
462593, 1, 0
462708, 0, 1
462718, 1, 1
462833, 0, 0
462843, 1, 0
462958, 0, 0
462968, 1, 1
463083, 0, 1
463093, 1, 1
463208, 0, 0
463218, 1, 0
463333, 0, 1
463343, 1, 1
463458, 0, bit 1
463458, 0, 0
463468, 1, 0
463583, 0, 1
463593, 1, bit 1
463593, 1, 0
463708, 0, 1
463718, 1, 1
463833, 0, 0
463843, 1, 1
463958, 0, 1
463968, 1, 0
464083, 0, 0
464093, 1, 1
464208, 0, 1
464218, 1, 0
464333, 0, 0
464343, 1, 1
464458, 0, 1
464468, 1, 0
464583, 0, 0
464593, 1, 1
464708, 0, 0
464718, 1, 0
464833, 0, 1
464843, 1, 0
464958, 0, 0
464968, 1, 1
465083, 0, 1
465093, 1, 0
465208, 0, bit 0
465208, 0, 1
465218, 1, 1
465333, 0, 0
465343, 1, bit 1
465343, 1, 0
465458, 0, 0
465468, 1, 1
465583, 0, 1
465593, 1, 1
465708, 0, 0
465718, 1, 0
465833, 0, 1
465843, 1, 1
465958, 0, 0
465968, 1, 0
466083, 0, 1
466093, 1, 1
466208, 0, 0
466219, 1, 0
466333, 0, 1
466344, 1, 1
466458, 0, 1
466469, 1, 0
466583, 0, 0
466594, 1, 0
466708, 0, 1
466719, 1, 1
466833, 0, 0
466844, 1, 0
466958, 0, bit 1
466966, 0, 0
466969, 1, 1
467083, 0, 1
467094, 1, bit 1
467094, 1, 0
467208, 0, 1
467219, 1, 1
467333, 0, 0
467344, 1, 1
467458, 0, 1
467469, 1, 0
467584, 0, 0
467594, 1, 1
467709, 0, 1
467719, 1, 0
467834, 0, 0
467844, 1, 1
467959, 0, 1
467969, 1, 0
468084, 0, 0
468094, 1, 1
468209, 0, 0
468219, 1, 0
468334, 0, 1
468344, 1, 0
468459, 0, 0
468469, 1, 1
468584, 0, 1
468594, 1, 0
468709, 0, bit 1
468709, 0, 0
468719, 1, 1
468834, 0, 1
468844, 1, bit 1
468844, 1, 0
468959, 0, 1
468969, 1, 1
469084, 0, 0
469094, 1, 1
469209, 0, 1
469219, 1, 0
469334, 0, 0
469344, 1, 1
469459, 0, 1
469469, 1, 0
469584, 0, 0
469594, 1, 1
469709, 0, 1
469719, 1, 0
469834, 0, 0
469844, 1, 1
469959, 0, 0
469969, 1, 0
470084, 0, 1
470094, 1, 0
470209, 0, 0
470219, 1, 1
470334, 0, 1
470344, 1, 0
470459, 0, bit 0
470459, 0, 1
470469, 1, 1
470584, 0, 0
470594, 1, bit 1
470594, 1, 0
470709, 0, 0
470719, 1, 1
470834, 0, 1
470844, 1, 1
470959, 0, 0
470969, 1, 0
471084, 0, 1
471094, 1, 1
471209, 0, 0
471219, 1, 0
471334, 0, 1
471344, 1, 1
471459, 0, 0
471469, 1, 0
471584, 0, 1
471595, 1, 1
471709, 0, 1
471720, 1, 0
471834, 0, 0
471845, 1, 0
471959, 0, 1
471970, 1, 1
472084, 0, 0
472095, 1, 0
472209, 0, bit 1
472209, 0, 0
472220, 1, 1
472334, 0, 1
472345, 1, bit 1
472345, 1, 0
472459, 0, 1
472470, 1, 1
472584, 0, 0
472595, 1, 1
472709, 0, 1
472720, 1, 0
472834, 0, 0
472845, 1, 1
472960, 0, 1
472970, 1, 0
473085, 0, 0
473095, 1, 1
473210, 0, 1
473220, 1, 0
473335, 0, 0
473345, 1, 1
473460, 0, 0
473470, 1, 0
473585, 0, 1
473595, 1, 0
473710, 0, 0
473720, 1, 1
473835, 0, 1
473845, 1, 0
473960, 0, bit 0
473960, 0, 1
473970, 1, 1
474085, 0, 0
474095, 1, bit 1
474095, 1, 0
474210, 0, 0
474220, 1, 1
474335, 0, 1
474345, 1, 1
474460, 0, 0
474470, 1, 0
474585, 0, 1
474595, 1, 1
474710, 0, 0
474720, 1, 0
474835, 0, 1
474845, 1, 1
474960, 0, 0
474970, 1, 0
475085, 0, 1
475095, 1, 1
475210, 0, 1
475220, 1, 0
475335, 0, 0
475345, 1, 0
475460, 0, 1
475470, 1, 1
475585, 0, 0
475595, 1, 0
475720, 1, 1
475845, 1, bit 0
475845, 1, 1
475970, 1, 0
476095, 1, 0
476220, 1, 1
476345, 1, 0
476470, 1, 1
476595, 1, 0
476720, 1, 1
476845, 1, 0
476971, 1, 1
477096, 1, 1
477221, 1, 0
477346, 1, 1
477471, 1, 0
477596, 1, bit 0
477596, 1, 1
477721, 1, 0
477846, 1, 0
477971, 1, 1
478096, 1, 0
478221, 1, 1
478346, 1, 0
478471, 1, 1
478596, 1, 0
478721, 1, 1
478846, 1, 1
478971, 1, 0
479096, 1, 1
479221, 1, 0
479346, 1, bit 0
479346, 1, 1
479471, 1, 0
479596, 1, 0
479721, 1, 1
479846, 1, 0
479971, 1, 1
480096, 1, 0
480221, 1, 1
480346, 1, 0
480471, 1, 1
480596, 1, 1
480721, 1, 0
480846, 1, 1
480971, 1, 0
481096, 1, bit 1
481096, 1, 0
481221, 1, 1
481346, 1, 1
481471, 1, 0
481596, 1, 1
481721, 1, 0
481846, 1, 1
481971, 1, 0
482096, 1, 1
482221, 1, 0
482347, 1, 0
482472, 1, 1
482597, 1, 0
482722, 1, 1
482847, 1, bit 1
482847, 1, 0
482972, 1, 1
483097, 1, 1
483222, 1, 0
483347, 1, 1
483472, 1, 0
483597, 1, 1
483722, 1, 0
483847, 1, 1
483972, 1, 0
484097, 1, 0
484222, 1, 1
484347, 1, 0
484472, 1, 1
484597, 1, bit 0
484597, 1, 1
484722, 1, 0
484847, 1, 0
484972, 1, 1
485097, 1, 0
485222, 1, 1
485347, 1, 0
485472, 1, 1
485597, 1, 0
485722, 1, 1
485847, 1, 1
485972, 1, 0
486097, 1, 1
486222, 1, 0
486347, 1, bit 1
486347, 1, 0
486472, 1, 1
486597, 1, 1
486722, 1, 0
486847, 1, 1
486972, 1, 0
487097, 1, 1
487222, 1, 0
487347, 1, 1
487472, 1, 0
487597, 1, 0
487723, 1, 1
487848, 1, 0
487973, 1, 1
488098, 1, bit 0
488098, 1, 1
488223, 1, 0
488348, 1, 0
488473, 1, 1
488598, 1, 0
488723, 1, 1
488848, 1, 0
488973, 1, 1
489098, 1, 0
489223, 1, 1
489348, 1, 1
489473, 1, 0
489598, 1, 1
489723, 1, 0
