125 100 4 7 16
(2, 20, 13, 10.00), (code 2)
(3, 258, 1, 10.00), (code 1)
(4, 496, 7, 10.00), (code 3)
(5, 734, 9, 10.00), (code 4)
START
1264687, 0, prem 0
1264687, 0, 0
1264812, 0, 0
1264937, 0, 0
1265062, 0, 0
1265187, 0, 0
1265312, 0, 0
1265437, 0, 0
1265562, 0, 0
1265687, 0, 0
1265812, 0, 0
1265937, 0, 0
1266062, 0, 0
1266187, 0, 0
1266312, 0, 0
1266437, 0, 0
1266562, 0, 0
1266688, 0, 1
1266813, 0, 1
1266938, 0, 1
1267063, 0, 1
1267188, 0, 1
1267313, 0, 1
1267438, 0, 1
1267563, 0, 1
1267688, 0, 1
1267813, 0, 1
1267938, 0, 1
1268063, 0, 1
1268188, 0, 1
1268313, 0, 1
1268438, 0, 1
1268563, 0, 1
1268688, 0, prem 1
1268688, 0, 1
1268813, 0, 1
1268938, 0, 1
1269063, 0, 1
1269188, 0, 1
1269313, 0, 1
1269438, 0, 1
1269563, 0, 1
1269688, 0, 1
1269813, 0, 1
1269938, 0, 1
1270063, 0, 1
1270188, 0, 1
1270313, 0, 1
1270438, 0, 1
1270563, 0, 1
1270688, 0, 0
1270813, 0, 0
1270938, 0, 0
1271063, 0, 0
1271188, 0, 0
1271313, 0, 0
1271438, 0, 0
1271563, 0, 0
1271688, 0, 0
1271813, 0, 0
1271938, 0, 0
1272064, 0, 0
1272189, 0, 0
1272314, 0, 0
1272439, 0, 0
1272564, 0, 0
1272689, 0, prem 0
1272689, 0, 0
1272814, 0, 0
1272939, 0, 0
1273064, 0, 0
1273189, 0, 0
1273314, 0, 0
1273439, 0, 0
1273564, 0, 0
1273689, 0, 0
1273814, 0, 0
1273939, 0, 0
1274064, 0, 0
1274189, 0, 0
1274314, 0, 0
1274439, 0, 0
1274564, 0, 0
1274689, 0, 1
1274814, 0, 1
1274939, 0, 1
1275064, 0, 1
1275189, 0, 1
1275314, 0, 1
1275439, 0, 1
1275564, 0, 1
1275689, 0, 1
1275814, 0, 1
1275939, 0, 1
1276064, 0, 1
1276189, 0, 1
1276314, 0, 1
1276439, 0, 1
1276564, 0, 1
1276689, 0, prem 1
1276689, 0, 1
1276814, 0, 1
1276939, 0, 1
1277064, 0, 1
1277189, 0, 1
1277314, 0, 1
1277440, 0, 1
1277565, 0, 1
1277690, 0, 1
1277815, 0, 1
1277940, 0, 1
1278065, 0, 1
1278190, 0, 1
1278315, 0, 1
1278440, 0, 1
1278565, 0, 1
1278690, 0, 0
1278815, 0, 0
1278940, 0, 0
1279065, 0, 0
1279190, 0, 0
1279315, 0, 0
1279440, 0, 0
1279565, 0, 0
1279690, 0, 0
1279815, 0, 0
1279940, 0, 0
1280065, 0, 0
1280190, 0, 0
1280315, 0, 0
1280440, 0, 0
1280565, 0, 0
1280690, 0, prem 0
1280690, 0, 0
1280815, 0, 0
1280940, 0, 0
1281065, 0, 0
1281190, 0, 0
1281315, 0, 0
1281440, 0, 0
1281565, 0, 0
1281690, 0, 0
1281815, 0, 0
1281940, 0, 0
1282065, 0, 0
1282190, 0, 0
1282315, 0, 0
1282440, 0, 0
1282565, 0, 0
1282690, 0, 1
1282816, 0, 1
1282941, 0, 1
1283066, 0, 1
1283191, 0, 1
1283316, 0, 1
1283441, 0, 1
1283566, 0, 1
1283691, 0, 1
1283816, 0, 1
1283941, 0, 1
1284066, 0, 1
1284191, 0, 1
1284316, 0, 1
1284441, 0, 1
1284566, 0, 1
1284691, 0, prem 1
1284691, 0, 1
1284816, 0, 1
1284941, 0, 1
1285066, 0, 1
1285191, 0, 1
1285316, 0, 1
1285441, 0, 1
1285566, 0, 1
1285691, 0, 1
1285816, 0, 1
1285941, 0, 1
1286066, 0, 1
1286191, 0, 1
1286316, 0, 1
1286441, 0, 1
1286566, 0, 1
1286691, 0, 0
1286816, 0, 0
1286941, 0, 0
1287066, 0, 0
1287191, 0, 0
1287316, 0, 0
1287441, 0, 0
1287566, 0, 0
1287691, 0, 0
1287816, 0, 0
1287941, 0, 0
1288066, 0, 0
1288192, 0, 0
1288317, 0, 0
1288442, 0, 0
1288567, 0, 0
1288692, 0, prem 1
1288692, 0, 1
1288817, 0, 1
1288942, 0, 1
1289067, 0, 1
1289192, 0, 1
1289317, 0, 1
1289442, 0, 1
1289567, 0, 1
1289692, 0, 1
1289817, 0, 1
1289942, 0, 1
1290067, 0, 1
1290192, 0, 1
1290317, 0, 1
1290442, 0, 1
1290567, 0, 1
1290692, 0, 0
1290817, 0, 0
1290942, 0, 0
1291067, 0, 0
1291192, 0, 0
1291317, 0, 0
1291442, 0, 0
1291567, 0, 0
1291692, 0, 0
1291817, 0, 0
1291942, 0, 0
1292067, 0, 0
1292192, 0, 0
1292317, 0, 0
1292442, 0, 0
1292567, 0, 0
1292692, 0, bit 1
1292692, 0, 0
1292817, 0, 1
1292942, 0, 1
1292994, 1, prem 1
1292994, 1, 1
1293067, 0, 0
1293119, 1, 1
1293192, 0, 0
1293244, 1, 1
1293317, 0, 1
1293369, 1, 1
1293442, 0, 1
1293494, 1, 1
1293568, 0, 0
1293619, 1, 1
1293693, 0, 0
1293744, 1, 1
1293818, 0, 1
1293869, 1, 1
1293943, 0, 1
1293995, 1, 1
1294068, 0, 0
1294120, 1, 1
1294193, 0, 1
1294245, 1, 1
1294318, 0, 0
1294370, 1, 1
1294443, 0, bit 1
1294443, 0, 0
1294495, 1, 1
1294568, 0, 1
1294620, 1, 1
1294693, 0, 1
1294745, 1, 1
1294818, 0, 0
1294870, 1, 1
1294943, 0, 0
1294995, 1, 0
1295068, 0, 1
1295120, 1, 0
1295193, 0, 1
1295245, 1, 0
1295318, 0, 0
1295370, 1, 0
1295443, 0, 0
1295495, 1, 0
1295568, 0, 1
1295620, 1, 0
1295693, 0, 1
1295745, 1, 0
1295818, 0, 0
1295870, 1, 0
1295943, 0, 1
1295995, 1, 0
1296068, 0, 0
1296120, 1, 0
1296193, 0, bit 0
1296193, 0, 1
1296245, 1, 0
1296318, 0, 0
1296370, 1, 0
1296443, 0, 0
1296495, 1, 0
1296568, 0, 1
1296620, 1, 0
1296693, 0, 1
1296745, 1, 0
1296818, 0, 0
1296870, 1, 0
1296943, 0, 0
1296995, 1, prem 1
1296995, 1, 1
1297068, 0, 1
1297120, 1, 1
1297193, 0, 1
1297245, 1, 1
1297318, 0, 0
1297370, 1, 1
1297443, 0, 0
1297495, 1, 1
1297568, 0, 1
1297620, 1, 1
1297693, 0, 0
1297745, 1, 1
1297818, 0, 1
1297870, 1, 1
1297943, 0, bit 1
1297943, 0, 0
1297995, 1, 1
1298068, 0, 1
1298120, 1, 1
1298193, 0, 1
1298245, 1, 1
1298318, 0, 0
1298370, 1, 1
1298443, 0, 0
1298495, 1, 1
1298568, 0, 1
1298620, 1, 1
1298693, 0, 1
1298745, 1, 1
1298818, 0, 0
1298870, 1, 1
1298944, 0, 0
1298995, 1, 0
1299069, 0, 1
1299120, 1, 0
1299194, 0, 1
1299245, 1, 0
1299319, 0, 0
1299371, 1, 0
1299444, 0, 1
1299496, 1, 0
1299569, 0, 0
1299621, 1, 0
1299694, 0, bit 0
1299694, 0, 1
1299746, 1, 0
1299819, 0, 0
1299871, 1, 0
1299944, 0, 0
1299996, 1, 0
1300069, 0, 1
1300121, 1, 0
1300194, 0, 1
1300246, 1, 0
1300319, 0, 0
1300371, 1, 0
1300444, 0, 0
1300496, 1, 0
1300569, 0, 1
1300621, 1, 0
1300694, 0, 1
1300746, 1, 0
1300819, 0, 0
1300871, 1, 0
1300944, 0, 0
1300996, 1, prem 0
1300996, 1, 0
1301069, 0, 1
1301121, 1, 0
1301194, 0, 0
1301246, 1, 0
1301319, 0, 1
1301371, 1, 0
1301444, 0, bit 0
1301444, 0, 1
1301496, 1, 0
1301569, 0, 0
1301621, 1, 0
1301694, 0, 0
1301746, 1, 0
1301819, 0, 1
1301871, 1, 0
1301944, 0, 1
1301996, 1, 0
1302069, 0, 0
1302121, 1, 0
1302194, 0, 0
1302246, 1, 0
1302319, 0, 1
1302371, 1, 0
1302444, 0, 1
1302496, 1, 0
1302569, 0, 0
1302621, 1, 0
1302694, 0, 0
1302746, 1, 0
1302819, 0, 1
1302871, 1, 0
1302944, 0, 0
1302996, 1, 1
1303069, 0, 1
1303121, 1, 1
1303194, 0, bit 1
1303194, 0, 0
1303246, 1, 1
1303319, 0, 1
1303371, 1, 1
1303444, 0, 1
1303496, 1, 1
1303569, 0, 0
1303621, 1, 1
1303694, 0, 0
1303746, 1, 1
1303819, 0, 1
1303871, 1, 1
1303944, 0, 1
1303996, 1, 1
1304069, 0, 0
1304121, 1, 1
1304194, 0, 0
1304246, 1, 1
1304320, 0, 1
1304371, 1, 1
1304445, 0, 1
1304496, 1, 1
1304570, 0, 0
1304621, 1, 1
1304695, 0, 1
1304747, 1, 1
1304820, 0, 0
1304872, 1, 1
1304945, 0, bit 0
1304945, 0, 1
1304997, 1, prem 0
1304997, 1, 0
1305070, 0, 0
1305122, 1, 0
1305195, 0, 0
1305247, 1, 0
1305320, 0, 1
1305372, 1, 0
1305445, 0, 1
1305497, 1, 0
1305570, 0, 0
1305622, 1, 0
1305695, 0, 0
1305747, 1, 0
1305820, 0, 1
1305872, 1, 0
1305945, 0, 1
1305997, 1, 0
1306070, 0, 0
1306122, 1, 0
1306195, 0, 0
1306247, 1, 0
1306320, 0, 1
1306372, 1, 0
1306445, 0, 0
1306497, 1, 0
1306570, 0, 1
1306622, 1, 0
1306695, 0, bit 0
1306695, 0, 1
1306747, 1, 0
1306820, 0, 0
1306872, 1, 0
1306945, 0, 0
1306997, 1, 1
1307070, 0, 1
1307122, 1, 1
1307195, 0, 1
1307247, 1, 1
1307320, 0, 0
1307372, 1, 1
1307445, 0, 0
1307497, 1, 1
1307570, 0, 1
1307622, 1, 1
1307695, 0, 1
1307747, 1, 1
1307820, 0, 0
1307872, 1, 1
1307945, 0, 0
1307997, 1, 1
1308070, 0, 1
1308122, 1, 1
1308195, 0, 0
1308247, 1, 1
1308320, 0, 1
1308372, 1, 1
1308445, 0, bit 1
1308445, 0, 0
1308497, 1, 1
1308570, 0, 1
1308622, 1, 1
1308695, 0, 1
1308747, 1, 1
1308820, 0, 0
1308872, 1, 1
1308945, 0, 0
1308997, 1, prem 0
1308997, 1, 0
1309070, 0, 1
1309122, 1, 0
1309195, 0, 1
1309247, 1, 0
1309320, 0, 0
1309372, 1, 0
1309445, 0, 0
1309497, 1, 0
1309570, 0, 1
1309622, 1, 0
1309696, 0, 1
1309747, 1, 0
1309821, 0, 0
1309872, 1, 0
1309946, 0, 1
1309997, 1, 0
1310071, 0, 0
1310123, 1, 0
1310196, 0, bit 1
1310196, 0, 0
1310248, 1, 0
1310321, 0, 1
1310373, 1, 0
1310446, 0, 1
1310498, 1, 0
1310571, 0, 0
1310623, 1, 0
1310696, 0, 0
1310748, 1, 0
1310821, 0, 1
1310873, 1, 0
1310946, 0, 1
1310998, 1, 1
1311071, 0, 0
1311123, 1, 1
1311196, 0, 0
1311248, 1, 1
1311321, 0, 1
1311373, 1, 1
1311446, 0, 1
1311498, 1, 1
1311571, 0, 0
1311623, 1, 1
1311696, 0, 1
1311748, 1, 1
1311821, 0, 0
1311873, 1, 1
1311946, 0, bit 1
1311946, 0, 0
1311998, 1, 1
1312071, 0, 1
1312123, 1, 1
1312196, 0, 1
1312248, 1, 1
1312321, 0, 0
1312373, 1, 1
1312446, 0, 0
1312498, 1, 1
1312571, 0, 1
1312623, 1, 1
1312696, 0, 1
1312748, 1, 1
1312821, 0, 0
1312873, 1, 1
1312946, 0, 0
1312998, 1, prem 0
1312998, 1, 0
1313071, 0, 1
1313123, 1, 0
1313196, 0, 1
1313248, 1, 0
1313321, 0, 0
1313373, 1, 0
1313446, 0, 1
1313498, 1, 0
1313571, 0, 0
1313623, 1, 0
1313696, 0, bit 1
1313696, 0, 0
1313748, 1, 0
1313821, 0, 1
1313873, 1, 0
1313946, 0, 1
1313998, 1, 0
1314071, 0, 0
1314123, 1, 0
1314196, 0, 0
1314248, 1, 0
1314321, 0, 1
1314373, 1, 0
1314446, 0, 1
1314498, 1, 0
1314571, 0, 0
1314623, 1, 0
1314696, 0, 0
1314748, 1, 0
1314821, 0, 1
1314873, 1, 0
1314946, 0, 1
1314998, 1, 1
1315072, 0, 0
1315123, 1, 1
1315197, 0, 1
1315248, 1, 1
1315322, 0, 0
1315373, 1, 1
1315447, 0, bit 1
1315447, 0, 0
1315499, 1, 1
1315572, 0, 1
1315624, 1, 1
1315697, 0, 1
1315749, 1, 1
1315822, 0, 0
1315874, 1, 1
1315947, 0, 0
1315999, 1, 1
1316072, 0, 1
1316124, 1, 1
1316197, 0, 1
1316249, 1, 1
1316322, 0, 0
1316374, 1, 1
1316447, 0, 0
1316499, 1, 1
1316572, 0, 1
1316624, 1, 1
1316697, 0, 1
1316749, 1, 1
1316822, 0, 0
1316874, 1, 1
1316947, 0, 1
1316999, 1, prem 0
1316999, 1, 0
1317072, 0, 0
1317124, 1, 0
1317197, 0, bit 1
1317197, 0, 0
1317249, 1, 0
1317322, 0, 1
1317374, 1, 0
1317447, 0, 1
1317499, 1, 0
1317572, 0, 0
1317624, 1, 0
1317697, 0, 0
1317749, 1, 0
1317822, 0, 1
1317874, 1, 0
1317947, 0, 1
1317999, 1, 0
1318072, 0, 0
1318124, 1, 0
1318197, 0, 0
1318249, 1, 0
1318322, 0, 1
1318374, 1, 0
1318447, 0, 1
1318499, 1, 0
1318572, 0, 0
1318624, 1, 0
1318697, 0, 1
1318749, 1, 0
1318822, 0, 0
1318874, 1, 0
1318947, 0, bit 0
1318947, 0, 1
1318999, 1, 1
1319072, 0, 0
1319124, 1, 1
1319197, 0, 0
1319249, 1, 1
1319322, 0, 1
1319374, 1, 1
1319447, 0, 1
1319499, 1, 1
1319572, 0, 0
1319624, 1, 1
1319697, 0, 0
1319749, 1, 1
1319822, 0, 1
1319874, 1, 1
1319947, 0, 1
1319999, 1, 1
1320072, 0, 0
1320124, 1, 1
1320197, 0, 0
1320249, 1, 1
1320322, 0, 1
1320374, 1, 1
1320448, 0, 0
1320499, 1, 1
1320573, 0, 1
1320624, 1, 1
1320698, 0, bit 1
1320698, 0, 0
1320749, 1, 1
1320823, 0, 1
1320875, 1, 1
1320948, 0, 1
1321000, 1, bit 1
1321000, 1, 1
1321073, 0, 0
1321125, 1, 0
1321198, 0, 0
1321250, 1, 1
1321323, 0, 1
1321375, 1, 0
1321448, 0, 1
1321500, 1, 0
1321573, 0, 0
1321625, 1, 1
1321698, 0, 0
1321750, 1, 0
1321823, 0, 1
1321875, 1, 1
1321948, 0, 1
1322000, 1, 0
1322073, 0, 0
1322125, 1, 1
1322198, 0, 1
1322250, 1, 0
1322323, 0, 0
1322375, 1, 1
1322448, 0, bit 1
1322448, 0, 0
1322500, 1, 0
1322573, 0, 1
1322625, 1, 1
1322698, 0, 1
1322750, 1, bit 1
1322750, 1, 1
1322823, 0, 0
1322875, 1, 0
1322948, 0, 0
1323000, 1, 1
1323073, 0, 1
1323125, 1, 0
1323198, 0, 1
1323250, 1, 0
1323323, 0, 0
1323375, 1, 1
1323448, 0, 0
1323500, 1, 0
1323503, 2, prem 1
1323503, 2, 1
1323573, 0, 1
1323625, 1, 1
1323628, 2, 1
1323698, 0, 1
1323750, 1, 0
1323753, 2, 1
1323823, 0, 0
1323875, 1, 1
1323878, 2, 1
1323948, 0, 1
1324000, 1, 0
1324003, 2, 1
1324073, 0, 0
1324125, 1, 1
1324128, 2, 1
1324198, 0, bit 0
1324198, 0, 1
1324250, 1, 0
1324253, 2, 1
1324323, 0, 0
1324375, 1, 1
1324378, 2, 1
1324448, 0, 0
1324500, 1, bit 0
1324500, 1, 0
1324503, 2, 1
1324573, 0, 1
1324625, 1, 1
1324628, 2, 1
1324698, 0, 1
1324750, 1, 0
1324753, 2, 1
1324823, 0, 0
1324875, 1, 1
1324878, 2, 1
1324948, 0, 0
1325000, 1, 1
1325003, 2, 1
1325073, 0, 1
1325125, 1, 0
1325128, 2, 1
1325198, 0, 1
1325250, 1, 1
1325253, 2, 1
1325323, 0, 0
1325375, 1, 0
1325378, 2, 1
1325448, 0, 0
1325500, 1, 1
1325503, 2, 0
1325573, 0, 1
1325625, 1, 0
1325628, 2, 0
1325698, 0, 0
1325750, 1, 1
1325753, 2, 0
1325824, 0, 1
1325875, 1, 0
1325878, 2, 0
1325949, 0, bit 1
1325949, 0, 0
1326000, 1, 1
1326003, 2, 0
1326074, 0, 1
1326125, 1, 0
1326128, 2, 0
1326199, 0, 1
1326251, 1, bit 0
1326251, 1, 0
1326253, 2, 0
1326324, 0, 0
1326376, 1, 1
1326379, 2, 0
1326449, 0, 0
1326501, 1, 0
1326504, 2, 0
1326574, 0, 1
1326626, 1, 1
1326629, 2, 0
1326699, 0, 1
1326751, 1, 1
1326754, 2, 0
1326824, 0, 0
1326876, 1, 0
1326879, 2, 0
1326949, 0, 0
1327001, 1, 1
1327004, 2, 0
1327074, 0, 1
1327126, 1, 0
1327129, 2, 0
1327199, 0, 1
1327251, 1, 1
1327254, 2, 0
1327324, 0, 0
1327376, 1, 0
1327379, 2, 0
1327449, 0, 1
1327501, 1, 1
1327504, 2, prem 1
1327504, 2, 1
1327574, 0, 0
1327626, 1, 0
1327629, 2, 1
1327699, 0, bit 1
1327699, 0, 0
1327751, 1, 1
1327754, 2, 1
1327824, 0, 1
1327876, 1, 0
1327879, 2, 1
1327949, 0, 1
1328001, 1, bit 1
1328001, 1, 1
1328004, 2, 1
1328074, 0, 0
1328126, 1, 0
1328129, 2, 1
1328199, 0, 0
1328251, 1, 1
1328254, 2, 1
1328324, 0, 1
1328376, 1, 0
1328379, 2, 1
1328449, 0, 1
1328501, 1, 0
1328504, 2, 1
1328574, 0, 0
1328626, 1, 1
1328629, 2, 1
1328699, 0, 0
1328751, 1, 0
1328754, 2, 1
1328824, 0, 1
1328876, 1, 1
1328879, 2, 1
1328949, 0, 1
1329001, 1, 0
1329004, 2, 1
1329074, 0, 0
1329126, 1, 1
1329129, 2, 1
1329199, 0, 1
1329251, 1, 0
1329254, 2, 1
1329324, 0, 0
1329376, 1, 1
1329379, 2, 1
1329449, 0, bit 0
1329449, 0, 1
1329501, 1, 0
1329504, 2, 0
1329574, 0, 0
1329626, 1, 1
1329629, 2, 0
1329699, 0, 0
1329751, 1, bit 0
1329751, 1, 0
1329754, 2, 0
1329824, 0, 1
1329876, 1, 1
1329879, 2, 0
1329949, 0, 1
1330001, 1, 0
1330004, 2, 0
1330074, 0, 0
1330126, 1, 1
1330129, 2, 0
1330199, 0, 0
1330251, 1, 1
1330254, 2, 0
1330324, 0, 1
1330376, 1, 0
1330379, 2, 0
1330449, 0, 1
1330501, 1, 1
1330504, 2, 0
1330574, 0, 0
1330626, 1, 0
1330629, 2, 0
1330699, 0, 0
1330751, 1, 1
1330754, 2, 0
1330824, 0, 1
1330876, 1, 0
1330879, 2, 0
1330949, 0, 0
1331001, 1, 1
1331004, 2, 0
1331074, 0, 1
1331126, 1, 0
1331129, 2, 0
1331200, 0, bit 0
1331200, 0, 1
1331251, 1, 1
1331254, 2, 0
1331325, 0, 0
1331376, 1, 0
1331379, 2, 0
1331450, 0, 0
1331501, 1, bit 1
1331501, 1, 1
1331504, 2, prem 1
1331504, 2, 1
1331575, 0, 1
1331627, 1, 0
1331629, 2, 1
1331700, 0, 1
1331752, 1, 1
1331755, 2, 1
1331825, 0, 0
1331877, 1, 0
1331880, 2, 1
1331950, 0, 0
1332002, 1, 0
1332005, 2, 1
1332075, 0, 1
1332127, 1, 1
1332130, 2, 1
1332200, 0, 1
1332252, 1, 0
1332255, 2, 1
1332325, 0, 0
1332377, 1, 1
1332380, 2, 1
1332450, 0, 0
1332502, 1, 0
1332505, 2, 1
1332575, 0, 1
1332627, 1, 1
1332630, 2, 1
1332700, 0, 0
1332752, 1, 0
1332755, 2, 1
1332825, 0, 1
1332877, 1, 1
1332880, 2, 1
1332950, 0, bit 1
1332950, 0, 0
1333002, 1, 0
1333005, 2, 1
1333075, 0, 1
1333127, 1, 1
1333130, 2, 1
1333200, 0, 1
1333252, 1, bit 1
1333252, 1, 1
1333255, 2, 1
1333325, 0, 0
1333377, 1, 0
1333380, 2, 1
1333450, 0, 0
1333502, 1, 1
1333505, 2, 0
1333575, 0, 1
1333627, 1, 0
1333630, 2, 0
1333700, 0, 1
1333752, 1, 0
1333755, 2, 0
1333825, 0, 0
1333877, 1, 1
1333880, 2, 0
1333950, 0, 0
1334002, 1, 0
1334005, 2, 0
1334075, 0, 1
1334127, 1, 1
1334130, 2, 0
1334200, 0, 1
1334252, 1, 0
1334255, 2, 0
1334325, 0, 0
1334377, 1, 1
1334380, 2, 0
1334450, 0, 1
1334502, 1, 0
1334505, 2, 0
1334575, 0, 0
1334627, 1, 1
1334630, 2, 0
1334700, 0, bit 0
1334700, 0, 1
1334752, 1, 0
1334755, 2, 0
1334825, 0, 0
1334877, 1, 1
1334880, 2, 0
1334950, 0, 0
1335002, 1, bit 0
1335002, 1, 0
1335005, 2, 0
1335075, 0, 1
1335127, 1, 1
1335130, 2, 0
1335200, 0, 1
1335252, 1, 0
1335255, 2, 0
1335325, 0, 0
1335377, 1, 1
1335380, 2, 0
1335450, 0, 0
1335502, 1, 1
1335505, 2, prem 0
1335505, 2, 0
1335575, 0, 1
1335627, 1, 0
1335630, 2, 0
1335700, 0, 1
1335752, 1, 1
1335755, 2, 0
1335825, 0, 0
1335877, 1, 0
1335880, 2, 0
1335950, 0, 0
1336002, 1, 1
1336012, 2, 0
1336075, 0, 1
1336127, 1, 0
1336137, 2, 0
1336200, 0, 0
1336252, 1, 1
1336262, 2, 0
1336325, 0, 1
1336377, 1, 0
1336387, 2, 0
1336450, 0, bit 0
1336450, 0, 1
1336502, 1, 1
1336512, 2, 0
1336576, 0, 0
1336627, 1, 0
1336637, 2, 0
1336701, 0, 0
1336752, 1, bit 1
1336752, 1, 1
1336762, 2, 0
1336826, 0, 1
1336877, 1, 0
1336887, 2, 0
1336951, 0, 1
1337003, 1, 1
1337012, 2, 0
1337076, 0, 0
1337128, 1, 0
1337137, 2, 0
1337201, 0, 0
1337253, 1, 0
1337262, 2, 0
1337326, 0, 1
1337378, 1, 1
1337387, 2, 0
1337451, 0, 1
1337503, 1, 0
1337512, 2, 1
1337576, 0, 0
1337628, 1, 1
1337637, 2, 1
1337701, 0, 0
1337753, 1, 0
1337762, 2, 1
1337826, 0, 1
1337878, 1, 1
1337887, 2, 1
1337951, 0, 0
1338003, 1, 0
1338012, 2, 1
1338076, 0, 1
1338128, 1, 1
1338137, 2, 1
1338201, 0, bit 0
1338201, 0, 1
1338253, 1, 0
1338262, 2, 1
1338326, 0, 0
1338378, 1, 1
1338387, 2, 1
1338451, 0, 0
1338503, 1, bit 1
1338503, 1, 1
1338512, 2, 1
1338576, 0, 1
1338628, 1, 0
1338637, 2, 1
1338701, 0, 1
1338753, 1, 1
1338762, 2, 1
1338826, 0, 0
1338878, 1, 0
1338887, 2, 1
1338951, 0, 0
1339003, 1, 0
1339012, 2, 1
1339076, 0, 1
1339128, 1, 1
1339137, 2, 1
1339201, 0, 1
1339253, 1, 0
1339262, 2, 1
1339326, 0, 0
1339378, 1, 1
1339387, 2, 1
1339451, 0, 0
1339503, 1, 0
1339512, 2, prem 1
1339512, 2, 1
1339576, 0, 1
1339628, 1, 1
1339637, 2, 1
1339701, 0, 0
1339753, 1, 0
1339762, 2, 1
1339826, 0, 1
1339878, 1, 1
1339887, 2, 1
1339951, 0, bit 1
1339951, 0, 0
1340003, 1, 0
1340012, 2, 1
1340076, 0, 1
1340128, 1, 1
1340137, 2, 1
1340201, 0, 1
1340253, 1, bit 1
1340253, 1, 1
1340262, 2, 1
1340326, 0, 0
1340378, 1, 0
1340387, 2, 1
1340451, 0, 0
1340503, 1, 1
1340512, 2, 1
1340576, 0, 1
1340628, 1, 0
1340637, 2, 1
1340701, 0, 1
1340753, 1, 0
1340762, 2, 1
1340826, 0, 0
1340878, 1, 1
1340887, 2, 1
1340951, 0, 0
1341003, 1, 0
1341012, 2, 1
1341076, 0, 1
1341128, 1, 1
1341137, 2, 1
1341201, 0, 1
1341253, 1, 0
1341262, 2, 1
1341326, 0, 0
1341378, 1, 1
1341387, 2, 1
1341451, 0, 1
1341503, 1, 0
1341512, 2, 0
1341576, 0, 0
1341628, 1, 1
1341637, 2, 0
1341701, 0, bit 0
1341701, 0, 1
1341753, 1, 0
1341762, 2, 0
1341826, 0, 0
1341878, 1, 1
1341887, 2, 0
1341952, 0, 0
1342003, 1, bit 1
1342003, 1, 1
1342012, 2, 0
1342077, 0, 1
1342128, 1, 0
1342137, 2, 0
1342202, 0, 1
1342253, 1, 1
1342262, 2, 0
1342327, 0, 0
1342379, 1, 0
1342387, 2, 0
1342452, 0, 0
1342504, 1, 0
1342512, 2, 0
1342577, 0, 1
1342629, 1, 1
1342637, 2, 0
1342702, 0, 1
1342754, 1, 0
1342763, 2, 0
1342827, 0, 0
1342879, 1, 1
1342888, 2, 0
1342952, 0, 0
1343004, 1, 0
1343013, 2, 0
1343077, 0, 1
1343129, 1, 1
1343138, 2, 0
1343202, 0, 0
1343254, 1, 0
1343263, 2, 0
1343327, 0, 1
1343379, 1, 1
1343388, 2, 0
1343452, 0, bit 1
1343452, 0, 0
1343504, 1, 0
1343513, 2, prem 1
1343513, 2, 1
1343577, 0, 1
1343629, 1, 1
1343638, 2, 1
1343702, 0, 1
1343754, 1, bit 1
1343754, 1, 1
1343763, 2, 1
1343827, 0, 0
1343879, 1, 0
1343888, 2, 1
1343952, 0, 0
1344004, 1, 1
1344013, 2, 1
1344077, 0, 1
1344129, 1, 0
1344138, 2, 1
1344202, 0, 1
1344254, 1, 0
1344263, 2, 1
1344327, 0, 0
1344379, 1, 1
1344388, 2, 1
1344452, 0, 0
1344504, 1, 0
1344513, 2, 1
1344577, 0, 1
1344629, 1, 1
1344638, 2, 1
1344702, 0, 1
1344754, 1, 0
1344763, 2, 1
1344827, 0, 0
1344879, 1, 1
1344888, 2, 1
1344952, 0, 1
1345004, 1, 0
1345013, 2, 1
1345077, 0, 0
1345129, 1, 1
1345138, 2, 1
1345202, 0, bit 1
1345202, 0, 0
1345254, 1, 0
1345263, 2, 1
1345327, 0, 1
1345379, 1, 1
1345388, 2, 1
1345452, 0, 1
1345504, 1, bit 1
1345504, 1, 1
1345513, 2, 0
1345577, 0, 0
1345629, 1, 0
1345638, 2, 0
1345702, 0, 0
1345754, 1, 1
1345763, 2, 0
1345827, 0, 1
1345879, 1, 0
1345888, 2, 0
1345952, 0, 1
1346004, 1, 0
1346013, 2, 0
1346077, 0, 0
1346129, 1, 1
1346138, 2, 0
1346202, 0, 0
1346254, 1, 0
1346263, 2, 0
1346327, 0, 1
1346379, 1, 1
1346388, 2, 0
1346452, 0, 1
1346504, 1, 0
1346513, 2, 0
1346577, 0, 0
1346629, 1, 1
1346638, 2, 0
1346702, 0, 1
1346754, 1, 0
1346763, 2, 0
1346827, 0, 0
1346879, 1, 1
1346888, 2, 0
1346952, 0, bit 1
1346952, 0, 0
1347004, 1, 0
1347013, 2, 0
1347077, 0, 1
1347129, 1, 1
1347138, 2, 0
1347202, 0, 1
1347254, 1, bit 1
1347254, 1, 1
1347263, 2, 0
1347328, 0, 0
1347379, 1, 0
1347388, 2, 0
1347453, 0, 0
1347504, 1, 1
1347513, 2, prem 1
1347513, 2, 1
1347578, 0, 1
1347629, 1, 0
1347638, 2, 1
1347703, 0, 1
1347755, 1, 0
1347763, 2, 1
1347828, 0, 0
1347880, 1, 1
1347888, 2, 1
1347953, 0, 0
1348005, 1, 0
1348013, 2, 1
1348078, 0, 1
1348130, 1, 1
1348139, 2, 1
1348203, 0, 1
1348255, 1, 0
1348264, 2, 1
1348328, 0, 0
1348380, 1, 1
1348389, 2, 1
1348453, 0, 1
1348505, 1, 0
1348514, 2, 1
1348578, 0, 0
1348630, 1, 1
1348639, 2, 1
1348703, 0, bit 0
1348703, 0, 1
1348755, 1, 0
1348764, 2, 1
1348828, 0, 0
1348880, 1, 1
1348889, 2, 1
1348953, 0, 0
1349005, 1, bit 1
1349005, 1, 1
1349014, 2, 1
1349078, 0, 1
1349130, 1, 0
1349139, 2, 1
1349203, 0, 1
1349255, 1, 1
1349264, 2, 1
1349328, 0, 0
1349380, 1, 0
1349389, 2, 1
1349453, 0, 0
1349505, 1, 0
1349514, 2, 0
1349578, 0, 1
1349630, 1, 1
1349639, 2, 0
1349703, 0, 1
1349755, 1, 0
1349764, 2, 0
1349828, 0, 0
1349880, 1, 1
1349889, 2, 0
1349953, 0, 0
1350005, 1, 0
1350014, 2, 0
1350078, 0, 1
1350130, 1, 1
1350139, 2, 0
1350203, 0, 0
1350255, 1, 0
1350264, 2, 0
1350328, 0, 1
1350380, 1, 1
1350389, 2, 0
1350453, 0, bit 1
1350453, 0, 0
1350505, 1, 0
1350514, 2, 0
1350578, 0, 1
1350630, 1, 1
1350639, 2, 0
1350703, 0, 1
1350755, 1, bit 0
1350755, 1, 0
1350764, 2, 0
1350828, 0, 0
1350880, 1, 1
1350889, 2, 0
1350953, 0, 0
1351005, 1, 0
1351014, 2, 0
1351078, 0, 1
1351130, 1, 1
1351139, 2, 0
1351203, 0, 1
1351255, 1, 1
1351264, 2, 0
1351328, 0, 0
1351380, 1, 0
1351389, 2, 0
1351453, 0, 0
1351505, 1, 1
1351514, 2, bit 1
1351514, 2, 1
1351578, 0, 1
1351630, 1, 0
1351639, 2, 0
1351703, 0, 1
1351755, 1, 1
1351764, 2, 1
1351828, 0, 0
1351880, 1, 0
1351889, 2, 0
1351953, 0, 1
1352005, 1, 1
1352014, 2, 1
1352078, 0, 0
1352130, 1, 0
1352139, 2, 0
1352203, 0, bit 0
1352203, 0, 1
1352255, 1, 1
1352264, 2, 0
1352328, 0, 0
1352380, 1, 0
1352389, 2, 1
1352453, 0, 0
1352505, 1, bit 0
1352505, 1, 0
1352514, 2, 1
1352578, 0, 1
1352630, 1, 1
1352639, 2, 0
1352704, 0, 1
1352755, 1, 0
1352764, 2, 1
1352829, 0, 0
1352880, 1, 1
1352889, 2, 0
1352954, 0, 0
1353005, 1, 1
1353014, 2, 1
1353079, 0, 1
1353131, 1, 0
1353139, 2, 0
1353204, 0, 1
1353256, 1, 1
1353264, 2, bit 1
1353264, 2, 1
1353329, 0, 0
1353381, 1, 0
1353389, 2, 0
1353454, 0, 0
1353506, 1, 1
1353515, 2, 1
1353517, 3, prem 0
1353517, 3, 0
1353579, 0, 1
1353631, 1, 0
1353640, 2, 0
1353643, 3, 0
1353704, 0, 0
1353756, 1, 1
1353765, 2, 1
1353768, 3, 0
1353829, 0, 1
1353881, 1, 0
1353890, 2, 0
1353893, 3, 0
1353954, 0, bit 0
1353954, 0, 1
1354006, 1, 1
1354015, 2, 0
1354018, 3, 0
1354079, 0, 0
1354131, 1, 0
1354140, 2, 1
1354143, 3, 0
1354204, 0, 0
1354256, 1, bit 1
1354259, 1, 1
1354265, 2, 1
1354268, 3, 0
1354329, 0, 1
1354381, 1, 0
1354390, 2, 0
1354393, 3, 0
1354454, 0, 1
1354506, 1, 1
1354515, 2, 1
1354518, 3, 0
1354579, 0, 0
1354631, 1, 0
1354640, 2, 0
1354643, 3, 0
1354704, 0, 0
1354756, 1, 0
1354765, 2, 1
1354768, 3, 0
1354829, 0, 1
1354881, 1, 1
1354890, 2, 0
1354893, 3, 0
1354954, 0, 1
1355006, 1, 0
1355015, 2, bit 1
1355015, 2, 1
1355018, 3, 0
1355079, 0, 0
1355131, 1, 1
1355140, 2, 0
1355143, 3, 0
1355204, 0, 0
1355256, 1, 0
1355265, 2, 1
1355268, 3, 0
1355329, 0, 1
1355381, 1, 1
1355390, 2, 0
1355393, 3, 0
1355454, 0, 0
1355506, 1, 0
1355515, 2, 1
1355518, 3, 1
1355579, 0, 1
1355631, 1, 1
1355640, 2, 0
1355643, 3, 1
1355704, 0, bit 0
1355704, 0, 1
1355756, 1, 0
1355765, 2, 0
1355768, 3, 1
1355829, 0, 0
1355881, 1, 1
1355890, 2, 1
1355893, 3, 1
1355954, 0, 0
1356006, 1, bit 0
1356006, 1, 0
1356015, 2, 1
1356018, 3, 1
1356079, 0, 1
1356131, 1, 1
1356140, 2, 0
1356143, 3, 1
1356204, 0, 1
1356256, 1, 0
1356265, 2, 1
1356268, 3, 1
1356329, 0, 0
1356381, 1, 1
1356390, 2, 0
1356393, 3, 1
1356454, 0, 0
1356506, 1, 1
1356515, 2, 1
1356518, 3, 1
1356579, 0, 1
1356631, 1, 0
1356640, 2, 0
1356643, 3, 1
1356704, 0, 1
1356756, 1, 1
1356765, 2, bit 1
1356765, 2, 1
1356768, 3, 1
1356829, 0, 0
1356881, 1, 0
1356890, 2, 0
1356893, 3, 1
1356954, 0, 0
1357006, 1, 1
1357015, 2, 1
1357018, 3, 1
1357079, 0, 1
1357131, 1, 0
1357140, 2, 0
1357143, 3, 1
1357204, 0, 0
1357256, 1, 1
1357265, 2, 1
1357268, 3, 1
1357329, 0, 1
1357381, 1, 0
1357390, 2, 0
1357393, 3, 1
1357454, 0, bit 0
1357454, 0, 1
1357506, 1, 1
1357515, 2, 0
1357518, 3, prem 0
1357518, 3, 0
1357579, 0, 0
1357631, 1, 0
1357640, 2, 1
1357643, 3, 0
1357704, 0, 0
1357756, 1, bit 1
1357756, 1, 1
1357765, 2, 1
1357768, 3, 0
1357829, 0, 1
1357881, 1, 0
1357890, 2, 0
1357893, 3, 0
1357954, 0, 1
1358006, 1, 1
1358015, 2, 1
1358018, 3, 0
1358080, 0, 0
1358131, 1, 0
1358140, 2, 0
1358143, 3, 0
1358205, 0, 0
1358256, 1, 0
1358265, 2, 1
1358268, 3, 0
1358330, 0, 1
1358381, 1, 1
1358390, 2, 0
1358393, 3, 0
1358455, 0, 1
1358507, 1, 0
1358515, 2, bit 1
1358515, 2, 1
1358518, 3, 0
1358580, 0, 0
1358632, 1, 1
1358640, 2, 0
1358643, 3, 0
1358705, 0, 0
1358757, 1, 0
1358765, 2, 1
1358768, 3, 0
1358830, 0, 1
1358882, 1, 1
1358891, 2, 0
1358893, 3, 0
1358955, 0, 0
1359007, 1, 0
1359016, 2, 1
1359019, 3, 0
1359080, 0, 1
1359132, 1, 1
1359141, 2, 0
1359144, 3, 0
1359205, 0, bit 0
1359208, 0, 1
1359257, 1, 0
1359266, 2, 0
1359269, 3, 0
1359330, 0, 0
1359382, 1, 1
1359391, 2, 1
1359394, 3, 0
1359455, 0, 0
1359507, 1, bit 1
1359507, 1, 1
1359516, 2, 1
1359519, 3, 1
1359580, 0, 1
1359632, 1, 0
1359641, 2, 0
1359644, 3, 1
1359705, 0, 1
1359757, 1, 1
1359766, 2, 1
1359769, 3, 1
1359830, 0, 0
1359882, 1, 0
1359891, 2, 0
1359894, 3, 1
1359955, 0, 0
1360007, 1, 0
1360016, 2, 1
1360019, 3, 1
1360080, 0, 1
1360132, 1, 1
1360141, 2, 0
1360144, 3, 1
1360205, 0, 1
1360257, 1, 0
1360266, 2, bit 1
1360266, 2, 1
1360269, 3, 1
1360330, 0, 0
1360382, 1, 1
1360391, 2, 0
1360394, 3, 1
1360455, 0, 0
1360507, 1, 0
1360516, 2, 1
1360519, 3, 1
1360580, 0, 1
1360632, 1, 1
1360641, 2, 0
1360644, 3, 1
1360705, 0, 0
1360757, 1, 0
1360766, 2, 1
1360769, 3, 1
1360830, 0, 1
1360882, 1, 1
1360891, 2, 0
1360894, 3, 1
1360955, 0, bit 1
1360955, 0, 0
1361007, 1, 0
1361016, 2, 0
1361019, 3, 1
1361080, 0, 1
1361132, 1, 1
1361141, 2, 1
1361144, 3, 1
1361205, 0, 1
1361257, 1, bit 0
1361257, 1, 0
1361266, 2, 1
1361269, 3, 1
1361330, 0, 0
1361382, 1, 1
1361391, 2, 0
1361394, 3, 1
1361455, 0, 0
1361507, 1, 0
1361516, 2, 1
1361519, 3, prem 0
1361519, 3, 0
1361580, 0, 1
1361632, 1, 1
1361641, 2, 0
1361644, 3, 0
1361705, 0, 1
1361757, 1, 1
1361766, 2, 1
1361769, 3, 0
1361830, 0, 0
1361882, 1, 0
1361891, 2, 0
1361894, 3, 0
1361955, 0, 0
1362007, 1, 1
1362016, 2, bit 1
1362016, 2, 1
1362019, 3, 0
1362080, 0, 1
1362132, 1, 0
1362141, 2, 0
1362144, 3, 0
1362205, 0, 1
1362257, 1, 1
1362266, 2, 1
1362269, 3, 0
1362330, 0, 0
1362382, 1, 0
1362391, 2, 0
1362394, 3, 0
1362455, 0, 1
1362507, 1, 1
1362516, 2, 1
1362519, 3, 0
1362580, 0, 0
1362632, 1, 0
1362641, 2, 0
1362644, 3, 0
1362705, 0, bit 0
1362705, 0, 1
1362757, 1, 1
1362766, 2, 0
1362769, 3, 0
1362830, 0, 0
1362882, 1, 0
1362891, 2, 1
1362894, 3, 0
1362955, 0, 0
1363007, 1, bit 0
1363007, 1, 0
1363016, 2, 1
1363019, 3, 0
1363080, 0, 1
1363132, 1, 1
1363141, 2, 0
1363144, 3, 0
1363205, 0, 1
1363257, 1, 0
1363266, 2, 1
1363269, 3, 0
1363330, 0, 0
1363382, 1, 1
1363391, 2, 0
1363394, 3, 0
1363456, 0, 0
1363507, 1, 1
1363516, 2, 1
1363519, 3, 1
1363581, 0, 1
1363632, 1, 0
1363641, 2, 0
1363644, 3, 1
1363706, 0, 1
1363757, 1, 1
1363766, 2, bit 0
1363766, 2, 0
1363769, 3, 1
1363831, 0, 0
1363883, 1, 0
1363891, 2, 1
1363894, 3, 1
1363956, 0, 0
1364008, 1, 1
1364016, 2, 0
1364019, 3, 1
1364081, 0, 1
1364133, 1, 0
1364141, 2, 1
1364144, 3, 1
1364206, 0, 0
1364258, 1, 1
1364267, 2, 0
1364269, 3, 1
1364331, 0, 1
1364383, 1, 0
1364392, 2, 1
1364395, 3, 1
1364456, 0, bit 1
1364456, 0, 0
1364508, 1, 1
1364517, 2, 1
1364520, 3, 1
1364581, 0, 1
1364633, 1, 0
1364642, 2, 0
1364645, 3, 1
1364706, 0, 1
1364758, 1, bit 1
1364758, 1, 1
1364767, 2, 0
1364770, 3, 1
1364831, 0, 0
1364883, 1, 0
1364892, 2, 1
1364895, 3, 1
1364956, 0, 0
1365008, 1, 1
1365017, 2, 0
1365020, 3, 1
1365081, 0, 1
1365133, 1, 0
1365142, 2, 1
1365145, 3, 1
1365206, 0, 1
1365258, 1, 0
1365267, 2, 0
1365270, 3, 1
1365331, 0, 0
1365383, 1, 1
1365392, 2, 1
1365395, 3, 1
1365456, 0, 0
1365508, 1, 0
1365517, 2, bit 1
1365517, 2, 1
1365520, 3, prem 0
1365520, 3, 0
1365581, 0, 1
1365633, 1, 1
1365642, 2, 0
1365645, 3, 0
1365706, 0, 1
1365758, 1, 0
1365767, 2, 1
1365770, 3, 0
1365831, 0, 0
1365883, 1, 1
1365892, 2, 0
1365895, 3, 0
1365956, 0, 1
1366008, 1, 0
1366017, 2, 1
1366020, 3, 0
1366081, 0, 0
1366133, 1, 1
1366142, 2, 0
1366145, 3, 0
1366206, 0, bit 1
1366206, 0, 0
1366258, 1, 0
1366267, 2, 0
1366270, 3, 0
1366331, 0, 1
1366383, 1, 1
1366392, 2, 1
1366395, 3, 0
1366456, 0, 1
1366508, 1, bit 1
1366508, 1, 1
1366517, 2, 1
1366520, 3, 0
1366581, 0, 0
1366633, 1, 0
1366642, 2, 0
1366645, 3, 0
1366706, 0, 0
1366758, 1, 1
1366767, 2, 1
1366770, 3, 0
1366831, 0, 1
1366883, 1, 0
1366892, 2, 0
1366895, 3, 0
1366956, 0, 1
1367008, 1, 0
1367017, 2, 1
1367020, 3, 0
1367081, 0, 0
1367133, 1, 1
1367142, 2, 0
1367145, 3, 0
1367206, 0, 0
1367258, 1, 0
1367267, 2, bit 1
1367267, 2, 1
1367270, 3, 0
1367331, 0, 1
1367383, 1, 1
1367392, 2, 0
1367395, 3, 0
1367456, 0, 1
1367508, 1, 0
1367517, 2, 1
1367520, 3, 1
1367581, 0, 0
1367633, 1, 1
1367642, 2, 0
1367645, 3, 1
1367706, 0, 1
1367758, 1, 0
1367767, 2, 1
1367770, 3, 1
1367831, 0, 0
1367883, 1, 1
1367892, 2, 0
1367895, 3, 1
1367956, 0, bit 0
1367956, 0, 1
1368008, 1, 0
1368017, 2, 0
1368020, 3, 1
1368081, 0, 0
1368133, 1, 1
1368142, 2, 1
1368145, 3, 1
1368206, 0, 0
1368258, 1, bit 1
1368258, 1, 1
1368267, 2, 1
1368270, 3, 1
1368331, 0, 1
1368383, 1, 0
1368392, 2, 0
1368395, 3, 1
1368456, 0, 1
1368508, 1, 1
1368517, 2, 1
1368520, 3, 1
1368581, 0, 0
1368633, 1, 0
1368642, 2, 0
1368645, 3, 1
1368706, 0, 0
1368758, 1, 0
1368767, 2, 1
1368770, 3, 1
1368832, 0, 1
1368883, 1, 1
1368892, 2, 0
1368895, 3, 1
1368957, 0, 1
1369008, 1, 0
1369017, 2, bit 1
1369017, 2, 1
1369020, 3, 1
1369082, 0, 0
1369133, 1, 1
1369142, 2, 0
1369145, 3, 1
1369207, 0, 0
1369259, 1, 0
1369267, 2, 1
1369270, 3, 1
1369332, 0, 1
1369384, 1, 1
1369392, 2, 0
1369395, 3, 1
1369457, 0, 0
1369509, 1, 0
1369517, 2, 1
1369520, 3, prem 1
1369520, 3, 1
1369582, 0, 1
1369634, 1, 1
1369643, 2, 0
1369645, 3, 1
1369707, 0, bit 1
1369707, 0, 0
1369759, 1, 0
1369768, 2, 0
1369771, 3, 1
1369832, 0, 1
1369884, 1, 1
1369893, 2, 1
1369896, 3, 1
1369957, 0, 1
1370009, 1, bit 0
1370009, 1, 0
1370018, 2, 1
1370021, 3, 1
1370082, 0, 0
1370134, 1, 1
1370143, 2, 0
1370146, 3, 1
1370207, 0, 0
1370259, 1, 0
1370268, 2, 1
1370271, 3, 1
1370332, 0, 1
1370384, 1, 1
1370393, 2, 0
1370396, 3, 1
1370457, 0, 1
1370509, 1, 1
1370518, 2, 1
1370521, 3, 1
1370582, 0, 0
1370634, 1, 0
1370643, 2, 0
1370646, 3, 1
1370707, 0, 0
1370759, 1, 1
1370768, 2, bit 0
1370768, 2, 0
1370771, 3, 1
1370832, 0, 1
1370884, 1, 0
1370893, 2, 1
1370896, 3, 1
1370957, 0, 1
1371009, 1, 1
1371018, 2, 0
1371021, 3, 1
1371082, 0, 0
1371134, 1, 0
1371143, 2, 1
1371146, 3, 1
1371207, 0, 1
1371259, 1, 1
1371268, 2, 0
1371271, 3, 1
1371332, 0, 0
1371384, 1, 0
1371393, 2, 1
1371396, 3, 1
1371457, 0, bit 0
1371457, 0, 1
1371509, 1, 1
1371518, 2, 1
1371521, 3, 0
1371582, 0, 0
1371634, 1, 0
1371643, 2, 0
1371646, 3, 0
1371707, 0, 0
1371759, 1, bit 0
1371759, 1, 0
1371768, 2, 0
1371771, 3, 0
1371832, 0, 1
1371884, 1, 1
1371893, 2, 1
1371896, 3, 0
1371957, 0, 1
1372009, 1, 0
1372018, 2, 0
1372028, 3, 0
1372082, 0, 0
1372134, 1, 1
1372143, 2, 1
1372153, 3, 0
1372207, 0, 0
1372259, 1, 1
1372268, 2, 0
1372278, 3, 0
1372332, 0, 1
1372384, 1, 0
1372393, 2, 1
1372403, 3, 0
1372457, 0, 1
1372509, 1, 1
1372518, 2, bit 1
1372518, 2, 1
1372528, 3, 0
1372582, 0, 0
1372634, 1, 0
1372643, 2, 0
1372653, 3, 0
1372707, 0, 0
1372759, 1, 1
1372768, 2, 1
1372778, 3, 0
1372832, 0, 1
1372884, 1, 0
1372893, 2, 0
1372903, 3, 0
1372957, 0, 0
1373009, 1, 1
1373018, 2, 1
1373028, 3, 0
1373082, 0, 1
1373134, 1, 0
1373143, 2, 0
1373153, 3, 0
1373207, 0, bit 0
1373207, 0, 1
1373259, 1, 1
1373268, 2, 0
1373278, 3, 0
1373332, 0, 0
1373384, 1, 0
1373393, 2, 1
1373403, 3, 0
1373457, 0, 0
1373509, 1, bit 1
1373509, 1, 1
1373518, 2, 1
1373528, 3, prem 0
1373528, 3, 0
1373582, 0, 1
1373634, 1, 0
1373643, 2, 0
1373654, 3, 0
1373707, 0, 1
1373759, 1, 1
1373768, 2, 1
1373779, 3, 0
1373832, 0, 0
1373884, 1, 0
1373893, 2, 0
1373904, 3, 0
1373957, 0, 0
1374009, 1, 0
1374018, 2, 1
1374029, 3, 0
1374082, 0, 1
1374134, 1, 1
1374143, 2, 0
1374154, 3, 0
1374208, 0, 1
1374259, 1, 0
1374268, 2, bit 1
1374268, 2, 1
1374279, 3, 0
1374333, 0, 0
1374384, 1, 1
1374393, 2, 0
1374404, 3, 0
1374458, 0, 0
1374509, 1, 0
1374518, 2, 1
1374529, 3, 0
1374583, 0, 1
1374635, 1, 1
1374643, 2, 0
1374654, 3, 0
1374708, 0, 0
1374760, 1, 0
1374768, 2, 1
1374779, 3, 0
1374833, 0, 1
1374885, 1, 1
1374893, 2, 0
1374904, 3, 0
1374958, 0, bit 1
1374958, 0, 0
1375010, 1, 0
1375019, 2, 0
1375029, 3, 0
1375083, 0, 1
1375135, 1, 1
1375144, 2, 1
1375154, 3, 0
1375208, 0, 1
1375260, 1, bit 1
1375260, 1, 1
1375269, 2, 1
1375279, 3, 0
1375333, 0, 0
1375385, 1, 0
1375394, 2, 0
1375404, 3, 0
1375458, 0, 0
1375510, 1, 1
1375519, 2, 1
1375529, 3, 1
1375583, 0, 1
1375635, 1, 0
1375644, 2, 0
1375654, 3, 1
1375708, 0, 1
1375760, 1, 0
1375769, 2, 1
1375779, 3, 1
1375833, 0, 0
1375885, 1, 1
1375894, 2, 0
1375904, 3, 1
1375958, 0, 0
1376010, 1, 0
1376019, 2, bit 0
1376022, 2, 0
1376029, 3, 1
1376083, 0, 1
1376135, 1, 1
1376144, 2, 1
1376154, 3, 1
1376208, 0, 1
1376260, 1, 0
1376269, 2, 0
1376279, 3, 1
1376333, 0, 0
1376385, 1, 1
1376394, 2, 1
1376404, 3, 1
1376458, 0, 1
1376510, 1, 0
1376519, 2, 0
1376529, 3, 1
1376583, 0, 0
1376635, 1, 1
1376644, 2, 1
1376654, 3, 1
1376708, 0, bit 1
1376708, 0, 0
1376760, 1, 0
1376769, 2, 1
1376779, 3, 1
1376833, 0, 1
1376885, 1, 1
1376894, 2, 0
1376904, 3, 1
1376958, 0, 1
1377010, 1, bit 1
1377013, 1, 1
1377019, 2, 0
1377029, 3, 1
1377083, 0, 0
1377135, 1, 0
1377144, 2, 1
1377154, 3, 1
1377208, 0, 0
1377260, 1, 1
1377269, 2, 0
1377280, 3, 1
1377333, 0, 1
1377385, 1, 0
1377394, 2, 1
1377405, 3, 1
1377458, 0, 1
1377510, 1, 0
1377519, 2, 0
1377530, 3, prem 1
1377530, 3, 1
1377583, 0, 0
1377635, 1, 1
1377644, 2, 1
1377655, 3, 1
1377708, 0, 0
1377760, 1, 0
1377769, 2, bit 1
1377769, 2, 1
1377780, 3, 1
1377833, 0, 1
1377885, 1, 1
1377894, 2, 0
1377905, 3, 1
1377958, 0, 1
1378010, 1, 0
1378019, 2, 1
1378030, 3, 1
1378083, 0, 0
1378135, 1, 1
1378144, 2, 0
1378155, 3, 1
1378208, 0, 1
1378260, 1, 0
1378269, 2, 1
1378280, 3, 1
1378333, 0, 0
1378385, 1, 1
1378394, 2, 0
1378405, 3, 1
1378458, 0, bit 0
1378458, 0, 1
1378510, 1, 0
1378519, 2, 0
1378530, 3, 1
1378583, 0, 0
1378635, 1, 1
1378644, 2, 1
1378655, 3, 1
1378708, 0, 0
1378760, 1, bit 1
1378760, 1, 1
1378769, 2, 1
1378780, 3, 1
1378833, 0, 1
1378885, 1, 0
1378894, 2, 0
1378905, 3, 1
1378958, 0, 1
1379010, 1, 1
1379019, 2, 1
1379030, 3, 1
1379083, 0, 0
1379135, 1, 0
1379144, 2, 0
1379155, 3, 1
1379208, 0, 0
1379260, 1, 0
1379269, 2, 1
1379280, 3, 1
1379333, 0, 1
1379385, 1, 1
1379394, 2, 0
1379405, 3, 1
1379458, 0, 1
1379510, 1, 0
1379519, 2, bit 0
1379519, 2, 0
1379530, 3, 0
1379584, 0, 0
1379635, 1, 1
1379644, 2, 1
1379655, 3, 0
1379709, 0, 0
1379760, 1, 0
1379769, 2, 0
1379780, 3, 0
1379834, 0, 1
1379885, 1, 1
1379894, 2, 1
1379905, 3, 0
1379959, 0, 0
1380011, 1, 0
1380019, 2, 0
1380030, 3, 0
1380084, 0, 1
1380136, 1, 1
1380144, 2, 1
1380155, 3, 0
1380209, 0, bit 0
1380209, 0, 1
1380261, 1, 0
1380269, 2, 1
1380280, 3, 0
1380334, 0, 0
1380386, 1, 1
1380395, 2, 0
1380405, 3, 0
1380459, 0, 0
1380511, 1, bit 1
1380511, 1, 1
1380520, 2, 0
1380530, 3, 0
1380584, 0, 1
1380636, 1, 0
1380645, 2, 1
1380655, 3, 0
1380709, 0, 1
1380761, 1, 1
1380770, 2, 0
1380780, 3, 0
1380834, 0, 0
1380886, 1, 0
1380895, 2, 1
1380905, 3, 0
1380959, 0, 0
1381011, 1, 0
1381020, 2, 0
1381030, 3, 0
1381084, 0, 1
1381136, 1, 1
1381145, 2, 1
1381155, 3, 0
1381209, 0, 1
1381261, 1, 0
1381270, 2, bit 0
1381270, 2, 0
1381280, 3, 0
1381334, 0, 0
1381386, 1, 1
1381395, 2, 1
1381405, 3, 0
1381459, 0, 0
1381511, 1, 0
1381520, 2, 0
1381530, 3, bit 1
1381530, 3, 0
1381584, 0, 1
1381636, 1, 1
1381645, 2, 1
1381655, 3, 1
1381709, 0, 0
1381761, 1, 0
1381770, 2, 0
1381780, 3, 0
1381834, 0, 1
1381886, 1, 1
1381895, 2, 1
1381905, 3, 1
1381959, 0, bit 1
1381962, 0, 0
1382011, 1, 0
1382020, 2, 1
1382030, 3, 0
1382084, 0, 1
1382136, 1, 1
1382145, 2, 0
1382155, 3, 1
1382209, 0, 1
1382261, 1, bit 0
1382261, 1, 0
1382270, 2, 0
1382280, 3, 0
1382334, 0, 0
1382386, 1, 1
1382395, 2, 1
1382405, 3, 1
1382459, 0, 0
1382511, 1, 0
1382520, 2, 0
1382530, 3, 1
1382584, 0, 1
1382636, 1, 1
1382645, 2, 1
1382656, 3, 0
1382709, 0, 1
1382761, 1, 1
1382770, 2, 0
1382781, 3, 0
1382834, 0, 0
1382886, 1, 0
1382895, 2, 1
1382906, 3, 1
1382959, 0, 0
1383011, 1, 1
1383020, 2, bit 0
1383020, 2, 0
1383031, 3, 1
1383084, 0, 1
1383136, 1, 0
1383145, 2, 1
1383156, 3, 0
1383209, 0, 1
1383261, 1, 1
1383270, 2, 0
1383281, 3, bit 0
1383281, 3, 1
1383334, 0, 0
1383386, 1, 0
1383395, 2, 1
1383406, 3, 0
1383459, 0, 1
1383511, 1, 1
1383520, 2, 0
1383531, 3, 1
1383584, 0, 0
1383636, 1, 0
1383645, 2, 1
1383656, 3, 0
1383709, 0, bit 0
1383709, 0, 1
1383761, 1, 1
1383770, 2, 1
1383781, 3, 1
1383834, 0, 0
1383886, 1, 0
1383895, 2, 0
1383906, 3, 0
1383959, 0, 0
1384011, 1, bit 1
1384011, 1, 1
1384020, 2, 0
1384031, 3, 1
1384084, 0, 1
1384136, 1, 0
1384145, 2, 1
1384156, 3, 0
1384209, 0, 1
1384261, 1, 1
1384270, 2, 0
1384281, 3, 0
1384334, 0, 0
1384386, 1, 0
1384395, 2, 1
1384406, 3, 1
1384459, 0, 0
1384511, 1, 0
1384520, 2, 0
1384531, 3, 1
1384584, 0, 1
1384636, 1, 1
1384645, 2, 1
1384656, 3, 0
1384709, 0, 1
1384761, 1, 0
1384770, 2, bit 1
1384770, 2, 1
1384781, 3, 0
1384834, 0, 0
1384886, 1, 1
1384895, 2, 0
1384906, 3, 1
1384960, 0, 0
1385011, 1, 0
1385020, 2, 1
1385031, 3, bit 0
1385031, 3, 1
1385085, 0, 1
1385136, 1, 1
1385145, 2, 0
1385156, 3, 0
1385210, 0, 0
1385261, 1, 0
1385270, 2, 1
1385281, 3, 1
1385335, 0, 1
1385387, 1, 1
1385395, 2, 0
1385406, 3, 0
1385460, 0, bit 0
1385460, 0, 1
1385512, 1, 0
1385520, 2, 0
1385531, 3, 1
1385585, 0, 0
1385637, 1, 1
1385645, 2, 1
1385656, 3, 0
1385710, 0, 0
1385762, 1, bit 0
1385762, 1, 0
1385771, 2, 1
1385781, 3, 1
1385835, 0, 1
1385887, 1, 1
1385896, 2, 0
1385906, 3, 0
1385960, 0, 1
1386012, 1, 0
1386021, 2, 1
1386031, 3, 0
1386085, 0, 0
1386137, 1, 1
1386146, 2, 0
1386156, 3, 1
1386210, 0, 0
1386262, 1, 1
1386271, 2, 1
1386281, 3, 1
1386335, 0, 1
1386387, 1, 0
1386396, 2, 0
1386406, 3, 0
1386460, 0, 1
1386512, 1, 1
1386521, 2, bit 0
1386521, 2, 0
1386531, 3, 0
1386585, 0, 0
1386637, 1, 0
1386646, 2, 1
1386656, 3, 1
1386710, 0, 0
1386762, 1, 1
1386771, 2, 0
1386781, 3, bit 0
1386781, 3, 1
1386835, 0, 1
1386887, 1, 0
1386896, 2, 1
1386906, 3, 0
1386960, 0, 0
1387012, 1, 1
1387021, 2, 0
1387031, 3, 1
1387085, 0, 1
1387137, 1, 0
1387146, 2, 1
1387156, 3, 0
1387210, 0, bit 1
1387210, 0, 0
1387262, 1, 1
1387271, 2, 1
1387281, 3, 1
1387335, 0, 1
1387387, 1, 0
1387396, 2, 0
1387406, 3, 0
1387460, 0, 1
1387512, 1, bit 1
1387512, 1, 1
1387521, 2, 0
1387531, 3, 1
1387585, 0, 0
1387637, 1, 0
1387646, 2, 1
1387656, 3, 0
1387710, 0, 0
1387762, 1, 1
1387771, 2, 0
1387781, 3, 0
1387835, 0, 1
1387887, 1, 0
1387896, 2, 1
1387906, 3, 1
1387960, 0, 1
1388012, 1, 0
1388021, 2, 0
1388032, 3, 1
1388085, 0, 0
1388137, 1, 1
1388146, 2, 1
1388157, 3, 0
1388210, 0, 0
1388262, 1, 0
1388271, 2, bit 0
1388271, 2, 0
1388282, 3, 0
1388335, 0, 1
1388387, 1, 1
1388396, 2, 1
1388407, 3, 1
1388460, 0, 1
1388512, 1, 0
1388521, 2, 0
1388532, 3, bit 1
1388532, 3, 0
1388585, 0, 0
1388637, 1, 1
1388646, 2, 1
1388657, 3, 1
1388710, 0, 1
1388762, 1, 0
1388771, 2, 0
1388782, 3, 0
1388835, 0, 0
1388887, 1, 1
1388896, 2, 1
1388907, 3, 1
1388960, 0, bit 1
1388960, 0, 0
1389012, 1, 0
1389021, 2, 1
1389032, 3, 0
1389085, 0, 1
1389137, 1, 1
1389146, 2, 0
1389157, 3, 1
1389210, 0, 1
1389262, 1, bit 0
1389262, 1, 0
1389271, 2, 0
1389282, 3, 0
1389335, 0, 0
1389387, 1, 1
1389396, 2, 1
1389407, 3, 1
1389460, 0, 0
1389512, 1, 0
1389521, 2, 0
1389532, 3, 1
1389585, 0, 1
1389637, 1, 1
1389646, 2, 1
1389657, 3, 0
1389710, 0, 1
1389762, 1, 1
1389771, 2, 0
1389782, 3, 0
1389835, 0, 0
1389887, 1, 0
1389896, 2, 1
1389907, 3, 1
1389960, 0, 0
1390012, 1, 1
1390021, 2, bit 1
1390021, 2, 1
1390032, 3, 1
1390085, 0, 1
1390137, 1, 0
1390146, 2, 0
1390157, 3, 0
1390210, 0, 1
1390262, 1, 1
1390271, 2, 1
1390282, 3, bit 0
1390282, 3, 1
1390336, 0, 0
1390387, 1, 0
1390396, 2, 0
1390407, 3, 0
1390461, 0, 1
1390512, 1, 1
1390521, 2, 1
1390532, 3, 1
1390586, 0, 0
1390637, 1, 0
1390646, 2, 0
1390657, 3, 0
1390711, 0, bit 0
1390711, 0, 1
1390763, 1, 1
1390771, 2, 0
1390782, 3, 1
1390836, 0, 0
1390888, 1, 0
1390896, 2, 1
1390907, 3, 0
1390961, 0, 0
1391013, 1, bit 0
1391013, 1, 0
1391021, 2, 1
1391032, 3, 1
1391086, 0, 1
1391138, 1, 1
1391147, 2, 0
1391157, 3, 0
1391211, 0, 1
1391263, 1, 0
1391272, 2, 1
1391282, 3, 0
1391336, 0, 0
1391388, 1, 1
1391397, 2, 0
1391407, 3, 1
1391461, 0, 0
1391513, 1, 1
1391522, 2, 1
1391532, 3, 1
1391586, 0, 1
1391638, 1, 0
1391647, 2, 0
1391657, 3, 0
1391711, 0, 1
1391763, 1, 1
1391772, 2, bit 0
1391772, 2, 0
1391782, 3, 0
1391836, 0, 0
1391888, 1, 0
1391897, 2, 1
1391907, 3, 1
1391961, 0, 0
1392013, 1, 1
1392022, 2, 0
1392032, 3, bit 0
1392032, 3, 1
1392086, 0, 1
1392138, 1, 0
1392147, 2, 1
1392157, 3, 0
1392211, 0, 0
1392263, 1, 1
1392272, 2, 0
1392282, 3, 1
1392336, 0, 1
1392388, 1, 0
1392397, 2, 1
1392407, 3, 0
1392461, 0, bit 1
1392461, 0, 0
1392513, 1, 1
1392522, 2, 1
1392532, 3, 1
1392586, 0, 1
1392638, 1, 0
1392647, 2, 0
1392657, 3, 0
1392711, 0, 1
1392763, 1, bit 0
1392763, 1, 0
1392772, 2, 0
1392782, 3, 1
1392836, 0, 0
1392888, 1, 1
1392897, 2, 1
1392907, 3, 0
1392961, 0, 0
1393013, 1, 0
1393022, 2, 0
1393032, 3, 0
1393086, 0, 1
1393138, 1, 1
1393147, 2, 1
1393157, 3, 1
1393211, 0, 1
1393263, 1, 1
1393272, 2, 0
1393282, 3, 1
1393336, 0, 0
1393388, 1, 0
1393397, 2, 1
1393408, 3, 0
1393461, 0, 0
1393513, 1, 1
1393522, 2, bit 0
1393522, 2, 0
1393533, 3, 0
1393586, 0, 1
1393638, 1, 0
1393647, 2, 1
1393658, 3, 1
1393711, 0, 1
1393763, 1, 1
1393772, 2, 0
1393783, 3, bit 1
1393783, 3, 0
1393836, 0, 0
1393888, 1, 0
1393897, 2, 1
1393908, 3, 1
1393961, 0, 1
1394013, 1, 1
1394022, 2, 0
1394033, 3, 0
1394086, 0, 0
1394138, 1, 0
1394147, 2, 1
1394158, 3, 1
1394211, 0, bit 1
1394211, 0, 0
1394263, 1, 1
1394272, 2, 1
1394283, 3, 0
1394336, 0, 1
1394388, 1, 0
1394397, 2, 0
1394408, 3, 1
1394461, 0, 1
1394513, 1, bit 1
1394513, 1, 1
1394522, 2, 0
1394533, 3, 0
1394586, 0, 0
1394638, 1, 0
1394647, 2, 1
1394658, 3, 1
1394711, 0, 0
1394763, 1, 1
1394772, 2, 0
1394783, 3, 1
1394836, 0, 1
1394888, 1, 0
1394897, 2, 1
1394908, 3, 0
1394961, 0, 1
1395013, 1, 0
1395022, 2, 0
1395033, 3, 0
1395086, 0, 0
1395138, 1, 1
1395147, 2, 1
1395158, 3, 1
1395211, 0, 0
1395263, 1, 0
1395272, 2, bit 0
1395272, 2, 0
1395283, 3, 1
1395336, 0, 1
1395388, 1, 1
1395397, 2, 1
1395408, 3, 0
1395461, 0, 1
1395513, 1, 0
1395522, 2, 0
1395533, 3, bit 0
1395533, 3, 1
1395586, 0, 0
1395638, 1, 1
1395647, 2, 1
1395658, 3, 0
1395712, 0, 1
1395763, 1, 0
1395772, 2, 0
1395783, 3, 1
1395837, 0, 0
1395888, 1, 1
1395897, 2, 1
1395908, 3, 0
1395962, 0, bit 0
1395962, 0, 1
1396013, 1, 0
1396022, 2, 1
1396033, 3, 1
1396087, 0, 0
1396139, 1, 1
1396147, 2, 0
1396158, 3, 0
1396212, 0, 0
1396264, 1, bit 0
1396264, 1, 0
1396272, 2, 0
1396283, 3, 1
1396337, 0, 1
1396389, 1, 1
1396397, 2, 1
1396408, 3, 0
1396462, 0, 1
1396514, 1, 0
1396523, 2, 0
1396533, 3, 0
1396587, 0, 0
1396639, 1, 1
1396648, 2, 1
1396658, 3, 1
1396712, 0, 0
1396764, 1, 1
1396773, 2, 0
1396783, 3, 1
1396837, 0, 1
1396889, 1, 0
1396898, 2, 1
1396908, 3, 0
1396962, 0, 1
1397014, 1, 1
1397023, 2, bit 0
1397023, 2, 0
1397033, 3, 0
1397087, 0, 0
1397139, 1, 0
1397148, 2, 1
1397158, 3, 1
1397212, 0, 0
1397264, 1, 1
1397273, 2, 0
1397283, 3, bit 1
1397283, 3, 0
1397337, 0, 1
1397389, 1, 0
1397398, 2, 1
1397408, 3, 1
1397462, 0, 0
1397514, 1, 1
1397523, 2, 0
1397533, 3, 0
1397587, 0, 1
1397639, 1, 0
1397648, 2, 1
1397658, 3, 1
1397712, 0, bit 1
1397712, 0, 0
1397764, 1, 1
1397773, 2, 1
1397783, 3, 0
1397837, 0, 1
1397889, 1, 0
1397898, 2, 0
1397908, 3, 1
1397962, 0, 1
1398014, 1, bit 0
1398014, 1, 0
1398023, 2, 0
1398033, 3, 0
1398087, 0, 0
1398139, 1, 1
1398148, 2, 1
1398158, 3, 1
1398212, 0, 0
1398264, 1, 0
1398273, 2, 0
1398283, 3, 1
1398337, 0, 1
1398389, 1, 1
1398398, 2, 1
1398408, 3, 0
1398462, 0, 1
1398514, 1, 1
1398523, 2, 0
1398533, 3, 0
1398587, 0, 0
1398639, 1, 0
1398648, 2, 1
1398658, 3, 1
1398712, 0, 0
1398764, 1, 1
1398773, 2, bit 0
1398773, 2, 0
1398784, 3, 1
1398837, 0, 1
1398889, 1, 0
1398898, 2, 1
1398909, 3, 0
1398962, 0, 1
1399014, 1, 1
1399023, 2, 0
1399034, 3, bit 0
1399034, 3, 1
1399087, 0, 0
1399139, 1, 0
1399148, 2, 1
1399159, 3, 0
1399212, 0, 1
1399264, 1, 1
1399273, 2, 0
1399284, 3, 1
1399337, 0, 0
1399389, 1, 0
1399398, 2, 1
1399409, 3, 0
1399462, 0, bit 0
1399462, 0, 1
1399514, 1, 1
1399523, 2, 1
1399534, 3, 1
1399587, 0, 0
1399639, 1, 0
1399648, 2, 0
1399659, 3, 0
1399712, 0, 0
1399764, 1, bit 0
1399764, 1, 0
1399773, 2, 0
1399784, 3, 1
1399837, 0, 1
1399889, 1, 1
1399898, 2, 1
1399909, 3, 0
1399962, 0, 1
1400014, 1, 0
1400023, 2, 0
1400034, 3, 0
1400087, 0, 0
1400139, 1, 1
1400148, 2, 1
1400159, 3, 1
1400212, 0, 0
1400264, 1, 1
1400273, 2, 0
1400284, 3, 1
1400337, 0, 1
1400389, 1, 0
1400398, 2, 1
1400409, 3, 0
1400462, 0, 1
1400514, 1, 1
1400523, 2, bit 1
1400523, 2, 1
1400534, 3, 0
1400587, 0, 0
1400639, 1, 0
1400648, 2, 0
1400659, 3, 1
1400712, 0, 0
1400764, 1, 1
1400773, 2, 1
1400784, 3, bit 0
1400784, 3, 1
1400837, 0, 1
1400889, 1, 0
1400898, 2, 0
1400909, 3, 0
1400962, 0, 0
1401014, 1, 1
1401023, 2, 1
1401034, 3, 1
1401088, 0, 1
1401139, 1, 0
1401148, 2, 0
1401159, 3, 0
1401213, 0, bit 1
1401213, 0, 0
1401264, 1, 1
1401273, 2, 0
1401284, 3, 1
1401338, 0, 1
1401389, 1, 0
1401398, 2, 1
1401409, 3, 0
1401463, 0, 1
1401515, 1, bit 1
1401518, 1, 1
1401523, 2, 1
1401534, 3, 1
1401588, 0, 0
1401640, 1, 0
1401648, 2, 0
1401659, 3, 0
1401713, 0, 0
1401765, 1, 1
1401773, 2, 1
1401784, 3, 0
1401838, 0, 1
1401890, 1, 0
1401899, 2, 0
1401909, 3, 1
1401963, 0, 1
1402015, 1, 0
1402024, 2, 1
1402034, 3, 1
1402088, 0, 0
1402140, 1, 1
1402149, 2, 0
1402159, 3, 0
1402213, 0, 0
1402265, 1, 0
1402274, 2, bit 0
1402274, 2, 0
1402284, 3, 0
1402338, 0, 1
1402390, 1, 1
1402399, 2, 1
1402409, 3, 1
1402463, 0, 1
1402515, 1, 0
1402524, 2, 0
1402534, 3, bit 0
1402534, 3, 1
1402588, 0, 0
1402640, 1, 1
1402649, 2, 1
1402659, 3, 0
1402713, 0, 1
1402765, 1, 0
1402774, 2, 0
1402784, 3, 1
1402838, 0, 0
1402890, 1, 1
1402899, 2, 1
1402909, 3, 0
1402963, 0, bit 1
1402963, 0, 0
1403015, 1, 0
1403024, 2, 1
1403034, 3, 1
1403088, 0, 1
1403140, 1, 1
1403149, 2, 0
1403159, 3, 0
1403213, 0, 1
1403265, 1, bit 0
1403265, 1, 0
1403274, 2, 0
1403284, 3, 1
1403338, 0, 0
1403390, 1, 1
1403399, 2, 1
1403409, 3, 0
1403463, 0, 0
1403515, 1, 0
1403524, 2, 0
1403534, 3, 0
1403588, 0, 1
1403640, 1, 1
1403649, 2, 1
1403659, 3, 1
1403713, 0, 1
1403765, 1, 1
1403774, 2, 0
1403784, 3, 1
1403838, 0, 0
1403890, 1, 0
1403899, 2, 1
1403909, 3, 0
1403963, 0, 0
1404015, 1, 1
1404024, 2, bit 0
1404024, 2, 0
1404034, 3, 0
1404088, 0, 1
1404140, 1, 0
1404149, 2, 1
1404160, 3, 1
1404213, 0, 1
1404265, 1, 1
1404274, 2, 0
1404285, 3, bit 1
1404285, 3, 0
1404338, 0, 0
1404390, 1, 0
1404399, 2, 1
1404410, 3, 1
1404463, 0, 1
1404515, 1, 1
1404524, 2, 0
1404535, 3, 0
1404588, 0, 0
1404640, 1, 0
1404649, 2, 1
1404660, 3, 1
1404713, 0, bit 0
1404713, 0, 1
1404765, 1, 1
1404774, 2, 1
1404785, 3, 0
1404838, 0, 0
1404890, 1, 0
1404899, 2, 0
1404910, 3, 1
1404963, 0, 0
1405015, 1, bit 0
1405015, 1, 0
1405024, 2, 0
1405035, 3, 0
1405088, 0, 1
1405140, 1, 1
1405149, 2, 1
1405160, 3, 1
1405213, 0, 1
1405265, 1, 0
1405274, 2, 0
1405285, 3, 1
1405338, 0, 0
1405390, 1, 1
1405399, 2, 1
1405410, 3, 0
1405463, 0, 0
1405515, 1, 1
1405524, 2, 0
1405535, 3, 0
1405588, 0, 1
1405640, 1, 0
1405649, 2, 1
1405660, 3, 1
1405713, 0, 1
1405765, 1, 1
1405774, 2, bit 1
1405774, 2, 1
1405785, 3, 1
1405838, 0, 0
1405890, 1, 0
1405899, 2, 0
1405910, 3, 0
1405963, 0, 0
1406015, 1, 1
1406024, 2, 1
1406035, 3, bit 1
1406035, 3, 0
1406088, 0, 1
1406140, 1, 0
1406149, 2, 0
1406160, 3, 1
1406213, 0, 0
1406265, 1, 1
1406274, 2, 1
1406285, 3, 0
1406338, 0, 1
1406390, 1, 0
1406399, 2, 0
1406410, 3, 1
1406464, 0, bit 1
1406464, 0, 0
1406515, 1, 1
1406524, 2, 0
1406535, 3, 0
1406589, 0, 1
1406640, 1, 0
1406649, 2, 1
1406660, 3, 1
1406714, 0, 1
1406765, 1, bit 0
1406765, 1, 0
1406774, 2, 1
1406785, 3, 0
1406839, 0, 0
1406891, 1, 1
1406899, 2, 0
1406910, 3, 1
1406964, 0, 0
1407016, 1, 0
1407024, 2, 1
1407035, 3, 1
1407089, 0, 1
1407141, 1, 1
1407149, 2, 0
1407160, 3, 0
1407214, 0, 1
1407266, 1, 1
1407275, 2, 1
1407285, 3, 0
1407339, 0, 0
1407391, 1, 0
1407400, 2, 0
1407410, 3, 1
1407464, 0, 0
1407516, 1, 1
1407525, 2, bit 1
1407525, 2, 1
1407535, 3, 1
1407589, 0, 1
1407641, 1, 0
1407650, 2, 0
1407660, 3, 0
1407714, 0, 1
1407766, 1, 1
1407775, 2, 1
1407785, 3, bit 0
1407785, 3, 1
1407839, 0, 0
1407891, 1, 0
1407900, 2, 0
1407910, 3, 0
1407964, 0, 1
1408016, 1, 1
1408025, 2, 1
1408035, 3, 1
1408089, 0, 0
1408141, 1, 0
1408150, 2, 0
1408160, 3, 0
1408214, 0, bit 0
1408214, 0, 1
1408266, 1, 1
1408275, 2, 0
1408285, 3, 1
1408339, 0, 0
1408391, 1, 0
1408400, 2, 1
1408410, 3, 0
1408464, 0, 0
1408516, 1, bit 1
1408516, 1, 1
1408525, 2, 1
1408535, 3, 1
1408589, 0, 1
1408641, 1, 0
1408650, 2, 0
1408660, 3, 0
1408714, 0, 1
1408766, 1, 1
1408775, 2, 1
1408785, 3, 0
1408839, 0, 0
1408891, 1, 0
1408900, 2, 0
1408910, 3, 1
1408964, 0, 0
1409016, 1, 0
1409025, 2, 1
1409035, 3, 1
1409089, 0, 1
1409141, 1, 1
1409150, 2, 0
1409160, 3, 0
1409214, 0, 1
1409266, 1, 0
1409275, 2, bit 0
1409275, 2, 0
1409285, 3, 0
1409339, 0, 0
1409391, 1, 1
1409400, 2, 1
1409410, 3, 1
1409464, 0, 0
1409516, 1, 0
1409525, 2, 0
1409536, 3, bit 0
1409536, 3, 1
1409589, 0, 1
1409641, 1, 1
1409650, 2, 1
1409661, 3, 0
1409714, 0, 0
1409766, 1, 0
1409775, 2, 0
1409786, 3, 1
1409839, 0, 1
1409891, 1, 1
1409900, 2, 1
1409911, 3, 0
1409964, 0, bit 0
1409964, 0, 1
1410016, 1, 0
1410025, 2, 1
1410036, 3, 1
1410089, 0, 0
1410141, 1, 1
1410150, 2, 0
1410161, 3, 0
1410214, 0, 0
1410266, 1, bit 1
1410266, 1, 1
1410275, 2, 0
1410286, 3, 1
1410339, 0, 1
1410391, 1, 0
1410400, 2, 1
1410411, 3, 0
1410464, 0, 1
1410516, 1, 1
1410525, 2, 0
1410536, 3, 0
1410589, 0, 0
1410641, 1, 0
1410650, 2, 1
1410661, 3, 1
1410714, 0, 0
1410766, 1, 0
1410775, 2, 0
1410786, 3, 1
1410839, 0, 1
1410891, 1, 1
1410900, 2, 1
1410911, 3, 0
1410964, 0, 1
1411016, 1, 0
1411025, 2, bit 1
1411025, 2, 1
1411036, 3, 0
1411089, 0, 0
1411141, 1, 1
1411150, 2, 0
1411161, 3, 1
1411214, 0, 0
1411266, 1, 0
1411275, 2, 1
1411286, 3, bit 1
1411289, 3, 0
1411339, 0, 1
1411391, 1, 1
1411400, 2, 0
1411411, 3, 1
1411464, 0, 0
1411516, 1, 0
1411525, 2, 1
1411536, 3, 0
1411589, 0, 1
1411641, 1, 1
1411650, 2, 0
1411661, 3, 1
1411714, 0, bit 0
1411714, 0, 1
1411766, 1, 0
1411775, 2, 0
1411786, 3, 0
1411840, 0, 0
1411891, 1, 1
1411900, 2, 1
1411911, 3, 1
1411965, 0, 0
1412016, 1, bit 0
1412016, 1, 0
1412025, 2, 1
1412036, 3, 0
1412090, 0, 1
1412141, 1, 1
1412150, 2, 0
1412161, 3, 1
1412215, 0, 1
1412267, 1, 0
1412275, 2, 1
1412286, 3, 1
1412340, 0, 0
1412392, 1, 1
1412400, 2, 0
1412411, 3, 0
1412465, 0, 0
1412517, 1, 1
1412525, 2, 1
1412536, 3, 0
1412590, 0, 1
1412642, 1, 0
1412651, 2, 0
1412661, 3, 1
1412715, 0, 1
1412767, 1, 1
1412776, 2, bit 0
1412776, 2, 0
1412786, 3, 1
1412840, 0, 0
1412892, 1, 0
1412901, 2, 1
1412911, 3, 0
1412965, 0, 0
1413017, 1, 1
1413026, 2, 0
1413036, 3, bit 1
1413036, 3, 0
1413090, 0, 1
1413142, 1, 0
1413151, 2, 1
1413161, 3, 1
1413215, 0, 0
1413267, 1, 1
1413276, 2, 0
1413286, 3, 0
1413340, 0, 1
1413392, 1, 0
1413401, 2, 1
1413411, 3, 1
1413465, 0, bit 0
1413465, 0, 1
1413517, 1, 1
1413526, 2, 1
1413536, 3, 0
1413590, 0, 0
1413642, 1, 0
1413651, 2, 0
1413661, 3, 1
1413715, 0, 0
1413767, 1, bit 1
1413767, 1, 1
1413776, 2, 0
1413786, 3, 0
1413840, 0, 1
1413892, 1, 0
1413901, 2, 1
1413911, 3, 1
1413965, 0, 1
1414017, 1, 1
1414026, 2, 0
1414036, 3, 1
1414090, 0, 0
1414142, 1, 0
1414151, 2, 1
1414161, 3, 0
1414215, 0, 0
1414267, 1, 0
1414276, 2, 0
1414286, 3, 0
1414340, 0, 1
1414392, 1, 1
1414401, 2, 1
1414411, 3, 1
1414465, 0, 1
1414517, 1, 0
1414526, 2, bit 1
1414526, 2, 1
1414536, 3, 1
1414590, 0, 0
1414642, 1, 1
1414651, 2, 0
1414661, 3, 0
1414715, 0, 0
1414767, 1, 0
1414776, 2, 1
1414786, 3, bit 1
1414786, 3, 0
1414840, 0, 1
1414892, 1, 1
1414901, 2, 0
1414912, 3, 1
1414965, 0, 0
1415017, 1, 0
1415026, 2, 1
1415037, 3, 0
1415090, 0, 1
1415142, 1, 1
1415151, 2, 0
1415162, 3, 1
1415215, 0, bit 0
1415218, 0, 1
1415267, 1, 0
1415276, 2, 0
1415287, 3, 0
1415340, 0, 0
1415392, 1, 1
1415401, 2, 1
1415412, 3, 1
1415465, 0, 0
1415517, 1, bit 1
1415517, 1, 1
1415526, 2, 1
1415537, 3, 0
1415590, 0, 1
1415642, 1, 0
1415651, 2, 0
1415662, 3, 1
1415715, 0, 1
1415767, 1, 1
1415776, 2, 1
1415787, 3, 1
1415840, 0, 0
1415892, 1, 0
1415901, 2, 0
1415912, 3, 0
1415965, 0, 0
1416017, 1, 0
1416026, 2, 1
1416037, 3, 0
1416090, 0, 1
1416142, 1, 1
1416151, 2, 0
1416162, 3, 1
1416215, 0, 1
1416267, 1, 0
1416276, 2, bit 0
1416276, 2, 0
1416287, 3, 1
1416340, 0, 0
1416392, 1, 1
1416401, 2, 1
1416412, 3, 0
1416465, 0, 0
1416517, 1, 0
1416526, 2, 0
1416537, 3, bit 1
1416537, 3, 0
1416590, 0, 1
1416642, 1, 1
1416651, 2, 1
1416662, 3, 1
1416715, 0, 0
1416767, 1, 0
1416776, 2, 0
1416787, 3, 0
1416840, 0, 1
1416892, 1, 1
1416901, 2, 1
1416912, 3, 1
1416965, 0, bit 0
1416965, 0, 1
1417017, 1, 0
1417026, 2, 1
1417037, 3, 0
1417090, 0, 0
1417142, 1, 1
1417151, 2, 0
1417162, 3, 1
1417216, 0, 0
1417267, 1, bit 0
1417267, 1, 0
1417276, 2, 0
1417287, 3, 0
1417341, 0, 1
1417392, 1, 1
1417401, 2, 1
1417412, 3, 1
1417466, 0, 1
1417517, 1, 0
1417526, 2, 0
1417537, 3, 1
1417591, 0, 0
1417643, 1, 1
1417651, 2, 1
1417662, 3, 0
1417716, 0, 0
1417768, 1, 1
1417776, 2, 0
1417787, 3, 0
1417841, 0, 1
1417893, 1, 0
1417901, 2, 1
1417912, 3, 1
1417966, 0, 1
1418018, 1, 1
1418027, 2, bit 0
1418027, 2, 0
1418037, 3, 1
1418091, 0, 0
1418143, 1, 0
1418152, 2, 1
1418162, 3, 0
1418216, 0, 0
1418268, 1, 1
1418277, 2, 0
1418287, 3, bit 1
1418287, 3, 0
1418341, 0, 1
1418393, 1, 0
1418402, 2, 1
1418412, 3, 1
1418466, 0, 0
1418518, 1, 1
1418527, 2, 0
1418537, 3, 0
1418591, 0, 1
1418643, 1, 0
1418652, 2, 1
1418662, 3, 1
1418716, 0, bit 1
1418716, 0, 0
1418768, 1, 1
1418777, 2, 1
1418787, 3, 0
1418841, 0, 1
1418893, 1, 0
1418902, 2, 0
1418912, 3, 1
1418966, 0, 1
1419018, 1, bit 1
1419018, 1, 1
1419027, 2, 0
1419037, 3, 0
1419091, 0, 0
1419143, 1, 0
1419152, 2, 1
1419162, 3, 1
1419216, 0, 0
1419268, 1, 1
1419277, 2, 0
1419287, 3, 1
1419341, 0, 1
1419393, 1, 0
1419402, 2, 1
1419412, 3, 0
1419466, 0, 1
1419518, 1, 0
1419527, 2, 0
1419537, 3, 0
1419591, 0, 0
1419643, 1, 1
1419652, 2, 1
1419662, 3, 1
1419716, 0, 0
1419768, 1, 0
1419777, 2, bit 0
1419777, 2, 0
1419787, 3, 1
1419841, 0, 1
1419893, 1, 1
1419902, 2, 1
1419912, 3, 0
1419966, 0, 1
1420018, 1, 0
1420027, 2, 0
1420037, 3, bit 0
1420037, 3, 1
1420091, 0, 0
1420143, 1, 1
1420152, 2, 1
1420162, 3, 0
1420216, 0, 1
1420268, 1, 0
1420277, 2, 0
1420288, 3, 1
1420341, 0, 0
1420393, 1, 1
1420402, 2, 1
1420413, 3, 0
1420466, 0, bit 0
1420466, 0, 1
1420518, 1, 0
1420527, 2, 1
1420538, 3, 1
1420591, 0, 0
1420643, 1, 1
1420652, 2, 0
1420663, 3, 0
1420716, 0, 0
1420768, 1, bit 0
1420768, 1, 0
1420777, 2, 0
1420788, 3, 1
1420841, 0, 1
1420893, 1, 1
1420902, 2, 1
1420913, 3, 0
1420966, 0, 1
1421018, 1, 0
1421027, 2, 0
1421038, 3, 0
1421091, 0, 0
1421143, 1, 1
1421152, 2, 1
1421163, 3, 1
1421216, 0, 0
1421268, 1, 1
1421277, 2, 0
1421288, 3, 1
1421341, 0, 1
1421393, 1, 0
1421402, 2, 1
1421413, 3, 0
1421466, 0, 1
1421518, 1, 1
1421527, 2, bit 1
1421527, 2, 1
1421538, 3, 0
1421591, 0, 0
1421643, 1, 0
1421652, 2, 0
1421663, 3, 1
1421716, 0, 0
1421768, 1, 1
1421777, 2, 1
1421788, 3, bit 0
1421788, 3, 1
1421841, 0, 1
1421893, 1, 0
1421902, 2, 0
1421913, 3, 0
1421966, 0, 0
1422018, 1, 1
1422027, 2, 1
1422038, 3, 1
1422091, 0, 1
1422143, 1, 0
1422152, 2, 0
1422163, 3, 0
1422216, 0, bit 0
1422216, 0, 1
1422268, 1, 1
1422277, 2, 0
1422288, 3, 1
1422341, 0, 0
1422393, 1, 0
1422402, 2, 1
1422413, 3, 0
1422466, 0, 0
1422518, 1, bit 0
1422518, 1, 0
1422527, 2, 1
1422538, 3, 1
1422592, 0, 1
1422643, 1, 1
1422652, 2, 0
1422663, 3, 0
1422717, 0, 1
1422768, 1, 0
1422777, 2, 1
1422788, 3, 0
1422842, 0, 0
1422893, 1, 1
1422902, 2, 0
1422913, 3, 1
1422967, 0, 0
1423019, 1, 1
1423027, 2, 1
1423038, 3, 1
1423092, 0, 1
1423144, 1, 0
1423152, 2, 0
1423163, 3, 0
1423217, 0, 1
1423269, 1, 1
1423277, 2, bit 0
1423277, 2, 0
1423288, 3, 0
1423342, 0, 0
1423394, 1, 0
1423403, 2, 1
1423413, 3, 1
1423467, 0, 0
1423519, 1, 1
1423528, 2, 0
1423538, 3, bit 0
1423538, 3, 1
1423592, 0, 1
1423644, 1, 0
1423653, 2, 1
1423663, 3, 0
1423717, 0, 0
1423769, 1, 1
1423778, 2, 0
1423788, 3, 1
1423842, 0, 1
1423894, 1, 0
1423903, 2, 1
1423913, 3, 0
1423967, 0, bit 0
1423967, 0, 1
1424019, 1, 1
1424028, 2, 1
1424038, 3, 1
1424092, 0, 0
1424144, 1, 0
1424153, 2, 0
1424163, 3, 0
1424217, 0, 0
1424269, 1, bit 1
1424269, 1, 1
1424278, 2, 0
1424288, 3, 1
1424342, 0, 1
1424394, 1, 0
1424403, 2, 1
1424413, 3, 0
1424467, 0, 1
1424519, 1, 1
1424528, 2, 0
1424538, 3, 0
1424592, 0, 0
1424644, 1, 0
1424653, 2, 1
1424663, 3, 1
1424717, 0, 0
1424769, 1, 0
1424778, 2, 0
1424788, 3, 1
1424842, 0, 1
1424894, 1, 1
1424903, 2, 1
1424913, 3, 0
1424967, 0, 1
1425019, 1, 0
1425028, 2, bit 1
1425028, 2, 1
1425038, 3, 0
1425092, 0, 0
1425144, 1, 1
1425153, 2, 0
1425163, 3, 1
1425217, 0, 0
1425269, 1, 0
1425278, 2, 1
1425288, 3, bit 0
1425288, 3, 1
1425342, 0, 1
1425394, 1, 1
1425403, 2, 0
1425413, 3, 0
1425467, 0, 0
1425519, 1, 0
1425528, 2, 1
1425538, 3, 1
1425592, 0, 1
1425644, 1, 1
1425653, 2, 0
1425664, 3, 0
1425717, 0, bit 1
1425717, 0, 0
1425769, 1, 0
1425778, 2, 0
1425789, 3, 1
1425842, 0, 1
1425894, 1, 1
1425903, 2, 1
1425914, 3, 0
1425967, 0, 1
1426019, 1, bit 1
1426019, 1, 1
1426028, 2, 1
1426039, 3, 1
1426092, 0, 0
1426144, 1, 0
1426153, 2, 0
1426164, 3, 0
1426217, 0, 0
1426269, 1, 1
1426278, 2, 1
1426289, 3, 0
1426342, 0, 1
1426394, 1, 0
1426403, 2, 0
1426414, 3, 1
1426467, 0, 1
1426519, 1, 0
1426528, 2, 1
1426539, 3, 1
1426592, 0, 0
1426644, 1, 1
1426653, 2, 0
1426664, 3, 0
1426717, 0, 0
1426769, 1, 0
1426778, 2, bit 0
1426778, 2, 0
1426789, 3, 0
1426842, 0, 1
1426894, 1, 1
1426903, 2, 1
1426914, 3, 1
1426967, 0, 1
1427019, 1, 0
1427028, 2, 0
1427039, 3, bit 1
1427039, 3, 0
1427092, 0, 0
1427144, 1, 1
1427153, 2, 1
1427164, 3, 1
1427217, 0, 1
1427269, 1, 0
1427278, 2, 0
1427289, 3, 0
1427342, 0, 0
1427394, 1, 1
1427403, 2, 1
1427414, 3, 1
1427467, 0, bit 1
1427467, 0, 0
1427519, 1, 0
1427528, 2, 1
1427539, 3, 0
1427592, 0, 1
1427644, 1, 1
1427653, 2, 0
1427664, 3, 1
1427717, 0, 1
1427769, 1, bit 0
1427769, 1, 0
1427778, 2, 0
1427789, 3, 0
1427842, 0, 0
1427894, 1, 1
1427903, 2, 1
1427914, 3, 1
1427968, 0, 0
1428019, 1, 0
1428028, 2, 0
1428039, 3, 1
1428093, 0, 1
1428144, 1, 1
1428153, 2, 1
1428164, 3, 0
1428218, 0, 1
1428269, 1, 1
1428278, 2, 0
1428289, 3, 0
1428343, 0, 0
1428395, 1, 0
1428403, 2, 1
1428414, 3, 1
1428468, 0, 0
1428520, 1, 1
1428528, 2, bit 1
1428528, 2, 1
1428539, 3, 1
1428593, 0, 1
1428645, 1, 0
1428653, 2, 0
1428664, 3, 0
1428718, 0, 1
1428770, 1, 1
1428779, 2, 1
1428789, 3, bit 1
1428789, 3, 0
1428843, 0, 0
1428895, 1, 0
1428904, 2, 0
1428914, 3, 1
1428968, 0, 1
1429020, 1, 1
1429029, 2, 1
1429039, 3, 0
1429093, 0, 0
1429145, 1, 0
1429154, 2, 0
1429164, 3, 1
1429218, 0, bit 0
1429218, 0, 1
1429270, 1, 1
1429279, 2, 0
1429289, 3, 0
1429343, 0, 0
1429395, 1, 0
1429404, 2, 1
1429414, 3, 1
1429468, 0, 0
1429520, 1, bit 1
1429520, 1, 1
1429529, 2, 1
1429539, 3, 0
1429593, 0, 1
1429645, 1, 0
1429654, 2, 0
1429664, 3, 1
1429718, 0, 1
1429770, 1, 1
1429779, 2, 1
1429789, 3, 1
1429843, 0, 0
1429895, 1, 0
1429904, 2, 0
1429914, 3, 0
1429968, 0, 0
1430020, 1, 0
1430029, 2, 1
1430039, 3, 0
1430093, 0, 1
1430145, 1, 1
1430154, 2, 0
1430164, 3, 1
1430218, 0, 1
1430270, 1, 0
1430279, 2, bit 0
1430279, 2, 0
1430289, 3, 1
1430343, 0, 0
1430395, 1, 1
1430404, 2, 1
1430414, 3, 0
1430468, 0, 0
1430520, 1, 0
1430529, 2, 0
1430539, 3, bit 0
1430539, 3, 1
1430593, 0, 1
1430645, 1, 1
1430654, 2, 1
1430664, 3, 0
1430718, 0, 0
1430770, 1, 0
1430779, 2, 0
1430789, 3, 1
1430843, 0, 1
1430895, 1, 1
1430904, 2, 1
1430914, 3, 0
1430968, 0, bit 0
1430968, 0, 1
1431020, 1, 0
1431029, 2, 1
1431040, 3, 1
1431093, 0, 0
1431145, 1, 1
1431154, 2, 0
1431165, 3, 0
1431218, 0, 0
1431270, 1, bit 1
1431270, 1, 1
1431279, 2, 0
1431290, 3, 1
1431343, 0, 1
1431395, 1, 0
1431404, 2, 1
1431415, 3, 0
1431468, 0, 1
1431520, 1, 1
1431529, 2, 0
1431540, 3, 0
1431593, 0, 0
1431645, 1, 0
1431654, 2, 1
1431665, 3, 1
1431718, 0, 0
1431770, 1, 0
1431779, 2, 0
1431790, 3, 1
1431843, 0, 1
1431895, 1, 1
1431904, 2, 1
1431915, 3, 0
1431968, 0, 1
1432020, 1, 0
1432029, 2, bit 1
1432029, 2, 1
1432040, 3, 0
1432093, 0, 0
1432145, 1, 1
1432154, 2, 0
1432165, 3, 1
1432218, 0, 0
1432270, 1, 0
1432279, 2, 1
1432290, 3, bit 0
1432290, 3, 1
1432343, 0, 1
1432395, 1, 1
1432404, 2, 0
1432415, 3, 0
1432468, 0, 0
1432520, 1, 0
1432529, 2, 1
1432540, 3, 1
1432593, 0, 1
1432645, 1, 1
1432654, 2, 0
1432665, 3, 0
1432718, 0, bit 1
1432718, 0, 0
1432770, 1, 0
1432779, 2, 0
1432790, 3, 1
1432843, 0, 1
1432895, 1, 1
1432904, 2, 1
1432915, 3, 0
1432968, 0, 1
1433020, 1, bit 0
1433020, 1, 0
1433029, 2, 1
1433040, 3, 1
1433093, 0, 0
1433145, 1, 1
1433154, 2, 0
1433165, 3, 0
1433218, 0, 0
1433270, 1, 0
1433279, 2, 1
1433290, 3, 0
1433344, 0, 1
1433395, 1, 1
1433404, 2, 0
1433415, 3, 1
1433469, 0, 1
1433520, 1, 1
1433529, 2, 1
1433540, 3, 1
1433594, 0, 0
1433645, 1, 0
1433654, 2, 0
1433665, 3, 0
1433719, 0, 0
1433771, 1, 1
1433779, 2, bit 0
1433779, 2, 0
1433790, 3, 0
1433844, 0, 1
1433896, 1, 0
1433904, 2, 1
1433915, 3, 1
1433969, 0, 1
1434021, 1, 1
1434029, 2, 0
1434040, 3, bit 1
1434040, 3, 0
1434094, 0, 0
1434146, 1, 0
1434155, 2, 1
1434165, 3, 1
1434219, 0, 1
1434271, 1, 1
1434280, 2, 0
1434290, 3, 0
1434344, 0, 0
1434396, 1, 0
1434405, 2, 1
1434415, 3, 1
1434469, 0, bit 1
1434469, 0, 0
1434521, 1, 1
1434530, 2, 1
1434540, 3, 0
1434594, 0, 1
1434646, 1, 0
1434655, 2, 0
1434665, 3, 1
1434719, 0, 1
1434771, 1, bit 0
1434781, 1, 0
1434782, 2, 0
1434790, 3, 0
1434844, 0, 0
1434896, 1, 1
1434907, 2, 1
1434915, 3, 1
1434969, 0, 0
1435021, 1, 0
1435032, 2, 0
1435040, 3, 1
1435094, 0, 1
1435146, 1, 1
1435157, 2, 1
1435165, 3, 0
1435219, 0, 1
1435271, 1, 1
1435282, 2, 0
1435290, 3, 0
1435344, 0, 0
1435396, 1, 0
1435407, 2, 1
1435415, 3, 1
1435469, 0, 0
1435521, 1, 1
1435532, 2, bit 1
1435532, 2, 1
1435540, 3, 1
1435594, 0, 1
1435646, 1, 0
1435657, 2, 0
1435665, 3, 0
1435719, 0, 1
1435771, 1, 1
1435782, 2, 1
1435790, 3, bit 1
1435790, 3, 0
1435844, 0, 0
1435896, 1, 0
1435907, 2, 0
1435915, 3, 1
1435969, 0, 1
1436021, 1, 1
1436032, 2, 1
1436040, 3, 0
1436094, 0, 0
1436146, 1, 0
1436157, 2, 0
1436165, 3, 1
1436219, 0, bit 0
1436219, 0, 1
1436271, 1, 1
1436282, 2, 0
1436290, 3, 0
1436344, 0, 0
1436396, 1, 0
1436407, 2, 1
1436416, 3, 1
1436469, 0, 0
1436521, 1, bit 1
1436521, 1, 1
1436532, 2, 1
1436541, 3, 0
1436594, 0, 1
1436646, 1, 0
1436657, 2, 0
1436666, 3, 1
1436719, 0, 1
1436771, 1, 1
1436782, 2, 1
1436791, 3, 1
1436844, 0, 0
1436896, 1, 0
1436907, 2, 0
1436916, 3, 0
1436969, 0, 0
1437021, 1, 0
1437032, 2, 1
1437041, 3, 0
1437094, 0, 1
1437146, 1, 1
1437157, 2, 0
1437166, 3, 1
1437219, 0, 1
1437271, 1, 0
1437282, 2, bit 0
1437282, 2, 0
1437291, 3, 1
1437344, 0, 0
1437396, 1, 1
1437407, 2, 1
1437416, 3, 0
1437469, 0, 0
1437521, 1, 0
1437532, 2, 0
1437541, 3, bit 0
1437541, 3, 1
1437594, 0, 1
1437646, 1, 1
1437657, 2, 1
1437666, 3, 0
1437719, 0, 0
1437771, 1, 0
1437782, 2, 0
1437791, 3, 1
1437844, 0, 1
1437896, 1, 1
1437907, 2, 1
1437916, 3, 0
1437969, 0, bit 0
1437969, 0, 1
1438021, 1, 0
1438032, 2, 1
1438041, 3, 1
1438094, 0, 0
1438146, 1, 1
1438157, 2, 0
1438166, 3, 0
1438219, 0, 0
1438271, 1, bit 1
1438271, 1, 1
1438282, 2, 0
1438291, 3, 1
1438344, 0, 1
1438396, 1, 0
1438407, 2, 1
1438416, 3, 0
1438469, 0, 1
1438521, 1, 1
1438532, 2, 0
1438541, 3, 0
1438594, 0, 0
1438646, 1, 0
1438657, 2, 1
1438666, 3, 1
1438720, 0, 0
1438771, 1, 0
1438782, 2, 0
1438791, 3, 1
1438845, 0, 1
1438896, 1, 1
1438907, 2, 1
1438916, 3, 0
1438970, 0, 1
1439021, 1, 0
1439032, 2, bit 0
1439032, 2, 0
1439041, 3, 0
1439095, 0, 0
1439147, 1, 1
1439157, 2, 1
1439166, 3, 1
1439220, 0, 0
1439272, 1, 0
1439282, 2, 0
1439291, 3, bit 0
1439291, 3, 1
1439345, 0, 1
1439397, 1, 1
1439407, 2, 1
1439416, 3, 0
1439470, 0, 0
1439522, 1, 0
1439532, 2, 0
1439541, 3, 1
1439595, 0, 1
1439647, 1, 1
1439657, 2, 1
1439666, 3, 0
1439720, 0, bit 0
1439720, 0, 1
1439772, 1, 0
1439782, 2, 1
1439791, 3, 1
1439845, 0, 0
1439897, 1, 1
1439907, 2, 0
1439916, 3, 0
1439970, 0, 0
1440022, 1, bit 1
1440022, 1, 1
1440032, 2, 0
1440041, 3, 1
1440095, 0, 1
1440147, 1, 0
1440157, 2, 1
1440166, 3, 0
1440220, 0, 1
1440272, 1, 1
1440282, 2, 0
1440291, 3, 0
1440345, 0, 0
1440397, 1, 0
1440407, 2, 1
1440416, 3, 1
1440470, 0, 0
1440522, 1, 0
1440532, 2, 0
1440541, 3, 1
1440595, 0, 1
1440647, 1, 1
1440657, 2, 1
1440666, 3, 0
1440720, 0, 1
1440772, 1, 0
1440782, 2, bit 0
1440782, 2, 0
1440791, 3, 0
1440845, 0, 0
1440897, 1, 1
1440907, 2, 1
1440916, 3, 1
1440970, 0, 0
1441022, 1, 0
1441032, 2, 0
1441041, 3, bit 1
1441041, 3, 0
1441095, 0, 1
1441147, 1, 1
1441157, 2, 1
1441166, 3, 1
1441220, 0, 0
1441272, 1, 0
1441282, 2, 0
1441291, 3, 0
1441345, 0, 1
1441397, 1, 1
1441408, 2, 1
1441416, 3, 1
1441470, 0, bit 1
1441470, 0, 0
1441522, 1, 0
1441533, 2, 1
1441541, 3, 0
1441595, 0, 1
1441647, 1, 1
1441658, 2, 0
1441666, 3, 1
1441720, 0, 1
1441772, 1, bit 0
1441772, 1, 0
1441783, 2, 0
1441792, 3, 0
1441845, 0, 0
1441897, 1, 1
1441908, 2, 1
1441917, 3, 1
1441970, 0, 0
1442022, 1, 0
1442033, 2, 0
1442042, 3, 1
1442095, 0, 1
1442147, 1, 1
1442158, 2, 1
1442167, 3, 0
1442220, 0, 1
1442272, 1, 1
1442283, 2, 0
1442292, 3, 0
1442345, 0, 0
1442397, 1, 0
1442408, 2, 1
1442417, 3, 1
1442470, 0, 0
1442522, 1, 1
1442533, 2, bit 1
1442533, 2, 1
1442542, 3, 1
1442595, 0, 1
1442647, 1, 0
1442658, 2, 0
1442667, 3, 0
1442720, 0, 1
1442772, 1, 1
1442783, 2, 1
1442792, 3, bit 1
1442792, 3, 0
1442845, 0, 0
1442897, 1, 0
1442908, 2, 0
1442917, 3, 1
1442970, 0, 1
1443022, 1, 1
1443033, 2, 1
1443042, 3, 0
1443095, 0, 0
1443147, 1, 0
1443158, 2, 0
1443167, 3, 1
1443220, 0, bit 0
1443220, 0, 1
1443272, 1, 1
1443283, 2, 0
1443292, 3, 0
1443345, 0, 0
1443397, 1, 0
1443408, 2, 1
1443417, 3, 1
1443470, 0, 0
1443522, 1, bit 0
1443522, 1, 0
1443533, 2, 1
1443542, 3, 0
1443595, 0, 1
1443647, 1, 1
1443658, 2, 0
1443667, 3, 1
1443720, 0, 1
1443772, 1, 0
1443783, 2, 1
1443792, 3, 1
1443845, 0, 0
1443897, 1, 1
1443908, 2, 0
1443917, 3, 0
1443970, 0, 0
1444022, 1, 1
1444033, 2, 1
1444042, 3, 0
1444096, 0, 1
1444147, 1, 0
1444158, 2, 0
1444167, 3, 1
1444221, 0, 1
1444272, 1, 1
1444283, 2, bit 0
1444283, 2, 0
1444292, 3, 1
1444346, 0, 0
1444397, 1, 0
1444408, 2, 1
1444417, 3, 0
1444471, 0, 0
1444523, 1, 1
1444533, 2, 0
1444542, 3, bit 1
1444545, 3, 0
1444596, 0, 1
1444648, 1, 0
1444658, 2, 1
1444667, 3, 1
1444721, 0, 0
1444773, 1, 1
1444783, 2, 0
1444792, 3, 0
1444846, 0, 1
1444898, 1, 0
1444908, 2, 1
1444917, 3, 1
1444971, 0, bit 1
1444971, 0, 0
1445023, 1, 1
1445033, 2, 1
1445042, 3, 0
1445096, 0, 1
1445148, 1, 0
1445158, 2, 0
1445167, 3, 1
1445221, 0, 1
1445273, 1, bit 1
1445273, 1, 1
1445283, 2, 0
1445292, 3, 0
1445346, 0, 0
1445398, 1, 0
1445408, 2, 1
1445417, 3, 1
1445471, 0, 0
1445523, 1, 1
1445533, 2, 0
1445542, 3, 1
1445596, 0, 1
1445648, 1, 0
1445658, 2, 1
1445667, 3, 0
1445721, 0, 1
1445773, 1, 0
1445783, 2, 0
1445792, 3, 0
1445846, 0, 0
1445898, 1, 1
1445908, 2, 1
1445917, 3, 1
1445971, 0, 0
1446023, 1, 0
1446033, 2, bit 1
1446033, 2, 1
1446042, 3, 1
1446096, 0, 1
1446148, 1, 1
1446158, 2, 0
1446167, 3, 0
1446221, 0, 1
1446273, 1, 0
1446283, 2, 1
1446292, 3, bit 0
1446292, 3, 1
1446346, 0, 0
1446398, 1, 1
1446408, 2, 0
1446417, 3, 0
1446471, 0, 1
1446523, 1, 0
1446533, 2, 1
1446542, 3, 1
1446596, 0, 0
1446648, 1, 1
1446658, 2, 0
1446667, 3, 0
1446721, 0, bit 0
1446721, 0, 1
1446773, 1, 0
1446784, 2, 0
1446792, 3, 1
1446846, 0, 0
1446898, 1, 1
1446909, 2, 1
1446917, 3, 0
1446971, 0, 0
1447023, 1, bit 1
1447023, 1, 1
1447034, 2, 1
1447042, 3, 1
1447096, 0, 1
1447148, 1, 0
1447159, 2, 0
1447168, 3, 0
1447221, 0, 1
1447273, 1, 1
1447284, 2, 1
1447293, 3, 0
1447346, 0, 0
1447398, 1, 0
1447409, 2, 0
1447418, 3, 1
1447471, 0, 0
1447523, 1, 0
1447534, 2, 1
1447543, 3, 1
1447596, 0, 1
1447648, 1, 1
1447659, 2, 0
1447668, 3, 0
1447721, 0, 1
1447773, 1, 0
1447784, 2, bit 0
1447784, 2, 0
1447793, 3, 0
1447846, 0, 0
1447898, 1, 1
1447909, 2, 1
1447918, 3, 1
1447971, 0, 0
1448023, 1, 0
1448034, 2, 0
1448043, 3, bit 1
1448043, 3, 0
1448096, 0, 1
1448148, 1, 1
1448159, 2, 1
1448168, 3, 1
1448221, 0, 0
1448273, 1, 0
1448284, 2, 0
1448293, 3, 0
1448346, 0, 1
1448398, 1, 1
1448409, 2, 1
1448418, 3, 1
1448471, 0, bit 1
1448474, 0, 0
1448523, 1, 0
1448534, 2, 1
1448543, 3, 0
1448596, 0, 1
1448648, 1, 1
1448659, 2, 0
1448668, 3, 1
1448721, 0, 1
1448773, 1, bit 1
1448773, 1, 1
1448784, 2, 0
1448793, 3, 0
1448846, 0, 0
1448898, 1, 0
1448909, 2, 1
1448918, 3, 1
1448971, 0, 0
1449023, 1, 1
1449034, 2, 0
1449043, 3, 1
1449096, 0, 1
1449148, 1, 0
1449159, 2, 1
1449168, 3, 0
1449221, 0, 1
1449273, 1, 0
1449284, 2, 0
1449293, 3, 0
1449346, 0, 0
1449398, 1, 1
1449409, 2, 1
1449418, 3, 1
1449472, 0, 0
1449523, 1, 0
1449534, 2, bit 0
1449534, 2, 0
1449543, 3, 1
1449597, 0, 1
1449648, 1, 1
1449659, 2, 1
1449668, 3, 0
1449722, 0, 1
1449773, 1, 0
1449784, 2, 0
1449793, 3, bit 0
1449793, 3, 1
1449847, 0, 0
1449899, 1, 1
1449909, 2, 1
1449918, 3, 0
1449972, 0, 1
1450024, 1, 0
1450034, 2, 0
1450043, 3, 1
1450097, 0, 0
1450149, 1, 1
1450159, 2, 1
1450168, 3, 0
1450222, 0, bit 0
1450222, 0, 1
1450274, 1, 0
1450284, 2, 1
1450293, 3, 1
1450347, 0, 0
1450399, 1, 1
1450409, 2, 0
1450418, 3, 0
1450472, 0, 0
1450524, 1, bit 0
1450524, 1, 0
1450534, 2, 0
1450543, 3, 1
1450597, 0, 1
1450649, 1, 1
1450659, 2, 1
1450668, 3, 0
1450722, 0, 1
1450774, 1, 0
1450784, 2, 0
1450793, 3, 0
1450847, 0, 0
1450899, 1, 1
1450909, 2, 1
1450918, 3, 1
1450972, 0, 0
1451024, 1, 1
1451034, 2, 0
1451043, 3, 1
1451097, 0, 1
1451149, 1, 0
1451159, 2, 1
1451168, 3, 0
1451222, 0, 1
1451274, 1, 1
1451284, 2, bit 1
1451284, 2, 1
1451293, 3, 0
1451347, 0, 0
1451399, 1, 0
1451409, 2, 0
1451418, 3, 1
1451472, 0, 0
1451524, 1, 1
1451534, 2, 1
1451543, 3, bit 1
1451543, 3, 0
1451597, 0, 1
1451649, 1, 0
1451659, 2, 0
1451668, 3, 1
1451722, 0, 0
1451774, 1, 1
1451784, 2, 1
1451793, 3, 0
1451847, 0, 1
1451899, 1, 0
1451909, 2, 0
1451918, 3, 1
1451972, 0, bit 0
1451972, 0, 1
1452024, 1, 1
1452034, 2, 0
1452043, 3, 0
1452097, 0, 0
1452149, 1, 0
1452160, 2, 1
1452168, 3, 1
1452222, 0, 0
1452274, 1, bit 0
1452274, 1, 0
1452285, 2, 1
1452293, 3, 0
1452347, 0, 1
1452399, 1, 1
1452410, 2, 0
1452418, 3, 1
1452472, 0, 1
1452524, 1, 0
1452535, 2, 1
1452544, 3, 1
1452597, 0, 0
1452649, 1, 1
1452660, 2, 0
1452669, 3, 0
1452722, 0, 0
1452774, 1, 1
1452785, 2, 1
1452794, 3, 0
1452847, 0, 1
1452899, 1, 0
1452910, 2, 0
1452919, 3, 1
1452972, 0, 1
1453024, 1, 1
1453035, 2, bit 1
1453035, 2, 1
1453044, 3, 1
1453097, 0, 0
1453149, 1, 0
1453160, 2, 0
1453169, 3, 0
1453222, 0, 0
1453274, 1, 1
1453285, 2, 1
1453294, 3, bit 0
1453294, 3, 1
1453347, 0, 1
1453399, 1, 0
1453410, 2, 0
1453419, 3, 0
1453472, 0, 0
1453524, 1, 1
1453535, 2, 1
1453544, 3, 1
1453597, 0, 1
1453649, 1, 0
1453660, 2, 0
1453669, 3, 0
1453722, 0, bit 0
1453722, 0, 1
1453774, 1, 1
1453785, 2, 0
1453794, 3, 1
1453847, 0, 0
1453899, 1, 0
1453910, 2, 1
1453919, 3, 0
1453972, 0, 0
1454024, 1, bit 1
1454024, 1, 1
1454035, 2, 1
1454044, 3, 1
1454097, 0, 1
1454149, 1, 0
1454160, 2, 0
1454169, 3, 0
1454222, 0, 1
1454274, 1, 1
1454285, 2, 1
1454294, 3, 0
1454347, 0, 0
1454399, 1, 0
1454410, 2, 0
1454419, 3, 1
1454472, 0, 0
1454524, 1, 0
1454535, 2, 1
1454544, 3, 1
1454597, 0, 1
1454649, 1, 1
1454660, 2, 0
1454669, 3, 0
1454722, 0, 1
1454774, 1, 0
1454785, 2, bit 1
1454785, 2, 1
1454794, 3, 0
1454848, 0, 0
1454899, 1, 1
1454910, 2, 0
1454919, 3, 1
1454973, 0, 0
1455024, 1, 0
1455035, 2, 1
1455044, 3, bit 1
1455044, 3, 0
1455098, 0, 1
1455149, 1, 1
1455160, 2, 0
1455169, 3, 1
1455223, 0, 0
1455275, 1, 0
1455285, 2, 1
1455294, 3, 0
1455348, 0, 1
1455400, 1, 1
1455410, 2, 0
1455419, 3, 1
1455473, 0, bit 1
1455473, 0, 0
1455525, 1, 0
1455535, 2, 0
1455544, 3, 0
1455598, 0, 1
1455650, 1, 1
1455660, 2, 1
1455669, 3, 1
1455723, 0, 1
1455775, 1, bit 1
1455775, 1, 1
1455785, 2, 1
1455794, 3, 0
1455848, 0, 0
1455900, 1, 0
1455910, 2, 0
1455919, 3, 1
1455973, 0, 0
1456025, 1, 1
1456035, 2, 1
1456044, 3, 1
1456098, 0, 1
1456150, 1, 0
1456160, 2, 0
1456169, 3, 0
1456223, 0, 1
1456275, 1, 0
1456285, 2, 1
1456294, 3, 0
1456348, 0, 0
1456400, 1, 1
1456410, 2, 0
1456419, 3, 1
1456473, 0, 0
1456525, 1, 0
1456535, 2, bit 1
1456535, 2, 1
1456544, 3, 1
1456598, 0, 1
1456650, 1, 1
1456660, 2, 0
1456669, 3, 0
1456723, 0, 1
1456775, 1, 0
1456785, 2, 1
1456794, 3, bit 1
1456794, 3, 0
1456848, 0, 0
1456900, 1, 1
1456910, 2, 0
1456919, 3, 1
1456973, 0, 1
1457025, 1, 0
1457035, 2, 1
1457044, 3, 0
1457098, 0, 0
1457150, 1, 1
1457160, 2, 0
1457169, 3, 1
1457223, 0, bit 0
1457223, 0, 1
1457275, 1, 0
1457285, 2, 0
1457294, 3, 0
1457348, 0, 0
1457400, 1, 1
1457410, 2, 1
1457419, 3, 1
1457473, 0, 0
1457525, 1, bit 1
1457525, 1, 1
1457536, 2, 1
1457544, 3, 0
1457598, 0, 1
1457650, 1, 0
1457661, 2, 0
1457669, 3, 1
1457723, 0, 1
1457775, 1, 1
1457786, 2, 1
1457794, 3, 1
1457848, 0, 0
1457900, 1, 0
1457911, 2, 0
1457920, 3, 0
1457973, 0, 0
1458025, 1, 0
1458036, 2, 1
1458045, 3, 0
1458098, 0, 1
1458150, 1, 1
1458161, 2, 0
1458170, 3, 1
1458223, 0, 1
1458275, 1, 0
1458286, 2, bit 0
1458289, 2, 0
1458295, 3, 1
1458348, 0, 0
1458400, 1, 1
1458411, 2, 1
1458420, 3, 0
1458473, 0, 0
1458525, 1, 0
1458536, 2, 0
1458545, 3, bit 0
1458545, 3, 1
1458598, 0, 1
1458650, 1, 1
1458661, 2, 1
1458670, 3, 0
1458723, 0, 0
1458775, 1, 0
1458786, 2, 0
1458795, 3, 1
1458848, 0, 1
1458900, 1, 1
1458911, 2, 1
1458920, 3, 0
1458973, 0, bit 0
1458973, 0, 1
1459025, 1, 0
1459036, 2, 1
1459045, 3, 1
1459098, 0, 0
1459150, 1, 1
1459161, 2, 0
1459170, 3, 0
1459223, 0, 0
1459275, 1, bit 1
1459275, 1, 1
1459286, 2, 0
1459295, 3, 1
1459348, 0, 1
1459400, 1, 0
1459411, 2, 1
1459420, 3, 0
1459473, 0, 1
1459525, 1, 1
1459536, 2, 0
1459545, 3, 0
1459598, 0, 0
1459650, 1, 0
1459661, 2, 1
1459670, 3, 1
1459723, 0, 0
1459775, 1, 0
1459786, 2, 0
1459795, 3, 1
1459848, 0, 1
1459900, 1, 1
1459911, 2, 1
1459920, 3, 0
1459973, 0, 1
1460025, 1, 0
1460036, 2, bit 0
1460036, 2, 0
1460045, 3, 0
1460098, 0, 0
1460150, 1, 1
1460161, 2, 1
1460170, 3, 1
1460224, 0, 0
1460275, 1, 0
1460286, 2, 0
1460295, 3, bit 0
1460295, 3, 1
1460349, 0, 1
1460400, 1, 1
1460411, 2, 1
1460420, 3, 0
1460474, 0, 0
1460525, 1, 0
1460536, 2, 0
1460545, 3, 1
1460599, 0, 1
1460651, 1, 1
1460661, 2, 1
1460670, 3, 0
1460724, 0, bit 1
1460724, 0, 0
1460776, 1, 0
1460786, 2, 1
1460795, 3, 1
1460849, 0, 1
1460901, 1, 1
1460911, 2, 0
1460920, 3, 0
1460974, 0, 1
1461026, 1, bit 1
1461026, 1, 1
1461036, 2, 0
1461045, 3, 1
1461099, 0, 0
1461151, 1, 0
1461161, 2, 1
1461170, 3, 0
1461224, 0, 0
1461276, 1, 1
1461286, 2, 0
1461295, 3, 0
1461349, 0, 1
1461401, 1, 0
1461411, 2, 1
1461420, 3, 1
1461474, 0, 1
1461526, 1, 0
1461536, 2, 0
1461545, 3, 1
1461599, 0, 0
1461651, 1, 1
1461661, 2, 1
1461670, 3, 0
1461724, 0, 0
1461776, 1, 0
1461786, 2, bit 1
1461786, 2, 1
1461795, 3, 0
1461849, 0, 1
1461901, 1, 1
1461911, 2, 0
1461920, 3, 1
1461974, 0, 1
1462026, 1, 0
1462036, 2, 1
1462045, 3, bit 1
1462045, 3, 0
1462099, 0, 0
1462151, 1, 1
1462161, 2, 0
1462170, 3, 1
1462224, 0, 1
1462276, 1, 0
1462286, 2, 1
1462295, 3, 0
1462349, 0, 0
1462401, 1, 1
1462411, 2, 0
1462420, 3, 1
1462474, 0, bit 0
1462474, 0, 1
1462526, 1, 0
1462536, 2, 0
1462545, 3, 0
1462599, 0, 0
1462651, 1, 1
1462661, 2, 1
1462670, 3, 1
1462724, 0, 0
1462776, 1, bit 1
1462776, 1, 1
1462786, 2, 1
1462795, 3, 0
1462849, 0, 1
1462901, 1, 0
1462912, 2, 0
1462920, 3, 1
1462974, 0, 1
1463026, 1, 1
1463037, 2, 1
1463045, 3, 1
1463099, 0, 0
1463151, 1, 0
1463162, 2, 0
1463170, 3, 0
1463224, 0, 0
1463276, 1, 0
1463287, 2, 1
1463296, 3, 0
1463349, 0, 1
1463401, 1, 1
1463412, 2, 0
1463421, 3, 1
1463474, 0, 1
1463526, 1, 0
1463537, 2, bit 1
1463537, 2, 1
1463546, 3, 1
1463599, 0, 0
1463651, 1, 1
1463662, 2, 0
1463671, 3, 0
1463724, 0, 0
1463776, 1, 0
1463787, 2, 1
1463796, 3, bit 1
1463796, 3, 0
1463849, 0, 1
1463901, 1, 1
1463912, 2, 0
1463921, 3, 1
1463974, 0, 0
1464026, 1, 0
1464037, 2, 1
1464046, 3, 0
1464099, 0, 1
1464151, 1, 1
1464162, 2, 0
1464171, 3, 1
1464224, 0, bit 1
1464224, 0, 0
1464276, 1, 0
1464287, 2, 0
1464296, 3, 0
1464349, 0, 1
1464401, 1, 1
1464412, 2, 1
1464421, 3, 1
1464474, 0, 1
1464526, 1, bit 1
1464526, 1, 1
1464537, 2, 1
1464546, 3, 0
1464599, 0, 0
1464651, 1, 0
1464662, 2, 0
1464671, 3, 1
1464724, 0, 0
1464776, 1, 1
1464787, 2, 1
1464796, 3, 1
1464849, 0, 1
1464901, 1, 0
1464912, 2, 0
1464921, 3, 0
1464974, 0, 1
1465026, 1, 0
1465037, 2, 1
1465046, 3, 0
1465099, 0, 0
1465151, 1, 1
1465162, 2, 0
1465171, 3, 1
1465224, 0, 0
1465276, 1, 0
1465287, 2, bit 1
1465287, 2, 1
1465296, 3, 1
1465349, 0, 1
1465401, 1, 1
1465412, 2, 0
1465421, 3, 0
1465474, 0, 1
1465526, 1, 0
1465537, 2, 1
1465546, 3, bit 1
1465546, 3, 0
1465600, 0, 0
1465651, 1, 1
1465662, 2, 0
1465671, 3, 1
1465725, 0, 1
1465776, 1, 0
1465787, 2, 1
1465796, 3, 0
1465850, 0, 0
1465901, 1, 1
1465912, 2, 0
1465921, 3, 1
1465975, 0, bit 0
1465975, 0, 1
1466027, 1, 0
1466037, 2, 0
1466046, 3, 0
1466100, 0, 0
1466152, 1, 1
1466162, 2, 1
1466171, 3, 1
1466225, 0, 0
1466277, 1, bit 1
1466277, 1, 1
1466287, 2, 1
1466296, 3, 0
1466350, 0, 1
1466402, 1, 0
1466412, 2, 0
1466421, 3, 1
1466475, 0, 1
1466527, 1, 1
1466537, 2, 1
1466546, 3, 1
1466600, 0, 0
1466652, 1, 0
1466662, 2, 0
1466671, 3, 0
1466725, 0, 0
1466777, 1, 0
1466787, 2, 1
1466796, 3, 0
1466850, 0, 1
1466902, 1, 1
1466912, 2, 0
1466921, 3, 1
1466975, 0, 1
1467027, 1, 0
1467037, 2, bit 1
1467037, 2, 1
1467046, 3, 1
1467100, 0, 0
1467152, 1, 1
1467162, 2, 0
1467171, 3, 0
1467225, 0, 0
1467277, 1, 0
1467287, 2, 1
1467296, 3, bit 0
1467296, 3, 1
1467350, 0, 1
1467402, 1, 1
1467412, 2, 0
1467421, 3, 0
1467475, 0, 0
1467527, 1, 0
1467537, 2, 1
1467546, 3, 1
1467600, 0, 1
1467652, 1, 1
1467662, 2, 0
1467671, 3, 0
1467777, 1, 0
1467787, 2, 0
1467796, 3, 1
1467902, 1, 1
1467912, 2, 1
1467921, 3, 0
1468027, 1, bit 1
1468027, 1, 1
1468037, 2, 1
1468046, 3, 1
1468152, 1, 0
1468162, 2, 0
1468171, 3, 0
1468277, 1, 1
1468288, 2, 1
1468296, 3, 0
1468402, 1, 0
1468413, 2, 0
1468421, 3, 1
1468527, 1, 0
1468538, 2, 1
1468546, 3, 1
1468652, 1, 1
1468663, 2, 0
1468672, 3, 0
1468777, 1, 0
1468788, 2, bit 1
1468788, 2, 1
1468797, 3, 0
1468902, 1, 1
1468913, 2, 0
1468922, 3, 1
1469027, 1, 0
1469038, 2, 1
1469047, 3, bit 0
1469047, 3, 1
1469152, 1, 1
1469163, 2, 0
1469172, 3, 0
1469277, 1, 0
1469288, 2, 1
1469297, 3, 1
1469402, 1, 1
1469413, 2, 0
1469422, 3, 0
1469527, 1, 0
1469538, 2, 0
1469547, 3, 1
1469652, 1, 1
1469663, 2, 1
1469672, 3, 0
1469777, 1, bit 0
1469777, 1, 0
1469788, 2, 1
1469797, 3, 1
1469902, 1, 1
1469913, 2, 0
1469922, 3, 0
1470027, 1, 0
1470038, 2, 1
1470047, 3, 0
1470152, 1, 1
1470163, 2, 0
1470172, 3, 1
1470277, 1, 1
1470288, 2, 1
1470297, 3, 1
1470402, 1, 0
1470413, 2, 0
1470422, 3, 0
1470527, 1, 1
1470538, 2, bit 1
1470538, 2, 1
1470547, 3, 0
1470652, 1, 0
1470663, 2, 0
1470672, 3, 1
1470777, 1, 1
1470788, 2, 1
1470797, 3, bit 0
1470797, 3, 1
1470902, 1, 0
1470913, 2, 0
1470922, 3, 0
1471027, 1, 1
1471038, 2, 1
1471047, 3, 1
1471152, 1, 0
1471163, 2, 0
1471172, 3, 0
1471277, 1, 1
1471288, 2, 0
1471297, 3, 1
1471403, 1, 0
1471413, 2, 1
1471422, 3, 0
1471528, 1, bit 0
1471528, 1, 0
1471538, 2, 1
1471547, 3, 1
1471653, 1, 1
1471663, 2, 0
1471672, 3, 0
1471778, 1, 0
1471788, 2, 1
1471797, 3, 0
1471903, 1, 1
1471913, 2, 0
1471922, 3, 1
1472028, 1, 1
1472038, 2, 1
1472047, 3, 1
1472153, 1, 0
1472163, 2, 0
1472172, 3, 0
1472278, 1, 1
1472288, 2, bit 0
1472288, 2, 0
1472297, 3, 0
1472403, 1, 0
1472413, 2, 1
1472422, 3, 1
1472528, 1, 1
1472538, 2, 0
1472547, 3, bit 0
1472547, 3, 1
1472653, 1, 0
1472663, 2, 1
1472672, 3, 0
1472778, 1, 1
1472788, 2, 0
1472797, 3, 1
1472903, 1, 0
1472913, 2, 1
1472922, 3, 0
1473028, 1, 1
1473038, 2, 1
1473047, 3, 1
1473153, 1, 0
1473163, 2, 0
1473172, 3, 0
1473278, 1, bit 1
1473278, 1, 1
1473288, 2, 0
1473297, 3, 1
1473403, 1, 0
1473413, 2, 1
1473422, 3, 0
1473528, 1, 1
1473538, 2, 0
1473547, 3, 0
1473653, 1, 0
1473664, 2, 1
1473672, 3, 1
1473778, 1, 0
1473789, 2, 0
1473797, 3, 1
1473903, 1, 1
1473914, 2, 1
1473922, 3, 0
1474028, 1, 0
1474039, 2, bit 1
1474039, 2, 1
1474048, 3, 0
1474153, 1, 1
1474164, 2, 0
1474173, 3, 1
1474278, 1, 0
1474289, 2, 1
1474298, 3, bit 0
1474298, 3, 1
1474403, 1, 1
1474414, 2, 0
1474423, 3, 0
1474528, 1, 0
1474539, 2, 1
1474548, 3, 1
1474653, 1, 1
1474664, 2, 0
1474673, 3, 0
1474778, 1, 0
1474789, 2, 0
1474798, 3, 1
1474903, 1, 1
1474914, 2, 1
1474923, 3, 0
1475028, 1, bit 0
1475028, 1, 0
1475039, 2, 1
1475048, 3, 1
1475153, 1, 1
1475164, 2, 0
1475173, 3, 0
1475278, 1, 0
1475289, 2, 1
1475298, 3, 0
1475403, 1, 1
1475414, 2, 0
1475423, 3, 1
1475528, 1, 1
1475539, 2, 1
1475548, 3, 1
1475653, 1, 0
1475664, 2, 0
1475673, 3, 0
1475778, 1, 1
1475789, 2, bit 0
1475789, 2, 0
1475798, 3, 0
1475903, 1, 0
1475914, 2, 1
1475923, 3, 1
1476028, 1, 1
1476039, 2, 0
1476048, 3, bit 1
1476048, 3, 0
1476153, 1, 0
1476164, 2, 1
1476173, 3, 1
1476278, 1, 1
1476289, 2, 0
1476298, 3, 0
1476403, 1, 0
1476414, 2, 1
1476423, 3, 1
1476528, 1, 1
1476539, 2, 1
1476548, 3, 0
1476653, 1, 0
1476664, 2, 0
1476673, 3, 1
1476779, 1, bit 1
1476779, 1, 1
1476789, 2, 0
1476798, 3, 0
1476904, 1, 0
1476914, 2, 1
1476923, 3, 1
1477029, 1, 1
1477039, 2, 0
1477048, 3, 1
1477154, 1, 0
1477164, 2, 1
1477173, 3, 0
1477279, 1, 0
1477289, 2, 0
1477298, 3, 0
1477404, 1, 1
1477414, 2, 1
1477423, 3, 1
1477529, 1, 0
1477539, 2, bit 0
1477539, 2, 0
1477548, 3, 1
1477654, 1, 1
1477664, 2, 1
1477673, 3, 0
1477779, 1, 0
1477789, 2, 0
1477798, 3, bit 1
1477798, 3, 0
1477904, 1, 1
1477914, 2, 1
1477923, 3, 1
1478029, 1, 0
1478039, 2, 0
1478048, 3, 0
1478154, 1, 1
1478164, 2, 1
1478173, 3, 1
1478279, 1, 0
1478289, 2, 1
1478298, 3, 0
1478404, 1, 1
1478414, 2, 0
1478423, 3, 1
1478529, 1, bit 1
1478529, 1, 1
1478539, 2, 0
1478548, 3, 0
1478654, 1, 0
1478664, 2, 1
1478673, 3, 1
1478779, 1, 1
1478789, 2, 0
1478798, 3, 1
1478904, 1, 0
1478914, 2, 1
1478923, 3, 0
1479029, 1, 0
1479040, 2, 0
1479048, 3, 0
1479154, 1, 1
1479165, 2, 1
1479173, 3, 1
1479279, 1, 0
1479290, 2, bit 0
1479290, 2, 0
1479298, 3, 1
1479404, 1, 1
1479415, 2, 1
1479424, 3, 0
1479529, 1, 0
1479540, 2, 0
1479549, 3, bit 0
1479549, 3, 1
1479654, 1, 1
1479665, 2, 1
1479674, 3, 0
1479779, 1, 0
1479790, 2, 0
1479799, 3, 1
1479904, 1, 1
1479915, 2, 1
1479924, 3, 0
1480029, 1, 0
1480040, 2, 1
1480049, 3, 1
1480154, 1, 1
1480165, 2, 0
1480174, 3, 0
1480279, 1, bit 1
1480279, 1, 1
1480290, 2, 0
1480299, 3, 1
1480404, 1, 0
1480415, 2, 1
1480424, 3, 0
1480529, 1, 1
1480540, 2, 0
1480549, 3, 0
1480654, 1, 0
1480665, 2, 1
1480674, 3, 1
1480779, 1, 0
1480790, 2, 0
1480799, 3, 1
1480904, 1, 1
1480915, 2, 1
1480924, 3, 0
1481029, 1, 0
1481040, 2, bit 0
1481040, 2, 0
1481049, 3, 0
1481154, 1, 1
1481165, 2, 1
1481174, 3, 1
1481279, 1, 0
1481290, 2, 0
1481299, 3, bit 1
1481299, 3, 0
1481404, 1, 1
1481415, 2, 1
1481424, 3, 1
1481529, 1, 0
1481540, 2, 0
1481549, 3, 0
1481654, 1, 1
1481665, 2, 1
1481674, 3, 1
1481779, 1, 0
1481790, 2, 1
1481799, 3, 0
1481904, 1, 1
1481915, 2, 0
1481924, 3, 1
1482029, 1, bit 0
1482029, 1, 0
1482040, 2, 0
1482049, 3, 0
1482155, 1, 1
1482165, 2, 1
1482174, 3, 1
1482280, 1, 0
1482290, 2, 0
1482299, 3, 1
1482405, 1, 1
1482415, 2, 1
1482424, 3, 0
1482530, 1, 1
1482540, 2, 0
1482549, 3, 0
1482655, 1, 0
1482665, 2, 1
1482674, 3, 1
1482780, 1, 1
1482790, 2, bit 1
1482790, 2, 1
1482799, 3, 1
1482905, 1, 0
1482915, 2, 0
1482924, 3, 0
1483030, 1, 1
1483040, 2, 1
1483049, 3, bit 0
1483049, 3, 1
1483155, 1, 0
1483165, 2, 0
1483174, 3, 0
1483280, 1, 1
1483290, 2, 1
1483299, 3, 1
1483405, 1, 0
1483415, 2, 0
1483424, 3, 0
1483530, 1, 1
1483540, 2, 0
1483549, 3, 1
1483655, 1, 0
1483665, 2, 1
1483674, 3, 0
1483780, 1, bit 0
1483780, 1, 0
1483790, 2, 1
1483799, 3, 1
1483905, 1, 1
1483915, 2, 0
1483924, 3, 0
1484030, 1, 0
1484040, 2, 1
1484049, 3, 0
1484155, 1, 1
1484165, 2, 0
1484174, 3, 1
1484280, 1, 1
1484290, 2, 1
1484299, 3, 1
1484405, 1, 0
1484416, 2, 0
1484424, 3, 0
1484530, 1, 1
1484541, 2, bit 0
1484541, 2, 0
1484549, 3, 0
1484655, 1, 0
1484666, 2, 1
1484674, 3, 1
1484780, 1, 1
1484791, 2, 0
1484800, 3, bit 1
1484800, 3, 0
1484905, 1, 0
1484916, 2, 1
1484925, 3, 1
1485030, 1, 1
1485041, 2, 0
1485050, 3, 0
1485155, 1, 0
1485166, 2, 1
1485175, 3, 1
1485280, 1, 1
1485291, 2, 1
1485300, 3, 0
1485405, 1, 0
1485416, 2, 0
1485425, 3, 1
1485530, 1, bit 1
1485530, 1, 1
1485541, 2, 0
1485550, 3, 0
1485655, 1, 0
1485666, 2, 1
1485675, 3, 1
1485780, 1, 1
1485791, 2, 0
1485800, 3, 1
1485905, 1, 0
1485916, 2, 1
1485925, 3, 0
1486030, 1, 0
1486041, 2, 0
1486050, 3, 0
1486155, 1, 1
1486166, 2, 1
1486175, 3, 1
1486280, 1, 0
1486291, 2, bit 0
1486291, 2, 0
1486300, 3, 1
1486405, 1, 1
1486416, 2, 1
1486425, 3, 0
1486530, 1, 0
1486541, 2, 0
1486550, 3, bit 0
1486550, 3, 1
1486655, 1, 1
1486666, 2, 1
1486675, 3, 0
1486780, 1, 0
1486791, 2, 0
1486800, 3, 1
1486905, 1, 1
1486916, 2, 1
1486925, 3, 0
1487030, 1, 0
1487041, 2, 1
1487050, 3, 1
1487155, 1, 1
1487166, 2, 0
1487175, 3, 0
1487280, 1, bit 0
1487280, 1, 0
1487291, 2, 0
1487300, 3, 1
1487405, 1, 1
1487416, 2, 1
1487425, 3, 0
1487531, 1, 0
1487541, 2, 0
1487550, 3, 0
1487656, 1, 1
1487666, 2, 1
1487675, 3, 1
1487781, 1, 1
1487791, 2, 0
1487800, 3, 1
1487906, 1, 0
1487916, 2, 1
1487925, 3, 0
1488031, 1, 1
1488041, 2, bit 1
1488041, 2, 1
1488050, 3, 0
1488156, 1, 0
1488166, 2, 0
1488175, 3, 1
1488281, 1, 1
1488291, 2, 1
1488300, 3, bit 0
1488300, 3, 1
1488406, 1, 0
1488416, 2, 0
1488425, 3, 0
1488531, 1, 1
1488541, 2, 1
1488550, 3, 1
1488656, 1, 0
1488666, 2, 0
1488675, 3, 0
1488781, 1, 1
1488791, 2, 0
1488800, 3, 1
1488906, 1, 0
1488916, 2, 1
1488925, 3, 0
1489031, 1, bit 0
1489031, 1, 0
1489041, 2, 1
1489050, 3, 1
1489156, 1, 1
1489166, 2, 0
1489175, 3, 0
1489281, 1, 0
1489291, 2, 1
1489300, 3, 0
1489406, 1, 1
1489416, 2, 0
1489425, 3, 1
1489531, 1, 1
1489541, 2, 1
1489550, 3, 1
1489656, 1, 0
1489666, 2, 0
1489675, 3, 0
1489781, 1, 1
1489792, 2, bit 0
1489792, 2, 0
1489800, 3, 0
1489906, 1, 0
1489917, 2, 1
1489925, 3, 1
1490031, 1, 1
1490042, 2, 0
1490050, 3, bit 1
1490050, 3, 0
1490156, 1, 0
1490167, 2, 1
1490176, 3, 1
1490281, 1, 1
1490292, 2, 0
1490301, 3, 0
1490406, 1, 0
1490417, 2, 1
1490426, 3, 1
1490531, 1, 1
1490542, 2, 1
1490551, 3, 0
1490656, 1, 0
1490667, 2, 0
1490676, 3, 1
1490781, 1, bit 1
1490781, 1, 1
1490792, 2, 0
1490801, 3, 0
1490906, 1, 0
1490917, 2, 1
1490926, 3, 1
1491031, 1, 1
1491042, 2, 0
1491051, 3, 1
1491156, 1, 0
1491167, 2, 1
1491176, 3, 0
1491281, 1, 0
1491292, 2, 0
1491301, 3, 0
1491406, 1, 1
1491417, 2, 1
1491426, 3, 1
1491531, 1, 0
1491542, 2, bit 0
1491542, 2, 0
1491551, 3, 1
1491656, 1, 1
1491667, 2, 1
1491676, 3, 0
1491781, 1, 0
1491792, 2, 0
1491801, 3, bit 0
1491801, 3, 1
1491906, 1, 1
1491917, 2, 1
1491926, 3, 0
1492031, 1, 0
1492042, 2, 0
1492051, 3, 1
1492156, 1, 1
1492167, 2, 1
1492176, 3, 0
1492281, 1, 0
1492292, 2, 1
1492301, 3, 1
1492406, 1, 1
1492417, 2, 0
1492426, 3, 0
1492531, 1, bit 1
1492531, 1, 1
1492542, 2, 0
1492551, 3, 1
1492656, 1, 0
1492667, 2, 1
1492676, 3, 0
1492781, 1, 1
1492792, 2, 0
1492801, 3, 0
1492907, 1, 0
1492917, 2, 1
1492926, 3, 1
1493032, 1, 0
1493042, 2, 0
1493051, 3, 1
1493157, 1, 1
1493167, 2, 1
1493176, 3, 0
1493282, 1, 0
1493292, 2, bit 1
1493292, 2, 1
1493301, 3, 0
1493407, 1, 1
1493417, 2, 0
1493426, 3, 1
1493532, 1, 0
1493542, 2, 1
1493551, 3, bit 0
1493551, 3, 1
1493657, 1, 1
1493667, 2, 0
1493676, 3, 0
1493782, 1, 0
1493792, 2, 1
1493801, 3, 1
1493907, 1, 1
1493917, 2, 0
1493926, 3, 0
1494032, 1, 0
1494042, 2, 0
1494051, 3, 1
1494157, 1, 1
1494167, 2, 1
1494176, 3, 0
1494282, 1, bit 1
1494285, 1, 1
1494292, 2, 1
1494301, 3, 1
1494407, 1, 0
1494417, 2, 0
1494426, 3, 0
1494532, 1, 1
1494542, 2, 1
1494551, 3, 0
1494657, 1, 0
1494667, 2, 0
1494676, 3, 1
1494782, 1, 0
1494792, 2, 1
1494801, 3, 1
1494907, 1, 1
1494917, 2, 0
1494926, 3, 0
1495032, 1, 0
1495042, 2, bit 0
1495042, 2, 0
1495051, 3, 0
1495157, 1, 1
1495168, 2, 1
1495176, 3, 1
1495282, 1, 0
1495293, 2, 0
1495301, 3, bit 0
1495301, 3, 1
1495407, 1, 1
1495418, 2, 1
1495426, 3, 0
1495532, 1, 0
1495543, 2, 0
1495552, 3, 1
1495657, 1, 1
1495668, 2, 1
1495677, 3, 0
1495782, 1, 0
1495793, 2, 1
1495802, 3, 1
1495907, 1, 1
1495918, 2, 0
1495927, 3, 0
1496043, 2, 0
1496052, 3, 1
1496168, 2, 1
1496177, 3, 0
1496293, 2, 0
1496302, 3, 0
1496418, 2, 1
1496427, 3, 1
1496543, 2, 0
1496552, 3, 1
1496668, 2, 1
1496677, 3, 0
1496793, 2, bit 1
1496793, 2, 1
1496802, 3, 0
1496918, 2, 0
1496927, 3, 1
1497043, 2, 1
1497052, 3, bit 1
1497052, 3, 0
1497168, 2, 0
1497177, 3, 1
1497293, 2, 1
1497302, 3, 0
1497418, 2, 0
1497427, 3, 1
1497543, 2, 0
1497552, 3, 0
1497668, 2, 1
1497677, 3, 1
1497793, 2, 1
1497802, 3, 0
1497918, 2, 0
1497927, 3, 1
1498043, 2, 1
1498052, 3, 1
1498168, 2, 0
1498177, 3, 0
1498293, 2, 1
1498302, 3, 0
1498418, 2, 0
1498427, 3, 1
1498543, 2, bit 0
1498543, 2, 0
1498552, 3, 1
1498668, 2, 1
1498677, 3, 0
1498793, 2, 0
1498802, 3, bit 0
1498802, 3, 1
1498918, 2, 1
1498927, 3, 0
1499043, 2, 0
1499052, 3, 1
1499168, 2, 1
1499177, 3, 0
1499293, 2, 1
1499302, 3, 1
1499418, 2, 0
1499427, 3, 0
1499543, 2, 0
1499552, 3, 1
1499668, 2, 1
1499677, 3, 0
1499793, 2, 0
1499802, 3, 0
1499918, 2, 1
1499927, 3, 1
1500043, 2, 0
1500052, 3, 1
1500168, 2, 1
1500177, 3, 0
1500293, 2, bit 1
1500293, 2, 1
1500302, 3, 0
1500418, 2, 0
1500427, 3, 1
1500544, 2, 1
1500552, 3, bit 1
1500552, 3, 0
1500669, 2, 0
1500677, 3, 1
1500794, 2, 1
1500802, 3, 0
1500919, 2, 0
1500928, 3, 1
1501044, 2, 0
1501053, 3, 0
1501169, 2, 1
1501178, 3, 1
1501294, 2, 1
1501303, 3, 0
1501419, 2, 0
1501428, 3, 1
1501544, 2, 1
1501553, 3, 1
1501669, 2, 0
1501678, 3, 0
1501794, 2, 1
1501803, 3, 0
1501919, 2, 0
1501928, 3, 1
1502044, 2, bit 0
1502044, 2, 0
1502053, 3, 1
1502169, 2, 1
1502178, 3, 0
1502294, 2, 0
1502303, 3, bit 0
1502303, 3, 1
1502419, 2, 1
1502428, 3, 0
1502544, 2, 0
1502553, 3, 1
1502669, 2, 1
1502678, 3, 0
1502794, 2, 1
1502803, 3, 1
1502919, 2, 0
1502928, 3, 0
1503044, 2, 0
1503053, 3, 1
1503169, 2, 1
1503178, 3, 0
1503294, 2, 0
1503303, 3, 0
1503419, 2, 1
1503428, 3, 1
1503544, 2, 0
1503553, 3, 1
1503669, 2, 1
1503678, 3, 0
1503794, 2, bit 0
1503794, 2, 0
1503803, 3, 0
1503919, 2, 1
1503928, 3, 1
1504044, 2, 0
1504053, 3, bit 1
1504053, 3, 0
1504169, 2, 1
1504178, 3, 1
1504294, 2, 0
1504303, 3, 0
1504419, 2, 1
1504428, 3, 1
1504544, 2, 1
1504553, 3, 0
1504669, 2, 0
1504678, 3, 1
1504794, 2, 0
1504803, 3, 0
1504919, 2, 1
1504928, 3, 1
1505044, 2, 0
1505053, 3, 1
1505169, 2, 1
1505178, 3, 0
1505294, 2, 0
1505303, 3, 0
1505419, 2, 1
1505428, 3, 1
1505544, 2, bit 1
1505544, 2, 1
1505553, 3, 1
1505669, 2, 0
1505678, 3, 0
1505794, 2, 1
1505803, 3, bit 1
1505803, 3, 0
1505920, 2, 0
1505928, 3, 1
1506045, 2, 1
1506053, 3, 0
1506170, 2, 0
1506178, 3, 1
1506295, 2, 0
1506304, 3, 0
1506420, 2, 1
1506429, 3, 1
1506545, 2, 1
1506554, 3, 0
1506670, 2, 0
1506679, 3, 1
1506795, 2, 1
1506804, 3, 1
1506920, 2, 0
1506929, 3, 0
1507045, 2, 1
1507054, 3, 0
1507170, 2, 0
1507179, 3, 1
1507295, 2, bit 0
1507295, 2, 0
1507304, 3, 1
1507420, 2, 1
1507429, 3, 0
1507545, 2, 0
1507554, 3, bit 0
1507554, 3, 1
1507670, 2, 1
1507679, 3, 0
1507795, 2, 0
1507804, 3, 1
1507920, 2, 1
1507929, 3, 0
1508045, 2, 1
1508054, 3, 1
1508170, 2, 0
1508179, 3, 0
1508295, 2, 0
1508304, 3, 1
1508420, 2, 1
1508429, 3, 0
1508545, 2, 0
1508554, 3, 0
1508670, 2, 1
1508679, 3, 1
1508795, 2, 0
1508804, 3, 1
1508920, 2, 1
1508929, 3, 0
1509045, 2, bit 1
1509045, 2, 1
1509054, 3, 0
1509170, 2, 0
1509179, 3, 1
1509295, 2, 1
1509304, 3, bit 1
1509304, 3, 0
1509420, 2, 0
1509429, 3, 1
1509545, 2, 1
1509554, 3, 0
1509670, 2, 0
1509679, 3, 1
1509795, 2, 0
1509804, 3, 0
1509920, 2, 1
1509929, 3, 1
1510045, 2, 1
1510054, 3, 0
1510170, 2, 0
1510179, 3, 1
1510295, 2, 1
1510304, 3, 1
1510420, 2, 0
1510429, 3, 0
1510545, 2, 1
1510554, 3, 0
1510670, 2, 0
1510679, 3, 1
1510795, 2, bit 1
1510795, 2, 1
1510804, 3, 1
1510920, 2, 0
1510929, 3, 0
1511045, 2, 1
1511054, 3, bit 0
1511057, 3, 1
1511170, 2, 0
1511179, 3, 0
1511296, 2, 1
1511304, 3, 1
1511421, 2, 0
1511429, 3, 0
1511546, 2, 0
1511554, 3, 1
1511671, 2, 1
1511680, 3, 0
1511796, 2, 1
1511805, 3, 1
1511921, 2, 0
1511930, 3, 0
1512046, 2, 1
1512055, 3, 0
1512171, 2, 0
1512180, 3, 1
1512296, 2, 1
1512305, 3, 1
1512421, 2, 0
1512430, 3, 0
1512546, 2, bit 0
1512546, 2, 0
1512555, 3, 0
1512671, 2, 1
1512680, 3, 1
1512796, 2, 0
1512805, 3, bit 0
1512805, 3, 1
1512921, 2, 1
1512930, 3, 0
1513046, 2, 0
1513055, 3, 1
1513171, 2, 1
1513180, 3, 0
1513296, 2, 1
1513305, 3, 1
1513421, 2, 0
1513430, 3, 0
1513546, 2, 0
1513555, 3, 1
1513671, 2, 1
1513680, 3, 0
1513796, 2, 0
1513805, 3, 0
1513921, 2, 1
1513930, 3, 1
1514046, 2, 0
1514055, 3, 1
1514171, 2, 1
1514180, 3, 0
1514296, 2, bit 0
1514296, 2, 0
1514305, 3, 0
1514421, 2, 1
1514430, 3, 1
1514546, 2, 0
1514555, 3, bit 1
1514555, 3, 0
1514671, 2, 1
1514680, 3, 1
1514796, 2, 0
1514805, 3, 0
1514921, 2, 1
1514930, 3, 1
1515046, 2, 1
1515055, 3, 0
1515171, 2, 0
1515180, 3, 1
1515296, 2, 0
1515305, 3, 0
1515421, 2, 1
1515430, 3, 1
1515546, 2, 0
1515555, 3, 1
1515671, 2, 1
1515680, 3, 0
1515796, 2, 0
1515805, 3, 0
1515921, 2, 1
1515930, 3, 1
1516046, 2, bit 0
1516046, 2, 0
1516055, 3, 1
1516171, 2, 1
1516180, 3, 0
1516296, 2, 0
1516305, 3, bit 1
1516305, 3, 0
1516421, 2, 1
1516430, 3, 1
1516546, 2, 0
1516555, 3, 0
1516672, 2, 1
1516680, 3, 1
1516797, 2, 1
1516805, 3, 0
1516922, 2, 0
1516930, 3, 1
1517047, 2, 0
1517056, 3, 0
1517172, 2, 1
1517181, 3, 1
1517297, 2, 0
1517306, 3, 1
1517422, 2, 1
1517431, 3, 0
1517547, 2, 0
1517556, 3, 0
1517672, 2, 1
1517681, 3, 1
1517797, 2, bit 1
1517797, 2, 1
1517806, 3, 1
1517922, 2, 0
1517931, 3, 0
1518047, 2, 1
1518056, 3, bit 1
1518056, 3, 0
1518172, 2, 0
1518181, 3, 1
1518297, 2, 1
1518306, 3, 0
1518422, 2, 0
1518431, 3, 1
1518547, 2, 0
1518556, 3, 0
1518672, 2, 1
1518681, 3, 1
1518797, 2, 1
1518806, 3, 0
1518922, 2, 0
1518931, 3, 1
1519047, 2, 1
1519056, 3, 1
1519172, 2, 0
1519181, 3, 0
1519297, 2, 1
1519306, 3, 0
1519422, 2, 0
1519431, 3, 1
1519547, 2, bit 0
1519547, 2, 0
1519556, 3, 1
1519672, 2, 1
1519681, 3, 0
1519797, 2, 0
1519806, 3, bit 1
1519806, 3, 0
1519922, 2, 1
1519931, 3, 1
1520047, 2, 0
1520056, 3, 0
1520172, 2, 1
1520181, 3, 1
1520297, 2, 1
1520306, 3, 0
1520422, 2, 0
1520431, 3, 1
1520547, 2, 0
1520556, 3, 0
1520672, 2, 1
1520681, 3, 1
1520797, 2, 0
1520806, 3, 1
1520922, 2, 1
1520931, 3, 0
1521047, 2, 0
1521056, 3, 0
1521172, 2, 1
1521181, 3, 1
1521297, 2, bit 1
1521297, 2, 1
1521306, 3, 1
1521422, 2, 0
1521431, 3, 0
1521547, 2, 1
1521556, 3, bit 1
1521556, 3, 0
1521672, 2, 0
1521681, 3, 1
1521797, 2, 1
1521806, 3, 0
1521922, 2, 0
1521931, 3, 1
1522048, 2, 0
1522056, 3, 0
1522173, 2, 1
1522181, 3, 1
1522298, 2, 1
1522306, 3, 0
1522423, 2, 0
1522432, 3, 1
1522548, 2, 1
1522557, 3, 1
1522673, 2, 0
1522682, 3, 0
1522798, 2, 1
1522807, 3, 0
1522923, 2, 0
1522932, 3, 1
1523048, 2, bit 0
1523048, 2, 0
1523057, 3, 1
1523173, 2, 1
1523182, 3, 0
1523298, 2, 0
1523307, 3, bit 0
1523307, 3, 1
1523423, 2, 1
1523432, 3, 0
1523548, 2, 0
1523557, 3, 1
1523673, 2, 1
1523682, 3, 0
1523798, 2, 1
1523807, 3, 1
1523923, 2, 0
1523932, 3, 0
1524048, 2, 0
1524057, 3, 1
1524173, 2, 1
1524182, 3, 0
1524298, 2, 0
1524307, 3, 0
1524423, 2, 1
1524432, 3, 1
1524548, 2, 0
1524557, 3, 1
1524673, 2, 1
1524682, 3, 0
1524798, 2, bit 1
1524801, 2, 1
1524807, 3, 0
1524923, 2, 0
1524932, 3, 1
1525048, 2, 1
1525057, 3, bit 1
1525057, 3, 0
1525173, 2, 0
1525182, 3, 1
1525298, 2, 1
1525307, 3, 0
1525423, 2, 0
1525432, 3, 1
1525548, 2, 0
1525557, 3, 0
1525673, 2, 1
1525682, 3, 1
1525798, 2, 1
1525807, 3, 0
1525923, 2, 0
1525932, 3, 1
1526048, 2, 1
1526057, 3, 1
1526173, 2, 0
1526182, 3, 0
1526298, 2, 1
1526307, 3, 0
1526423, 2, 0
1526432, 3, 1
1526557, 3, 1
1526682, 3, 0
1526807, 3, bit 0
1526807, 3, 1
1526932, 3, 0
1527057, 3, 1
1527182, 3, 0
1527307, 3, 1
1527432, 3, 0
1527557, 3, 1
1527682, 3, 0
1527808, 3, 0
1527933, 3, 1
1528058, 3, 1
1528183, 3, 0
1528308, 3, 0
1528433, 3, 1
1528558, 3, bit 0
1528558, 3, 1
1528683, 3, 0
1528808, 3, 1
1528933, 3, 0
1529058, 3, 1
1529183, 3, 0
1529308, 3, 1
1529433, 3, 0
1529558, 3, 0
1529683, 3, 1
1529808, 3, 1
1529933, 3, 0
1530058, 3, 0
1530183, 3, 1
1530308, 3, bit 1
1530308, 3, 0
1530433, 3, 1
1530558, 3, 0
1530683, 3, 1
1530808, 3, 0
1530933, 3, 1
1531058, 3, 0
1531183, 3, 1
1531308, 3, 1
1531433, 3, 0
1531558, 3, 0
1531683, 3, 1
1531808, 3, 1
1531933, 3, 0
1532058, 3, bit 1
1532058, 3, 0
1532183, 3, 1
1532308, 3, 0
1532433, 3, 1
1532558, 3, 0
1532683, 3, 1
1532808, 3, 0
1532933, 3, 1
1533058, 3, 1
1533184, 3, 0
1533309, 3, 0
1533434, 3, 1
1533559, 3, 1
1533684, 3, 0
1533809, 3, bit 1
1533809, 3, 0
1533934, 3, 1
1534059, 3, 0
1534184, 3, 1
1534309, 3, 0
1534434, 3, 1
1534559, 3, 0
1534684, 3, 1
1534809, 3, 1
1534934, 3, 0
1535059, 3, 0
1535184, 3, 1
1535309, 3, 1
1535434, 3, 0
1535559, 3, bit 0
1535559, 3, 1
1535684, 3, 0
1535809, 3, 1
1535934, 3, 0
1536059, 3, 1
1536184, 3, 0
1536309, 3, 1
1536434, 3, 0
1536559, 3, 0
1536684, 3, 1
1536809, 3, 1
1536934, 3, 0
1537059, 3, 0
1537184, 3, 1
1537309, 3, bit 1
1537309, 3, 0
1537434, 3, 1
1537559, 3, 0
1537684, 3, 1
1537809, 3, 0
1537934, 3, 1
1538059, 3, 0
1538184, 3, 1
1538309, 3, 1
1538434, 3, 0
1538560, 3, 0
1538685, 3, 1
1538810, 3, 1
1538935, 3, 0
1539060, 3, bit 0
1539060, 3, 1
1539185, 3, 0
1539310, 3, 1
1539435, 3, 0
1539560, 3, 1
1539685, 3, 0
1539810, 3, 1
1539935, 3, 0
1540060, 3, 0
1540185, 3, 1
1540310, 3, 1
1540435, 3, 0
1540560, 3, 0
1540685, 3, 1
1540810, 3, bit 0
1540810, 3, 1
1540935, 3, 0
1541060, 3, 1
1541185, 3, 0
1541310, 3, 1
1541435, 3, 0
1541560, 3, 1
1541685, 3, 0
1541810, 3, 0
1541935, 3, 1
1542060, 3, 1
1542185, 3, 0
1542310, 3, 0
1542435, 3, 1
1542560, 3, bit 0
1542560, 3, 1
1542685, 3, 0
1542810, 3, 1
1542935, 3, 0
1543060, 3, 1
1543185, 3, 0
1543310, 3, 1
1543435, 3, 0
1543560, 3, 0
1543685, 3, 1
1543810, 3, 1
1543936, 3, 0
1544061, 3, 0
1544186, 3, 1
1544311, 3, bit 0
1544311, 3, 1
1544436, 3, 0
1544561, 3, 1
1544686, 3, 0
1544811, 3, 1
1544936, 3, 0
1545061, 3, 1
1545186, 3, 0
1545311, 3, 0
1545436, 3, 1
1545561, 3, 1
1545686, 3, 0
1545811, 3, 0
1545936, 3, 1
1546061, 3, bit 1
1546061, 3, 0
1546186, 3, 1
1546311, 3, 0
1546436, 3, 1
1546561, 3, 0
1546686, 3, 1
1546811, 3, 0
1546936, 3, 1
1547061, 3, 1
1547186, 3, 0
1547311, 3, 0
1547436, 3, 1
1547561, 3, 1
1547686, 3, 0
1547811, 3, bit 1
1547811, 3, 0
1547936, 3, 1
1548061, 3, 0
1548186, 3, 1
1548311, 3, 0
1548436, 3, 1
1548561, 3, 0
1548686, 3, 1
1548811, 3, 1
1548936, 3, 0
1549061, 3, 0
1549186, 3, 1
1549312, 3, 1
1549437, 3, 0
1549562, 3, bit 1
1549562, 3, 0
1549687, 3, 1
1549812, 3, 0
1549937, 3, 1
1550062, 3, 0
1550187, 3, 1
1550312, 3, 0
1550437, 3, 1
1550562, 3, 1
1550687, 3, 0
1550812, 3, 0
1550937, 3, 1
1551062, 3, 1
1551187, 3, 0
1551312, 3, bit 0
1551312, 3, 1
1551437, 3, 0
1551562, 3, 1
1551687, 3, 0
1551812, 3, 1
1551937, 3, 0
1552062, 3, 1
1552187, 3, 0
1552312, 3, 0
1552437, 3, 1
1552562, 3, 1
1552687, 3, 0
1552812, 3, 0
1552937, 3, 1
1553062, 3, bit 1
1553062, 3, 0
1553187, 3, 1
1553312, 3, 0
1553437, 3, 1
1553562, 3, 0
1553687, 3, 1
1553812, 3, 0
1553937, 3, 1
1554062, 3, 1
1554187, 3, 0
1554312, 3, 0
1554437, 3, 1
1554562, 3, 1
1554688, 3, 0
1554813, 3, bit 0
1554813, 3, 1
1554938, 3, 0
1555063, 3, 1
1555188, 3, 0
1555313, 3, 1
1555438, 3, 0
1555563, 3, 1
1555688, 3, 0
1555813, 3, 0
1555938, 3, 1
1556063, 3, 1
1556188, 3, 0
1556313, 3, 0
1556438, 3, 1
