125 100 4 7 16
(2, 20, 11, 10.00), (code 2)
(3, 258, 3, 10.00), (code 3)
(4, 496, 1, 10.00), (code 5)
(5, 734, 7, 10.00), (code 4)
START
2488839, 0, prem 0
2488839, 0, 0
2488964, 0, 0
2489089, 0, 0
2489214, 0, 0
2489339, 0, 0
2489464, 0, 0
2489589, 0, 0
2489714, 0, 0
2489839, 0, 0
2489964, 0, 0
2490089, 0, 0
2490214, 0, 0
2490339, 0, 0
2490464, 0, 0
2490589, 0, 0
2490714, 0, 0
2490839, 0, 1
2490964, 0, 1
2491089, 0, 1
2491214, 0, 1
2491339, 0, 1
2491464, 0, 1
2491589, 0, 1
2491714, 0, 1
2491839, 0, 1
2491964, 0, 1
2492089, 0, 1
2492214, 0, 1
2492339, 0, 1
2492464, 0, 1
2492589, 0, 1
2492715, 0, 1
2492840, 0, prem 1
2492840, 0, 1
2492965, 0, 1
2493090, 0, 1
2493215, 0, 1
2493340, 0, 1
2493465, 0, 1
2493590, 0, 1
2493715, 0, 1
2493840, 0, 1
2493965, 0, 1
2494090, 0, 1
2494215, 0, 1
2494340, 0, 1
2494465, 0, 1
2494590, 0, 1
2494715, 0, 1
2494840, 0, 0
2494965, 0, 0
2495090, 0, 0
2495215, 0, 0
2495340, 0, 0
2495465, 0, 0
2495590, 0, 0
2495715, 0, 0
2495840, 0, 0
2495965, 0, 0
2496090, 0, 0
2496215, 0, 0
2496340, 0, 0
2496465, 0, 0
2496590, 0, 0
2496715, 0, 0
2496840, 0, prem 0
2496840, 0, 0
2496965, 0, 0
2497090, 0, 0
2497215, 0, 0
2497340, 0, 0
2497465, 0, 0
2497590, 0, 0
2497715, 0, 0
2497840, 0, 0
2497965, 0, 0
2498091, 0, 0
2498216, 0, 0
2498341, 0, 0
2498466, 0, 0
2498591, 0, 0
2498716, 0, 0
2498841, 0, 1
2498966, 0, 1
2499091, 0, 1
2499216, 0, 1
2499341, 0, 1
2499466, 0, 1
2499591, 0, 1
2499716, 0, 1
2499841, 0, 1
2499966, 0, 1
2500091, 0, 1
2500216, 0, 1
2500341, 0, 1
2500466, 0, 1
2500591, 0, 1
2500716, 0, 1
2500841, 0, prem 1
2500841, 0, 1
2500966, 0, 1
2501091, 0, 1
2501216, 0, 1
2501341, 0, 1
2501466, 0, 1
2501591, 0, 1
2501716, 0, 1
2501841, 0, 1
2501966, 0, 1
2502091, 0, 1
2502216, 0, 1
2502341, 0, 1
2502466, 0, 1
2502591, 0, 1
2502716, 0, 1
2502841, 0, 0
2502966, 0, 0
2503091, 0, 0
2503216, 0, 0
2503341, 0, 0
2503467, 0, 0
2503592, 0, 0
2503717, 0, 0
2503842, 0, 0
2503967, 0, 0
2504092, 0, 0
2504217, 0, 0
2504342, 0, 0
2504467, 0, 0
2504592, 0, 0
2504717, 0, 0
2504842, 0, prem 0
2504842, 0, 0
2504967, 0, 0
2505092, 0, 0
2505217, 0, 0
2505342, 0, 0
2505467, 0, 0
2505592, 0, 0
2505717, 0, 0
2505842, 0, 0
2505967, 0, 0
2506092, 0, 0
2506217, 0, 0
2506342, 0, 0
2506467, 0, 0
2506592, 0, 0
2506717, 0, 0
2506842, 0, 1
2506967, 0, 1
2507092, 0, 1
2507217, 0, 1
2507342, 0, 1
2507467, 0, 1
2507592, 0, 1
2507717, 0, 1
2507842, 0, 1
2507967, 0, 1
2508092, 0, 1
2508217, 0, 1
2508342, 0, 1
2508467, 0, 1
2508592, 0, 1
2508717, 0, 1
2508843, 0, prem 1
2508843, 0, 1
2508968, 0, 1
2509093, 0, 1
2509218, 0, 1
2509343, 0, 1
2509468, 0, 1
2509593, 0, 1
2509718, 0, 1
2509843, 0, 1
2509968, 0, 1
2510093, 0, 1
2510218, 0, 1
2510343, 0, 1
2510468, 0, 1
2510593, 0, 1
2510718, 0, 1
2510843, 0, 0
2510968, 0, 0
2511093, 0, 0
2511218, 0, 0
2511343, 0, 0
2511468, 0, 0
2511593, 0, 0
2511718, 0, 0
2511843, 0, 0
2511968, 0, 0
2512093, 0, 0
2512218, 0, 0
2512343, 0, 0
2512468, 0, 0
2512593, 0, 0
2512718, 0, 0
2512843, 0, prem 1
2512843, 0, 1
2512968, 0, 1
2513093, 0, 1
2513218, 0, 1
2513343, 0, 1
2513468, 0, 1
2513593, 0, 1
2513718, 0, 1
2513843, 0, 1
2513968, 0, 1
2514093, 0, 1
2514219, 0, 1
2514344, 0, 1
2514469, 0, 1
2514594, 0, 1
2514719, 0, 1
2514844, 0, 0
2514969, 0, 0
2515094, 0, 0
2515219, 0, 0
2515344, 0, 0
2515469, 0, 0
2515594, 0, 0
2515719, 0, 0
2515844, 0, 0
2515969, 0, 0
2516094, 0, 0
2516219, 0, 0
2516344, 0, 0
2516469, 0, 0
2516594, 0, 0
2516719, 0, 0
2516844, 0, bit 1
2516844, 0, 0
2516969, 0, 1
2517094, 0, 1
2517219, 0, 0
2517344, 0, 0
2517469, 0, 1
2517594, 0, 1
2517597, 1, prem 1
2517597, 1, 1
2517719, 0, 0
2517722, 1, 1
2517844, 0, 0
2517847, 1, 1
2517969, 0, 1
2517972, 1, 1
2518094, 0, 1
2518097, 1, 1
2518219, 0, 0
2518222, 1, 1
2518344, 0, 1
2518347, 1, 1
2518469, 0, 0
2518472, 1, 1
2518594, 0, bit 1
2518594, 0, 0
2518597, 1, 1
2518719, 0, 1
2518722, 1, 1
2518844, 0, 1
2518847, 1, 1
2518969, 0, 0
2518972, 1, 1
2519094, 0, 0
2519097, 1, 1
2519219, 0, 1
2519222, 1, 1
2519344, 0, 1
2519347, 1, 1
2519469, 0, 0
2519472, 1, 1
2519595, 0, 0
2519597, 1, 0
2519720, 0, 1
2519723, 1, 0
2519845, 0, 1
2519848, 1, 0
2519970, 0, 0
2519973, 1, 0
2520095, 0, 1
2520098, 1, 0
2520220, 0, 0
2520223, 1, 0
2520345, 0, bit 1
2520345, 0, 0
2520348, 1, 0
2520470, 0, 1
2520473, 1, 0
2520595, 0, 1
2520598, 1, 0
2520720, 0, 0
2520723, 1, 0
2520845, 0, 0
2520848, 1, 0
2520970, 0, 1
2520973, 1, 0
2521095, 0, 1
2521098, 1, 0
2521220, 0, 0
2521223, 1, 0
2521345, 0, 0
2521348, 1, 0
2521470, 0, 1
2521473, 1, 0
2521595, 0, 1
2521598, 1, prem 1
2521598, 1, 1
2521720, 0, 0
2521723, 1, 1
2521845, 0, 1
2521848, 1, 1
2521970, 0, 0
2521973, 1, 1
2522095, 0, bit 0
2522095, 0, 1
2522098, 1, 1
2522220, 0, 0
2522223, 1, 1
2522345, 0, 0
2522348, 1, 1
2522470, 0, 1
2522473, 1, 1
2522595, 0, 1
2522598, 1, 1
2522720, 0, 0
2522723, 1, 1
2522845, 0, 0
2522848, 1, 1
2522970, 0, 1
2522973, 1, 1
2523095, 0, 1
2523098, 1, 1
2523220, 0, 0
2523223, 1, 1
2523345, 0, 0
2523348, 1, 1
2523470, 0, 1
2523473, 1, 1
2523595, 0, 0
2523598, 1, 0
2523720, 0, 1
2523723, 1, 0
2523845, 0, bit 0
2523845, 0, 1
2523848, 1, 0
2523970, 0, 0
2523973, 1, 0
2524095, 0, 0
2524098, 1, 0
2524220, 0, 1
2524223, 1, 0
2524345, 0, 1
2524348, 1, 0
2524470, 0, 0
2524473, 1, 0
2524595, 0, 0
2524598, 1, 0
2524720, 0, 1
2524723, 1, 0
2524845, 0, 1
2524848, 1, 0
2524971, 0, 0
2524973, 1, 0
2525096, 0, 0
2525099, 1, 0
2525221, 0, 1
2525224, 1, 0
2525346, 0, 0
2525349, 1, 0
2525471, 0, 1
2525474, 1, 0
2525596, 0, bit 0
2525596, 0, 1
2525599, 1, prem 1
2525599, 1, 1
2525721, 0, 0
2525724, 1, 1
2525846, 0, 0
2525849, 1, 1
2525971, 0, 1
2525974, 1, 1
2526096, 0, 1
2526099, 1, 1
2526221, 0, 0
2526224, 1, 1
2526346, 0, 0
2526349, 1, 1
2526471, 0, 1
2526474, 1, 1
2526596, 0, 1
2526599, 1, 1
2526721, 0, 0
2526724, 1, 1
2526846, 0, 0
2526849, 1, 1
2526971, 0, 1
2526974, 1, 1
2527096, 0, 0
2527099, 1, 1
2527221, 0, 1
2527224, 1, 1
2527346, 0, bit 0
2527346, 0, 1
2527349, 1, 1
2527471, 0, 0
2527474, 1, 1
2527596, 0, 0
2527599, 1, 0
2527721, 0, 1
2527724, 1, 0
2527846, 0, 1
2527849, 1, 0
2527971, 0, 0
2527974, 1, 0
2528096, 0, 0
2528099, 1, 0
2528221, 0, 1
2528224, 1, 0
2528346, 0, 1
2528349, 1, 0
2528471, 0, 0
2528474, 1, 0
2528596, 0, 0
2528599, 1, 0
2528721, 0, 1
2528724, 1, 0
2528846, 0, 0
2528849, 1, 0
2528971, 0, 1
2528974, 1, 0
2529096, 0, bit 0
2529096, 0, 1
2529099, 1, 0
2529221, 0, 0
2529224, 1, 0
2529346, 0, 0
2529349, 1, 0
2529471, 0, 1
2529474, 1, 0
2529596, 0, 1
2529599, 1, prem 0
2529599, 1, 0
2529721, 0, 0
2529724, 1, 0
2529846, 0, 0
2529849, 1, 0
2529971, 0, 1
2529974, 1, 0
2530096, 0, 1
2530099, 1, 0
2530221, 0, 0
2530224, 1, 0
2530347, 0, 0
2530349, 1, 0
2530472, 0, 1
2530475, 1, 0
2530597, 0, 0
2530600, 1, 0
2530722, 0, 1
2530725, 1, 0
2530847, 0, bit 1
2530847, 0, 0
2530850, 1, 0
2530972, 0, 1
2530975, 1, 0
2531097, 0, 1
2531100, 1, 0
2531222, 0, 0
2531225, 1, 0
2531347, 0, 0
2531350, 1, 0
2531472, 0, 1
2531475, 1, 0
2531597, 0, 1
2531600, 1, 1
2531722, 0, 0
2531725, 1, 1
2531847, 0, 0
2531850, 1, 1
2531972, 0, 1
2531975, 1, 1
2532097, 0, 1
2532100, 1, 1
2532222, 0, 0
2532225, 1, 1
2532347, 0, 1
2532350, 1, 1
2532472, 0, 0
2532475, 1, 1
2532597, 0, bit 0
2532597, 0, 1
2532600, 1, 1
2532722, 0, 0
2532725, 1, 1
2532847, 0, 0
2532850, 1, 1
2532972, 0, 1
2532975, 1, 1
2533097, 0, 1
2533100, 1, 1
2533222, 0, 0
2533225, 1, 1
2533347, 0, 0
2533350, 1, 1
2533472, 0, 1
2533475, 1, 1
2533597, 0, 1
2533600, 1, prem 1
2533600, 1, 1
2533722, 0, 0
2533725, 1, 1
2533847, 0, 0
2533850, 1, 1
2533972, 0, 1
2533975, 1, 1
2534097, 0, 0
2534100, 1, 1
2534222, 0, 1
2534225, 1, 1
2534347, 0, bit 1
2534347, 0, 0
2534350, 1, 1
2534472, 0, 1
2534475, 1, 1
2534597, 0, 1
2534600, 1, 1
2534722, 0, 0
2534725, 1, 1
2534847, 0, 0
2534850, 1, 1
2534972, 0, 1
2534975, 1, 1
2535097, 0, 1
2535100, 1, 1
2535222, 0, 0
2535225, 1, 1
2535347, 0, 0
2535350, 1, 1
2535472, 0, 1
2535475, 1, 1
2535597, 0, 1
2535600, 1, 0
2535723, 0, 0
2535725, 1, 0
2535848, 0, 1
2535851, 1, 0
2535973, 0, 0
2535976, 1, 0
2536098, 0, bit 1
2536098, 0, 0
2536101, 1, 0
2536223, 0, 1
2536226, 1, 0
2536348, 0, 1
2536351, 1, 0
2536473, 0, 0
2536476, 1, 0
2536598, 0, 0
2536601, 1, 0
2536723, 0, 1
2536726, 1, 0
2536848, 0, 1
2536851, 1, 0
2536973, 0, 0
2536976, 1, 0
2537098, 0, 0
2537101, 1, 0
2537223, 0, 1
2537226, 1, 0
2537348, 0, 1
2537351, 1, 0
2537473, 0, 0
2537476, 1, 0
2537598, 0, 1
2537601, 1, prem 1
2537601, 1, 1
2537723, 0, 0
2537726, 1, 1
2537848, 0, bit 1
2537848, 0, 0
2537851, 1, 1
2537973, 0, 1
2537976, 1, 1
2538098, 0, 1
2538101, 1, 1
2538223, 0, 0
2538226, 1, 1
2538348, 0, 0
2538351, 1, 1
2538473, 0, 1
2538476, 1, 1
2538598, 0, 1
2538601, 1, 1
2538723, 0, 0
2538726, 1, 1
2538848, 0, 0
2538851, 1, 1
2538973, 0, 1
2538976, 1, 1
2539098, 0, 1
2539101, 1, 1
2539223, 0, 0
2539226, 1, 1
2539348, 0, 1
2539351, 1, 1
2539473, 0, 0
2539476, 1, 1
2539598, 0, bit 0
2539598, 0, 1
2539601, 1, 0
2539723, 0, 0
2539726, 1, 0
2539848, 0, 0
2539851, 1, 0
2539973, 0, 1
2539976, 1, 0
2540098, 0, 1
2540101, 1, 0
2540223, 0, 0
2540226, 1, 0
2540348, 0, 0
2540351, 1, 0
2540473, 0, 1
2540476, 1, 0
2540598, 0, 1
2540601, 1, 0
2540723, 0, 0
2540726, 1, 0
2540848, 0, 0
2540851, 1, 0
2540973, 0, 1
2540976, 1, 0
2541099, 0, 0
2541101, 1, 0
2541224, 0, 1
2541227, 1, 0
2541349, 0, bit 1
2541349, 0, 0
2541352, 1, 0
2541474, 0, 1
2541477, 1, 0
2541599, 0, 1
2541602, 1, prem 1
2541602, 1, 1
2541724, 0, 0
2541727, 1, 1
2541849, 0, 0
2541852, 1, 1
2541974, 0, 1
2541977, 1, 1
2542099, 0, 1
2542102, 1, 1
2542224, 0, 0
2542227, 1, 1
2542349, 0, 0
2542352, 1, 1
2542474, 0, 1
2542477, 1, 1
2542599, 0, 1
2542602, 1, 1
2542724, 0, 0
2542727, 1, 1
2542849, 0, 1
2542852, 1, 1
2542974, 0, 0
2542977, 1, 1
2543099, 0, bit 0
2543099, 0, 1
2543102, 1, 1
2543224, 0, 0
2543227, 1, 1
2543349, 0, 0
2543352, 1, 1
2543474, 0, 1
2543477, 1, 1
2543599, 0, 1
2543602, 1, 0
2543724, 0, 0
2543727, 1, 0
2543849, 0, 0
2543852, 1, 0
2543974, 0, 1
2543977, 1, 0
2544099, 0, 1
2544102, 1, 0
2544224, 0, 0
2544227, 1, 0
2544349, 0, 0
2544352, 1, 0
2544474, 0, 1
2544477, 1, 0
2544599, 0, 0
2544602, 1, 0
2544724, 0, 1
2544727, 1, 0
2544849, 0, bit 0
2544849, 0, 1
2544852, 1, 0
2544974, 0, 0
2544977, 1, 0
2545099, 0, 0
2545102, 1, 0
2545224, 0, 1
2545227, 1, 0
2545349, 0, 1
2545352, 1, 0
2545474, 0, 0
2545477, 1, 0
2545599, 0, 0
2545602, 1, bit 1
2545602, 1, 1
2545724, 0, 1
2545727, 1, 0
2545849, 0, 1
2545852, 1, 1
2545974, 0, 0
2545977, 1, 0
2546099, 0, 0
2546102, 1, 1
2546224, 0, 1
2546227, 1, 0
2546349, 0, 0
2546352, 1, 0
2546475, 0, 1
2546477, 1, 1
2546600, 0, bit 1
2546600, 0, 0
2546603, 1, 1
2546725, 0, 1
2546728, 1, 0
2546850, 0, 1
2546853, 1, 1
2546975, 0, 0
2546978, 1, 0
2547100, 0, 0
2547103, 1, 1
2547107, 2, prem 1
2547107, 2, 1
2547225, 0, 1
2547228, 1, 0
2547232, 2, 1
2547350, 0, 1
2547353, 1, bit 1
2547353, 1, 1
2547357, 2, 1
2547475, 0, 0
2547478, 1, 0
2547482, 2, 1
2547600, 0, 0
2547603, 1, 1
2547607, 2, 1
2547725, 0, 1
2547728, 1, 0
2547732, 2, 1
2547850, 0, 1
2547853, 1, 1
2547857, 2, 1
2547975, 0, 0
2547978, 1, 0
2547982, 2, 1
2548100, 0, 1
2548103, 1, 0
2548107, 2, 1
2548225, 0, 0
2548228, 1, 1
2548232, 2, 1
2548350, 0, bit 1
2548350, 0, 0
2548353, 1, 1
2548357, 2, 1
2548475, 0, 1
2548478, 1, 0
2548482, 2, 1
2548600, 0, 1
2548603, 1, 1
2548608, 2, 1
2548725, 0, 0
2548728, 1, 0
2548733, 2, 1
2548850, 0, 0
2548853, 1, 1
2548858, 2, 1
2548975, 0, 1
2548978, 1, 0
2548983, 2, 1
2549100, 0, 1
2549103, 1, bit 0
2549103, 1, 0
2549108, 2, 0
2549225, 0, 0
2549228, 1, 1
2549233, 2, 0
2549350, 0, 0
2549353, 1, 0
2549358, 2, 0
2549475, 0, 1
2549478, 1, 1
2549483, 2, 0
2549600, 0, 1
2549603, 1, 0
2549608, 2, 0
2549725, 0, 0
2549728, 1, 1
2549733, 2, 0
2549850, 0, 1
2549853, 1, 1
2549858, 2, 0
2549975, 0, 0
2549978, 1, 0
2549983, 2, 0
2550100, 0, bit 1
2550100, 0, 0
2550103, 1, 0
2550108, 2, 0
2550225, 0, 1
2550228, 1, 1
2550233, 2, 0
2550350, 0, 1
2550353, 1, 0
2550358, 2, 0
2550475, 0, 0
2550478, 1, 1
2550483, 2, 0
2550600, 0, 0
2550603, 1, 0
2550608, 2, 0
2550725, 0, 1
2550728, 1, 1
2550733, 2, 0
2550850, 0, 1
2550853, 1, bit 0
2550853, 1, 0
2550858, 2, 0
2550975, 0, 0
2550978, 1, 1
2550983, 2, 0
2551100, 0, 0
2551103, 1, 0
2551108, 2, prem 0
2551108, 2, 0
2551225, 0, 1
2551228, 1, 1
2551233, 2, 0
2551350, 0, 1
2551353, 1, 0
2551358, 2, 0
2551475, 0, 0
2551478, 1, 1
2551483, 2, 0
2551600, 0, 1
2551603, 1, 1
2551608, 2, 0
2551725, 0, 0
2551728, 1, 0
2551733, 2, 0
2551851, 0, bit 1
2551851, 0, 0
2551853, 1, 0
2551858, 2, 0
2551976, 0, 1
2551979, 1, 1
2551983, 2, 0
2552101, 0, 1
2552104, 1, 0
2552108, 2, 0
2552226, 0, 0
2552229, 1, 1
2552233, 2, 0
2552351, 0, 0
2552354, 1, 0
2552358, 2, 0
2552476, 0, 1
2552479, 1, 1
2552483, 2, 0
2552601, 0, 1
2552604, 1, bit 0
2552604, 1, 0
2552608, 2, 0
2552726, 0, 0
2552729, 1, 1
2552733, 2, 0
2552851, 0, 0
2552854, 1, 0
2552858, 2, 0
2552976, 0, 1
2552979, 1, 1
2552983, 2, 0
2553101, 0, 1
2553104, 1, 0
2553108, 2, 1
2553226, 0, 0
2553229, 1, 1
2553233, 2, 1
2553351, 0, 1
2553354, 1, 1
2553358, 2, 1
2553476, 0, 0
2553479, 1, 0
2553483, 2, 1
2553601, 0, bit 1
2553601, 0, 0
2553604, 1, 0
2553608, 2, 1
2553726, 0, 1
2553729, 1, 1
2553733, 2, 1
2553851, 0, 1
2553854, 1, 0
2553858, 2, 1
2553976, 0, 0
2553979, 1, 1
2553984, 2, 1
2554101, 0, 0
2554104, 1, 0
2554109, 2, 1
2554226, 0, 1
2554229, 1, 1
2554234, 2, 1
2554351, 0, 1
2554354, 1, bit 1
2554354, 1, 1
2554359, 2, 1
2554476, 0, 0
2554479, 1, 0
2554484, 2, 1
2554601, 0, 0
2554604, 1, 1
2554609, 2, 1
2554726, 0, 1
2554729, 1, 0
2554734, 2, 1
2554851, 0, 1
2554854, 1, 1
2554859, 2, 1
2554976, 0, 0
2554979, 1, 0
2554984, 2, 1
2555101, 0, 1
2555104, 1, 0
2555109, 2, prem 1
2555109, 2, 1
2555226, 0, 0
2555229, 1, 1
2555234, 2, 1
2555351, 0, bit 0
2555351, 0, 1
2555354, 1, 1
2555359, 2, 1
2555476, 0, 0
2555479, 1, 0
2555484, 2, 1
2555601, 0, 0
2555604, 1, 1
2555609, 2, 1
2555726, 0, 1
2555729, 1, 0
2555734, 2, 1
2555851, 0, 1
2555854, 1, 1
2555859, 2, 1
2555976, 0, 0
2555979, 1, 0
2555984, 2, 1
2556101, 0, 0
2556104, 1, bit 1
2556104, 1, 1
2556109, 2, 1
2556226, 0, 1
2556229, 1, 0
2556234, 2, 1
2556351, 0, 1
2556354, 1, 1
2556359, 2, 1
2556476, 0, 0
2556479, 1, 0
2556484, 2, 1
2556601, 0, 0
2556604, 1, 1
2556609, 2, 1
2556726, 0, 1
2556729, 1, 0
2556734, 2, 1
2556851, 0, 0
2556854, 1, 0
2556859, 2, 1
2556976, 0, 1
2556979, 1, 1
2556984, 2, 1
2557101, 0, bit 0
2557101, 0, 1
2557104, 1, 1
2557109, 2, 0
2557227, 0, 0
2557229, 1, 0
2557234, 2, 0
2557352, 0, 0
2557355, 1, 1
2557359, 2, 0
2557477, 0, 1
2557480, 1, 0
2557484, 2, 0
2557602, 0, 1
2557605, 1, 1
2557609, 2, 0
2557727, 0, 0
2557730, 1, 0
2557734, 2, 0
2557852, 0, 0
2557855, 1, bit 0
2557855, 1, 0
2557859, 2, 0
2557977, 0, 1
2557980, 1, 1
2557984, 2, 0
2558102, 0, 1
2558105, 1, 0
2558109, 2, 0
2558227, 0, 0
2558230, 1, 1
2558234, 2, 0
2558352, 0, 0
2558355, 1, 0
2558359, 2, 0
2558477, 0, 1
2558480, 1, 1
2558484, 2, 0
2558602, 0, 0
2558605, 1, 1
2558609, 2, 0
2558727, 0, 1
2558730, 1, 0
2558734, 2, 0
2558852, 0, bit 1
2558852, 0, 0
2558855, 1, 0
2558859, 2, 0
2558977, 0, 1
2558980, 1, 1
2558984, 2, 0
2559102, 0, 1
2559105, 1, 0
2559109, 2, prem 1
2559109, 2, 1
2559227, 0, 0
2559230, 1, 1
2559234, 2, 1
2559352, 0, 0
2559355, 1, 0
2559360, 2, 1
2559477, 0, 1
2559480, 1, 1
2559485, 2, 1
2559602, 0, 1
2559605, 1, bit 0
2559605, 1, 0
2559610, 2, 1
2559727, 0, 0
2559730, 1, 1
2559735, 2, 1
2559852, 0, 0
2559855, 1, 0
2559860, 2, 1
2559977, 0, 1
2559980, 1, 1
2559985, 2, 1
2560102, 0, 1
2560105, 1, 0
2560115, 2, 1
2560227, 0, 0
2560230, 1, 1
2560240, 2, 1
2560352, 0, 1
2560355, 1, 1
2560365, 2, 1
2560477, 0, 0
2560480, 1, 0
2560490, 2, 1
2560602, 0, bit 1
2560602, 0, 0
2560605, 1, 0
2560615, 2, 1
2560727, 0, 1
2560730, 1, 1
2560740, 2, 1
2560852, 0, 1
2560855, 1, 0
2560865, 2, 1
2560977, 0, 0
2560980, 1, 1
2560990, 2, 1
2561102, 0, 0
2561105, 1, 0
2561115, 2, 0
2561227, 0, 1
2561230, 1, 1
2561240, 2, 0
2561352, 0, 1
2561355, 1, bit 0
2561355, 1, 0
2561366, 2, 0
2561477, 0, 0
2561480, 1, 1
2561491, 2, 0
2561602, 0, 0
2561605, 1, 0
2561616, 2, 0
2561727, 0, 1
2561730, 1, 1
2561741, 2, 0
2561852, 0, 1
2561855, 1, 0
2561866, 2, 0
2561977, 0, 0
2561980, 1, 1
2561991, 2, 0
2562102, 0, 1
2562105, 1, 1
2562116, 2, 0
2562227, 0, 0
2562230, 1, 0
2562241, 2, 0
2562352, 0, bit 1
2562352, 0, 0
2562355, 1, 0
2562366, 2, 0
2562477, 0, 1
2562480, 1, 1
2562491, 2, 0
2562603, 0, 1
2562605, 1, 0
2562616, 2, 0
2562728, 0, 0
2562731, 1, 1
2562741, 2, 0
2562853, 0, 0
2562856, 1, 0
2562866, 2, 0
2562978, 0, 1
2562981, 1, 1
2562991, 2, 0
2563103, 0, 1
2563106, 1, bit 0
2563106, 1, 0
2563116, 2, prem 0
2563116, 2, 0
2563228, 0, 0
2563231, 1, 1
2563241, 2, 0
2563353, 0, 0
2563356, 1, 0
2563366, 2, 0
2563478, 0, 1
2563481, 1, 1
2563491, 2, 0
2563603, 0, 1
2563606, 1, 0
2563616, 2, 0
2563728, 0, 0
2563731, 1, 1
2563741, 2, 0
2563853, 0, 1
2563856, 1, 1
2563866, 2, 0
2563978, 0, 0
2563981, 1, 0
2563991, 2, 0
2564103, 0, bit 0
2564103, 0, 1
2564106, 1, 0
2564116, 2, 0
2564228, 0, 0
2564231, 1, 1
2564241, 2, 0
2564353, 0, 0
2564356, 1, 0
2564366, 2, 0
2564478, 0, 1
2564481, 1, 1
2564491, 2, 0
2564603, 0, 1
2564606, 1, 0
2564616, 2, 0
2564728, 0, 0
2564731, 1, 1
2564741, 2, 0
2564853, 0, 0
2564856, 1, bit 0
2564856, 1, 0
2564866, 2, 0
2564978, 0, 1
2564981, 1, 1
2564992, 2, 0
2565103, 0, 1
2565106, 1, 0
2565117, 2, 1
2565228, 0, 0
2565231, 1, 1
2565242, 2, 1
2565353, 0, 0
2565356, 1, 0
2565367, 2, 1
2565478, 0, 1
2565481, 1, 1
2565492, 2, 1
2565603, 0, 0
2565606, 1, 1
2565617, 2, 1
2565728, 0, 1
2565731, 1, 0
2565742, 2, 1
2565853, 0, bit 1
2565853, 0, 0
2565856, 1, 0
2565867, 2, 1
2565978, 0, 1
2565981, 1, 1
2565992, 2, 1
2566103, 0, 1
2566106, 1, 0
2566117, 2, 1
2566228, 0, 0
2566231, 1, 1
2566242, 2, 1
2566353, 0, 0
2566356, 1, 0
2566367, 2, 1
2566478, 0, 1
2566481, 1, 1
2566492, 2, 1
2566603, 0, 1
2566606, 1, bit 1
2566606, 1, 1
2566617, 2, 1
2566728, 0, 0
2566731, 1, 0
2566742, 2, 1
2566853, 0, 0
2566856, 1, 1
2566867, 2, 1
2566978, 0, 1
2566981, 1, 0
2566992, 2, 1
2567103, 0, 1
2567106, 1, 1
2567117, 2, prem 0
2567117, 2, 0
2567228, 0, 0
2567231, 1, 0
2567242, 2, 0
2567353, 0, 1
2567356, 1, 0
2567367, 2, 0
2567478, 0, 0
2567481, 1, 1
2567492, 2, 0
2567603, 0, bit 1
2567603, 0, 0
2567606, 1, 1
2567617, 2, 0
2567728, 0, 1
2567731, 1, 0
2567742, 2, 0
2567853, 0, 1
2567856, 1, 1
2567867, 2, 0
2567979, 0, 0
2567981, 1, 0
2567992, 2, 0
2568104, 0, 0
2568108, 1, 1
2568117, 2, 0
2568229, 0, 1
2568233, 1, 0
2568242, 2, 0
2568354, 0, 1
2568358, 1, bit 0
2568358, 1, 0
2568367, 2, 0
2568479, 0, 0
2568483, 1, 1
2568492, 2, 0
2568604, 0, 0
2568608, 1, 0
2568617, 2, 0
2568729, 0, 1
2568733, 1, 1
2568742, 2, 0
2568854, 0, 1
2568858, 1, 0
2568867, 2, 0
2568979, 0, 0
2568983, 1, 1
2568992, 2, 0
2569104, 0, 1
2569108, 1, 1
2569117, 2, 1
2569229, 0, 0
2569233, 1, 0
2569242, 2, 1
2569354, 0, bit 1
2569354, 0, 0
2569358, 1, 0
2569367, 2, 1
2569479, 0, 1
2569483, 1, 1
2569492, 2, 1
2569604, 0, 1
2569608, 1, 0
2569617, 2, 1
2569729, 0, 0
2569733, 1, 1
2569742, 2, 1
2569854, 0, 0
2569858, 1, 0
2569867, 2, 1
2569979, 0, 1
2569984, 1, 1
2569992, 2, 1
2570104, 0, 1
2570109, 1, bit 0
2570109, 1, 0
2570117, 2, 1
2570229, 0, 0
2570234, 1, 1
2570242, 2, 1
2570354, 0, 0
2570359, 1, 0
2570368, 2, 1
2570479, 0, 1
2570484, 1, 1
2570493, 2, 1
2570604, 0, 1
2570609, 1, 0
2570618, 2, 1
2570729, 0, 0
2570734, 1, 1
2570743, 2, 1
2570854, 0, 1
2570859, 1, 1
2570868, 2, 1
2570979, 0, 0
2570984, 1, 0
2570993, 2, 1
2571104, 0, bit 1
2571104, 0, 0
2571109, 1, 0
2571118, 2, prem 1
2571118, 2, 1
2571229, 0, 1
2571234, 1, 1
2571243, 2, 1
2571354, 0, 1
2571359, 1, 0
2571368, 2, 1
2571479, 0, 0
2571484, 1, 1
2571493, 2, 1
2571604, 0, 0
2571609, 1, 0
2571618, 2, 1
2571729, 0, 1
2571734, 1, 1
2571743, 2, 1
2571854, 0, 1
2571859, 1, bit 0
2571859, 1, 0
2571868, 2, 1
2571979, 0, 0
2571984, 1, 1
2571993, 2, 1
2572104, 0, 0
2572109, 1, 0
2572118, 2, 1
2572229, 0, 1
2572234, 1, 1
2572243, 2, 1
2572354, 0, 1
2572359, 1, 0
2572368, 2, 1
2572479, 0, 0
2572484, 1, 1
2572493, 2, 1
2572604, 0, 1
2572609, 1, 1
2572618, 2, 1
2572729, 0, 0
2572734, 1, 0
2572743, 2, 1
2572854, 0, bit 0
2572854, 0, 1
2572859, 1, 0
2572868, 2, 1
2572979, 0, 0
2572984, 1, 1
2572993, 2, 1
2573104, 0, 0
2573109, 1, 0
2573118, 2, 0
2573229, 0, 1
2573234, 1, 1
2573243, 2, 0
2573355, 0, 1
2573359, 1, 0
2573368, 2, 0
2573480, 0, 0
2573484, 1, 1
2573493, 2, 0
2573605, 0, 0
2573609, 1, bit 1
2573609, 1, 1
2573618, 2, 0
2573730, 0, 1
2573734, 1, 0
2573743, 2, 0
2573855, 0, 1
2573859, 1, 1
2573868, 2, 0
2573980, 0, 0
2573984, 1, 0
2573993, 2, 0
2574105, 0, 0
2574109, 1, 1
2574118, 2, 0
2574230, 0, 1
2574234, 1, 0
2574243, 2, 0
2574355, 0, 0
2574359, 1, 0
2574368, 2, 0
2574480, 0, 1
2574484, 1, 1
2574493, 2, 0
2574605, 0, bit 0
2574605, 0, 1
2574609, 1, 1
2574618, 2, 0
2574730, 0, 0
2574734, 1, 0
2574743, 2, 0
2574855, 0, 0
2574859, 1, 1
2574868, 2, 0
2574980, 0, 1
2574984, 1, 0
2574993, 2, 0
2575105, 0, 1
2575109, 1, 1
2575118, 2, bit 1
2575118, 2, 1
2575230, 0, 0
2575234, 1, 0
2575243, 2, 0
2575355, 0, 0
2575360, 1, bit 1
2575360, 1, 1
2575368, 2, 0
2575480, 0, 1
2575485, 1, 0
2575493, 2, 1
2575605, 0, 1
2575610, 1, 1
2575618, 2, 1
2575730, 0, 0
2575735, 1, 0
2575744, 2, 0
2575855, 0, 0
2575860, 1, 1
2575869, 2, 1
2575980, 0, 1
2575985, 1, 0
2575994, 2, 0
2576105, 0, 0
2576110, 1, 0
2576119, 2, 0
2576230, 0, 1
2576235, 1, 1
2576244, 2, 1
2576355, 0, bit 0
2576355, 0, 1
2576360, 1, 1
2576369, 2, 0
2576480, 0, 0
2576485, 1, 0
2576494, 2, 1
2576605, 0, 0
2576610, 1, 1
2576619, 2, 1
2576730, 0, 1
2576735, 1, 0
2576744, 2, 0
2576855, 0, 1
2576860, 1, 1
2576869, 2, bit 1
2576869, 2, 1
2576980, 0, 0
2576985, 1, 0
2576994, 2, 0
2577105, 0, 0
2577110, 1, bit 0
2577110, 1, 0
2577119, 2, 0
2577230, 0, 1
2577235, 1, 1
2577244, 2, 1
2577355, 0, 1
2577360, 1, 0
2577369, 2, 1
2577480, 0, 0
2577485, 1, 1
2577494, 2, 0
2577605, 0, 0
2577610, 1, 0
2577619, 2, 1
2577622, 3, prem 0
2577622, 3, 0
2577730, 0, 1
2577735, 1, 1
2577744, 2, 0
2577747, 3, 0
2577855, 0, 0
2577860, 1, 1
2577869, 2, 0
2577872, 3, 0
2577980, 0, 1
2577985, 1, 0
2577994, 2, 1
2577997, 3, 0
2578105, 0, bit 0
2578105, 0, 1
2578110, 1, 0
2578119, 2, 0
2578122, 3, 0
2578230, 0, 0
2578235, 1, 1
2578244, 2, 1
2578247, 3, 0
2578355, 0, 0
2578360, 1, 0
2578369, 2, 1
2578372, 3, 0
2578480, 0, 1
2578485, 1, 1
2578494, 2, 0
2578497, 3, 0
2578605, 0, 1
2578610, 1, 0
2578619, 2, bit 1
2578619, 2, 1
2578622, 3, 0
2578731, 0, 0
2578735, 1, 1
2578744, 2, 0
2578747, 3, 0
2578856, 0, 0
2578860, 1, bit 0
2578860, 1, 0
2578869, 2, 0
2578872, 3, 0
2578981, 0, 1
2578985, 1, 1
2578994, 2, 1
2578997, 3, 0
2579106, 0, 1
2579110, 1, 0
2579119, 2, 1
2579122, 3, 0
2579231, 0, 0
2579235, 1, 1
2579244, 2, 0
2579247, 3, 0
2579356, 0, 0
2579364, 1, 0
2579369, 2, 1
2579372, 3, 0
2579481, 0, 1
2579489, 1, 1
2579494, 2, 0
2579497, 3, 0
2579606, 0, 0
2579614, 1, 1
2579619, 2, 0
2579622, 3, 1
2579731, 0, 1
2579739, 1, 0
2579744, 2, 1
2579747, 3, 1
2579856, 0, bit 1
2579856, 0, 0
2579864, 1, 0
2579869, 2, 0
2579872, 3, 1
2579981, 0, 1
2579989, 1, 1
2579994, 2, 1
2579997, 3, 1
2580106, 0, 1
2580114, 1, 0
2580119, 2, 1
2580122, 3, 1
2580231, 0, 0
2580239, 1, 1
2580244, 2, 0
2580247, 3, 1
2580356, 0, 0
2580364, 1, 0
2580369, 2, bit 1
2580369, 2, 1
2580372, 3, 1
2580481, 0, 1
2580489, 1, 1
2580494, 2, 0
2580497, 3, 1
2580606, 0, 1
2580614, 1, bit 1
2580614, 1, 1
2580619, 2, 0
2580622, 3, 1
2580731, 0, 0
2580739, 1, 0
2580744, 2, 1
2580747, 3, 1
2580856, 0, 0
2580864, 1, 1
2580869, 2, 1
2580872, 3, 1
2580981, 0, 1
2580989, 1, 0
2580994, 2, 0
2580997, 3, 1
2581106, 0, 1
2581114, 1, 1
2581120, 2, 1
2581122, 3, 1
2581231, 0, 0
2581239, 1, 0
2581245, 2, 0
2581248, 3, 1
2581356, 0, 1
2581364, 1, 0
2581370, 2, 0
2581373, 3, 1
2581481, 0, 0
2581489, 1, 1
2581495, 2, 1
2581498, 3, 1
2581606, 0, bit 0
2581606, 0, 1
2581614, 1, 1
2581620, 2, 0
2581623, 3, prem 0
2581623, 3, 0
2581731, 0, 0
2581739, 1, 0
2581745, 2, 1
2581748, 3, 0
2581856, 0, 0
2581864, 1, 1
2581870, 2, 1
2581873, 3, 0
2581981, 0, 1
2581989, 1, 0
2581995, 2, 0
2581998, 3, 0
2582106, 0, 1
2582114, 1, 1
2582120, 2, bit 0
2582120, 2, 0
2582123, 3, 0
2582231, 0, 0
2582239, 1, 0
2582245, 2, 1
2582248, 3, 0
2582356, 0, 0
2582364, 1, bit 0
2582364, 1, 0
2582370, 2, 1
2582373, 3, 0
2582481, 0, 1
2582489, 1, 1
2582495, 2, 0
2582498, 3, 0
2582606, 0, 1
2582614, 1, 0
2582620, 2, 0
2582623, 3, 0
2582731, 0, 0
2582739, 1, 1
2582745, 2, 1
2582748, 3, 0
2582856, 0, 0
2582864, 1, 0
2582870, 2, 0
2582873, 3, 0
2582981, 0, 1
2582989, 1, 1
2582995, 2, 1
2582998, 3, 0
2583106, 0, 0
2583114, 1, 1
2583120, 2, 1
2583123, 3, 0
2583231, 0, 1
2583239, 1, 0
2583245, 2, 0
2583248, 3, 0
2583356, 0, bit 0
2583359, 0, 1
2583364, 1, 0
2583370, 2, 1
2583373, 3, 0
2583481, 0, 0
2583489, 1, 1
2583495, 2, 0
2583498, 3, 0
2583606, 0, 0
2583614, 1, 0
2583620, 2, 0
2583623, 3, 1
2583731, 0, 1
2583739, 1, 1
2583745, 2, 1
2583748, 3, 1
2583856, 0, 1
2583864, 1, 0
2583870, 2, bit 0
2583870, 2, 0
2583873, 3, 1
2583981, 0, 0
2583989, 1, 1
2583995, 2, 1
2583998, 3, 1
2584107, 0, 0
2584114, 1, bit 0
2584114, 1, 0
2584120, 2, 1
2584123, 3, 1
2584232, 0, 1
2584239, 1, 1
2584245, 2, 0
2584248, 3, 1
2584357, 0, 1
2584364, 1, 0
2584370, 2, 0
2584373, 3, 1
2584482, 0, 0
2584489, 1, 1
2584495, 2, 1
2584498, 3, 1
2584607, 0, 0
2584614, 1, 0
2584620, 2, 0
2584623, 3, 1
2584732, 0, 1
2584739, 1, 1
2584745, 2, 1
2584748, 3, 1
2584857, 0, 0
2584864, 1, 1
2584870, 2, 1
2584873, 3, 1
2584982, 0, 1
2584989, 1, 0
2584995, 2, 0
2584998, 3, 1
2585107, 0, bit 1
2585107, 0, 0
2585114, 1, 0
2585120, 2, 1
2585123, 3, 1
2585232, 0, 1
2585239, 1, 1
2585245, 2, 0
2585248, 3, 1
2585357, 0, 1
2585364, 1, 0
2585370, 2, 0
2585373, 3, 1
2585482, 0, 0
2585489, 1, 1
2585495, 2, 1
2585498, 3, 1
2585607, 0, 0
2585614, 1, 0
2585620, 2, bit 1
2585620, 2, 1
2585623, 3, prem 0
2585623, 3, 0
2585732, 0, 1
2585739, 1, 1
2585745, 2, 0
2585748, 3, 0
2585857, 0, 1
2585864, 1, bit 1
2585864, 1, 1
2585870, 2, 0
2585873, 3, 0
2585982, 0, 0
2585989, 1, 0
2585995, 2, 1
2585998, 3, 0
2586107, 0, 0
2586114, 1, 1
2586120, 2, 1
2586123, 3, 0
2586232, 0, 1
2586240, 1, 0
2586245, 2, 0
2586248, 3, 0
2586357, 0, 1
2586365, 1, 1
2586370, 2, 1
2586373, 3, 0
2586482, 0, 0
2586490, 1, 0
2586496, 2, 0
2586498, 3, 0
2586607, 0, 1
2586615, 1, 0
2586621, 2, 0
2586624, 3, 0
2586732, 0, 0
2586740, 1, 1
2586746, 2, 1
2586749, 3, 0
2586857, 0, bit 0
2586857, 0, 1
2586865, 1, 1
2586871, 2, 0
2586874, 3, 0
2586982, 0, 0
2586990, 1, 0
2586996, 2, 1
2586999, 3, 0
2587107, 0, 0
2587115, 1, 1
2587121, 2, 1
2587124, 3, 0
2587232, 0, 1
2587240, 1, 0
2587246, 2, 0
2587249, 3, 0
2587357, 0, 1
2587365, 1, 1
2587371, 2, bit 0
2587371, 2, 0
2587374, 3, 0
2587482, 0, 0
2587490, 1, 0
2587496, 2, 1
2587499, 3, 0
2587607, 0, 0
2587615, 1, bit 1
2587615, 1, 1
2587621, 2, 1
2587624, 3, 1
2587732, 0, 1
2587740, 1, 0
2587746, 2, 0
2587749, 3, 1
2587857, 0, 1
2587865, 1, 1
2587871, 2, 0
2587874, 3, 1
2587982, 0, 0
2587990, 1, 0
2587996, 2, 1
2587999, 3, 1
2588107, 0, 0
2588115, 1, 1
2588121, 2, 0
2588124, 3, 1
2588232, 0, 1
2588240, 1, 0
2588246, 2, 1
2588249, 3, 1
2588357, 0, 0
2588365, 1, 0
2588371, 2, 1
2588374, 3, 1
2588482, 0, 1
2588490, 1, 1
2588496, 2, 0
2588499, 3, 1
2588607, 0, bit 0
2588607, 0, 1
2588615, 1, 1
2588621, 2, 1
2588624, 3, 1
2588732, 0, 0
2588740, 1, 0
2588746, 2, 0
2588749, 3, 1
2588857, 0, 0
2588865, 1, 1
2588871, 2, 0
2588874, 3, 1
2588982, 0, 1
2588990, 1, 0
2588996, 2, 1
2588999, 3, 1
2589107, 0, 1
2589115, 1, 1
2589121, 2, bit 1
2589121, 2, 1
2589124, 3, 1
2589232, 0, 0
2589240, 1, 0
2589246, 2, 0
2589249, 3, 1
2589357, 0, 0
2589365, 1, bit 1
2589365, 1, 1
2589371, 2, 0
2589374, 3, 1
2589483, 0, 1
2589490, 1, 0
2589496, 2, 1
2589499, 3, 1
2589608, 0, 1
2589615, 1, 1
2589621, 2, 1
2589624, 3, prem 0
2589624, 3, 0
2589733, 0, 0
2589740, 1, 0
2589746, 2, 0
2589749, 3, 0
2589858, 0, 0
2589865, 1, 1
2589871, 2, 1
2589874, 3, 0
2589983, 0, 1
2589990, 1, 0
2589996, 2, 0
2589999, 3, 0
2590108, 0, 0
2590115, 1, 0
2590121, 2, 0
2590124, 3, 0
2590233, 0, 1
2590240, 1, 1
2590246, 2, 1
2590249, 3, 0
2590358, 0, bit 0
2590358, 0, 1
2590365, 1, 1
2590371, 2, 0
2590374, 3, 0
2590483, 0, 0
2590490, 1, 0
2590496, 2, 1
2590499, 3, 0
2590608, 0, 0
2590615, 1, 1
2590621, 2, 1
2590624, 3, 0
2590733, 0, 1
2590740, 1, 0
2590746, 2, 0
2590749, 3, 0
2590858, 0, 1
2590865, 1, 1
2590871, 2, bit 1
2590871, 2, 1
2590874, 3, 0
2590983, 0, 0
2590990, 1, 0
2590996, 2, 0
2590999, 3, 0
2591108, 0, 0
2591115, 1, bit 0
2591115, 1, 0
2591121, 2, 0
2591124, 3, 0
2591233, 0, 1
2591240, 1, 1
2591246, 2, 1
2591249, 3, 0
2591358, 0, 1
2591365, 1, 0
2591371, 2, 1
2591374, 3, 0
2591483, 0, 0
2591490, 1, 1
2591496, 2, 0
2591499, 3, 0
2591608, 0, 0
2591616, 1, 0
2591621, 2, 1
2591624, 3, 1
2591733, 0, 1
2591741, 1, 1
2591746, 2, 0
2591749, 3, 1
2591858, 0, 0
2591866, 1, 1
2591872, 2, 0
2591874, 3, 1
2591983, 0, 1
2591991, 1, 0
2591997, 2, 1
2592000, 3, 1
2592108, 0, bit 1
2592108, 0, 0
2592116, 1, 0
2592122, 2, 0
2592125, 3, 1
2592233, 0, 1
2592241, 1, 1
2592247, 2, 1
2592250, 3, 1
2592358, 0, 1
2592366, 1, 0
2592372, 2, 1
2592375, 3, 1
2592483, 0, 0
2592491, 1, 1
2592497, 2, 0
2592500, 3, 1
2592608, 0, 0
2592616, 1, 0
2592622, 2, bit 1
2592622, 2, 1
2592625, 3, 1
2592733, 0, 1
2592741, 1, 1
2592747, 2, 0
2592750, 3, 1
2592858, 0, 1
2592866, 1, bit 0
2592866, 1, 0
2592872, 2, 0
2592875, 3, 1
2592983, 0, 0
2592991, 1, 1
2592997, 2, 1
2593000, 3, 1
2593108, 0, 0
2593116, 1, 0
2593122, 2, 1
2593125, 3, 1
2593233, 0, 1
2593241, 1, 1
2593247, 2, 0
2593250, 3, 1
2593358, 0, 1
2593366, 1, 0
2593372, 2, 1
2593375, 3, 1
2593483, 0, 0
2593491, 1, 1
2593497, 2, 0
2593500, 3, 1
2593608, 0, 1
2593616, 1, 1
2593622, 2, 0
2593625, 3, prem 1
2593625, 3, 1
2593733, 0, 0
2593741, 1, 0
2593747, 2, 1
2593750, 3, 1
2593858, 0, bit 1
2593858, 0, 0
2593866, 1, 0
2593872, 2, 0
2593875, 3, 1
2593983, 0, 1
2593991, 1, 1
2593997, 2, 1
2594000, 3, 1
2594108, 0, 1
2594116, 1, 0
2594122, 2, 1
2594125, 3, 1
2594233, 0, 0
2594241, 1, 1
2594247, 2, 0
2594250, 3, 1
2594358, 0, 0
2594366, 1, 0
2594372, 2, bit 0
2594372, 2, 0
2594375, 3, 1
2594483, 0, 1
2594491, 1, 1
2594497, 2, 1
2594500, 3, 1
2594608, 0, 1
2594616, 1, bit 1
2594616, 1, 1
2594622, 2, 1
2594625, 3, 1
2594733, 0, 0
2594741, 1, 0
2594747, 2, 0
2594750, 3, 1
2594859, 0, 0
2594866, 1, 1
2594872, 2, 0
2594875, 3, 1
2594984, 0, 1
2594991, 1, 0
2594997, 2, 1
2595000, 3, 1
2595109, 0, 1
2595116, 1, 1
2595122, 2, 0
2595125, 3, 1
2595234, 0, 0
2595241, 1, 0
2595247, 2, 1
2595250, 3, 1
2595359, 0, 1
2595366, 1, 0
2595372, 2, 1
2595375, 3, 1
2595484, 0, 0
2595491, 1, 1
2595497, 2, 0
2595500, 3, 1
2595609, 0, bit 1
2595609, 0, 0
2595616, 1, 1
2595622, 2, 1
2595625, 3, 0
2595734, 0, 1
2595741, 1, 0
2595747, 2, 0
2595750, 3, 0
2595859, 0, 1
2595866, 1, 1
2595872, 2, 0
2595875, 3, 0
2595984, 0, 0
2595991, 1, 0
2595997, 2, 1
2596000, 3, 0
2596109, 0, 0
2596116, 1, 1
2596122, 2, bit 0
2596122, 2, 0
2596133, 3, 0
2596234, 0, 1
2596241, 1, 0
2596247, 2, 1
2596258, 3, 0
2596359, 0, 1
2596366, 1, bit 1
2596366, 1, 1
2596372, 2, 1
2596383, 3, 0
2596484, 0, 0
2596491, 1, 0
2596497, 2, 0
2596508, 3, 0
2596609, 0, 0
2596616, 1, 1
2596622, 2, 0
2596633, 3, 0
2596734, 0, 1
2596741, 1, 0
2596747, 2, 1
2596758, 3, 0
2596859, 0, 1
2596866, 1, 1
2596872, 2, 0
2596883, 3, 0
2596984, 0, 0
2596992, 1, 0
2596997, 2, 1
2597008, 3, 0
2597109, 0, 1
2597117, 1, 0
2597122, 2, 1
2597133, 3, 0
2597234, 0, 0
2597242, 1, 1
2597248, 2, 0
2597258, 3, 0
2597359, 0, bit 1
2597359, 0, 0
2597367, 1, 1
2597373, 2, 1
2597383, 3, 0
2597484, 0, 1
2597492, 1, 0
2597498, 2, 0
2597508, 3, 0
2597609, 0, 1
2597617, 1, 1
2597623, 2, 0
2597633, 3, prem 0
2597633, 3, 0
2597734, 0, 0
2597742, 1, 0
2597748, 2, 1
2597758, 3, 0
2597859, 0, 0
2597867, 1, 1
2597873, 2, bit 1
2597873, 2, 1
2597883, 3, 0
2597984, 0, 1
2597992, 1, 0
2597998, 2, 0
2598008, 3, 0
2598109, 0, 1
2598117, 1, bit 0
2598120, 1, 0
2598123, 2, 0
2598133, 3, 0
2598234, 0, 0
2598242, 1, 1
2598248, 2, 1
2598258, 3, 0
2598359, 0, 0
2598367, 1, 0
2598373, 2, 1
2598383, 3, 0
2598484, 0, 1
2598492, 1, 1
2598498, 2, 0
2598508, 3, 0
2598609, 0, 1
2598617, 1, 0
2598623, 2, 1
2598633, 3, 0
2598734, 0, 0
2598742, 1, 1
2598748, 2, 0
2598758, 3, 0
2598859, 0, 1
2598867, 1, 1
2598873, 2, 0
2598883, 3, 0
2598984, 0, 0
2598992, 1, 0
2598998, 2, 1
2599008, 3, 0
2599109, 0, bit 0
2599109, 0, 1
2599117, 1, 0
2599123, 2, 0
2599133, 3, 0
2599234, 0, 0
2599242, 1, 1
2599248, 2, 1
2599258, 3, 0
2599359, 0, 0
2599367, 1, 0
2599373, 2, 1
2599383, 3, 0
2599484, 0, 1
2599492, 1, 1
2599498, 2, 0
2599508, 3, 0
2599609, 0, 1
2599617, 1, 0
2599623, 2, bit 1
2599623, 2, 1
2599633, 3, 1
2599734, 0, 0
2599742, 1, 1
2599748, 2, 0
2599758, 3, 1
2599859, 0, 0
2599867, 1, bit 0
2599867, 1, 0
2599873, 2, 0
2599883, 3, 1
2599984, 0, 1
2599992, 1, 1
2599998, 2, 1
2600008, 3, 1
2600109, 0, 1
2600117, 1, 0
2600123, 2, 1
2600133, 3, 1
2600235, 0, 0
2600242, 1, 1
2600248, 2, 0
2600258, 3, 1
2600360, 0, 0
2600367, 1, 0
2600373, 2, 1
2600383, 3, 1
2600485, 0, 1
2600492, 1, 1
2600498, 2, 0
2600508, 3, 1
2600610, 0, 0
2600617, 1, 1
2600623, 2, 0
2600633, 3, 1
2600735, 0, 1
2600742, 1, 0
2600748, 2, 1
2600758, 3, 1
2600860, 0, bit 0
2600860, 0, 1
2600867, 1, 0
2600873, 2, 0
2600883, 3, 1
2600985, 0, 0
2600992, 1, 1
2600998, 2, 1
2601008, 3, 1
2601110, 0, 0
2601117, 1, 0
2601123, 2, 1
2601133, 3, 1
2601235, 0, 1
2601242, 1, 1
2601248, 2, 0
2601259, 3, 1
2601360, 0, 1
2601367, 1, 0
2601373, 2, bit 1
2601373, 2, 1
2601384, 3, 1
2601485, 0, 0
2601492, 1, 1
2601498, 2, 0
2601509, 3, 1
2601610, 0, 0
2601617, 1, bit 1
2601617, 1, 1
2601623, 2, 0
2601634, 3, prem 1
2601634, 3, 1
2601735, 0, 1
2601742, 1, 0
2601748, 2, 1
2601759, 3, 1
2601860, 0, 1
2601867, 1, 1
2601873, 2, 1
2601884, 3, 1
2601985, 0, 0
2601992, 1, 0
2601998, 2, 0
2602009, 3, 1
2602110, 0, 0
2602117, 1, 1
2602123, 2, 1
2602134, 3, 1
2602235, 0, 1
2602242, 1, 0
2602248, 2, 0
2602259, 3, 1
2602360, 0, 0
2602368, 1, 0
2602373, 2, 0
2602384, 3, 1
2602485, 0, 1
2602493, 1, 1
2602498, 2, 1
2602509, 3, 1
2602610, 0, bit 0
2602610, 0, 1
2602618, 1, 1
2602624, 2, 0
2602634, 3, 1
2602735, 0, 0
2602743, 1, 0
2602749, 2, 1
2602759, 3, 1
2602860, 0, 0
2602868, 1, 1
2602874, 2, 1
2602884, 3, 1
2602985, 0, 1
2602993, 1, 0
2602999, 2, 0
2603009, 3, 1
2603110, 0, 1
2603118, 1, 1
2603124, 2, bit 0
2603124, 2, 0
2603134, 3, 1
2603235, 0, 0
2603243, 1, 0
2603249, 2, 1
2603259, 3, 1
2603360, 0, 0
2603368, 1, bit 0
2603368, 1, 0
2603374, 2, 1
2603384, 3, 1
2603485, 0, 1
2603493, 1, 1
2603499, 2, 0
2603509, 3, 1
2603610, 0, 1
2603618, 1, 0
2603624, 2, 0
2603634, 3, 0
2603735, 0, 0
2603743, 1, 1
2603749, 2, 1
2603759, 3, 0
2603860, 0, 0
2603868, 1, 0
2603874, 2, 0
2603884, 3, 0
2603985, 0, 1
2603993, 1, 1
2603999, 2, 1
2604009, 3, 0
2604110, 0, 0
2604118, 1, 1
2604124, 2, 1
2604134, 3, 0
2604235, 0, 1
2604243, 1, 0
2604249, 2, 0
2604259, 3, 0
2604360, 0, bit 1
2604360, 0, 0
2604368, 1, 0
2604374, 2, 1
2604384, 3, 0
2604485, 0, 1
2604493, 1, 1
2604499, 2, 0
2604509, 3, 0
2604610, 0, 1
2604618, 1, 0
2604624, 2, 0
2604634, 3, 0
2604735, 0, 0
2604743, 1, 1
2604749, 2, 1
2604759, 3, 0
2604860, 0, 0
2604868, 1, 0
2604874, 2, bit 0
2604874, 2, 0
2604884, 3, 0
2604985, 0, 1
2604993, 1, 1
2604999, 2, 1
2605009, 3, 0
2605110, 0, 1
2605118, 1, bit 0
2605118, 1, 0
2605124, 2, 1
2605134, 3, 0
2605235, 0, 0
2605243, 1, 1
2605249, 2, 0
2605259, 3, 0
2605360, 0, 0
2605368, 1, 0
2605374, 2, 0
2605384, 3, 0
2605485, 0, 1
2605493, 1, 1
2605499, 2, 1
2605509, 3, 0
2605611, 0, 1
2605618, 1, 0
2605624, 2, 0
2605634, 3, bit 1
2605634, 3, 0
2605736, 0, 0
2605743, 1, 1
2605749, 2, 1
2605759, 3, 1
2605861, 0, 1
2605868, 1, 1
2605874, 2, 1
2605884, 3, 0
2605986, 0, 0
2605993, 1, 0
2605999, 2, 0
2606009, 3, 1
2606111, 0, bit 1
2606114, 0, 0
2606118, 1, 0
2606124, 2, 1
2606134, 3, 0
2606236, 0, 1
2606243, 1, 1
2606249, 2, 0
2606259, 3, 1
2606361, 0, 1
2606368, 1, 0
2606374, 2, 0
2606384, 3, 0
2606486, 0, 0
2606493, 1, 1
2606499, 2, 1
2606509, 3, 1
2606611, 0, 0
2606618, 1, 0
2606624, 2, bit 1
2606624, 2, 1
2606635, 3, 1
2606736, 0, 1
2606743, 1, 1
2606749, 2, 0
2606760, 3, 0
2606861, 0, 1
2606868, 1, bit 0
2606868, 1, 0
2606874, 2, 0
2606885, 3, 0
2606986, 0, 0
2606993, 1, 1
2606999, 2, 1
2607010, 3, 1
2607111, 0, 0
2607118, 1, 0
2607124, 2, 1
2607135, 3, 1
2607236, 0, 1
2607243, 1, 1
2607249, 2, 0
2607260, 3, 0
2607361, 0, 1
2607368, 1, 0
2607374, 2, 1
2607385, 3, bit 0
2607385, 3, 1
2607486, 0, 0
2607493, 1, 1
2607499, 2, 0
2607510, 3, 0
2607611, 0, 1
2607618, 1, 1
2607624, 2, 0
2607635, 3, 1
2607736, 0, 0
2607744, 1, 0
2607749, 2, 1
2607760, 3, 0
2607861, 0, bit 1
2607861, 0, 0
2607869, 1, 0
2607874, 2, 0
2607885, 3, 1
2607986, 0, 1
2607994, 1, 1
2608000, 2, 1
2608010, 3, 0
2608111, 0, 1
2608119, 1, 0
2608125, 2, 1
2608135, 3, 1
2608236, 0, 0
2608244, 1, 1
2608250, 2, 0
2608260, 3, 0
2608361, 0, 0
2608369, 1, 0
2608375, 2, bit 0
2608375, 2, 0
2608385, 3, 0
2608486, 0, 1
2608494, 1, 1
2608500, 2, 1
2608510, 3, 1
2608611, 0, 1
2608619, 1, bit 1
2608619, 1, 1
2608625, 2, 1
2608635, 3, 1
2608736, 0, 0
2608744, 1, 0
2608750, 2, 0
2608760, 3, 0
2608861, 0, 0
2608869, 1, 1
2608875, 2, 0
2608885, 3, 0
2608986, 0, 1
2608994, 1, 0
2609000, 2, 1
2609010, 3, 1
2609111, 0, 1
2609119, 1, 1
2609125, 2, 0
2609135, 3, bit 0
2609135, 3, 1
2609236, 0, 0
2609244, 1, 0
2609250, 2, 1
2609260, 3, 0
2609361, 0, 1
2609369, 1, 0
2609375, 2, 1
2609385, 3, 1
2609486, 0, 0
2609494, 1, 1
2609500, 2, 0
2609510, 3, 0
2609611, 0, bit 0
2609611, 0, 1
2609619, 1, 1
2609625, 2, 1
2609635, 3, 1
2609736, 0, 0
2609744, 1, 0
2609750, 2, 0
2609760, 3, 0
2609861, 0, 0
2609869, 1, 1
2609875, 2, 0
2609885, 3, 1
2609986, 0, 1
2609994, 1, 0
2610000, 2, 1
2610010, 3, 0
2610111, 0, 1
2610119, 1, 1
2610125, 2, bit 0
2610125, 2, 0
2610135, 3, 0
2610236, 0, 0
2610244, 1, 0
2610250, 2, 1
2610260, 3, 1
2610361, 0, 0
2610369, 1, bit 1
2610369, 1, 1
2610375, 2, 1
2610385, 3, 1
2610486, 0, 1
2610494, 1, 0
2610500, 2, 0
2610510, 3, 0
2610611, 0, 1
2610619, 1, 1
2610625, 2, 0
2610635, 3, 0
2610736, 0, 0
2610744, 1, 0
2610750, 2, 1
2610760, 3, 1
2610861, 0, 0
2610869, 1, 1
2610875, 2, 0
2610885, 3, bit 1
2610885, 3, 0
2610987, 0, 1
2610994, 1, 0
2611000, 2, 1
2611010, 3, 1
2611112, 0, 0
2611119, 1, 0
2611125, 2, 1
2611135, 3, 0
2611237, 0, 1
2611244, 1, 1
2611250, 2, 0
2611260, 3, 1
2611362, 0, bit 1
2611362, 0, 0
2611369, 1, 1
2611375, 2, 1
2611385, 3, 0
2611487, 0, 1
2611494, 1, 0
2611500, 2, 0
2611510, 3, 1
2611612, 0, 1
2611619, 1, 1
2611625, 2, 0
2611635, 3, 0
2611737, 0, 0
2611744, 1, 0
2611750, 2, 1
2611760, 3, 1
2611862, 0, 0
2611869, 1, 1
2611875, 2, bit 0
2611875, 2, 0
2611885, 3, 1
2611987, 0, 1
2611994, 1, 0
2612000, 2, 1
2612011, 3, 0
2612112, 0, 1
2612119, 1, bit 0
2612119, 1, 0
2612125, 2, 1
2612136, 3, 0
2612237, 0, 0
2612244, 1, 1
2612250, 2, 0
2612261, 3, 1
2612362, 0, 0
2612369, 1, 0
2612375, 2, 0
2612386, 3, 1
2612487, 0, 1
2612494, 1, 1
2612500, 2, 1
2612511, 3, 0
2612612, 0, 1
2612619, 1, 0
2612625, 2, 0
2612636, 3, bit 0
2612636, 3, 1
2612737, 0, 0
2612744, 1, 1
2612750, 2, 1
2612761, 3, 0
2612862, 0, 1
2612869, 1, 1
2612875, 2, 1
2612886, 3, 1
2612987, 0, 0
2612994, 1, 0
2613000, 2, 0
2613011, 3, 0
2613112, 0, bit 0
2613112, 0, 1
2613120, 1, 0
2613125, 2, 1
2613136, 3, 1
2613237, 0, 0
2613245, 1, 1
2613250, 2, 0
2613261, 3, 0
2613362, 0, 0
2613370, 1, 0
2613376, 2, 0
2613386, 3, 1
2613487, 0, 1
2613495, 1, 1
2613501, 2, 1
2613511, 3, 0
2613612, 0, 1
2613620, 1, 0
2613626, 2, bit 1
2613626, 2, 1
2613636, 3, 0
2613737, 0, 0
2613745, 1, 1
2613751, 2, 0
2613761, 3, 1
2613862, 0, 0
2613870, 1, bit 0
2613870, 1, 0
2613876, 2, 0
2613886, 3, 1
2613987, 0, 1
2613995, 1, 1
2614001, 2, 1
2614011, 3, 0
2614112, 0, 1
2614120, 1, 0
2614126, 2, 1
2614136, 3, 0
2614237, 0, 0
2614245, 1, 1
2614251, 2, 0
2614261, 3, 1
2614362, 0, 0
2614370, 1, 0
2614376, 2, 1
2614386, 3, bit 0
2614386, 3, 1
2614487, 0, 1
2614495, 1, 1
2614501, 2, 0
2614511, 3, 0
2614612, 0, 0
2614620, 1, 1
2614626, 2, 0
2614636, 3, 1
2614737, 0, 1
2614745, 1, 0
2614751, 2, 1
2614761, 3, 0
2614862, 0, bit 0
2614862, 0, 1
2614870, 1, 0
2614876, 2, 0
2614886, 3, 1
2614987, 0, 0
2614995, 1, 1
2615001, 2, 1
2615011, 3, 0
2615112, 0, 0
2615120, 1, 0
2615126, 2, 1
2615136, 3, 1
2615237, 0, 1
2615245, 1, 1
2615251, 2, 0
2615261, 3, 0
2615362, 0, 1
2615370, 1, 0
2615376, 2, bit 0
2615376, 2, 0
2615386, 3, 0
2615487, 0, 0
2615495, 1, 1
2615501, 2, 1
2615511, 3, 1
2615612, 0, 0
2615620, 1, bit 1
2615620, 1, 1
2615626, 2, 1
2615636, 3, 1
2615737, 0, 1
2615745, 1, 0
2615751, 2, 0
2615761, 3, 0
2615862, 0, 1
2615870, 1, 1
2615876, 2, 0
2615886, 3, 0
2615987, 0, 0
2615995, 1, 0
2616001, 2, 1
2616011, 3, 1
2616112, 0, 0
2616120, 1, 1
2616126, 2, 0
2616136, 3, bit 0
2616136, 3, 1
2616237, 0, 1
2616245, 1, 0
2616251, 2, 1
2616261, 3, 0
2616363, 0, 0
2616370, 1, 0
2616376, 2, 1
2616386, 3, 1
2616488, 0, 1
2616495, 1, 1
2616501, 2, 0
2616511, 3, 0
2616613, 0, bit 1
2616613, 0, 0
2616620, 1, 1
2616626, 2, 1
2616636, 3, 1
2616738, 0, 1
2616745, 1, 0
2616751, 2, 0
2616761, 3, 0
2616863, 0, 1
2616870, 1, 1
2616876, 2, 0
2616886, 3, 1
2616988, 0, 0
2616995, 1, 0
2617001, 2, 1
2617011, 3, 0
2617113, 0, 0
2617120, 1, 1
2617126, 2, bit 0
2617126, 2, 0
2617136, 3, 0
2617238, 0, 1
2617245, 1, 0
2617251, 2, 1
2617261, 3, 1
2617363, 0, 1
2617370, 1, bit 1
2617370, 1, 1
2617376, 2, 1
2617387, 3, 1
2617488, 0, 0
2617495, 1, 0
2617501, 2, 0
2617512, 3, 0
2617613, 0, 0
2617620, 1, 1
2617626, 2, 0
2617637, 3, 0
2617738, 0, 1
2617745, 1, 0
2617751, 2, 1
2617762, 3, 1
2617863, 0, 1
2617870, 1, 1
2617876, 2, 0
2617887, 3, bit 0
2617887, 3, 1
2617988, 0, 0
2617995, 1, 0
2618001, 2, 1
2618012, 3, 0
2618113, 0, 1
2618120, 1, 0
2618126, 2, 1
2618137, 3, 1
2618238, 0, 0
2618245, 1, 1
2618251, 2, 0
2618262, 3, 0
2618363, 0, bit 0
2618363, 0, 1
2618370, 1, 1
2618376, 2, 1
2618387, 3, 1
2618488, 0, 0
2618496, 1, 0
2618501, 2, 0
2618512, 3, 0
2618613, 0, 0
2618621, 1, 1
2618626, 2, 0
2618637, 3, 1
2618738, 0, 1
2618746, 1, 0
2618752, 2, 1
2618762, 3, 0
2618863, 0, 1
2618871, 1, 1
2618877, 2, bit 1
2618877, 2, 1
2618887, 3, 0
2618988, 0, 0
2618996, 1, 0
2619002, 2, 0
2619012, 3, 1
2619113, 0, 0
2619121, 1, bit 1
2619121, 1, 1
2619127, 2, 0
2619137, 3, 1
2619238, 0, 1
2619246, 1, 0
2619252, 2, 1
2619262, 3, 0
2619363, 0, 1
2619371, 1, 1
2619377, 2, 1
2619387, 3, 0
2619488, 0, 0
2619496, 1, 0
2619502, 2, 0
2619512, 3, 1
2619613, 0, 0
2619621, 1, 1
2619627, 2, 1
2619637, 3, bit 0
2619637, 3, 1
2619738, 0, 1
2619746, 1, 0
2619752, 2, 0
2619762, 3, 0
2619863, 0, 0
2619871, 1, 0
2619877, 2, 0
2619887, 3, 1
2619988, 0, 1
2619996, 1, 1
2620002, 2, 1
2620012, 3, 0
2620113, 0, bit 1
2620113, 0, 0
2620121, 1, 1
2620127, 2, 0
2620137, 3, 1
2620238, 0, 1
2620246, 1, 0
2620252, 2, 1
2620262, 3, 0
2620363, 0, 1
2620371, 1, 1
2620377, 2, 1
2620387, 3, 1
2620488, 0, 0
2620496, 1, 0
2620502, 2, 0
2620512, 3, 0
2620613, 0, 0
2620621, 1, 1
2620627, 2, bit 0
2620627, 2, 0
2620637, 3, 0
2620738, 0, 1
2620746, 1, 0
2620752, 2, 1
2620762, 3, 1
2620863, 0, 1
2620871, 1, bit 0
2620871, 1, 0
2620877, 2, 1
2620887, 3, 1
2620988, 0, 0
2620996, 1, 1
2621002, 2, 0
2621012, 3, 0
2621113, 0, 0
2621121, 1, 0
2621127, 2, 0
2621137, 3, 0
2621238, 0, 1
2621246, 1, 1
2621252, 2, 1
2621262, 3, 1
2621363, 0, 1
2621371, 1, 0
2621377, 2, 0
2621387, 3, bit 0
2621387, 3, 1
2621488, 0, 0
2621496, 1, 1
2621502, 2, 1
2621512, 3, 0
2621613, 0, 1
2621621, 1, 1
2621627, 2, 1
2621637, 3, 1
2621739, 0, 0
2621746, 1, 0
2621752, 2, 0
2621762, 3, 0
2621864, 0, bit 0
2621864, 0, 1
2621871, 1, 0
2621877, 2, 1
2621887, 3, 1
2621989, 0, 0
2621996, 1, 1
2622002, 2, 0
2622012, 3, 0
2622114, 0, 0
2622121, 1, 0
2622127, 2, 0
2622137, 3, 1
2622239, 0, 1
2622246, 1, 1
2622252, 2, 1
2622262, 3, 0
2622364, 0, 1
2622371, 1, 0
2622377, 2, bit 0
2622377, 2, 0
2622387, 3, 0
2622489, 0, 0
2622496, 1, 1
2622502, 2, 1
2622512, 3, 1
2622614, 0, 0
2622621, 1, bit 0
2622621, 1, 0
2622627, 2, 1
2622637, 3, 1
2622739, 0, 1
2622746, 1, 1
2622752, 2, 0
2622763, 3, 0
2622864, 0, 1
2622871, 1, 0
2622877, 2, 0
2622888, 3, 0
2622989, 0, 0
2622996, 1, 1
2623002, 2, 1
2623013, 3, 1
2623114, 0, 0
2623121, 1, 0
2623127, 2, 0
2623138, 3, bit 1
2623138, 3, 0
2623239, 0, 1
2623246, 1, 1
2623252, 2, 1
2623263, 3, 1
2623364, 0, 0
2623371, 1, 1
2623377, 2, 1
2623388, 3, 0
2623489, 0, 1
2623496, 1, 0
2623502, 2, 0
2623513, 3, 1
2623614, 0, bit 0
2623614, 0, 1
2623621, 1, 0
2623627, 2, 1
2623638, 3, 0
2623739, 0, 0
2623746, 1, 1
2623752, 2, 0
2623763, 3, 1
2623864, 0, 0
2623872, 1, 0
2623877, 2, 0
2623888, 3, 0
2623989, 0, 1
2623997, 1, 1
2624002, 2, 1
2624013, 3, 1
2624114, 0, 1
2624122, 1, 0
2624128, 2, bit 1
2624128, 2, 1
2624138, 3, 1
2624239, 0, 0
2624247, 1, 1
2624253, 2, 0
2624263, 3, 0
2624364, 0, 0
2624372, 1, bit 0
2624372, 1, 0
2624378, 2, 0
2624388, 3, 0
2624489, 0, 1
2624497, 1, 1
2624503, 2, 1
2624513, 3, 1
2624614, 0, 1
2624622, 1, 0
2624628, 2, 1
2624638, 3, 1
2624739, 0, 0
2624747, 1, 1
2624753, 2, 0
2624763, 3, 0
2624864, 0, 0
2624872, 1, 0
2624878, 2, 1
2624888, 3, bit 0
2624888, 3, 1
2624989, 0, 1
2624997, 1, 1
2625003, 2, 0
2625013, 3, 0
2625114, 0, 0
2625122, 1, 1
2625128, 2, 0
2625138, 3, 1
2625239, 0, 1
2625247, 1, 0
2625253, 2, 1
2625263, 3, 0
2625364, 0, bit 1
2625364, 0, 0
2625372, 1, 0
2625378, 2, 0
2625388, 3, 1
2625489, 0, 1
2625497, 1, 1
2625503, 2, 1
2625513, 3, 0
2625614, 0, 1
2625622, 1, 0
2625628, 2, 1
2625638, 3, 1
2625739, 0, 0
2625747, 1, 1
2625753, 2, 0
2625763, 3, 0
2625864, 0, 0
2625872, 1, 0
2625878, 2, bit 1
2625878, 2, 1
2625888, 3, 0
2625989, 0, 1
2625997, 1, 1
2626003, 2, 0
2626013, 3, 1
2626114, 0, 1
2626122, 1, bit 0
2626122, 1, 0
2626128, 2, 0
2626138, 3, 1
2626239, 0, 0
2626247, 1, 1
2626253, 2, 1
2626263, 3, 0
2626364, 0, 0
2626372, 1, 0
2626378, 2, 1
2626388, 3, 0
2626489, 0, 1
2626497, 1, 1
2626503, 2, 0
2626513, 3, 1
2626614, 0, 1
2626622, 1, 0
2626628, 2, 1
2626638, 3, bit 1
2626638, 3, 0
2626739, 0, 0
2626747, 1, 1
2626753, 2, 0
2626763, 3, 1
2626864, 0, 1
2626872, 1, 1
2626878, 2, 0
2626888, 3, 0
2626989, 0, 0
2626997, 1, 0
2627003, 2, 1
2627013, 3, 1
2627115, 0, bit 0
2627115, 0, 1
2627122, 1, 0
2627128, 2, 0
2627138, 3, 0
2627240, 0, 0
2627247, 1, 1
2627253, 2, 1
2627263, 3, 1
2627365, 0, 0
2627372, 1, 0
2627378, 2, 1
2627388, 3, 0
2627490, 0, 1
2627497, 1, 1
2627503, 2, 0
2627513, 3, 1
2627615, 0, 1
2627625, 1, 0
2627628, 2, bit 0
2627628, 2, 0
2627638, 3, 1
2627740, 0, 0
2627750, 1, 1
2627753, 2, 1
2627763, 3, 0
2627865, 0, 0
2627875, 1, bit 0
2627875, 1, 0
2627878, 2, 1
2627888, 3, 0
2627990, 0, 1
2628000, 1, 1
2628003, 2, 0
2628013, 3, 1
2628115, 0, 1
2628125, 1, 0
2628128, 2, 0
2628139, 3, 1
2628240, 0, 0
2628250, 1, 1
2628253, 2, 1
2628264, 3, 0
2628365, 0, 0
2628375, 1, 0
2628378, 2, 0
2628389, 3, bit 0
2628389, 3, 1
2628490, 0, 1
2628500, 1, 1
2628503, 2, 1
2628514, 3, 0
2628615, 0, 0
2628625, 1, 1
2628628, 2, 1
2628639, 3, 1
2628740, 0, 1
2628750, 1, 0
2628753, 2, 0
2628764, 3, 0
2628865, 0, bit 0
2628865, 0, 1
2628875, 1, 0
2628878, 2, 1
2628889, 3, 1
2628990, 0, 0
2629000, 1, 1
2629003, 2, 0
2629014, 3, 0
2629115, 0, 0
2629125, 1, 0
2629128, 2, 0
2629139, 3, 1
2629240, 0, 1
2629250, 1, 1
2629253, 2, 1
2629264, 3, 0
2629365, 0, 1
2629376, 1, 0
2629378, 2, bit 0
2629378, 2, 0
2629389, 3, 0
2629490, 0, 0
2629501, 1, 1
2629504, 2, 1
2629514, 3, 1
2629615, 0, 0
2629626, 1, bit 1
2629626, 1, 1
2629629, 2, 1
2629639, 3, 1
2629740, 0, 1
2629751, 1, 0
2629754, 2, 0
2629764, 3, 0
2629865, 0, 1
2629876, 1, 1
2629879, 2, 0
2629889, 3, 0
2629990, 0, 0
2630001, 1, 0
2630004, 2, 1
2630014, 3, 1
2630115, 0, 0
2630126, 1, 1
2630129, 2, 0
2630139, 3, bit 1
2630139, 3, 0
2630240, 0, 1
2630251, 1, 0
2630254, 2, 1
2630264, 3, 1
2630365, 0, 0
2630376, 1, 0
2630379, 2, 1
2630389, 3, 0
2630490, 0, 1
2630501, 1, 1
2630504, 2, 0
2630514, 3, 1
2630615, 0, bit 0
2630615, 0, 1
2630626, 1, 1
2630629, 2, 1
2630639, 3, 0
2630740, 0, 0
2630751, 1, 0
2630754, 2, 0
2630764, 3, 1
2630865, 0, 0
2630876, 1, 1
2630879, 2, 0
2630889, 3, 0
2630990, 0, 1
2631001, 1, 0
2631004, 2, 1
2631014, 3, 1
2631115, 0, 1
2631126, 1, 1
2631129, 2, bit 1
2631129, 2, 1
2631139, 3, 1
2631240, 0, 0
2631251, 1, 0
2631254, 2, 0
2631264, 3, 0
2631365, 0, 0
2631376, 1, bit 1
2631376, 1, 1
2631379, 2, 0
2631389, 3, 0
2631490, 0, 1
2631501, 1, 0
2631504, 2, 1
2631514, 3, 1
2631615, 0, 1
2631626, 1, 1
2631629, 2, 1
2631639, 3, 1
2631740, 0, 0
2631751, 1, 0
2631754, 2, 0
2631764, 3, 0
2631865, 0, 0
2631876, 1, 1
2631879, 2, 1
2631889, 3, bit 1
2631889, 3, 0
2631990, 0, 1
2632001, 1, 0
2632004, 2, 0
2632014, 3, 1
2632115, 0, 0
2632126, 1, 0
2632129, 2, 0
2632139, 3, 0
2632240, 0, 1
2632251, 1, 1
2632254, 2, 1
2632264, 3, 1
2632365, 0, bit 1
2632365, 0, 0
2632376, 1, 1
2632379, 2, 0
2632389, 3, 0
2632491, 0, 1
2632501, 1, 0
2632504, 2, 1
2632514, 3, 1
2632616, 0, 1
2632626, 1, 1
2632629, 2, 1
2632639, 3, 0
2632741, 0, 0
2632751, 1, 0
2632754, 2, 0
2632764, 3, 1
2632866, 0, 0
2632876, 1, 1
2632879, 2, bit 0
2632879, 2, 0
2632889, 3, 1
2632991, 0, 1
2633001, 1, 0
2633004, 2, 1
2633014, 3, 0
2633116, 0, 1
2633126, 1, bit 0
2633126, 1, 0
2633129, 2, 1
2633139, 3, 0
2633241, 0, 0
2633251, 1, 1
2633254, 2, 0
2633264, 3, 1
2633366, 0, 0
2633376, 1, 0
2633379, 2, 0
2633389, 3, 1
2633491, 0, 1
2633501, 1, 1
2633504, 2, 1
2633515, 3, 0
2633616, 0, 1
2633626, 1, 0
2633629, 2, 0
2633640, 3, bit 1
2633640, 3, 0
2633741, 0, 0
2633751, 1, 1
2633754, 2, 1
2633765, 3, 1
2633866, 0, 1
2633876, 1, 1
2633879, 2, 1
2633890, 3, 0
2633991, 0, 0
2634001, 1, 0
2634004, 2, 0
2634015, 3, 1
2634116, 0, bit 0
2634116, 0, 1
2634126, 1, 0
2634129, 2, 1
2634140, 3, 0
2634241, 0, 0
2634251, 1, 1
2634254, 2, 0
2634265, 3, 1
2634366, 0, 0
2634376, 1, 0
2634379, 2, 0
2634390, 3, 0
2634491, 0, 1
2634501, 1, 1
2634504, 2, 1
2634515, 3, 1
2634616, 0, 1
2634626, 1, 0
2634629, 2, bit 0
2634629, 2, 0
2634640, 3, 1
2634741, 0, 0
2634752, 1, 1
2634754, 2, 1
2634765, 3, 0
2634866, 0, 0
2634877, 1, bit 0
2634877, 1, 0
2634880, 2, 1
2634890, 3, 0
2634991, 0, 1
2635002, 1, 1
2635005, 2, 0
2635015, 3, 1
2635116, 0, 1
2635127, 1, 0
2635130, 2, 0
2635140, 3, 1
2635241, 0, 0
2635252, 1, 1
2635255, 2, 1
2635265, 3, 0
2635366, 0, 0
2635377, 1, 0
2635380, 2, 0
2635390, 3, bit 0
2635394, 3, 1
2635491, 0, 1
2635502, 1, 1
2635505, 2, 1
2635515, 3, 0
2635616, 0, 0
2635627, 1, 1
2635630, 2, 1
2635640, 3, 1
2635741, 0, 1
2635752, 1, 0
2635755, 2, 0
2635765, 3, 0
2635866, 0, bit 1
2635866, 0, 0
2635877, 1, 0
2635880, 2, 1
2635890, 3, 1
2635991, 0, 1
2636002, 1, 1
2636005, 2, 0
2636015, 3, 0
2636116, 0, 1
2636127, 1, 0
2636130, 2, 0
2636140, 3, 1
2636241, 0, 0
2636252, 1, 1
2636255, 2, 1
2636265, 3, 0
2636366, 0, 0
2636377, 1, 0
2636380, 2, bit 0
2636383, 2, 0
2636390, 3, 0
2636491, 0, 1
2636502, 1, 1
2636505, 2, 1
2636515, 3, 1
2636616, 0, 1
2636627, 1, bit 1
2636627, 1, 1
2636630, 2, 1
2636640, 3, 1
2636741, 0, 0
2636752, 1, 0
2636755, 2, 0
2636765, 3, 0
2636866, 0, 0
2636877, 1, 1
2636880, 2, 0
2636890, 3, 0
2636991, 0, 1
2637002, 1, 0
2637005, 2, 1
2637015, 3, 1
2637116, 0, 1
2637127, 1, 1
2637130, 2, 0
2637140, 3, bit 0
2637140, 3, 1
2637241, 0, 0
2637252, 1, 0
2637255, 2, 1
2637265, 3, 0
2637366, 0, 1
2637377, 1, 0
2637380, 2, 1
2637390, 3, 1
2637491, 0, 0
2637502, 1, 1
2637505, 2, 0
2637515, 3, 0
2637616, 0, bit 0
2637616, 0, 1
2637627, 1, 1
2637630, 2, 1
2637640, 3, 1
2637741, 0, 0
2637752, 1, 0
2637755, 2, 0
2637765, 3, 0
2637867, 0, 0
2637877, 1, 1
2637880, 2, 0
2637890, 3, 1
2637992, 0, 1
2638002, 1, 0
2638005, 2, 1
2638015, 3, 0
2638117, 0, 1
2638127, 1, 1
2638130, 2, bit 0
2638130, 2, 0
2638140, 3, 0
2638242, 0, 0
2638252, 1, 0
2638255, 2, 1
2638265, 3, 1
2638367, 0, 0
2638377, 1, bit 1
2638377, 1, 1
2638380, 2, 1
2638390, 3, 1
2638492, 0, 1
2638502, 1, 0
2638505, 2, 0
2638515, 3, 0
2638617, 0, 1
2638627, 1, 1
2638630, 2, 0
2638640, 3, 0
2638742, 0, 0
2638752, 1, 0
2638755, 2, 1
2638765, 3, 1
2638867, 0, 0
2638877, 1, 1
2638880, 2, 0
2638891, 3, bit 0
2638891, 3, 1
2638992, 0, 1
2639002, 1, 0
2639005, 2, 1
2639016, 3, 0
2639117, 0, 0
2639127, 1, 0
2639130, 2, 1
2639141, 3, 1
2639242, 0, 1
2639252, 1, 1
2639255, 2, 0
2639266, 3, 0
2639367, 0, bit 1
2639370, 0, 0
2639377, 1, 1
2639380, 2, 1
2639391, 3, 1
2639492, 0, 1
2639502, 1, 0
2639505, 2, 0
2639516, 3, 0
2639617, 0, 1
2639627, 1, 1
2639630, 2, 0
2639641, 3, 1
2639742, 0, 0
2639752, 1, 0
2639755, 2, 1
2639766, 3, 0
2639867, 0, 0
2639877, 1, 1
2639880, 2, bit 1
2639880, 2, 1
2639891, 3, 0
2639992, 0, 1
2640002, 1, 0
2640005, 2, 0
2640016, 3, 1
2640117, 0, 1
2640128, 1, bit 0
2640128, 1, 0
2640130, 2, 0
2640141, 3, 1
2640242, 0, 0
2640253, 1, 1
2640256, 2, 1
2640266, 3, 0
2640367, 0, 0
2640378, 1, 0
2640381, 2, 1
2640391, 3, 0
2640492, 0, 1
2640503, 1, 1
2640506, 2, 0
2640516, 3, 1
2640617, 0, 1
2640628, 1, 0
2640631, 2, 1
2640641, 3, bit 0
2640641, 3, 1
2640742, 0, 0
2640753, 1, 1
2640756, 2, 0
2640766, 3, 0
2640867, 0, 1
2640878, 1, 1
2640881, 2, 0
2640891, 3, 1
2640992, 0, 0
2641003, 1, 0
2641006, 2, 1
2641016, 3, 0
2641117, 0, bit 0
2641117, 0, 1
2641128, 1, 0
2641131, 2, 0
2641141, 3, 1
2641242, 0, 0
2641253, 1, 1
2641256, 2, 1
2641266, 3, 0
2641367, 0, 0
2641378, 1, 0
2641381, 2, 1
2641391, 3, 1
2641492, 0, 1
2641503, 1, 1
2641506, 2, 0
2641516, 3, 0
2641617, 0, 1
2641628, 1, 0
2641631, 2, bit 1
2641631, 2, 1
2641641, 3, 0
2641742, 0, 0
2641753, 1, 1
2641756, 2, 0
2641766, 3, 1
2641867, 0, 0
2641878, 1, bit 1
2641878, 1, 1
2641881, 2, 0
2641891, 3, 1
2641992, 0, 1
2642003, 1, 0
2642006, 2, 1
2642016, 3, 0
2642117, 0, 1
2642128, 1, 1
2642131, 2, 1
2642141, 3, 0
2642242, 0, 0
2642253, 1, 0
2642256, 2, 0
2642266, 3, 1
2642367, 0, 0
2642378, 1, 1
2642381, 2, 1
2642391, 3, bit 1
2642391, 3, 0
2642492, 0, 1
2642503, 1, 0
2642506, 2, 0
2642516, 3, 1
2642617, 0, 0
2642628, 1, 0
2642631, 2, 0
2642641, 3, 0
2642742, 0, 1
2642753, 1, 1
2642756, 2, 1
2642766, 3, 1
2642867, 0, bit 0
2642867, 0, 1
2642878, 1, 1
2642881, 2, 0
2642891, 3, 0
2642992, 0, 0
2643003, 1, 0
2643006, 2, 1
2643016, 3, 1
2643117, 0, 0
2643128, 1, 1
2643131, 2, 1
2643141, 3, 0
2643243, 0, 1
2643253, 1, 0
2643256, 2, 0
2643266, 3, 1
2643368, 0, 1
2643378, 1, 1
2643381, 2, bit 1
2643381, 2, 1
2643391, 3, 1
2643493, 0, 0
2643503, 1, 0
2643506, 2, 0
2643516, 3, 0
2643618, 0, 0
2643628, 1, bit 0
2643628, 1, 0
2643631, 2, 0
2643641, 3, 0
2643743, 0, 1
2643753, 1, 1
2643756, 2, 1
2643766, 3, 1
2643868, 0, 1
2643878, 1, 0
2643881, 2, 1
2643891, 3, 1
2643993, 0, 0
2644003, 1, 1
2644006, 2, 0
2644016, 3, 0
2644118, 0, 0
2644128, 1, 0
2644131, 2, 1
2644141, 3, bit 0
2644141, 3, 1
2644243, 0, 1
2644253, 1, 1
2644256, 2, 0
2644267, 3, 0
2644368, 0, 0
2644378, 1, 1
2644381, 2, 0
2644392, 3, 1
2644493, 0, 1
2644503, 1, 0
2644506, 2, 1
2644517, 3, 0
2644618, 0, bit 0
2644618, 0, 1
2644628, 1, 0
2644631, 2, 0
2644642, 3, 1
2644743, 0, 0
2644753, 1, 1
2644756, 2, 1
2644767, 3, 0
2644868, 0, 0
2644878, 1, 0
2644881, 2, 1
2644892, 3, 1
2644993, 0, 1
2645003, 1, 1
2645006, 2, 0
2645017, 3, 0
2645118, 0, 1
2645128, 1, 0
2645131, 2, bit 1
2645131, 2, 1
2645142, 3, 0
2645243, 0, 0
2645253, 1, 1
2645256, 2, 0
2645267, 3, 1
2645368, 0, 0
2645378, 1, bit 0
2645378, 1, 0
2645381, 2, 0
2645392, 3, 1
2645493, 0, 1
2645504, 1, 1
2645506, 2, 1
2645517, 3, 0
2645618, 0, 1
2645629, 1, 0
2645632, 2, 1
2645642, 3, 0
2645743, 0, 0
2645754, 1, 1
2645757, 2, 0
2645767, 3, 1
2645868, 0, 0
2645879, 1, 0
2645882, 2, 1
2645892, 3, bit 1
2645892, 3, 0
2645993, 0, 1
2646004, 1, 1
2646007, 2, 0
2646017, 3, 1
2646118, 0, 0
2646129, 1, 1
2646132, 2, 0
2646142, 3, 0
2646243, 0, 1
2646254, 1, 0
2646257, 2, 1
2646267, 3, 1
2646368, 0, bit 0
2646368, 0, 1
2646379, 1, 0
2646382, 2, 0
2646392, 3, 0
2646493, 0, 0
2646504, 1, 1
2646507, 2, 1
2646517, 3, 1
2646618, 0, 0
2646629, 1, 0
2646632, 2, 1
2646642, 3, 0
2646743, 0, 1
2646754, 1, 1
2646757, 2, 0
2646767, 3, 1
2646868, 0, 1
2646879, 1, 0
2646882, 2, bit 1
2646882, 2, 1
2646892, 3, 1
2646993, 0, 0
2647004, 1, 1
2647007, 2, 0
2647017, 3, 0
2647118, 0, 0
2647129, 1, bit 1
2647129, 1, 1
2647132, 2, 0
2647142, 3, 0
2647243, 0, 1
2647254, 1, 0
2647257, 2, 1
2647267, 3, 1
2647368, 0, 1
2647379, 1, 1
2647382, 2, 1
2647392, 3, 1
2647493, 0, 0
2647504, 1, 0
2647507, 2, 0
2647517, 3, 0
2647618, 0, 0
2647629, 1, 1
2647632, 2, 1
2647642, 3, bit 0
2647642, 3, 1
2647743, 0, 1
2647754, 1, 0
2647757, 2, 0
2647767, 3, 0
2647868, 0, 0
2647879, 1, 0
2647882, 2, 0
2647892, 3, 1
2647993, 0, 1
2648004, 1, 1
2648007, 2, 1
2648017, 3, 0
2648118, 0, bit 1
2648118, 0, 0
2648129, 1, 1
2648132, 2, 0
2648142, 3, 1
2648243, 0, 1
2648254, 1, 0
2648257, 2, 1
2648267, 3, 0
2648368, 0, 1
2648379, 1, 1
2648382, 2, 1
2648392, 3, 1
2648493, 0, 0
2648504, 1, 0
2648507, 2, 0
2648517, 3, 0
2648619, 0, 0
2648629, 1, 1
2648632, 2, bit 0
2648632, 2, 0
2648642, 3, 0
2648744, 0, 1
2648754, 1, 0
2648757, 2, 1
2648767, 3, 1
2648869, 0, 1
2648879, 1, bit 0
2648879, 1, 0
2648882, 2, 1
2648892, 3, 1
2648994, 0, 0
2649004, 1, 1
2649007, 2, 0
2649017, 3, 0
2649119, 0, 0
2649129, 1, 0
2649132, 2, 0
2649142, 3, 0
2649244, 0, 1
2649254, 1, 1
2649257, 2, 1
2649267, 3, 1
2649369, 0, 1
2649379, 1, 0
2649382, 2, 0
2649392, 3, bit 0
2649392, 3, 1
2649494, 0, 0
2649504, 1, 1
2649507, 2, 1
2649517, 3, 0
2649619, 0, 1
2649629, 1, 1
2649632, 2, 1
2649643, 3, 1
2649744, 0, 0
2649754, 1, 0
2649757, 2, 0
2649768, 3, 0
2649869, 0, bit 1
2649869, 0, 0
2649879, 1, 0
2649882, 2, 1
2649893, 3, 1
2649994, 0, 1
2650004, 1, 1
2650007, 2, 0
2650018, 3, 0
2650119, 0, 1
2650129, 1, 0
2650132, 2, 0
2650143, 3, 1
2650244, 0, 0
2650254, 1, 1
2650257, 2, 1
2650268, 3, 0
2650369, 0, 0
2650379, 1, 0
2650382, 2, bit 1
2650382, 2, 1
2650393, 3, 0
2650494, 0, 1
2650504, 1, 1
2650507, 2, 0
2650518, 3, 1
2650619, 0, 1
2650629, 1, bit 1
2650629, 1, 1
2650632, 2, 0
2650643, 3, 1
2650744, 0, 0
2650754, 1, 0
2650757, 2, 1
2650768, 3, 0
2650869, 0, 0
2650880, 1, 1
2650882, 2, 1
2650893, 3, 0
2650994, 0, 1
2651005, 1, 0
2651008, 2, 0
2651018, 3, 1
2651119, 0, 1
2651130, 1, 1
2651133, 2, 1
2651143, 3, bit 0
2651143, 3, 1
2651244, 0, 0
2651255, 1, 0
2651258, 2, 0
2651268, 3, 0
2651369, 0, 1
2651380, 1, 0
2651383, 2, 0
2651393, 3, 1
2651494, 0, 0
2651505, 1, 1
2651508, 2, 1
2651518, 3, 0
2651619, 0, bit 0
2651619, 0, 1
2651630, 1, 1
2651633, 2, 0
2651643, 3, 1
2651744, 0, 0
2651755, 1, 0
2651758, 2, 1
2651768, 3, 0
2651869, 0, 0
2651880, 1, 1
2651883, 2, 1
2651893, 3, 1
2651994, 0, 1
2652005, 1, 0
2652008, 2, 0
2652018, 3, 0
2652119, 0, 1
2652130, 1, 1
2652133, 2, bit 0
2652133, 2, 0
2652143, 3, 0
2652244, 0, 0
2652255, 1, 0
2652258, 2, 1
2652268, 3, 1
2652369, 0, 0
2652380, 1, bit 0
2652380, 1, 0
2652383, 2, 1
2652393, 3, 1
2652494, 0, 1
2652505, 1, 1
2652508, 2, 0
2652518, 3, 0
2652619, 0, 1
2652630, 1, 0
2652633, 2, 0
2652643, 3, 0
2652744, 0, 0
2652755, 1, 1
2652758, 2, 1
2652768, 3, 1
2652869, 0, 0
2652880, 1, 0
2652883, 2, 0
2652893, 3, bit 1
2652893, 3, 0
2652994, 0, 1
2653005, 1, 1
2653008, 2, 1
2653018, 3, 1
2653119, 0, 0
2653130, 1, 1
2653133, 2, 1
2653143, 3, 0
2653244, 0, 1
2653255, 1, 0
2653258, 2, 0
2653268, 3, 1
2653369, 0, bit 0
2653369, 0, 1
2653380, 1, 0
2653383, 2, 1
2653393, 3, 0
2653494, 0, 0
2653505, 1, 1
2653508, 2, 0
2653518, 3, 1
2653619, 0, 0
2653630, 1, 0
2653633, 2, 0
2653643, 3, 0
2653744, 0, 1
2653755, 1, 1
2653758, 2, 1
2653768, 3, 1
2653869, 0, 1
2653880, 1, 0
2653883, 2, bit 0
2653883, 2, 0
2653893, 3, 1
2653995, 0, 0
2654005, 1, 1
2654008, 2, 1
2654018, 3, 0
2654120, 0, 0
2654130, 1, bit 1
2654130, 1, 1
2654133, 2, 1
2654143, 3, 0
2654245, 0, 1
2654255, 1, 0
2654258, 2, 0
2654268, 3, 1
2654370, 0, 1
2654380, 1, 1
2654383, 2, 0
2654393, 3, 1
2654495, 0, 0
2654505, 1, 0
2654508, 2, 1
2654518, 3, 0
2654620, 0, 0
2654630, 1, 1
2654633, 2, 0
2654643, 3, bit 1
2654643, 3, 0
2654745, 0, 1
2654755, 1, 0
2654758, 2, 1
2654768, 3, 1
2654870, 0, 0
2654880, 1, 0
2654883, 2, 1
2654893, 3, 0
2654995, 0, 1
2655005, 1, 1
2655008, 2, 0
2655019, 3, 1
2655120, 0, bit 0
2655120, 0, 1
2655130, 1, 1
2655133, 2, 1
2655144, 3, 0
2655245, 0, 0
2655255, 1, 0
2655258, 2, 0
2655269, 3, 1
2655370, 0, 0
2655380, 1, 1
2655383, 2, 0
2655394, 3, 0
2655495, 0, 1
2655505, 1, 0
2655508, 2, 1
2655519, 3, 1
2655620, 0, 1
2655630, 1, 1
2655633, 2, bit 1
2655633, 2, 1
2655644, 3, 1
2655745, 0, 0
2655755, 1, 0
2655758, 2, 0
2655769, 3, 0
2655870, 0, 0
2655880, 1, bit 0
2655880, 1, 0
2655883, 2, 0
2655894, 3, 0
2655995, 0, 1
2656005, 1, 1
2656008, 2, 1
2656019, 3, 1
2656120, 0, 1
2656130, 1, 0
2656133, 2, 1
2656144, 3, 1
2656245, 0, 0
2656256, 1, 1
2656258, 2, 0
2656269, 3, 0
2656370, 0, 0
2656381, 1, 0
2656384, 2, 1
2656394, 3, bit 1
2656394, 3, 0
2656495, 0, 1
2656506, 1, 1
2656509, 2, 0
2656519, 3, 1
2656620, 0, 0
2656631, 1, 1
2656634, 2, 0
2656644, 3, 0
2656745, 0, 1
2656756, 1, 0
2656759, 2, 1
2656769, 3, 1
2656870, 0, bit 0
2656870, 0, 1
2656881, 1, 0
2656884, 2, 0
2656894, 3, 0
2656995, 0, 0
2657006, 1, 1
2657009, 2, 1
2657019, 3, 1
2657120, 0, 0
2657131, 1, 0
2657134, 2, 1
2657144, 3, 0
2657245, 0, 1
2657256, 1, 1
2657259, 2, 0
2657269, 3, 1
2657370, 0, 1
2657381, 1, 0
2657384, 2, bit 1
2657384, 2, 1
2657394, 3, 1
2657495, 0, 0
2657506, 1, 1
2657509, 2, 0
2657519, 3, 0
2657620, 0, 0
2657631, 1, bit 1
2657631, 1, 1
2657634, 2, 0
2657644, 3, 0
2657745, 0, 1
2657756, 1, 0
2657759, 2, 1
2657769, 3, 1
2657870, 0, 1
2657881, 1, 1
2657884, 2, 1
2657894, 3, 1
2657995, 0, 0
2658006, 1, 0
2658009, 2, 0
2658019, 3, 0
2658120, 0, 0
2658131, 1, 1
2658134, 2, 1
2658144, 3, bit 0
2658144, 3, 1
2658245, 0, 1
2658256, 1, 0
2658259, 2, 0
2658269, 3, 0
2658370, 0, 0
2658381, 1, 0
2658384, 2, 0
2658394, 3, 1
2658495, 0, 1
2658506, 1, 1
2658509, 2, 1
2658519, 3, 0
2658620, 0, bit 1
2658620, 0, 0
2658631, 1, 1
2658634, 2, 0
2658644, 3, 1
2658745, 0, 1
2658756, 1, 0
2658759, 2, 1
2658769, 3, 0
2658870, 0, 1
2658881, 1, 1
2658891, 2, 1
2658894, 3, 1
2658995, 0, 0
2659006, 1, 0
2659016, 2, 0
2659019, 3, 0
2659120, 0, 0
2659131, 1, 1
2659141, 2, bit 0
2659141, 2, 0
2659144, 3, 0
2659245, 0, 1
2659256, 1, 0
2659266, 2, 1
2659269, 3, 1
2659371, 0, 1
2659381, 1, bit 1
2659381, 1, 1
2659391, 2, 1
2659394, 3, 1
2659496, 0, 0
2659506, 1, 0
2659516, 2, 0
2659519, 3, 0
2659621, 0, 0
2659631, 1, 1
2659641, 2, 0
2659644, 3, 0
2659746, 0, 1
2659756, 1, 0
2659766, 2, 1
2659769, 3, 1
2659871, 0, 1
2659881, 1, 1
2659891, 2, 0
2659894, 3, bit 1
2659894, 3, 0
2659996, 0, 0
2660006, 1, 0
2660016, 2, 1
2660019, 3, 1
2660121, 0, 1
2660131, 1, 0
2660141, 2, 1
2660144, 3, 0
2660246, 0, 0
2660256, 1, 1
2660267, 2, 0
2660269, 3, 1
2660371, 0, bit 1
2660371, 0, 0
2660381, 1, 1
2660392, 2, 1
2660395, 3, 0
2660496, 0, 1
2660506, 1, 0
2660517, 2, 0
2660520, 3, 1
2660621, 0, 1
2660631, 1, 1
2660642, 2, 0
2660645, 3, 0
2660746, 0, 0
2660756, 1, 0
2660767, 2, 1
2660770, 3, 1
2660871, 0, 0
2660881, 1, 1
2660892, 2, bit 0
2660892, 2, 0
2660895, 3, 1
2660996, 0, 1
2661006, 1, 0
2661017, 2, 1
2661020, 3, 0
2661121, 0, 1
2661131, 1, bit 1
2661131, 1, 1
2661142, 2, 1
2661145, 3, 0
2661246, 0, 0
2661256, 1, 0
2661267, 2, 0
2661270, 3, 1
2661371, 0, 0
2661381, 1, 1
2661392, 2, 0
2661395, 3, 1
2661496, 0, 1
2661506, 1, 0
2661517, 2, 1
2661520, 3, 0
2661621, 0, 1
2661632, 1, 1
2661642, 2, 0
2661645, 3, bit 1
2661645, 3, 0
2661746, 0, 0
2661757, 1, 0
2661767, 2, 1
2661770, 3, 1
2661871, 0, 1
2661882, 1, 0
2661892, 2, 1
2661895, 3, 0
2661996, 0, 0
2662007, 1, 1
2662017, 2, 0
2662020, 3, 1
2662121, 0, bit 0
2662121, 0, 1
2662132, 1, 1
2662142, 2, 1
2662145, 3, 0
2662246, 0, 0
2662257, 1, 0
2662267, 2, 0
2662270, 3, 1
2662371, 0, 0
2662382, 1, 1
2662392, 2, 0
2662395, 3, 0
2662496, 0, 1
2662507, 1, 0
2662517, 2, 1
2662520, 3, 1
2662621, 0, 1
2662632, 1, 1
2662642, 2, bit 1
2662642, 2, 1
2662645, 3, 1
2662746, 0, 0
2662757, 1, 0
2662767, 2, 0
2662770, 3, 0
2662871, 0, 0
2662882, 1, bit 0
2662882, 1, 0
2662892, 2, 0
2662895, 3, 0
2662996, 0, 1
2663007, 1, 1
2663017, 2, 1
2663020, 3, 1
2663121, 0, 1
2663132, 1, 0
2663142, 2, 1
2663145, 3, 1
2663246, 0, 0
2663257, 1, 1
2663267, 2, 0
2663270, 3, 0
2663371, 0, 0
2663382, 1, 0
2663392, 2, 1
2663395, 3, bit 0
2663395, 3, 1
2663496, 0, 1
2663507, 1, 1
2663517, 2, 0
2663520, 3, 0
2663621, 0, 0
2663632, 1, 1
2663642, 2, 0
2663645, 3, 1
2663746, 0, 1
2663757, 1, 0
2663767, 2, 1
2663770, 3, 0
2663871, 0, bit 1
2663871, 0, 0
2663882, 1, 0
2663892, 2, 0
2663895, 3, 1
2663996, 0, 1
2664007, 1, 1
2664017, 2, 1
2664020, 3, 0
2664121, 0, 1
2664132, 1, 0
2664142, 2, 1
2664145, 3, 1
2664246, 0, 0
2664257, 1, 1
2664267, 2, 0
2664270, 3, 0
2664371, 0, 0
2664382, 1, 0
2664392, 2, bit 0
2664392, 2, 0
2664395, 3, 0
2664496, 0, 1
2664507, 1, 1
2664517, 2, 1
2664520, 3, 1
2664621, 0, 1
2664632, 1, bit 1
2664632, 1, 1
2664642, 2, 1
2664645, 3, 1
2664747, 0, 0
2664757, 1, 0
2664767, 2, 0
2664770, 3, 0
2664872, 0, 0
2664882, 1, 1
2664892, 2, 0
2664895, 3, 0
2664997, 0, 1
2665007, 1, 0
2665017, 2, 1
2665020, 3, 1
2665122, 0, 1
2665132, 1, 1
2665142, 2, 0
2665145, 3, bit 0
2665145, 3, 1
2665247, 0, 0
2665257, 1, 0
2665267, 2, 1
2665270, 3, 0
2665372, 0, 1
2665382, 1, 0
2665392, 2, 1
2665395, 3, 1
2665497, 0, 0
2665507, 1, 1
2665517, 2, 0
2665520, 3, 0
2665622, 0, bit 1
2665622, 0, 0
2665632, 1, 1
2665643, 2, 1
2665645, 3, 1
2665747, 0, 1
2665757, 1, 0
2665768, 2, 0
2665771, 3, 0
2665872, 0, 1
2665882, 1, 1
2665893, 2, 0
2665896, 3, 1
2665997, 0, 0
2666007, 1, 0
2666018, 2, 1
2666021, 3, 0
2666122, 0, 0
2666132, 1, 1
2666143, 2, bit 1
2666143, 2, 1
2666146, 3, 0
2666247, 0, 1
2666257, 1, 0
2666268, 2, 0
2666271, 3, 1
2666372, 0, 1
2666382, 1, bit 0
2666382, 1, 0
2666393, 2, 0
2666396, 3, 1
2666497, 0, 0
2666507, 1, 1
2666518, 2, 1
2666521, 3, 0
2666622, 0, 0
2666632, 1, 0
2666643, 2, 1
2666646, 3, 0
2666747, 0, 1
2666757, 1, 1
2666768, 2, 0
2666771, 3, 1
2666872, 0, 1
2666882, 1, 0
2666893, 2, 1
2666896, 3, bit 0
2666896, 3, 1
2666997, 0, 0
2667008, 1, 1
2667018, 2, 0
2667021, 3, 0
2667122, 0, 1
2667133, 1, 1
2667143, 2, 0
2667146, 3, 1
2667247, 0, 0
2667258, 1, 0
2667268, 2, 1
2667271, 3, 0
2667372, 0, bit 1
2667372, 0, 0
2667383, 1, 0
2667393, 2, 0
2667396, 3, 1
2667497, 0, 1
2667508, 1, 1
2667518, 2, 1
2667521, 3, 0
2667622, 0, 1
2667633, 1, 0
2667643, 2, 1
2667646, 3, 1
2667747, 0, 0
2667758, 1, 1
2667768, 2, 0
2667771, 3, 0
2667872, 0, 0
2667883, 1, 0
2667893, 2, bit 1
2667893, 2, 1
2667896, 3, 0
2667997, 0, 1
2668008, 1, 1
2668018, 2, 0
2668021, 3, 1
2668122, 0, 1
2668133, 1, bit 0
2668133, 1, 0
2668143, 2, 0
2668146, 3, 1
2668247, 0, 0
2668258, 1, 1
2668268, 2, 1
2668271, 3, 0
2668372, 0, 0
2668383, 1, 0
2668393, 2, 1
2668396, 3, 0
2668497, 0, 1
2668508, 1, 1
2668518, 2, 0
2668521, 3, 1
2668622, 0, 1
2668633, 1, 0
2668643, 2, 1
2668646, 3, bit 0
2668649, 3, 1
2668747, 0, 0
2668758, 1, 1
2668768, 2, 0
2668771, 3, 0
2668872, 0, 1
2668883, 1, 1
2668893, 2, 0
2668896, 3, 1
2668997, 0, 0
2669008, 1, 0
2669018, 2, 1
2669021, 3, 0
2669122, 0, bit 1
2669122, 0, 0
2669133, 1, 0
2669143, 2, 0
2669146, 3, 1
2669247, 0, 1
2669258, 1, 1
2669268, 2, 1
2669271, 3, 0
2669372, 0, 1
2669383, 1, 0
2669393, 2, 1
2669396, 3, 1
2669497, 0, 0
2669508, 1, 1
2669518, 2, 0
2669521, 3, 0
2669622, 0, 0
2669633, 1, 0
2669643, 2, bit 0
2669646, 2, 0
2669646, 3, 0
2669747, 0, 1
2669758, 1, 1
2669768, 2, 1
2669771, 3, 1
2669872, 0, 1
2669883, 1, bit 0
2669883, 1, 0
2669893, 2, 1
2669896, 3, 1
2669997, 0, 0
2670008, 1, 1
2670018, 2, 0
2670021, 3, 0
2670123, 0, 0
2670133, 1, 0
2670143, 2, 0
2670146, 3, 0
2670248, 0, 1
2670258, 1, 1
2670268, 2, 1
2670271, 3, 1
2670373, 0, 1
2670383, 1, 0
2670393, 2, 0
2670396, 3, bit 1
2670396, 3, 0
2670498, 0, 0
2670508, 1, 1
2670518, 2, 1
2670521, 3, 1
2670623, 0, 1
2670633, 1, 1
2670643, 2, 1
2670646, 3, 0
2670748, 0, 0
2670758, 1, 0
2670768, 2, 0
2670771, 3, 1
2670873, 0, bit 0
2670873, 0, 1
2670883, 1, 0
2670893, 2, 1
2670896, 3, 0
2670998, 0, 0
2671008, 1, 1
2671019, 2, 0
2671021, 3, 1
2671123, 0, 0
2671133, 1, 0
2671144, 2, 0
2671147, 3, 0
2671248, 0, 1
2671258, 1, 1
2671269, 2, 1
2671272, 3, 1
2671373, 0, 1
2671383, 1, 0
2671394, 2, bit 0
2671394, 2, 0
2671397, 3, 1
2671498, 0, 0
2671508, 1, 1
2671519, 2, 1
2671522, 3, 0
2671623, 0, 0
2671633, 1, bit 1
2671633, 1, 1
2671644, 2, 1
2671647, 3, 0
2671748, 0, 1
2671758, 1, 0
2671769, 2, 0
2671772, 3, 1
2671873, 0, 1
2671883, 1, 1
2671894, 2, 0
2671897, 3, 1
2671998, 0, 0
2672008, 1, 0
2672019, 2, 1
2672022, 3, 0
2672123, 0, 0
2672133, 1, 1
2672144, 2, 0
2672147, 3, bit 1
2672147, 3, 0
2672248, 0, 1
2672258, 1, 0
2672269, 2, 1
2672272, 3, 1
2672373, 0, 0
2672384, 1, 0
2672394, 2, 1
2672397, 3, 0
2672498, 0, 1
2672509, 1, 1
2672519, 2, 0
2672522, 3, 1
2672623, 0, bit 1
2672626, 0, 0
2672634, 1, 1
2672644, 2, 1
2672647, 3, 0
2672748, 0, 1
2672759, 1, 0
2672769, 2, 0
2672772, 3, 1
2672873, 0, 1
2672884, 1, 1
2672894, 2, 0
2672897, 3, 0
2672998, 0, 0
2673009, 1, 0
2673019, 2, 1
2673022, 3, 1
2673123, 0, 0
2673134, 1, 1
2673144, 2, bit 0
2673144, 2, 0
2673147, 3, 1
2673248, 0, 1
2673259, 1, 0
2673269, 2, 1
2673272, 3, 0
2673373, 0, 1
2673384, 1, bit 0
2673384, 1, 0
2673394, 2, 1
2673397, 3, 0
2673498, 0, 0
2673509, 1, 1
2673519, 2, 0
2673522, 3, 1
2673623, 0, 0
2673634, 1, 0
2673644, 2, 0
2673647, 3, 1
2673748, 0, 1
2673759, 1, 1
2673769, 2, 1
2673772, 3, 0
2673873, 0, 1
2673884, 1, 0
2673894, 2, 0
2673897, 3, bit 0
2673897, 3, 1
2673998, 0, 0
2674009, 1, 1
2674019, 2, 1
2674022, 3, 0
2674123, 0, 1
2674134, 1, 1
2674144, 2, 1
2674147, 3, 1
2674248, 0, 0
2674259, 1, 0
2674269, 2, 0
2674272, 3, 0
2674373, 0, bit 0
2674373, 0, 1
2674384, 1, 0
2674394, 2, 1
2674397, 3, 1
2674498, 0, 0
2674509, 1, 1
2674519, 2, 0
2674522, 3, 0
2674623, 0, 0
2674634, 1, 0
2674644, 2, 0
2674647, 3, 1
2674748, 0, 1
2674759, 1, 1
2674769, 2, 1
2674772, 3, 0
2674873, 0, 1
2674884, 1, 0
2674894, 2, bit 0
2674894, 2, 0
2674897, 3, 0
2674998, 0, 0
2675009, 1, 1
2675019, 2, 1
2675022, 3, 1
2675123, 0, 0
2675134, 1, bit 0
2675134, 1, 0
2675144, 2, 1
2675147, 3, 1
2675248, 0, 1
2675259, 1, 1
2675269, 2, 0
2675272, 3, 0
2675373, 0, 1
2675384, 1, 0
2675394, 2, 0
2675397, 3, 0
2675499, 0, 0
2675509, 1, 1
2675519, 2, 1
2675522, 3, 1
2675624, 0, 0
2675634, 1, 0
2675644, 2, 0
2675647, 3, bit 1
2675647, 3, 0
2675749, 0, 1
2675759, 1, 1
2675769, 2, 1
2675772, 3, 1
2675874, 0, 0
2675884, 1, 1
2675894, 2, 1
2675897, 3, 0
2675999, 0, 1
2676009, 1, 0
2676019, 2, 0
2676022, 3, 1
2676124, 0, bit 1
2676124, 0, 0
2676134, 1, 0
2676144, 2, 1
2676147, 3, 0
2676249, 0, 1
2676259, 1, 1
2676269, 2, 0
2676272, 3, 1
2676374, 0, 1
2676384, 1, 0
2676395, 2, 0
2676397, 3, 0
2676499, 0, 0
2676509, 1, 1
2676520, 2, 1
2676523, 3, 1
2676624, 0, 0
2676634, 1, 0
2676645, 2, bit 1
2676645, 2, 1
2676648, 3, 1
2676749, 0, 1
2676759, 1, 1
2676770, 2, 0
2676773, 3, 0
2676874, 0, 1
2676884, 1, bit 0
2676884, 1, 0
2676895, 2, 0
2676898, 3, 0
2676999, 0, 0
2677009, 1, 1
2677020, 2, 1
2677023, 3, 1
2677124, 0, 0
2677134, 1, 0
2677145, 2, 1
2677148, 3, 1
2677249, 0, 1
2677259, 1, 1
2677270, 2, 0
2677273, 3, 0
2677374, 0, 1
2677384, 1, 0
2677395, 2, 1
2677398, 3, bit 0
2677398, 3, 1
2677499, 0, 0
2677509, 1, 1
2677520, 2, 0
2677523, 3, 0
2677624, 0, 1
2677634, 1, 1
2677645, 2, 0
2677648, 3, 1
2677749, 0, 0
2677760, 1, 0
2677770, 2, 1
2677773, 3, 0
2677874, 0, bit 1
2677874, 0, 0
2677885, 1, 0
2677895, 2, 0
2677898, 3, 1
2677999, 0, 1
2678010, 1, 1
2678020, 2, 1
2678023, 3, 0
2678124, 0, 1
2678135, 1, 0
2678145, 2, 1
2678148, 3, 1
2678249, 0, 0
2678260, 1, 1
2678270, 2, 0
2678273, 3, 0
2678374, 0, 0
2678385, 1, 0
2678395, 2, bit 1
2678395, 2, 1
2678398, 3, 0
2678499, 0, 1
2678510, 1, 1
2678520, 2, 0
2678523, 3, 1
2678624, 0, 1
2678635, 1, bit 0
2678635, 1, 0
2678645, 2, 0
2678648, 3, 1
2678749, 0, 0
2678760, 1, 1
2678770, 2, 1
2678773, 3, 0
2678874, 0, 0
2678885, 1, 0
2678895, 2, 1
2678898, 3, 0
2678999, 0, 1
2679010, 1, 1
2679020, 2, 0
2679023, 3, 1
2679124, 0, 1
2679135, 1, 0
2679145, 2, 1
2679148, 3, bit 0
2679148, 3, 1
2679249, 0, 0
2679260, 1, 1
2679270, 2, 0
2679273, 3, 0
2679374, 0, 1
2679385, 1, 1
2679395, 2, 0
2679398, 3, 1
2679499, 0, 0
2679510, 1, 0
2679520, 2, 1
2679523, 3, 0
2679624, 0, bit 1
2679624, 0, 0
2679635, 1, 0
2679645, 2, 0
2679648, 3, 1
2679749, 0, 1
2679760, 1, 1
2679770, 2, 1
2679773, 3, 0
2679874, 0, 1
2679885, 1, 0
2679895, 2, 1
2679898, 3, 1
2679999, 0, 0
2680010, 1, 1
2680020, 2, 0
2680023, 3, 0
2680124, 0, 0
2680135, 1, 0
2680145, 2, bit 1
2680145, 2, 1
2680148, 3, 0
2680249, 0, 1
2680260, 1, 1
2680270, 2, 0
2680273, 3, 1
2680374, 0, 1
2680385, 1, bit 0
2680385, 1, 0
2680395, 2, 0
2680398, 3, 1
2680499, 0, 0
2680510, 1, 1
2680520, 2, 1
2680523, 3, 0
2680624, 0, 0
2680635, 1, 0
2680645, 2, 1
2680648, 3, 0
2680749, 0, 1
2680760, 1, 1
2680770, 2, 0
2680773, 3, 1
2680875, 0, 1
2680885, 1, 0
2680895, 2, 1
2680898, 3, bit 0
2680898, 3, 1
2681000, 0, 0
2681010, 1, 1
2681020, 2, 0
2681023, 3, 0
2681125, 0, 1
2681135, 1, 1
2681145, 2, 0
2681148, 3, 1
2681250, 0, 0
2681260, 1, 0
2681270, 2, 1
2681273, 3, 0
2681375, 0, bit 0
2681375, 0, 1
2681385, 1, 0
2681395, 2, 0
2681398, 3, 1
2681500, 0, 0
2681510, 1, 1
2681520, 2, 1
2681523, 3, 0
2681625, 0, 0
2681635, 1, 0
2681645, 2, 1
2681648, 3, 1
2681750, 0, 1
2681760, 1, 1
2681771, 2, 0
2681773, 3, 0
2681875, 0, 1
2681885, 1, 0
2681896, 2, bit 0
2681896, 2, 0
2681899, 3, 0
2682000, 0, 0
2682010, 1, 1
2682021, 2, 1
2682024, 3, 1
2682125, 0, 0
2682135, 1, bit 1
2682135, 1, 1
2682146, 2, 1
2682149, 3, 1
2682250, 0, 1
2682260, 1, 0
2682271, 2, 0
2682274, 3, 0
2682375, 0, 1
2682385, 1, 1
2682396, 2, 0
2682399, 3, 0
2682500, 0, 0
2682510, 1, 0
2682521, 2, 1
2682524, 3, 1
2682625, 0, 0
2682635, 1, 1
2682646, 2, 0
2682649, 3, bit 0
2682649, 3, 1
2682750, 0, 1
2682760, 1, 0
2682771, 2, 1
2682774, 3, 0
2682875, 0, 0
2682885, 1, 0
2682896, 2, 1
2682899, 3, 1
2683000, 0, 1
2683010, 1, 1
2683021, 2, 0
2683024, 3, 0
2683125, 0, bit 0
2683125, 0, 1
2683136, 1, 1
2683146, 2, 1
2683149, 3, 1
2683250, 0, 0
2683261, 1, 0
2683271, 2, 0
2683274, 3, 0
2683375, 0, 0
2683386, 1, 1
2683396, 2, 0
2683399, 3, 1
2683500, 0, 1
2683511, 1, 0
2683521, 2, 1
2683524, 3, 0
2683625, 0, 1
2683636, 1, 1
2683646, 2, bit 0
2683646, 2, 0
2683649, 3, 0
2683750, 0, 0
2683761, 1, 0
2683771, 2, 1
2683774, 3, 1
2683875, 0, 0
2683886, 1, bit 0
2683886, 1, 0
2683896, 2, 1
2683899, 3, 1
2684000, 0, 1
2684011, 1, 1
2684021, 2, 0
2684024, 3, 0
2684125, 0, 1
2684136, 1, 0
2684146, 2, 0
2684149, 3, 0
2684250, 0, 0
2684261, 1, 1
2684271, 2, 1
2684274, 3, 1
2684375, 0, 0
2684386, 1, 0
2684396, 2, 0
2684399, 3, bit 1
2684399, 3, 0
2684500, 0, 1
2684511, 1, 1
2684521, 2, 1
2684524, 3, 1
2684625, 0, 0
2684636, 1, 1
2684646, 2, 1
2684649, 3, 0
2684750, 0, 1
2684761, 1, 0
2684771, 2, 0
2684774, 3, 1
2684875, 0, bit 1
2684875, 0, 0
2684886, 1, 0
2684896, 2, 1
2684899, 3, 0
2685000, 0, 1
2685011, 1, 1
2685021, 2, 0
2685024, 3, 1
2685125, 0, 1
2685136, 1, 0
2685146, 2, 0
2685149, 3, 0
2685250, 0, 0
2685261, 1, 1
2685271, 2, 1
2685274, 3, 1
2685375, 0, 0
2685386, 1, 0
2685396, 2, bit 1
2685396, 2, 1
2685399, 3, 1
2685500, 0, 1
2685511, 1, 1
2685521, 2, 0
2685524, 3, 0
2685625, 0, 1
2685636, 1, bit 0
2685636, 1, 0
2685646, 2, 0
2685649, 3, 0
2685750, 0, 0
2685761, 1, 1
2685771, 2, 1
2685774, 3, 1
2685875, 0, 0
2685886, 1, 0
2685896, 2, 1
2685899, 3, 1
2686000, 0, 1
2686011, 1, 1
2686021, 2, 0
2686024, 3, 0
2686125, 0, 1
2686136, 1, 0
2686146, 2, 1
2686149, 3, bit 0
2686149, 3, 1
2686251, 0, 0
2686261, 1, 1
2686271, 2, 0
2686274, 3, 0
2686376, 0, 1
2686386, 1, 1
2686396, 2, 0
2686399, 3, 1
2686501, 0, 0
2686511, 1, 0
2686521, 2, 1
2686524, 3, 0
2686626, 0, bit 1
2686626, 0, 0
2686636, 1, 0
2686646, 2, 0
2686649, 3, 1
2686751, 0, 1
2686761, 1, 1
2686771, 2, 1
2686774, 3, 0
2686876, 0, 1
2686886, 1, 0
2686896, 2, 1
2686899, 3, 1
2687001, 0, 0
2687011, 1, 1
2687021, 2, 0
2687024, 3, 0
2687126, 0, 0
2687136, 1, 0
2687147, 2, bit 1
2687147, 2, 1
2687149, 3, 0
2687251, 0, 1
2687261, 1, 1
2687272, 2, 0
2687275, 3, 1
2687376, 0, 1
2687386, 1, bit 0
2687386, 1, 0
2687397, 2, 0
2687400, 3, 1
2687501, 0, 0
2687511, 1, 1
2687522, 2, 1
2687525, 3, 0
2687626, 0, 0
2687636, 1, 0
2687647, 2, 1
2687650, 3, 0
2687751, 0, 1
2687761, 1, 1
2687772, 2, 0
2687775, 3, 1
2687876, 0, 1
2687886, 1, 0
2687897, 2, 1
2687900, 3, bit 1
2687900, 3, 0
2688001, 0, 0
2688011, 1, 1
2688022, 2, 0
2688025, 3, 1
2688126, 0, 1
2688136, 1, 1
2688147, 2, 0
2688150, 3, 0
2688251, 0, 0
2688261, 1, 0
2688272, 2, 1
2688275, 3, 1
2688376, 0, bit 1
2688376, 0, 0
2688386, 1, 0
2688397, 2, 0
2688400, 3, 0
2688501, 0, 1
2688512, 1, 1
2688522, 2, 1
2688525, 3, 1
2688626, 0, 1
2688637, 1, 0
2688647, 2, 1
2688650, 3, 0
2688751, 0, 0
2688762, 1, 1
2688772, 2, 0
2688775, 3, 1
2688876, 0, 0
2688887, 1, 0
2688897, 2, bit 1
2688897, 2, 1
2688900, 3, 1
2689001, 0, 1
2689012, 1, 1
2689022, 2, 0
2689025, 3, 0
2689126, 0, 1
2689137, 1, bit 0
2689137, 1, 0
2689147, 2, 0
2689150, 3, 0
2689251, 0, 0
2689262, 1, 1
2689272, 2, 1
2689275, 3, 1
2689376, 0, 0
2689387, 1, 0
2689397, 2, 1
2689400, 3, 1
2689501, 0, 1
2689512, 1, 1
2689522, 2, 0
2689525, 3, 0
2689626, 0, 1
2689637, 1, 0
2689647, 2, 1
2689650, 3, bit 0
2689650, 3, 1
2689751, 0, 0
2689762, 1, 1
2689772, 2, 0
2689775, 3, 0
2689876, 0, 1
2689887, 1, 1
2689897, 2, 0
2689900, 3, 1
2690001, 0, 0
2690012, 1, 0
2690022, 2, 1
2690025, 3, 0
2690126, 0, bit 1
2690126, 0, 0
2690137, 1, 0
2690147, 2, 0
2690150, 3, 1
2690251, 0, 1
2690262, 1, 1
2690272, 2, 1
2690275, 3, 0
2690376, 0, 1
2690387, 1, 0
2690397, 2, 1
2690400, 3, 1
2690501, 0, 0
2690512, 1, 1
2690522, 2, 0
2690525, 3, 0
2690626, 0, 0
2690637, 1, 0
2690647, 2, bit 1
2690647, 2, 1
2690650, 3, 0
2690751, 0, 1
2690762, 1, 1
2690772, 2, 0
2690775, 3, 1
2690876, 0, 1
2690887, 1, bit 0
2690887, 1, 0
2690897, 2, 0
2690900, 3, 1
2691001, 0, 0
2691012, 1, 1
2691022, 2, 1
2691025, 3, 0
2691126, 0, 0
2691137, 1, 0
2691147, 2, 1
2691150, 3, 0
2691251, 0, 1
2691262, 1, 1
2691272, 2, 0
2691275, 3, 1
2691376, 0, 1
2691387, 1, 0
2691397, 2, 1
2691400, 3, bit 0
2691400, 3, 1
2691501, 0, 0
2691512, 1, 1
2691522, 2, 0
2691525, 3, 0
2691627, 0, 1
2691637, 1, 1
2691647, 2, 0
2691650, 3, 1
2691752, 0, 0
2691762, 1, 0
2691772, 2, 1
2691775, 3, 0
2691887, 1, 0
2691897, 2, 0
2691900, 3, 1
2692012, 1, 1
2692022, 2, 1
2692025, 3, 0
2692137, 1, 0
2692147, 2, 1
2692150, 3, 1
2692262, 1, 1
2692272, 2, 0
2692275, 3, 0
2692387, 1, 0
2692397, 2, bit 1
2692397, 2, 1
2692400, 3, 0
2692512, 1, 1
2692523, 2, 0
2692525, 3, 1
2692637, 1, bit 0
2692637, 1, 0
2692648, 2, 0
2692651, 3, 1
2692762, 1, 1
2692773, 2, 1
2692776, 3, 0
2692887, 1, 0
2692898, 2, 1
2692901, 3, 0
2693012, 1, 1
2693023, 2, 0
2693026, 3, 1
2693137, 1, 0
2693148, 2, 1
2693151, 3, bit 0
2693151, 3, 1
2693262, 1, 1
2693273, 2, 0
2693276, 3, 0
2693387, 1, 1
2693398, 2, 0
2693401, 3, 1
2693512, 1, 0
2693523, 2, 1
2693526, 3, 0
2693637, 1, 0
2693648, 2, 0
2693651, 3, 1
2693762, 1, 1
2693773, 2, 1
2693776, 3, 0
2693888, 1, 0
2693898, 2, 1
2693901, 3, 1
2694013, 1, 1
2694023, 2, 0
2694026, 3, 0
2694138, 1, 0
2694148, 2, bit 1
2694148, 2, 1
2694151, 3, 0
2694263, 1, 1
2694273, 2, 0
2694276, 3, 1
2694388, 1, bit 0
2694388, 1, 0
2694398, 2, 0
2694401, 3, 1
2694513, 1, 1
2694523, 2, 1
2694526, 3, 0
2694638, 1, 0
2694648, 2, 1
2694651, 3, 0
2694763, 1, 1
2694773, 2, 0
2694776, 3, 1
2694888, 1, 0
2694898, 2, 1
2694901, 3, bit 0
2694901, 3, 1
2695013, 1, 1
2695023, 2, 0
2695026, 3, 0
2695138, 1, 1
2695148, 2, 0
2695151, 3, 1
2695263, 1, 0
2695273, 2, 1
2695276, 3, 0
2695388, 1, 0
2695398, 2, 0
2695401, 3, 1
2695513, 1, 1
2695523, 2, 1
2695526, 3, 0
2695638, 1, 0
2695648, 2, 1
2695651, 3, 1
2695763, 1, 1
2695773, 2, 0
2695776, 3, 0
2695888, 1, 0
2695898, 2, bit 1
2695898, 2, 1
2695901, 3, 0
2696013, 1, 1
2696023, 2, 0
2696026, 3, 1
2696138, 1, bit 0
2696138, 1, 0
2696148, 2, 0
2696152, 3, 1
2696263, 1, 1
2696273, 2, 1
2696278, 3, 0
2696388, 1, 0
2696398, 2, 1
2696403, 3, 0
2696513, 1, 1
2696523, 2, 0
2696528, 3, 1
2696638, 1, 0
2696648, 2, 1
2696653, 3, bit 1
2696653, 3, 0
2696763, 1, 1
2696773, 2, 0
2696778, 3, 1
2696888, 1, 1
2696898, 2, 0
2696903, 3, 0
2697013, 1, 0
2697023, 2, 1
2697028, 3, 1
2697138, 1, 0
2697148, 2, 0
2697153, 3, 0
2697263, 1, 1
2697273, 2, 1
2697278, 3, 1
2697388, 1, 0
2697398, 2, 1
2697403, 3, 0
2697513, 1, 1
2697523, 2, 0
2697528, 3, 1
2697638, 1, 0
2697648, 2, bit 1
2697648, 2, 1
2697653, 3, 1
2697763, 1, 1
2697773, 2, 0
2697778, 3, 0
2697888, 1, bit 0
2697888, 1, 0
2697899, 2, 0
2697903, 3, 0
2698013, 1, 1
2698024, 2, 1
2698028, 3, 1
2698138, 1, 0
2698149, 2, 1
2698153, 3, 1
2698263, 1, 1
2698274, 2, 0
2698278, 3, 0
2698388, 1, 0
2698399, 2, 1
2698403, 3, bit 0
2698403, 3, 1
2698513, 1, 1
2698524, 2, 0
2698528, 3, 0
2698638, 1, 1
2698649, 2, 0
2698653, 3, 1
2698763, 1, 0
2698774, 2, 1
2698778, 3, 0
2698888, 1, 0
2698899, 2, 0
2698903, 3, 1
2699013, 1, 1
2699024, 2, 1
2699028, 3, 0
2699138, 1, 0
2699149, 2, 1
2699153, 3, 1
2699264, 1, 1
2699274, 2, 0
2699278, 3, 0
2699389, 1, 0
2699399, 2, bit 1
2699399, 2, 1
2699403, 3, 0
2699514, 1, 1
2699524, 2, 0
2699528, 3, 1
2699639, 1, bit 1
2699639, 1, 1
2699649, 2, 0
2699653, 3, 1
2699764, 1, 0
2699774, 2, 1
2699778, 3, 0
2699889, 1, 1
2699899, 2, 1
2699904, 3, 0
2700014, 1, 0
2700024, 2, 0
2700029, 3, 1
2700139, 1, 1
2700149, 2, 1
2700154, 3, bit 1
2700154, 3, 0
2700264, 1, 0
2700274, 2, 0
2700279, 3, 1
2700389, 1, 0
2700399, 2, 0
2700404, 3, 0
2700514, 1, 1
2700524, 2, 1
2700529, 3, 1
2700639, 1, 1
2700649, 2, 0
2700654, 3, 0
2700764, 1, 0
2700774, 2, 1
2700779, 3, 1
2700889, 1, 1
2700899, 2, 1
2700904, 3, 0
2701014, 1, 0
2701024, 2, 0
2701029, 3, 1
2701139, 1, 1
2701149, 2, bit 1
2701149, 2, 1
2701154, 3, 1
2701264, 1, 0
2701274, 2, 0
2701279, 3, 0
2701389, 1, bit 0
2701389, 1, 0
2701399, 2, 0
2701404, 3, 0
2701514, 1, 1
2701524, 2, 1
2701529, 3, 1
2701639, 1, 0
2701649, 2, 1
2701654, 3, 1
2701764, 1, 1
2701774, 2, 0
2701779, 3, 0
2701889, 1, 0
2701899, 2, 1
2701904, 3, bit 0
2701904, 3, 1
2702014, 1, 1
2702024, 2, 0
2702029, 3, 0
2702139, 1, 1
2702149, 2, 0
2702154, 3, 1
2702264, 1, 0
2702274, 2, 1
2702279, 3, 0
2702389, 1, 0
2702399, 2, 0
2702404, 3, 1
2702514, 1, 1
2702524, 2, 1
2702529, 3, 0
2702639, 1, 0
2702649, 2, 1
2702654, 3, 1
2702764, 1, 1
2702774, 2, 0
2702779, 3, 0
2702889, 1, 0
2702899, 2, bit 1
2702899, 2, 1
2702904, 3, 0
2703014, 1, 1
2703024, 2, 0
2703029, 3, 1
2703139, 1, bit 1
2703139, 1, 1
2703149, 2, 0
2703154, 3, 1
2703264, 1, 0
2703275, 2, 1
2703279, 3, 0
2703389, 1, 1
2703400, 2, 1
2703404, 3, 0
2703514, 1, 0
2703525, 2, 0
2703529, 3, 1
2703639, 1, 1
2703650, 2, 1
2703654, 3, bit 1
2703654, 3, 0
2703764, 1, 0
2703775, 2, 0
2703779, 3, 1
2703889, 1, 0
2703900, 2, 0
2703904, 3, 0
2704014, 1, 1
2704025, 2, 1
2704029, 3, 1
2704139, 1, 1
2704150, 2, 0
2704154, 3, 0
2704264, 1, 0
2704275, 2, 1
2704279, 3, 1
2704389, 1, 1
2704400, 2, 1
2704404, 3, 0
2704514, 1, 0
2704525, 2, 0
2704529, 3, 1
2704640, 1, 1
2704650, 2, bit 0
2704650, 2, 0
2704654, 3, 1
2704765, 1, 0
2704775, 2, 1
2704779, 3, 0
2704890, 1, bit 0
2704890, 1, 0
2704900, 2, 1
2704904, 3, 0
2705015, 1, 1
2705025, 2, 0
2705029, 3, 1
2705140, 1, 0
2705150, 2, 0
2705154, 3, 1
2705265, 1, 1
2705275, 2, 1
2705280, 3, 0
2705390, 1, 0
2705400, 2, 0
2705405, 3, bit 0
2705405, 3, 1
2705515, 1, 1
2705525, 2, 1
2705530, 3, 0
2705640, 1, 1
2705650, 2, 1
2705655, 3, 1
2705765, 1, 0
2705775, 2, 0
2705780, 3, 0
2705890, 1, 0
2705900, 2, 1
2705905, 3, 1
2706015, 1, 1
2706025, 2, 0
2706030, 3, 0
2706140, 1, 0
2706150, 2, 0
2706155, 3, 1
2706265, 1, 1
2706275, 2, 1
2706280, 3, 0
2706390, 1, 0
2706400, 2, bit 1
2706400, 2, 1
2706405, 3, 0
2706515, 1, 1
2706525, 2, 0
2706530, 3, 1
2706640, 1, bit 0
2706640, 1, 0
2706650, 2, 0
2706655, 3, 1
2706765, 1, 1
2706775, 2, 1
2706780, 3, 0
2706890, 1, 0
2706900, 2, 1
2706905, 3, 0
2707015, 1, 1
2707025, 2, 0
2707030, 3, 1
2707140, 1, 0
2707150, 2, 1
2707155, 3, bit 0
2707155, 3, 1
2707265, 1, 1
2707275, 2, 0
2707280, 3, 0
2707390, 1, 1
2707400, 2, 0
2707405, 3, 1
2707515, 1, 0
2707525, 2, 1
2707530, 3, 0
2707640, 1, 0
2707650, 2, 0
2707655, 3, 1
2707765, 1, 1
2707775, 2, 1
2707780, 3, 0
2707890, 1, 0
2707900, 2, 1
2707905, 3, 1
2708015, 1, 1
2708025, 2, 0
2708030, 3, 0
2708140, 1, 0
2708150, 2, bit 1
2708150, 2, 1
2708155, 3, 0
2708265, 1, 1
2708275, 2, 0
2708280, 3, 1
2708390, 1, bit 1
2708390, 1, 1
2708400, 2, 0
2708405, 3, 1
2708515, 1, 0
2708525, 2, 1
2708530, 3, 0
2708640, 1, 1
2708651, 2, 1
2708655, 3, 0
2708765, 1, 0
2708776, 2, 0
2708780, 3, 1
2708890, 1, 1
2708901, 2, 1
2708905, 3, bit 0
2708905, 3, 1
2709015, 1, 0
2709026, 2, 0
2709030, 3, 0
2709140, 1, 0
2709151, 2, 0
2709155, 3, 1
2709265, 1, 1
2709276, 2, 1
2709280, 3, 0
2709390, 1, 1
2709401, 2, 0
2709405, 3, 1
2709515, 1, 0
2709526, 2, 1
2709530, 3, 0
2709640, 1, 1
2709651, 2, 1
2709655, 3, 1
2709765, 1, 0
2709776, 2, 0
2709780, 3, 0
2709890, 1, 1
2709901, 2, bit 1
2709901, 2, 1
2709905, 3, 0
2710016, 1, 0
2710026, 2, 0
2710030, 3, 1
2710141, 1, bit 1
2710141, 1, 1
2710151, 2, 0
2710155, 3, 1
2710266, 1, 0
2710276, 2, 1
2710280, 3, 0
2710391, 1, 1
2710401, 2, 1
2710405, 3, 0
2710516, 1, 0
2710526, 2, 0
2710530, 3, 1
2710641, 1, 1
2710651, 2, 1
2710656, 3, bit 0
2710656, 3, 1
2710766, 1, 0
2710776, 2, 0
2710781, 3, 0
2710891, 1, 0
2710901, 2, 0
2710906, 3, 1
2711016, 1, 1
2711026, 2, 1
2711031, 3, 0
2711141, 1, 1
2711151, 2, 0
2711156, 3, 1
2711266, 1, 0
2711276, 2, 1
2711281, 3, 0
2711391, 1, 1
2711401, 2, 1
2711406, 3, 1
2711516, 1, 0
2711526, 2, 0
2711531, 3, 0
2711641, 1, 1
2711651, 2, bit 1
2711651, 2, 1
2711656, 3, 0
2711766, 1, 0
2711776, 2, 0
2711781, 3, 1
2711891, 1, bit 1
2711895, 1, 1
2711901, 2, 0
2711906, 3, 1
2712016, 1, 0
2712026, 2, 1
2712031, 3, 0
2712141, 1, 1
2712151, 2, 1
2712156, 3, 0
2712266, 1, 0
2712276, 2, 0
2712281, 3, 1
2712391, 1, 1
2712401, 2, 1
2712406, 3, bit 1
2712406, 3, 0
2712516, 1, 0
2712526, 2, 0
2712531, 3, 1
2712641, 1, 0
2712651, 2, 0
2712656, 3, 0
2712766, 1, 1
2712776, 2, 1
2712781, 3, 1
2712891, 1, 1
2712901, 2, 0
2712906, 3, 0
2713016, 1, 0
2713026, 2, 1
2713031, 3, 1
2713141, 1, 1
2713151, 2, 1
2713156, 3, 0
2713266, 1, 0
2713276, 2, 0
2713281, 3, 1
2713391, 1, 1
2713401, 2, bit 0
2713401, 2, 0
2713406, 3, 1
2713516, 1, 0
2713526, 2, 1
2713531, 3, 0
2713641, 1, bit 1
2713641, 1, 1
2713651, 2, 1
2713656, 3, 0
2713766, 1, 0
2713776, 2, 0
2713781, 3, 1
2713891, 1, 1
2713901, 2, 0
2713906, 3, 1
2714016, 1, 0
2714027, 2, 1
2714031, 3, 0
2714141, 1, 1
2714152, 2, 0
2714156, 3, bit 1
2714156, 3, 0
2714266, 1, 0
2714277, 2, 1
2714281, 3, 1
2714391, 1, 0
2714402, 2, 1
2714406, 3, 0
2714516, 1, 1
2714527, 2, 0
2714531, 3, 1
2714641, 1, 1
2714652, 2, 1
2714656, 3, 0
2714766, 1, 0
2714777, 2, 0
2714781, 3, 1
2714891, 1, 1
2714902, 2, 0
2714906, 3, 0
2715016, 1, 0
2715027, 2, 1
2715031, 3, 1
2715141, 1, 1
2715152, 2, bit 0
2715152, 2, 0
2715156, 3, 1
2715266, 1, 0
2715277, 2, 1
2715281, 3, 0
2715392, 1, bit 1
2715392, 1, 1
2715402, 2, 1
2715406, 3, 0
2715517, 1, 0
2715527, 2, 0
2715531, 3, 1
2715642, 1, 1
2715652, 2, 0
2715656, 3, 1
2715767, 1, 0
2715777, 2, 1
2715781, 3, 0
2715892, 1, 1
2715902, 2, 0
2715906, 3, bit 1
2715906, 3, 0
2716017, 1, 0
2716027, 2, 1
2716032, 3, 1
2716142, 1, 0
2716152, 2, 1
2716157, 3, 0
2716267, 1, 1
2716277, 2, 0
2716282, 3, 1
2716392, 1, 1
2716402, 2, 1
2716407, 3, 0
2716517, 1, 0
2716527, 2, 0
2716532, 3, 1
2716642, 1, 1
2716652, 2, 0
2716657, 3, 0
2716767, 1, 0
2716777, 2, 1
2716782, 3, 1
2716892, 1, 1
2716902, 2, bit 1
2716902, 2, 1
2716907, 3, 1
2717017, 1, 0
2717027, 2, 0
2717032, 3, 0
2717142, 1, bit 1
2717142, 1, 1
2717152, 2, 0
2717157, 3, 0
2717267, 1, 0
2717277, 2, 1
2717282, 3, 1
2717392, 1, 1
2717402, 2, 1
2717407, 3, 1
2717517, 1, 0
2717527, 2, 0
2717532, 3, 0
2717642, 1, 1
2717652, 2, 1
2717657, 3, bit 1
2717657, 3, 0
2717767, 1, 0
2717777, 2, 0
2717782, 3, 1
2717892, 1, 0
2717902, 2, 0
2717907, 3, 0
2718017, 1, 1
2718027, 2, 1
2718032, 3, 1
2718142, 1, 1
2718152, 2, 0
2718157, 3, 0
2718267, 1, 0
2718277, 2, 1
2718282, 3, 1
2718392, 1, 1
2718402, 2, 1
2718407, 3, 0
2718517, 1, 0
2718527, 2, 0
2718532, 3, 1
2718642, 1, 1
2718652, 2, bit 0
2718652, 2, 0
2718657, 3, 1
2718767, 1, 0
2718777, 2, 1
2718782, 3, 0
2718892, 1, bit 1
2718892, 1, 1
2718902, 2, 1
2718907, 3, 0
2719017, 1, 0
2719027, 2, 0
2719032, 3, 1
2719142, 1, 1
2719152, 2, 0
2719157, 3, 1
2719267, 1, 0
2719277, 2, 1
2719282, 3, 0
2719392, 1, 1
2719403, 2, 0
2719407, 3, bit 1
2719407, 3, 0
2719517, 1, 0
2719528, 2, 1
2719532, 3, 1
2719642, 1, 0
2719653, 2, 1
2719657, 3, 0
2719767, 1, 1
2719778, 2, 0
2719782, 3, 1
2719892, 1, 1
2719903, 2, 1
2719907, 3, 0
2720017, 1, 0
2720028, 2, 0
2720032, 3, 1
2720142, 1, 1
2720153, 2, 0
2720157, 3, 0
2720267, 1, 0
2720278, 2, 1
2720282, 3, 1
2720392, 1, 1
2720403, 2, bit 1
2720403, 2, 1
2720407, 3, 1
2720517, 1, 0
2720528, 2, 0
2720532, 3, 0
2720653, 2, 0
2720657, 3, 0
2720778, 2, 1
2720782, 3, 1
2720903, 2, 1
2720907, 3, 1
2721028, 2, 0
2721032, 3, 0
2721153, 2, 1
2721157, 3, bit 1
2721157, 3, 0
2721278, 2, 0
2721282, 3, 1
2721403, 2, 0
2721408, 3, 0
2721528, 2, 1
2721533, 3, 1
2721653, 2, 0
2721658, 3, 0
2721778, 2, 1
2721783, 3, 1
2721903, 2, 1
2721908, 3, 0
2722028, 2, 0
2722033, 3, 1
2722153, 2, bit 0
2722153, 2, 0
2722158, 3, 1
2722278, 2, 1
2722283, 3, 0
2722403, 2, 1
2722408, 3, 0
2722528, 2, 0
2722533, 3, 1
2722653, 2, 0
2722658, 3, 1
2722778, 2, 1
2722783, 3, 0
2722903, 2, 0
2722908, 3, bit 0
2722908, 3, 1
2723028, 2, 1
2723033, 3, 0
2723153, 2, 1
2723158, 3, 1
2723278, 2, 0
2723283, 3, 0
2723403, 2, 1
2723408, 3, 1
2723528, 2, 0
2723533, 3, 0
2723653, 2, 0
2723658, 3, 1
2723778, 2, 1
2723783, 3, 0
2723903, 2, bit 0
2723903, 2, 0
2723908, 3, 0
2724028, 2, 1
2724033, 3, 1
2724153, 2, 1
2724158, 3, 1
2724278, 2, 0
2724283, 3, 0
2724403, 2, 0
2724408, 3, 0
2724528, 2, 1
2724533, 3, 1
2724653, 2, 0
2724658, 3, bit 0
2724658, 3, 1
2724779, 2, 1
2724783, 3, 0
2724904, 2, 1
2724908, 3, 1
2725029, 2, 0
2725033, 3, 0
2725154, 2, 1
2725158, 3, 1
2725279, 2, 0
2725283, 3, 0
2725404, 2, 0
2725408, 3, 1
2725529, 2, 1
2725533, 3, 0
2725654, 2, bit 0
2725654, 2, 0
2725658, 3, 0
2725779, 2, 1
2725783, 3, 1
2725904, 2, 1
2725908, 3, 1
2726029, 2, 0
2726033, 3, 0
2726154, 2, 0
2726158, 3, 0
2726279, 2, 1
2726283, 3, 1
2726404, 2, 0
2726408, 3, bit 0
2726408, 3, 1
2726529, 2, 1
2726533, 3, 0
2726654, 2, 1
2726658, 3, 1
2726779, 2, 0
2726784, 3, 0
2726904, 2, 1
2726909, 3, 1
2727029, 2, 0
2727034, 3, 0
2727154, 2, 0
2727159, 3, 1
2727279, 2, 1
2727284, 3, 0
2727404, 2, bit 1
2727404, 2, 1
2727409, 3, 0
2727529, 2, 0
2727534, 3, 1
2727654, 2, 0
2727659, 3, 1
2727779, 2, 1
2727784, 3, 0
2727904, 2, 1
2727909, 3, 0
2728029, 2, 0
2728034, 3, 1
2728154, 2, 1
2728159, 3, bit 1
2728159, 3, 0
2728279, 2, 0
2728284, 3, 1
2728404, 2, 0
2728409, 3, 0
2728529, 2, 1
2728534, 3, 1
2728654, 2, 0
2728659, 3, 0
2728779, 2, 1
2728784, 3, 1
2728904, 2, 1
2728909, 3, 0
2729029, 2, 0
2729034, 3, 1
2729154, 2, bit 1
2729154, 2, 1
2729159, 3, 1
2729279, 2, 0
2729284, 3, 0
2729404, 2, 0
2729409, 3, 0
2729529, 2, 1
2729534, 3, 1
2729654, 2, 1
2729659, 3, 1
2729779, 2, 0
2729784, 3, 0
2729904, 2, 1
2729909, 3, bit 0
2729909, 3, 1
2730029, 2, 0
2730034, 3, 0
2730155, 2, 0
2730159, 3, 1
2730280, 2, 1
2730284, 3, 0
2730405, 2, 0
2730409, 3, 1
2730530, 2, 1
2730534, 3, 0
2730655, 2, 1
2730659, 3, 1
2730780, 2, 0
2730784, 3, 0
2730905, 2, bit 1
2730905, 2, 1
2730909, 3, 0
2731030, 2, 0
2731034, 3, 1
2731155, 2, 0
2731159, 3, 1
2731280, 2, 1
2731284, 3, 0
2731405, 2, 1
2731409, 3, 0
2731530, 2, 0
2731534, 3, 1
2731655, 2, 1
2731659, 3, bit 0
2731659, 3, 1
2731780, 2, 0
2731784, 3, 0
2731905, 2, 0
2731909, 3, 1
2732030, 2, 1
2732034, 3, 0
2732155, 2, 0
2732160, 3, 1
2732280, 2, 1
2732285, 3, 0
2732405, 2, 1
2732410, 3, 1
2732530, 2, 0
2732535, 3, 0
2732655, 2, bit 0
2732655, 2, 0
2732660, 3, 0
2732780, 2, 1
2732785, 3, 1
2732905, 2, 1
2732910, 3, 1
2733030, 2, 0
2733035, 3, 0
2733155, 2, 0
2733160, 3, 0
2733280, 2, 1
2733285, 3, 1
2733405, 2, 0
2733410, 3, bit 0
2733410, 3, 1
2733530, 2, 1
2733535, 3, 0
2733655, 2, 1
2733660, 3, 1
2733780, 2, 0
2733785, 3, 0
2733905, 2, 1
2733910, 3, 1
2734030, 2, 0
2734035, 3, 0
2734155, 2, 0
2734160, 3, 1
2734280, 2, 1
2734285, 3, 0
2734405, 2, bit 1
2734405, 2, 1
2734410, 3, 0
2734530, 2, 0
2734535, 3, 1
2734655, 2, 0
2734660, 3, 1
2734780, 2, 1
2734785, 3, 0
2734905, 2, 1
2734910, 3, 0
2735030, 2, 0
2735035, 3, 1
2735155, 2, 1
2735160, 3, bit 1
2735160, 3, 0
2735280, 2, 0
2735285, 3, 1
2735405, 2, 0
2735410, 3, 0
2735531, 2, 1
2735535, 3, 1
2735656, 2, 0
2735660, 3, 0
2735781, 2, 1
2735785, 3, 1
2735906, 2, 1
2735910, 3, 0
2736031, 2, 0
2736035, 3, 1
2736156, 2, bit 0
2736156, 2, 0
2736160, 3, 1
2736281, 2, 1
2736285, 3, 0
2736406, 2, 1
2736410, 3, 0
2736531, 2, 0
2736535, 3, 1
2736656, 2, 0
2736660, 3, 1
2736781, 2, 1
2736785, 3, 0
2736906, 2, 0
2736916, 3, bit 1
2736917, 3, 0
2737031, 2, 1
2737041, 3, 1
2737156, 2, 1
2737166, 3, 0
2737281, 2, 0
2737291, 3, 1
2737406, 2, 1
2737416, 3, 0
2737531, 2, 0
2737541, 3, 1
2737656, 2, 0
2737666, 3, 0
2737781, 2, 1
2737792, 3, 1
2737906, 2, bit 0
2737906, 2, 0
2737917, 3, 1
2738031, 2, 1
2738042, 3, 0
2738156, 2, 1
2738167, 3, 0
2738281, 2, 0
2738292, 3, 1
2738406, 2, 0
2738417, 3, 1
2738531, 2, 1
2738542, 3, 0
2738656, 2, 0
2738667, 3, bit 0
2738667, 3, 1
2738781, 2, 1
2738792, 3, 0
2738906, 2, 1
2738917, 3, 1
2739031, 2, 0
2739042, 3, 0
2739156, 2, 1
2739167, 3, 1
2739281, 2, 0
2739292, 3, 0
2739406, 2, 0
2739417, 3, 1
2739531, 2, 1
2739542, 3, 0
2739656, 2, bit 1
2739656, 2, 1
2739667, 3, 0
2739781, 2, 0
2739792, 3, 1
2739906, 2, 0
2739917, 3, 1
2740031, 2, 1
2740042, 3, 0
2740156, 2, 1
2740167, 3, 0
2740281, 2, 0
2740292, 3, 1
2740406, 2, 1
2740417, 3, bit 0
2740417, 3, 1
2740531, 2, 0
2740542, 3, 0
2740656, 2, 0
2740667, 3, 1
2740781, 2, 1
2740792, 3, 0
2740907, 2, 0
2740917, 3, 1
2741032, 2, 1
2741042, 3, 0
2741157, 2, 1
2741167, 3, 1
2741282, 2, 0
2741292, 3, 0
2741407, 2, bit 1
2741407, 2, 1
2741417, 3, 0
2741532, 2, 0
2741542, 3, 1
2741657, 2, 0
2741667, 3, 1
2741782, 2, 1
2741792, 3, 0
2741907, 2, 1
2741917, 3, 0
2742032, 2, 0
2742042, 3, 1
2742157, 2, 1
2742167, 3, bit 1
2742167, 3, 0
2742282, 2, 0
2742292, 3, 1
2742407, 2, 0
2742417, 3, 0
2742532, 2, 1
2742542, 3, 1
2742657, 2, 0
2742667, 3, 0
2742782, 2, 1
2742792, 3, 1
2742907, 2, 1
2742917, 3, 0
2743032, 2, 0
2743042, 3, 1
2743157, 2, bit 0
2743157, 2, 0
2743168, 3, 1
2743282, 2, 1
2743293, 3, 0
2743407, 2, 1
2743418, 3, 0
2743532, 2, 0
2743543, 3, 1
2743657, 2, 0
2743668, 3, 1
2743782, 2, 1
2743793, 3, 0
2743907, 2, 0
2743918, 3, bit 0
2743918, 3, 1
2744032, 2, 1
2744043, 3, 0
2744157, 2, 1
2744168, 3, 1
2744282, 2, 0
2744293, 3, 0
2744407, 2, 1
2744418, 3, 1
2744532, 2, 0
2744543, 3, 0
2744657, 2, 0
2744668, 3, 1
2744782, 2, 1
2744793, 3, 0
2744907, 2, bit 1
2744907, 2, 1
2744918, 3, 0
2745032, 2, 0
2745043, 3, 1
2745157, 2, 0
2745168, 3, 1
2745282, 2, 1
2745293, 3, 0
2745407, 2, 1
2745418, 3, 0
2745532, 2, 0
2745543, 3, 1
2745657, 2, 1
2745668, 3, bit 0
2745668, 3, 1
2745782, 2, 0
2745793, 3, 0
2745907, 2, 0
2745918, 3, 1
2746032, 2, 1
2746043, 3, 0
2746157, 2, 0
2746168, 3, 1
2746283, 2, 1
2746293, 3, 0
2746408, 2, 1
2746418, 3, 1
2746533, 2, 0
2746543, 3, 0
2746658, 2, bit 1
2746658, 2, 1
2746668, 3, 0
2746783, 2, 0
2746793, 3, 1
2746908, 2, 0
2746918, 3, 1
2747033, 2, 1
2747043, 3, 0
2747158, 2, 1
2747168, 3, 0
2747283, 2, 0
2747293, 3, 1
2747408, 2, 1
2747418, 3, bit 0
2747418, 3, 1
2747533, 2, 0
2747543, 3, 0
2747658, 2, 0
2747668, 3, 1
2747783, 2, 1
2747793, 3, 0
2747908, 2, 0
2747918, 3, 1
2748033, 2, 1
2748043, 3, 0
2748158, 2, 1
2748168, 3, 1
2748283, 2, 0
2748293, 3, 0
2748408, 2, bit 0
2748408, 2, 0
2748418, 3, 0
2748533, 2, 1
2748544, 3, 1
2748658, 2, 1
2748669, 3, 1
2748783, 2, 0
2748794, 3, 0
2748908, 2, 0
2748919, 3, 0
2749033, 2, 1
2749044, 3, 1
2749158, 2, 0
2749169, 3, bit 1
2749169, 3, 0
2749283, 2, 1
2749294, 3, 1
2749408, 2, 1
2749419, 3, 0
2749533, 2, 0
2749544, 3, 1
2749658, 2, 1
2749669, 3, 0
2749783, 2, 0
2749794, 3, 1
2749908, 2, 0
2749919, 3, 0
2750033, 2, 1
2750044, 3, 1
2750169, 3, 1
2750294, 3, 0
2750419, 3, 0
2750544, 3, 1
2750669, 3, 1
2750794, 3, 0
2750919, 3, bit 1
2750919, 3, 0
2751044, 3, 1
2751169, 3, 0
2751294, 3, 1
2751419, 3, 0
2751544, 3, 1
2751669, 3, 0
2751794, 3, 1
2751919, 3, 1
2752044, 3, 0
2752169, 3, 0
2752294, 3, 1
2752419, 3, 1
2752544, 3, 0
2752669, 3, bit 0
2752669, 3, 1
2752794, 3, 0
2752919, 3, 1
2753044, 3, 0
2753169, 3, 1
2753294, 3, 0
2753419, 3, 1
2753544, 3, 0
2753669, 3, 0
2753794, 3, 1
2753920, 3, 1
2754045, 3, 0
2754170, 3, 0
2754295, 3, 1
2754420, 3, bit 0
2754420, 3, 1
2754545, 3, 0
2754670, 3, 1
2754795, 3, 0
2754920, 3, 1
2755045, 3, 0
2755170, 3, 1
2755295, 3, 0
2755420, 3, 0
2755545, 3, 1
2755670, 3, 1
2755795, 3, 0
2755920, 3, 0
2756045, 3, 1
2756170, 3, bit 1
2756170, 3, 0
2756295, 3, 1
2756420, 3, 0
2756545, 3, 1
2756670, 3, 0
2756795, 3, 1
2756920, 3, 0
2757045, 3, 1
2757170, 3, 1
2757295, 3, 0
2757420, 3, 0
2757545, 3, 1
2757670, 3, 1
2757795, 3, 0
2757920, 3, bit 0
2757920, 3, 1
2758045, 3, 0
2758170, 3, 1
2758295, 3, 0
2758420, 3, 1
2758545, 3, 0
2758670, 3, 1
2758795, 3, 0
2758920, 3, 0
2759045, 3, 1
2759170, 3, 1
2759296, 3, 0
2759421, 3, 0
2759546, 3, 1
2759671, 3, bit 1
2759671, 3, 0
2759796, 3, 1
2759921, 3, 0
2760046, 3, 1
2760171, 3, 0
2760296, 3, 1
2760421, 3, 0
2760546, 3, 1
2760671, 3, 1
2760796, 3, 0
2760921, 3, 0
2761046, 3, 1
2761171, 3, 1
2761296, 3, 0
2761421, 3, bit 1
2761421, 3, 0
2761546, 3, 1
2761671, 3, 0
2761796, 3, 1
2761921, 3, 0
2762046, 3, 1
2762171, 3, 0
2762296, 3, 1
2762421, 3, 1
2762546, 3, 0
2762671, 3, 0
2762796, 3, 1
2762921, 3, 1
2763046, 3, 0
2763171, 3, bit 0
2763171, 3, 1
2763296, 3, 0
2763421, 3, 1
2763546, 3, 0
2763671, 3, 1
2763796, 3, 0
2763921, 3, 1
2764046, 3, 0
2764171, 3, 0
2764296, 3, 1
2764421, 3, 1
2764546, 3, 0
2764672, 3, 0
2764797, 3, 1
2764922, 3, bit 1
2764922, 3, 0
2765047, 3, 1
2765172, 3, 0
2765297, 3, 1
2765422, 3, 0
2765547, 3, 1
2765672, 3, 0
2765797, 3, 1
2765922, 3, 1
2766047, 3, 0
2766172, 3, 0
2766297, 3, 1
2766422, 3, 1
2766547, 3, 0
2766672, 3, bit 0
2766672, 3, 1
2766797, 3, 0
2766922, 3, 1
2767047, 3, 0
2767172, 3, 1
2767297, 3, 0
2767422, 3, 1
2767547, 3, 0
2767672, 3, 0
2767797, 3, 1
2767922, 3, 1
2768047, 3, 0
2768172, 3, 0
2768297, 3, 1
2768422, 3, bit 0
2768422, 3, 1
2768547, 3, 0
2768672, 3, 1
2768797, 3, 0
2768922, 3, 1
2769047, 3, 0
2769172, 3, 1
2769297, 3, 0
2769422, 3, 0
2769547, 3, 1
2769672, 3, 1
2769797, 3, 0
2769922, 3, 0
2770048, 3, 1
2770173, 3, bit 0
2770173, 3, 1
2770298, 3, 0
2770423, 3, 1
2770548, 3, 0
2770673, 3, 1
2770798, 3, 0
2770923, 3, 1
2771048, 3, 0
2771173, 3, 0
2771298, 3, 1
2771423, 3, 1
2771548, 3, 0
2771673, 3, 0
2771798, 3, 1
2771923, 3, bit 1
2771923, 3, 0
2772048, 3, 1
2772173, 3, 0
2772298, 3, 1
2772423, 3, 0
2772548, 3, 1
2772673, 3, 0
2772798, 3, 1
2772923, 3, 1
2773048, 3, 0
2773173, 3, 0
2773298, 3, 1
2773423, 3, 1
2773548, 3, 0
2773673, 3, bit 1
2773673, 3, 0
2773798, 3, 1
2773923, 3, 0
2774048, 3, 1
2774173, 3, 0
2774298, 3, 1
2774423, 3, 0
2774548, 3, 1
2774673, 3, 1
2774798, 3, 0
2774923, 3, 0
2775048, 3, 1
2775173, 3, 1
2775298, 3, 0
2775424, 3, bit 1
2775424, 3, 0
2775549, 3, 1
2775674, 3, 0
2775799, 3, 1
2775924, 3, 0
2776049, 3, 1
2776174, 3, 0
2776299, 3, 1
2776424, 3, 1
2776549, 3, 0
2776674, 3, 0
2776799, 3, 1
2776924, 3, 1
2777049, 3, 0
2777174, 3, bit 0
2777174, 3, 1
2777299, 3, 0
2777424, 3, 1
2777549, 3, 0
2777674, 3, 1
2777799, 3, 0
2777924, 3, 1
2778049, 3, 0
2778174, 3, 0
2778299, 3, 1
2778424, 3, 1
2778549, 3, 0
2778674, 3, 0
2778799, 3, 1
2778924, 3, bit 1
2778924, 3, 0
2779049, 3, 1
2779174, 3, 0
2779299, 3, 1
2779424, 3, 0
2779549, 3, 1
2779674, 3, 0
2779799, 3, 1
2779924, 3, 1
2780049, 3, 0
2780174, 3, 0
2780299, 3, 1
2780424, 3, 1
2780549, 3, 0
