125 100 4 7 16
(2, 20, 8, 10.00), (code 6)
(3, 258, 9, 10.00), (code 2)
(4, 496, 9, 10.00), (code 0)
(5, 734, 5, 10.00), (code 1)
START
1876247, 0, prem 0
1876247, 0, 0
1876372, 0, 0
1876497, 0, 0
1876622, 0, 0
1876747, 0, 0
1876872, 0, 0
1876997, 0, 0
1877122, 0, 0
1877248, 0, 0
1877373, 0, 0
1877498, 0, 0
1877623, 0, 0
1877748, 0, 0
1877873, 0, 0
1877998, 0, 0
1878123, 0, 0
1878248, 0, 1
1878373, 0, 1
1878498, 0, 1
1878623, 0, 1
1878748, 0, 1
1878873, 0, 1
1878998, 0, 1
1879123, 0, 1
1879248, 0, 1
1879373, 0, 1
1879498, 0, 1
1879623, 0, 1
1879748, 0, 1
1879873, 0, 1
1879998, 0, 1
1880123, 0, 1
1880248, 0, prem 0
1880248, 0, 0
1880373, 0, 0
1880498, 0, 0
1880623, 0, 0
1880748, 0, 0
1880873, 0, 0
1880998, 0, 0
1881123, 0, 0
1881248, 0, 0
1881373, 0, 0
1881498, 0, 0
1881623, 0, 0
1881748, 0, 0
1881873, 0, 0
1881998, 0, 0
1882123, 0, 0
1882248, 0, 1
1882373, 0, 1
1882498, 0, 1
1882624, 0, 1
1882749, 0, 1
1882874, 0, 1
1882999, 0, 1
1883124, 0, 1
1883249, 0, 1
1883374, 0, 1
1883499, 0, 1
1883624, 0, 1
1883749, 0, 1
1883874, 0, 1
1883999, 0, 1
1884124, 0, 1
1884249, 0, prem 1
1884249, 0, 1
1884374, 0, 1
1884499, 0, 1
1884624, 0, 1
1884749, 0, 1
1884874, 0, 1
1884999, 0, 1
1885124, 0, 1
1885249, 0, 1
1885374, 0, 1
1885499, 0, 1
1885624, 0, 1
1885749, 0, 1
1885874, 0, 1
1885999, 0, 1
1886124, 0, 1
1886249, 0, 0
1886374, 0, 0
1886499, 0, 0
1886624, 0, 0
1886749, 0, 0
1886874, 0, 0
1886999, 0, 0
1887124, 0, 0
1887249, 0, 0
1887374, 0, 0
1887499, 0, 0
1887624, 0, 0
1887749, 0, 0
1887874, 0, 0
1888000, 0, 0
1888125, 0, 0
1888250, 0, prem 0
1888250, 0, 0
1888375, 0, 0
1888500, 0, 0
1888625, 0, 0
1888750, 0, 0
1888875, 0, 0
1889000, 0, 0
1889125, 0, 0
1889250, 0, 0
1889375, 0, 0
1889500, 0, 0
1889625, 0, 0
1889750, 0, 0
1889875, 0, 0
1890000, 0, 0
1890125, 0, 0
1890250, 0, 1
1890375, 0, 1
1890500, 0, 1
1890625, 0, 1
1890750, 0, 1
1890875, 0, 1
1891000, 0, 1
1891125, 0, 1
1891250, 0, 1
1891375, 0, 1
1891500, 0, 1
1891625, 0, 1
1891750, 0, 1
1891875, 0, 1
1892000, 0, 1
1892125, 0, 1
1892250, 0, prem 0
1892250, 0, 0
1892375, 0, 0
1892500, 0, 0
1892625, 0, 0
1892750, 0, 0
1892875, 0, 0
1893000, 0, 0
1893125, 0, 0
1893250, 0, 0
1893376, 0, 0
1893501, 0, 0
1893626, 0, 0
1893751, 0, 0
1893876, 0, 0
1894001, 0, 0
1894126, 0, 0
1894251, 0, 1
1894376, 0, 1
1894501, 0, 1
1894626, 0, 1
1894751, 0, 1
1894876, 0, 1
1895001, 0, 1
1895126, 0, 1
1895251, 0, 1
1895376, 0, 1
1895501, 0, 1
1895626, 0, 1
1895751, 0, 1
1895876, 0, 1
1896001, 0, 1
1896126, 0, 1
1896251, 0, prem 1
1896251, 0, 1
1896376, 0, 1
1896501, 0, 1
1896626, 0, 1
1896751, 0, 1
1896876, 0, 1
1897001, 0, 1
1897126, 0, 1
1897251, 0, 1
1897376, 0, 1
1897501, 0, 1
1897626, 0, 1
1897751, 0, 1
1897876, 0, 1
1898001, 0, 1
1898126, 0, 1
1898251, 0, 0
1898376, 0, 0
1898501, 0, 0
1898626, 0, 0
1898752, 0, 0
1898877, 0, 0
1899002, 0, 0
1899127, 0, 0
1899252, 0, 0
1899377, 0, 0
1899502, 0, 0
1899627, 0, 0
1899752, 0, 0
1899877, 0, 0
1900002, 0, 0
1900127, 0, 0
1900252, 0, prem 0
1900252, 0, 0
1900377, 0, 0
1900502, 0, 0
1900627, 0, 0
1900752, 0, 0
1900877, 0, 0
1901002, 0, 0
1901127, 0, 0
1901252, 0, 0
1901377, 0, 0
1901502, 0, 0
1901627, 0, 0
1901752, 0, 0
1901877, 0, 0
1902002, 0, 0
1902127, 0, 0
1902252, 0, 1
1902377, 0, 1
1902502, 0, 1
1902627, 0, 1
1902752, 0, 1
1902877, 0, 1
1903002, 0, 1
1903127, 0, 1
1903252, 0, 1
1903377, 0, 1
1903502, 0, 1
1903627, 0, 1
1903752, 0, 1
1903877, 0, 1
1904002, 0, 1
1904128, 0, 1
1904253, 0, bit 1
1904253, 0, 0
1904378, 0, 1
1904503, 0, 0
1904628, 0, 1
1904753, 0, 1
1904878, 0, 0
1905003, 0, 0
1905128, 0, 1
1905253, 0, 0
1905378, 0, 1
1905503, 0, 1
1905628, 0, 0
1905753, 0, 0
1905878, 0, 1
1906003, 0, bit 0
1906003, 0, 1
1906128, 0, 0
1906132, 1, prem 0
1906132, 1, 0
1906253, 0, 1
1906257, 1, 0
1906378, 0, 0
1906382, 1, 0
1906503, 0, 0
1906507, 1, 0
1906628, 0, 1
1906632, 1, 0
1906753, 0, 1
1906757, 1, 0
1906878, 0, 0
1906882, 1, 0
1907003, 0, 1
1907007, 1, 0
1907128, 0, 0
1907132, 1, 0
1907253, 0, 0
1907257, 1, 0
1907378, 0, 1
1907382, 1, 0
1907503, 0, 1
1907507, 1, 0
1907628, 0, 0
1907632, 1, 0
1907753, 0, bit 1
1907753, 0, 0
1907757, 1, 0
1907878, 0, 1
1907883, 1, 0
1908003, 0, 0
1908008, 1, 0
1908128, 0, 1
1908133, 1, 1
1908253, 0, 1
1908258, 1, 1
1908378, 0, 0
1908383, 1, 1
1908503, 0, 0
1908508, 1, 1
1908628, 0, 1
1908633, 1, 1
1908753, 0, 0
1908758, 1, 1
1908878, 0, 1
1908883, 1, 1
1909003, 0, 1
1909008, 1, 1
1909128, 0, 0
1909133, 1, 1
1909253, 0, 0
1909258, 1, 1
1909378, 0, 1
1909383, 1, 1
1909504, 0, bit 1
1909504, 0, 0
1909508, 1, 1
1909629, 0, 1
1909633, 1, 1
1909754, 0, 0
1909758, 1, 1
1909879, 0, 1
1909883, 1, 1
1910004, 0, 1
1910008, 1, 1
1910129, 0, 0
1910133, 1, prem 1
1910133, 1, 1
1910254, 0, 0
1910258, 1, 1
1910379, 0, 1
1910383, 1, 1
1910504, 0, 0
1910508, 1, 1
1910629, 0, 1
1910633, 1, 1
1910754, 0, 1
1910758, 1, 1
1910879, 0, 0
1910883, 1, 1
1911004, 0, 0
1911008, 1, 1
1911129, 0, 1
1911133, 1, 1
1911254, 0, bit 0
1911254, 0, 1
1911258, 1, 1
1911379, 0, 0
1911383, 1, 1
1911504, 0, 1
1911508, 1, 1
1911629, 0, 0
1911633, 1, 1
1911754, 0, 0
1911758, 1, 1
1911879, 0, 1
1911883, 1, 1
1912004, 0, 1
1912008, 1, 1
1912129, 0, 0
1912133, 1, 0
1912254, 0, 1
1912258, 1, 0
1912379, 0, 0
1912383, 1, 0
1912504, 0, 0
1912508, 1, 0
1912629, 0, 1
1912633, 1, 0
1912754, 0, 1
1912758, 1, 0
1912879, 0, 0
1912883, 1, 0
1913004, 0, bit 0
1913004, 0, 1
1913008, 1, 0
1913129, 0, 0
1913133, 1, 0
1913254, 0, 1
1913259, 1, 0
1913379, 0, 0
1913384, 1, 0
1913504, 0, 0
1913509, 1, 0
1913629, 0, 1
1913634, 1, 0
1913754, 0, 1
1913759, 1, 0
1913879, 0, 0
1913884, 1, 0
1914004, 0, 1
1914009, 1, 0
1914129, 0, 0
1914134, 1, prem 0
1914134, 1, 0
1914254, 0, 0
1914259, 1, 0
1914379, 0, 1
1914384, 1, 0
1914504, 0, 1
1914509, 1, 0
1914629, 0, 0
1914634, 1, 0
1914754, 0, bit 1
1914754, 0, 0
1914759, 1, 0
1914880, 0, 1
1914884, 1, 0
1915005, 0, 0
1915009, 1, 0
1915130, 0, 1
1915134, 1, 0
1915255, 0, 1
1915259, 1, 0
1915380, 0, 0
1915384, 1, 0
1915505, 0, 0
1915509, 1, 0
1915630, 0, 1
1915634, 1, 0
1915755, 0, 0
1915759, 1, 0
1915880, 0, 1
1915884, 1, 0
1916005, 0, 1
1916009, 1, 0
1916130, 0, 0
1916134, 1, 1
1916255, 0, 0
1916259, 1, 1
1916380, 0, 1
1916384, 1, 1
1916505, 0, bit 0
1916505, 0, 1
1916509, 1, 1
1916630, 0, 0
1916634, 1, 1
1916755, 0, 1
1916759, 1, 1
1916880, 0, 0
1916884, 1, 1
1917005, 0, 0
1917009, 1, 1
1917130, 0, 1
1917134, 1, 1
1917255, 0, 1
1917259, 1, 1
1917380, 0, 0
1917384, 1, 1
1917505, 0, 1
1917509, 1, 1
1917630, 0, 0
1917634, 1, 1
1917755, 0, 0
1917759, 1, 1
1917880, 0, 1
1917884, 1, 1
1918005, 0, 1
1918009, 1, 1
1918130, 0, 0
1918134, 1, prem 1
1918134, 1, 1
1918255, 0, bit 0
1918255, 0, 1
1918259, 1, 1
1918380, 0, 0
1918384, 1, 1
1918505, 0, 1
1918509, 1, 1
1918630, 0, 0
1918635, 1, 1
1918755, 0, 0
1918760, 1, 1
1918880, 0, 1
1918885, 1, 1
1919005, 0, 1
1919010, 1, 1
1919130, 0, 0
1919135, 1, 1
1919255, 0, 1
1919260, 1, 1
1919380, 0, 0
1919385, 1, 1
1919505, 0, 0
1919510, 1, 1
1919630, 0, 1
1919635, 1, 1
1919755, 0, 1
1919760, 1, 1
1919880, 0, 0
1919885, 1, 1
1920005, 0, bit 0
1920005, 0, 1
1920010, 1, 1
1920130, 0, 0
1920135, 1, 0
1920256, 0, 1
1920260, 1, 0
1920381, 0, 0
1920385, 1, 0
1920506, 0, 0
1920510, 1, 0
1920631, 0, 1
1920635, 1, 0
1920756, 0, 1
1920760, 1, 0
1920881, 0, 0
1920885, 1, 0
1921006, 0, 1
1921010, 1, 0
1921131, 0, 0
1921135, 1, 0
1921256, 0, 0
1921260, 1, 0
1921381, 0, 1
1921385, 1, 0
1921506, 0, 1
1921510, 1, 0
1921631, 0, 0
1921635, 1, 0
1921756, 0, bit 1
1921756, 0, 0
1921760, 1, 0
1921881, 0, 1
1921885, 1, 0
1922006, 0, 0
1922010, 1, 0
1922131, 0, 1
1922135, 1, prem 0
1922135, 1, 0
1922256, 0, 1
1922260, 1, 0
1922381, 0, 0
1922385, 1, 0
1922506, 0, 0
1922510, 1, 0
1922631, 0, 1
1922635, 1, 0
1922756, 0, 0
1922760, 1, 0
1922881, 0, 1
1922885, 1, 0
1923006, 0, 1
1923010, 1, 0
1923131, 0, 0
1923135, 1, 0
1923256, 0, 0
1923260, 1, 0
1923381, 0, 1
1923385, 1, 0
1923506, 0, bit 1
1923506, 0, 0
1923510, 1, 0
1923631, 0, 1
1923635, 1, 0
1923756, 0, 0
1923760, 1, 0
1923881, 0, 1
1923885, 1, 0
1924006, 0, 1
1924011, 1, 0
1924131, 0, 0
1924136, 1, 1
1924256, 0, 0
1924261, 1, 1
1924381, 0, 1
1924386, 1, 1
1924506, 0, 0
1924511, 1, 1
1924631, 0, 1
1924636, 1, 1
1924756, 0, 1
1924761, 1, 1
1924881, 0, 0
1924886, 1, 1
1925006, 0, 0
1925011, 1, 1
1925131, 0, 1
1925136, 1, 1
1925256, 0, bit 0
1925256, 0, 1
1925261, 1, 1
1925381, 0, 0
1925386, 1, 1
1925506, 0, 1
1925511, 1, 1
1925632, 0, 0
1925636, 1, 1
1925757, 0, 0
1925761, 1, 1
1925882, 0, 1
1925886, 1, 1
1926007, 0, 1
1926011, 1, 1
1926132, 0, 0
1926136, 1, prem 1
1926136, 1, 1
1926257, 0, 1
1926261, 1, 1
1926382, 0, 0
1926386, 1, 1
1926507, 0, 0
1926511, 1, 1
1926632, 0, 1
1926636, 1, 1
1926757, 0, 1
1926761, 1, 1
1926882, 0, 0
1926886, 1, 1
1927007, 0, bit 0
1927007, 0, 1
1927011, 1, 1
1927132, 0, 0
1927136, 1, 1
1927257, 0, 1
1927261, 1, 1
1927382, 0, 0
1927386, 1, 1
1927507, 0, 0
1927511, 1, 1
1927632, 0, 1
1927636, 1, 1
1927757, 0, 1
1927761, 1, 1
1927882, 0, 0
1927886, 1, 1
1928007, 0, 1
1928011, 1, 1
1928132, 0, 0
1928136, 1, 0
1928257, 0, 0
1928261, 1, 0
1928382, 0, 1
1928386, 1, 0
1928507, 0, 1
1928511, 1, 0
1928632, 0, 0
1928636, 1, 0
1928757, 0, bit 1
1928757, 0, 0
1928761, 1, 0
1928882, 0, 1
1928886, 1, 0
1929007, 0, 0
1929011, 1, 0
1929132, 0, 1
1929136, 1, 0
1929257, 0, 1
1929261, 1, 0
1929382, 0, 0
1929387, 1, 0
1929507, 0, 0
1929512, 1, 0
1929632, 0, 1
1929637, 1, 0
1929757, 0, 0
1929762, 1, 0
1929882, 0, 1
1929887, 1, 0
1930007, 0, 1
1930012, 1, 0
1930132, 0, 0
1930137, 1, prem 1
1930137, 1, 1
1930257, 0, 0
1930262, 1, 1
1930382, 0, 1
1930387, 1, 1
1930507, 0, bit 0
1930507, 0, 1
1930512, 1, 1
1930632, 0, 0
1930637, 1, 1
1930757, 0, 1
1930762, 1, 1
1930882, 0, 0
1930887, 1, 1
1931008, 0, 0
1931012, 1, 1
1931133, 0, 1
1931137, 1, 1
1931258, 0, 1
1931262, 1, 1
1931383, 0, 0
1931387, 1, 1
1931508, 0, 1
1931512, 1, 1
1931633, 0, 0
1931637, 1, 1
1931758, 0, 0
1931762, 1, 1
1931883, 0, 1
1931887, 1, 1
1932008, 0, 1
1932012, 1, 1
1932133, 0, 0
1932137, 1, 0
1932258, 0, bit 1
1932258, 0, 0
1932262, 1, 0
1932383, 0, 1
1932387, 1, 0
1932508, 0, 0
1932512, 1, 0
1932633, 0, 1
1932637, 1, 0
1932758, 0, 1
1932762, 1, 0
1932883, 0, 0
1932887, 1, 0
1933008, 0, 0
1933012, 1, 0
1933133, 0, 1
1933137, 1, 0
1933258, 0, 0
1933262, 1, 0
1933383, 0, 1
1933387, 1, 0
1933508, 0, 1
1933512, 1, 0
1933633, 0, 0
1933637, 1, 0
1933758, 0, 0
1933762, 1, 0
1933883, 0, 1
1933887, 1, 0
1934008, 0, bit 0
1934008, 0, 1
1934012, 1, 0
1934133, 0, 0
1934137, 1, bit 1
1934137, 1, 0
1934258, 0, 1
1934262, 1, 1
1934383, 0, 0
1934387, 1, 1
1934508, 0, 0
1934512, 1, 0
1934633, 0, 1
1934637, 1, 0
1934758, 0, 1
1934763, 1, 1
1934883, 0, 0
1934888, 1, 1
1935008, 0, 1
1935013, 1, 0
1935133, 0, 0
1935138, 1, 0
1935258, 0, 0
1935263, 1, 1
1935383, 0, 1
1935388, 1, 1
1935508, 0, 1
1935513, 1, 0
1935633, 0, 0
1935638, 1, 1
1935758, 0, bit 1
1935758, 0, 0
1935763, 1, 0
1935883, 0, 1
1935888, 1, bit 1
1935888, 1, 0
1935891, 2, prem 0
1935891, 2, 0
1936008, 0, 0
1936013, 1, 1
1936016, 2, 0
1936133, 0, 1
1936138, 1, 1
1936141, 2, 0
1936258, 0, 1
1936263, 1, 0
1936266, 2, 0
1936384, 0, 0
1936388, 1, 0
1936391, 2, 0
1936509, 0, 0
1936513, 1, 1
1936516, 2, 0
1936634, 0, 1
1936638, 1, 1
1936641, 2, 0
1936759, 0, 0
1936763, 1, 0
1936766, 2, 0
1936884, 0, 1
1936888, 1, 0
1936891, 2, 0
1937009, 0, 1
1937013, 1, 1
1937016, 2, 0
1937134, 0, 0
1937138, 1, 1
1937141, 2, 0
1937259, 0, 0
1937263, 1, 0
1937266, 2, 0
1937384, 0, 1
1937388, 1, 1
1937391, 2, 0
1937509, 0, bit 0
1937509, 0, 1
1937513, 1, 0
1937516, 2, 0
1937634, 0, 0
1937638, 1, bit 0
1937638, 1, 1
1937641, 2, 0
1937759, 0, 1
1937763, 1, 0
1937766, 2, 0
1937884, 0, 0
1937888, 1, 0
1937891, 2, 1
1938009, 0, 0
1938013, 1, 1
1938016, 2, 1
1938134, 0, 1
1938138, 1, 1
1938141, 2, 1
1938259, 0, 1
1938263, 1, 0
1938266, 2, 1
1938384, 0, 0
1938388, 1, 0
1938391, 2, 1
1938509, 0, 1
1938513, 1, 1
1938516, 2, 1
1938634, 0, 0
1938638, 1, 1
1938641, 2, 1
1938759, 0, 0
1938763, 1, 0
1938766, 2, 1
1938884, 0, 1
1938888, 1, 0
1938891, 2, 1
1939009, 0, 1
1939013, 1, 1
1939016, 2, 1
1939134, 0, 0
1939138, 1, 0
1939141, 2, 1
1939259, 0, bit 0
1939259, 0, 1
1939263, 1, 1
1939266, 2, 1
1939384, 0, 0
1939388, 1, bit 0
1939388, 1, 1
1939391, 2, 1
1939509, 0, 1
1939513, 1, 0
1939516, 2, 1
1939634, 0, 0
1939638, 1, 0
1939641, 2, 1
1939759, 0, 0
1939763, 1, 1
1939766, 2, 1
1939884, 0, 1
1939888, 1, 1
1939891, 2, prem 1
1939891, 2, 1
1940009, 0, 1
1940013, 1, 0
1940016, 2, 1
1940134, 0, 0
1940139, 1, 0
1940141, 2, 1
1940259, 0, 1
1940264, 1, 1
1940267, 2, 1
1940384, 0, 0
1940389, 1, 1
1940392, 2, 1
1940509, 0, 0
1940514, 1, 0
1940517, 2, 1
1940634, 0, 1
1940639, 1, 0
1940642, 2, 1
1940759, 0, 1
1940764, 1, 1
1940767, 2, 1
1940884, 0, 0
1940889, 1, 0
1940892, 2, 1
1941009, 0, bit 0
1941009, 0, 1
1941014, 1, 1
1941017, 2, 1
1941134, 0, 0
1941139, 1, bit 0
1941139, 1, 1
1941142, 2, 1
1941259, 0, 1
1941264, 1, 0
1941267, 2, 1
1941384, 0, 0
1941389, 1, 0
1941392, 2, 1
1941509, 0, 0
1941514, 1, 1
1941517, 2, 1
1941634, 0, 1
1941639, 1, 1
1941642, 2, 1
1941760, 0, 1
1941764, 1, 0
1941767, 2, 1
1941885, 0, 0
1941889, 1, 0
1941892, 2, 0
1942010, 0, 1
1942014, 1, 1
1942017, 2, 0
1942135, 0, 0
1942139, 1, 1
1942142, 2, 0
1942260, 0, 0
1942264, 1, 0
1942267, 2, 0
1942385, 0, 1
1942389, 1, 0
1942392, 2, 0
1942510, 0, 1
1942514, 1, 1
1942517, 2, 0
1942635, 0, 0
1942639, 1, 0
1942642, 2, 0
1942760, 0, bit 0
1942760, 0, 1
1942764, 1, 1
1942767, 2, 0
1942885, 0, 0
1942889, 1, bit 1
1942889, 1, 0
1942892, 2, 0
1943010, 0, 1
1943014, 1, 1
1943017, 2, 0
1943135, 0, 0
1943139, 1, 1
1943142, 2, 0
1943260, 0, 0
1943264, 1, 0
1943267, 2, 0
1943385, 0, 1
1943389, 1, 0
1943392, 2, 0
1943510, 0, 1
1943514, 1, 1
1943517, 2, 0
1943635, 0, 0
1943639, 1, 1
1943642, 2, 0
1943760, 0, 1
1943764, 1, 0
1943767, 2, 0
1943885, 0, 0
1943889, 1, 0
1943892, 2, prem 1
1943892, 2, 1
1944010, 0, 0
1944014, 1, 1
1944017, 2, 1
1944135, 0, 1
1944139, 1, 1
1944142, 2, 1
1944260, 0, 1
1944264, 1, 0
1944267, 2, 1
1944385, 0, 0
1944389, 1, 1
1944392, 2, 1
1944510, 0, bit 0
1944510, 0, 1
1944514, 1, 0
1944517, 2, 1
1944635, 0, 0
1944639, 1, bit 0
1944639, 1, 1
1944642, 2, 1
1944760, 0, 1
1944764, 1, 0
1944767, 2, 1
1944885, 0, 0
1944889, 1, 0
1944892, 2, 1
1945010, 0, 0
1945014, 1, 1
1945017, 2, 1
1945135, 0, 1
1945139, 1, 1
1945142, 2, 1
1945260, 0, 1
1945264, 1, 0
1945267, 2, 1
1945385, 0, 0
1945389, 1, 0
1945392, 2, 1
1945510, 0, 1
1945515, 1, 1
1945517, 2, 1
1945635, 0, 0
1945640, 1, 1
1945643, 2, 1
1945760, 0, 0
1945765, 1, 0
1945768, 2, 1
1945885, 0, 1
1945890, 1, 0
1945893, 2, 0
1946010, 0, 1
1946015, 1, 1
1946018, 2, 0
1946135, 0, 0
1946140, 1, 0
1946143, 2, 0
1946260, 0, bit 0
1946260, 0, 1
1946265, 1, 1
1946268, 2, 0
1946385, 0, 0
1946390, 1, bit 0
1946390, 1, 1
1946393, 2, 0
1946510, 0, 1
1946515, 1, 0
1946518, 2, 0
1946635, 0, 0
1946640, 1, 0
1946643, 2, 0
1946760, 0, 0
1946765, 1, 1
1946768, 2, 0
1946885, 0, 1
1946890, 1, 1
1946893, 2, 0
1947010, 0, 1
1947015, 1, 0
1947018, 2, 0
1947136, 0, 0
1947140, 1, 0
1947143, 2, 0
1947261, 0, 1
1947265, 1, 1
1947268, 2, 0
1947386, 0, 0
1947390, 1, 1
1947393, 2, 0
1947511, 0, 0
1947515, 1, 0
1947518, 2, 0
1947636, 0, 1
1947640, 1, 0
1947643, 2, 0
1947761, 0, 1
1947765, 1, 1
1947768, 2, 0
1947886, 0, 0
1947890, 1, 0
1947893, 2, prem 1
1947893, 2, 1
1948011, 0, bit 0
1948011, 0, 1
1948015, 1, 1
1948018, 2, 1
1948136, 0, 0
1948140, 1, bit 1
1948140, 1, 0
1948143, 2, 1
1948261, 0, 1
1948265, 1, 1
1948268, 2, 1
1948386, 0, 0
1948390, 1, 1
1948393, 2, 1
1948511, 0, 0
1948515, 1, 0
1948518, 2, 1
1948636, 0, 1
1948640, 1, 0
1948643, 2, 1
1948761, 0, 1
1948765, 1, 1
1948768, 2, 1
1948886, 0, 0
1948890, 1, 1
1948893, 2, 1
1949011, 0, 1
1949015, 1, 0
1949018, 2, 1
1949136, 0, 0
1949140, 1, 0
1949143, 2, 1
1949261, 0, 0
1949265, 1, 1
1949268, 2, 1
1949386, 0, 1
1949390, 1, 1
1949393, 2, 1
1949511, 0, 1
1949515, 1, 0
1949518, 2, 1
1949636, 0, 0
1949640, 1, 1
1949643, 2, 1
1949761, 0, bit 0
1949764, 0, 1
1949765, 1, 0
1949768, 2, 1
1949886, 0, 0
1949890, 1, bit 0
1949890, 1, 1
1949893, 2, 0
1950011, 0, 1
1950015, 1, 0
1950018, 2, 0
1950136, 0, 0
1950140, 1, 0
1950143, 2, 0
1950261, 0, 0
1950265, 1, 1
1950268, 2, 0
1950386, 0, 1
1950390, 1, 1
1950393, 2, 0
1950511, 0, 1
1950515, 1, 0
1950518, 2, 0
1950636, 0, 0
1950640, 1, 0
1950643, 2, 0
1950761, 0, 1
1950765, 1, 1
1950768, 2, 0
1950886, 0, 0
1950891, 1, 1
1950893, 2, 0
1951011, 0, 0
1951016, 1, 0
1951019, 2, 0
1951136, 0, 1
1951141, 1, 0
1951144, 2, 0
1951261, 0, 1
1951266, 1, 1
1951269, 2, 0
1951386, 0, 0
1951391, 1, 0
1951394, 2, 0
1951511, 0, bit 1
1951511, 0, 0
1951516, 1, 1
1951519, 2, 0
1951636, 0, 1
1951641, 1, bit 0
1951641, 1, 1
1951644, 2, 0
1951761, 0, 0
1951766, 1, 0
1951769, 2, 0
1951886, 0, 1
1951891, 1, 0
1951894, 2, prem 1
1951894, 2, 1
1952011, 0, 1
1952016, 1, 1
1952019, 2, 1
1952136, 0, 0
1952141, 1, 1
1952144, 2, 1
1952261, 0, 0
1952266, 1, 0
1952269, 2, 1
1952386, 0, 1
1952391, 1, 0
1952394, 2, 1
1952512, 0, 0
1952516, 1, 1
1952519, 2, 1
1952637, 0, 1
1952641, 1, 1
1952644, 2, 1
1952762, 0, 1
1952766, 1, 0
1952769, 2, 1
1952887, 0, 0
1952891, 1, 0
1952894, 2, 1
1953012, 0, 0
1953016, 1, 1
1953019, 2, 1
1953137, 0, 1
1953141, 1, 0
1953144, 2, 1
1953262, 0, bit 0
1953262, 0, 1
1953266, 1, 1
1953269, 2, 1
1953387, 0, 0
1953391, 1, bit 1
1953391, 1, 0
1953394, 2, 1
1953512, 0, 1
1953516, 1, 1
1953519, 2, 1
1953637, 0, 0
1953641, 1, 1
1953644, 2, 1
1953762, 0, 0
1953766, 1, 0
1953769, 2, 1
1953887, 0, 1
1953891, 1, 0
1953894, 2, 0
1954012, 0, 1
1954016, 1, 1
1954019, 2, 0
1954137, 0, 0
1954141, 1, 1
1954144, 2, 0
1954262, 0, 1
1954266, 1, 0
1954269, 2, 0
1954387, 0, 0
1954391, 1, 0
1954394, 2, 0
1954512, 0, 0
1954516, 1, 1
1954519, 2, 0
1954637, 0, 1
1954641, 1, 1
1954644, 2, 0
1954762, 0, 1
1954766, 1, 0
1954769, 2, 0
1954887, 0, 0
1954891, 1, 1
1954894, 2, 0
1955012, 0, bit 1
1955012, 0, 0
1955016, 1, 0
1955019, 2, 0
1955137, 0, 1
1955141, 1, bit 0
1955141, 1, 1
1955144, 2, 0
1955262, 0, 0
1955266, 1, 0
1955269, 2, 0
1955387, 0, 1
1955391, 1, 0
1955394, 2, 0
1955512, 0, 1
1955516, 1, 1
1955519, 2, 0
1955637, 0, 0
1955641, 1, 1
1955644, 2, 0
1955762, 0, 0
1955766, 1, 0
1955769, 2, 0
1955887, 0, 1
1955891, 1, 0
1955894, 2, prem 0
1955894, 2, 0
1956012, 0, 0
1956016, 1, 1
1956019, 2, 0
1956137, 0, 1
1956141, 1, 1
1956144, 2, 0
1956262, 0, 1
1956267, 1, 0
1956269, 2, 0
1956387, 0, 0
1956392, 1, 0
1956395, 2, 0
1956512, 0, 0
1956517, 1, 1
1956520, 2, 0
1956637, 0, 1
1956642, 1, 0
1956645, 2, 0
1956762, 0, bit 0
1956762, 0, 1
1956767, 1, 1
1956770, 2, 0
1956887, 0, 0
1956892, 1, bit 0
1956892, 1, 1
1956895, 2, 0
1957012, 0, 1
1957017, 1, 0
1957020, 2, 0
1957137, 0, 0
1957142, 1, 0
1957145, 2, 0
1957262, 0, 0
1957267, 1, 1
1957270, 2, 0
1957387, 0, 1
1957392, 1, 1
1957395, 2, 0
1957512, 0, 1
1957517, 1, 0
1957520, 2, 0
1957637, 0, 0
1957642, 1, 0
1957645, 2, 0
1957762, 0, 1
1957767, 1, 1
1957770, 2, 0
1957888, 0, 0
1957892, 1, 1
1957895, 2, 1
1958013, 0, 0
1958017, 1, 0
1958020, 2, 1
1958138, 0, 1
1958142, 1, 0
1958145, 2, 1
1958263, 0, 1
1958267, 1, 1
1958270, 2, 1
1958388, 0, 0
1958392, 1, 0
1958395, 2, 1
1958513, 0, bit 1
1958513, 0, 0
1958517, 1, 1
1958520, 2, 1
1958638, 0, 1
1958642, 1, bit 1
1958642, 1, 0
1958645, 2, 1
1958763, 0, 0
1958767, 1, 1
1958770, 2, 1
1958888, 0, 1
1958892, 1, 1
1958895, 2, 1
1959013, 0, 1
1959017, 1, 0
1959020, 2, 1
1959138, 0, 0
1959142, 1, 0
1959145, 2, 1
1959263, 0, 0
1959267, 1, 1
1959270, 2, 1
1959388, 0, 1
1959392, 1, 1
1959395, 2, 1
1959513, 0, 0
1959517, 1, 0
1959520, 2, 1
1959638, 0, 1
1959642, 1, 0
1959645, 2, 1
1959763, 0, 1
1959767, 1, 1
1959770, 2, 1
1959888, 0, 0
1959892, 1, 1
1959895, 2, prem 0
1959895, 2, 0
1960013, 0, 0
1960017, 1, 0
1960020, 2, 0
1960138, 0, 1
1960142, 1, 1
1960145, 2, 0
1960263, 0, bit 0
1960263, 0, 1
1960267, 1, 0
1960270, 2, 0
1960388, 0, 0
1960392, 1, bit 1
1960392, 1, 0
1960395, 2, 0
1960513, 0, 1
1960517, 1, 1
1960520, 2, 0
1960638, 0, 0
1960642, 1, 1
1960645, 2, 0
1960763, 0, 0
1960767, 1, 0
1960770, 2, 0
1960888, 0, 1
1960892, 1, 0
1960895, 2, 0
1961013, 0, 1
1961017, 1, 1
1961020, 2, 0
1961138, 0, 0
1961142, 1, 1
1961145, 2, 0
1961263, 0, 1
1961267, 1, 0
1961270, 2, 0
1961388, 0, 0
1961392, 1, 0
1961395, 2, 0
1961513, 0, 0
1961517, 1, 1
1961520, 2, 0
1961638, 0, 1
1961643, 1, 1
1961646, 2, 0
1961763, 0, 1
1961768, 1, 0
1961771, 2, 0
1961888, 0, 0
1961893, 1, 1
1961896, 2, 1
1962013, 0, bit 0
1962013, 0, 1
1962018, 1, 0
1962021, 2, 1
1962138, 0, 0
1962143, 1, bit 1
1962143, 1, 0
1962146, 2, 1
1962263, 0, 1
1962268, 1, 1
1962271, 2, 1
1962388, 0, 0
1962393, 1, 1
1962396, 2, 1
1962513, 0, 0
1962518, 1, 0
1962521, 2, 1
1962638, 0, 1
1962643, 1, 0
1962646, 2, 1
1962763, 0, 1
1962768, 1, 1
1962771, 2, 1
1962888, 0, 0
1962893, 1, 1
1962896, 2, 1
1963013, 0, 1
1963018, 1, 0
1963021, 2, 1
1963138, 0, 0
1963143, 1, 0
1963146, 2, 1
1963264, 0, 0
1963268, 1, 1
1963271, 2, 1
1963389, 0, 1
1963393, 1, 1
1963396, 2, 1
1963514, 0, 1
1963518, 1, 0
1963521, 2, 1
1963639, 0, 0
1963643, 1, 1
1963646, 2, 1
1963764, 0, bit 1
1963764, 0, 0
1963768, 1, 0
1963771, 2, 1
1963889, 0, 1
1963893, 1, bit 0
1963893, 1, 1
1963896, 2, bit 1
1963896, 2, 0
1964014, 0, 0
1964018, 1, 0
1964021, 2, 1
1964139, 0, 1
1964143, 1, 0
1964146, 2, 1
1964264, 0, 1
1964268, 1, 1
1964271, 2, 0
1964389, 0, 0
1964393, 1, 1
1964396, 2, 1
1964514, 0, 0
1964518, 1, 0
1964521, 2, 0
1964639, 0, 1
1964643, 1, 0
1964646, 2, 1
1964764, 0, 0
1964768, 1, 1
1964771, 2, 0
1964889, 0, 1
1964893, 1, 1
1964896, 2, 1
1965014, 0, 1
1965018, 1, 0
1965021, 2, 0
1965139, 0, 0
1965143, 1, 0
1965146, 2, 0
1965157, 3, prem 1
1965157, 3, 1
1965264, 0, 0
1965268, 1, 1
1965271, 2, 1
1965282, 3, 1
1965389, 0, 1
1965393, 1, 0
1965396, 2, 0
1965407, 3, 1
1965514, 0, bit 0
1965514, 0, 1
1965518, 1, 1
1965521, 2, 1
1965532, 3, 1
1965639, 0, 0
1965643, 1, bit 1
1965643, 1, 0
1965646, 2, bit 1
1965646, 2, 0
1965657, 3, 1
1965764, 0, 1
1965768, 1, 1
1965771, 2, 1
1965782, 3, 1
1965889, 0, 0
1965893, 1, 1
1965896, 2, 1
1965907, 3, 1
1966014, 0, 0
1966018, 1, 0
1966021, 2, 0
1966032, 3, 1
1966139, 0, 1
1966143, 1, 0
1966146, 2, 1
1966157, 3, 1
1966264, 0, 1
1966268, 1, 1
1966271, 2, 0
1966282, 3, 1
1966389, 0, 0
1966393, 1, 1
1966396, 2, 1
1966407, 3, 1
1966514, 0, 1
1966518, 1, 0
1966521, 2, 0
1966532, 3, 1
1966639, 0, 0
1966643, 1, 0
1966646, 2, 1
1966657, 3, 1
1966764, 0, 0
1966768, 1, 1
1966771, 2, 0
1966782, 3, 1
1966889, 0, 1
1966893, 1, 1
1966896, 2, 0
1966907, 3, 1
1967014, 0, 1
1967019, 1, 0
1967021, 2, 1
1967032, 3, 1
1967139, 0, 0
1967144, 1, 1
1967147, 2, 0
1967157, 3, 0
1967264, 0, bit 1
1967264, 0, 0
1967269, 1, 0
1967272, 2, 1
1967282, 3, 0
1967389, 0, 1
1967394, 1, bit 1
1967394, 1, 0
1967398, 2, bit 0
1967398, 2, 1
1967407, 3, 0
1967514, 0, 0
1967519, 1, 1
1967522, 2, 0
1967532, 3, 0
1967639, 0, 1
1967644, 1, 1
1967647, 2, 0
1967657, 3, 0
1967764, 0, 1
1967769, 1, 0
1967772, 2, 1
1967782, 3, 0
1967889, 0, 0
1967894, 1, 0
1967897, 2, 0
1967907, 3, 0
1968014, 0, 0
1968019, 1, 1
1968022, 2, 1
1968032, 3, 0
1968139, 0, 1
1968144, 1, 1
1968147, 2, 0
1968157, 3, 0
1968264, 0, 0
1968269, 1, 0
1968272, 2, 1
1968282, 3, 0
1968389, 0, 1
1968394, 1, 0
1968397, 2, 0
1968407, 3, 0
1968514, 0, 1
1968519, 1, 1
1968522, 2, 1
1968532, 3, 0
1968640, 0, 0
1968644, 1, 1
1968647, 2, 1
1968657, 3, 0
1968765, 0, 0
1968769, 1, 0
1968772, 2, 0
1968782, 3, 0
1968890, 0, 1
1968894, 1, 1
1968897, 2, 1
1968907, 3, 0
1969015, 0, bit 1
1969015, 0, 0
1969019, 1, 0
1969022, 2, 0
1969032, 3, 0
1969140, 0, 1
1969144, 1, bit 1
1969144, 1, 0
1969147, 2, bit 1
1969147, 2, 0
1969157, 3, prem 1
1969157, 3, 1
1969265, 0, 0
1969269, 1, 1
1969272, 2, 1
1969282, 3, 1
1969390, 0, 1
1969394, 1, 1
1969397, 2, 1
1969408, 3, 1
1969515, 0, 1
1969519, 1, 0
1969522, 2, 0
1969533, 3, 1
1969640, 0, 0
1969644, 1, 0
1969647, 2, 1
1969658, 3, 1
1969765, 0, 0
1969769, 1, 1
1969772, 2, 0
1969783, 3, 1
1969890, 0, 1
1969894, 1, 1
1969897, 2, 1
1969908, 3, 1
1970015, 0, 0
1970019, 1, 0
1970022, 2, 0
1970033, 3, 1
1970140, 0, 1
1970144, 1, 0
1970147, 2, 1
1970158, 3, 1
1970265, 0, 1
1970269, 1, 1
1970272, 2, 0
1970283, 3, 1
1970390, 0, 0
1970394, 1, 1
1970397, 2, 0
1970408, 3, 1
1970515, 0, 0
1970519, 1, 0
1970522, 2, 1
1970533, 3, 1
1970640, 0, 1
1970644, 1, 1
1970647, 2, 0
1970658, 3, 1
1970765, 0, bit 0
1970765, 0, 1
1970769, 1, 0
1970772, 2, 1
1970783, 3, 1
1970890, 0, 0
1970894, 1, bit 1
1970894, 1, 0
1970897, 2, bit 1
1970897, 2, 0
1970908, 3, 1
1971015, 0, 1
1971019, 1, 1
1971022, 2, 1
1971033, 3, 1
1971140, 0, 0
1971144, 1, 1
1971147, 2, 1
1971158, 3, 0
1971265, 0, 0
1971269, 1, 0
1971272, 2, 0
1971283, 3, 0
1971390, 0, 1
1971394, 1, 0
1971397, 2, 1
1971408, 3, 0
1971515, 0, 1
1971519, 1, 1
1971522, 2, 0
1971533, 3, 0
1971640, 0, 0
1971644, 1, 1
1971647, 2, 1
1971658, 3, 0
1971765, 0, 1
1971769, 1, 0
1971772, 2, 0
1971783, 3, 0
1971890, 0, 0
1971894, 1, 0
1971897, 2, 1
1971908, 3, 0
1972015, 0, 0
1972019, 1, 1
1972022, 2, 0
1972033, 3, 0
1972140, 0, 1
1972144, 1, 1
1972147, 2, 0
1972158, 3, 0
1972265, 0, 1
1972269, 1, 0
1972272, 2, 1
1972283, 3, 0
1972390, 0, 0
1972395, 1, 1
1972397, 2, 0
1972408, 3, 0
1972515, 0, bit 1
1972515, 0, 0
1972520, 1, 0
1972523, 2, 1
1972533, 3, 0
1972640, 0, 1
1972645, 1, bit 0
1972645, 1, 1
1972648, 2, bit 1
1972648, 2, 0
1972658, 3, 0
1972765, 0, 0
1972770, 1, 0
1972773, 2, 1
1972783, 3, 0
1972890, 0, 1
1972895, 1, 0
1972898, 2, 1
1972908, 3, 0
1973015, 0, 1
1973020, 1, 1
1973023, 2, 0
1973033, 3, 0
1973140, 0, 0
1973145, 1, 1
1973148, 2, 1
1973158, 3, prem 0
1973158, 3, 0
1973265, 0, 0
1973270, 1, 0
1973273, 2, 0
1973283, 3, 0
1973390, 0, 1
1973395, 1, 0
1973398, 2, 1
1973408, 3, 0
1973515, 0, 0
1973520, 1, 1
1973523, 2, 0
1973533, 3, 0
1973640, 0, 1
1973645, 1, 1
1973648, 2, 1
1973658, 3, 0
1973765, 0, 1
1973770, 1, 0
1973773, 2, 0
1973783, 3, 0
1973890, 0, 0
1973895, 1, 0
1973898, 2, 0
1973908, 3, 0
1974016, 0, 0
1974020, 1, 1
1974023, 2, 1
1974033, 3, 0
1974141, 0, 1
1974145, 1, 0
1974148, 2, 0
1974158, 3, 0
1974266, 0, bit 1
1974266, 0, 0
1974270, 1, 1
1974273, 2, 1
1974283, 3, 0
1974391, 0, 1
1974395, 1, bit 1
1974395, 1, 0
1974398, 2, bit 0
1974398, 2, 1
1974408, 3, 0
1974516, 0, 0
1974520, 1, 1
1974523, 2, 0
1974533, 3, 0
1974641, 0, 1
1974645, 1, 1
1974648, 2, 0
1974658, 3, 0
1974766, 0, 1
1974770, 1, 0
1974773, 2, 1
1974784, 3, 0
1974891, 0, 0
1974895, 1, 0
1974898, 2, 0
1974909, 3, 0
1975016, 0, 0
1975020, 1, 1
1975023, 2, 1
1975034, 3, 0
1975141, 0, 1
1975145, 1, 1
1975148, 2, 0
1975159, 3, 1
1975266, 0, 0
1975270, 1, 0
1975273, 2, 1
1975284, 3, 1
1975391, 0, 1
1975395, 1, 0
1975398, 2, 0
1975409, 3, 1
1975516, 0, 1
1975520, 1, 1
1975523, 2, 1
1975534, 3, 1
1975641, 0, 0
1975645, 1, 1
1975648, 2, 1
1975659, 3, 1
1975766, 0, 0
1975770, 1, 0
1975773, 2, 0
1975784, 3, 1
1975891, 0, 1
1975895, 1, 1
1975898, 2, 1
1975909, 3, 1
1976016, 0, bit 0
1976016, 0, 1
1976020, 1, 0
1976023, 2, 0
1976034, 3, 1
1976141, 0, 0
1976145, 1, bit 1
1976145, 1, 0
1976148, 2, bit 1
1976148, 2, 0
1976159, 3, 1
1976266, 0, 1
1976270, 1, 1
1976273, 2, 1
1976284, 3, 1
1976391, 0, 0
1976395, 1, 1
1976398, 2, 1
1976409, 3, 1
1976516, 0, 0
1976520, 1, 0
1976523, 2, 0
1976534, 3, 1
1976641, 0, 1
1976645, 1, 0
1976648, 2, 1
1976659, 3, 1
1976766, 0, 1
1976770, 1, 1
1976773, 2, 0
1976784, 3, 1
1976891, 0, 0
1976895, 1, 1
1976898, 2, 1
1976909, 3, 1
1977016, 0, 1
1977020, 1, 0
1977023, 2, 0
1977034, 3, 1
1977141, 0, 0
1977145, 1, 0
1977148, 2, 1
1977159, 3, prem 0
1977159, 3, 0
1977266, 0, 0
1977270, 1, 1
1977273, 2, 0
1977284, 3, 0
1977391, 0, 1
1977395, 1, 1
1977398, 2, 0
1977409, 3, 0
1977516, 0, 1
1977520, 1, 0
1977523, 2, 1
1977534, 3, 0
1977641, 0, 0
1977645, 1, 1
1977648, 2, 0
1977659, 3, 0
1977766, 0, bit 0
1977766, 0, 1
1977771, 1, 0
1977773, 2, 1
1977784, 3, 0
1977891, 0, 0
1977896, 1, bit 0
1977896, 1, 1
1977899, 2, bit 1
1977899, 2, 0
1977909, 3, 0
1978016, 0, 1
1978021, 1, 0
1978024, 2, 1
1978034, 3, 0
1978141, 0, 0
1978146, 1, 0
1978149, 2, 1
1978159, 3, 0
1978266, 0, 0
1978271, 1, 1
1978274, 2, 0
1978284, 3, 0
1978391, 0, 1
1978396, 1, 1
1978399, 2, 1
1978409, 3, 0
1978516, 0, 1
1978521, 1, 0
1978524, 2, 0
1978534, 3, 0
1978641, 0, 0
1978646, 1, 0
1978649, 2, 1
1978659, 3, 0
1978766, 0, 1
1978771, 1, 1
1978774, 2, 0
1978784, 3, 0
1978891, 0, 0
1978896, 1, 1
1978899, 2, 1
1978909, 3, 0
1979016, 0, 0
1979021, 1, 0
1979024, 2, 0
1979034, 3, 0
1979141, 0, 1
1979146, 1, 0
1979149, 2, 0
1979159, 3, 1
1979266, 0, 1
1979271, 1, 1
1979274, 2, 1
1979284, 3, 1
1979392, 0, 0
1979396, 1, 0
1979399, 2, 0
1979409, 3, 1
1979517, 0, bit 0
1979517, 0, 1
1979521, 1, 1
1979524, 2, 1
1979534, 3, 1
1979642, 0, 0
1979646, 1, bit 1
1979646, 1, 0
1979649, 2, bit 1
1979649, 2, 0
1979659, 3, 1
1979767, 0, 1
1979771, 1, 1
1979774, 2, 1
1979784, 3, 1
1979892, 0, 0
1979896, 1, 1
1979899, 2, 1
1979909, 3, 1
1980017, 0, 0
1980021, 1, 0
1980024, 2, 0
1980034, 3, 1
1980142, 0, 1
1980146, 1, 0
1980149, 2, 1
1980160, 3, 1
1980267, 0, 1
1980271, 1, 1
1980274, 2, 0
1980285, 3, 1
1980392, 0, 0
1980396, 1, 1
1980399, 2, 1
1980410, 3, 1
1980517, 0, 1
1980521, 1, 0
1980524, 2, 0
1980535, 3, 1
1980642, 0, 0
1980646, 1, 0
1980649, 2, 1
1980660, 3, 1
1980767, 0, 0
1980771, 1, 1
1980774, 2, 0
1980785, 3, 1
1980892, 0, 1
1980896, 1, 1
1980899, 2, 0
1980910, 3, 1
1981017, 0, 1
1981021, 1, 0
1981024, 2, 1
1981035, 3, 1
1981142, 0, 0
1981146, 1, 1
1981149, 2, 0
1981160, 3, prem 0
1981160, 3, 0
1981267, 0, bit 1
1981267, 0, 0
1981271, 1, 0
1981274, 2, 1
1981285, 3, 0
1981392, 0, 1
1981396, 1, bit 1
1981396, 1, 0
1981399, 2, bit 1
1981399, 2, 0
1981410, 3, 0
1981517, 0, 0
1981521, 1, 1
1981524, 2, 1
1981535, 3, 0
1981642, 0, 1
1981646, 1, 1
1981649, 2, 1
1981660, 3, 0
1981767, 0, 1
1981771, 1, 0
1981774, 2, 0
1981785, 3, 0
1981892, 0, 0
1981896, 1, 0
1981899, 2, 1
1981910, 3, 0
1982017, 0, 0
1982021, 1, 1
1982024, 2, 0
1982035, 3, 0
1982142, 0, 1
1982146, 1, 1
1982149, 2, 1
1982160, 3, 0
1982267, 0, 0
1982271, 1, 0
1982274, 2, 0
1982285, 3, 0
1982392, 0, 1
1982396, 1, 0
1982399, 2, 1
1982410, 3, 0
1982517, 0, 1
1982521, 1, 1
1982524, 2, 0
1982535, 3, 0
1982642, 0, 0
1982646, 1, 1
1982649, 2, 0
1982660, 3, 0
1982767, 0, 0
1982771, 1, 0
1982774, 2, 1
1982785, 3, 0
1982892, 0, 1
1982896, 1, 1
1982899, 2, 0
1982910, 3, 0
1983017, 0, bit 1
1983017, 0, 0
1983021, 1, 0
1983024, 2, 1
1983035, 3, 0
1983142, 0, 1
1983147, 1, bit 1
1983147, 1, 0
1983149, 2, bit 1
1983149, 2, 0
1983160, 3, 1
1983267, 0, 0
1983272, 1, 1
1983275, 2, 1
1983285, 3, 1
1983392, 0, 1
1983397, 1, 1
1983400, 2, 1
1983410, 3, 1
1983517, 0, 1
1983522, 1, 0
1983525, 2, 0
1983535, 3, 1
1983642, 0, 0
1983647, 1, 0
1983650, 2, 1
1983660, 3, 1
1983767, 0, 0
1983772, 1, 1
1983775, 2, 0
1983785, 3, 1
1983892, 0, 1
1983897, 1, 1
1983900, 2, 1
1983910, 3, 1
1984017, 0, 0
1984022, 1, 0
1984025, 2, 0
1984035, 3, 1
1984142, 0, 1
1984147, 1, 0
1984150, 2, 1
1984160, 3, 1
1984267, 0, 1
1984272, 1, 1
1984282, 2, 0
1984285, 3, 1
1984392, 0, 0
1984397, 1, 1
1984407, 2, 0
1984410, 3, 1
1984517, 0, 0
1984522, 1, 0
1984532, 2, 1
1984535, 3, 1
1984642, 0, 1
1984647, 1, 1
1984657, 2, 0
1984660, 3, 1
1984768, 0, bit 1
1984768, 0, 0
1984772, 1, 0
1984782, 2, 1
1984785, 3, 1
1984893, 0, 1
1984897, 1, bit 0
1984897, 1, 1
1984907, 2, bit 0
1984907, 2, 1
1984910, 3, 1
1985018, 0, 0
1985022, 1, 0
1985032, 2, 0
1985035, 3, 1
1985143, 0, 1
1985147, 1, 0
1985157, 2, 0
1985160, 3, prem 0
1985163, 3, 0
1985268, 0, 1
1985272, 1, 1
1985282, 2, 1
1985285, 3, 0
1985393, 0, 0
1985397, 1, 1
1985408, 2, 0
1985410, 3, 0
1985518, 0, 0
1985522, 1, 0
1985533, 2, 1
1985536, 3, 0
1985643, 0, 1
1985647, 1, 0
1985658, 2, 0
1985661, 3, 0
1985768, 0, 0
1985772, 1, 1
1985783, 2, 1
1985786, 3, 0
1985893, 0, 1
1985897, 1, 1
1985908, 2, 0
1985911, 3, 0
1986018, 0, 1
1986022, 1, 0
1986033, 2, 1
1986036, 3, 0
1986143, 0, 0
1986147, 1, 0
1986158, 2, 1
1986161, 3, 0
1986268, 0, 0
1986272, 1, 1
1986283, 2, 0
1986286, 3, 0
1986393, 0, 1
1986397, 1, 0
1986408, 2, 1
1986411, 3, 0
1986518, 0, bit 1
1986518, 0, 0
1986522, 1, 1
1986533, 2, 0
1986536, 3, 0
1986643, 0, 1
1986647, 1, bit 1
1986647, 1, 0
1986658, 2, bit 1
1986658, 2, 0
1986661, 3, 0
1986768, 0, 0
1986772, 1, 1
1986783, 2, 1
1986786, 3, 0
1986893, 0, 1
1986897, 1, 1
1986908, 2, 1
1986911, 3, 0
1987018, 0, 1
1987022, 1, 0
1987033, 2, 0
1987036, 3, 0
1987143, 0, 0
1987147, 1, 0
1987158, 2, 1
1987161, 3, 1
1987268, 0, 0
1987272, 1, 1
1987283, 2, 0
1987286, 3, 1
1987393, 0, 1
1987397, 1, 1
1987408, 2, 1
1987411, 3, 1
1987518, 0, 0
1987522, 1, 0
1987533, 2, 0
1987536, 3, 1
1987643, 0, 1
1987647, 1, 0
1987658, 2, 1
1987661, 3, 1
1987768, 0, 1
1987772, 1, 1
1987783, 2, 0
1987786, 3, 1
1987893, 0, 0
1987897, 1, 1
1987908, 2, 0
1987911, 3, 1
1988018, 0, 0
1988022, 1, 0
1988033, 2, 1
1988036, 3, 1
1988143, 0, 1
1988147, 1, 1
1988158, 2, 0
1988161, 3, 1
1988268, 0, bit 0
1988271, 0, 1
1988272, 1, 0
1988283, 2, 1
1988286, 3, 1
1988393, 0, 0
1988397, 1, bit 0
1988397, 1, 1
1988408, 2, bit 1
1988408, 2, 0
1988411, 3, 1
1988518, 0, 1
1988523, 1, 0
1988533, 2, 1
1988536, 3, 1
1988643, 0, 0
1988648, 1, 0
1988658, 2, 1
1988661, 3, 1
1988768, 0, 0
1988773, 1, 1
1988783, 2, 0
1988786, 3, 1
1988893, 0, 1
1988898, 1, 1
1988908, 2, 1
1988911, 3, 1
1989018, 0, 1
1989023, 1, 0
1989033, 2, 0
1989036, 3, 1
1989143, 0, 0
1989148, 1, 0
1989158, 2, 1
1989161, 3, prem 0
1989165, 3, 0
1989268, 0, 1
1989273, 1, 1
1989283, 2, 0
1989286, 3, 0
1989393, 0, 0
1989398, 1, 1
1989408, 2, 1
1989411, 3, 0
1989518, 0, 0
1989523, 1, 0
1989533, 2, 0
1989536, 3, 0
1989643, 0, 1
1989648, 1, 0
1989658, 2, 0
1989661, 3, 0
1989768, 0, 1
1989773, 1, 1
1989783, 2, 1
1989786, 3, 0
1989893, 0, 0
1989898, 1, 0
1989908, 2, 0
1989911, 3, 0
1990018, 0, bit 1
1990018, 0, 0
1990023, 1, 1
1990033, 2, 1
1990036, 3, 0
1990144, 0, 1
1990148, 1, bit 1
1990148, 1, 0
1990158, 2, bit 0
1990158, 2, 1
1990161, 3, 0
1990269, 0, 0
1990273, 1, 1
1990283, 2, 0
1990286, 3, 0
1990394, 0, 1
1990398, 1, 1
1990408, 2, 0
1990411, 3, 0
1990519, 0, 1
1990523, 1, 0
1990533, 2, 1
1990536, 3, 0
1990644, 0, 0
1990648, 1, 0
1990658, 2, 0
1990661, 3, 0
1990769, 0, 0
1990773, 1, 1
1990784, 2, 1
1990786, 3, 0
1990894, 0, 1
1990898, 1, 1
1990909, 2, 0
1990912, 3, 0
1991019, 0, 0
1991023, 1, 0
1991034, 2, 1
1991037, 3, 0
1991144, 0, 1
1991148, 1, 0
1991159, 2, 0
1991162, 3, 1
1991269, 0, 1
1991273, 1, 1
1991284, 2, 1
1991287, 3, 1
1991394, 0, 0
1991398, 1, 1
1991409, 2, 1
1991412, 3, 1
1991519, 0, 0
1991523, 1, 0
1991534, 2, 0
1991537, 3, 1
1991644, 0, 1
1991648, 1, 1
1991659, 2, 1
1991662, 3, 1
1991769, 0, bit 1
1991769, 0, 0
1991773, 1, 0
1991784, 2, 0
1991787, 3, 1
1991894, 0, 1
1991898, 1, bit 0
1991898, 1, 1
1991909, 2, bit 1
1991909, 2, 0
1991912, 3, 1
1992019, 0, 0
1992023, 1, 0
1992034, 2, 1
1992037, 3, 1
1992144, 0, 1
1992148, 1, 0
1992159, 2, 1
1992162, 3, 1
1992269, 0, 1
1992273, 1, 1
1992284, 2, 0
1992287, 3, 1
1992394, 0, 0
1992398, 1, 1
1992409, 2, 1
1992412, 3, 1
1992519, 0, 0
1992523, 1, 0
1992534, 2, 0
1992537, 3, 1
1992644, 0, 1
1992648, 1, 0
1992659, 2, 1
1992662, 3, 1
1992769, 0, 0
1992773, 1, 1
1992784, 2, 0
1992787, 3, 1
1992894, 0, 1
1992898, 1, 1
1992909, 2, 1
1992912, 3, 1
1993019, 0, 1
1993023, 1, 0
1993034, 2, 0
1993037, 3, 1
1993144, 0, 0
1993148, 1, 0
1993159, 2, 0
1993162, 3, bit 1
1993163, 3, 1
1993269, 0, 0
1993273, 1, 1
1993284, 2, 1
1993287, 3, 0
1993394, 0, 1
1993398, 1, 0
1993409, 2, 0
1993412, 3, 1
1993519, 0, bit 0
1993519, 0, 1
1993523, 1, 1
1993534, 2, 1
1993537, 3, 0
1993644, 0, 0
1993648, 1, bit 1
1993648, 1, 0
1993659, 2, bit 0
1993659, 2, 1
1993662, 3, 0
1993769, 0, 1
1993773, 1, 1
1993784, 2, 0
1993787, 3, 1
1993894, 0, 0
1993899, 1, 1
1993909, 2, 0
1993912, 3, 0
1994019, 0, 0
1994024, 1, 0
1994034, 2, 1
1994037, 3, 1
1994144, 0, 1
1994149, 1, 0
1994159, 2, 0
1994162, 3, 0
1994269, 0, 1
1994274, 1, 1
1994284, 2, 1
1994287, 3, 1
1994394, 0, 0
1994399, 1, 1
1994409, 2, 0
1994412, 3, 0
1994519, 0, 1
1994524, 1, 0
1994534, 2, 1
1994537, 3, 1
1994644, 0, 0
1994649, 1, 0
1994659, 2, 0
1994662, 3, 0
1994769, 0, 0
1994774, 1, 1
1994784, 2, 1
1994787, 3, 1
1994894, 0, 1
1994899, 1, 1
1994909, 2, 1
1994912, 3, bit 0
1994912, 3, 0
1995019, 0, 1
1995024, 1, 0
1995034, 2, 0
1995037, 3, 1
1995144, 0, 0
1995149, 1, 1
1995159, 2, 1
1995162, 3, 0
1995269, 0, bit 0
1995269, 0, 1
1995274, 1, 0
1995284, 2, 0
1995287, 3, 1
1995394, 0, 0
1995399, 1, bit 1
1995399, 1, 0
1995409, 2, bit 1
1995409, 2, 0
1995412, 3, 1
1995520, 0, 1
1995524, 1, 1
1995534, 2, 1
1995537, 3, 0
1995645, 0, 0
1995649, 1, 1
1995659, 2, 1
1995662, 3, 1
1995770, 0, 0
1995774, 1, 0
1995784, 2, 0
1995787, 3, 0
1995895, 0, 1
1995899, 1, 0
1995909, 2, 1
1995912, 3, 1
1996020, 0, 1
1996024, 1, 1
1996034, 2, 0
1996037, 3, 0
1996145, 0, 0
1996149, 1, 1
1996160, 2, 1
1996162, 3, 1
1996270, 0, 1
1996274, 1, 0
1996285, 2, 0
1996288, 3, 0
1996395, 0, 0
1996399, 1, 0
1996410, 2, 1
1996413, 3, 1
1996520, 0, 0
1996524, 1, 1
1996535, 2, 0
1996538, 3, 0
1996645, 0, 1
1996649, 1, 1
1996660, 2, 0
1996663, 3, bit 0
1996663, 3, 0
1996770, 0, 1
1996774, 1, 0
1996785, 2, 1
1996788, 3, 1
1996895, 0, 0
1996899, 1, 1
1996910, 2, 0
1996913, 3, 0
1997020, 0, bit 0
1997020, 0, 1
1997024, 1, 0
1997035, 2, 1
1997038, 3, 1
1997145, 0, 0
1997149, 1, bit 0
1997149, 1, 1
1997160, 2, bit 0
1997160, 2, 1
1997163, 3, 1
1997270, 0, 1
1997274, 1, 0
1997285, 2, 0
1997288, 3, 0
1997395, 0, 0
1997399, 1, 0
1997410, 2, 0
1997413, 3, 1
1997520, 0, 0
1997524, 1, 1
1997535, 2, 1
1997538, 3, 0
1997645, 0, 1
1997649, 1, 1
1997660, 2, 0
1997663, 3, 1
1997770, 0, 1
1997774, 1, 0
1997785, 2, 1
1997788, 3, 0
1997895, 0, 0
1997899, 1, 0
1997910, 2, 0
1997913, 3, 1
1998020, 0, 1
1998024, 1, 1
1998035, 2, 1
1998039, 3, 0
1998145, 0, 0
1998149, 1, 1
1998160, 2, 0
1998164, 3, 1
1998270, 0, 0
1998274, 1, 0
1998285, 2, 1
1998289, 3, 0
1998395, 0, 1
1998399, 1, 0
1998410, 2, 1
1998414, 3, bit 0
1998414, 3, 0
1998520, 0, 1
1998524, 1, 1
1998535, 2, 0
1998539, 3, 1
1998645, 0, 0
1998649, 1, 0
1998660, 2, 1
1998664, 3, 0
1998770, 0, bit 0
1998770, 0, 1
1998774, 1, 1
1998785, 2, 0
1998789, 3, 1
1998895, 0, 0
1998899, 1, bit 1
1998899, 1, 0
1998910, 2, bit 0
1998910, 2, 1
1998914, 3, 1
1999020, 0, 1
1999024, 1, 1
1999035, 2, 0
1999039, 3, 0
1999145, 0, 0
1999149, 1, 1
1999160, 2, 0
1999164, 3, 1
1999270, 0, 0
1999275, 1, 0
1999285, 2, 1
1999289, 3, 0
1999395, 0, 1
1999400, 1, 0
1999410, 2, 0
1999414, 3, 1
1999520, 0, 1
1999525, 1, 1
1999535, 2, 1
1999539, 3, 0
1999645, 0, 0
1999650, 1, 1
1999660, 2, 0
1999664, 3, 1
1999770, 0, 1
1999775, 1, 0
1999785, 2, 1
1999789, 3, 0
1999895, 0, 0
1999900, 1, 0
1999910, 2, 0
1999915, 3, 1
2000020, 0, 0
2000025, 1, 1
2000035, 2, 1
2000040, 3, 0
2000145, 0, 1
2000150, 1, 1
2000160, 2, 1
2000165, 3, bit 0
2000165, 3, 0
2000270, 0, 1
2000275, 1, 0
2000285, 2, 0
2000290, 3, 1
2000395, 0, 0
2000400, 1, 1
2000410, 2, 1
2000415, 3, 0
2000520, 0, bit 0
2000520, 0, 1
2000525, 1, 0
2000535, 2, 0
2000540, 3, 1
2000645, 0, 0
2000650, 1, bit 1
2000650, 1, 0
2000660, 2, bit 1
2000660, 2, 0
2000665, 3, 1
2000770, 0, 1
2000775, 1, 1
2000785, 2, 1
2000790, 3, 0
2000896, 0, 0
2000900, 1, 1
2000910, 2, 1
2000915, 3, 1
2001021, 0, 0
2001025, 1, 0
2001035, 2, 0
2001040, 3, 0
2001146, 0, 1
2001150, 1, 0
2001160, 2, 1
2001165, 3, 1
2001271, 0, 1
2001275, 1, 1
2001285, 2, 0
2001290, 3, 0
2001396, 0, 0
2001400, 1, 1
2001410, 2, 1
2001415, 3, 1
2001521, 0, 1
2001525, 1, 0
2001536, 2, 0
2001540, 3, 0
2001646, 0, 0
2001650, 1, 0
2001661, 2, 1
2001665, 3, 1
2001771, 0, 0
2001775, 1, 1
2001786, 2, 0
2001790, 3, 0
2001896, 0, 1
2001900, 1, 1
2001911, 2, 0
2001915, 3, bit 0
2001915, 3, 0
2002021, 0, 1
2002025, 1, 0
2002036, 2, 1
2002040, 3, 1
2002146, 0, 0
2002150, 1, 1
2002161, 2, 0
2002165, 3, 0
2002271, 0, bit 1
2002271, 0, 0
2002275, 1, 0
2002286, 2, 1
2002290, 3, 1
2002396, 0, 1
2002400, 1, bit 1
2002400, 1, 0
2002411, 2, bit 1
2002411, 2, 0
2002415, 3, 1
2002521, 0, 0
2002525, 1, 1
2002536, 2, 1
2002540, 3, 0
2002646, 0, 1
2002650, 1, 1
2002661, 2, 1
2002665, 3, 1
2002771, 0, 1
2002775, 1, 0
2002786, 2, 0
2002790, 3, 0
2002896, 0, 0
2002900, 1, 0
2002911, 2, 1
2002915, 3, 1
2003021, 0, 0
2003025, 1, 1
2003036, 2, 0
2003040, 3, 0
2003146, 0, 1
2003150, 1, 1
2003161, 2, 1
2003165, 3, 1
2003271, 0, 0
2003275, 1, 0
2003286, 2, 0
2003290, 3, 0
2003396, 0, 1
2003400, 1, 0
2003411, 2, 1
2003415, 3, 1
2003521, 0, 1
2003525, 1, 1
2003536, 2, 0
2003540, 3, 0
2003646, 0, 0
2003650, 1, 1
2003661, 2, 0
2003665, 3, bit 1
2003665, 3, 1
2003771, 0, 0
2003775, 1, 0
2003786, 2, 1
2003790, 3, 0
2003896, 0, 1
2003900, 1, 1
2003911, 2, 0
2003915, 3, 1
2004021, 0, bit 0
2004021, 0, 1
2004025, 1, 0
2004036, 2, 1
2004040, 3, 0
2004146, 0, 0
2004150, 1, bit 1
2004150, 1, 0
2004161, 2, bit 1
2004161, 2, 0
2004165, 3, 0
2004271, 0, 1
2004275, 1, 1
2004286, 2, 1
2004290, 3, 1
2004396, 0, 0
2004400, 1, 1
2004411, 2, 1
2004415, 3, 0
2004521, 0, 0
2004525, 1, 0
2004536, 2, 0
2004540, 3, 1
2004646, 0, 1
2004651, 1, 0
2004661, 2, 1
2004665, 3, 0
2004771, 0, 1
2004776, 1, 1
2004786, 2, 0
2004790, 3, 1
2004896, 0, 0
2004901, 1, 1
2004911, 2, 1
2004915, 3, 0
2005021, 0, 1
2005026, 1, 0
2005036, 2, 0
2005040, 3, 1
2005146, 0, 0
2005151, 1, 0
2005161, 2, 1
2005165, 3, 0
2005271, 0, 0
2005276, 1, 1
2005286, 2, 0
2005291, 3, 1
2005396, 0, 1
2005401, 1, 1
2005411, 2, 0
2005416, 3, bit 1
2005416, 3, 1
2005521, 0, 1
2005526, 1, 0
2005536, 2, 1
2005541, 3, 0
2005646, 0, 0
2005651, 1, 1
2005661, 2, 0
2005666, 3, 1
2005771, 0, bit 0
2005771, 0, 1
2005776, 1, 0
2005786, 2, 1
2005791, 3, 0
2005896, 0, 0
2005901, 1, bit 0
2005901, 1, 1
2005911, 2, bit 0
2005911, 2, 1
2005916, 3, 0
2006021, 0, 1
2006026, 1, 0
2006036, 2, 0
2006041, 3, 1
2006146, 0, 0
2006151, 1, 0
2006161, 2, 0
2006166, 3, 0
2006272, 0, 0
2006276, 1, 1
2006286, 2, 1
2006291, 3, 1
2006397, 0, 1
2006401, 1, 1
2006411, 2, 0
2006416, 3, 0
2006522, 0, 1
2006526, 1, 0
2006536, 2, 1
2006541, 3, 1
2006647, 0, 0
2006651, 1, 0
2006661, 2, 0
2006666, 3, 0
2006772, 0, 1
2006776, 1, 1
2006786, 2, 1
2006791, 3, 1
2006897, 0, 0
2006901, 1, 1
2006912, 2, 0
2006916, 3, 0
2007022, 0, 0
2007026, 1, 0
2007037, 2, 1
2007041, 3, 1
2007147, 0, 1
2007151, 1, 0
2007162, 2, 1
2007166, 3, bit 1
2007166, 3, 1
2007272, 0, 1
2007276, 1, 1
2007287, 2, 0
2007291, 3, 0
2007397, 0, 0
2007401, 1, 0
2007412, 2, 1
2007416, 3, 1
2007522, 0, bit 0
2007522, 0, 1
2007526, 1, 1
2007537, 2, 0
2007541, 3, 0
2007647, 0, 0
2007651, 1, bit 1
2007651, 1, 0
2007662, 2, bit 0
2007662, 2, 1
2007666, 3, 0
2007772, 0, 1
2007776, 1, 1
2007787, 2, 0
2007791, 3, 1
2007897, 0, 0
2007901, 1, 1
2007912, 2, 0
2007916, 3, 0
2008022, 0, 0
2008026, 1, 0
2008037, 2, 1
2008041, 3, 1
2008147, 0, 1
2008151, 1, 0
2008162, 2, 0
2008166, 3, 0
2008272, 0, 1
2008276, 1, 1
2008287, 2, 1
2008291, 3, 1
2008397, 0, 0
2008401, 1, 1
2008412, 2, 0
2008416, 3, 0
2008522, 0, 1
2008526, 1, 0
2008537, 2, 1
2008541, 3, 1
2008647, 0, 0
2008651, 1, 0
2008662, 2, 0
2008666, 3, 0
2008772, 0, 0
2008776, 1, 1
2008787, 2, 1
2008791, 3, 1
2008897, 0, 1
2008901, 1, 1
2008912, 2, 1
2008916, 3, bit 1
2008916, 3, 1
2009022, 0, 1
2009026, 1, 0
2009037, 2, 0
2009041, 3, 0
2009147, 0, 0
2009151, 1, 1
2009162, 2, 1
2009166, 3, 1
2009272, 0, bit 0
2009272, 0, 1
2009276, 1, 0
2009287, 2, 0
2009291, 3, 0
2009397, 0, 0
2009401, 1, bit 0
2009401, 1, 1
2009412, 2, bit 0
2009412, 2, 1
2009416, 3, 0
2009522, 0, 1
2009526, 1, 0
2009537, 2, 0
2009541, 3, 1
2009647, 0, 0
2009651, 1, 0
2009662, 2, 0
2009666, 3, 0
2009772, 0, 0
2009776, 1, 1
2009787, 2, 1
2009791, 3, 1
2009897, 0, 1
2009901, 1, 1
2009912, 2, 0
2009916, 3, 0
2010022, 0, 1
2010027, 1, 0
2010037, 2, 1
2010041, 3, 1
2010147, 0, 0
2010152, 1, 0
2010162, 2, 0
2010166, 3, 0
2010272, 0, 1
2010277, 1, 1
2010287, 2, 1
2010291, 3, 1
2010397, 0, 0
2010402, 1, 1
2010412, 2, 0
2010416, 3, 0
2010522, 0, 0
2010527, 1, 0
2010537, 2, 1
2010541, 3, 1
2010647, 0, 1
2010652, 1, 0
2010662, 2, 1
2010667, 3, bit 0
2010667, 3, 0
2010772, 0, 1
2010777, 1, 1
2010787, 2, 0
2010792, 3, 1
2010897, 0, 0
2010902, 1, 0
2010912, 2, 1
2010917, 3, 0
2011022, 0, bit 1
2011022, 0, 0
2011027, 1, 1
2011037, 2, 0
2011042, 3, 1
2011147, 0, 1
2011152, 1, bit 1
2011152, 1, 0
2011162, 2, bit 0
2011162, 2, 1
2011167, 3, 1
2011272, 0, 0
2011277, 1, 1
2011287, 2, 0
2011292, 3, 0
2011397, 0, 1
2011402, 1, 1
2011412, 2, 0
2011417, 3, 1
2011522, 0, 1
2011527, 1, 0
2011537, 2, 1
2011542, 3, 0
2011648, 0, 0
2011652, 1, 0
2011662, 2, 0
2011667, 3, 1
2011773, 0, 0
2011777, 1, 1
2011787, 2, 1
2011792, 3, 0
2011898, 0, 1
2011902, 1, 1
2011912, 2, 0
2011917, 3, 1
2012023, 0, 0
2012027, 1, 0
2012037, 2, 1
2012042, 3, 0
2012148, 0, 1
2012152, 1, 0
2012162, 2, 0
2012167, 3, 1
2012273, 0, 1
2012277, 1, 1
2012288, 2, 1
2012292, 3, 0
2012398, 0, 0
2012402, 1, 1
2012413, 2, 1
2012417, 3, bit 0
2012417, 3, 0
2012523, 0, 0
2012527, 1, 0
2012538, 2, 0
2012542, 3, 1
2012648, 0, 1
2012652, 1, 1
2012663, 2, 1
2012667, 3, 0
2012773, 0, bit 0
2012776, 0, 1
2012777, 1, 0
2012788, 2, 0
2012792, 3, 1
2012898, 0, 0
2012902, 1, bit 0
2012902, 1, 1
2012913, 2, bit 1
2012913, 2, 0
2012917, 3, 1
2013023, 0, 1
2013027, 1, 0
2013038, 2, 1
2013042, 3, 0
2013148, 0, 0
2013152, 1, 0
2013163, 2, 1
2013167, 3, 1
2013273, 0, 0
2013277, 1, 1
2013288, 2, 0
2013292, 3, 0
2013398, 0, 1
2013402, 1, 1
2013413, 2, 1
2013417, 3, 1
2013523, 0, 1
2013527, 1, 0
2013538, 2, 0
2013542, 3, 0
2013648, 0, 0
2013652, 1, 0
2013663, 2, 1
2013667, 3, 1
2013773, 0, 1
2013777, 1, 1
2013788, 2, 0
2013792, 3, 0
2013898, 0, 0
2013902, 1, 1
2013913, 2, 1
2013917, 3, 1
2014023, 0, 0
2014027, 1, 0
2014038, 2, 0
2014042, 3, 0
2014148, 0, 1
2014152, 1, 0
2014163, 2, 0
2014167, 3, bit 1
2014167, 3, 1
2014273, 0, 1
2014277, 1, 1
2014288, 2, 1
2014292, 3, 0
2014398, 0, 0
2014402, 1, 0
2014413, 2, 0
2014417, 3, 1
2014523, 0, bit 0
2014523, 0, 1
2014527, 1, 1
2014538, 2, 1
2014542, 3, 0
2014648, 0, 0
2014652, 1, bit 0
2014652, 1, 1
2014663, 2, bit 1
2014663, 2, 0
2014667, 3, 0
2014773, 0, 1
2014777, 1, 0
2014788, 2, 1
2014792, 3, 1
2014898, 0, 0
2014902, 1, 0
2014913, 2, 1
2014917, 3, 0
2015023, 0, 0
2015027, 1, 1
2015038, 2, 0
2015042, 3, 1
2015148, 0, 1
2015152, 1, 1
2015163, 2, 1
2015167, 3, 0
2015273, 0, 1
2015277, 1, 0
2015288, 2, 0
2015292, 3, 1
2015398, 0, 0
2015403, 1, 0
2015413, 2, 1
2015417, 3, 0
2015523, 0, 1
2015528, 1, 1
2015538, 2, 0
2015542, 3, 1
2015648, 0, 0
2015653, 1, 1
2015664, 2, 1
2015667, 3, 0
2015773, 0, 0
2015778, 1, 0
2015789, 2, 0
2015792, 3, 1
2015898, 0, 1
2015903, 1, 0
2015915, 2, 0
2015917, 3, bit 1
2015917, 3, 1
2016023, 0, 1
2016028, 1, 1
2016040, 2, 1
2016043, 3, 0
2016148, 0, 0
2016153, 1, 0
2016165, 2, 0
2016168, 3, 1
2016273, 0, bit 0
2016273, 0, 1
2016278, 1, 1
2016290, 2, 1
2016293, 3, 0
2016398, 0, 0
2016403, 1, bit 0
2016403, 1, 1
2016415, 2, bit 1
2016415, 2, 0
2016418, 3, 0
2016523, 0, 1
2016528, 1, 0
2016540, 2, 1
2016543, 3, 1
2016648, 0, 0
2016653, 1, 0
2016665, 2, 1
2016668, 3, 0
2016773, 0, 0
2016778, 1, 1
2016790, 2, 0
2016793, 3, 1
2016898, 0, 1
2016903, 1, 1
2016915, 2, 1
2016918, 3, 0
2017024, 0, 1
2017028, 1, 0
2017040, 2, 0
2017043, 3, 1
2017149, 0, 0
2017153, 1, 0
2017165, 2, 1
2017168, 3, 0
2017274, 0, 1
2017278, 1, 1
2017290, 2, 0
2017293, 3, 1
2017399, 0, 0
2017403, 1, 1
2017415, 2, 1
2017418, 3, 0
2017524, 0, 0
2017528, 1, 0
2017540, 2, 0
2017543, 3, 1
2017649, 0, 1
2017653, 1, 0
2017665, 2, 0
2017668, 3, bit 0
2017668, 3, 0
2017774, 0, 1
2017778, 1, 1
2017790, 2, 1
2017793, 3, 1
2017899, 0, 0
2017903, 1, 0
2017915, 2, 0
2017918, 3, 0
2018024, 0, bit 1
2018024, 0, 0
2018028, 1, 1
2018040, 2, 1
2018043, 3, 1
2018149, 0, 1
2018153, 1, bit 1
2018153, 1, 0
2018165, 2, bit 0
2018165, 2, 1
2018168, 3, 1
2018274, 0, 0
2018278, 1, 1
2018290, 2, 0
2018293, 3, 0
2018399, 0, 1
2018403, 1, 1
2018415, 2, 0
2018418, 3, 1
2018524, 0, 1
2018528, 1, 0
2018540, 2, 1
2018543, 3, 0
2018649, 0, 0
2018653, 1, 0
2018665, 2, 0
2018668, 3, 1
2018774, 0, 0
2018778, 1, 1
2018790, 2, 1
2018793, 3, 0
2018899, 0, 1
2018903, 1, 1
2018915, 2, 0
2018918, 3, 1
2019024, 0, 0
2019028, 1, 0
2019040, 2, 1
2019043, 3, 0
2019149, 0, 1
2019153, 1, 0
2019165, 2, 0
2019168, 3, 1
2019274, 0, 1
2019278, 1, 1
2019290, 2, 1
2019293, 3, 0
2019399, 0, 0
2019403, 1, 1
2019415, 2, 1
2019418, 3, bit 1
2019418, 3, 1
2019524, 0, 0
2019528, 1, 0
2019540, 2, 0
2019543, 3, 0
2019649, 0, 1
2019653, 1, 1
2019665, 2, 1
2019668, 3, 1
2019774, 0, bit 0
2019774, 0, 1
2019778, 1, 0
2019790, 2, 0
2019793, 3, 0
2019899, 0, 0
2019903, 1, bit 1
2019903, 1, 0
2019915, 2, bit 1
2019915, 2, 0
2019918, 3, 0
2020024, 0, 1
2020028, 1, 1
2020040, 2, 1
2020043, 3, 1
2020149, 0, 0
2020153, 1, 1
2020165, 2, 1
2020168, 3, 0
2020274, 0, 0
2020278, 1, 0
2020290, 2, 0
2020293, 3, 1
2020399, 0, 1
2020403, 1, 0
2020415, 2, 1
2020418, 3, 0
2020524, 0, 1
2020528, 1, 1
2020540, 2, 0
2020543, 3, 1
2020649, 0, 0
2020653, 1, 1
2020665, 2, 1
2020668, 3, 0
2020774, 0, 1
2020779, 1, 0
2020790, 2, 0
2020793, 3, 1
2020899, 0, 0
2020904, 1, 0
2020915, 2, 1
2020918, 3, 0
2021024, 0, 0
2021029, 1, 1
2021040, 2, 0
2021043, 3, 1
2021149, 0, 1
2021154, 1, 1
2021165, 2, 0
2021168, 3, bit 1
2021168, 3, 1
2021274, 0, 1
2021279, 1, 0
2021291, 2, 1
2021293, 3, 0
2021399, 0, 0
2021404, 1, 1
2021416, 2, 0
2021419, 3, 1
2021524, 0, bit 0
2021524, 0, 1
2021529, 1, 0
2021541, 2, 1
2021544, 3, 0
2021649, 0, 0
2021654, 1, bit 0
2021654, 1, 1
2021666, 2, bit 0
2021666, 2, 1
2021669, 3, 0
2021774, 0, 1
2021779, 1, 0
2021791, 2, 0
2021794, 3, 1
2021899, 0, 0
2021904, 1, 0
2021916, 2, 0
2021919, 3, 0
2022024, 0, 0
2022029, 1, 1
2022041, 2, 1
2022044, 3, 1
2022149, 0, 1
2022154, 1, 1
2022166, 2, 0
2022169, 3, 0
2022274, 0, 1
2022279, 1, 0
2022291, 2, 1
2022294, 3, 1
2022400, 0, 0
2022404, 1, 0
2022416, 2, 0
2022419, 3, 0
2022525, 0, 1
2022529, 1, 1
2022541, 2, 1
2022544, 3, 1
2022650, 0, 0
2022654, 1, 1
2022666, 2, 0
2022669, 3, 0
2022775, 0, 0
2022779, 1, 0
2022791, 2, 1
2022794, 3, 1
2022900, 0, 1
2022904, 1, 0
2022916, 2, 1
2022919, 3, bit 0
2022919, 3, 0
2023025, 0, 1
2023029, 1, 1
2023041, 2, 0
2023044, 3, 1
2023150, 0, 0
2023154, 1, 0
2023166, 2, 1
2023169, 3, 0
2023275, 0, bit 0
2023275, 0, 1
2023279, 1, 1
2023291, 2, 0
2023294, 3, 1
2023400, 0, 0
2023404, 1, bit 0
2023404, 1, 1
2023416, 2, bit 1
2023419, 2, 0
2023419, 3, 1
2023525, 0, 1
2023529, 1, 0
2023541, 2, 1
2023544, 3, 0
2023650, 0, 0
2023654, 1, 0
2023666, 2, 1
2023669, 3, 1
2023775, 0, 0
2023779, 1, 1
2023791, 2, 0
2023794, 3, 0
2023900, 0, 1
2023904, 1, 1
2023916, 2, 1
2023919, 3, 1
2024025, 0, 1
2024029, 1, 0
2024041, 2, 0
2024044, 3, 0
2024150, 0, 0
2024154, 1, 0
2024166, 2, 1
2024169, 3, 1
2024275, 0, 1
2024279, 1, 1
2024291, 2, 0
2024294, 3, 0
2024400, 0, 0
2024404, 1, 1
2024416, 2, 1
2024419, 3, 1
2024525, 0, 0
2024529, 1, 0
2024541, 2, 0
2024544, 3, 0
2024650, 0, 1
2024654, 1, 0
2024666, 2, 0
2024669, 3, bit 1
2024669, 3, 1
2024775, 0, 1
2024779, 1, 1
2024791, 2, 1
2024794, 3, 0
2024900, 0, 0
2024904, 1, 0
2024916, 2, 0
2024919, 3, 1
2025025, 0, bit 1
2025025, 0, 0
2025029, 1, 1
2025041, 2, 1
2025044, 3, 0
2025150, 0, 1
2025154, 1, bit 1
2025154, 1, 0
2025166, 2, bit 1
2025166, 2, 0
2025169, 3, 0
2025275, 0, 0
2025279, 1, 1
2025291, 2, 1
2025294, 3, 1
2025400, 0, 1
2025404, 1, 1
2025416, 2, 1
2025419, 3, 0
2025525, 0, 1
2025529, 1, 0
2025541, 2, 0
2025544, 3, 1
2025650, 0, 0
2025654, 1, 0
2025666, 2, 1
2025669, 3, 0
2025775, 0, 0
2025779, 1, 1
2025791, 2, 0
2025794, 3, 1
2025900, 0, 1
2025904, 1, 1
2025916, 2, 1
2025919, 3, 0
2026025, 0, 0
2026029, 1, 0
2026041, 2, 0
2026044, 3, 1
2026150, 0, 1
2026155, 1, 0
2026166, 2, 1
2026169, 3, 0
2026275, 0, 1
2026280, 1, 1
2026291, 2, 0
2026294, 3, 1
2026400, 0, 0
2026405, 1, 1
2026416, 2, 0
2026419, 3, bit 0
2026422, 3, 0
2026525, 0, 0
2026530, 1, 0
2026541, 2, 1
2026544, 3, 1
2026650, 0, 1
2026655, 1, 1
2026667, 2, 0
2026669, 3, 0
2026775, 0, bit 1
2026775, 0, 0
2026780, 1, 0
2026792, 2, 1
2026795, 3, 1
2026900, 0, 1
2026905, 1, bit 0
2026905, 1, 1
2026917, 2, bit 1
2026917, 2, 0
2026920, 3, 1
2027025, 0, 0
2027030, 1, 0
2027042, 2, 1
2027045, 3, 0
2027150, 0, 1
2027155, 1, 0
2027167, 2, 1
2027170, 3, 1
2027275, 0, 1
2027280, 1, 1
2027292, 2, 0
2027295, 3, 0
2027400, 0, 0
2027405, 1, 1
2027417, 2, 1
2027420, 3, 1
2027525, 0, 0
2027530, 1, 0
2027542, 2, 0
2027545, 3, 0
2027650, 0, 1
2027655, 1, 0
2027667, 2, 1
2027670, 3, 1
2027776, 0, 0
2027780, 1, 1
2027792, 2, 0
2027795, 3, 0
2027901, 0, 1
2027905, 1, 1
2027917, 2, 1
2027920, 3, 1
2028026, 0, 1
2028030, 1, 0
2028042, 2, 0
2028045, 3, 0
2028151, 0, 0
2028155, 1, 0
2028167, 2, 0
2028170, 3, bit 1
2028170, 3, 1
2028276, 0, 0
2028280, 1, 1
2028292, 2, 1
2028295, 3, 0
2028401, 0, 1
2028405, 1, 0
2028417, 2, 0
2028420, 3, 1
2028526, 0, bit 1
2028526, 0, 0
2028530, 1, 1
2028542, 2, 1
2028545, 3, 0
2028651, 0, 1
2028655, 1, bit 1
2028655, 1, 0
2028667, 2, bit 0
2028667, 2, 1
2028670, 3, 0
2028776, 0, 0
2028780, 1, 1
2028792, 2, 0
2028795, 3, 1
2028901, 0, 1
2028905, 1, 1
2028917, 2, 0
2028920, 3, 0
2029026, 0, 1
2029030, 1, 0
2029042, 2, 1
2029045, 3, 1
2029151, 0, 0
2029155, 1, 0
2029167, 2, 0
2029170, 3, 0
2029276, 0, 0
2029280, 1, 1
2029292, 2, 1
2029295, 3, 1
2029401, 0, 1
2029405, 1, 1
2029417, 2, 0
2029420, 3, 0
2029526, 0, 0
2029530, 1, 0
2029542, 2, 1
2029545, 3, 1
2029651, 0, 1
2029655, 1, 0
2029667, 2, 0
2029670, 3, 0
2029776, 0, 1
2029780, 1, 1
2029792, 2, 1
2029795, 3, 1
2029901, 0, 0
2029905, 1, 1
2029917, 2, 1
2029920, 3, bit 0
2029920, 3, 0
2030026, 0, 0
2030030, 1, 0
2030042, 2, 0
2030045, 3, 1
2030151, 0, 1
2030155, 1, 1
2030167, 2, 1
2030170, 3, 0
2030276, 0, bit 1
2030276, 0, 0
2030280, 1, 0
2030292, 2, 0
2030296, 3, 1
2030401, 0, 1
2030405, 1, bit 1
2030405, 1, 0
2030417, 2, bit 0
2030417, 2, 1
2030422, 3, 1
2030526, 0, 0
2030530, 1, 1
2030542, 2, 0
2030547, 3, 0
2030651, 0, 1
2030655, 1, 1
2030667, 2, 0
2030672, 3, 1
2030776, 0, 1
2030780, 1, 0
2030792, 2, 1
2030797, 3, 0
2030901, 0, 0
2030905, 1, 0
2030917, 2, 0
2030922, 3, 1
2031026, 0, 0
2031030, 1, 1
2031042, 2, 1
2031047, 3, 0
2031151, 0, 1
2031155, 1, 1
2031167, 2, 0
2031172, 3, 1
2031276, 0, 0
2031280, 1, 0
2031292, 2, 1
2031297, 3, 0
2031401, 0, 1
2031405, 1, 0
2031417, 2, 0
2031422, 3, 1
2031526, 0, 1
2031531, 1, 1
2031542, 2, 1
2031547, 3, 0
2031651, 0, 0
2031656, 1, 1
2031667, 2, 1
2031672, 3, bit 1
2031672, 3, 1
2031776, 0, 0
2031781, 1, 0
2031792, 2, 0
2031797, 3, 0
2031901, 0, 1
2031906, 1, 1
2031917, 2, 1
2031922, 3, 1
2032026, 0, bit 1
2032026, 0, 0
2032031, 1, 0
2032043, 2, 0
2032047, 3, 0
2032151, 0, 1
2032156, 1, bit 0
2032156, 1, 1
2032168, 2, bit 0
2032168, 2, 1
2032172, 3, 0
2032276, 0, 0
2032281, 1, 0
2032293, 2, 0
2032297, 3, 1
2032401, 0, 1
2032406, 1, 0
2032418, 2, 0
2032422, 3, 0
2032526, 0, 1
2032531, 1, 1
2032543, 2, 1
2032547, 3, 1
2032651, 0, 0
2032656, 1, 1
2032668, 2, 0
2032672, 3, 0
2032776, 0, 0
2032781, 1, 0
2032793, 2, 1
2032797, 3, 1
2032901, 0, 1
2032906, 1, 0
2032918, 2, 0
2032922, 3, 0
2033026, 0, 0
2033031, 1, 1
2033043, 2, 1
2033047, 3, 1
2033152, 0, 1
2033156, 1, 1
2033168, 2, 0
2033172, 3, 0
2033277, 0, 1
2033281, 1, 0
2033293, 2, 1
2033297, 3, 1
2033402, 0, 0
2033406, 1, 0
2033418, 2, 1
2033422, 3, bit 1
2033422, 3, 1
2033527, 0, 0
2033531, 1, 1
2033543, 2, 0
2033547, 3, 0
2033652, 0, 1
2033656, 1, 0
2033668, 2, 1
2033672, 3, 1
2033777, 0, bit 1
2033777, 0, 0
2033781, 1, 1
2033793, 2, 0
2033797, 3, 0
2033902, 0, 1
2033906, 1, bit 0
2033906, 1, 1
2033918, 2, bit 1
2033918, 2, 0
2033922, 3, 0
2034027, 0, 0
2034031, 1, 0
2034043, 2, 1
2034048, 3, 1
2034152, 0, 1
2034156, 1, 0
2034168, 2, 1
2034173, 3, 0
2034277, 0, 1
2034281, 1, 1
2034293, 2, 0
2034298, 3, 1
2034402, 0, 0
2034406, 1, 1
2034418, 2, 1
2034423, 3, 0
2034527, 0, 0
2034531, 1, 0
2034543, 2, 0
2034548, 3, 1
2034652, 0, 1
2034656, 1, 0
2034668, 2, 1
2034673, 3, 0
2034777, 0, 0
2034781, 1, 1
2034793, 2, 0
2034798, 3, 1
2034902, 0, 1
2034906, 1, 1
2034918, 2, 1
2034923, 3, 0
2035027, 0, 1
2035031, 1, 0
2035043, 2, 0
2035048, 3, 1
2035152, 0, 0
2035156, 1, 0
2035168, 2, 0
2035173, 3, bit 1
2035173, 3, 1
2035277, 0, 0
2035281, 1, 1
2035293, 2, 1
2035298, 3, 0
2035402, 0, 1
2035406, 1, 0
2035418, 2, 0
2035423, 3, 1
2035527, 0, bit 1
2035527, 0, 0
2035531, 1, 1
2035543, 2, 1
2035548, 3, 0
2035652, 0, 1
2035656, 1, bit 0
2035656, 1, 1
2035668, 2, bit 1
2035668, 2, 0
2035673, 3, 0
2035777, 0, 0
2035781, 1, 0
2035793, 2, 1
2035798, 3, 1
2035902, 0, 1
2035906, 1, 0
2035918, 2, 1
2035923, 3, 0
2036027, 0, 1
2036031, 1, 1
2036043, 2, 0
2036048, 3, 1
2036152, 0, 0
2036156, 1, 1
2036168, 2, 1
2036173, 3, 0
2036277, 0, 0
2036281, 1, 0
2036293, 2, 0
2036298, 3, 1
2036402, 0, 1
2036406, 1, 0
2036418, 2, 1
2036423, 3, 0
2036527, 0, 0
2036531, 1, 1
2036543, 2, 0
2036548, 3, 1
2036652, 0, 1
2036656, 1, 1
2036668, 2, 1
2036673, 3, 0
2036777, 0, 1
2036781, 1, 0
2036793, 2, 0
2036798, 3, 1
2036902, 0, 0
2036907, 1, 0
2036918, 2, 0
2036923, 3, bit 1
2036923, 3, 1
2037027, 0, 0
2037032, 1, 1
2037043, 2, 1
2037048, 3, 0
2037152, 0, 1
2037157, 1, 0
2037168, 2, 0
2037173, 3, 1
2037277, 0, bit 0
2037277, 0, 1
2037282, 1, 1
2037293, 2, 1
2037298, 3, 0
2037402, 0, 0
2037407, 1, bit 0
2037407, 1, 1
2037419, 2, bit 1
2037419, 2, 0
2037423, 3, 0
2037527, 0, 1
2037532, 1, 0
2037544, 2, 1
2037548, 3, 1
2037652, 0, 0
2037657, 1, 0
2037669, 2, 1
2037673, 3, 0
2037777, 0, 0
2037782, 1, 1
2037794, 2, 0
2037798, 3, 1
2037902, 0, 1
2037907, 1, 1
2037919, 2, 1
2037923, 3, 0
2038027, 0, 1
2038032, 1, 0
2038044, 2, 0
2038048, 3, 1
2038152, 0, 0
2038157, 1, 0
2038169, 2, 1
2038173, 3, 0
2038277, 0, 1
2038282, 1, 1
2038294, 2, 0
2038298, 3, 1
2038402, 0, 0
2038407, 1, 1
2038419, 2, 1
2038423, 3, 0
2038528, 0, 0
2038532, 1, 0
2038544, 2, 0
2038548, 3, 1
2038653, 0, 1
2038657, 1, 0
2038669, 2, 0
2038673, 3, bit 1
2038673, 3, 1
2038778, 0, 1
2038782, 1, 1
2038794, 2, 1
2038798, 3, 0
2038903, 0, 0
2038907, 1, 0
2038919, 2, 0
2038923, 3, 1
2039028, 0, bit 1
2039028, 0, 0
2039032, 1, 1
2039044, 2, 1
2039048, 3, 0
2039153, 0, 1
2039157, 1, bit 0
2039157, 1, 1
2039169, 2, bit 0
2039169, 2, 1
2039173, 3, 0
2039278, 0, 0
2039282, 1, 0
2039294, 2, 0
2039298, 3, 1
2039403, 0, 1
2039407, 1, 0
2039419, 2, 0
2039424, 3, 0
2039528, 0, 1
2039532, 1, 1
2039544, 2, 1
2039549, 3, 1
2039653, 0, 0
2039657, 1, 1
2039669, 2, 0
2039674, 3, 0
2039778, 0, 0
2039782, 1, 0
2039794, 2, 1
2039799, 3, 1
2039903, 0, 1
2039907, 1, 0
2039919, 2, 0
2039924, 3, 0
2040028, 0, 0
2040032, 1, 1
2040044, 2, 1
2040049, 3, 1
2040153, 0, 1
2040157, 1, 1
2040169, 2, 0
2040174, 3, 0
2040278, 0, 1
2040282, 1, 0
2040294, 2, 1
2040299, 3, 1
2040403, 0, 0
2040407, 1, 0
2040419, 2, 1
2040424, 3, bit 1
2040424, 3, 1
2040528, 0, 0
2040532, 1, 1
2040544, 2, 0
2040549, 3, 0
2040653, 0, 1
2040657, 1, 0
2040669, 2, 1
2040674, 3, 1
2040778, 0, bit 0
2040778, 0, 1
2040782, 1, 1
2040794, 2, 0
2040799, 3, 0
2040903, 0, 0
2040907, 1, bit 1
2040907, 1, 0
2040919, 2, bit 0
2040919, 2, 1
2040924, 3, 0
2041028, 0, 1
2041032, 1, 1
2041044, 2, 0
2041049, 3, 1
2041153, 0, 0
2041157, 1, 1
2041169, 2, 0
2041174, 3, 0
2041278, 0, 0
2041282, 1, 0
2041294, 2, 1
2041299, 3, 1
2041403, 0, 1
2041407, 1, 0
2041419, 2, 0
2041424, 3, 0
2041528, 0, 1
2041532, 1, 1
2041544, 2, 1
2041549, 3, 1
2041653, 0, 0
2041657, 1, 1
2041669, 2, 0
2041674, 3, 0
2041778, 0, 1
2041782, 1, 0
2041794, 2, 1
2041799, 3, 1
2041903, 0, 0
2041907, 1, 0
2041919, 2, 0
2041924, 3, 0
2042028, 0, 0
2042032, 1, 1
2042044, 2, 1
2042049, 3, 1
2042153, 0, 1
2042157, 1, 1
2042169, 2, 1
2042174, 3, bit 0
2042174, 3, 0
2042278, 0, 1
2042283, 1, 0
2042294, 2, 0
2042299, 3, 1
2042403, 0, 0
2042408, 1, 1
2042419, 2, 1
2042424, 3, 0
2042528, 0, bit 1
2042528, 0, 0
2042533, 1, 0
2042544, 2, 0
2042549, 3, 1
2042653, 0, 1
2042658, 1, bit 0
2042658, 1, 1
2042669, 2, bit 1
2042669, 2, 0
2042674, 3, 1
2042778, 0, 0
2042783, 1, 0
2042795, 2, 1
2042799, 3, 0
2042903, 0, 1
2042908, 1, 0
2042920, 2, 1
2042924, 3, 1
2043028, 0, 1
2043033, 1, 1
2043045, 2, 0
2043049, 3, 0
2043153, 0, 0
2043158, 1, 1
2043170, 2, 1
2043174, 3, 1
2043278, 0, 0
2043283, 1, 0
2043295, 2, 0
2043299, 3, 0
2043403, 0, 1
2043408, 1, 0
2043420, 2, 1
2043424, 3, 1
2043528, 0, 0
2043533, 1, 1
2043545, 2, 0
2043549, 3, 0
2043653, 0, 1
2043658, 1, 1
2043670, 2, 1
2043674, 3, 1
2043778, 0, 1
2043783, 1, 0
2043795, 2, 0
2043799, 3, 0
2043904, 0, 0
2043908, 1, 0
2043920, 2, 0
2043924, 3, bit 1
2043924, 3, 1
2044029, 0, 0
2044033, 1, 1
2044045, 2, 1
2044049, 3, 0
2044154, 0, 1
2044158, 1, 0
2044170, 2, 0
2044174, 3, 1
2044279, 0, bit 0
2044279, 0, 1
2044283, 1, 1
2044295, 2, 1
2044299, 3, 0
2044404, 0, 0
2044408, 1, bit 0
2044408, 1, 1
2044420, 2, bit 1
2044420, 2, 0
2044424, 3, 0
2044529, 0, 1
2044533, 1, 0
2044545, 2, 1
2044549, 3, 1
2044654, 0, 0
2044658, 1, 0
2044670, 2, 1
2044674, 3, 0
2044779, 0, 0
2044783, 1, 1
2044795, 2, 0
2044800, 3, 1
2044904, 0, 1
2044908, 1, 1
2044920, 2, 1
2044925, 3, 0
2045029, 0, 1
2045033, 1, 0
2045045, 2, 0
2045050, 3, 1
2045154, 0, 0
2045158, 1, 0
2045170, 2, 1
2045175, 3, 0
2045279, 0, 1
2045283, 1, 1
2045295, 2, 0
2045300, 3, 1
2045404, 0, 0
2045408, 1, 1
2045420, 2, 1
2045425, 3, 0
2045529, 0, 0
2045533, 1, 0
2045545, 2, 0
2045550, 3, 1
2045654, 0, 1
2045658, 1, 0
2045670, 2, 0
2045675, 3, bit 0
2045675, 3, 0
2045779, 0, 1
2045783, 1, 1
2045795, 2, 1
2045800, 3, 1
2045904, 0, 0
2045908, 1, 0
2045920, 2, 0
2045925, 3, 0
2046029, 0, bit 0
2046032, 0, 1
2046033, 1, 1
2046045, 2, 1
2046050, 3, 1
2046154, 0, 0
2046158, 1, bit 0
2046158, 1, 1
2046170, 2, bit 1
2046170, 2, 0
2046175, 3, 1
2046279, 0, 1
2046283, 1, 0
2046295, 2, 1
2046300, 3, 0
2046404, 0, 0
2046408, 1, 0
2046420, 2, 1
2046425, 3, 1
2046529, 0, 0
2046533, 1, 1
2046545, 2, 0
2046550, 3, 0
2046654, 0, 1
2046658, 1, 1
2046670, 2, 1
2046675, 3, 1
2046779, 0, 1
2046783, 1, 0
2046795, 2, 0
2046800, 3, 0
2046904, 0, 0
2046908, 1, 0
2046920, 2, 1
2046925, 3, 1
2047029, 0, 1
2047033, 1, 1
2047045, 2, 0
2047050, 3, 0
2047154, 0, 0
2047158, 1, 1
2047170, 2, 1
2047175, 3, 1
2047279, 0, 0
2047283, 1, 0
2047295, 2, 0
2047300, 3, 0
2047404, 0, 1
2047408, 1, 0
2047420, 2, 0
2047425, 3, bit 1
2047425, 3, 1
2047529, 0, 1
2047533, 1, 1
2047545, 2, 1
2047550, 3, 0
2047654, 0, 0
2047659, 1, 0
2047670, 2, 0
2047675, 3, 1
2047779, 0, bit 0
2047779, 0, 1
2047784, 1, 1
2047795, 2, 1
2047800, 3, 0
2047904, 0, 0
2047909, 1, bit 1
2047909, 1, 0
2047920, 2, bit 0
2047920, 2, 1
2047925, 3, 0
2048029, 0, 1
2048034, 1, 1
2048045, 2, 0
2048050, 3, 1
2048154, 0, 0
2048159, 1, 1
2048171, 2, 0
2048175, 3, 0
2048279, 0, 0
2048284, 1, 0
2048296, 2, 1
2048300, 3, 1
2048404, 0, 1
2048409, 1, 0
2048421, 2, 0
2048425, 3, 0
2048529, 0, 1
2048534, 1, 1
2048546, 2, 1
2048550, 3, 1
2048654, 0, 0
2048659, 1, 1
2048671, 2, 0
2048675, 3, 0
2048779, 0, 1
2048784, 1, 0
2048796, 2, 1
2048800, 3, 1
2048904, 0, 0
2048909, 1, 0
2048921, 2, 0
2048925, 3, 0
2049029, 0, 0
2049034, 1, 1
2049046, 2, 1
2049050, 3, 1
2049154, 0, 1
2049159, 1, 1
2049171, 2, 1
2049175, 3, bit 0
2049175, 3, 0
2049280, 0, 1
2049284, 1, 0
2049296, 2, 0
2049300, 3, 1
2049405, 0, 0
2049409, 1, 1
2049421, 2, 1
2049425, 3, 0
2049530, 0, bit 0
2049530, 0, 1
2049534, 1, 0
2049546, 2, 0
2049550, 3, 1
2049655, 0, 0
2049659, 1, bit 0
2049659, 1, 1
2049671, 2, bit 0
2049671, 2, 1
2049675, 3, 1
2049780, 0, 1
2049784, 1, 0
2049796, 2, 0
2049800, 3, 0
2049905, 0, 0
2049909, 1, 0
2049921, 2, 0
2049925, 3, 1
2050030, 0, 0
2050034, 1, 1
2050046, 2, 1
2050050, 3, 0
2050155, 0, 1
2050159, 1, 1
2050171, 2, 0
2050176, 3, 1
2050280, 0, 1
2050284, 1, 0
2050296, 2, 1
2050301, 3, 0
2050405, 0, 0
2050409, 1, 0
2050421, 2, 0
2050426, 3, 1
2050530, 0, 1
2050534, 1, 1
2050546, 2, 1
2050551, 3, 0
2050655, 0, 0
2050659, 1, 1
2050671, 2, 0
2050676, 3, 1
2050780, 0, 0
2050784, 1, 0
2050796, 2, 1
2050801, 3, 0
2050905, 0, 1
2050909, 1, 0
2050921, 2, 1
2050926, 3, bit 1
2050926, 3, 1
2051030, 0, 1
2051034, 1, 1
2051046, 2, 0
2051051, 3, 0
2051155, 0, 0
2051159, 1, 0
2051171, 2, 1
2051176, 3, 1
2051280, 0, bit 0
2051280, 0, 1
2051284, 1, 1
2051296, 2, 0
2051301, 3, 0
2051405, 0, 0
2051409, 1, bit 0
2051409, 1, 1
2051421, 2, bit 1
2051421, 2, 0
2051426, 3, 0
2051530, 0, 1
2051534, 1, 0
2051546, 2, 1
2051551, 3, 1
2051655, 0, 0
2051659, 1, 0
2051671, 2, 1
2051676, 3, 0
2051780, 0, 0
2051784, 1, 1
2051796, 2, 0
2051801, 3, 1
2051905, 0, 1
2051909, 1, 1
2051921, 2, 1
2051926, 3, 0
2052030, 0, 1
2052034, 1, 0
2052046, 2, 0
2052051, 3, 1
2052155, 0, 0
2052159, 1, 0
2052171, 2, 1
2052176, 3, 0
2052280, 0, 1
2052284, 1, 1
2052296, 2, 0
2052301, 3, 1
2052405, 0, 0
2052409, 1, 1
2052421, 2, 1
2052426, 3, 0
2052530, 0, 0
2052534, 1, 0
2052546, 2, 0
2052551, 3, 1
2052655, 0, 1
2052659, 1, 0
2052671, 2, 0
2052676, 3, bit 1
2052676, 3, 1
2052780, 0, 1
2052784, 1, 1
2052796, 2, 1
2052801, 3, 0
2052905, 0, 0
2052909, 1, 0
2052921, 2, 0
2052926, 3, 1
2053030, 0, bit 0
2053030, 0, 1
2053035, 1, 1
2053046, 2, 1
2053051, 3, 0
2053155, 0, 0
2053160, 1, bit 0
2053160, 1, 1
2053171, 2, bit 1
2053171, 2, 0
2053176, 3, 0
2053280, 0, 1
2053285, 1, 0
2053296, 2, 1
2053301, 3, 1
2053405, 0, 0
2053410, 1, 0
2053421, 2, 1
2053426, 3, 0
2053530, 0, 0
2053535, 1, 1
2053547, 2, 0
2053551, 3, 1
2053655, 0, 1
2053660, 1, 1
2053672, 2, 1
2053676, 3, 0
2053780, 0, 1
2053785, 1, 0
2053797, 2, 0
2053801, 3, 1
2053905, 0, 0
2053910, 1, 0
2053922, 2, 1
2053926, 3, 0
2054030, 0, 1
2054035, 1, 1
2054047, 2, 0
2054051, 3, 1
2054155, 0, 0
2054160, 1, 1
2054172, 2, 1
2054176, 3, 0
2054280, 0, 0
2054285, 1, 0
2054297, 2, 0
2054301, 3, 1
2054405, 0, 1
2054410, 1, 0
2054422, 2, 0
2054426, 3, bit 1
2054426, 3, 1
2054530, 0, 1
2054535, 1, 1
2054547, 2, 1
2054551, 3, 0
2054656, 0, 0
2054660, 1, 0
2054672, 2, 0
2054676, 3, 1
2054781, 0, bit 0
2054781, 0, 1
2054785, 1, 1
2054797, 2, 1
2054801, 3, 0
2054906, 0, 0
2054910, 1, bit 1
2054910, 1, 0
2054922, 2, bit 1
2054922, 2, 0
2054926, 3, 0
2055031, 0, 1
2055035, 1, 1
2055047, 2, 1
2055051, 3, 1
2055156, 0, 0
2055160, 1, 1
2055172, 2, 1
2055176, 3, 0
2055281, 0, 0
2055285, 1, 0
2055297, 2, 0
2055301, 3, 1
2055406, 0, 1
2055410, 1, 0
2055422, 2, 1
2055426, 3, 0
2055531, 0, 1
2055535, 1, 1
2055547, 2, 0
2055552, 3, 1
2055656, 0, 0
2055660, 1, 1
2055672, 2, 1
2055677, 3, 0
2055781, 0, 1
2055785, 1, 0
2055797, 2, 0
2055802, 3, 1
2055906, 0, 0
2055910, 1, 0
2055922, 2, 1
2055927, 3, 0
2056031, 0, 0
2056035, 1, 1
2056047, 2, 0
2056052, 3, 1
2056156, 0, 1
2056160, 1, 1
2056172, 2, 0
2056177, 3, bit 0
2056177, 3, 0
2056281, 0, 1
2056285, 1, 0
2056297, 2, 1
2056302, 3, 1
2056406, 0, 0
2056410, 1, 1
2056422, 2, 0
2056427, 3, 0
2056531, 0, bit 1
2056531, 0, 0
2056535, 1, 0
2056547, 2, 1
2056552, 3, 1
2056656, 0, 1
2056660, 1, bit 0
2056660, 1, 1
2056672, 2, bit 1
2056675, 2, 0
2056677, 3, 1
2056781, 0, 0
2056785, 1, 0
2056797, 2, 1
2056802, 3, 0
2056906, 0, 1
2056910, 1, 0
2056922, 2, 1
2056927, 3, 1
2057031, 0, 1
2057035, 1, 1
2057047, 2, 0
2057052, 3, 0
2057156, 0, 0
2057160, 1, 1
2057172, 2, 1
2057177, 3, 1
2057281, 0, 0
2057285, 1, 0
2057297, 2, 0
2057302, 3, 0
2057406, 0, 1
2057410, 1, 0
2057422, 2, 1
2057427, 3, 1
2057531, 0, 0
2057535, 1, 1
2057547, 2, 0
2057552, 3, 0
2057656, 0, 1
2057660, 1, 1
2057672, 2, 1
2057677, 3, 1
2057781, 0, 1
2057785, 1, 0
2057797, 2, 0
2057802, 3, 0
2057906, 0, 0
2057910, 1, 0
2057922, 2, 0
2057927, 3, bit 0
2057927, 3, 0
2058031, 0, 0
2058035, 1, 1
2058047, 2, 1
2058052, 3, 1
2058156, 0, 1
2058160, 1, 0
2058172, 2, 0
2058177, 3, 0
2058281, 0, bit 1
2058281, 0, 0
2058285, 1, 1
2058297, 2, 1
2058302, 3, 1
2058406, 0, 1
2058411, 1, bit 0
2058411, 1, 1
2058422, 2, bit 1
2058422, 2, 0
2058427, 3, 1
2058531, 0, 0
2058536, 1, 0
2058547, 2, 1
2058552, 3, 0
2058656, 0, 1
2058661, 1, 0
2058672, 2, 1
2058677, 3, 1
2058781, 0, 1
2058786, 1, 1
2058797, 2, 0
2058802, 3, 0
2058906, 0, 0
2058911, 1, 1
2058923, 2, 1
2058927, 3, 1
2059031, 0, 0
2059036, 1, 0
2059048, 2, 0
2059052, 3, 0
2059156, 0, 1
2059161, 1, 0
2059173, 2, 1
2059177, 3, 1
2059281, 0, 0
2059286, 1, 1
2059298, 2, 0
2059302, 3, 0
2059406, 0, 1
2059411, 1, 1
2059423, 2, 1
2059427, 3, 1
2059531, 0, 1
2059536, 1, 0
2059548, 2, 0
2059552, 3, 0
2059656, 0, 0
2059661, 1, 0
2059673, 2, 0
2059677, 3, bit 1
2059680, 3, 1
2059781, 0, 0
2059786, 1, 1
2059798, 2, 1
2059802, 3, 0
2059906, 0, 1
2059911, 1, 0
2059923, 2, 0
2059927, 3, 1
2060032, 0, bit 1
2060032, 0, 0
2060036, 1, 1
2060048, 2, 1
2060052, 3, 0
2060157, 0, 1
2060161, 1, bit 1
2060161, 1, 0
2060173, 2, bit 1
2060173, 2, 0
2060177, 3, 0
2060282, 0, 0
2060286, 1, 1
2060298, 2, 1
2060302, 3, 1
2060407, 0, 1
2060411, 1, 1
2060423, 2, 1
2060427, 3, 0
2060532, 0, 1
2060536, 1, 0
2060548, 2, 0
2060552, 3, 1
2060657, 0, 0
2060661, 1, 0
2060673, 2, 1
2060677, 3, 0
2060782, 0, 0
2060786, 1, 1
2060798, 2, 0
2060802, 3, 1
2060907, 0, 1
2060911, 1, 1
2060923, 2, 1
2060928, 3, 0
2061032, 0, 0
2061036, 1, 0
2061048, 2, 0
2061053, 3, 1
2061157, 0, 1
2061161, 1, 0
2061173, 2, 1
2061178, 3, 0
2061282, 0, 1
2061286, 1, 1
2061298, 2, 0
2061303, 3, 1
2061407, 0, 0
2061411, 1, 1
2061423, 2, 0
2061428, 3, bit 1
2061428, 3, 1
2061532, 0, 0
2061536, 1, 0
2061548, 2, 1
2061553, 3, 0
2061657, 0, 1
2061661, 1, 1
2061673, 2, 0
2061678, 3, 1
2061782, 0, bit 0
2061782, 0, 1
2061786, 1, 0
2061798, 2, 1
2061803, 3, 0
2061907, 0, 0
2061911, 1, bit 0
2061911, 1, 1
2061923, 2, bit 0
2061923, 2, 1
2061928, 3, 0
2062032, 0, 1
2062036, 1, 0
2062048, 2, 0
2062053, 3, 1
2062157, 0, 0
2062161, 1, 0
2062173, 2, 0
2062178, 3, 0
2062282, 0, 0
2062286, 1, 1
2062298, 2, 1
2062303, 3, 1
2062407, 0, 1
2062411, 1, 1
2062423, 2, 0
2062428, 3, 0
2062532, 0, 1
2062536, 1, 0
2062548, 2, 1
2062553, 3, 1
2062657, 0, 0
2062661, 1, 0
2062673, 2, 0
2062678, 3, 0
2062782, 0, 1
2062786, 1, 1
2062798, 2, 1
2062803, 3, 1
2062907, 0, 0
2062911, 1, 1
2062923, 2, 0
2062928, 3, 0
2063032, 0, 0
2063036, 1, 0
2063048, 2, 1
2063053, 3, 1
2063157, 0, 1
2063161, 1, 0
2063173, 2, 1
2063178, 3, bit 0
2063178, 3, 0
2063282, 0, 1
2063286, 1, 1
2063298, 2, 0
2063303, 3, 1
2063407, 0, 0
2063411, 1, 0
2063423, 2, 1
2063428, 3, 0
2063532, 0, bit 1
2063532, 0, 0
2063536, 1, 1
2063548, 2, 0
2063553, 3, 1
2063657, 0, 1
2063661, 1, bit 1
2063661, 1, 0
2063673, 2, bit 1
2063673, 2, 0
2063678, 3, 1
2063782, 0, 0
2063787, 1, 1
2063798, 2, 1
2063803, 3, 0
2063907, 0, 1
2063912, 1, 1
2063923, 2, 1
2063928, 3, 1
2064032, 0, 1
2064037, 1, 0
2064048, 2, 0
2064053, 3, 0
2064157, 0, 0
2064162, 1, 0
2064173, 2, 1
2064178, 3, 1
2064282, 0, 0
2064287, 1, 1
2064299, 2, 0
2064303, 3, 0
2064407, 0, 1
2064412, 1, 1
2064424, 2, 1
2064428, 3, 1
2064532, 0, 0
2064537, 1, 0
2064549, 2, 0
2064553, 3, 0
2064657, 0, 1
2064662, 1, 0
2064674, 2, 1
2064678, 3, 1
2064782, 0, 1
2064787, 1, 1
2064799, 2, 0
2064803, 3, 0
2064907, 0, 0
2064912, 1, 1
2064924, 2, 0
2064928, 3, bit 1
2064928, 3, 1
2065032, 0, 0
2065037, 1, 0
2065049, 2, 1
2065053, 3, 0
2065157, 0, 1
2065162, 1, 1
2065174, 2, 0
2065178, 3, 1
2065282, 0, bit 0
2065282, 0, 1
2065287, 1, 0
2065299, 2, 1
2065303, 3, 0
2065408, 0, 0
2065412, 1, bit 1
2065412, 1, 0
2065424, 2, bit 1
2065424, 2, 0
2065428, 3, 0
2065533, 0, 1
2065537, 1, 1
2065549, 2, 1
2065553, 3, 1
2065658, 0, 0
2065662, 1, 1
2065674, 2, 1
2065678, 3, 0
2065783, 0, 0
2065787, 1, 0
2065799, 2, 0
2065803, 3, 1
2065908, 0, 1
2065912, 1, 0
2065924, 2, 1
2065928, 3, 0
2066033, 0, 1
2066037, 1, 1
2066049, 2, 0
2066053, 3, 1
2066158, 0, 0
2066162, 1, 1
2066174, 2, 1
2066178, 3, 0
2066283, 0, 1
2066287, 1, 0
2066299, 2, 0
2066304, 3, 1
2066408, 0, 0
2066412, 1, 0
2066424, 2, 1
2066429, 3, 0
2066533, 0, 0
2066537, 1, 1
2066549, 2, 0
2066554, 3, 1
2066658, 0, 1
2066662, 1, 1
2066674, 2, 0
2066679, 3, bit 1
2066679, 3, 1
2066783, 0, 1
2066787, 1, 0
2066799, 2, 1
2066804, 3, 0
2066908, 0, 0
2066912, 1, 1
2066924, 2, 0
2066929, 3, 1
2067033, 0, bit 1
2067033, 0, 0
2067037, 1, 0
2067049, 2, 1
2067054, 3, 0
2067158, 0, 1
2067162, 1, bit 0
2067162, 1, 1
2067174, 2, bit 0
2067174, 2, 1
2067179, 3, 0
2067283, 0, 0
2067287, 1, 0
2067299, 2, 0
2067304, 3, 1
2067408, 0, 1
2067412, 1, 0
2067424, 2, 0
2067429, 3, 0
2067533, 0, 1
2067537, 1, 1
2067549, 2, 1
2067554, 3, 1
2067658, 0, 0
2067662, 1, 1
2067674, 2, 0
2067679, 3, 0
2067783, 0, 0
2067787, 1, 0
2067799, 2, 1
2067804, 3, 1
2067908, 0, 1
2067912, 1, 0
2067924, 2, 0
2067929, 3, 0
2068033, 0, 0
2068037, 1, 1
2068049, 2, 1
2068054, 3, 1
2068158, 0, 1
2068162, 1, 1
2068174, 2, 0
2068179, 3, 0
2068283, 0, 1
2068287, 1, 0
2068299, 2, 1
2068304, 3, 1
2068408, 0, 0
2068412, 1, 0
2068424, 2, 1
2068429, 3, bit 1
2068429, 3, 1
2068533, 0, 0
2068537, 1, 1
2068549, 2, 0
2068554, 3, 0
2068658, 0, 1
2068662, 1, 0
2068674, 2, 1
2068679, 3, 1
2068783, 0, bit 1
2068783, 0, 0
2068787, 1, 1
2068799, 2, 0
2068804, 3, 0
2068908, 0, 1
2068912, 1, bit 0
2068912, 1, 1
2068924, 2, bit 1
2068924, 2, 0
2068929, 3, 0
2069033, 0, 0
2069037, 1, 0
2069049, 2, 1
2069054, 3, 1
2069158, 0, 1
2069163, 1, 0
2069174, 2, 1
2069179, 3, 0
2069283, 0, 1
2069288, 1, 1
2069299, 2, 0
2069304, 3, 1
2069408, 0, 0
2069413, 1, 1
2069424, 2, 1
2069429, 3, 0
2069533, 0, 0
2069538, 1, 0
2069549, 2, 0
2069554, 3, 1
2069658, 0, 1
2069663, 1, 0
2069675, 2, 1
2069679, 3, 0
2069783, 0, 0
2069788, 1, 1
2069800, 2, 0
2069804, 3, 1
2069908, 0, 1
2069913, 1, 1
2069925, 2, 1
2069929, 3, 0
2070033, 0, 1
2070038, 1, 0
2070050, 2, 0
2070054, 3, 1
2070158, 0, 0
2070163, 1, 0
2070175, 2, 0
2070179, 3, bit 1
2070179, 3, 1
2070283, 0, 0
2070288, 1, 1
2070300, 2, 1
2070304, 3, 0
2070408, 0, 1
2070413, 1, 0
2070425, 2, 0
2070429, 3, 1
2070533, 0, bit 0
2070533, 0, 1
2070538, 1, 1
2070550, 2, 1
2070554, 3, 0
2070658, 0, 0
2070663, 1, bit 0
2070663, 1, 1
2070675, 2, bit 0
2070675, 2, 1
2070679, 3, 0
2070784, 0, 1
2070788, 1, 0
2070800, 2, 0
2070804, 3, 1
2070909, 0, 0
2070913, 1, 0
2070925, 2, 0
2070929, 3, 0
2071034, 0, 0
2071038, 1, 1
2071050, 2, 1
2071054, 3, 1
2071159, 0, 1
2071163, 1, 1
2071175, 2, 0
2071179, 3, 0
2071284, 0, 1
2071288, 1, 0
2071300, 2, 1
2071304, 3, 1
2071409, 0, 0
2071413, 1, 0
2071425, 2, 0
2071429, 3, 0
2071534, 0, 1
2071538, 1, 1
2071550, 2, 1
2071554, 3, 1
2071659, 0, 0
2071663, 1, 1
2071675, 2, 0
2071680, 3, 0
2071784, 0, 0
2071788, 1, 0
2071800, 2, 1
2071805, 3, 1
2071909, 0, 1
2071913, 1, 0
2071925, 2, 1
2071930, 3, bit 1
2071930, 3, 1
2072034, 0, 1
2072038, 1, 1
2072050, 2, 0
2072055, 3, 0
2072159, 0, 0
2072163, 1, 0
2072175, 2, 1
2072180, 3, 1
2072284, 0, bit 1
2072284, 0, 0
2072288, 1, 1
2072300, 2, 0
2072305, 3, 0
2072409, 0, 1
2072413, 1, bit 0
2072416, 1, 1
2072425, 2, bit 1
2072425, 2, 0
2072430, 3, 0
2072534, 0, 0
2072538, 1, 0
2072550, 2, 1
2072555, 3, 1
2072659, 0, 1
2072663, 1, 0
2072675, 2, 1
2072680, 3, 0
2072784, 0, 1
2072788, 1, 1
2072800, 2, 0
2072805, 3, 1
2072909, 0, 0
2072913, 1, 1
2072925, 2, 1
2072930, 3, 0
2073034, 0, 0
2073038, 1, 0
2073050, 2, 0
2073055, 3, 1
2073159, 0, 1
2073163, 1, 0
2073175, 2, 1
2073180, 3, 0
2073284, 0, 0
2073288, 1, 1
2073300, 2, 0
2073305, 3, 1
2073409, 0, 1
2073413, 1, 1
2073425, 2, 1
2073430, 3, 0
2073534, 0, 1
2073538, 1, 0
2073550, 2, 0
2073555, 3, 1
2073659, 0, 0
2073663, 1, 0
2073675, 2, 0
2073680, 3, bit 1
2073680, 3, 1
2073784, 0, 0
2073788, 1, 1
2073800, 2, 1
2073805, 3, 0
2073909, 0, 1
2073913, 1, 0
2073925, 2, 0
2073930, 3, 1
2074034, 0, bit 0
2074034, 0, 1
2074038, 1, 1
2074050, 2, 1
2074055, 3, 0
2074159, 0, 0
2074163, 1, bit 1
2074163, 1, 0
2074175, 2, bit 0
2074175, 2, 1
2074180, 3, 0
2074284, 0, 1
2074288, 1, 1
2074300, 2, 0
2074305, 3, 1
2074409, 0, 0
2074413, 1, 1
2074425, 2, 0
2074430, 3, 0
2074534, 0, 0
2074539, 1, 0
2074550, 2, 1
2074555, 3, 1
2074659, 0, 1
2074664, 1, 0
2074675, 2, 0
2074680, 3, 0
2074784, 0, 1
2074789, 1, 1
2074800, 2, 1
2074805, 3, 1
2074909, 0, 0
2074914, 1, 1
2074925, 2, 0
2074930, 3, 0
2075034, 0, 1
2075039, 1, 0
2075051, 2, 1
2075055, 3, 1
2075159, 0, 0
2075164, 1, 0
2075176, 2, 0
2075180, 3, 0
2075284, 0, 0
2075289, 1, 1
2075301, 2, 1
2075305, 3, 1
2075409, 0, 1
2075414, 1, 1
2075426, 2, 1
2075430, 3, bit 0
2075430, 3, 0
2075534, 0, 1
2075539, 1, 0
2075551, 2, 0
2075555, 3, 1
2075659, 0, 0
2075664, 1, 1
2075676, 2, 1
2075680, 3, 0
2075784, 0, bit 1
2075784, 0, 0
2075789, 1, 0
2075801, 2, 0
2075805, 3, 1
2075909, 0, 1
2075914, 1, bit 0
2075914, 1, 1
2075926, 2, bit 1
2075926, 2, 0
2075930, 3, 1
2076034, 0, 0
2076039, 1, 0
2076051, 2, 1
2076055, 3, 0
2076160, 0, 1
2076164, 1, 0
2076176, 2, 1
2076180, 3, 1
2076285, 0, 1
2076289, 1, 1
2076301, 2, 0
2076305, 3, 0
2076410, 0, 0
2076414, 1, 1
2076426, 2, 1
2076430, 3, 1
2076535, 0, 0
2076539, 1, 0
2076551, 2, 0
2076555, 3, 0
2076660, 0, 1
2076664, 1, 0
2076676, 2, 1
2076680, 3, 1
2076785, 0, 0
2076789, 1, 1
2076801, 2, 0
2076805, 3, 0
2076910, 0, 1
2076914, 1, 1
2076926, 2, 1
2076930, 3, 1
2077035, 0, 1
2077039, 1, 0
2077051, 2, 0
2077056, 3, 0
2077160, 0, 0
2077164, 1, 0
2077176, 2, 0
2077181, 3, bit 1
2077181, 3, 1
2077285, 0, 0
2077289, 1, 1
2077301, 2, 1
2077306, 3, 0
2077410, 0, 1
2077414, 1, 0
2077426, 2, 0
2077431, 3, 1
2077535, 0, bit 1
2077535, 0, 0
2077539, 1, 1
2077551, 2, 1
2077556, 3, 0
2077660, 0, 1
2077664, 1, bit 1
2077664, 1, 0
2077676, 2, bit 0
2077676, 2, 1
2077681, 3, 0
2077785, 0, 0
2077789, 1, 1
2077801, 2, 0
2077806, 3, 1
2077910, 0, 1
2077914, 1, 1
2077926, 2, 0
2077931, 3, 0
2078035, 0, 1
2078039, 1, 0
2078051, 2, 1
2078056, 3, 1
2078160, 0, 0
2078164, 1, 0
2078176, 2, 0
2078181, 3, 0
2078285, 0, 0
2078296, 1, 1
2078301, 2, 1
2078306, 3, 1
2078410, 0, 1
2078422, 1, 1
2078426, 2, 0
2078431, 3, 0
2078535, 0, 0
2078547, 1, 0
2078551, 2, 1
2078556, 3, 1
2078660, 0, 1
2078672, 1, 0
2078676, 2, 0
2078681, 3, 0
2078785, 0, 1
2078797, 1, 1
2078801, 2, 1
2078806, 3, 1
2078910, 0, 0
2078922, 1, 1
2078926, 2, 1
2078931, 3, bit 0
2078931, 3, 0
2079035, 0, 0
2079047, 1, 0
2079051, 2, 0
2079056, 3, 1
2079160, 0, 1
2079172, 1, 1
2079176, 2, 1
2079181, 3, 0
2079297, 1, 0
2079301, 2, 0
2079306, 3, 1
2079422, 1, bit 1
2079422, 1, 0
2079426, 2, bit 0
2079426, 2, 1
2079431, 3, 1
2079547, 1, 1
2079551, 2, 0
2079556, 3, 0
2079672, 1, 1
2079676, 2, 0
2079681, 3, 1
2079797, 1, 0
2079801, 2, 1
2079806, 3, 0
2079922, 1, 0
2079926, 2, 0
2079931, 3, 1
2080047, 1, 1
2080051, 2, 1
2080056, 3, 0
2080172, 1, 1
2080176, 2, 0
2080181, 3, 1
2080297, 1, 0
2080301, 2, 1
2080306, 3, 0
2080422, 1, 0
2080427, 2, 0
2080431, 3, 1
2080547, 1, 1
2080552, 2, 1
2080556, 3, 0
2080672, 1, 1
2080677, 2, 1
2080681, 3, bit 1
2080681, 3, 1
2080797, 1, 0
2080802, 2, 0
2080806, 3, 0
2080922, 1, 1
2080927, 2, 1
2080931, 3, 1
2081047, 1, 0
2081052, 2, 0
2081056, 3, 0
2081172, 1, bit 1
2081172, 1, 0
2081177, 2, bit 0
2081177, 2, 1
2081181, 3, 0
2081297, 1, 1
2081302, 2, 0
2081306, 3, 1
2081422, 1, 1
2081427, 2, 0
2081431, 3, 0
2081547, 1, 0
2081552, 2, 1
2081556, 3, 1
2081672, 1, 0
2081677, 2, 0
2081681, 3, 0
2081797, 1, 1
2081802, 2, 1
2081806, 3, 1
2081922, 1, 1
2081927, 2, 0
2081931, 3, 0
2082048, 1, 0
2082052, 2, 1
2082056, 3, 1
2082173, 1, 0
2082177, 2, 0
2082181, 3, 0
2082298, 1, 1
2082302, 2, 1
2082306, 3, 1
2082423, 1, 1
2082427, 2, 1
2082432, 3, bit 0
2082432, 3, 0
2082548, 1, 0
2082552, 2, 0
2082557, 3, 1
2082673, 1, 1
2082677, 2, 1
2082682, 3, 0
2082798, 1, 0
2082802, 2, 0
2082807, 3, 1
2082923, 1, bit 0
2082923, 1, 1
2082927, 2, bit 0
2082927, 2, 1
2082932, 3, 1
2083048, 1, 0
2083052, 2, 0
2083057, 3, 0
2083173, 1, 0
2083177, 2, 0
2083182, 3, 1
2083298, 1, 1
2083302, 2, 1
2083307, 3, 0
2083423, 1, 1
2083427, 2, 0
2083432, 3, 1
2083548, 1, 0
2083552, 2, 1
2083557, 3, 0
2083673, 1, 0
2083677, 2, 0
2083682, 3, 1
2083798, 1, 1
2083802, 2, 1
2083807, 3, 0
2083923, 1, 1
2083927, 2, 0
2083932, 3, 1
2084048, 1, 0
2084052, 2, 1
2084057, 3, 0
2084173, 1, 0
2084177, 2, 1
2084182, 3, bit 1
2084182, 3, 1
2084298, 1, 1
2084302, 2, 0
2084307, 3, 0
2084423, 1, 0
2084427, 2, 1
2084432, 3, 1
2084548, 1, 1
2084552, 2, 0
2084557, 3, 0
2084673, 1, bit 0
2084673, 1, 1
2084677, 2, bit 0
2084677, 2, 1
2084682, 3, 0
2084798, 1, 0
2084802, 2, 0
2084807, 3, 1
2084923, 1, 0
2084927, 2, 0
2084932, 3, 0
2085048, 1, 1
2085052, 2, 1
2085057, 3, 1
2085173, 1, 1
2085177, 2, 0
2085182, 3, 0
2085298, 1, 0
2085302, 2, 1
2085307, 3, 1
2085423, 1, 0
2085427, 2, 0
2085432, 3, 0
2085548, 1, 1
2085552, 2, 1
2085557, 3, 1
2085673, 1, 1
2085677, 2, 0
2085682, 3, 0
2085798, 1, 0
2085803, 2, 1
2085807, 3, 1
2085923, 1, 0
2085928, 2, 1
2085932, 3, bit 1
2085932, 3, 1
2086048, 1, 1
2086053, 2, 0
2086057, 3, 0
2086173, 1, 0
2086178, 2, 1
2086182, 3, 1
2086298, 1, 1
2086303, 2, 0
2086307, 3, 0
2086423, 1, bit 1
2086423, 1, 0
2086428, 2, bit 1
2086428, 2, 0
2086432, 3, 0
2086548, 1, 1
2086553, 2, 1
2086557, 3, 1
2086673, 1, 1
2086678, 2, 1
2086682, 3, 0
2086798, 1, 0
2086803, 2, 0
2086807, 3, 1
2086923, 1, 0
2086928, 2, 1
2086932, 3, 0
2087048, 1, 1
2087053, 2, 0
2087057, 3, 1
2087173, 1, 1
2087178, 2, 1
2087182, 3, 0
2087298, 1, 0
2087303, 2, 0
2087307, 3, 1
2087424, 1, 0
2087428, 2, 1
2087432, 3, 0
2087549, 1, 1
2087553, 2, 0
2087557, 3, 1
2087674, 1, 1
2087678, 2, 0
2087682, 3, bit 1
2087682, 3, 1
2087799, 1, 0
2087803, 2, 1
2087808, 3, 0
2087924, 1, 1
2087928, 2, 0
2087933, 3, 1
2088049, 1, 0
2088053, 2, 1
2088058, 3, 0
2088174, 1, bit 1
2088174, 1, 0
2088178, 2, bit 0
2088178, 2, 1
2088183, 3, 0
2088299, 1, 1
2088303, 2, 0
2088308, 3, 1
2088424, 1, 1
2088428, 2, 0
2088433, 3, 0
2088549, 1, 0
2088553, 2, 1
2088558, 3, 1
2088674, 1, 0
2088678, 2, 0
2088683, 3, 0
2088799, 1, 1
2088803, 2, 1
2088808, 3, 1
2088924, 1, 1
2088928, 2, 0
2088933, 3, 0
2089049, 1, 0
2089053, 2, 1
2089058, 3, 1
2089174, 1, 0
2089178, 2, 0
2089183, 3, 0
2089299, 1, 1
2089303, 2, 1
2089308, 3, 1
2089424, 1, 1
2089428, 2, 1
2089433, 3, bit 0
2089433, 3, 0
2089549, 1, 0
2089553, 2, 0
2089558, 3, 1
2089674, 1, 1
2089678, 2, 1
2089683, 3, 0
2089799, 1, 0
2089803, 2, 0
2089808, 3, 1
2089924, 1, bit 0
2089924, 1, 1
2089928, 2, bit 1
2089928, 2, 0
2089933, 3, 1
2090049, 1, 0
2090053, 2, 1
2090058, 3, 0
2090174, 1, 0
2090178, 2, 1
2090183, 3, 1
2090299, 1, 1
2090303, 2, 0
2090308, 3, 0
2090424, 1, 1
2090428, 2, 1
2090433, 3, 1
2090549, 1, 0
2090553, 2, 0
2090558, 3, 0
2090674, 1, 0
2090678, 2, 1
2090683, 3, 1
2090799, 1, 1
2090803, 2, 0
2090808, 3, 0
2090924, 1, 1
2090928, 2, 1
2090933, 3, 1
2091049, 1, 0
2091053, 2, 0
2091058, 3, 0
2091174, 1, 0
2091179, 2, 0
2091183, 3, bit 1
2091183, 3, 1
2091299, 1, 1
2091304, 2, 1
2091308, 3, 0
2091424, 1, 0
2091429, 2, 0
2091433, 3, 1
2091549, 1, 1
2091554, 2, 1
2091558, 3, 0
2091674, 1, bit 1
2091674, 1, 0
2091679, 2, bit 0
2091679, 2, 1
2091683, 3, 0
2091799, 1, 1
2091804, 2, 0
2091808, 3, 1
2091924, 1, 1
2091929, 2, 0
2091933, 3, 0
2092049, 1, 0
2092054, 2, 1
2092058, 3, 1
2092174, 1, 0
2092179, 2, 0
2092183, 3, 0
2092299, 1, 1
2092304, 2, 1
2092308, 3, 1
2092424, 1, 1
2092429, 2, 0
2092433, 3, 0
2092549, 1, 0
2092554, 2, 1
2092558, 3, 1
2092674, 1, 0
2092679, 2, 0
2092683, 3, 0
2092800, 1, 1
2092804, 2, 1
2092808, 3, 1
2092925, 1, 1
2092929, 2, 1
2092933, 3, bit 0
2092933, 3, 0
2093050, 1, 0
2093054, 2, 0
2093058, 3, 1
2093175, 1, 1
2093179, 2, 1
2093184, 3, 0
2093300, 1, 0
2093304, 2, 0
2093309, 3, 1
2093425, 1, bit 0
2093425, 1, 1
2093429, 2, bit 0
2093429, 2, 1
2093434, 3, 1
2093550, 1, 0
2093554, 2, 0
2093559, 3, 0
2093675, 1, 0
2093679, 2, 0
2093684, 3, 1
2093800, 1, 1
2093804, 2, 1
2093809, 3, 0
2093925, 1, 1
2093929, 2, 0
2093934, 3, 1
2094050, 1, 0
2094054, 2, 1
2094059, 3, 0
2094175, 1, 0
2094179, 2, 0
2094184, 3, 1
2094300, 1, 1
2094304, 2, 1
2094309, 3, 0
2094425, 1, 1
2094429, 2, 0
2094434, 3, 1
2094550, 1, 0
2094554, 2, 1
2094559, 3, 0
2094675, 1, 0
2094679, 2, 1
2094684, 3, bit 1
2094684, 3, 1
2094800, 1, 1
2094804, 2, 0
2094809, 3, 0
2094925, 1, 0
2094929, 2, 1
2094934, 3, 1
2095050, 1, 1
2095054, 2, 0
2095059, 3, 0
2095175, 1, bit 1
2095175, 1, 0
2095179, 2, bit 0
2095179, 2, 1
2095184, 3, 0
2095300, 1, 1
2095304, 2, 0
2095309, 3, 1
2095425, 1, 1
2095429, 2, 0
2095434, 3, 0
2095550, 1, 0
2095554, 2, 1
2095559, 3, 1
2095675, 1, 0
2095679, 2, 0
2095684, 3, 0
2095800, 1, 1
2095804, 2, 1
2095809, 3, 1
2095925, 1, 1
2095929, 2, 0
2095934, 3, 0
2096050, 1, 0
2096054, 2, 1
2096059, 3, 1
2096175, 1, 0
2096179, 2, 0
2096184, 3, 0
2096300, 1, 1
2096304, 2, 1
2096309, 3, 1
2096425, 1, 1
2096429, 2, 1
2096434, 3, bit 0
2096434, 3, 0
2096550, 1, 0
2096555, 2, 0
2096559, 3, 1
2096675, 1, 1
2096680, 2, 1
2096684, 3, 0
2096800, 1, 0
2096805, 2, 0
2096809, 3, 1
2096925, 1, bit 1
2096925, 1, 0
2096930, 2, bit 0
2096930, 2, 1
2096934, 3, 1
2097050, 1, 1
2097055, 2, 0
2097059, 3, 0
2097175, 1, 1
2097180, 2, 0
2097184, 3, 1
2097300, 1, 0
2097305, 2, 1
2097309, 3, 0
2097425, 1, 0
2097430, 2, 0
2097434, 3, 1
2097550, 1, 1
2097555, 2, 1
2097559, 3, 0
2097675, 1, 1
2097680, 2, 0
2097684, 3, 1
2097800, 1, 0
2097805, 2, 1
2097809, 3, 0
2097925, 1, 0
2097930, 2, 0
2097934, 3, 1
2098050, 1, 1
2098055, 2, 1
2098059, 3, 0
2098176, 1, 1
2098180, 2, 1
2098184, 3, bit 1
2098184, 3, 1
2098301, 1, 0
2098305, 2, 0
2098309, 3, 0
2098426, 1, 1
2098430, 2, 1
2098434, 3, 1
2098551, 1, 0
2098555, 2, 0
2098560, 3, 0
2098676, 1, bit 0
2098676, 1, 1
2098680, 2, bit 0
2098680, 2, 1
2098685, 3, 0
2098801, 1, 0
2098805, 2, 0
2098810, 3, 1
2098926, 1, 0
2098930, 2, 0
2098935, 3, 0
2099051, 1, 1
2099055, 2, 1
2099060, 3, 1
2099176, 1, 1
2099180, 2, 0
2099185, 3, 0
2099301, 1, 0
2099305, 2, 1
2099310, 3, 1
2099426, 1, 0
2099430, 2, 0
2099435, 3, 0
2099551, 1, 1
2099555, 2, 1
2099560, 3, 1
2099676, 1, 1
2099680, 2, 0
2099685, 3, 0
2099801, 1, 0
2099805, 2, 1
2099810, 3, 1
2099926, 1, 0
2099930, 2, 1
2099935, 3, bit 1
2099935, 3, 1
2100051, 1, 1
2100055, 2, 0
2100060, 3, 0
2100176, 1, 0
2100180, 2, 1
2100185, 3, 1
2100301, 1, 1
2100305, 2, 0
2100310, 3, 0
2100426, 1, bit 1
2100426, 1, 0
2100430, 2, bit 1
2100430, 2, 0
2100435, 3, 0
2100551, 1, 1
2100555, 2, 1
2100560, 3, 1
2100676, 1, 1
2100680, 2, 1
2100685, 3, 0
2100801, 1, 0
2100805, 2, 0
2100810, 3, 1
2100926, 1, 0
2100930, 2, 1
2100935, 3, 0
2101051, 1, 1
2101055, 2, 0
2101060, 3, 1
2101176, 1, 1
2101180, 2, 1
2101185, 3, 0
2101301, 1, 0
2101305, 2, 0
2101310, 3, 1
2101426, 1, 0
2101430, 2, 1
2101435, 3, 0
2101551, 1, 1
2101555, 2, 0
2101560, 3, 1
2101676, 1, 1
2101680, 2, 0
2101685, 3, bit 0
2101685, 3, 0
2101801, 1, 0
2101805, 2, 1
2101810, 3, 1
2101926, 1, 1
2101931, 2, 0
2101935, 3, 0
2102051, 1, 0
2102056, 2, 1
2102060, 3, 1
2102176, 1, bit 1
2102176, 1, 0
2102181, 2, bit 0
2102181, 2, 1
2102185, 3, 1
2102301, 1, 1
2102306, 2, 0
2102310, 3, 0
2102426, 1, 1
2102431, 2, 0
2102435, 3, 1
2102551, 1, 0
2102556, 2, 1
2102560, 3, 0
2102676, 1, 0
2102681, 2, 0
2102685, 3, 1
2102801, 1, 1
2102806, 2, 1
2102810, 3, 0
2102926, 1, 1
2102931, 2, 0
2102935, 3, 1
2103051, 1, 0
2103056, 2, 1
2103060, 3, 0
2103176, 1, 0
2103181, 2, 0
2103185, 3, 1
2103301, 1, 1
2103306, 2, 1
2103310, 3, 0
2103426, 1, 1
2103431, 2, 1
2103435, 3, bit 1
2103435, 3, 1
2103552, 1, 0
2103556, 2, 0
2103560, 3, 0
2103677, 1, 1
2103681, 2, 1
2103685, 3, 1
2103802, 1, 0
2103806, 2, 0
2103810, 3, 0
2103927, 1, bit 1
2103927, 1, 0
2103931, 2, bit 0
2103931, 2, 1
2103936, 3, 0
2104052, 1, 1
2104056, 2, 0
2104061, 3, 1
2104177, 1, 1
2104181, 2, 0
2104186, 3, 0
2104302, 1, 0
2104306, 2, 1
2104311, 3, 1
2104427, 1, 0
2104431, 2, 0
2104436, 3, 0
2104552, 1, 1
2104556, 2, 1
2104561, 3, 1
2104677, 1, 1
2104681, 2, 0
2104686, 3, 0
2104802, 1, 0
2104806, 2, 1
2104811, 3, 1
2104927, 1, 0
2104931, 2, 0
2104936, 3, 0
2105052, 1, 1
2105056, 2, 1
2105061, 3, 1
2105177, 1, 1
2105181, 2, 1
2105186, 3, bit 1
2105186, 3, 1
2105302, 1, 0
2105306, 2, 0
2105311, 3, 0
2105427, 1, 1
2105431, 2, 1
2105436, 3, 1
2105552, 1, 0
2105556, 2, 0
2105561, 3, 0
2105677, 1, bit 1
2105677, 1, 0
2105681, 2, bit 1
2105681, 2, 0
2105686, 3, 0
2105802, 1, 1
2105806, 2, 1
2105811, 3, 1
2105927, 1, 1
2105931, 2, 1
2105936, 3, 0
2106052, 1, 0
2106056, 2, 0
2106061, 3, 1
2106177, 1, 0
2106181, 2, 1
2106186, 3, 0
2106302, 1, 1
2106306, 2, 0
2106311, 3, 1
2106427, 1, 1
2106431, 2, 1
2106436, 3, 0
2106552, 1, 0
2106556, 2, 0
2106561, 3, 1
2106677, 1, 0
2106681, 2, 1
2106686, 3, 0
2106802, 1, 1
2106806, 2, 0
2106811, 3, 1
2106927, 1, 1
2106931, 2, 0
2106936, 3, bit 1
2106936, 3, 1
2107052, 1, 0
2107056, 2, 1
2107061, 3, 0
2107177, 1, 1
2107181, 2, 0
2107186, 3, 1
2107302, 1, 0
2107307, 2, 1
2107311, 3, 0
2107427, 1, bit 0
2107427, 1, 1
2107432, 2, bit 1
2107432, 2, 0
2107436, 3, 0
2107552, 1, 0
2107557, 2, 1
2107561, 3, 1
2107677, 1, 0
2107682, 2, 1
2107686, 3, 0
2107802, 1, 1
2107807, 2, 0
2107811, 3, 1
2107927, 1, 1
2107932, 2, 1
2107936, 3, 0
2108052, 1, 0
2108057, 2, 0
2108061, 3, 1
2108177, 1, 0
2108182, 2, 1
2108186, 3, 0
2108302, 1, 1
2108307, 2, 0
2108311, 3, 1
2108427, 1, 1
2108432, 2, 1
2108436, 3, 0
2108552, 1, 0
2108557, 2, 0
2108561, 3, 1
2108677, 1, 0
2108682, 2, 0
2108686, 3, bit 0
2108686, 3, 0
2108802, 1, 1
2108807, 2, 1
2108811, 3, 1
2108928, 1, 0
2108932, 2, 0
2108936, 3, 0
2109053, 1, 1
2109057, 2, 1
2109061, 3, 1
2109182, 2, bit 1
2109182, 2, 0
2109186, 3, 1
2109307, 2, 1
2109312, 3, 0
2109432, 2, 1
2109437, 3, 1
2109557, 2, 0
2109562, 3, 0
2109682, 2, 1
2109687, 3, 1
2109807, 2, 0
2109812, 3, 0
2109932, 2, 1
2109937, 3, 1
2110057, 2, 0
2110062, 3, 0
2110182, 2, 1
2110187, 3, 1
2110307, 2, 0
2110312, 3, 0
2110432, 2, 0
2110437, 3, bit 1
2110437, 3, 1
2110557, 2, 1
2110562, 3, 0
2110682, 2, 0
2110687, 3, 1
2110807, 2, 1
2110812, 3, 0
2110932, 2, bit 1
2110932, 2, 0
2110937, 3, 0
2111057, 2, 1
2111062, 3, 1
2111182, 2, 1
2111187, 3, 0
2111307, 2, 0
2111312, 3, 1
2111432, 2, 1
2111437, 3, 0
2111557, 2, 0
2111562, 3, 1
2111682, 2, 1
2111687, 3, 0
2111807, 2, 0
2111812, 3, 1
2111932, 2, 1
2111937, 3, 0
2112057, 2, 0
2112062, 3, 1
2112182, 2, 0
2112187, 3, bit 1
2112187, 3, 1
2112307, 2, 1
2112312, 3, 0
2112432, 2, 0
2112437, 3, 1
2112557, 2, 1
2112562, 3, 0
2112683, 2, bit 0
2112683, 2, 1
2112687, 3, 0
2112808, 2, 0
2112812, 3, 1
2112933, 2, 0
2112937, 3, 0
2113058, 2, 1
2113062, 3, 1
2113183, 2, 0
2113187, 3, 0
2113308, 2, 1
2113312, 3, 1
2113433, 2, 0
2113437, 3, 0
2113558, 2, 1
2113562, 3, 1
2113683, 2, 0
2113687, 3, 0
2113808, 2, 1
2113812, 3, 1
2113933, 2, 1
2113937, 3, bit 1
2113937, 3, 1
2114058, 2, 0
2114062, 3, 0
2114183, 2, 1
2114187, 3, 1
2114308, 2, 0
2114312, 3, 0
2114433, 2, bit 0
2114433, 2, 1
2114437, 3, 0
2114558, 2, 0
2114562, 3, 1
2114683, 2, 0
2114688, 3, 0
2114808, 2, 1
2114813, 3, 1
2114933, 2, 0
2114938, 3, 0
2115058, 2, 1
2115063, 3, 1
2115183, 2, 0
2115188, 3, 0
2115308, 2, 1
2115313, 3, 1
2115433, 2, 0
2115438, 3, 0
2115558, 2, 1
2115563, 3, 1
2115683, 2, 1
2115688, 3, bit 0
2115688, 3, 0
2115808, 2, 0
2115813, 3, 1
2115933, 2, 1
2115938, 3, 0
2116058, 2, 0
2116063, 3, 1
2116183, 2, bit 0
2116183, 2, 1
2116188, 3, 1
2116308, 2, 0
2116313, 3, 0
2116433, 2, 0
2116438, 3, 1
2116558, 2, 1
2116563, 3, 0
2116683, 2, 0
2116688, 3, 1
2116808, 2, 1
2116813, 3, 0
2116933, 2, 0
2116938, 3, 1
2117058, 2, 1
2117063, 3, 0
2117183, 2, 0
2117188, 3, 1
2117308, 2, 1
2117313, 3, 0
2117433, 2, 1
2117438, 3, bit 0
2117438, 3, 0
2117558, 2, 0
2117563, 3, 1
2117683, 2, 1
2117688, 3, 0
2117808, 2, 0
2117813, 3, 1
2117933, 2, bit 1
2117933, 2, 0
2117938, 3, 1
2118059, 2, 1
2118063, 3, 0
2118184, 2, 1
2118188, 3, 1
2118309, 2, 0
2118313, 3, 0
2118434, 2, 1
2118438, 3, 1
2118559, 2, 0
2118563, 3, 0
2118684, 2, 1
2118688, 3, 1
2118809, 2, 0
2118813, 3, 0
2118934, 2, 1
2118938, 3, 1
2119059, 2, 0
2119063, 3, 0
2119184, 2, 0
2119188, 3, bit 1
2119191, 3, 1
2119309, 2, 1
2119313, 3, 0
2119434, 2, 0
2119438, 3, 1
2119559, 2, 1
2119563, 3, 0
2119684, 2, bit 0
2119684, 2, 1
2119688, 3, 0
2119809, 2, 0
2119813, 3, 1
2119934, 2, 0
2119938, 3, 0
2120059, 2, 1
2120064, 3, 1
2120184, 2, 0
2120189, 3, 0
2120309, 2, 1
2120314, 3, 1
2120434, 2, 0
2120439, 3, 0
2120559, 2, 1
2120564, 3, 1
2120684, 2, 0
2120689, 3, 0
2120809, 2, 1
2120814, 3, 1
2120934, 2, 1
2120939, 3, bit 0
2120939, 3, 0
2121059, 2, 0
2121064, 3, 1
2121184, 2, 1
2121189, 3, 0
2121309, 2, 0
2121314, 3, 1
2121434, 2, bit 1
2121434, 2, 0
2121439, 3, 1
2121559, 2, 1
2121564, 3, 0
2121684, 2, 1
2121689, 3, 1
2121809, 2, 0
2121814, 3, 0
2121934, 2, 1
2121939, 3, 1
2122059, 2, 0
2122064, 3, 0
2122184, 2, 1
2122189, 3, 1
2122309, 2, 0
2122314, 3, 0
2122434, 2, 1
2122439, 3, 1
2122559, 2, 0
2122564, 3, 0
2122684, 2, 0
2122689, 3, bit 0
2122689, 3, 0
2122809, 2, 1
2122814, 3, 1
2122934, 2, 0
2122939, 3, 0
2123059, 2, 1
2123064, 3, 1
2123184, 2, bit 1
2123184, 2, 0
2123189, 3, 1
2123309, 2, 1
2123314, 3, 0
2123435, 2, 1
2123439, 3, 1
2123560, 2, 0
2123564, 3, 0
2123685, 2, 1
2123689, 3, 1
2123810, 2, 0
2123814, 3, 0
2123935, 2, 1
2123939, 3, 1
2124060, 2, 0
2124064, 3, 0
2124185, 2, 1
2124189, 3, 1
2124310, 2, 0
2124314, 3, 0
2124435, 2, 0
2124439, 3, bit 0
2124439, 3, 0
2124560, 2, 1
2124564, 3, 1
2124685, 2, 0
2124689, 3, 0
2124810, 2, 1
2124814, 3, 1
2124935, 2, bit 1
2124935, 2, 0
2124939, 3, 1
2125060, 2, 1
2125064, 3, 0
2125185, 2, 1
2125189, 3, 1
2125310, 2, 0
2125314, 3, 0
2125435, 2, 1
2125440, 3, 1
2125560, 2, 0
2125565, 3, 0
2125685, 2, 1
2125690, 3, 1
2125810, 2, 0
2125815, 3, 0
2125935, 2, 1
2125940, 3, 1
2126060, 2, 0
2126065, 3, 0
2126185, 2, 0
2126190, 3, bit 0
2126190, 3, 0
2126310, 2, 1
2126315, 3, 1
2126435, 2, 0
2126440, 3, 0
2126560, 2, 1
2126565, 3, 1
2126685, 2, bit 0
2126685, 2, 1
2126690, 3, 1
2126810, 2, 0
2126815, 3, 0
2126935, 2, 0
2126940, 3, 1
2127060, 2, 1
2127065, 3, 0
2127185, 2, 0
2127190, 3, 1
2127310, 2, 1
2127315, 3, 0
2127435, 2, 0
2127440, 3, 1
2127560, 2, 1
2127565, 3, 0
2127685, 2, 0
2127690, 3, 1
2127810, 2, 1
2127815, 3, 0
2127935, 2, 1
2127940, 3, bit 1
2127940, 3, 1
2128060, 2, 0
2128065, 3, 0
2128185, 2, 1
2128190, 3, 1
2128310, 2, 0
2128315, 3, 0
2128435, 2, bit 1
2128435, 2, 0
2128440, 3, 0
2128560, 2, 1
2128565, 3, 1
2128685, 2, 1
2128690, 3, 0
2128811, 2, 0
2128815, 3, 1
2128936, 2, 1
2128940, 3, 0
2129061, 2, 0
2129065, 3, 1
2129186, 2, 1
2129190, 3, 0
2129311, 2, 0
2129315, 3, 1
2129436, 2, 1
2129440, 3, 0
2129561, 2, 0
2129565, 3, 1
2129686, 2, 0
2129690, 3, bit 1
2129690, 3, 1
2129811, 2, 1
2129815, 3, 0
2129936, 2, 0
2129940, 3, 1
2130061, 2, 1
2130065, 3, 0
2130186, 2, bit 1
2130186, 2, 0
2130190, 3, 0
2130311, 2, 1
2130315, 3, 1
2130436, 2, 1
2130440, 3, 0
2130561, 2, 0
2130565, 3, 1
2130686, 2, 1
2130690, 3, 0
2130811, 2, 0
2130816, 3, 1
2130936, 2, 1
2130941, 3, 0
2131061, 2, 0
2131066, 3, 1
2131186, 2, 1
2131191, 3, 0
2131311, 2, 0
2131316, 3, 1
2131436, 2, 0
2131441, 3, bit 0
2131441, 3, 0
2131561, 2, 1
2131566, 3, 1
2131686, 2, 0
2131691, 3, 0
2131811, 2, 1
2131816, 3, 1
2131936, 2, bit 1
2131936, 2, 0
2131941, 3, 1
2132061, 2, 1
2132066, 3, 0
2132186, 2, 1
2132191, 3, 1
2132311, 2, 0
2132316, 3, 0
2132436, 2, 1
2132441, 3, 1
2132561, 2, 0
2132566, 3, 0
2132686, 2, 1
2132691, 3, 1
2132811, 2, 0
2132816, 3, 0
2132936, 2, 1
2132941, 3, 1
2133061, 2, 0
2133066, 3, 0
2133186, 2, 0
2133191, 3, bit 0
2133191, 3, 0
2133311, 2, 1
2133316, 3, 1
2133436, 2, 0
2133441, 3, 0
2133561, 2, 1
2133566, 3, 1
2133686, 2, bit 1
2133686, 2, 0
2133691, 3, 1
2133811, 2, 1
2133816, 3, 0
2133936, 2, 1
2133941, 3, 1
2134061, 2, 0
2134066, 3, 0
2134187, 2, 1
2134191, 3, 1
2134312, 2, 0
2134316, 3, 0
2134437, 2, 1
2134441, 3, 1
2134562, 2, 0
2134566, 3, 0
2134687, 2, 1
2134691, 3, 1
2134812, 2, 0
2134816, 3, 0
2134937, 2, 0
2134941, 3, bit 1
2134941, 3, 1
2135062, 2, 1
2135066, 3, 0
2135187, 2, 0
2135191, 3, 1
2135312, 2, 1
2135316, 3, 0
2135437, 2, bit 0
2135437, 2, 1
2135441, 3, 0
2135562, 2, 0
2135566, 3, 1
2135687, 2, 0
2135691, 3, 0
2135812, 2, 1
2135816, 3, 1
2135937, 2, 0
2135941, 3, 0
2136062, 2, 1
2136066, 3, 1
2136187, 2, 0
2136192, 3, 0
2136312, 2, 1
2136317, 3, 1
2136437, 2, 0
2136442, 3, 0
2136562, 2, 1
2136567, 3, 1
2136687, 2, 1
2136692, 3, bit 1
2136692, 3, 1
2136812, 2, 0
2136817, 3, 0
2136937, 2, 1
2136942, 3, 1
2137062, 2, 0
2137067, 3, 0
2137187, 2, bit 0
2137187, 2, 1
2137192, 3, 0
2137312, 2, 0
2137317, 3, 1
2137437, 2, 0
2137442, 3, 0
2137562, 2, 1
2137567, 3, 1
2137687, 2, 0
2137692, 3, 0
2137812, 2, 1
2137817, 3, 1
2137937, 2, 0
2137942, 3, 0
2138062, 2, 1
2138067, 3, 1
2138187, 2, 0
2138192, 3, 0
2138312, 2, 1
2138317, 3, 1
2138437, 2, 1
2138442, 3, bit 1
2138442, 3, 1
2138562, 2, 0
2138567, 3, 0
2138687, 2, 1
2138692, 3, 1
2138812, 2, 0
2138817, 3, 0
2138942, 3, 0
2139067, 3, 1
2139192, 3, 0
2139317, 3, 1
2139442, 3, 0
2139567, 3, 1
2139692, 3, 0
2139817, 3, 1
2139942, 3, 0
2140067, 3, 1
2140192, 3, bit 0
2140192, 3, 0
2140317, 3, 1
2140442, 3, 0
2140567, 3, 1
2140692, 3, 1
2140817, 3, 0
2140942, 3, 1
2141067, 3, 0
2141192, 3, 1
2141317, 3, 0
2141442, 3, 1
2141568, 3, 0
2141693, 3, 1
2141818, 3, 0
2141943, 3, bit 0
2141943, 3, 0
2142068, 3, 1
2142193, 3, 0
2142318, 3, 1
2142443, 3, 1
2142568, 3, 0
2142693, 3, 1
2142818, 3, 0
2142943, 3, 1
2143068, 3, 0
2143193, 3, 1
2143318, 3, 0
2143443, 3, 1
2143568, 3, 0
2143693, 3, bit 0
2143693, 3, 0
2143818, 3, 1
2143943, 3, 0
2144068, 3, 1
2144193, 3, 1
2144318, 3, 0
2144443, 3, 1
2144568, 3, 0
2144693, 3, 1
2144818, 3, 0
2144943, 3, 1
2145068, 3, 0
2145193, 3, 1
2145318, 3, 0
2145443, 3, bit 1
2145443, 3, 1
2145568, 3, 0
2145693, 3, 1
2145818, 3, 0
2145943, 3, 0
2146068, 3, 1
2146193, 3, 0
2146318, 3, 1
2146443, 3, 0
2146568, 3, 1
2146693, 3, 0
2146818, 3, 1
2146944, 3, 0
2147069, 3, 1
2147194, 3, bit 1
2147194, 3, 1
2147319, 3, 0
2147444, 3, 1
2147569, 3, 0
2147694, 3, 0
2147819, 3, 1
2147944, 3, 0
2148069, 3, 1
2148194, 3, 0
2148319, 3, 1
2148444, 3, 0
2148569, 3, 1
2148694, 3, 0
2148819, 3, 1
2148944, 3, bit 1
2148944, 3, 1
2149069, 3, 0
2149194, 3, 1
2149319, 3, 0
2149444, 3, 0
2149569, 3, 1
2149694, 3, 0
2149819, 3, 1
2149944, 3, 0
2150069, 3, 1
2150194, 3, 0
2150319, 3, 1
2150444, 3, 0
2150569, 3, 1
2150694, 3, bit 1
2150694, 3, 1
2150819, 3, 0
2150944, 3, 1
2151069, 3, 0
2151194, 3, 0
2151319, 3, 1
2151444, 3, 0
2151569, 3, 1
2151694, 3, 0
2151819, 3, 1
2151944, 3, 0
2152069, 3, 1
2152194, 3, 0
2152320, 3, 1
2152445, 3, bit 1
2152445, 3, 1
2152570, 3, 0
2152695, 3, 1
2152820, 3, 0
2152945, 3, 0
2153070, 3, 1
2153195, 3, 0
2153320, 3, 1
2153445, 3, 0
2153570, 3, 1
2153695, 3, 0
2153820, 3, 1
2153945, 3, 0
2154070, 3, 1
2154195, 3, bit 0
2154195, 3, 0
2154320, 3, 1
2154445, 3, 0
2154570, 3, 1
2154695, 3, 1
2154820, 3, 0
2154945, 3, 1
2155070, 3, 0
2155195, 3, 1
2155320, 3, 0
2155445, 3, 1
2155570, 3, 0
2155695, 3, 1
2155820, 3, 0
2155945, 3, bit 1
2155945, 3, 1
2156070, 3, 0
2156195, 3, 1
2156320, 3, 0
2156445, 3, 0
2156570, 3, 1
2156695, 3, 0
2156820, 3, 1
2156945, 3, 0
2157070, 3, 1
2157195, 3, 0
2157320, 3, 1
2157445, 3, 0
2157570, 3, 1
2157696, 3, bit 0
2157696, 3, 0
2157821, 3, 1
2157946, 3, 0
2158071, 3, 1
2158196, 3, 1
2158321, 3, 0
2158446, 3, 1
2158571, 3, 0
2158696, 3, 1
2158821, 3, 0
2158946, 3, 1
2159071, 3, 0
2159196, 3, 1
2159321, 3, 0
2159446, 3, bit 1
2159446, 3, 1
2159571, 3, 0
2159696, 3, 1
2159821, 3, 0
2159946, 3, 0
2160071, 3, 1
2160196, 3, 0
2160321, 3, 1
2160446, 3, 0
2160571, 3, 1
2160696, 3, 0
2160821, 3, 1
2160946, 3, 0
2161071, 3, 1
2161196, 3, bit 0
2161196, 3, 0
2161321, 3, 1
2161446, 3, 0
2161571, 3, 1
2161696, 3, 1
2161821, 3, 0
2161946, 3, 1
2162071, 3, 0
2162196, 3, 1
2162321, 3, 0
2162446, 3, 1
2162571, 3, 0
2162696, 3, 1
2162821, 3, 0
2162946, 3, bit 1
2162946, 3, 1
2163072, 3, 0
2163197, 3, 1
2163322, 3, 0
2163447, 3, 0
2163572, 3, 1
2163697, 3, 0
2163822, 3, 1
2163947, 3, 0
2164072, 3, 1
2164197, 3, 0
2164322, 3, 1
2164447, 3, 0
2164572, 3, 1
2164697, 3, bit 0
2164697, 3, 0
2164822, 3, 1
2164947, 3, 0
2165072, 3, 1
2165197, 3, 1
2165322, 3, 0
2165447, 3, 1
2165572, 3, 0
2165697, 3, 1
2165822, 3, 0
2165947, 3, 1
2166072, 3, 0
2166197, 3, 1
2166322, 3, 0
2166447, 3, bit 1
2166447, 3, 1
2166572, 3, 0
2166697, 3, 1
2166822, 3, 0
2166947, 3, 0
2167072, 3, 1
2167197, 3, 0
2167322, 3, 1
2167447, 3, 0
2167572, 3, 1
2167697, 3, 0
2167822, 3, 1
2167947, 3, 0
2168072, 3, 1
