125 100 4 7 16
(2, 20, 8, 10.00), (code 2)
(3, 258, 3, 10.00), (code 0)
(4, 496, 9, 10.00), (code 5)
(5, 734, 4, 10.00), (code 3)
START
1264263, 0, prem 0
1264263, 0, 0
1264388, 0, 0
1264513, 0, 0
1264638, 0, 0
1264763, 0, 0
1264888, 0, 0
1265013, 0, 0
1265138, 0, 0
1265263, 0, 0
1265388, 0, 0
1265513, 0, 0
1265638, 0, 0
1265763, 0, 0
1265888, 0, 0
1266013, 0, 0
1266138, 0, 0
1266263, 0, 1
1266388, 0, 1
1266513, 0, 1
1266638, 0, 1
1266763, 0, 1
1266888, 0, 1
1267013, 0, 1
1267138, 0, 1
1267263, 0, 1
1267388, 0, 1
1267513, 0, 1
1267638, 0, 1
1267763, 0, 1
1267888, 0, 1
1268013, 0, 1
1268139, 0, 1
1268264, 0, prem 1
1268264, 0, 1
1268389, 0, 1
1268514, 0, 1
1268639, 0, 1
1268764, 0, 1
1268889, 0, 1
1269014, 0, 1
1269139, 0, 1
1269264, 0, 1
1269389, 0, 1
1269514, 0, 1
1269639, 0, 1
1269764, 0, 1
1269889, 0, 1
1270014, 0, 1
1270139, 0, 1
1270264, 0, 0
1270389, 0, 0
1270514, 0, 0
1270639, 0, 0
1270764, 0, 0
1270889, 0, 0
1271014, 0, 0
1271139, 0, 0
1271264, 0, 0
1271389, 0, 0
1271514, 0, 0
1271639, 0, 0
1271764, 0, 0
1271889, 0, 0
1272014, 0, 0
1272139, 0, 0
1272264, 0, prem 0
1272264, 0, 0
1272389, 0, 0
1272514, 0, 0
1272639, 0, 0
1272764, 0, 0
1272889, 0, 0
1273014, 0, 0
1273139, 0, 0
1273264, 0, 0
1273389, 0, 0
1273515, 0, 0
1273640, 0, 0
1273765, 0, 0
1273890, 0, 0
1274015, 0, 0
1274140, 0, 0
1274265, 0, 1
1274390, 0, 1
1274515, 0, 1
1274640, 0, 1
1274765, 0, 1
1274890, 0, 1
1275015, 0, 1
1275140, 0, 1
1275265, 0, 1
1275390, 0, 1
1275515, 0, 1
1275640, 0, 1
1275765, 0, 1
1275890, 0, 1
1276015, 0, 1
1276140, 0, 1
1276265, 0, prem 1
1276265, 0, 1
1276390, 0, 1
1276515, 0, 1
1276640, 0, 1
1276765, 0, 1
1276890, 0, 1
1277015, 0, 1
1277140, 0, 1
1277265, 0, 1
1277390, 0, 1
1277515, 0, 1
1277640, 0, 1
1277765, 0, 1
1277890, 0, 1
1278015, 0, 1
1278140, 0, 1
1278265, 0, 0
1278390, 0, 0
1278515, 0, 0
1278640, 0, 0
1278765, 0, 0
1278891, 0, 0
1279016, 0, 0
1279141, 0, 0
1279266, 0, 0
1279391, 0, 0
1279516, 0, 0
1279641, 0, 0
1279766, 0, 0
1279891, 0, 0
1280016, 0, 0
1280141, 0, 0
1280266, 0, prem 0
1280266, 0, 0
1280391, 0, 0
1280516, 0, 0
1280641, 0, 0
1280766, 0, 0
1280891, 0, 0
1281016, 0, 0
1281141, 0, 0
1281266, 0, 0
1281391, 0, 0
1281516, 0, 0
1281641, 0, 0
1281766, 0, 0
1281891, 0, 0
1282016, 0, 0
1282141, 0, 0
1282266, 0, 1
1282391, 0, 1
1282516, 0, 1
1282641, 0, 1
1282766, 0, 1
1282891, 0, 1
1283016, 0, 1
1283141, 0, 1
1283266, 0, 1
1283391, 0, 1
1283516, 0, 1
1283641, 0, 1
1283766, 0, 1
1283891, 0, 1
1284016, 0, 1
1284141, 0, 1
1284267, 0, prem 1
1284267, 0, 1
1284392, 0, 1
1284517, 0, 1
1284642, 0, 1
1284767, 0, 1
1284892, 0, 1
1285017, 0, 1
1285142, 0, 1
1285267, 0, 1
1285392, 0, 1
1285517, 0, 1
1285642, 0, 1
1285767, 0, 1
1285892, 0, 1
1286017, 0, 1
1286142, 0, 1
1286267, 0, 0
1286392, 0, 0
1286517, 0, 0
1286642, 0, 0
1286767, 0, 0
1286892, 0, 0
1287017, 0, 0
1287142, 0, 0
1287267, 0, 0
1287392, 0, 0
1287517, 0, 0
1287642, 0, 0
1287767, 0, 0
1287892, 0, 0
1288017, 0, 0
1288142, 0, 0
1288267, 0, prem 1
1288267, 0, 1
1288392, 0, 1
1288517, 0, 1
1288642, 0, 1
1288767, 0, 1
1288892, 0, 1
1289017, 0, 1
1289142, 0, 1
1289267, 0, 1
1289392, 0, 1
1289517, 0, 1
1289643, 0, 1
1289768, 0, 1
1289893, 0, 1
1290018, 0, 1
1290143, 0, 1
1290268, 0, 0
1290393, 0, 0
1290518, 0, 0
1290643, 0, 0
1290768, 0, 0
1290893, 0, 0
1291018, 0, 0
1291143, 0, 0
1291268, 0, 0
1291393, 0, 0
1291518, 0, 0
1291643, 0, 0
1291768, 0, 0
1291893, 0, 0
1292018, 0, 0
1292143, 0, 0
1292268, 0, bit 1
1292268, 0, 0
1292393, 0, 1
1292518, 0, 1
1292643, 0, 0
1292768, 0, 0
1292893, 0, 1
1293018, 0, 1
1293143, 0, 0
1293268, 0, 0
1293393, 0, 1
1293396, 1, prem 0
1293396, 1, 0
1293518, 0, 1
1293521, 1, 0
1293643, 0, 0
1293646, 1, 0
1293768, 0, 1
1293771, 1, 0
1293893, 0, 0
1293896, 1, 0
1294018, 0, bit 1
1294018, 0, 0
1294021, 1, 0
1294143, 0, 1
1294146, 1, 0
1294268, 0, 1
1294271, 1, 0
1294393, 0, 0
1294396, 1, 0
1294518, 0, 0
1294521, 1, 0
1294643, 0, 1
1294646, 1, 0
1294768, 0, 1
1294771, 1, 0
1294893, 0, 0
1294896, 1, 0
1295019, 0, 0
1295021, 1, 0
1295144, 0, 1
1295147, 1, 0
1295269, 0, 1
1295272, 1, 0
1295394, 0, 0
1295397, 1, 1
1295519, 0, 1
1295522, 1, 1
1295644, 0, 0
1295647, 1, 1
1295769, 0, bit 1
1295769, 0, 0
1295772, 1, 1
1295894, 0, 1
1295897, 1, 1
1296019, 0, 1
1296022, 1, 1
1296144, 0, 0
1296147, 1, 1
1296269, 0, 0
1296272, 1, 1
1296394, 0, 1
1296397, 1, 1
1296519, 0, 1
1296522, 1, 1
1296644, 0, 0
1296647, 1, 1
1296769, 0, 0
1296772, 1, 1
1296894, 0, 1
1296897, 1, 1
1297019, 0, 1
1297022, 1, 1
1297144, 0, 0
1297147, 1, 1
1297269, 0, 1
1297272, 1, 1
1297394, 0, 0
1297397, 1, prem 1
1297397, 1, 1
1297519, 0, bit 1
1297519, 0, 0
1297522, 1, 1
1297644, 0, 1
1297647, 1, 1
1297769, 0, 1
1297772, 1, 1
1297894, 0, 0
1297897, 1, 1
1298019, 0, 0
1298022, 1, 1
1298144, 0, 1
1298147, 1, 1
1298269, 0, 1
1298272, 1, 1
1298394, 0, 0
1298397, 1, 1
1298519, 0, 0
1298522, 1, 1
1298644, 0, 1
1298647, 1, 1
1298769, 0, 1
1298772, 1, 1
1298894, 0, 0
1298897, 1, 1
1299019, 0, 1
1299022, 1, 1
1299144, 0, 0
1299147, 1, 1
1299269, 0, bit 1
1299269, 0, 0
1299272, 1, 1
1299394, 0, 1
1299397, 1, 0
1299519, 0, 1
1299522, 1, 0
1299644, 0, 0
1299647, 1, 0
1299769, 0, 0
1299772, 1, 0
1299894, 0, 1
1299897, 1, 0
1300019, 0, 1
1300022, 1, 0
1300144, 0, 0
1300147, 1, 0
1300269, 0, 0
1300272, 1, 0
1300395, 0, 1
1300397, 1, 0
1300520, 0, 1
1300524, 1, 0
1300645, 0, 0
1300649, 1, 0
1300770, 0, 1
1300774, 1, 0
1300895, 0, 0
1300899, 1, 0
1301020, 0, bit 0
1301020, 0, 1
1301024, 1, 0
1301145, 0, 0
1301149, 1, 0
1301270, 0, 0
1301274, 1, 0
1301395, 0, 1
1301399, 1, prem 1
1301399, 1, 1
1301520, 0, 1
1301524, 1, 1
1301645, 0, 0
1301649, 1, 1
1301770, 0, 0
1301774, 1, 1
1301895, 0, 1
1301899, 1, 1
1302020, 0, 1
1302024, 1, 1
1302145, 0, 0
1302149, 1, 1
1302270, 0, 0
1302274, 1, 1
1302395, 0, 1
1302400, 1, 1
1302520, 0, 0
1302525, 1, 1
1302645, 0, 1
1302650, 1, 1
1302770, 0, bit 1
1302770, 0, 0
1302775, 1, 1
1302895, 0, 1
1302900, 1, 1
1303020, 0, 1
1303025, 1, 1
1303145, 0, 0
1303150, 1, 1
1303270, 0, 0
1303275, 1, 1
1303395, 0, 1
1303400, 1, 0
1303520, 0, 1
1303525, 1, 0
1303645, 0, 0
1303650, 1, 0
1303770, 0, 0
1303775, 1, 0
1303895, 0, 1
1303900, 1, 0
1304020, 0, 1
1304025, 1, 0
1304145, 0, 0
1304150, 1, 0
1304270, 0, 1
1304275, 1, 0
1304395, 0, 0
1304400, 1, 0
1304520, 0, bit 0
1304523, 0, 1
1304525, 1, 0
1304645, 0, 0
1304650, 1, 0
1304770, 0, 0
1304775, 1, 0
1304895, 0, 1
1304900, 1, 0
1305020, 0, 1
1305025, 1, 0
1305145, 0, 0
1305150, 1, 0
1305270, 0, 0
1305275, 1, 0
1305395, 0, 1
1305400, 1, prem 1
1305400, 1, 1
1305520, 0, 1
1305525, 1, 1
1305645, 0, 0
1305650, 1, 1
1305771, 0, 0
1305775, 1, 1
1305896, 0, 1
1305900, 1, 1
1306021, 0, 0
1306025, 1, 1
1306146, 0, 1
1306150, 1, 1
1306271, 0, bit 1
1306271, 0, 0
1306275, 1, 1
1306396, 0, 1
1306400, 1, 1
1306521, 0, 1
1306525, 1, 1
1306646, 0, 0
1306650, 1, 1
1306771, 0, 0
1306775, 1, 1
1306896, 0, 1
1306900, 1, 1
1307021, 0, 1
1307025, 1, 1
1307146, 0, 0
1307150, 1, 1
1307271, 0, 0
1307275, 1, 1
1307396, 0, 1
1307400, 1, 0
1307521, 0, 1
1307525, 1, 0
1307646, 0, 0
1307650, 1, 0
1307771, 0, 1
1307776, 1, 0
1307896, 0, 0
1307901, 1, 0
1308021, 0, bit 1
1308021, 0, 0
1308026, 1, 0
1308146, 0, 1
1308151, 1, 0
1308271, 0, 1
1308276, 1, 0
1308396, 0, 0
1308401, 1, 0
1308521, 0, 0
1308526, 1, 0
1308646, 0, 1
1308651, 1, 0
1308771, 0, 1
1308776, 1, 0
1308896, 0, 0
1308901, 1, 0
1309021, 0, 0
1309026, 1, 0
1309146, 0, 1
1309151, 1, 0
1309271, 0, 1
1309276, 1, 0
1309396, 0, 0
1309401, 1, prem 1
1309401, 1, 1
1309521, 0, 1
1309526, 1, 1
1309646, 0, 0
1309651, 1, 1
1309771, 0, bit 1
1309771, 0, 0
1309776, 1, 1
1309896, 0, 1
1309901, 1, 1
1310021, 0, 1
1310026, 1, 1
1310146, 0, 0
1310151, 1, 1
1310271, 0, 0
1310276, 1, 1
1310396, 0, 1
1310401, 1, 1
1310521, 0, 1
1310526, 1, 1
1310646, 0, 0
1310651, 1, 1
1310771, 0, 0
1310776, 1, 1
1310896, 0, 1
1310901, 1, 1
1311021, 0, 1
1311026, 1, 1
1311147, 0, 0
1311151, 1, 1
1311272, 0, 1
1311276, 1, 1
1311397, 0, 0
1311401, 1, 0
1311522, 0, bit 0
1311522, 0, 1
1311526, 1, 0
1311647, 0, 0
1311651, 1, 0
1311772, 0, 0
1311776, 1, 0
1311897, 0, 1
1311901, 1, 0
1312022, 0, 1
1312026, 1, 0
1312147, 0, 0
1312151, 1, 0
1312272, 0, 0
1312276, 1, 0
1312397, 0, 1
1312401, 1, 0
1312522, 0, 1
1312526, 1, 0
1312647, 0, 0
1312651, 1, 0
1312772, 0, 0
1312776, 1, 0
1312897, 0, 1
1312901, 1, 0
1313022, 0, 0
1313026, 1, 0
1313147, 0, 1
1313152, 1, 0
1313272, 0, bit 1
1313272, 0, 0
1313277, 1, 0
1313397, 0, 1
1313402, 1, prem 0
1313402, 1, 0
1313522, 0, 1
1313527, 1, 0
1313647, 0, 0
1313652, 1, 0
1313772, 0, 0
1313777, 1, 0
1313897, 0, 1
1313902, 1, 0
1314022, 0, 1
1314027, 1, 0
1314147, 0, 0
1314152, 1, 0
1314272, 0, 0
1314277, 1, 0
1314397, 0, 1
1314402, 1, 0
1314522, 0, 1
1314527, 1, 0
1314647, 0, 0
1314652, 1, 0
1314772, 0, 1
1314777, 1, 0
1314897, 0, 0
1314902, 1, 0
1315022, 0, bit 0
1315022, 0, 1
1315027, 1, 0
1315147, 0, 0
1315152, 1, 0
1315272, 0, 0
1315277, 1, 0
1315397, 0, 1
1315402, 1, 1
1315522, 0, 1
1315527, 1, 1
1315647, 0, 0
1315652, 1, 1
1315772, 0, 0
1315777, 1, 1
1315897, 0, 1
1315902, 1, 1
1316022, 0, 1
1316027, 1, 1
1316147, 0, 0
1316152, 1, 1
1316272, 0, 0
1316277, 1, 1
1316397, 0, 1
1316402, 1, 1
1316523, 0, 0
1316527, 1, 1
1316648, 0, 1
1316652, 1, 1
1316773, 0, bit 0
1316773, 0, 1
1316777, 1, 1
1316898, 0, 0
1316902, 1, 1
1317023, 0, 0
1317027, 1, 1
1317148, 0, 1
1317152, 1, 1
1317273, 0, 1
1317277, 1, 1
1317398, 0, 0
1317402, 1, prem 0
1317402, 1, 0
1317523, 0, 0
1317527, 1, 0
1317648, 0, 1
1317652, 1, 0
1317773, 0, 1
1317777, 1, 0
1317898, 0, 0
1317902, 1, 0
1318023, 0, 0
1318027, 1, 0
1318148, 0, 1
1318152, 1, 0
1318273, 0, 0
1318277, 1, 0
1318398, 0, 1
1318402, 1, 0
1318523, 0, bit 1
1318526, 0, 0
1318528, 1, 0
1318648, 0, 1
1318653, 1, 0
1318773, 0, 1
1318778, 1, 0
1318898, 0, 0
1318903, 1, 0
1319023, 0, 0
1319028, 1, 0
1319148, 0, 1
1319153, 1, 0
1319273, 0, 1
1319278, 1, 0
1319398, 0, 0
1319403, 1, 1
1319523, 0, 0
1319528, 1, 1
1319648, 0, 1
1319653, 1, 1
1319773, 0, 1
1319778, 1, 1
1319898, 0, 0
1319903, 1, 1
1320023, 0, 1
1320028, 1, 1
1320148, 0, 0
1320153, 1, 1
1320273, 0, bit 0
1320273, 0, 1
1320278, 1, 1
1320398, 0, 0
1320403, 1, 1
1320523, 0, 0
1320528, 1, 1
1320648, 0, 1
1320653, 1, 1
1320773, 0, 1
1320778, 1, 1
1320898, 0, 0
1320903, 1, 1
1321023, 0, 0
1321028, 1, 1
1321148, 0, 1
1321153, 1, 1
1321273, 0, 1
1321278, 1, 1
1321398, 0, 0
1321403, 1, bit 1
1321403, 1, 0
1321523, 0, 0
1321528, 1, 1
1321648, 0, 1
1321653, 1, 1
1321773, 0, 0
1321778, 1, 0
1321899, 0, 1
1321903, 1, 1
1322024, 0, bit 0
1322024, 0, 1
1322028, 1, 0
1322149, 0, 0
1322153, 1, 1
1322274, 0, 0
1322278, 1, 0
1322399, 0, 1
1322403, 1, 1
1322524, 0, 1
1322528, 1, 0
1322649, 0, 0
1322653, 1, 0
1322774, 0, 0
1322778, 1, 1
1322899, 0, 1
1322903, 1, 0
1323024, 0, 1
1323028, 1, 1
1323149, 0, 0
1323153, 1, bit 0
1323153, 1, 1
1323274, 0, 0
1323278, 1, 0
1323399, 0, 1
1323403, 1, 0
1323524, 0, 0
1323528, 1, 1
1323649, 0, 1
1323653, 1, 0
1323774, 0, bit 1
1323774, 0, 0
1323778, 1, 1
1323899, 0, 1
1323904, 1, 0
1323906, 2, prem 1
1323906, 2, 1
1324024, 0, 1
1324029, 1, 1
1324032, 2, 1
1324149, 0, 0
1324154, 1, 0
1324157, 2, 1
1324274, 0, 0
1324279, 1, 1
1324282, 2, 1
1324399, 0, 1
1324404, 1, 1
1324407, 2, 1
1324524, 0, 1
1324529, 1, 0
1324532, 2, 1
1324649, 0, 0
1324654, 1, 1
1324657, 2, 1
1324774, 0, 0
1324779, 1, 0
1324782, 2, 1
1324899, 0, 1
1324904, 1, bit 0
1324904, 1, 1
1324907, 2, 1
1325024, 0, 1
1325029, 1, 0
1325032, 2, 1
1325149, 0, 0
1325154, 1, 0
1325157, 2, 1
1325274, 0, 1
1325279, 1, 1
1325282, 2, 1
1325399, 0, 0
1325404, 1, 0
1325407, 2, 1
1325524, 0, bit 0
1325524, 0, 1
1325529, 1, 1
1325532, 2, 1
1325649, 0, 0
1325654, 1, 0
1325657, 2, 1
1325774, 0, 0
1325779, 1, 1
1325782, 2, 1
1325899, 0, 1
1325904, 1, 0
1325907, 2, 0
1326024, 0, 1
1326029, 1, 1
1326032, 2, 0
1326149, 0, 0
1326154, 1, 1
1326157, 2, 0
1326274, 0, 0
1326279, 1, 0
1326282, 2, 0
1326399, 0, 1
1326404, 1, 1
1326407, 2, 0
1326524, 0, 1
1326529, 1, 0
1326532, 2, 0
1326649, 0, 0
1326654, 1, bit 0
1326654, 1, 1
1326657, 2, 0
1326774, 0, 0
1326779, 1, 0
1326782, 2, 0
1326899, 0, 1
1326904, 1, 0
1326907, 2, 0
1327024, 0, 0
1327029, 1, 1
1327032, 2, 0
1327149, 0, 1
1327154, 1, 0
1327157, 2, 0
1327275, 0, bit 1
1327275, 0, 0
1327279, 1, 1
1327282, 2, 0
1327400, 0, 1
1327404, 1, 0
1327407, 2, 0
1327525, 0, 1
1327529, 1, 1
1327532, 2, 0
1327650, 0, 0
1327654, 1, 0
1327657, 2, 0
1327775, 0, 0
1327779, 1, 1
1327782, 2, 0
1327900, 0, 1
1327904, 1, 1
1327907, 2, prem 0
1327907, 2, 0
1328025, 0, 1
1328029, 1, 0
1328032, 2, 0
1328150, 0, 0
1328154, 1, 1
1328157, 2, 0
1328275, 0, 0
1328279, 1, 0
1328282, 2, 0
1328400, 0, 1
1328404, 1, bit 0
1328404, 1, 1
1328407, 2, 0
1328525, 0, 1
1328529, 1, 0
1328532, 2, 0
1328650, 0, 0
1328654, 1, 0
1328657, 2, 0
1328775, 0, 1
1328779, 1, 1
1328782, 2, 0
1328900, 0, 0
1328904, 1, 0
1328907, 2, 0
1329025, 0, bit 1
1329025, 0, 0
1329029, 1, 1
1329032, 2, 0
1329150, 0, 1
1329154, 1, 0
1329157, 2, 0
1329275, 0, 1
1329280, 1, 1
1329282, 2, 0
1329400, 0, 0
1329405, 1, 0
1329408, 2, 0
1329525, 0, 0
1329530, 1, 1
1329533, 2, 0
1329650, 0, 1
1329655, 1, 1
1329658, 2, 0
1329775, 0, 1
1329780, 1, 0
1329783, 2, 0
1329900, 0, 0
1329905, 1, 1
1329908, 2, 1
1330025, 0, 0
1330030, 1, 0
1330033, 2, 1
1330150, 0, 1
1330155, 1, bit 1
1330155, 1, 0
1330158, 2, 1
1330275, 0, 1
1330280, 1, 1
1330283, 2, 1
1330400, 0, 0
1330405, 1, 1
1330408, 2, 1
1330525, 0, 1
1330530, 1, 0
1330533, 2, 1
1330650, 0, 0
1330655, 1, 1
1330658, 2, 1
1330775, 0, bit 1
1330775, 0, 0
1330780, 1, 0
1330783, 2, 1
1330900, 0, 1
1330905, 1, 1
1330908, 2, 1
1331025, 0, 1
1331030, 1, 0
1331033, 2, 1
1331150, 0, 0
1331155, 1, 1
1331158, 2, 1
1331275, 0, 0
1331280, 1, 0
1331283, 2, 1
1331400, 0, 1
1331405, 1, 0
1331408, 2, 1
1331525, 0, 1
1331530, 1, 1
1331533, 2, 1
1331650, 0, 0
1331655, 1, 0
1331658, 2, 1
1331775, 0, 0
1331780, 1, 1
1331783, 2, 1
1331900, 0, 1
1331905, 1, bit 0
1331905, 1, 1
1331908, 2, prem 1
1331908, 2, 1
1332025, 0, 1
1332030, 1, 0
1332033, 2, 1
1332150, 0, 0
1332155, 1, 0
1332158, 2, 1
1332275, 0, 1
1332280, 1, 1
1332283, 2, 1
1332400, 0, 0
1332405, 1, 0
1332408, 2, 1
1332525, 0, bit 1
1332525, 0, 0
1332530, 1, 1
1332533, 2, 1
1332651, 0, 1
1332655, 1, 0
1332658, 2, 1
1332776, 0, 1
1332780, 1, 1
1332783, 2, 1
1332901, 0, 0
1332905, 1, 0
1332908, 2, 1
1333026, 0, 0
1333030, 1, 1
1333033, 2, 1
1333151, 0, 1
1333155, 1, 1
1333158, 2, 1
1333276, 0, 1
1333280, 1, 0
1333283, 2, 1
1333401, 0, 0
1333405, 1, 1
1333408, 2, 1
1333526, 0, 0
1333530, 1, 0
1333533, 2, 1
1333651, 0, 1
1333655, 1, bit 1
1333655, 1, 0
1333658, 2, 1
1333776, 0, 1
1333780, 1, 1
1333783, 2, 1
1333901, 0, 0
1333905, 1, 1
1333908, 2, 0
1334026, 0, 1
1334030, 1, 0
1334033, 2, 0
1334151, 0, 0
1334155, 1, 1
1334158, 2, 0
1334276, 0, bit 0
1334276, 0, 1
1334280, 1, 0
1334283, 2, 0
1334401, 0, 0
1334405, 1, 1
1334408, 2, 0
1334526, 0, 0
1334530, 1, 0
1334533, 2, 0
1334651, 0, 1
1334656, 1, 1
1334658, 2, 0
1334776, 0, 1
1334781, 1, 0
1334784, 2, 0
1334901, 0, 0
1334906, 1, 0
1334909, 2, 0
1335026, 0, 0
1335031, 1, 1
1335034, 2, 0
1335151, 0, 1
1335156, 1, 0
1335159, 2, 0
1335276, 0, 1
1335281, 1, 1
1335284, 2, 0
1335401, 0, 0
1335406, 1, bit 1
1335406, 1, 0
1335409, 2, 0
1335526, 0, 0
1335531, 1, 1
1335534, 2, 0
1335651, 0, 1
1335656, 1, 1
1335659, 2, 0
1335776, 0, 0
1335781, 1, 0
1335784, 2, 0
1335901, 0, 1
1335906, 1, 1
1335909, 2, prem 1
1335909, 2, 1
1336026, 0, bit 0
1336026, 0, 1
1336031, 1, 0
1336034, 2, 1
1336151, 0, 0
1336156, 1, 1
1336159, 2, 1
1336276, 0, 0
1336281, 1, 0
1336284, 2, 1
1336401, 0, 1
1336406, 1, 1
1336409, 2, 1
1336526, 0, 1
1336531, 1, 0
1336534, 2, 1
1336651, 0, 0
1336656, 1, 0
1336659, 2, 1
1336776, 0, 0
1336781, 1, 1
1336784, 2, 1
1336901, 0, 1
1336906, 1, 0
1336909, 2, 1
1337026, 0, 1
1337031, 1, 1
1337034, 2, 1
1337151, 0, 0
1337156, 1, bit 0
1337156, 1, 1
1337159, 2, 1
1337276, 0, 0
1337281, 1, 0
1337284, 2, 1
1337401, 0, 1
1337406, 1, 0
1337409, 2, 1
1337526, 0, 0
1337531, 1, 1
1337534, 2, 1
1337651, 0, 1
1337656, 1, 0
1337659, 2, 1
1337776, 0, bit 1
1337776, 0, 0
1337781, 1, 1
1337784, 2, 1
1337901, 0, 1
1337906, 1, 0
1337909, 2, 0
1338027, 0, 1
1338031, 1, 1
1338034, 2, 0
1338152, 0, 0
1338156, 1, 0
1338159, 2, 0
1338277, 0, 0
1338281, 1, 1
1338284, 2, 0
1338402, 0, 1
1338406, 1, 1
1338409, 2, 0
1338527, 0, 1
1338531, 1, 0
1338534, 2, 0
1338652, 0, 0
1338656, 1, 1
1338659, 2, 0
1338777, 0, 0
1338781, 1, 0
1338784, 2, 0
1338902, 0, 1
1338906, 1, bit 0
1338906, 1, 1
1338909, 2, 0
1339027, 0, 1
1339031, 1, 0
1339034, 2, 0
1339152, 0, 0
1339156, 1, 0
1339159, 2, 0
1339277, 0, 1
1339281, 1, 1
1339284, 2, 0
1339402, 0, 0
1339406, 1, 0
1339409, 2, 0
1339527, 0, bit 0
1339527, 0, 1
1339531, 1, 1
1339534, 2, 0
1339652, 0, 0
1339656, 1, 0
1339659, 2, 0
1339777, 0, 0
1339781, 1, 1
1339784, 2, 0
1339902, 0, 1
1339906, 1, 0
1339909, 2, prem 0
1339909, 2, 0
1340027, 0, 1
1340032, 1, 1
1340034, 2, 0
1340152, 0, 0
1340157, 1, 1
1340160, 2, 0
1340277, 0, 0
1340282, 1, 0
1340285, 2, 0
1340402, 0, 1
1340407, 1, 1
1340410, 2, 0
1340527, 0, 1
1340532, 1, 0
1340535, 2, 0
1340652, 0, 0
1340657, 1, bit 1
1340657, 1, 0
1340660, 2, 0
1340777, 0, 0
1340782, 1, 1
1340785, 2, 0
1340902, 0, 1
1340907, 1, 1
1340910, 2, 0
1341027, 0, 0
1341032, 1, 0
1341035, 2, 0
1341152, 0, 1
1341157, 1, 1
1341160, 2, 0
1341277, 0, bit 1
1341277, 0, 0
1341282, 1, 0
1341285, 2, 0
1341402, 0, 1
1341407, 1, 1
1341410, 2, 0
1341527, 0, 1
1341532, 1, 0
1341535, 2, 0
1341652, 0, 0
1341657, 1, 1
1341660, 2, 0
1341777, 0, 0
1341782, 1, 0
1341785, 2, 0
1341902, 0, 1
1341907, 1, 0
1341910, 2, 1
1342027, 0, 1
1342032, 1, 1
1342035, 2, 1
1342152, 0, 0
1342157, 1, 0
1342160, 2, 1
1342277, 0, 0
1342282, 1, 1
1342285, 2, 1
1342402, 0, 1
1342407, 1, bit 0
1342407, 1, 1
1342410, 2, 1
1342527, 0, 1
1342532, 1, 0
1342535, 2, 1
1342652, 0, 0
1342657, 1, 0
1342660, 2, 1
1342777, 0, 1
1342782, 1, 1
1342785, 2, 1
1342902, 0, 0
1342907, 1, 0
1342910, 2, 1
1343027, 0, bit 1
1343027, 0, 0
1343032, 1, 1
1343035, 2, 1
1343152, 0, 1
1343157, 1, 0
1343160, 2, 1
1343277, 0, 1
1343282, 1, 1
1343285, 2, 1
1343403, 0, 0
1343407, 1, 0
1343410, 2, 1
1343528, 0, 0
1343532, 1, 1
1343535, 2, 1
1343653, 0, 1
1343657, 1, 1
1343660, 2, 1
1343778, 0, 1
1343782, 1, 0
1343785, 2, 1
1343903, 0, 0
1343907, 1, 1
1343910, 2, prem 0
1343910, 2, 0
1344028, 0, 0
1344032, 1, 0
1344035, 2, 0
1344153, 0, 1
1344157, 1, bit 0
1344157, 1, 1
1344160, 2, 0
1344278, 0, 1
1344282, 1, 0
1344285, 2, 0
1344403, 0, 0
1344407, 1, 0
1344410, 2, 0
1344528, 0, 1
1344532, 1, 1
1344535, 2, 0
1344653, 0, 0
1344657, 1, 0
1344660, 2, 0
1344778, 0, bit 0
1344778, 0, 1
1344782, 1, 1
1344785, 2, 0
1344903, 0, 0
1344907, 1, 0
1344910, 2, 0
1345028, 0, 0
1345032, 1, 1
1345035, 2, 0
1345153, 0, 1
1345157, 1, 0
1345160, 2, 0
1345278, 0, 1
1345282, 1, 1
1345285, 2, 0
1345403, 0, 0
1345408, 1, 1
1345411, 2, 0
1345528, 0, 0
1345533, 1, 0
1345536, 2, 0
1345653, 0, 1
1345658, 1, 1
1345661, 2, 0
1345778, 0, 1
1345783, 1, 0
1345786, 2, 0
1345903, 0, 0
1345908, 1, bit 1
1345908, 1, 0
1345911, 2, 1
1346028, 0, 0
1346033, 1, 1
1346036, 2, 1
1346153, 0, 1
1346158, 1, 1
1346161, 2, 1
1346278, 0, 0
1346283, 1, 0
1346286, 2, 1
1346403, 0, 1
1346408, 1, 1
1346411, 2, 1
1346528, 0, bit 0
1346528, 0, 1
1346533, 1, 0
1346536, 2, 1
1346653, 0, 0
1346658, 1, 1
1346661, 2, 1
1346778, 0, 0
1346783, 1, 0
1346786, 2, 1
1346903, 0, 1
1346908, 1, 1
1346911, 2, 1
1347028, 0, 1
1347033, 1, 0
1347036, 2, 1
1347153, 0, 0
1347158, 1, 0
1347161, 2, 1
1347278, 0, 0
1347283, 1, 1
1347286, 2, 1
1347403, 0, 1
1347408, 1, 0
1347411, 2, 1
1347528, 0, 1
1347533, 1, 1
1347536, 2, 1
1347653, 0, 0
1347658, 1, bit 0
1347658, 1, 1
1347661, 2, 1
1347778, 0, 0
1347783, 1, 0
1347786, 2, 1
1347903, 0, 1
1347908, 1, 0
1347911, 2, prem 1
1347911, 2, 1
1348028, 0, 0
1348033, 1, 1
1348036, 2, 1
1348153, 0, 1
1348158, 1, 0
1348161, 2, 1
1348278, 0, bit 0
1348278, 0, 1
1348283, 1, 1
1348286, 2, 1
1348403, 0, 0
1348408, 1, 0
1348411, 2, 1
1348528, 0, 0
1348533, 1, 1
1348536, 2, 1
1348653, 0, 1
1348658, 1, 0
1348661, 2, 1
1348779, 0, 1
1348783, 1, 1
1348786, 2, 1
1348904, 0, 0
1348908, 1, 1
1348911, 2, 1
1349029, 0, 0
1349033, 1, 0
1349036, 2, 1
1349154, 0, 1
1349158, 1, 1
1349161, 2, 1
1349279, 0, 1
1349283, 1, 0
1349286, 2, 1
1349404, 0, 0
1349408, 1, bit 1
1349411, 1, 0
1349411, 2, 1
1349529, 0, 0
1349533, 1, 1
1349536, 2, 1
1349654, 0, 1
1349658, 1, 1
1349661, 2, 1
1349779, 0, 0
1349783, 1, 0
1349786, 2, 1
1349904, 0, 1
1349908, 1, 1
1349911, 2, 0
1350029, 0, bit 0
1350029, 0, 1
1350033, 1, 0
1350036, 2, 0
1350154, 0, 0
1350158, 1, 1
1350161, 2, 0
1350279, 0, 0
1350283, 1, 0
1350286, 2, 0
1350404, 0, 1
1350408, 1, 1
1350411, 2, 0
1350529, 0, 1
1350533, 1, 0
1350536, 2, 0
1350654, 0, 0
1350658, 1, 0
1350661, 2, 0
1350779, 0, 0
1350784, 1, 1
1350786, 2, 0
1350904, 0, 1
1350909, 1, 0
1350912, 2, 0
1351029, 0, 1
1351034, 1, 1
1351037, 2, 0
1351154, 0, 0
1351159, 1, bit 0
1351159, 1, 1
1351162, 2, 0
1351279, 0, 0
1351284, 1, 0
1351287, 2, 0
1351404, 0, 1
1351409, 1, 0
1351412, 2, 0
1351529, 0, 0
1351534, 1, 1
1351537, 2, 0
1351654, 0, 1
1351659, 1, 0
1351662, 2, 0
1351779, 0, bit 0
1351779, 0, 1
1351784, 1, 1
1351787, 2, 0
1351904, 0, 0
1351909, 1, 0
1351912, 2, bit 1
1351912, 2, 1
1352029, 0, 0
1352034, 1, 1
1352037, 2, 0
1352154, 0, 1
1352159, 1, 0
1352162, 2, 0
1352279, 0, 1
1352284, 1, 1
1352287, 2, 1
1352404, 0, 0
1352409, 1, 1
1352412, 2, 1
1352529, 0, 0
1352534, 1, 0
1352537, 2, 0
1352654, 0, 1
1352659, 1, 1
1352662, 2, 1
1352779, 0, 1
1352784, 1, 0
1352787, 2, 0
1352904, 0, 0
1352909, 1, bit 0
1352909, 1, 1
1352912, 2, 0
1353029, 0, 0
1353034, 1, 0
1353037, 2, 1
1353047, 3, prem 1
1353047, 3, 1
1353154, 0, 1
1353159, 1, 0
1353162, 2, 0
1353172, 3, 1
1353279, 0, 0
1353284, 1, 1
1353287, 2, 1
1353297, 3, 1
1353404, 0, 1
1353409, 1, 0
1353412, 2, 1
1353422, 3, 1
1353529, 0, bit 1
1353529, 0, 0
1353534, 1, 1
1353537, 2, 0
1353547, 3, 1
1353654, 0, 1
1353659, 1, 0
1353662, 2, bit 1
1353662, 2, 1
1353672, 3, 1
1353779, 0, 1
1353784, 1, 1
1353787, 2, 0
1353797, 3, 1
1353904, 0, 0
1353909, 1, 0
1353912, 2, 0
1353922, 3, 1
1354029, 0, 0
1354034, 1, 1
1354037, 2, 1
1354047, 3, 1
1354155, 0, 1
1354159, 1, 1
1354162, 2, 1
1354172, 3, 1
1354280, 0, 1
1354284, 1, 0
1354287, 2, 0
1354297, 3, 1
1354405, 0, 0
1354409, 1, 1
1354412, 2, 1
1354422, 3, 1
1354530, 0, 0
1354534, 1, 0
1354537, 2, 0
1354547, 3, 1
1354655, 0, 1
1354659, 1, bit 0
1354659, 1, 1
1354662, 2, 0
1354672, 3, 1
1354780, 0, 1
1354784, 1, 0
1354787, 2, 1
1354797, 3, 1
1354905, 0, 0
1354909, 1, 0
1354912, 2, 0
1354923, 3, 1
1355030, 0, 1
1355034, 1, 1
1355037, 2, 1
1355048, 3, 0
1355155, 0, 0
1355159, 1, 0
1355162, 2, 1
1355173, 3, 0
1355280, 0, bit 1
1355283, 0, 0
1355284, 1, 1
1355287, 2, 0
1355298, 3, 0
1355405, 0, 1
1355409, 1, 0
1355412, 2, bit 1
1355412, 2, 1
1355423, 3, 0
1355530, 0, 1
1355534, 1, 1
1355537, 2, 0
1355548, 3, 0
1355655, 0, 0
1355659, 1, 0
1355662, 2, 0
1355673, 3, 0
1355780, 0, 0
1355784, 1, 1
1355787, 2, 1
1355798, 3, 0
1355905, 0, 1
1355909, 1, 1
1355912, 2, 1
1355923, 3, 0
1356030, 0, 1
1356034, 1, 0
1356037, 2, 0
1356048, 3, 0
1356155, 0, 0
1356160, 1, 1
1356162, 2, 1
1356173, 3, 0
1356280, 0, 0
1356285, 1, 0
1356288, 2, 0
1356298, 3, 0
1356405, 0, 1
1356410, 1, bit 1
1356410, 1, 0
1356413, 2, 0
1356423, 3, 0
1356530, 0, 1
1356535, 1, 1
1356538, 2, 1
1356548, 3, 0
1356655, 0, 0
1356660, 1, 1
1356663, 2, 0
1356673, 3, 0
1356780, 0, 1
1356785, 1, 0
1356788, 2, 1
1356798, 3, 0
1356905, 0, 0
1356910, 1, 1
1356913, 2, 1
1356923, 3, 0
1357030, 0, bit 0
1357030, 0, 1
1357035, 1, 0
1357038, 2, 0
1357048, 3, prem 1
1357048, 3, 1
1357155, 0, 0
1357160, 1, 1
1357163, 2, bit 0
1357163, 2, 0
1357173, 3, 1
1357280, 0, 0
1357285, 1, 0
1357288, 2, 1
1357298, 3, 1
1357405, 0, 1
1357410, 1, 1
1357413, 2, 1
1357423, 3, 1
1357530, 0, 1
1357535, 1, 0
1357538, 2, 0
1357548, 3, 1
1357655, 0, 0
1357660, 1, 0
1357663, 2, 0
1357673, 3, 1
1357780, 0, 0
1357785, 1, 1
1357788, 2, 1
1357798, 3, 1
1357905, 0, 1
1357910, 1, 0
1357913, 2, 0
1357923, 3, 1
1358030, 0, 1
1358035, 1, 1
1358038, 2, 1
1358048, 3, 1
1358155, 0, 0
1358160, 1, bit 0
1358160, 1, 1
1358163, 2, 1
1358173, 3, 1
1358280, 0, 0
1358285, 1, 0
1358288, 2, 0
1358298, 3, 1
1358405, 0, 1
1358410, 1, 0
1358413, 2, 1
1358423, 3, 1
1358530, 0, 0
1358535, 1, 1
1358538, 2, 0
1358548, 3, 1
1358655, 0, 1
1358660, 1, 0
1358663, 2, 0
1358673, 3, 1
1358780, 0, bit 0
1358780, 0, 1
1358785, 1, 1
1358788, 2, 1
1358798, 3, 1
1358905, 0, 0
1358910, 1, 0
1358913, 2, bit 1
1358913, 2, 1
1358923, 3, 1
1359030, 0, 0
1359035, 1, 1
1359038, 2, 0
1359048, 3, 0
1359155, 0, 1
1359160, 1, 0
1359163, 2, 0
1359173, 3, 0
1359280, 0, 1
1359285, 1, 1
1359288, 2, 1
1359298, 3, 0
1359405, 0, 0
1359410, 1, 1
1359413, 2, 1
1359423, 3, 0
1359531, 0, 0
1359535, 1, 0
1359538, 2, 0
1359548, 3, 0
1359656, 0, 1
1359660, 1, 1
1359663, 2, 1
1359673, 3, 0
1359781, 0, 1
1359785, 1, 0
1359788, 2, 0
1359798, 3, 0
1359906, 0, 0
1359910, 1, bit 1
1359910, 1, 0
1359913, 2, 0
1359923, 3, 0
1360031, 0, 0
1360035, 1, 1
1360038, 2, 1
1360048, 3, 0
1360156, 0, 1
1360160, 1, 1
1360163, 2, 0
1360173, 3, 0
1360281, 0, 0
1360285, 1, 0
1360288, 2, 1
1360299, 3, 0
1360406, 0, 1
1360410, 1, 1
1360413, 2, 1
1360424, 3, 0
1360531, 0, bit 1
1360531, 0, 0
1360535, 1, 0
1360538, 2, 0
1360549, 3, 0
1360656, 0, 1
1360660, 1, 1
1360663, 2, bit 1
1360663, 2, 1
1360674, 3, 0
1360781, 0, 1
1360785, 1, 0
1360788, 2, 0
1360799, 3, 0
1360906, 0, 0
1360910, 1, 1
1360913, 2, 0
1360924, 3, 0
1361031, 0, 0
1361035, 1, 0
1361038, 2, 1
1361049, 3, prem 1
1361049, 3, 1
1361156, 0, 1
1361160, 1, 0
1361163, 2, 1
1361174, 3, 1
1361281, 0, 1
1361285, 1, 1
1361288, 2, 0
1361299, 3, 1
1361406, 0, 0
1361410, 1, 0
1361413, 2, 1
1361424, 3, 1
1361531, 0, 0
1361536, 1, 1
1361538, 2, 0
1361549, 3, 1
1361656, 0, 1
1361661, 1, bit 1
1361661, 1, 0
1361664, 2, 0
1361674, 3, 1
1361781, 0, 1
1361786, 1, 1
1361789, 2, 1
1361799, 3, 1
1361906, 0, 0
1361911, 1, 1
1361914, 2, 0
1361924, 3, 1
1362031, 0, 1
1362036, 1, 0
1362039, 2, 1
1362049, 3, 1
1362156, 0, 0
1362161, 1, 1
1362164, 2, 1
1362174, 3, 1
1362281, 0, bit 1
1362281, 0, 0
1362286, 1, 0
1362289, 2, 0
1362299, 3, 1
1362406, 0, 1
1362411, 1, 1
1362414, 2, bit 1
1362414, 2, 1
1362424, 3, 1
1362531, 0, 1
1362536, 1, 0
1362539, 2, 0
1362549, 3, 1
1362656, 0, 0
1362661, 1, 1
1362664, 2, 0
1362674, 3, 1
1362781, 0, 0
1362786, 1, 0
1362789, 2, 1
1362799, 3, 1
1362906, 0, 1
1362911, 1, 0
1362914, 2, 1
1362924, 3, 1
1363031, 0, 1
1363036, 1, 1
1363039, 2, 0
1363049, 3, 0
1363156, 0, 0
1363161, 1, 0
1363164, 2, 1
1363174, 3, 0
1363281, 0, 0
1363286, 1, 1
1363289, 2, 0
1363299, 3, 0
1363406, 0, 1
1363411, 1, bit 0
1363411, 1, 1
1363414, 2, 0
1363424, 3, 0
1363531, 0, 1
1363536, 1, 0
1363539, 2, 1
1363549, 3, 0
1363656, 0, 0
1363661, 1, 0
1363664, 2, 0
1363674, 3, 0
1363781, 0, 1
1363786, 1, 1
1363789, 2, 1
1363799, 3, 0
1363906, 0, 0
1363911, 1, 0
1363914, 2, 1
1363924, 3, 0
1364031, 0, bit 0
1364031, 0, 1
1364036, 1, 1
1364039, 2, 0
1364049, 3, 0
1364156, 0, 0
1364161, 1, 0
1364164, 2, bit 0
1364164, 2, 0
1364174, 3, 0
1364281, 0, 0
1364286, 1, 1
1364289, 2, 1
1364299, 3, 0
1364406, 0, 1
1364411, 1, 0
1364414, 2, 1
1364424, 3, 0
1364531, 0, 1
1364536, 1, 1
1364539, 2, 0
1364549, 3, 0
1364656, 0, 0
1364661, 1, 1
1364664, 2, 0
1364674, 3, 0
1364781, 0, 0
1364786, 1, 0
1364789, 2, 1
1364799, 3, 0
1364907, 0, 1
1364911, 1, 1
1364914, 2, 0
1364924, 3, 0
1365032, 0, 1
1365036, 1, 0
1365039, 2, 1
1365049, 3, prem 0
1365049, 3, 0
1365157, 0, 0
1365161, 1, bit 0
1365161, 1, 1
1365164, 2, 1
1365174, 3, 0
1365282, 0, 0
1365286, 1, 0
1365289, 2, 0
1365299, 3, 0
1365407, 0, 1
1365411, 1, 0
1365414, 2, 1
1365424, 3, 0
1365532, 0, 0
1365536, 1, 1
1365539, 2, 0
1365549, 3, 0
1365657, 0, 1
1365661, 1, 0
1365664, 2, 0
1365675, 3, 0
1365782, 0, bit 1
1365782, 0, 0
1365786, 1, 1
1365789, 2, 1
1365800, 3, 0
1365907, 0, 1
1365911, 1, 0
1365914, 2, bit 1
1365914, 2, 1
1365925, 3, 0
1366032, 0, 1
1366036, 1, 1
1366039, 2, 0
1366050, 3, 0
1366157, 0, 0
1366161, 1, 0
1366164, 2, 0
1366175, 3, 0
1366282, 0, 0
1366286, 1, 1
1366289, 2, 1
1366300, 3, 0
1366407, 0, 1
1366411, 1, 1
1366414, 2, 1
1366425, 3, 0
1366532, 0, 1
1366536, 1, 0
1366539, 2, 0
1366550, 3, 0
1366657, 0, 0
1366661, 1, 1
1366664, 2, 1
1366675, 3, 0
1366782, 0, 0
1366786, 1, 0
1366789, 2, 0
1366800, 3, 0
1366907, 0, 1
1366912, 1, bit 0
1366912, 1, 1
1366914, 2, 0
1366925, 3, 0
1367032, 0, 1
1367037, 1, 0
1367040, 2, 1
1367050, 3, 1
1367157, 0, 0
1367162, 1, 0
1367165, 2, 0
1367175, 3, 1
1367282, 0, 1
1367287, 1, 1
1367290, 2, 1
1367300, 3, 1
1367407, 0, 0
1367412, 1, 0
1367415, 2, 1
1367425, 3, 1
1367532, 0, bit 0
1367532, 0, 1
1367537, 1, 1
1367540, 2, 0
1367550, 3, 1
1367657, 0, 0
1367662, 1, 0
1367665, 2, bit 1
1367665, 2, 1
1367675, 3, 1
1367782, 0, 0
1367787, 1, 1
1367790, 2, 0
1367800, 3, 1
1367907, 0, 1
1367912, 1, 0
1367915, 2, 0
1367925, 3, 1
1368032, 0, 1
1368037, 1, 1
1368040, 2, 1
1368050, 3, 1
1368157, 0, 0
1368162, 1, 1
1368165, 2, 1
1368175, 3, 1
1368282, 0, 0
1368287, 1, 0
1368290, 2, 0
1368300, 3, 1
1368407, 0, 1
1368412, 1, 1
1368415, 2, 1
1368425, 3, 1
1368532, 0, 1
1368537, 1, 0
1368540, 2, 0
1368550, 3, 1
1368657, 0, 0
1368662, 1, bit 1
1368662, 1, 0
1368665, 2, 0
1368675, 3, 1
1368782, 0, 0
1368787, 1, 1
1368790, 2, 1
1368800, 3, 1
1368907, 0, 1
1368912, 1, 1
1368915, 2, 0
1368925, 3, 1
1369032, 0, 0
1369037, 1, 0
1369040, 2, 1
1369050, 3, prem 1
1369053, 3, 1
1369157, 0, 1
1369162, 1, 1
1369165, 2, 1
1369175, 3, 1
1369282, 0, bit 0
1369282, 0, 1
1369287, 1, 0
1369290, 2, 0
1369300, 3, 1
1369407, 0, 0
1369412, 1, 1
1369415, 2, bit 1
1369415, 2, 1
1369425, 3, 1
1369532, 0, 0
1369537, 1, 0
1369540, 2, 0
1369550, 3, 1
1369657, 0, 1
1369662, 1, 1
1369665, 2, 0
1369675, 3, 1
1369782, 0, 1
1369787, 1, 0
1369790, 2, 1
1369800, 3, 1
1369907, 0, 0
1369912, 1, 0
1369915, 2, 1
1369925, 3, 1
1370032, 0, 0
1370037, 1, 1
1370040, 2, 0
1370050, 3, 1
1370157, 0, 1
1370162, 1, 0
1370165, 2, 1
1370175, 3, 1
1370283, 0, 1
1370287, 1, 1
1370290, 2, 0
1370300, 3, 1
1370408, 0, 0
1370412, 1, bit 0
1370412, 1, 1
1370415, 2, 0
1370425, 3, 1
1370533, 0, 0
1370537, 1, 0
1370540, 2, 1
1370550, 3, 1
1370658, 0, 1
1370662, 1, 0
1370665, 2, 0
1370675, 3, 1
1370783, 0, 0
1370787, 1, 1
1370790, 2, 1
1370800, 3, 1
1370908, 0, 1
1370912, 1, 0
1370915, 2, 1
1370925, 3, 1
1371033, 0, bit 1
1371033, 0, 0
1371037, 1, 1
1371040, 2, 0
1371051, 3, 0
1371158, 0, 1
1371162, 1, 0
1371165, 2, bit 1
1371165, 2, 1
1371176, 3, 0
1371283, 0, 1
1371287, 1, 1
1371290, 2, 0
1371301, 3, 0
1371408, 0, 0
1371412, 1, 0
1371415, 2, 0
1371426, 3, 0
1371533, 0, 0
1371537, 1, 1
1371540, 2, 1
1371551, 3, 0
1371658, 0, 1
1371662, 1, 1
1371665, 2, 1
1371676, 3, 0
1371783, 0, 1
1371787, 1, 0
1371790, 2, 0
1371801, 3, 0
1371908, 0, 0
1371912, 1, 1
1371915, 2, 1
1371926, 3, 0
1372033, 0, 0
1372037, 1, 0
1372040, 2, 0
1372051, 3, 0
1372158, 0, 1
1372162, 1, bit 0
1372162, 1, 1
1372165, 2, 0
1372176, 3, 0
1372283, 0, 1
1372288, 1, 0
1372290, 2, 1
1372301, 3, 0
1372408, 0, 0
1372413, 1, 0
1372416, 2, 0
1372426, 3, 0
1372533, 0, 1
1372538, 1, 1
1372541, 2, 1
1372551, 3, 0
1372658, 0, 0
1372663, 1, 0
1372666, 2, 1
1372676, 3, 0
1372783, 0, bit 1
1372783, 0, 0
1372788, 1, 1
1372791, 2, 0
1372801, 3, 0
1372908, 0, 1
1372913, 1, 0
1372916, 2, bit 1
1372916, 2, 1
1372926, 3, 0
1373033, 0, 1
1373038, 1, 1
1373041, 2, 0
1373051, 3, prem 1
1373051, 3, 1
1373158, 0, 0
1373163, 1, 0
1373166, 2, 0
1373176, 3, 1
1373283, 0, 0
1373288, 1, 1
1373291, 2, 1
1373301, 3, 1
1373408, 0, 1
1373413, 1, 1
1373416, 2, 1
1373426, 3, 1
1373533, 0, 1
1373538, 1, 0
1373541, 2, 0
1373551, 3, 1
1373658, 0, 0
1373663, 1, 1
1373666, 2, 1
1373676, 3, 1
1373783, 0, 0
1373788, 1, 0
1373791, 2, 0
1373801, 3, 1
1373908, 0, 1
1373913, 1, bit 0
1373913, 1, 1
1373916, 2, 0
1373926, 3, 1
1374033, 0, 1
1374038, 1, 0
1374041, 2, 1
1374051, 3, 1
1374158, 0, 0
1374163, 1, 0
1374166, 2, 0
1374176, 3, 1
1374283, 0, 1
1374288, 1, 1
1374291, 2, 1
1374301, 3, 1
1374408, 0, 0
1374413, 1, 0
1374416, 2, 1
1374426, 3, 1
1374533, 0, bit 0
1374533, 0, 1
1374538, 1, 1
1374541, 2, 0
1374551, 3, 1
1374658, 0, 0
1374663, 1, 0
1374666, 2, bit 1
1374666, 2, 1
1374676, 3, 1
1374783, 0, 0
1374788, 1, 1
1374791, 2, 0
1374801, 3, 1
1374908, 0, 1
1374913, 1, 0
1374916, 2, 0
1374926, 3, 1
1375033, 0, 1
1375038, 1, 1
1375041, 2, 1
1375051, 3, 0
1375158, 0, 0
1375163, 1, 1
1375166, 2, 1
1375176, 3, 0
1375283, 0, 0
1375288, 1, 0
1375291, 2, 0
1375301, 3, 0
1375408, 0, 1
1375413, 1, 1
1375416, 2, 1
1375426, 3, 0
1375533, 0, 1
1375538, 1, 0
1375541, 2, 0
1375551, 3, 0
1375659, 0, 0
1375663, 1, bit 0
1375663, 1, 1
1375666, 2, 0
1375676, 3, 0
1375784, 0, 0
1375788, 1, 0
1375791, 2, 1
1375801, 3, 0
1375909, 0, 1
1375913, 1, 0
1375916, 2, 0
1375926, 3, 0
1376034, 0, 0
1376038, 1, 1
1376041, 2, 1
1376051, 3, 0
1376159, 0, 1
1376163, 1, 0
1376166, 2, 1
1376176, 3, 0
1376284, 0, bit 0
1376284, 0, 1
1376288, 1, 1
1376291, 2, 0
1376301, 3, 0
1376409, 0, 0
1376413, 1, 0
1376416, 2, bit 0
1376416, 2, 0
1376427, 3, 0
1376534, 0, 0
1376538, 1, 1
1376541, 2, 1
1376552, 3, 0
1376659, 0, 1
1376663, 1, 0
1376666, 2, 1
1376677, 3, 0
1376784, 0, 1
1376788, 1, 1
1376791, 2, 0
1376802, 3, 0
1376909, 0, 0
1376913, 1, 1
1376916, 2, 0
1376927, 3, 0
1377034, 0, 0
1377038, 1, 0
1377041, 2, 1
1377052, 3, prem 1
1377052, 3, 1
1377159, 0, 1
1377163, 1, 1
1377166, 2, 0
1377177, 3, 1
1377284, 0, 1
1377288, 1, 0
1377291, 2, 1
1377302, 3, 1
1377409, 0, 0
1377413, 1, bit 1
1377413, 1, 0
1377416, 2, 1
1377427, 3, 1
1377534, 0, 0
1377538, 1, 1
1377541, 2, 0
1377552, 3, 1
1377659, 0, 1
1377664, 1, 1
1377666, 2, 1
1377677, 3, 1
1377784, 0, 0
1377789, 1, 0
1377792, 2, 0
1377802, 3, 1
1377909, 0, 1
1377914, 1, 1
1377917, 2, 0
1377927, 3, 1
1378034, 0, bit 0
1378034, 0, 1
1378039, 1, 0
1378042, 2, 1
1378052, 3, 1
1378159, 0, 0
1378164, 1, 1
1378167, 2, bit 0
1378167, 2, 0
1378177, 3, 1
1378284, 0, 0
1378289, 1, 0
1378292, 2, 1
1378302, 3, 1
1378409, 0, 1
1378414, 1, 1
1378417, 2, 1
1378427, 3, 1
1378534, 0, 1
1378539, 1, 0
1378542, 2, 0
1378552, 3, 1
1378659, 0, 0
1378664, 1, 0
1378667, 2, 0
1378677, 3, 1
1378784, 0, 0
1378789, 1, 1
1378792, 2, 1
1378802, 3, 1
1378909, 0, 1
1378914, 1, 0
1378917, 2, 0
1378927, 3, 1
1379034, 0, 1
1379039, 1, 1
1379042, 2, 1
1379052, 3, 0
1379159, 0, 0
1379164, 1, bit 0
1379164, 1, 1
1379167, 2, 1
1379177, 3, 0
1379284, 0, 0
1379289, 1, 0
1379292, 2, 0
1379302, 3, 0
1379409, 0, 1
1379414, 1, 0
1379417, 2, 1
1379427, 3, 0
1379534, 0, 0
1379539, 1, 1
1379542, 2, 0
1379552, 3, 0
1379659, 0, 1
1379664, 1, 0
1379667, 2, 0
1379677, 3, 0
1379784, 0, bit 1
1379784, 0, 0
1379789, 1, 1
1379792, 2, 1
1379802, 3, 0
1379909, 0, 1
1379914, 1, 0
1379917, 2, bit 1
1379920, 2, 1
1379927, 3, 0
1380034, 0, 1
1380039, 1, 1
1380042, 2, 0
1380052, 3, 0
1380159, 0, 0
1380164, 1, 0
1380167, 2, 0
1380177, 3, 0
1380284, 0, 0
1380289, 1, 1
1380292, 2, 1
1380302, 3, 0
1380409, 0, 1
1380414, 1, 1
1380417, 2, 1
1380427, 3, 0
1380534, 0, 1
1380539, 1, 0
1380542, 2, 0
1380552, 3, 0
1380659, 0, 0
1380664, 1, 1
1380667, 2, 1
1380677, 3, 0
1380784, 0, 0
1380789, 1, 0
1380792, 2, 0
1380802, 3, 0
1380909, 0, 1
1380914, 1, bit 0
1380914, 1, 1
1380917, 2, 0
1380927, 3, 0
1381035, 0, 1
1381039, 1, 0
1381042, 2, 1
1381052, 3, bit 1
1381052, 3, 1
1381160, 0, 0
1381164, 1, 0
1381167, 2, 0
1381177, 3, 0
1381285, 0, 1
1381289, 1, 1
1381292, 2, 1
1381302, 3, 1
1381410, 0, 0
1381414, 1, 0
1381417, 2, 1
1381427, 3, 0
1381535, 0, bit 0
1381535, 0, 1
1381539, 1, 1
1381542, 2, 0
1381552, 3, 1
1381660, 0, 0
1381664, 1, 0
1381667, 2, bit 1
1381667, 2, 1
1381677, 3, 0
1381785, 0, 0
1381789, 1, 1
1381792, 2, 0
1381803, 3, 0
1381910, 0, 1
1381914, 1, 0
1381917, 2, 0
1381928, 3, 1
1382035, 0, 1
1382039, 1, 1
1382042, 2, 1
1382053, 3, 1
1382160, 0, 0
1382164, 1, 1
1382167, 2, 1
1382178, 3, 0
1382285, 0, 0
1382289, 1, 0
1382292, 2, 0
1382303, 3, 1
1382410, 0, 1
1382414, 1, 1
1382417, 2, 1
1382428, 3, 0
1382535, 0, 1
1382539, 1, 0
1382542, 2, 0
1382553, 3, 1
1382660, 0, 0
1382664, 1, bit 1
1382664, 1, 0
1382667, 2, 0
1382678, 3, 0
1382785, 0, 0
1382789, 1, 1
1382792, 2, 1
1382803, 3, bit 1
1382803, 3, 1
1382910, 0, 1
1382914, 1, 1
1382917, 2, 0
1382928, 3, 0
1383035, 0, 0
1383040, 1, 0
1383042, 2, 1
1383053, 3, 1
1383160, 0, 1
1383165, 1, 1
1383168, 2, 1
1383178, 3, 0
1383285, 0, bit 1
1383285, 0, 0
1383290, 1, 0
1383293, 2, 0
1383303, 3, 1
1383410, 0, 1
1383415, 1, 1
1383418, 2, bit 0
1383418, 2, 0
1383428, 3, 0
1383535, 0, 1
1383540, 1, 0
1383543, 2, 1
1383553, 3, 0
1383660, 0, 0
1383665, 1, 1
1383668, 2, 1
1383678, 3, 1
1383785, 0, 0
1383790, 1, 0
1383793, 2, 0
1383803, 3, 1
1383910, 0, 1
1383915, 1, 0
1383918, 2, 0
1383928, 3, 0
1384035, 0, 1
1384040, 1, 1
1384043, 2, 1
1384053, 3, 1
1384160, 0, 0
1384165, 1, 0
1384168, 2, 0
1384178, 3, 0
1384285, 0, 0
1384290, 1, 1
1384293, 2, 1
1384303, 3, 1
1384410, 0, 1
1384415, 1, bit 1
1384415, 1, 0
1384418, 2, 1
1384428, 3, 0
1384535, 0, 1
1384540, 1, 1
1384543, 2, 0
1384553, 3, bit 0
1384553, 3, 0
1384660, 0, 0
1384665, 1, 1
1384668, 2, 1
1384678, 3, 1
1384785, 0, 1
1384790, 1, 0
1384793, 2, 0
1384803, 3, 0
1384910, 0, 0
1384915, 1, 1
1384918, 2, 0
1384928, 3, 1
1385035, 0, bit 1
1385035, 0, 0
1385040, 1, 0
1385043, 2, 1
1385053, 3, 0
1385160, 0, 1
1385165, 1, 1
1385168, 2, bit 1
1385168, 2, 1
1385178, 3, 1
1385285, 0, 1
1385290, 1, 0
1385293, 2, 0
1385303, 3, 1
1385410, 0, 0
1385415, 1, 1
1385418, 2, 0
1385428, 3, 0
1385535, 0, 0
1385540, 1, 0
1385543, 2, 1
1385553, 3, 0
1385660, 0, 1
1385665, 1, 0
1385668, 2, 1
1385678, 3, 1
1385785, 0, 1
1385790, 1, 1
1385793, 2, 0
1385803, 3, 0
1385910, 0, 0
1385915, 1, 0
1385918, 2, 1
1385928, 3, 1
1386035, 0, 0
1386040, 1, 1
1386043, 2, 0
1386053, 3, 0
1386160, 0, 1
1386165, 1, bit 1
1386165, 1, 0
1386168, 2, 0
1386178, 3, 1
1386285, 0, 1
1386290, 1, 1
1386293, 2, 1
1386303, 3, bit 1
1386303, 3, 1
1386411, 0, 0
1386415, 1, 1
1386418, 2, 0
1386428, 3, 0
1386536, 0, 1
1386540, 1, 0
1386543, 2, 1
1386553, 3, 1
1386661, 0, 0
1386665, 1, 1
1386668, 2, 1
1386678, 3, 0
1386786, 0, bit 0
1386786, 0, 1
1386790, 1, 0
1386793, 2, 0
1386803, 3, 1
1386911, 0, 0
1386915, 1, 1
1386918, 2, bit 1
1386918, 2, 1
1386928, 3, 0
1387036, 0, 0
1387040, 1, 0
1387043, 2, 0
1387053, 3, 0
1387161, 0, 1
1387165, 1, 1
1387168, 2, 0
1387179, 3, 1
1387286, 0, 1
1387290, 1, 0
1387293, 2, 1
1387304, 3, 1
1387411, 0, 0
1387415, 1, 0
1387418, 2, 1
1387429, 3, 0
1387536, 0, 0
1387540, 1, 1
1387543, 2, 0
1387554, 3, 1
1387661, 0, 1
1387665, 1, 0
1387668, 2, 1
1387679, 3, 0
1387786, 0, 1
1387790, 1, 1
1387793, 2, 0
1387804, 3, 1
1387911, 0, 0
1387915, 1, bit 1
1387915, 1, 0
1387918, 2, 0
1387929, 3, 0
1388036, 0, 0
1388040, 1, 1
1388043, 2, 1
1388054, 3, bit 0
1388054, 3, 0
1388161, 0, 1
1388165, 1, 1
1388168, 2, 0
1388179, 3, 1
1388286, 0, 0
1388290, 1, 0
1388293, 2, 1
1388304, 3, 0
1388411, 0, 1
1388416, 1, 1
1388418, 2, 1
1388429, 3, 1
1388536, 0, bit 1
1388536, 0, 0
1388541, 1, 0
1388544, 2, 0
1388554, 3, 0
1388661, 0, 1
1388666, 1, 1
1388669, 2, bit 1
1388669, 2, 1
1388679, 3, 1
1388786, 0, 1
1388791, 1, 0
1388794, 2, 0
1388804, 3, 1
1388911, 0, 0
1388916, 1, 1
1388919, 2, 0
1388929, 3, 0
1389036, 0, 0
1389041, 1, 0
1389044, 2, 1
1389054, 3, 0
1389161, 0, 1
1389166, 1, 0
1389169, 2, 1
1389179, 3, 1
1389286, 0, 1
1389291, 1, 1
1389294, 2, 0
1389304, 3, 0
1389411, 0, 0
1389416, 1, 0
1389419, 2, 1
1389429, 3, 1
1389536, 0, 0
1389541, 1, 1
1389544, 2, 0
1389554, 3, 0
1389661, 0, 1
1389666, 1, bit 1
1389666, 1, 0
1389669, 2, 0
1389679, 3, 1
1389786, 0, 1
1389791, 1, 1
1389794, 2, 1
1389804, 3, bit 0
1389804, 3, 0
1389911, 0, 0
1389916, 1, 1
1389919, 2, 0
1389929, 3, 1
1390036, 0, 1
1390041, 1, 0
1390044, 2, 1
1390054, 3, 0
1390161, 0, 0
1390166, 1, 1
1390169, 2, 1
1390179, 3, 1
1390286, 0, bit 0
1390286, 0, 1
1390291, 1, 0
1390294, 2, 0
1390304, 3, 0
1390411, 0, 0
1390416, 1, 1
1390419, 2, bit 1
1390419, 2, 1
1390429, 3, 1
1390536, 0, 0
1390541, 1, 0
1390544, 2, 0
1390554, 3, 1
1390661, 0, 1
1390666, 1, 1
1390669, 2, 0
1390679, 3, 0
1390786, 0, 1
1390791, 1, 0
1390794, 2, 1
1390804, 3, 0
1390911, 0, 0
1390916, 1, 0
1390919, 2, 1
1390929, 3, 1
1391036, 0, 0
1391041, 1, 1
1391044, 2, 0
1391054, 3, 0
1391161, 0, 1
1391166, 1, 0
1391169, 2, 1
1391179, 3, 1
1391286, 0, 1
1391291, 1, 1
1391294, 2, 0
1391304, 3, 0
1391411, 0, 0
1391416, 1, bit 1
1391416, 1, 0
1391419, 2, 0
1391429, 3, 1
1391536, 0, 0
1391541, 1, 1
1391544, 2, 1
1391554, 3, bit 0
1391554, 3, 0
1391661, 0, 1
1391666, 1, 1
1391669, 2, 0
1391679, 3, 1
1391787, 0, 0
1391791, 1, 0
1391794, 2, 1
1391804, 3, 0
1391912, 0, 1
1391916, 1, 1
1391919, 2, 1
1391929, 3, 1
1392037, 0, bit 0
1392037, 0, 1
1392041, 1, 0
1392044, 2, 0
1392054, 3, 0
1392162, 0, 0
1392166, 1, 1
1392169, 2, bit 0
1392169, 2, 0
1392179, 3, 1
1392287, 0, 0
1392291, 1, 0
1392294, 2, 1
1392304, 3, 1
1392412, 0, 1
1392416, 1, 1
1392419, 2, 1
1392429, 3, 0
1392537, 0, 1
1392541, 1, 0
1392544, 2, 0
1392555, 3, 0
1392662, 0, 0
1392666, 1, 0
1392669, 2, 0
1392680, 3, 1
1392787, 0, 0
1392791, 1, 1
1392794, 2, 1
1392805, 3, 0
1392912, 0, 1
1392916, 1, 0
1392919, 2, 0
1392930, 3, 1
1393037, 0, 1
1393041, 1, 1
1393044, 2, 1
1393055, 3, 0
1393162, 0, 0
1393166, 1, bit 0
1393166, 1, 1
1393169, 2, 1
1393180, 3, 1
1393287, 0, 0
1393291, 1, 0
1393294, 2, 0
1393305, 3, bit 0
1393305, 3, 0
1393412, 0, 1
1393416, 1, 0
1393419, 2, 1
1393430, 3, 1
1393537, 0, 0
1393541, 1, 1
1393544, 2, 0
1393555, 3, 0
1393662, 0, 1
1393666, 1, 0
1393669, 2, 0
1393680, 3, 1
1393787, 0, bit 1
1393787, 0, 0
1393792, 1, 1
1393794, 2, 1
1393805, 3, 0
1393912, 0, 1
1393917, 1, 0
1393920, 2, bit 1
1393920, 2, 1
1393930, 3, 1
1394037, 0, 1
1394042, 1, 1
1394045, 2, 0
1394055, 3, 1
1394162, 0, 0
1394167, 1, 0
1394170, 2, 0
1394180, 3, 0
1394287, 0, 0
1394292, 1, 1
1394295, 2, 1
1394305, 3, 0
1394412, 0, 1
1394417, 1, 1
1394420, 2, 1
1394430, 3, 1
1394537, 0, 1
1394542, 1, 0
1394545, 2, 0
1394555, 3, 0
1394662, 0, 0
1394667, 1, 1
1394719, 2, 1
1394720, 3, 1
1394787, 0, 0
1394792, 1, 0
1394844, 2, 0
1394845, 3, 0
1394912, 0, 1
1394917, 1, bit 0
1394917, 1, 1
1394969, 2, 0
1394970, 3, 1
1395037, 0, 1
1395042, 1, 0
1395094, 2, 1
1395095, 3, bit 1
1395095, 3, 1
1395162, 0, 0
1395167, 1, 0
1395219, 2, 0
1395220, 3, 0
1395287, 0, 1
1395292, 1, 1
1395344, 2, 1
1395345, 3, 1
1395412, 0, 0
1395417, 1, 0
1395469, 2, 1
1395470, 3, 0
1395537, 0, bit 0
1395537, 0, 1
1395542, 1, 1
1395594, 2, 0
1395595, 3, 1
1395662, 0, 0
1395667, 1, 0
1395719, 2, bit 1
1395719, 2, 1
1395720, 3, 0
1395787, 0, 0
1395792, 1, 1
1395844, 2, 0
1395845, 3, 0
1395912, 0, 1
1395917, 1, 0
1395969, 2, 0
1395970, 3, 1
1396037, 0, 1
1396042, 1, 1
1396094, 2, 1
1396096, 3, 1
1396162, 0, 0
1396167, 1, 1
1396219, 2, 1
1396221, 3, 0
1396287, 0, 0
1396292, 1, 0
1396344, 2, 0
1396346, 3, 1
1396412, 0, 1
1396417, 1, 1
1396469, 2, 1
1396471, 3, 0
1396537, 0, 1
1396542, 1, 0
1396594, 2, 0
1396596, 3, 1
1396662, 0, 0
1396667, 1, bit 0
1396667, 1, 1
1396719, 2, 0
1396721, 3, 0
1396787, 0, 0
1396792, 1, 0
1396844, 2, 1
1396846, 3, bit 1
1396846, 3, 1
1396912, 0, 1
1396917, 1, 0
1396969, 2, 0
1396971, 3, 0
1397037, 0, 0
1397042, 1, 1
1397094, 2, 1
1397096, 3, 1
1397163, 0, 1
1397167, 1, 0
1397219, 2, 1
1397221, 3, 0
1397288, 0, bit 0
1397288, 0, 1
1397292, 1, 1
1397344, 2, 0
1397346, 3, 1
1397413, 0, 0
1397417, 1, 0
1397469, 2, bit 0
1397469, 2, 0
1397471, 3, 0
1397538, 0, 0
1397542, 1, 1
1397594, 2, 1
1397596, 3, 0
1397663, 0, 1
1397667, 1, 0
1397719, 2, 1
1397721, 3, 1
1397788, 0, 1
1397792, 1, 1
1397844, 2, 0
1397846, 3, 1
1397913, 0, 0
1397917, 1, 1
1397969, 2, 0
1397971, 3, 0
1398038, 0, 0
1398042, 1, 0
1398094, 2, 1
1398096, 3, 1
1398163, 0, 1
1398167, 1, 1
1398219, 2, 0
1398221, 3, 0
1398288, 0, 1
1398292, 1, 0
1398344, 2, 1
1398346, 3, 1
1398413, 0, 0
1398417, 1, bit 0
1398417, 1, 1
1398469, 2, 1
1398471, 3, 0
1398538, 0, 0
1398542, 1, 0
1398594, 2, 0
1398597, 3, bit 1
1398597, 3, 1
1398663, 0, 1
1398667, 1, 0
1398719, 2, 1
1398722, 3, 0
1398788, 0, 0
1398792, 1, 1
1398844, 2, 0
1398847, 3, 1
1398913, 0, 1
1398917, 1, 0
1398969, 2, 0
1398972, 3, 0
1399038, 0, bit 1
1399038, 0, 0
1399042, 1, 1
1399094, 2, 1
1399097, 3, 1
1399163, 0, 1
1399168, 1, 0
1399219, 2, bit 0
1399219, 2, 0
1399222, 3, 0
1399288, 0, 1
1399293, 1, 1
1399344, 2, 1
1399347, 3, 0
1399413, 0, 0
1399418, 1, 0
1399469, 2, 1
1399472, 3, 1
1399538, 0, 0
1399543, 1, 1
1399595, 2, 0
1399597, 3, 1
1399663, 0, 1
1399668, 1, 1
1399720, 2, 0
1399723, 3, 0
1399788, 0, 1
1399793, 1, 0
1399845, 2, 1
1399848, 3, 1
1399913, 0, 0
1399918, 1, 1
1399970, 2, 0
1399973, 3, 0
1400038, 0, 0
1400043, 1, 0
1400095, 2, 1
1400098, 3, 1
1400163, 0, 1
1400168, 1, bit 1
1400168, 1, 0
1400220, 2, 1
1400223, 3, 0
1400288, 0, 1
1400293, 1, 1
1400345, 2, 0
1400348, 3, bit 0
1400348, 3, 0
1400413, 0, 0
1400418, 1, 1
1400470, 2, 1
1400473, 3, 1
1400538, 0, 1
1400543, 1, 0
1400595, 2, 0
1400598, 3, 0
1400663, 0, 0
1400668, 1, 1
1400720, 2, 0
1400723, 3, 1
1400788, 0, bit 1
1400788, 0, 0
1400793, 1, 0
1400845, 2, 1
1400848, 3, 0
1400913, 0, 1
1400918, 1, 1
1400970, 2, bit 0
1400970, 2, 0
1400973, 3, 1
1401038, 0, 1
1401043, 1, 0
1401095, 2, 1
1401098, 3, 1
1401163, 0, 0
1401168, 1, 1
1401220, 2, 1
1401223, 3, 0
1401288, 0, 0
1401293, 1, 0
1401345, 2, 0
1401348, 3, 0
1401413, 0, 1
1401418, 1, 0
1401470, 2, 0
1401473, 3, 1
1401538, 0, 1
1401543, 1, 1
1401595, 2, 1
1401598, 3, 0
1401663, 0, 0
1401668, 1, 0
1401720, 2, 0
1401723, 3, 1
1401788, 0, 0
1401793, 1, 1
1401845, 2, 1
1401848, 3, 0
1401913, 0, 1
1401918, 1, bit 0
1401918, 1, 1
1401970, 2, 1
1401973, 3, 1
1402038, 0, 1
1402043, 1, 0
1402095, 2, 0
1402098, 3, bit 1
1402098, 3, 1
1402163, 0, 0
1402168, 1, 0
1402220, 2, 1
1402223, 3, 0
1402288, 0, 1
1402293, 1, 1
1402345, 2, 0
1402348, 3, 1
1402413, 0, 0
1402418, 1, 0
1402470, 2, 0
1402473, 3, 0
1402539, 0, bit 1
1402539, 0, 0
1402543, 1, 1
1402595, 2, 1
1402598, 3, 1
1402664, 0, 1
1402668, 1, 0
1402720, 2, bit 0
1402720, 2, 0
1402723, 3, 0
1402789, 0, 1
1402793, 1, 1
1402845, 2, 1
1402848, 3, 0
1402914, 0, 0
1402918, 1, 0
1402970, 2, 1
1402973, 3, 1
1403039, 0, 0
1403043, 1, 1
1403095, 2, 0
1403098, 3, 1
1403164, 0, 1
1403168, 1, 1
1403220, 2, 0
1403223, 3, 0
1403289, 0, 1
1403293, 1, 0
1403345, 2, 1
1403348, 3, 1
1403414, 0, 0
1403418, 1, 1
1403470, 2, 0
1403481, 3, 0
1403539, 0, 0
1403543, 1, 0
1403595, 2, 1
1403606, 3, 1
1403664, 0, 1
1403668, 1, bit 0
1403668, 1, 1
1403720, 2, 1
1403731, 3, 0
1403789, 0, 1
1403793, 1, 0
1403845, 2, 0
1403856, 3, bit 1
1403856, 3, 1
1403914, 0, 0
1403918, 1, 0
1403970, 2, 1
1403981, 3, 0
1404039, 0, 1
1404043, 1, 1
1404095, 2, 0
1404106, 3, 1
1404164, 0, 0
1404168, 1, 0
1404220, 2, 0
1404231, 3, 0
1404289, 0, bit 1
1404289, 0, 0
1404293, 1, 1
1404345, 2, 1
1404356, 3, 1
1404414, 0, 1
1404418, 1, 0
1404470, 2, bit 1
1404470, 2, 1
1404481, 3, 0
1404539, 0, 1
1404544, 1, 1
1404595, 2, 0
1404606, 3, 0
1404664, 0, 0
1404669, 1, 0
1404720, 2, 0
1404731, 3, 1
1404789, 0, 0
1404794, 1, 1
1404845, 2, 1
1404856, 3, 1
1404914, 0, 1
1404919, 1, 1
1404971, 2, 1
1404981, 3, 0
1405039, 0, 1
1405044, 1, 0
1405096, 2, 0
1405106, 3, 1
1405164, 0, 0
1405169, 1, 1
1405221, 2, 1
1405231, 3, 0
1405289, 0, 0
1405294, 1, 0
1405346, 2, 0
1405356, 3, 1
1405414, 0, 1
1405419, 1, bit 1
1405422, 1, 0
1405471, 2, 0
1405481, 3, 0
1405539, 0, 1
1405544, 1, 1
1405596, 2, 1
1405606, 3, bit 1
1405606, 3, 1
1405664, 0, 0
1405669, 1, 1
1405721, 2, 0
1405731, 3, 0
1405789, 0, 1
1405794, 1, 0
1405846, 2, 1
1405856, 3, 1
1405914, 0, 0
1405919, 1, 1
1405971, 2, 1
1405981, 3, 0
1406039, 0, bit 1
1406039, 0, 0
1406044, 1, 0
1406096, 2, 0
1406106, 3, 1
1406164, 0, 1
1406169, 1, 1
1406221, 2, bit 0
1406221, 2, 0
1406231, 3, 0
1406289, 0, 1
1406294, 1, 0
1406346, 2, 1
1406356, 3, 0
1406414, 0, 0
1406419, 1, 1
1406471, 2, 1
1406481, 3, 1
1406539, 0, 0
1406544, 1, 0
1406596, 2, 0
1406606, 3, 1
1406664, 0, 1
1406669, 1, 0
1406721, 2, 0
1406731, 3, 0
1406789, 0, 1
1406794, 1, 1
1406846, 2, 1
1406856, 3, 1
1406914, 0, 0
1406919, 1, 0
1406971, 2, 0
1406981, 3, 0
1407039, 0, 0
1407044, 1, 1
1407096, 2, 1
1407106, 3, 1
1407164, 0, 1
1407169, 1, bit 0
1407169, 1, 1
1407221, 2, 1
1407232, 3, 0
1407289, 0, 1
1407294, 1, 0
1407346, 2, 0
1407357, 3, bit 0
1407361, 3, 0
1407414, 0, 0
1407419, 1, 0
1407471, 2, 1
1407482, 3, 1
1407539, 0, 1
1407544, 1, 1
1407596, 2, 0
1407607, 3, 0
1407664, 0, 0
1407669, 1, 0
1407721, 2, 0
1407732, 3, 1
1407789, 0, bit 1
1407789, 0, 0
1407794, 1, 1
1407846, 2, 1
1407857, 3, 0
1407915, 0, 1
1407919, 1, 0
1407971, 2, bit 0
1407971, 2, 0
1407982, 3, 1
1408040, 0, 1
1408044, 1, 1
1408096, 2, 1
1408107, 3, 1
1408165, 0, 0
1408169, 1, 0
1408221, 2, 1
1408232, 3, 0
1408290, 0, 0
1408294, 1, 1
1408346, 2, 0
1408357, 3, 0
1408415, 0, 1
1408419, 1, 1
1408471, 2, 0
1408482, 3, 1
1408540, 0, 1
1408544, 1, 0
1408596, 2, 1
1408607, 3, 0
1408665, 0, 0
1408669, 1, 1
1408721, 2, 0
1408732, 3, 1
1408790, 0, 0
1408794, 1, 0
1408846, 2, 1
1408857, 3, 0
1408915, 0, 1
1408919, 1, bit 1
1408919, 1, 0
1408971, 2, 1
1408982, 3, 1
1409040, 0, 1
1409044, 1, 1
1409096, 2, 0
1409107, 3, bit 0
1409107, 3, 0
1409165, 0, 0
1409169, 1, 1
1409221, 2, 1
1409232, 3, 1
1409290, 0, 1
1409294, 1, 0
1409346, 2, 0
1409357, 3, 0
1409415, 0, 0
1409419, 1, 1
1409471, 2, 0
1409482, 3, 1
1409540, 0, bit 0
1409540, 0, 1
1409544, 1, 0
1409596, 2, 1
1409607, 3, 0
1409665, 0, 0
1409669, 1, 1
1409721, 2, bit 0
1409721, 2, 0
1409732, 3, 1
1409790, 0, 0
1409794, 1, 0
1409846, 2, 1
1409857, 3, 1
1409915, 0, 1
1409920, 1, 1
1409971, 2, 1
1409982, 3, 0
1410040, 0, 1
1410045, 1, 0
1410096, 2, 0
1410107, 3, 0
1410165, 0, 0
1410170, 1, 0
1410221, 2, 0
1410232, 3, 1
1410290, 0, 0
1410295, 1, 1
1410347, 2, 1
1410357, 3, 0
1410415, 0, 1
1410420, 1, 0
1410472, 2, 0
1410482, 3, 1
1410540, 0, 1
1410545, 1, 1
1410597, 2, 1
1410607, 3, 0
1410665, 0, 0
1410670, 1, bit 1
1410670, 1, 0
1410722, 2, 1
1410732, 3, 1
1410790, 0, 0
1410795, 1, 1
1410847, 2, 0
1410857, 3, bit 1
1410857, 3, 1
1410915, 0, 1
1410920, 1, 1
1410972, 2, 1
1410982, 3, 0
1411040, 0, 0
1411045, 1, 0
1411097, 2, 0
1411107, 3, 1
1411165, 0, 1
1411170, 1, 1
1411222, 2, 0
1411232, 3, 0
1411290, 0, bit 1
1411293, 0, 0
1411295, 1, 0
1411347, 2, 1
1411357, 3, 1
1411415, 0, 1
1411420, 1, 1
1411472, 2, bit 1
1411472, 2, 1
1411482, 3, 0
1411540, 0, 1
1411545, 1, 0
1411597, 2, 0
1411607, 3, 0
1411665, 0, 0
1411670, 1, 1
1411722, 2, 0
1411732, 3, 1
1411790, 0, 0
1411795, 1, 0
1411847, 2, 1
1411857, 3, 1
1411915, 0, 1
1411920, 1, 0
1411972, 2, 1
1411982, 3, 0
1412040, 0, 1
1412045, 1, 1
1412097, 2, 0
1412107, 3, 1
1412165, 0, 0
1412170, 1, 0
1412222, 2, 1
1412232, 3, 0
1412290, 0, 0
1412295, 1, 1
1412347, 2, 0
1412357, 3, 1
1412415, 0, 1
1412420, 1, bit 0
1412420, 1, 1
1412472, 2, 0
1412482, 3, 0
1412540, 0, 1
1412545, 1, 0
1412597, 2, 1
1412608, 3, bit 1
1412608, 3, 1
1412665, 0, 0
1412670, 1, 0
1412722, 2, 0
1412733, 3, 0
1412790, 0, 1
1412795, 1, 1
1412847, 2, 1
1412858, 3, 1
1412915, 0, 0
1412920, 1, 0
1412972, 2, 1
1412983, 3, 0
1413040, 0, bit 1
1413040, 0, 0
1413045, 1, 1
1413097, 2, 0
1413108, 3, 1
1413165, 0, 1
1413170, 1, 0
1413222, 2, bit 0
1413225, 2, 0
1413233, 3, 0
1413291, 0, 1
1413295, 1, 1
1413347, 2, 1
1413358, 3, 0
1413416, 0, 0
1413420, 1, 0
1413472, 2, 1
1413483, 3, 1
1413541, 0, 0
1413545, 1, 1
1413597, 2, 0
1413608, 3, 1
1413666, 0, 1
1413670, 1, 1
1413722, 2, 0
1413733, 3, 0
1413791, 0, 1
1413795, 1, 0
1413847, 2, 1
1413858, 3, 1
1413916, 0, 0
1413920, 1, 1
1413972, 2, 0
1413983, 3, 0
1414041, 0, 0
1414045, 1, 0
1414097, 2, 1
1414108, 3, 1
1414166, 0, 1
1414170, 1, bit 1
1414170, 1, 0
1414222, 2, 1
1414233, 3, 0
1414291, 0, 1
1414295, 1, 1
1414347, 2, 0
1414358, 3, bit 0
1414358, 3, 0
1414416, 0, 0
1414420, 1, 1
1414472, 2, 1
1414483, 3, 1
1414541, 0, 1
1414545, 1, 0
1414597, 2, 0
1414608, 3, 0
1414666, 0, 0
1414670, 1, 1
1414722, 2, 0
1414733, 3, 1
1414791, 0, bit 1
1414791, 0, 0
1414795, 1, 0
1414847, 2, 1
1414858, 3, 0
1414916, 0, 1
1414920, 1, 1
1414972, 2, bit 0
1414972, 2, 0
1414983, 3, 1
1415041, 0, 1
1415045, 1, 0
1415097, 2, 1
1415108, 3, 1
1415166, 0, 0
1415170, 1, 1
1415222, 2, 1
1415233, 3, 0
1415291, 0, 0
1415296, 1, 0
1415347, 2, 0
1415358, 3, 0
1415416, 0, 1
1415421, 1, 0
1415472, 2, 0
1415483, 3, 1
1415541, 0, 1
1415546, 1, 1
1415597, 2, 1
1415608, 3, 0
1415666, 0, 0
1415671, 1, 0
1415723, 2, 0
1415733, 3, 1
1415791, 0, 0
1415796, 1, 1
1415848, 2, 1
1415858, 3, 0
1415916, 0, 1
1415921, 1, bit 0
1415921, 1, 1
1415973, 2, 1
1415983, 3, 1
1416041, 0, 1
1416046, 1, 0
1416098, 2, 0
1416108, 3, bit 1
1416108, 3, 1
1416166, 0, 0
1416171, 1, 0
1416223, 2, 1
1416233, 3, 0
1416291, 0, 1
1416296, 1, 1
1416348, 2, 0
1416358, 3, 1
1416416, 0, 0
1416421, 1, 0
1416473, 2, 0
1416483, 3, 0
1416541, 0, bit 1
1416541, 0, 0
1416546, 1, 1
1416598, 2, 1
1416608, 3, 1
1416666, 0, 1
1416671, 1, 0
1416723, 2, bit 1
1416723, 2, 1
1416733, 3, 0
1416791, 0, 1
1416796, 1, 1
1416848, 2, 0
1416858, 3, 0
1416916, 0, 0
1416921, 1, 0
1416973, 2, 0
1416983, 3, 1
1417041, 0, 0
1417046, 1, 1
1417098, 2, 1
1417108, 3, 1
1417166, 0, 1
1417171, 1, 1
1417223, 2, 1
1417233, 3, 0
1417291, 0, 1
1417296, 1, 0
1417348, 2, 0
1417358, 3, 1
1417416, 0, 0
1417421, 1, 1
1417473, 2, 1
1417483, 3, 0
1417541, 0, 0
1417546, 1, 0
1417598, 2, 0
1417608, 3, 1
1417666, 0, 1
1417671, 1, bit 0
1417671, 1, 1
1417723, 2, 0
1417733, 3, 0
1417791, 0, 1
1417796, 1, 0
1417848, 2, 1
1417858, 3, bit 0
1417858, 3, 0
1417916, 0, 0
1417921, 1, 0
1417973, 2, 0
1417984, 3, 1
1418041, 0, 1
1418046, 1, 1
1418098, 2, 1
1418109, 3, 0
1418166, 0, 0
1418171, 1, 0
1418223, 2, 1
1418234, 3, 1
1418291, 0, bit 1
1418291, 0, 0
1418296, 1, 1
1418348, 2, 0
1418359, 3, 0
1418416, 0, 1
1418421, 1, 0
1418473, 2, bit 1
1418473, 2, 1
1418484, 3, 1
1418541, 0, 1
1418546, 1, 1
1418598, 2, 0
1418609, 3, 1
1418667, 0, 0
1418671, 1, 0
1418723, 2, 0
1418734, 3, 0
1418792, 0, 0
1418796, 1, 1
1418848, 2, 1
1418859, 3, 0
1418917, 0, 1
1418921, 1, 1
1418973, 2, 1
1418984, 3, 1
1419042, 0, 1
1419046, 1, 0
1419098, 2, 0
1419109, 3, 0
1419167, 0, 0
1419171, 1, 1
1419223, 2, 1
1419234, 3, 1
1419292, 0, 0
1419296, 1, 0
1419348, 2, 0
1419359, 3, 0
1419417, 0, 1
1419421, 1, bit 1
1419421, 1, 0
1419473, 2, 0
1419484, 3, 1
1419542, 0, 1
1419546, 1, 1
1419598, 2, 1
1419609, 3, bit 0
1419609, 3, 0
1419667, 0, 0
1419671, 1, 1
1419723, 2, 0
1419734, 3, 1
1419792, 0, 1
1419796, 1, 0
1419848, 2, 1
1419859, 3, 0
1419917, 0, 0
1419921, 1, 1
1419973, 2, 1
1419984, 3, 1
1420042, 0, bit 1
1420042, 0, 0
1420046, 1, 0
1420098, 2, 0
1420109, 3, 0
1420167, 0, 1
1420171, 1, 1
1420223, 2, bit 1
1420223, 2, 1
1420234, 3, 1
1420292, 0, 1
1420296, 1, 0
1420348, 2, 0
1420359, 3, 1
1420417, 0, 0
1420421, 1, 1
1420473, 2, 0
1420484, 3, 0
1420542, 0, 0
1420546, 1, 0
1420598, 2, 1
1420609, 3, 0
1420667, 0, 1
1420672, 1, 0
1420723, 2, 1
1420734, 3, 1
1420792, 0, 1
1420797, 1, 1
1420848, 2, 0
1420859, 3, 0
1420917, 0, 0
1420922, 1, 0
1420973, 2, 1
1420984, 3, 1
1421042, 0, 0
1421047, 1, 1
1421099, 2, 0
1421109, 3, 0
1421167, 0, 1
1421172, 1, bit 1
1421172, 1, 0
1421224, 2, 0
1421234, 3, 1
1421292, 0, 1
1421297, 1, 1
1421349, 2, 1
1421359, 3, bit 1
1421359, 3, 1
1421417, 0, 0
1421422, 1, 1
1421474, 2, 0
1421484, 3, 0
1421542, 0, 1
1421547, 1, 0
1421599, 2, 1
1421609, 3, 1
1421667, 0, 0
1421672, 1, 1
1421724, 2, 1
1421734, 3, 0
1421792, 0, bit 1
1421792, 0, 0
1421797, 1, 0
1421849, 2, 0
1421859, 3, 1
1421917, 0, 1
1421922, 1, 1
1421974, 2, bit 1
1421974, 2, 1
1421984, 3, 0
1422042, 0, 1
1422047, 1, 0
1422099, 2, 0
1422109, 3, 0
1422167, 0, 0
1422172, 1, 1
1422224, 2, 0
1422234, 3, 1
1422292, 0, 0
1422297, 1, 0
1422349, 2, 1
1422359, 3, 1
1422417, 0, 1
1422422, 1, 0
1422474, 2, 1
1422484, 3, 0
1422542, 0, 1
1422547, 1, 1
1422599, 2, 0
1422609, 3, 1
1422667, 0, 0
1422672, 1, 0
1422724, 2, 1
1422734, 3, 0
1422792, 0, 0
1422797, 1, 1
1422849, 2, 0
1422859, 3, 1
1422917, 0, 1
1422922, 1, bit 1
1422922, 1, 0
1422974, 2, 0
1422984, 3, 0
1423042, 0, 1
1423047, 1, 1
1423099, 2, 1
1423109, 3, bit 0
1423109, 3, 0
1423167, 0, 0
1423172, 1, 1
1423224, 2, 0
1423234, 3, 1
1423292, 0, 1
1423297, 1, 0
1423349, 2, 1
1423360, 3, 0
1423417, 0, 0
1423422, 1, 1
1423474, 2, 1
1423485, 3, 1
1423542, 0, bit 0
1423542, 0, 1
1423547, 1, 0
1423599, 2, 0
1423610, 3, 0
1423667, 0, 0
1423672, 1, 1
1423724, 2, bit 1
1423724, 2, 1
1423735, 3, 1
1423792, 0, 0
1423797, 1, 0
1423849, 2, 0
1423860, 3, 1
1423917, 0, 1
1423922, 1, 1
1423974, 2, 0
1423985, 3, 0
1424043, 0, 1
1424047, 1, 0
1424099, 2, 1
1424110, 3, 0
1424168, 0, 0
1424172, 1, 0
1424224, 2, 1
1424235, 3, 1
1424293, 0, 0
1424297, 1, 1
1424349, 2, 0
1424360, 3, 0
1424418, 0, 1
1424422, 1, 0
1424474, 2, 1
1424485, 3, 1
1424543, 0, 1
1424547, 1, 1
1424599, 2, 0
1424610, 3, 0
1424668, 0, 0
1424672, 1, bit 1
1424672, 1, 0
1424724, 2, 0
1424735, 3, 1
1424793, 0, 0
1424797, 1, 1
1424849, 2, 1
1424860, 3, bit 0
1424860, 3, 0
1424918, 0, 1
1424922, 1, 1
1424974, 2, 0
1424985, 3, 1
1425043, 0, 0
1425047, 1, 0
1425099, 2, 1
1425110, 3, 0
1425168, 0, 1
1425172, 1, 1
1425224, 2, 1
1425235, 3, 1
1425293, 0, bit 0
1425293, 0, 1
1425297, 1, 0
1425349, 2, 0
1425360, 3, 0
1425418, 0, 0
1425422, 1, 1
1425474, 2, bit 0
1425474, 2, 0
1425485, 3, 1
1425543, 0, 0
1425547, 1, 0
1425599, 2, 1
1425610, 3, 1
1425668, 0, 1
1425672, 1, 1
1425724, 2, 1
1425735, 3, 0
1425793, 0, 1
1425797, 1, 0
1425849, 2, 0
1425860, 3, 0
1425918, 0, 0
1425922, 1, 0
1425974, 2, 0
1425985, 3, 1
1426043, 0, 0
1426048, 1, 1
1426099, 2, 1
1426110, 3, 0
1426168, 0, 1
1426173, 1, 0
1426224, 2, 0
1426235, 3, 1
1426293, 0, 1
1426298, 1, 1
1426349, 2, 1
1426360, 3, 0
1426418, 0, 0
1426423, 1, bit 1
1426423, 1, 0
1426475, 2, 1
1426485, 3, 1
1426543, 0, 0
1426548, 1, 1
1426600, 2, 0
1426610, 3, bit 0
1426610, 3, 0
1426668, 0, 1
1426673, 1, 1
1426725, 2, 1
1426735, 3, 1
1426793, 0, 0
1426798, 1, 0
1426850, 2, 0
1426860, 3, 0
1426918, 0, 1
1426923, 1, 1
1426975, 2, 0
1426985, 3, 1
1427043, 0, bit 1
1427043, 0, 0
1427048, 1, 0
1427100, 2, 1
1427110, 3, 0
1427168, 0, 1
1427173, 1, 1
1427225, 2, bit 0
1427225, 2, 0
1427235, 3, 1
1427293, 0, 1
1427298, 1, 0
1427350, 2, 1
1427360, 3, 1
1427418, 0, 0
1427423, 1, 1
1427475, 2, 1
1427485, 3, 0
1427543, 0, 0
1427548, 1, 0
1427600, 2, 0
1427610, 3, 0
1427668, 0, 1
1427673, 1, 0
1427725, 2, 0
1427735, 3, 1
1427793, 0, 1
1427798, 1, 1
1427850, 2, 1
1427860, 3, 0
1427918, 0, 0
1427923, 1, 0
1427975, 2, 0
1427985, 3, 1
1428043, 0, 0
1428048, 1, 1
1428100, 2, 1
1428110, 3, 0
1428168, 0, 1
1428173, 1, bit 1
1428173, 1, 0
1428225, 2, 1
1428235, 3, 1
1428293, 0, 1
1428298, 1, 1
1428350, 2, 0
1428360, 3, bit 1
1428360, 3, 1
1428418, 0, 0
1428423, 1, 1
1428475, 2, 1
1428485, 3, 0
1428543, 0, 1
1428548, 1, 0
1428600, 2, 0
1428610, 3, 1
1428668, 0, 0
1428673, 1, 1
1428725, 2, 0
1428736, 3, 0
1428793, 0, bit 0
1428793, 0, 1
1428798, 1, 0
1428850, 2, 1
1428861, 3, 1
1428918, 0, 0
1428923, 1, 1
1428975, 2, bit 1
1428975, 2, 1
1428986, 3, 0
1429043, 0, 0
1429048, 1, 0
1429100, 2, 0
1429111, 3, 0
1429168, 0, 1
1429173, 1, 1
1429225, 2, 0
1429236, 3, 1
1429293, 0, 1
1429298, 1, 0
1429350, 2, 1
1429361, 3, 1
1429419, 0, 0
1429423, 1, 0
1429475, 2, 1
1429486, 3, 0
1429544, 0, 0
1429548, 1, 1
1429600, 2, 0
1429611, 3, 1
1429669, 0, 1
1429673, 1, 0
1429725, 2, 1
1429736, 3, 0
1429794, 0, 1
1429798, 1, 1
1429850, 2, 0
1429861, 3, 1
1429919, 0, 0
1429923, 1, bit 0
1429923, 1, 1
1429975, 2, 0
1429986, 3, 0
1430044, 0, 0
1430048, 1, 0
1430100, 2, 1
1430111, 3, bit 0
1430111, 3, 0
1430169, 0, 1
1430173, 1, 0
1430225, 2, 0
1430236, 3, 1
1430294, 0, 0
1430298, 1, 1
1430350, 2, 1
1430361, 3, 0
1430419, 0, 1
1430423, 1, 0
1430475, 2, 1
1430486, 3, 1
1430544, 0, bit 0
1430544, 0, 1
1430548, 1, 1
1430600, 2, 0
1430611, 3, 0
1430669, 0, 0
1430673, 1, 0
1430725, 2, bit 1
1430725, 2, 1
1430736, 3, 1
1430794, 0, 0
1430798, 1, 1
1430850, 2, 0
1430861, 3, 1
1430919, 0, 1
1430923, 1, 0
1430975, 2, 0
1430986, 3, 0
1431044, 0, 1
1431048, 1, 1
1431100, 2, 1
1431111, 3, 0
1431169, 0, 0
1431173, 1, 1
1431225, 2, 1
1431236, 3, 1
1431294, 0, 0
1431298, 1, 0
1431350, 2, 0
1431361, 3, 0
1431419, 0, 1
1431424, 1, 1
1431475, 2, 1
1431486, 3, 1
1431544, 0, 1
1431549, 1, 0
1431600, 2, 0
1431611, 3, 0
1431669, 0, 0
1431674, 1, bit 0
1431674, 1, 1
1431725, 2, 0
1431736, 3, 1
1431794, 0, 0
1431799, 1, 0
1431851, 2, 1
1431861, 3, bit 0
1431861, 3, 0
1431919, 0, 1
1431924, 1, 0
1431976, 2, 0
1431986, 3, 1
1432044, 0, 0
1432049, 1, 1
1432101, 2, 1
1432111, 3, 0
1432169, 0, 1
1432174, 1, 0
1432226, 2, 1
1432236, 3, 1
1432294, 0, bit 0
1432294, 0, 1
1432299, 1, 1
1432351, 2, 0
1432361, 3, 0
1432419, 0, 0
1432424, 1, 0
1432476, 2, bit 0
1432476, 2, 0
1432486, 3, 1
1432544, 0, 0
1432549, 1, 1
1432601, 2, 1
1432611, 3, 1
1432669, 0, 1
1432674, 1, 0
1432726, 2, 1
1432736, 3, 0
1432794, 0, 1
1432799, 1, 1
1432851, 2, 0
1432861, 3, 0
1432919, 0, 0
1432924, 1, 1
1432976, 2, 0
1432986, 3, 1
1433044, 0, 0
1433049, 1, 0
1433101, 2, 1
1433111, 3, 0
1433169, 0, 1
1433174, 1, 1
1433226, 2, 0
1433236, 3, 1
1433294, 0, 1
1433299, 1, 0
1433351, 2, 1
1433361, 3, 0
1433419, 0, 0
1433424, 1, bit 1
1433424, 1, 0
1433476, 2, 1
1433486, 3, 1
1433544, 0, 0
1433549, 1, 1
1433601, 2, 0
1433611, 3, bit 0
1433611, 3, 0
1433669, 0, 1
1433674, 1, 1
1433726, 2, 1
1433736, 3, 1
1433794, 0, 0
1433799, 1, 0
1433851, 2, 0
1433861, 3, 0
1433919, 0, 1
1433924, 1, 1
1433976, 2, 0
1433986, 3, 1
1434044, 0, bit 1
1434044, 0, 0
1434049, 1, 0
1434101, 2, 1
1434112, 3, 0
1434169, 0, 1
1434174, 1, 1
1434226, 2, bit 1
1434226, 2, 1
1434237, 3, 1
1434294, 0, 1
1434299, 1, 0
1434351, 2, 0
1434362, 3, 1
1434419, 0, 0
1434424, 1, 1
1434476, 2, 0
1434487, 3, 0
1434544, 0, 0
1434549, 1, 0
1434601, 2, 1
1434612, 3, 0
1434669, 0, 1
1434674, 1, 0
1434726, 2, 1
1434737, 3, 1
1434795, 0, 1
1434805, 1, 1
1434851, 2, 0
1434862, 3, 0
1434920, 0, 0
1434930, 1, 0
1434976, 2, 1
1434987, 3, 1
1435045, 0, 0
1435055, 1, 1
1435101, 2, 0
1435112, 3, 0
1435170, 0, 1
1435180, 1, bit 0
1435180, 1, 1
1435226, 2, 0
1435237, 3, 1
1435295, 0, 1
1435305, 1, 0
1435351, 2, 1
1435362, 3, bit 0
1435362, 3, 0
1435420, 0, 0
1435430, 1, 0
1435476, 2, 0
1435487, 3, 1
1435545, 0, 1
1435555, 1, 1
1435601, 2, 1
1435612, 3, 0
1435670, 0, 0
1435680, 1, 0
1435726, 2, 1
1435737, 3, 1
1435795, 0, bit 0
1435795, 0, 1
1435805, 1, 1
1435851, 2, 0
1435862, 3, 0
1435920, 0, 0
1435930, 1, 0
1435976, 2, bit 0
1435976, 2, 0
1435987, 3, 1
1436045, 0, 0
1436055, 1, 1
1436101, 2, 1
1436112, 3, 1
1436170, 0, 1
1436180, 1, 0
1436226, 2, 1
1436237, 3, 0
1436295, 0, 1
1436305, 1, 1
1436351, 2, 0
1436362, 3, 0
1436420, 0, 0
1436430, 1, 1
1436476, 2, 0
1436487, 3, 1
1436545, 0, 0
1436555, 1, 0
1436601, 2, 1
1436612, 3, 0
1436670, 0, 1
1436680, 1, 1
1436726, 2, 0
1436737, 3, 1
1436795, 0, 1
1436805, 1, 0
1436851, 2, 1
1436862, 3, 0
1436920, 0, 0
1436930, 1, bit 1
1436930, 1, 0
1436976, 2, 1
1436987, 3, 1
1437045, 0, 0
1437056, 1, 1
1437101, 2, 0
1437112, 3, bit 1
1437112, 3, 1
1437170, 0, 1
1437181, 1, 1
1437227, 2, 1
1437237, 3, 0
1437295, 0, 0
1437306, 1, 0
1437352, 2, 0
1437362, 3, 1
1437420, 0, 1
1437431, 1, 1
1437477, 2, 0
1437487, 3, 0
1437545, 0, bit 1
1437545, 0, 0
1437556, 1, 0
1437602, 2, 1
1437612, 3, 1
1437670, 0, 1
1437681, 1, 1
1437727, 2, bit 1
1437727, 2, 1
1437737, 3, 0
1437795, 0, 1
1437806, 1, 0
1437852, 2, 0
1437862, 3, 0
1437920, 0, 0
1437931, 1, 1
1437977, 2, 0
1437987, 3, 1
1438045, 0, 0
1438056, 1, 0
1438102, 2, 1
1438112, 3, 1
1438170, 0, 1
1438181, 1, 0
1438227, 2, 1
1438237, 3, 0
1438295, 0, 1
1438306, 1, 1
1438352, 2, 0
1438362, 3, 1
1438420, 0, 0
1438431, 1, 0
1438477, 2, 1
1438487, 3, 0
1438545, 0, 0
1438556, 1, 1
1438602, 2, 0
1438612, 3, 1
1438670, 0, 1
1438681, 1, bit 1
1438681, 1, 0
1438727, 2, 0
1438737, 3, 0
1438795, 0, 1
1438806, 1, 1
1438852, 2, 1
1438862, 3, bit 0
1438862, 3, 0
1438920, 0, 0
1438931, 1, 1
1438977, 2, 0
1438987, 3, 1
1439045, 0, 1
1439056, 1, 0
1439102, 2, 1
1439112, 3, 0
1439170, 0, 0
1439181, 1, 1
1439227, 2, 1
1439237, 3, 1
1439295, 0, bit 0
1439295, 0, 1
1439306, 1, 0
1439352, 2, 0
1439362, 3, 0
1439420, 0, 0
1439431, 1, 1
1439477, 2, bit 0
1439477, 2, 0
1439488, 3, 1
1439545, 0, 0
1439556, 1, 0
1439602, 2, 1
1439613, 3, 1
1439670, 0, 1
1439681, 1, 1
1439727, 2, 1
1439738, 3, 0
1439795, 0, 1
1439806, 1, 0
1439852, 2, 0
1439863, 3, 0
1439920, 0, 0
1439931, 1, 0
1439977, 2, 0
1439988, 3, 1
1440045, 0, 0
1440056, 1, 1
1440102, 2, 1
1440113, 3, 0
1440171, 0, 1
1440181, 1, 0
1440227, 2, 0
1440238, 3, 1
1440296, 0, 1
1440306, 1, 1
1440352, 2, 1
1440363, 3, 0
1440421, 0, 0
1440431, 1, bit 0
1440431, 1, 1
1440477, 2, 1
1440488, 3, 1
1440546, 0, 0
1440556, 1, 0
1440602, 2, 0
1440613, 3, bit 0
1440613, 3, 0
1440671, 0, 1
1440681, 1, 0
1440727, 2, 1
1440738, 3, 1
1440796, 0, 0
1440806, 1, 1
1440852, 2, 0
1440863, 3, 0
1440921, 0, 1
1440931, 1, 0
1440977, 2, 0
1440988, 3, 1
1441046, 0, bit 1
1441046, 0, 0
1441056, 1, 1
1441102, 2, 1
1441113, 3, 0
1441171, 0, 1
1441181, 1, 0
1441227, 2, bit 1
1441227, 2, 1
1441238, 3, 1
1441296, 0, 1
1441306, 1, 1
1441352, 2, 0
1441363, 3, 1
1441421, 0, 0
1441431, 1, 0
1441477, 2, 0
1441488, 3, 0
1441546, 0, 0
1441556, 1, 1
1441602, 2, 1
1441613, 3, 0
1441671, 0, 1
1441681, 1, 1
1441727, 2, 1
1441738, 3, 1
1441796, 0, 1
1441806, 1, 0
1441852, 2, 0
1441863, 3, 0
1441921, 0, 0
1441931, 1, 1
1441977, 2, 1
1441988, 3, 1
1442046, 0, 0
1442056, 1, 0
1442102, 2, 0
1442113, 3, 0
1442171, 0, 1
1442181, 1, bit 0
1442181, 1, 1
1442227, 2, 0
1442238, 3, 1
1442296, 0, 1
1442306, 1, 0
1442352, 2, 1
1442363, 3, bit 0
1442363, 3, 0
1442421, 0, 0
1442432, 1, 0
1442477, 2, 0
1442488, 3, 1
1442546, 0, 1
1442557, 1, 1
1442603, 2, 1
1442613, 3, 0
1442671, 0, 0
1442682, 1, 0
1442728, 2, 1
1442738, 3, 1
1442796, 0, bit 0
1442796, 0, 1
1442807, 1, 1
1442853, 2, 0
1442863, 3, 0
1442921, 0, 0
1442932, 1, 0
1442978, 2, bit 0
1442978, 2, 0
1442988, 3, 1
1443046, 0, 0
1443057, 1, 1
1443103, 2, 1
1443113, 3, 1
1443171, 0, 1
1443182, 1, 0
1443228, 2, 1
1443238, 3, 0
1443296, 0, 1
1443307, 1, 1
1443353, 2, 0
1443363, 3, 0
1443421, 0, 0
1443432, 1, 1
1443478, 2, 0
1443488, 3, 1
1443546, 0, 0
1443557, 1, 0
1443603, 2, 1
1443613, 3, 0
1443671, 0, 1
1443682, 1, 1
1443728, 2, 0
1443738, 3, 1
1443796, 0, 1
1443807, 1, 0
1443853, 2, 1
1443863, 3, 0
1443921, 0, 0
1443932, 1, bit 1
1443932, 1, 0
1443978, 2, 1
1443988, 3, 1
1444046, 0, 0
1444057, 1, 1
1444103, 2, 0
1444113, 3, bit 1
1444113, 3, 1
1444171, 0, 1
1444182, 1, 1
1444228, 2, 1
1444238, 3, 0
1444296, 0, 0
1444307, 1, 0
1444353, 2, 0
1444363, 3, 1
1444421, 0, 1
1444432, 1, 1
1444478, 2, 0
1444488, 3, 0
1444546, 0, bit 0
1444546, 0, 1
1444557, 1, 0
1444603, 2, 1
1444613, 3, 1
1444671, 0, 0
1444682, 1, 1
1444728, 2, bit 0
1444728, 2, 0
1444738, 3, 0
1444796, 0, 0
1444807, 1, 0
1444853, 2, 1
1444864, 3, 0
1444921, 0, 1
1444932, 1, 1
1444978, 2, 1
1444989, 3, 1
1445046, 0, 1
1445057, 1, 0
1445103, 2, 0
1445114, 3, 1
1445171, 0, 0
1445182, 1, 0
1445228, 2, 0
1445239, 3, 0
1445296, 0, 0
1445307, 1, 1
1445353, 2, 1
1445364, 3, 1
1445421, 0, 1
1445432, 1, 0
1445478, 2, 0
1445489, 3, 0
1445547, 0, 1
1445557, 1, 1
1445603, 2, 1
1445614, 3, 1
1445672, 0, 0
1445682, 1, bit 1
1445682, 1, 0
1445728, 2, 1
1445739, 3, 0
1445797, 0, 0
1445807, 1, 1
1445853, 2, 0
1445864, 3, bit 1
1445864, 3, 1
1445922, 0, 1
1445932, 1, 1
1445978, 2, 1
1445989, 3, 0
1446047, 0, 0
1446057, 1, 0
1446103, 2, 0
1446114, 3, 1
1446172, 0, 1
1446182, 1, 1
1446228, 2, 0
1446239, 3, 0
1446297, 0, bit 0
1446297, 0, 1
1446307, 1, 0
1446353, 2, 1
1446364, 3, 1
1446422, 0, 0
1446432, 1, 1
1446478, 2, bit 0
1446478, 2, 0
1446489, 3, 0
1446547, 0, 0
1446557, 1, 0
1446603, 2, 1
1446614, 3, 0
1446672, 0, 1
1446682, 1, 1
1446728, 2, 1
1446739, 3, 1
1446797, 0, 1
1446807, 1, 0
1446853, 2, 0
1446864, 3, 1
1446922, 0, 0
1446932, 1, 0
1446978, 2, 0
1446989, 3, 0
1447047, 0, 0
1447057, 1, 1
1447103, 2, 1
1447114, 3, 1
1447172, 0, 1
1447182, 1, 0
1447228, 2, 0
1447239, 3, 0
1447297, 0, 1
1447307, 1, 1
1447353, 2, 1
1447364, 3, 1
1447422, 0, 0
1447432, 1, bit 0
1447432, 1, 1
1447478, 2, 1
1447489, 3, 0
1447547, 0, 0
1447557, 1, 0
1447603, 2, 0
1447614, 3, bit 0
1447614, 3, 0
1447672, 0, 1
1447682, 1, 0
1447728, 2, 1
1447739, 3, 1
1447797, 0, 0
1447808, 1, 1
1447853, 2, 0
1447864, 3, 0
1447922, 0, 1
1447933, 1, 0
1447979, 2, 0
1447989, 3, 1
1448047, 0, bit 1
1448047, 0, 0
1448058, 1, 1
1448104, 2, 1
1448114, 3, 0
1448172, 0, 1
1448183, 1, 0
1448229, 2, bit 0
1448229, 2, 0
1448239, 3, 1
1448297, 0, 1
1448308, 1, 1
1448354, 2, 1
1448364, 3, 1
1448422, 0, 0
1448433, 1, 0
1448479, 2, 1
1448489, 3, 0
1448547, 0, 0
1448558, 1, 1
1448604, 2, 0
1448614, 3, 0
1448672, 0, 1
1448683, 1, 1
1448729, 2, 0
1448739, 3, 1
1448797, 0, 1
1448808, 1, 0
1448854, 2, 1
1448864, 3, 0
1448922, 0, 0
1448933, 1, 1
1448979, 2, 0
1448989, 3, 1
1449047, 0, 0
1449058, 1, 0
1449104, 2, 1
1449114, 3, 0
1449172, 0, 1
1449183, 1, bit 0
1449183, 1, 1
1449229, 2, 1
1449239, 3, 1
1449297, 0, 1
1449308, 1, 0
1449354, 2, 0
1449364, 3, bit 0
1449364, 3, 0
1449422, 0, 0
1449433, 1, 0
1449479, 2, 1
1449489, 3, 1
1449547, 0, 1
1449558, 1, 1
1449604, 2, 0
1449614, 3, 0
1449672, 0, 0
1449683, 1, 0
1449729, 2, 0
1449739, 3, 1
1449797, 0, bit 1
1449797, 0, 0
1449808, 1, 1
1449854, 2, 1
1449864, 3, 0
1449922, 0, 1
1449933, 1, 0
1449979, 2, bit 0
1449979, 2, 0
1449989, 3, 1
1450047, 0, 1
1450058, 1, 1
1450104, 2, 1
1450114, 3, 1
1450172, 0, 0
1450183, 1, 0
1450229, 2, 1
1450240, 3, 0
1450297, 0, 0
1450308, 1, 1
1450354, 2, 0
1450365, 3, 0
1450422, 0, 1
1450433, 1, 1
1450479, 2, 0
1450490, 3, 1
1450547, 0, 1
1450558, 1, 0
1450604, 2, 1
1450615, 3, 0
1450672, 0, 0
1450683, 1, 1
1450729, 2, 0
1450740, 3, 1
1450797, 0, 0
1450808, 1, 0
1450854, 2, 1
1450865, 3, 0
1450923, 0, 1
1450933, 1, bit 0
1450933, 1, 1
1450979, 2, 1
1450990, 3, 1
1451048, 0, 1
1451058, 1, 0
1451104, 2, 0
1451115, 3, bit 1
1451115, 3, 1
1451173, 0, 0
1451183, 1, 0
1451229, 2, 1
1451240, 3, 0
1451298, 0, 1
1451308, 1, 1
1451354, 2, 0
1451365, 3, 1
1451423, 0, 0
1451433, 1, 0
1451479, 2, 0
1451490, 3, 0
1451548, 0, bit 0
1451548, 0, 1
1451558, 1, 1
1451604, 2, 1
1451615, 3, 1
1451673, 0, 0
1451683, 1, 0
1451729, 2, bit 1
1451729, 2, 1
1451740, 3, 0
1451798, 0, 0
1451808, 1, 1
1451854, 2, 0
1451865, 3, 0
1451923, 0, 1
1451933, 1, 0
1451979, 2, 0
1451990, 3, 1
1452048, 0, 1
1452058, 1, 1
1452104, 2, 1
1452115, 3, 1
1452173, 0, 0
1452183, 1, 1
1452229, 2, 1
1452240, 3, 0
1452298, 0, 0
1452308, 1, 0
1452354, 2, 0
1452365, 3, 1
1452423, 0, 1
1452433, 1, 1
1452479, 2, 1
1452490, 3, 0
1452548, 0, 1
1452558, 1, 0
1452604, 2, 0
1452615, 3, 1
1452673, 0, 0
1452683, 1, bit 1
1452683, 1, 0
1452729, 2, 0
1452740, 3, 0
1452798, 0, 0
1452808, 1, 1
1452854, 2, 1
1452865, 3, bit 0
1452865, 3, 0
1452923, 0, 1
1452933, 1, 1
1452979, 2, 0
1452990, 3, 1
1453048, 0, 0
1453058, 1, 0
1453104, 2, 1
1453115, 3, 0
1453173, 0, 1
1453184, 1, 1
1453229, 2, 1
1453240, 3, 1
1453298, 0, bit 0
1453298, 0, 1
1453309, 1, 0
1453355, 2, 0
1453365, 3, 0
1453423, 0, 0
1453434, 1, 1
1453480, 2, bit 0
1453480, 2, 0
1453490, 3, 1
1453548, 0, 0
1453559, 1, 0
1453605, 2, 1
1453615, 3, 1
1453673, 0, 1
1453684, 1, 1
1453730, 2, 1
1453740, 3, 0
1453798, 0, 1
1453809, 1, 0
1453855, 2, 0
1453865, 3, 0
1453923, 0, 0
1453934, 1, 0
1453980, 2, 0
1453990, 3, 1
1454048, 0, 0
1454059, 1, 1
1454105, 2, 1
1454115, 3, 0
1454173, 0, 1
1454184, 1, 0
1454230, 2, 0
1454240, 3, 1
1454298, 0, 1
1454309, 1, 1
1454355, 2, 1
1454365, 3, 0
1454423, 0, 0
1454434, 1, bit 1
1454434, 1, 0
1454480, 2, 1
1454490, 3, 1
1454548, 0, 0
1454559, 1, 1
1454605, 2, 0
1454615, 3, bit 0
1454615, 3, 0
1454673, 0, 1
1454684, 1, 1
1454730, 2, 1
1454740, 3, 1
1454798, 0, 0
1454809, 1, 0
1454855, 2, 0
1454865, 3, 0
1454923, 0, 1
1454934, 1, 1
1454980, 2, 0
1454990, 3, 1
1455048, 0, bit 1
1455048, 0, 0
1455059, 1, 0
1455105, 2, 1
1455115, 3, 0
1455173, 0, 1
1455184, 1, 1
1455230, 2, bit 1
1455230, 2, 1
1455240, 3, 1
1455298, 0, 1
1455309, 1, 0
1455355, 2, 0
1455365, 3, 1
1455423, 0, 0
1455434, 1, 1
1455480, 2, 0
1455490, 3, 0
1455548, 0, 0
1455559, 1, 0
1455605, 2, 1
1455616, 3, 0
1455673, 0, 1
1455684, 1, 0
1455730, 2, 1
1455741, 3, 1
1455798, 0, 1
1455809, 1, 1
1455855, 2, 0
1455866, 3, 0
1455923, 0, 0
1455934, 1, 0
1455980, 2, 1
1455991, 3, 1
1456048, 0, 0
1456059, 1, 1
1456105, 2, 0
1456116, 3, 0
1456173, 0, 1
1456184, 1, bit 1
1456184, 1, 0
1456230, 2, 0
1456241, 3, 1
1456299, 0, 1
1456309, 1, 1
1456355, 2, 1
1456366, 3, bit 0
1456366, 3, 0
1456424, 0, 0
1456434, 1, 1
1456480, 2, 0
1456491, 3, 1
1456549, 0, 1
1456559, 1, 0
1456605, 2, 1
1456616, 3, 0
1456674, 0, 0
1456684, 1, 1
1456730, 2, 1
1456741, 3, 1
1456799, 0, bit 0
1456799, 0, 1
1456809, 1, 0
1456855, 2, 0
1456866, 3, 0
1456924, 0, 0
1456934, 1, 1
1456980, 2, bit 1
1456980, 2, 1
1456991, 3, 1
1457049, 0, 0
1457059, 1, 0
1457105, 2, 0
1457116, 3, 1
1457174, 0, 1
1457184, 1, 1
1457230, 2, 0
1457241, 3, 0
1457299, 0, 1
1457309, 1, 0
1457355, 2, 1
1457366, 3, 0
1457424, 0, 0
1457434, 1, 0
1457480, 2, 1
1457491, 3, 1
1457549, 0, 0
1457559, 1, 1
1457605, 2, 0
1457616, 3, 0
1457674, 0, 1
1457684, 1, 0
1457730, 2, 1
1457741, 3, 1
1457799, 0, 1
1457809, 1, 1
1457855, 2, 0
1457866, 3, 0
1457924, 0, 0
1457934, 1, bit 1
1457934, 1, 0
1457980, 2, 0
1457991, 3, 1
1458049, 0, 0
1458059, 1, 1
1458105, 2, 1
1458116, 3, bit 0
1458116, 3, 0
1458174, 0, 1
1458184, 1, 1
1458230, 2, 0
1458241, 3, 1
1458299, 0, 0
1458309, 1, 0
1458355, 2, 1
1458366, 3, 0
1458424, 0, 1
1458434, 1, 1
1458480, 2, 1
1458491, 3, 1
1458549, 0, bit 1
1458549, 0, 0
1458560, 1, 0
1458605, 2, 0
1458616, 3, 0
1458674, 0, 1
1458685, 1, 1
1458731, 2, bit 0
1458731, 2, 0
1458741, 3, 1
1458799, 0, 1
1458810, 1, 0
1458856, 2, 1
1458866, 3, 1
1458924, 0, 0
1458935, 1, 1
1458981, 2, 1
1458991, 3, 0
1459049, 0, 0
1459060, 1, 0
1459106, 2, 0
1459116, 3, 0
1459174, 0, 1
1459185, 1, 0
1459231, 2, 0
1459241, 3, 1
1459299, 0, 1
1459310, 1, 1
1459356, 2, 1
1459366, 3, 0
1459424, 0, 0
1459435, 1, 0
1459481, 2, 0
1459491, 3, 1
1459549, 0, 0
1459560, 1, 1
1459606, 2, 1
1459616, 3, 0
1459674, 0, 1
1459685, 1, bit 0
1459685, 1, 1
1459731, 2, 1
1459741, 3, 1
1459799, 0, 1
1459810, 1, 0
1459856, 2, 0
1459866, 3, bit 1
1459866, 3, 1
1459924, 0, 0
1459935, 1, 0
1459981, 2, 1
1459991, 3, 0
1460049, 0, 1
1460060, 1, 1
1460106, 2, 0
1460116, 3, 1
1460174, 0, 0
1460185, 1, 0
1460231, 2, 0
1460241, 3, 0
1460299, 0, bit 0
1460299, 0, 1
1460310, 1, 1
1460356, 2, 1
1460366, 3, 1
1460424, 0, 0
1460435, 1, 0
1460481, 2, bit 0
1460481, 2, 0
1460491, 3, 0
1460549, 0, 0
1460560, 1, 1
1460606, 2, 1
1460616, 3, 0
1460674, 0, 1
1460685, 1, 0
1460731, 2, 1
1460741, 3, 1
1460799, 0, 1
1460810, 1, 1
1460856, 2, 0
1460866, 3, 1
1460924, 0, 0
1460935, 1, 1
1460981, 2, 0
1460992, 3, 0
1461049, 0, 0
1461060, 1, 0
1461106, 2, 1
1461117, 3, 1
1461174, 0, 1
1461185, 1, 1
1461231, 2, 0
1461242, 3, 0
1461299, 0, 1
1461310, 1, 0
1461356, 2, 1
1461367, 3, 1
1461424, 0, 0
1461435, 1, bit 1
1461435, 1, 0
1461481, 2, 1
1461492, 3, 0
1461549, 0, 0
1461560, 1, 1
1461606, 2, 0
1461617, 3, bit 0
1461617, 3, 0
1461675, 0, 1
1461685, 1, 1
1461731, 2, 1
1461742, 3, 1
1461800, 0, 0
1461810, 1, 0
1461856, 2, 0
1461867, 3, 0
1461925, 0, 1
1461935, 1, 1
1461981, 2, 0
1461992, 3, 1
1462050, 0, bit 0
1462050, 0, 1
1462060, 1, 0
1462106, 2, 1
1462117, 3, 0
1462175, 0, 0
1462185, 1, 1
1462231, 2, bit 1
1462231, 2, 1
1462242, 3, 1
1462300, 0, 0
1462310, 1, 0
1462356, 2, 0
1462367, 3, 1
1462425, 0, 1
1462435, 1, 1
1462481, 2, 0
1462492, 3, 0
1462550, 0, 1
1462560, 1, 0
1462606, 2, 1
1462617, 3, 0
1462675, 0, 0
1462685, 1, 0
1462731, 2, 1
1462742, 3, 1
1462800, 0, 0
1462810, 1, 1
1462856, 2, 0
1462867, 3, 0
1462925, 0, 1
1462935, 1, 0
1462981, 2, 1
1462992, 3, 1
1463050, 0, 1
1463060, 1, 1
1463106, 2, 0
1463117, 3, 0
1463175, 0, 0
1463185, 1, bit 1
1463185, 1, 0
1463231, 2, 0
1463242, 3, 1
1463300, 0, 0
1463310, 1, 1
1463356, 2, 1
1463367, 3, bit 0
1463367, 3, 0
1463425, 0, 1
1463435, 1, 1
1463481, 2, 0
1463492, 3, 1
1463550, 0, 0
1463560, 1, 0
1463606, 2, 1
1463617, 3, 0
1463675, 0, 1
1463685, 1, 1
1463731, 2, 1
1463742, 3, 1
1463800, 0, bit 1
1463800, 0, 0
1463810, 1, 0
1463856, 2, 0
1463867, 3, 0
1463925, 0, 1
1463936, 1, 1
1463981, 2, bit 0
1463981, 2, 0
1463992, 3, 1
1464050, 0, 1
1464061, 1, 0
1464107, 2, 1
1464117, 3, 1
1464175, 0, 0
1464186, 1, 1
1464232, 2, 1
1464242, 3, 0
1464300, 0, 0
1464311, 1, 0
1464357, 2, 0
1464367, 3, 0
1464425, 0, 1
1464436, 1, 0
1464482, 2, 0
1464492, 3, 1
1464550, 0, 1
1464561, 1, 1
1464607, 2, 1
1464617, 3, 0
1464675, 0, 0
1464686, 1, 0
1464732, 2, 0
1464742, 3, 1
1464800, 0, 0
1464811, 1, 1
1464857, 2, 1
1464867, 3, 0
1464925, 0, 1
1464936, 1, bit 0
1464936, 1, 1
1464982, 2, 1
1464992, 3, 1
1465050, 0, 1
1465061, 1, 0
1465107, 2, 0
1465117, 3, bit 1
1465117, 3, 1
1465175, 0, 0
1465186, 1, 0
1465232, 2, 1
1465242, 3, 0
1465300, 0, 1
1465311, 1, 1
1465357, 2, 0
1465367, 3, 1
1465425, 0, 0
1465436, 1, 0
1465482, 2, 0
1465492, 3, 0
1465550, 0, bit 0
1465550, 0, 1
1465561, 1, 1
1465607, 2, 1
1465617, 3, 1
1465675, 0, 0
1465686, 1, 0
1465732, 2, bit 1
1465732, 2, 1
1465742, 3, 0
1465800, 0, 0
1465811, 1, 1
1465857, 2, 0
1465867, 3, 0
1465925, 0, 1
1465936, 1, 0
1465982, 2, 0
1465992, 3, 1
1466050, 0, 1
1466061, 1, 1
1466107, 2, 1
1466117, 3, 1
1466175, 0, 0
1466186, 1, 1
1466232, 2, 1
1466242, 3, 0
1466300, 0, 0
1466311, 1, 0
1466357, 2, 0
1466368, 3, 1
1466425, 0, 1
1466436, 1, 1
1466482, 2, 1
1466493, 3, 0
1466550, 0, 1
1466561, 1, 0
1466607, 2, 0
1466618, 3, 1
1466675, 0, 0
1466686, 1, bit 1
1466686, 1, 0
1466732, 2, 0
1466743, 3, 0
1466800, 0, 0
1466811, 1, 1
1466857, 2, 1
1466868, 3, bit 1
1466868, 3, 1
1466925, 0, 1
1466936, 1, 1
1466982, 2, 0
1466993, 3, 0
1467051, 0, 0
1467061, 1, 0
1467107, 2, 1
1467118, 3, 1
1467176, 0, 1
1467186, 1, 1
1467232, 2, 1
1467243, 3, 0
1467311, 1, 0
1467357, 2, 0
1467368, 3, 1
1467436, 1, 1
1467482, 2, bit 1
1467482, 2, 1
1467493, 3, 0
1467561, 1, 0
1467607, 2, 0
1467618, 3, 0
1467686, 1, 1
1467732, 2, 0
1467743, 3, 1
1467811, 1, 0
1467857, 2, 1
1467868, 3, 1
1467936, 1, 0
1467982, 2, 1
1467993, 3, 0
1468061, 1, 1
1468107, 2, 0
1468118, 3, 1
1468186, 1, 0
1468232, 2, 1
1468243, 3, 0
1468311, 1, 1
1468357, 2, 0
1468368, 3, 1
1468436, 1, bit 0
1468436, 1, 1
1468482, 2, 0
1468493, 3, 0
1468561, 1, 0
1468607, 2, 1
1468618, 3, bit 0
1468618, 3, 0
1468686, 1, 0
1468732, 2, 0
1468743, 3, 1
1468811, 1, 1
1468857, 2, 1
1468868, 3, 0
1468936, 1, 0
1468982, 2, 1
1468993, 3, 1
1469061, 1, 1
1469107, 2, 0
1469118, 3, 0
1469186, 1, 0
1469232, 2, bit 0
1469232, 2, 0
1469243, 3, 1
1469312, 1, 1
1469357, 2, 1
1469368, 3, 1
1469437, 1, 0
1469483, 2, 1
1469493, 3, 0
1469562, 1, 1
1469608, 2, 0
1469618, 3, 0
1469687, 1, 1
1469733, 2, 0
1469743, 3, 1
1469812, 1, 0
1469858, 2, 1
1469868, 3, 0
1469937, 1, 1
1469983, 2, 0
1469993, 3, 1
1470062, 1, 0
1470108, 2, 1
1470118, 3, 0
1470187, 1, bit 0
1470187, 1, 1
1470233, 2, 1
1470243, 3, 1
1470312, 1, 0
1470358, 2, 0
1470368, 3, bit 0
1470368, 3, 0
1470437, 1, 0
1470483, 2, 1
1470493, 3, 1
1470562, 1, 1
1470608, 2, 0
1470618, 3, 0
1470687, 1, 0
1470733, 2, 0
1470743, 3, 1
1470812, 1, 1
1470858, 2, 1
1470868, 3, 0
1470937, 1, 0
1470983, 2, bit 0
1470983, 2, 0
1470993, 3, 1
1471062, 1, 1
1471108, 2, 1
1471118, 3, 1
1471187, 1, 0
1471233, 2, 1
1471243, 3, 0
1471312, 1, 1
1471358, 2, 0
1471368, 3, 0
1471437, 1, 1
1471483, 2, 0
1471493, 3, 1
1471562, 1, 0
1471608, 2, 1
1471618, 3, 0
1471687, 1, 1
1471733, 2, 0
1471744, 3, 1
1471812, 1, 0
1471858, 2, 1
1471869, 3, 0
1471937, 1, bit 0
1471937, 1, 1
1471983, 2, 1
1471994, 3, 1
1472062, 1, 0
1472108, 2, 0
1472119, 3, bit 1
1472119, 3, 1
1472187, 1, 0
1472233, 2, 1
1472244, 3, 0
1472312, 1, 1
1472358, 2, 0
1472369, 3, 1
1472437, 1, 0
1472483, 2, 0
1472494, 3, 0
1472562, 1, 1
1472608, 2, 1
1472619, 3, 1
1472687, 1, 0
1472733, 2, bit 0
1472733, 2, 0
1472744, 3, 0
1472812, 1, 1
1472858, 2, 1
1472869, 3, 0
1472937, 1, 0
1472983, 2, 1
1472994, 3, 1
1473062, 1, 1
1473108, 2, 0
1473119, 3, 1
1473187, 1, 1
1473233, 2, 0
1473244, 3, 0
1473312, 1, 0
1473358, 2, 1
1473369, 3, 1
1473437, 1, 1
1473483, 2, 0
1473494, 3, 0
1473562, 1, 0
1473608, 2, 1
1473619, 3, 1
1473687, 1, bit 0
1473687, 1, 1
1473733, 2, 1
1473744, 3, 0
1473812, 1, 0
1473858, 2, 0
1473869, 3, bit 0
1473869, 3, 0
1473937, 1, 0
1473983, 2, 1
1473994, 3, 1
1474062, 1, 1
1474108, 2, 0
1474119, 3, 0
1474187, 1, 0
1474233, 2, 0
1474244, 3, 1
1474312, 1, 1
1474358, 2, 1
1474369, 3, 0
1474437, 1, 0
1474483, 2, bit 0
1474483, 2, 0
1474494, 3, 1
1474562, 1, 1
1474608, 2, 1
1474619, 3, 1
1474688, 1, 0
1474733, 2, 1
1474744, 3, 0
1474813, 1, 1
1474859, 2, 0
1474869, 3, 0
1474938, 1, 1
1474984, 2, 0
1474994, 3, 1
1475063, 1, 0
1475109, 2, 1
1475119, 3, 0
1475188, 1, 1
1475234, 2, 0
1475244, 3, 1
1475313, 1, 0
1475359, 2, 1
1475369, 3, 0
1475438, 1, bit 1
1475438, 1, 0
1475484, 2, 1
1475494, 3, 1
1475563, 1, 1
1475609, 2, 0
1475619, 3, bit 1
1475619, 3, 1
1475688, 1, 1
1475734, 2, 1
1475744, 3, 0
1475813, 1, 0
1475859, 2, 0
1475869, 3, 1
1475938, 1, 1
1475984, 2, 0
1475994, 3, 0
1476063, 1, 0
1476109, 2, 1
1476119, 3, 1
1476188, 1, 1
1476234, 2, bit 1
1476234, 2, 1
1476244, 3, 0
1476313, 1, 0
1476359, 2, 0
1476369, 3, 0
1476438, 1, 1
1476484, 2, 0
1476494, 3, 1
1476563, 1, 0
1476609, 2, 1
1476619, 3, 1
1476688, 1, 0
1476734, 2, 1
1476744, 3, 0
1476813, 1, 1
1476859, 2, 0
1476869, 3, 1
1476938, 1, 0
1476984, 2, 1
1476994, 3, 0
1477063, 1, 1
1477109, 2, 0
1477120, 3, 1
1477188, 1, bit 0
1477188, 1, 1
1477234, 2, 0
1477245, 3, 0
1477313, 1, 0
1477359, 2, 1
1477370, 3, bit 0
1477370, 3, 0
1477438, 1, 0
1477484, 2, 0
1477495, 3, 1
1477563, 1, 1
1477609, 2, 1
1477620, 3, 0
1477688, 1, 0
1477734, 2, 1
1477745, 3, 1
1477813, 1, 1
1477859, 2, 0
1477870, 3, 0
1477938, 1, 0
1477984, 2, bit 1
1477984, 2, 1
1477995, 3, 1
1478063, 1, 1
1478109, 2, 0
1478120, 3, 1
1478188, 1, 0
1478234, 2, 0
1478245, 3, 0
1478313, 1, 1
1478359, 2, 1
1478370, 3, 0
1478438, 1, 1
1478484, 2, 1
1478495, 3, 1
1478563, 1, 0
1478609, 2, 0
1478620, 3, 0
1478688, 1, 1
1478734, 2, 1
1478745, 3, 1
1478813, 1, 0
1478859, 2, 0
1478870, 3, 0
1478938, 1, bit 0
1478938, 1, 1
1478984, 2, 0
1478995, 3, 1
1479063, 1, 0
1479109, 2, 1
1479120, 3, bit 0
1479120, 3, 0
1479188, 1, 0
1479234, 2, 0
1479245, 3, 1
1479313, 1, 1
1479359, 2, 1
1479370, 3, 0
1479438, 1, 0
1479484, 2, 1
1479495, 3, 1
1479563, 1, 1
1479609, 2, 0
1479620, 3, 0
1479688, 1, 0
1479734, 2, bit 1
1479734, 2, 1
1479745, 3, 1
1479813, 1, 1
1479859, 2, 0
1479870, 3, 1
1479938, 1, 0
1479984, 2, 0
1479995, 3, 0
1480064, 1, 1
1480109, 2, 1
1480120, 3, 0
1480189, 1, 1
1480235, 2, 1
1480245, 3, 1
1480314, 1, 0
1480360, 2, 0
1480370, 3, 0
1480439, 1, 1
1480485, 2, 1
1480495, 3, 1
1480564, 1, 0
1480610, 2, 0
1480620, 3, 0
1480689, 1, bit 0
1480689, 1, 1
1480735, 2, 0
1480745, 3, 1
1480814, 1, 0
1480860, 2, 1
1480870, 3, bit 0
1480870, 3, 0
1480939, 1, 0
1480985, 2, 0
1480995, 3, 1
1481064, 1, 1
1481110, 2, 1
1481120, 3, 0
1481189, 1, 0
1481235, 2, 1
1481245, 3, 1
1481314, 1, 1
1481360, 2, 0
1481370, 3, 0
1481439, 1, 0
1481485, 2, bit 0
1481485, 2, 0
1481495, 3, 1
1481564, 1, 1
1481610, 2, 1
1481620, 3, 1
1481689, 1, 0
1481735, 2, 1
1481745, 3, 0
1481814, 1, 1
1481860, 2, 0
1481870, 3, 0
1481939, 1, 1
1481985, 2, 0
1481995, 3, 1
1482064, 1, 0
1482110, 2, 1
1482120, 3, 0
1482189, 1, 1
1482235, 2, 0
1482245, 3, 1
1482314, 1, 0
1482360, 2, 1
1482370, 3, 0
1482439, 1, bit 0
1482439, 1, 1
1482485, 2, 1
1482496, 3, 1
1482564, 1, 0
1482610, 2, 0
1482621, 3, bit 0
1482621, 3, 0
1482689, 1, 0
1482735, 2, 1
1482746, 3, 1
1482814, 1, 1
1482860, 2, 0
1482871, 3, 0
1482939, 1, 0
1482985, 2, 0
1482996, 3, 1
1483064, 1, 1
1483110, 2, 1
1483121, 3, 0
1483189, 1, 0
1483235, 2, bit 0
1483235, 2, 0
1483246, 3, 1
1483314, 1, 1
1483360, 2, 1
1483371, 3, 1
1483439, 1, 0
1483485, 2, 1
1483496, 3, 0
1483564, 1, 1
1483610, 2, 0
1483621, 3, 0
1483689, 1, 1
1483735, 2, 0
1483746, 3, 1
1483814, 1, 0
1483860, 2, 1
1483871, 3, 0
1483939, 1, 1
1483985, 2, 0
1483996, 3, 1
1484064, 1, 0
1484110, 2, 1
1484121, 3, 0
1484189, 1, bit 1
1484189, 1, 0
1484235, 2, 1
1484246, 3, 1
1484314, 1, 1
1484360, 2, 0
1484371, 3, bit 0
1484371, 3, 0
1484439, 1, 1
1484485, 2, 1
1484496, 3, 1
1484564, 1, 0
1484610, 2, 0
1484621, 3, 0
1484689, 1, 1
1484735, 2, 0
1484746, 3, 1
1484814, 1, 0
1484860, 2, 1
1484871, 3, 0
1484939, 1, 1
1484985, 2, bit 1
1484985, 2, 1
1484996, 3, 1
1485064, 1, 0
1485110, 2, 0
1485121, 3, 1
1485189, 1, 1
1485235, 2, 0
1485246, 3, 0
1485314, 1, 0
1485360, 2, 1
1485371, 3, 0
1485440, 1, 0
1485485, 2, 1
1485496, 3, 1
1485565, 1, 1
1485611, 2, 0
1485621, 3, 0
1485690, 1, 0
1485736, 2, 1
1485746, 3, 1
1485815, 1, 1
1485861, 2, 0
1485871, 3, 0
1485940, 1, bit 0
1485940, 1, 1
1485986, 2, 0
1485996, 3, 1
1486065, 1, 0
1486111, 2, 1
1486121, 3, bit 0
1486121, 3, 0
1486190, 1, 0
1486236, 2, 0
1486246, 3, 1
1486315, 1, 1
1486361, 2, 1
1486371, 3, 0
1486440, 1, 0
1486486, 2, 1
1486496, 3, 1
1486565, 1, 1
1486611, 2, 0
1486621, 3, 0
1486690, 1, 0
1486736, 2, bit 1
1486736, 2, 1
1486746, 3, 1
1486815, 1, 1
1486861, 2, 0
1486871, 3, 1
1486940, 1, 0
1486986, 2, 0
1486996, 3, 0
1487065, 1, 1
1487111, 2, 1
1487121, 3, 0
1487190, 1, 1
1487236, 2, 1
1487246, 3, 1
1487315, 1, 0
1487361, 2, 0
1487371, 3, 0
1487440, 1, 1
1487486, 2, 1
1487496, 3, 1
1487565, 1, 0
1487611, 2, 0
1487621, 3, 0
1487690, 1, bit 1
1487690, 1, 0
1487736, 2, 0
1487746, 3, 1
1487815, 1, 1
1487861, 2, 1
1487872, 3, bit 0
1487875, 3, 0
1487940, 1, 1
1487986, 2, 0
1487997, 3, 1
1488065, 1, 0
1488111, 2, 1
1488122, 3, 0
1488190, 1, 1
1488236, 2, 1
1488247, 3, 1
1488315, 1, 0
1488361, 2, 0
1488372, 3, 0
1488440, 1, 1
1488486, 2, bit 1
1488486, 2, 1
1488497, 3, 1
1488565, 1, 0
1488611, 2, 0
1488622, 3, 1
1488690, 1, 1
1488736, 2, 0
1488747, 3, 0
1488815, 1, 0
1488861, 2, 1
1488872, 3, 0
1488940, 1, 0
1488986, 2, 1
1488997, 3, 1
1489065, 1, 1
1489111, 2, 0
1489122, 3, 0
1489190, 1, 0
1489236, 2, 1
1489247, 3, 1
1489315, 1, 1
1489361, 2, 0
1489372, 3, 0
1489440, 1, bit 0
1489440, 1, 1
1489486, 2, 0
1489497, 3, 1
1489565, 1, 0
1489611, 2, 1
1489622, 3, bit 1
1489622, 3, 1
1489690, 1, 0
1489736, 2, 0
1489747, 3, 0
1489815, 1, 1
1489861, 2, 1
1489872, 3, 1
1489940, 1, 0
1489986, 2, 1
1489997, 3, 0
1490065, 1, 1
1490111, 2, 0
1490122, 3, 1
1490190, 1, 0
1490236, 2, bit 1
1490236, 2, 1
1490247, 3, 0
1490315, 1, 1
1490361, 2, 0
1490372, 3, 0
1490440, 1, 0
1490486, 2, 0
1490497, 3, 1
1490565, 1, 1
1490611, 2, 1
1490622, 3, 1
1490690, 1, 1
1490736, 2, 1
1490747, 3, 0
1490816, 1, 0
1490861, 2, 0
1490872, 3, 1
1490941, 1, 1
1490987, 2, 1
1490997, 3, 0
1491066, 1, 0
1491112, 2, 0
1491122, 3, 1
1491191, 1, bit 1
1491191, 1, 0
1491237, 2, 0
1491247, 3, 0
1491316, 1, 1
1491362, 2, 1
1491372, 3, bit 0
1491372, 3, 0
1491441, 1, 1
1491487, 2, 0
1491497, 3, 1
1491566, 1, 0
1491612, 2, 1
1491622, 3, 0
1491691, 1, 1
1491737, 2, 1
1491747, 3, 1
1491816, 1, 0
1491862, 2, 0
1491872, 3, 0
1491941, 1, 1
1491987, 2, bit 0
1491987, 2, 0
1491997, 3, 1
1492066, 1, 0
1492112, 2, 1
1492122, 3, 1
1492191, 1, 1
1492237, 2, 1
1492247, 3, 0
1492316, 1, 0
1492362, 2, 0
1492372, 3, 0
1492441, 1, 0
1492487, 2, 0
1492497, 3, 1
1492566, 1, 1
1492612, 2, 1
1492622, 3, 0
1492691, 1, 0
1492737, 2, 0
1492747, 3, 1
1492816, 1, 1
1492862, 2, 1
1492872, 3, 0
1492941, 1, bit 0
1492941, 1, 1
1492987, 2, 1
1492997, 3, 1
1493066, 1, 0
1493112, 2, 0
1493122, 3, bit 1
1493122, 3, 1
1493191, 1, 0
1493237, 2, 1
1493248, 3, 0
1493316, 1, 1
1493362, 2, 0
1493373, 3, 1
1493441, 1, 0
1493487, 2, 0
1493498, 3, 0
1493566, 1, 1
1493612, 2, 1
1493623, 3, 1
1493691, 1, 0
1493737, 2, bit 0
1493737, 2, 0
1493748, 3, 0
1493816, 1, 1
1493862, 2, 1
1493873, 3, 0
1493941, 1, 0
1493987, 2, 1
1493998, 3, 1
1494066, 1, 1
1494112, 2, 0
1494123, 3, 1
1494191, 1, 1
1494237, 2, 0
1494248, 3, 0
1494316, 1, 0
1494362, 2, 1
1494373, 3, 1
1494441, 1, 1
1494487, 2, 0
1494498, 3, 0
1494566, 1, 0
1494612, 2, 1
1494623, 3, 1
1494691, 1, bit 1
1494691, 1, 0
1494737, 2, 1
1494748, 3, 0
1494816, 1, 1
1494862, 2, 0
1494873, 3, bit 0
1494873, 3, 0
1494941, 1, 1
1494987, 2, 1
1494998, 3, 1
1495066, 1, 0
1495112, 2, 0
1495123, 3, 0
1495191, 1, 1
1495237, 2, 0
1495248, 3, 1
1495316, 1, 0
1495362, 2, 1
1495373, 3, 0
1495441, 1, 1
1495487, 2, bit 1
1495487, 2, 1
1495498, 3, 1
1495566, 1, 0
1495612, 2, 0
1495623, 3, 1
1495691, 1, 1
1495737, 2, 0
1495748, 3, 0
1495816, 1, 0
1495862, 2, 1
1495873, 3, 0
1495941, 1, 0
1495987, 2, 1
1495998, 3, 1
1496066, 1, 1
1496112, 2, 0
1496123, 3, 0
1496192, 1, 0
1496237, 2, 1
1496248, 3, 1
1496317, 1, 1
1496363, 2, 0
1496373, 3, 0
1496488, 2, 0
1496498, 3, 1
1496613, 2, 1
1496623, 3, bit 1
1496623, 3, 1
1496738, 2, 0
1496748, 3, 0
1496863, 2, 1
1496873, 3, 1
1496988, 2, 1
1496998, 3, 0
1497113, 2, 0
1497123, 3, 1
1497238, 2, bit 1
1497238, 2, 1
1497248, 3, 0
1497363, 2, 0
1497373, 3, 0
1497488, 2, 0
1497498, 3, 1
1497613, 2, 1
1497623, 3, 1
1497738, 2, 1
1497748, 3, 0
1497863, 2, 0
1497873, 3, 1
1497988, 2, 1
1497998, 3, 0
1498113, 2, 0
1498123, 3, 1
1498238, 2, 0
1498248, 3, 0
1498363, 2, 1
1498373, 3, bit 0
1498373, 3, 0
1498488, 2, 0
1498498, 3, 1
1498613, 2, 1
1498624, 3, 0
1498738, 2, 1
1498749, 3, 1
1498863, 2, 0
1498874, 3, 0
1498988, 2, bit 0
1498988, 2, 0
1498999, 3, 1
1499113, 2, 1
1499124, 3, 1
1499238, 2, 1
1499249, 3, 0
1499363, 2, 0
1499374, 3, 0
1499488, 2, 0
1499499, 3, 1
1499613, 2, 1
1499624, 3, 0
1499738, 2, 0
1499749, 3, 1
1499863, 2, 1
1499874, 3, 0
1499988, 2, 1
1499999, 3, 1
1500113, 2, 0
1500124, 3, bit 0
1500124, 3, 0
1500238, 2, 1
1500249, 3, 1
1500363, 2, 0
1500374, 3, 0
1500488, 2, 0
1500499, 3, 1
1500613, 2, 1
1500624, 3, 0
1500738, 2, bit 1
1500738, 2, 1
1500749, 3, 1
1500863, 2, 0
1500874, 3, 1
1500988, 2, 0
1500999, 3, 0
1501113, 2, 1
1501124, 3, 0
1501238, 2, 1
1501249, 3, 1
1501363, 2, 0
1501374, 3, 0
1501488, 2, 1
1501499, 3, 1
1501613, 2, 0
1501624, 3, 0
1501739, 2, 0
1501749, 3, 1
1501864, 2, 1
1501874, 3, bit 0
1501874, 3, 0
1501989, 2, 0
1501999, 3, 1
1502114, 2, 1
1502124, 3, 0
1502239, 2, 1
1502249, 3, 1
1502364, 2, 0
1502374, 3, 0
1502489, 2, bit 1
1502489, 2, 1
1502499, 3, 1
1502614, 2, 0
1502624, 3, 1
1502739, 2, 0
1502749, 3, 0
1502864, 2, 1
1502874, 3, 0
1502989, 2, 1
1502999, 3, 1
1503114, 2, 0
1503124, 3, 0
1503239, 2, 1
1503249, 3, 1
1503364, 2, 0
1503374, 3, 0
1503489, 2, 0
1503499, 3, 1
1503614, 2, 1
1503624, 3, bit 1
1503624, 3, 1
1503739, 2, 0
1503749, 3, 0
1503864, 2, 1
1503874, 3, 1
1503989, 2, 1
1504000, 3, 0
1504114, 2, 0
1504125, 3, 1
1504239, 2, bit 0
1504239, 2, 0
1504250, 3, 0
1504364, 2, 1
1504375, 3, 0
1504489, 2, 1
1504500, 3, 1
1504614, 2, 0
1504625, 3, 1
1504739, 2, 0
1504750, 3, 0
1504864, 2, 1
1504875, 3, 1
1504989, 2, 0
1505000, 3, 0
1505114, 2, 1
1505125, 3, 1
1505239, 2, 1
1505250, 3, 0
1505364, 2, 0
1505375, 3, bit 0
1505375, 3, 0
1505489, 2, 1
1505500, 3, 1
1505614, 2, 0
1505625, 3, 0
1505739, 2, 0
1505750, 3, 1
1505864, 2, 1
1505875, 3, 0
1505989, 2, bit 0
1505989, 2, 0
1506000, 3, 1
1506114, 2, 1
1506125, 3, 1
1506239, 2, 1
1506250, 3, 0
1506364, 2, 0
1506375, 3, 0
1506489, 2, 0
1506500, 3, 1
1506614, 2, 1
1506625, 3, 0
1506739, 2, 0
1506750, 3, 1
1506864, 2, 1
1506875, 3, 0
1506989, 2, 1
1507000, 3, 1
1507115, 2, 0
1507125, 3, bit 1
1507128, 3, 1
1507240, 2, 1
1507250, 3, 0
1507365, 2, 0
1507375, 3, 1
1507490, 2, 0
1507500, 3, 0
1507615, 2, 1
1507625, 3, 1
1507740, 2, bit 1
1507740, 2, 1
1507750, 3, 0
1507865, 2, 0
1507875, 3, 0
1507990, 2, 0
1508000, 3, 1
1508115, 2, 1
1508125, 3, 1
1508240, 2, 1
1508250, 3, 0
1508365, 2, 0
1508375, 3, 1
1508490, 2, 1
1508500, 3, 0
1508615, 2, 0
1508625, 3, 1
1508740, 2, 0
1508750, 3, 0
1508865, 2, 1
1508875, 3, bit 1
1508875, 3, 1
1508990, 2, 0
1509000, 3, 0
1509115, 2, 1
1509125, 3, 1
1509240, 2, 1
1509250, 3, 0
1509365, 2, 0
1509376, 3, 1
1509490, 2, bit 1
1509490, 2, 1
1509501, 3, 0
1509615, 2, 0
1509626, 3, 0
1509740, 2, 0
1509751, 3, 1
1509865, 2, 1
1509876, 3, 1
1509990, 2, 1
1510001, 3, 0
1510115, 2, 0
1510126, 3, 1
1510240, 2, 1
1510251, 3, 0
1510365, 2, 0
1510376, 3, 1
1510490, 2, 0
1510501, 3, 0
1510615, 2, 1
1510626, 3, bit 1
1510626, 3, 1
1510740, 2, 0
1510751, 3, 0
1510865, 2, 1
1510876, 3, 1
1510990, 2, 1
1511001, 3, 0
1511115, 2, 0
1511126, 3, 1
1511240, 2, bit 1
1511240, 2, 1
1511251, 3, 0
1511365, 2, 0
1511376, 3, 0
1511490, 2, 0
1511501, 3, 1
1511615, 2, 1
1511626, 3, 1
1511740, 2, 1
1511751, 3, 0
1511865, 2, 0
1511876, 3, 1
1511990, 2, 1
1512001, 3, 0
1512115, 2, 0
1512126, 3, 1
1512240, 2, 0
1512251, 3, 0
1512365, 2, 1
1512376, 3, bit 0
1512376, 3, 0
1512491, 2, 0
1512501, 3, 1
1512616, 2, 1
1512626, 3, 0
1512741, 2, 1
1512751, 3, 1
1512866, 2, 0
1512876, 3, 0
1512991, 2, bit 0
1512991, 2, 0
1513003, 3, 1
1513116, 2, 1
1513128, 3, 1
1513241, 2, 1
1513253, 3, 0
1513366, 2, 0
1513378, 3, 0
1513491, 2, 0
1513503, 3, 1
1513616, 2, 1
1513628, 3, 0
1513741, 2, 0
1513753, 3, 1
1513866, 2, 1
1513878, 3, 0
1513991, 2, 1
1514003, 3, 1
1514116, 2, 0
1514128, 3, bit 0
1514128, 3, 0
1514241, 2, 1
1514253, 3, 1
1514366, 2, 0
1514378, 3, 0
1514491, 2, 0
1514503, 3, 1
1514616, 2, 1
1514628, 3, 0
1514741, 2, bit 0
1514741, 2, 0
1514753, 3, 1
1514866, 2, 1
1514878, 3, 1
1514991, 2, 1
1515003, 3, 0
1515116, 2, 0
1515128, 3, 0
1515241, 2, 0
1515253, 3, 1
1515366, 2, 1
1515378, 3, 0
1515491, 2, 0
1515503, 3, 1
1515616, 2, 1
1515628, 3, 0
1515741, 2, 1
1515753, 3, 1
1515866, 2, 0
1515878, 3, bit 1
1515878, 3, 1
1515991, 2, 1
1516003, 3, 0
1516116, 2, 0
1516128, 3, 1
1516241, 2, 0
1516253, 3, 0
1516366, 2, 1
1516378, 3, 1
1516491, 2, bit 0
1516491, 2, 0
1516503, 3, 0
1516616, 2, 1
1516628, 3, 0
1516741, 2, 1
1516753, 3, 1
1516866, 2, 0
1516878, 3, 1
1516991, 2, 0
1517003, 3, 0
1517116, 2, 1
1517128, 3, 1
1517241, 2, 0
1517253, 3, 0
1517366, 2, 1
1517378, 3, 1
1517491, 2, 1
1517503, 3, 0
1517616, 2, 0
1517628, 3, bit 0
1517628, 3, 0
1517741, 2, 1
1517753, 3, 1
1517867, 2, 0
1517878, 3, 0
1517992, 2, 0
1518003, 3, 1
1518117, 2, 1
1518128, 3, 0
1518242, 2, bit 0
1518242, 2, 0
1518253, 3, 1
1518367, 2, 1
1518379, 3, 1
1518492, 2, 1
1518504, 3, 0
1518617, 2, 0
1518629, 3, 0
1518742, 2, 0
1518754, 3, 1
1518867, 2, 1
1518879, 3, 0
1518992, 2, 0
1519004, 3, 1
1519117, 2, 1
1519129, 3, 0
1519242, 2, 1
1519254, 3, 1
1519367, 2, 0
1519379, 3, bit 1
1519379, 3, 1
1519492, 2, 1
1519504, 3, 0
1519617, 2, 0
1519629, 3, 1
1519742, 2, 0
1519754, 3, 0
1519867, 2, 1
1519879, 3, 1
1519992, 2, bit 0
1519992, 2, 0
1520004, 3, 0
1520117, 2, 1
1520129, 3, 0
1520242, 2, 1
1520254, 3, 1
1520367, 2, 0
1520379, 3, 1
1520492, 2, 0
1520504, 3, 0
1520617, 2, 1
1520629, 3, 1
1520742, 2, 0
1520754, 3, 0
1520867, 2, 1
1520879, 3, 1
1520992, 2, 1
1521004, 3, 0
1521117, 2, 0
1521129, 3, bit 0
1521129, 3, 0
1521242, 2, 1
1521254, 3, 1
1521367, 2, 0
1521379, 3, 0
1521492, 2, 0
1521504, 3, 1
1521617, 2, 1
1521629, 3, 0
1521742, 2, bit 1
1521742, 2, 1
1521754, 3, 1
1521867, 2, 0
1521879, 3, 1
1521992, 2, 0
1522004, 3, 0
1522117, 2, 1
1522129, 3, 0
1522242, 2, 1
1522254, 3, 1
1522367, 2, 0
1522379, 3, 0
1522492, 2, 1
1522504, 3, 1
1522617, 2, 0
1522629, 3, 0
1522742, 2, 0
1522754, 3, 1
1522867, 2, 1
1522879, 3, bit 1
1522879, 3, 1
1522992, 2, 0
1523004, 3, 0
1523117, 2, 1
1523129, 3, 1
1523243, 2, 1
1523254, 3, 0
1523368, 2, 0
1523379, 3, 1
1523493, 2, bit 0
1523493, 2, 0
1523504, 3, 0
1523618, 2, 1
1523629, 3, 0
1523743, 2, 1
1523755, 3, 1
1523868, 2, 0
1523880, 3, 1
1523993, 2, 0
1524005, 3, 0
1524118, 2, 1
1524130, 3, 1
1524243, 2, 0
1524255, 3, 0
1524368, 2, 1
1524380, 3, 1
1524493, 2, 1
1524505, 3, 0
1524618, 2, 0
1524630, 3, bit 0
1524630, 3, 0
1524743, 2, 1
1524755, 3, 1
1524868, 2, 0
1524880, 3, 0
1524993, 2, 0
1525005, 3, 1
1525118, 2, 1
1525130, 3, 0
1525243, 2, bit 0
1525243, 2, 0
1525255, 3, 1
1525368, 2, 1
1525380, 3, 1
1525493, 2, 1
1525505, 3, 0
1525618, 2, 0
1525630, 3, 0
1525743, 2, 0
1525755, 3, 1
1525868, 2, 1
1525880, 3, 0
1525993, 2, 0
1526005, 3, 1
1526118, 2, 1
1526130, 3, 0
1526243, 2, 1
1526255, 3, 1
1526368, 2, 0
1526380, 3, bit 0
1526380, 3, 0
1526493, 2, 1
1526505, 3, 1
1526618, 2, 0
1526630, 3, 0
1526743, 2, 0
1526755, 3, 1
1526868, 2, 1
1526880, 3, 0
1527005, 3, 1
1527130, 3, 1
1527255, 3, 0
1527380, 3, 0
1527505, 3, 1
1527630, 3, 0
1527755, 3, 1
1527880, 3, 0
1528005, 3, 1
1528130, 3, bit 0
1528130, 3, 0
1528255, 3, 1
1528380, 3, 0
1528505, 3, 1
1528630, 3, 0
1528755, 3, 1
1528880, 3, 1
1529005, 3, 0
1529131, 3, 0
1529256, 3, 1
1529381, 3, 0
1529506, 3, 1
1529631, 3, 0
1529756, 3, 1
1529881, 3, bit 1
1529881, 3, 1
1530006, 3, 0
1530131, 3, 1
1530256, 3, 0
1530381, 3, 1
1530506, 3, 0
1530631, 3, 0
1530756, 3, 1
1530881, 3, 1
1531006, 3, 0
1531131, 3, 1
1531256, 3, 0
1531381, 3, 1
1531506, 3, 0
1531631, 3, bit 0
1531631, 3, 0
1531756, 3, 1
1531881, 3, 0
1532006, 3, 1
1532131, 3, 0
1532256, 3, 1
1532381, 3, 1
1532506, 3, 0
1532631, 3, 0
1532756, 3, 1
1532881, 3, 0
1533006, 3, 1
1533131, 3, 0
1533256, 3, 1
1533381, 3, bit 0
1533381, 3, 0
1533506, 3, 1
1533631, 3, 0
1533756, 3, 1
1533881, 3, 0
1534006, 3, 1
1534131, 3, 1
1534256, 3, 0
1534381, 3, 0
1534507, 3, 1
1534632, 3, 0
1534757, 3, 1
1534882, 3, 0
1535007, 3, 1
1535132, 3, bit 1
1535132, 3, 1
1535257, 3, 0
1535382, 3, 1
1535507, 3, 0
1535632, 3, 1
1535757, 3, 0
1535882, 3, 0
1536007, 3, 1
1536132, 3, 1
1536257, 3, 0
1536382, 3, 1
1536507, 3, 0
1536632, 3, 1
1536757, 3, 0
1536882, 3, bit 1
1536882, 3, 1
1537007, 3, 0
1537132, 3, 1
1537257, 3, 0
1537382, 3, 1
1537507, 3, 0
1537632, 3, 0
1537757, 3, 1
1537882, 3, 1
1538007, 3, 0
1538132, 3, 1
1538257, 3, 0
1538382, 3, 1
1538507, 3, 0
1538632, 3, bit 0
1538632, 3, 0
1538757, 3, 1
1538882, 3, 0
1539007, 3, 1
1539132, 3, 0
1539257, 3, 1
1539382, 3, 1
1539507, 3, 0
1539632, 3, 0
1539757, 3, 1
1539883, 3, 0
1540008, 3, 1
1540133, 3, 0
1540258, 3, 1
1540383, 3, bit 0
1540383, 3, 0
1540508, 3, 1
1540633, 3, 0
1540758, 3, 1
1540883, 3, 0
1541008, 3, 1
1541133, 3, 1
1541258, 3, 0
1541383, 3, 0
1541508, 3, 1
1541633, 3, 0
1541758, 3, 1
1541883, 3, 0
1542008, 3, 1
1542133, 3, bit 1
1542133, 3, 1
1542258, 3, 0
1542383, 3, 1
1542508, 3, 0
1542633, 3, 1
1542758, 3, 0
1542883, 3, 0
1543008, 3, 1
1543133, 3, 1
1543258, 3, 0
1543383, 3, 1
1543508, 3, 0
1543633, 3, 1
1543758, 3, 0
1543883, 3, bit 1
1543883, 3, 1
1544008, 3, 0
1544133, 3, 1
1544258, 3, 0
1544383, 3, 1
1544508, 3, 0
1544633, 3, 0
1544758, 3, 1
1544883, 3, 1
1545008, 3, 0
1545133, 3, 1
1545259, 3, 0
1545384, 3, 1
1545509, 3, 0
1545634, 3, bit 0
1545634, 3, 0
1545759, 3, 1
1545884, 3, 0
1546009, 3, 1
1546134, 3, 0
1546259, 3, 1
1546384, 3, 1
1546509, 3, 0
1546634, 3, 0
1546759, 3, 1
1546884, 3, 0
1547009, 3, 1
1547134, 3, 0
1547259, 3, 1
1547384, 3, bit 0
1547384, 3, 0
1547509, 3, 1
1547634, 3, 0
1547759, 3, 1
1547884, 3, 0
1548009, 3, 1
1548134, 3, 1
1548259, 3, 0
1548384, 3, 0
1548509, 3, 1
1548634, 3, 0
1548759, 3, 1
1548884, 3, 0
1549009, 3, 1
1549134, 3, bit 0
1549134, 3, 0
1549259, 3, 1
1549384, 3, 0
1549509, 3, 1
1549634, 3, 0
1549759, 3, 1
1549884, 3, 1
1550009, 3, 0
1550134, 3, 0
1550259, 3, 1
1550384, 3, 0
1550509, 3, 1
1550635, 3, 0
1550760, 3, 1
1550885, 3, bit 0
1550885, 3, 0
1551010, 3, 1
1551135, 3, 0
1551260, 3, 1
1551385, 3, 0
1551510, 3, 1
1551635, 3, 1
1551760, 3, 0
1551885, 3, 0
1552010, 3, 1
1552135, 3, 0
1552260, 3, 1
1552385, 3, 0
1552510, 3, 1
1552635, 3, bit 0
1552635, 3, 0
1552760, 3, 1
1552885, 3, 0
1553010, 3, 1
1553135, 3, 0
1553260, 3, 1
1553385, 3, 1
1553510, 3, 0
1553635, 3, 0
1553760, 3, 1
1553885, 3, 0
1554010, 3, 1
1554135, 3, 0
1554260, 3, 1
1554385, 3, bit 1
1554385, 3, 1
1554510, 3, 0
1554635, 3, 1
1554760, 3, 0
1554885, 3, 1
1555010, 3, 0
1555135, 3, 0
1555260, 3, 1
1555385, 3, 1
1555510, 3, 0
1555635, 3, 1
1555760, 3, 0
1555885, 3, 1
1556011, 3, 0
