250 100 4 7 16
(2, 20, 5, 10.00), (code 0)
(3, 258, 2, 10.00), (code 5)
(4, 496, 8, 10.00), (code 4)
(5, 734, 2, 10.00), (code 1)
START
42190, 0, prem 0
42190, 0, 0
42440, 0, 0
42690, 0, 0
42940, 0, 0
43190, 0, 0
43440, 0, 0
43691, 0, 0
43941, 0, 0
44191, 0, 0
44441, 0, 0
44691, 0, 0
44941, 0, 0
45191, 0, 0
45441, 0, 0
45691, 0, 0
45941, 0, 0
46191, 0, 1
46441, 0, 1
46691, 0, 1
46941, 0, 1
47191, 0, 1
47441, 0, 1
47691, 0, 1
47941, 0, 1
48191, 0, 1
48441, 0, 1
48691, 0, 1
48941, 0, 1
49191, 0, 1
49441, 0, 1
49691, 0, 1
49941, 0, 1
50191, 0, prem 1
50191, 0, 1
50441, 0, 1
50691, 0, 1
50941, 0, 1
51191, 0, 1
51441, 0, 1
51691, 0, 1
51941, 0, 1
52191, 0, 1
52441, 0, 1
52691, 0, 1
52941, 0, 1
53191, 0, 1
53441, 0, 1
53691, 0, 1
53941, 0, 1
54191, 0, 0
54441, 0, 0
54691, 0, 0
54941, 0, 0
55191, 0, 0
55441, 0, 0
55691, 0, 0
55941, 0, 0
56192, 0, 0
56442, 0, 0
56692, 0, 0
56942, 0, 0
57192, 0, 0
57442, 0, 0
57692, 0, 0
57942, 0, 0
58192, 0, prem 1
58195, 0, 1
58442, 0, 1
58692, 0, 1
58942, 0, 1
59192, 0, 1
59442, 0, 1
59692, 0, 1
59942, 0, 1
60192, 0, 1
60442, 0, 1
60692, 0, 1
60942, 0, 1
61192, 0, 1
61442, 0, 1
61692, 0, 1
61942, 0, 1
62192, 0, 0
62442, 0, 0
62692, 0, 0
62942, 0, 0
63192, 0, 0
63442, 0, 0
63692, 0, 0
63942, 0, 0
64192, 0, 0
64442, 0, 0
64692, 0, 0
64942, 0, 0
65192, 0, 0
65442, 0, 0
65692, 0, 0
65942, 0, 0
66192, 0, prem 1
66192, 0, 1
66442, 0, 1
66692, 0, 1
66942, 0, 1
67192, 0, 1
67442, 0, 1
67692, 0, 1
67942, 0, 1
68192, 0, 1
68442, 0, 1
68692, 0, 1
68942, 0, 1
69192, 0, 1
69442, 0, 1
69692, 0, 1
69942, 0, 1
70192, 0, 0
70443, 0, 0
70693, 0, 0
70943, 0, 0
71193, 0, 0
71443, 0, 0
71693, 0, 0
71943, 0, 0
72193, 0, 0
72443, 0, 0
72693, 0, 0
72943, 0, 0
73193, 0, 0
73443, 0, 0
73693, 0, 0
73943, 0, 0
74193, 0, prem 1
74193, 0, 1
74443, 0, 1
74693, 0, 1
74943, 0, 1
75193, 0, 1
75443, 0, 1
75693, 0, 1
75943, 0, 1
76193, 0, 1
76443, 0, 1
76693, 0, 1
76943, 0, 1
77193, 0, 1
77443, 0, 1
77693, 0, 1
77943, 0, 1
78193, 0, 0
78443, 0, 0
78693, 0, 0
78943, 0, 0
79193, 0, 0
79443, 0, 0
79693, 0, 0
79943, 0, 0
80193, 0, 0
80443, 0, 0
80693, 0, 0
80943, 0, 0
81193, 0, 0
81443, 0, 0
81693, 0, 0
81943, 0, 0
82193, 0, prem 0
82193, 0, 0
82443, 0, 0
82693, 0, 0
82944, 0, 0
83194, 0, 0
83444, 0, 0
83694, 0, 0
83944, 0, 0
84194, 0, 0
84444, 0, 0
84694, 0, 0
84944, 0, 0
85194, 0, 0
85444, 0, 0
85694, 0, 0
85944, 0, 0
86194, 0, 1
86444, 0, 1
86694, 0, 1
86944, 0, 1
87194, 0, 1
87444, 0, 1
87694, 0, 1
87944, 0, 1
88194, 0, 1
88444, 0, 1
88694, 0, 1
88944, 0, 1
89194, 0, 1
89444, 0, 1
89694, 0, 1
89944, 0, 1
90194, 0, prem 0
90194, 0, 0
90444, 0, 0
90694, 0, 0
90944, 0, 0
91194, 0, 0
91444, 0, 0
91694, 0, 0
91944, 0, 0
92194, 0, 0
92444, 0, 0
92694, 0, 0
92944, 0, 0
93194, 0, 0
93444, 0, 0
93694, 0, 0
93944, 0, 0
94194, 0, 1
94444, 0, 1
94694, 0, 1
94944, 0, 1
95194, 0, 1
95444, 0, 1
95694, 0, 1
95944, 0, 1
96194, 0, 1
96444, 0, 1
96694, 0, 1
96944, 0, 1
97195, 0, 1
97445, 0, 1
97695, 0, 1
97945, 0, 1
98195, 0, bit 1
98195, 0, 0
98445, 0, 1
98695, 0, 1
98945, 0, 0
99195, 0, 1
99445, 0, 0
99695, 0, 1
99945, 0, 0
100195, 0, 1
100445, 0, 0
100695, 0, 0
100945, 0, 1
100954, 1, prem 1
100954, 1, 1
101195, 0, 0
101204, 1, 1
101445, 0, 1
101454, 1, 1
101695, 0, bit 1
101695, 0, 0
101704, 1, 1
101945, 0, 1
101954, 1, 1
102195, 0, 1
102204, 1, 1
102445, 0, 0
102454, 1, 1
102695, 0, 1
102704, 1, 1
102945, 0, 0
102955, 1, 1
103195, 0, 1
103205, 1, 1
103445, 0, 0
103455, 1, 1
103695, 0, 1
103705, 1, 1
103945, 0, 0
103955, 1, 1
104195, 0, 0
104205, 1, 1
104445, 0, 1
104455, 1, 1
104695, 0, 0
104705, 1, 1
104945, 0, 1
104955, 1, 0
105195, 0, bit 0
105195, 0, 1
105205, 1, 0
105445, 0, 0
105455, 1, 0
105695, 0, 0
105705, 1, 0
105945, 0, 1
105955, 1, 0
106195, 0, 0
106205, 1, 0
106445, 0, 1
106455, 1, 0
106695, 0, 0
106705, 1, 0
106945, 0, 1
106955, 1, 0
107195, 0, 0
107205, 1, 0
107445, 0, 1
107455, 1, 0
107695, 0, 1
107705, 1, 0
107945, 0, 0
107955, 1, 0
108195, 0, 1
108205, 1, 0
108445, 0, 0
108455, 1, 0
108695, 0, bit 1
108695, 0, 0
108705, 1, 0
108945, 0, 1
108955, 1, prem 0
108955, 1, 0
109195, 0, 1
109205, 1, 0
109445, 0, 0
109455, 1, 0
109696, 0, 1
109705, 1, 0
109946, 0, 0
109955, 1, 0
110196, 0, 1
110205, 1, 0
110446, 0, 0
110455, 1, 0
110696, 0, 1
110705, 1, 0
110946, 0, 0
110955, 1, 0
111196, 0, 0
111205, 1, 0
111446, 0, 1
111455, 1, 0
111696, 0, 0
111705, 1, 0
111946, 0, 1
111955, 1, 0
112196, 0, bit 1
112196, 0, 0
112205, 1, 0
112446, 0, 1
112455, 1, 0
112696, 0, 1
112705, 1, 0
112946, 0, 0
112955, 1, 1
113196, 0, 1
113205, 1, 1
113446, 0, 0
113455, 1, 1
113696, 0, 1
113705, 1, 1
113946, 0, 0
113955, 1, 1
114196, 0, 1
114205, 1, 1
114446, 0, 0
114455, 1, 1
114696, 0, 0
114705, 1, 1
114946, 0, 1
114955, 1, 1
115196, 0, 0
115205, 1, 1
115446, 0, 1
115456, 1, 1
115696, 0, bit 1
115699, 0, 0
115706, 1, 1
115946, 0, 1
115956, 1, 1
116196, 0, 1
116206, 1, 1
116446, 0, 0
116456, 1, 1
116696, 0, 1
116706, 1, 1
116946, 0, 0
116956, 1, prem 1
116956, 1, 1
117196, 0, 1
117206, 1, 1
117446, 0, 0
117456, 1, 1
117696, 0, 1
117706, 1, 1
117946, 0, 0
117956, 1, 1
118196, 0, 0
118206, 1, 1
118446, 0, 1
118456, 1, 1
118696, 0, 0
118706, 1, 1
118946, 0, 1
118956, 1, 1
119196, 0, bit 1
119196, 0, 0
119206, 1, 1
119446, 0, 1
119456, 1, 1
119696, 0, 1
119706, 1, 1
119946, 0, 0
119956, 1, 1
120196, 0, 1
120206, 1, 1
120446, 0, 0
120456, 1, 1
120696, 0, 1
120706, 1, 1
120946, 0, 0
120956, 1, 0
121196, 0, 1
121206, 1, 0
121446, 0, 0
121456, 1, 0
121696, 0, 0
121706, 1, 0
121946, 0, 1
121956, 1, 0
122196, 0, 0
122206, 1, 0
122446, 0, 1
122456, 1, 0
122696, 0, bit 0
122696, 0, 1
122706, 1, 0
122946, 0, 0
122956, 1, 0
123196, 0, 0
123206, 1, 0
123446, 0, 1
123456, 1, 0
123696, 0, 0
123706, 1, 0
123947, 0, 1
123956, 1, 0
124197, 0, 0
124206, 1, 0
124447, 0, 1
124456, 1, 0
124697, 0, 0
124706, 1, 0
124947, 0, 1
124956, 1, prem 1
124956, 1, 1
125197, 0, 1
125206, 1, 1
125447, 0, 0
125456, 1, 1
125697, 0, 1
125706, 1, 1
125947, 0, 0
125956, 1, 1
126197, 0, bit 0
126197, 0, 1
126206, 1, 1
126447, 0, 0
126456, 1, 1
126697, 0, 0
126706, 1, 1
126947, 0, 1
126956, 1, 1
127197, 0, 0
127206, 1, 1
127447, 0, 1
127456, 1, 1
127697, 0, 0
127706, 1, 1
127947, 0, 1
127956, 1, 1
128197, 0, 0
128206, 1, 1
128447, 0, 1
128456, 1, 1
128697, 0, 1
128706, 1, 1
128947, 0, 0
128956, 1, 0
129197, 0, 1
129206, 1, 0
129447, 0, 0
129456, 1, 0
129697, 0, bit 0
129697, 0, 1
129707, 1, 0
129947, 0, 0
129957, 1, 0
130197, 0, 0
130207, 1, 0
130447, 0, 1
130457, 1, 0
130697, 0, 0
130707, 1, 0
130947, 0, 1
130957, 1, 0
131197, 0, 0
131207, 1, 0
131447, 0, 1
131457, 1, 0
131697, 0, 0
131707, 1, 0
131947, 0, 1
131957, 1, 0
132197, 0, 1
132207, 1, 0
132447, 0, 0
132457, 1, 0
132697, 0, 1
132707, 1, 0
132947, 0, 0
132957, 1, prem 0
132957, 1, 0
133197, 0, bit 1
133197, 0, 0
133207, 1, 0
133447, 0, 1
133457, 1, 0
133697, 0, 1
133707, 1, 0
133947, 0, 0
133957, 1, 0
134197, 0, 1
134207, 1, 0
134447, 0, 0
134457, 1, 0
134697, 0, 1
134707, 1, 0
134947, 0, 0
134957, 1, 0
135197, 0, 1
135207, 1, 0
135447, 0, 0
135457, 1, 0
135697, 0, 0
135707, 1, 0
135947, 0, 1
135957, 1, 0
136197, 0, 0
136207, 1, 0
136448, 0, 1
136457, 1, 0
136698, 0, bit 1
136698, 0, 0
136707, 1, 0
136948, 0, 1
136957, 1, 1
137198, 0, 1
137207, 1, 1
137448, 0, 0
137457, 1, 1
137698, 0, 1
137707, 1, 1
137948, 0, 0
137957, 1, 1
138198, 0, 1
138207, 1, 1
138448, 0, 0
138457, 1, 1
138698, 0, 1
138707, 1, 1
138948, 0, 0
138957, 1, 1
139198, 0, 0
139207, 1, 1
139448, 0, 1
139457, 1, 1
139698, 0, 0
139707, 1, 1
139948, 0, 1
139957, 1, 1
140198, 0, bit 0
140198, 0, 1
140207, 1, 1
140448, 0, 0
140457, 1, 1
140698, 0, 0
140707, 1, 1
140948, 0, 1
140957, 1, prem 0
140957, 1, 0
141198, 0, 0
141207, 1, 0
141448, 0, 1
141457, 1, 0
141698, 0, 0
141707, 1, 0
141948, 0, 1
141957, 1, 0
142198, 0, 0
142208, 1, 0
142448, 0, 1
142458, 1, 0
142698, 0, 1
142708, 1, 0
142948, 0, 0
142958, 1, 0
143198, 0, 1
143208, 1, 0
143448, 0, 0
143458, 1, 0
143698, 0, bit 1
143698, 0, 0
143708, 1, 0
143948, 0, 1
143958, 1, 0
144198, 0, 1
144208, 1, 0
144448, 0, 0
144458, 1, 0
144698, 0, 1
144708, 1, 0
144948, 0, 0
144958, 1, 1
145198, 0, 1
145208, 1, 1
145448, 0, 0
145458, 1, 1
145698, 0, 1
145708, 1, 1
145948, 0, 0
145958, 1, 1
146198, 0, 0
146208, 1, 1
146448, 0, 1
146458, 1, 1
146698, 0, 0
146708, 1, 1
146948, 0, 1
146958, 1, 1
147198, 0, bit 1
147198, 0, 0
147208, 1, 1
147448, 0, 1
147458, 1, 1
147698, 0, 1
147708, 1, 1
147948, 0, 0
147958, 1, 1
148198, 0, 1
148208, 1, 1
148448, 0, 0
148458, 1, 1
148698, 0, 1
148708, 1, 1
148948, 0, 0
148958, 1, prem 1
148958, 1, 1
149198, 0, 1
149208, 1, 1
149448, 0, 0
149458, 1, 1
149698, 0, 0
149708, 1, 1
149948, 0, 1
149958, 1, 1
150198, 0, 0
150208, 1, 1
150448, 0, 1
150458, 1, 1
150699, 0, bit 1
150699, 0, 0
150708, 1, 1
150949, 0, 1
150958, 1, 1
151199, 0, 1
151208, 1, 1
151449, 0, 0
151458, 1, 1
151699, 0, 1
151708, 1, 1
151949, 0, 0
151958, 1, 1
152199, 0, 1
152208, 1, 1
152449, 0, 0
152458, 1, 1
152699, 0, 1
152708, 1, 1
152949, 0, 0
152958, 1, 0
153199, 0, 0
153208, 1, 0
153449, 0, 1
153458, 1, 0
153699, 0, 0
153708, 1, 0
153949, 0, 1
153958, 1, 0
154199, 0, bit 1
154199, 0, 0
154208, 1, 0
154449, 0, 1
154458, 1, 0
154699, 0, 1
154708, 1, 0
154949, 0, 0
154958, 1, 0
155199, 0, 1
155208, 1, 0
155449, 0, 0
155458, 1, 0
155699, 0, 1
155708, 1, 0
155949, 0, 0
155958, 1, 0
156199, 0, 1
156208, 1, 0
156449, 0, 0
156459, 1, 0
156699, 0, 0
156709, 1, 0
156949, 0, 1
156959, 1, bit 1
156959, 1, 1
157199, 0, 0
157209, 1, 0
157449, 0, 1
157459, 1, 0
157699, 0, bit 0
157699, 0, 1
157709, 1, 1
157949, 0, 0
157959, 1, 1
158199, 0, 0
158209, 1, 0
158449, 0, 1
158459, 1, 1
158699, 0, 0
158709, 1, 0
158949, 0, 1
158959, 1, 0
159199, 0, 0
159209, 1, 1
159449, 0, 1
159459, 1, 0
159699, 0, 0
159709, 1, 1
159949, 0, 1
159959, 1, 1
160199, 0, 1
160209, 1, 0
160449, 0, 0
160459, 1, bit 1
160459, 1, 1
160699, 0, 1
160709, 1, 0
160949, 0, 0
160959, 1, 0
161199, 0, bit 1
161199, 0, 0
161209, 1, 1
161449, 0, 1
161459, 1, 1
161699, 0, 1
161709, 1, 0
161949, 0, 0
161959, 1, 1
161963, 2, prem 0
161963, 2, 0
162199, 0, 1
162209, 1, 0
162213, 2, 0
162449, 0, 0
162459, 1, 0
162463, 2, 0
162699, 0, 1
162709, 1, 1
162713, 2, 0
162949, 0, 0
162959, 1, 0
162963, 2, 0
163200, 0, 1
163209, 1, 1
163213, 2, 0
163450, 0, 0
163459, 1, 1
163463, 2, 0
163700, 0, 0
163709, 1, 0
163713, 2, 0
163950, 0, 1
163959, 1, bit 0
163959, 1, 0
163963, 2, 0
164200, 0, 0
164209, 1, 1
164213, 2, 0
164450, 0, 1
164459, 1, 1
164463, 2, 0
164700, 0, bit 1
164700, 0, 0
164709, 1, 0
164713, 2, 0
164950, 0, 1
164959, 1, 0
164963, 2, 0
165200, 0, 1
165209, 1, 1
165213, 2, 0
165450, 0, 0
165459, 1, 0
165463, 2, 0
165700, 0, 1
165709, 1, 1
165713, 2, 0
165950, 0, 0
165959, 1, 1
165963, 2, 1
166200, 0, 1
166209, 1, 0
166213, 2, 1
166450, 0, 0
166459, 1, 1
166463, 2, 1
166700, 0, 1
166709, 1, 0
166713, 2, 1
166950, 0, 0
166959, 1, 0
166963, 2, 1
167200, 0, 0
167209, 1, 1
167213, 2, 1
167450, 0, 1
167459, 1, bit 1
167459, 1, 1
167463, 2, 1
167700, 0, 0
167709, 1, 0
167713, 2, 1
167950, 0, 1
167959, 1, 0
167963, 2, 1
168200, 0, bit 0
168200, 0, 1
168209, 1, 1
168213, 2, 1
168450, 0, 0
168459, 1, 1
168463, 2, 1
168700, 0, 0
168709, 1, 0
168713, 2, 1
168950, 0, 1
168960, 1, 1
168963, 2, 1
169200, 0, 0
169210, 1, 0
169213, 2, 1
169450, 0, 1
169460, 1, 0
169463, 2, 1
169700, 0, 0
169710, 1, 1
169713, 2, 1
169950, 0, 1
169960, 1, 0
169963, 2, prem 0
169963, 2, 0
170200, 0, 0
170210, 1, 1
170213, 2, 0
170450, 0, 1
170460, 1, 1
170463, 2, 0
170700, 0, 1
170710, 1, 0
170713, 2, 0
170950, 0, 0
170960, 1, bit 1
170960, 1, 1
170963, 2, 0
171200, 0, 1
171210, 1, 0
171213, 2, 0
171450, 0, 0
171460, 1, 0
171463, 2, 0
171700, 0, bit 0
171700, 0, 1
171710, 1, 1
171713, 2, 0
171950, 0, 0
171960, 1, 1
171963, 2, 0
172200, 0, 0
172210, 1, 0
172213, 2, 0
172450, 0, 1
172460, 1, 1
172463, 2, 0
172700, 0, 0
172710, 1, 0
172713, 2, 0
172950, 0, 1
172960, 1, 0
172963, 2, 0
173200, 0, 0
173210, 1, 1
173213, 2, 0
173450, 0, 1
173460, 1, 0
173463, 2, 0
173700, 0, 0
173710, 1, 1
173713, 2, 0
173950, 0, 1
173960, 1, 1
173963, 2, 1
174200, 0, 1
174210, 1, 0
174213, 2, 1
174450, 0, 0
174460, 1, bit 1
174460, 1, 1
174464, 2, 1
174700, 0, 1
174710, 1, 0
174714, 2, 1
174950, 0, 0
174960, 1, 0
174964, 2, 1
175200, 0, bit 1
175200, 0, 0
175210, 1, 1
175214, 2, 1
175450, 0, 1
175460, 1, 1
175464, 2, 1
175700, 0, 1
175710, 1, 0
175714, 2, 1
175950, 0, 0
175960, 1, 1
175964, 2, 1
176200, 0, 1
176210, 1, 0
176214, 2, 1
176450, 0, 0
176460, 1, 0
176464, 2, 1
176700, 0, 1
176710, 1, 1
176714, 2, 1
176950, 0, 0
176960, 1, 0
176964, 2, 1
177200, 0, 1
177210, 1, 1
177214, 2, 1
177451, 0, 0
177460, 1, 1
177464, 2, 1
177701, 0, 0
177710, 1, 0
177714, 2, 1
177951, 0, 1
177960, 1, bit 1
177960, 1, 1
177964, 2, prem 0
177964, 2, 0
178201, 0, 0
178210, 1, 0
178214, 2, 0
178451, 0, 1
178460, 1, 0
178464, 2, 0
178701, 0, bit 1
178701, 0, 0
178710, 1, 1
178714, 2, 0
178951, 0, 1
178960, 1, 1
178964, 2, 0
179201, 0, 1
179210, 1, 0
179214, 2, 0
179451, 0, 0
179460, 1, 1
179464, 2, 0
179701, 0, 1
179710, 1, 0
179714, 2, 0
179951, 0, 0
179960, 1, 0
179964, 2, 0
180201, 0, 1
180210, 1, 1
180214, 2, 0
180451, 0, 0
180460, 1, 0
180464, 2, 0
180701, 0, 1
180710, 1, 1
180714, 2, 0
180951, 0, 0
180960, 1, 1
180964, 2, 0
181201, 0, 0
181210, 1, 0
181214, 2, 0
181451, 0, 1
181460, 1, bit 1
181460, 1, 1
181464, 2, 0
181701, 0, 0
181710, 1, 0
181714, 2, 0
181951, 0, 1
181960, 1, 0
181964, 2, 1
182201, 0, bit 1
182204, 0, 0
182210, 1, 1
182214, 2, 1
182451, 0, 1
182460, 1, 1
182464, 2, 1
182701, 0, 1
182710, 1, 0
182714, 2, 1
182951, 0, 0
182960, 1, 1
182964, 2, 1
183201, 0, 1
183211, 1, 0
183214, 2, 1
183451, 0, 0
183461, 1, 0
183464, 2, 1
183701, 0, 1
183711, 1, 1
183714, 2, 1
183951, 0, 0
183961, 1, 0
183964, 2, 1
184201, 0, 1
184211, 1, 1
184214, 2, 1
184451, 0, 0
184461, 1, 1
184464, 2, 1
184701, 0, 0
184711, 1, 0
184714, 2, 1
184951, 0, 1
184961, 1, bit 0
184961, 1, 0
184964, 2, 1
185201, 0, 0
185211, 1, 1
185214, 2, 1
185451, 0, 1
185461, 1, 1
185464, 2, 1
185701, 0, bit 1
185701, 0, 0
185711, 1, 0
185714, 2, 1
185951, 0, 1
185961, 1, 0
185964, 2, prem 0
185964, 2, 0
186201, 0, 1
186211, 1, 1
186214, 2, 0
186451, 0, 0
186461, 1, 0
186464, 2, 0
186701, 0, 1
186711, 1, 1
186714, 2, 0
186951, 0, 0
186961, 1, 1
186964, 2, 0
187201, 0, 1
187211, 1, 0
187214, 2, 0
187451, 0, 0
187461, 1, 1
187464, 2, 0
187701, 0, 1
187711, 1, 0
187714, 2, 0
187951, 0, 0
187961, 1, 0
187964, 2, 0
188201, 0, 0
188211, 1, 1
188214, 2, 0
188451, 0, 1
188461, 1, bit 1
188461, 1, 1
188464, 2, 0
188701, 0, 0
188711, 1, 0
188715, 2, 0
188951, 0, 1
188961, 1, 0
188965, 2, 0
189201, 0, bit 1
189201, 0, 0
189211, 1, 1
189215, 2, 0
189451, 0, 1
189461, 1, 1
189465, 2, 0
189701, 0, 1
189711, 1, 0
189715, 2, 0
189952, 0, 0
189961, 1, 1
189965, 2, 1
190202, 0, 1
190211, 1, 0
190215, 2, 1
190452, 0, 0
190461, 1, 0
190465, 2, 1
190702, 0, 1
190711, 1, 1
190715, 2, 1
190952, 0, 0
190961, 1, 0
190965, 2, 1
191202, 0, 1
191211, 1, 1
191215, 2, 1
191452, 0, 0
191461, 1, 1
191465, 2, 1
191702, 0, 0
191711, 1, 0
191715, 2, 1
191952, 0, 1
191961, 1, bit 1
191961, 1, 1
191965, 2, 1
192202, 0, 0
192211, 1, 0
192215, 2, 1
192452, 0, 1
192461, 1, 0
192465, 2, 1
192702, 0, bit 1
192702, 0, 0
192711, 1, 1
192715, 2, 1
192952, 0, 1
192961, 1, 1
192965, 2, 1
193202, 0, 1
193211, 1, 0
193215, 2, 1
193452, 0, 0
193461, 1, 1
193471, 2, 1
193702, 0, 1
193711, 1, 0
193721, 2, 1
193952, 0, 0
193961, 1, 0
193971, 2, prem 1
193971, 2, 1
194202, 0, 1
194211, 1, 1
194221, 2, 1
194452, 0, 0
194461, 1, 0
194471, 2, 1
194702, 0, 1
194711, 1, 1
194721, 2, 1
194952, 0, 0
194961, 1, 1
194971, 2, 1
195202, 0, 0
195211, 1, 0
195221, 2, 1
195452, 0, 1
195461, 1, bit 1
195461, 1, 1
195471, 2, 1
195702, 0, 0
195712, 1, 0
195721, 2, 1
195952, 0, 1
195962, 1, 0
195971, 2, 1
196202, 0, bit 0
196202, 0, 1
196212, 1, 1
196221, 2, 1
196452, 0, 0
196462, 1, 1
196471, 2, 1
196702, 0, 0
196712, 1, 0
196721, 2, 1
196952, 0, 1
196962, 1, 1
196971, 2, 1
197202, 0, 0
197212, 1, 0
197221, 2, 1
197452, 0, 1
197462, 1, 0
197471, 2, 1
197702, 0, 0
197712, 1, 1
197721, 2, 1
197952, 0, 1
197962, 1, 0
197971, 2, 0
198202, 0, 0
198212, 1, 1
198221, 2, 0
198452, 0, 1
198462, 1, 1
198471, 2, 0
198702, 0, 1
198712, 1, 0
198721, 2, 0
198952, 0, 0
198962, 1, bit 0
198962, 1, 0
198971, 2, 0
199202, 0, 1
199212, 1, 1
199221, 2, 0
199452, 0, 0
199462, 1, 1
199471, 2, 0
199702, 0, bit 0
199702, 0, 1
199712, 1, 0
199721, 2, 0
199952, 0, 0
199962, 1, 0
199971, 2, 0
200202, 0, 0
200212, 1, 1
200221, 2, 0
200452, 0, 1
200462, 1, 0
200471, 2, 0
200702, 0, 0
200712, 1, 1
200721, 2, 0
200952, 0, 1
200962, 1, 1
200971, 2, 0
201202, 0, 0
201212, 1, 0
201221, 2, 0
201452, 0, 1
201462, 1, 1
201472, 2, 0
201702, 0, 0
201712, 1, 0
201722, 2, 0
201952, 0, 1
201962, 1, 0
201972, 2, prem 0
201975, 2, 0
202202, 0, 1
202212, 1, 1
202222, 2, 0
202452, 0, 0
202462, 1, bit 1
202462, 1, 1
202472, 2, 0
202702, 0, 1
202712, 1, 0
202722, 2, 0
202952, 0, 0
202962, 1, 0
202972, 2, 0
203202, 0, bit 1
203202, 0, 0
203212, 1, 1
203222, 2, 0
203452, 0, 1
203462, 1, 1
203472, 2, 0
203702, 0, 1
203712, 1, 0
203722, 2, 0
203952, 0, 0
203962, 1, 1
203972, 2, 0
204203, 0, 1
204212, 1, 0
204222, 2, 0
204453, 0, 0
204462, 1, 0
204472, 2, 0
204703, 0, 1
204712, 1, 1
204722, 2, 0
204953, 0, 0
204962, 1, 0
204972, 2, 0
205203, 0, 1
205212, 1, 1
205222, 2, 0
205453, 0, 0
205462, 1, 1
205472, 2, 0
205703, 0, 0
205712, 1, 0
205722, 2, 0
205953, 0, 1
205962, 1, bit 0
205962, 1, 0
205972, 2, 1
206203, 0, 0
206212, 1, 1
206222, 2, 1
206453, 0, 1
206462, 1, 1
206472, 2, 1
206703, 0, bit 1
206703, 0, 0
206712, 1, 0
206722, 2, 1
206953, 0, 1
206962, 1, 0
206972, 2, 1
207203, 0, 1
207212, 1, 1
207222, 2, 1
207453, 0, 0
207462, 1, 0
207472, 2, 1
207703, 0, 1
207712, 1, 1
207722, 2, 1
207953, 0, 0
207962, 1, 1
207972, 2, 1
208203, 0, 1
208212, 1, 0
208222, 2, 1
208453, 0, 0
208462, 1, 1
208472, 2, 1
208703, 0, 1
208712, 1, 0
208722, 2, 1
208953, 0, 0
208962, 1, 0
208972, 2, 1
209203, 0, 0
209212, 1, 1
209222, 2, 1
209453, 0, 1
209462, 1, bit 1
209462, 1, 1
209472, 2, 1
209703, 0, 0
209712, 1, 0
209722, 2, 1
209953, 0, 1
209963, 1, 0
209972, 2, prem 1
209972, 2, 1
210203, 0, bit 1
210203, 0, 0
210213, 1, 1
210222, 2, 1
210453, 0, 1
210463, 1, 1
210472, 2, 1
210703, 0, 1
210713, 1, 0
210722, 2, 1
210953, 0, 0
210963, 1, 1
210972, 2, 1
211203, 0, 1
211213, 1, 0
211222, 2, 1
211453, 0, 0
211463, 1, 0
211472, 2, 1
211703, 0, 1
211713, 1, 1
211722, 2, 1
211953, 0, 0
211963, 1, 0
211972, 2, 1
212203, 0, 1
212213, 1, 1
212222, 2, 1
212453, 0, 0
212463, 1, 1
212472, 2, 1
212703, 0, 0
212713, 1, 0
212722, 2, 1
212953, 0, 1
212963, 1, bit 1
212963, 1, 1
212972, 2, 1
213203, 0, 0
213213, 1, 0
213222, 2, 1
213453, 0, 1
213463, 1, 0
213472, 2, 1
213703, 0, bit 0
213703, 0, 1
213713, 1, 1
213722, 2, 1
213953, 0, 0
213963, 1, 1
213972, 2, 0
214203, 0, 0
214213, 1, 0
214222, 2, 0
214453, 0, 1
214463, 1, 1
214472, 2, 0
214703, 0, 0
214713, 1, 0
214722, 2, 0
214953, 0, 1
214963, 1, 0
214972, 2, 0
215203, 0, 0
215213, 1, 1
215222, 2, 0
215453, 0, 1
215463, 1, 0
215472, 2, 0
215703, 0, 0
215713, 1, 1
215723, 2, 0
215953, 0, 1
215963, 1, 1
215973, 2, 0
216203, 0, 1
216213, 1, 0
216223, 2, 0
216453, 0, 0
216463, 1, bit 0
216463, 1, 0
216473, 2, 0
216704, 0, 1
216713, 1, 1
216723, 2, 0
216954, 0, 0
216963, 1, 1
216973, 2, 0
217204, 0, bit 0
217204, 0, 1
217213, 1, 0
217223, 2, 0
217454, 0, 0
217463, 1, 0
217473, 2, 0
217704, 0, 0
217713, 1, 1
217723, 2, 0
217954, 0, 1
217963, 1, 0
217973, 2, bit 1
217973, 2, 0
218204, 0, 0
218213, 1, 1
218223, 2, 1
218454, 0, 1
218463, 1, 1
218473, 2, 0
218704, 0, 0
218713, 1, 0
218723, 2, 1
218954, 0, 1
218963, 1, 1
218973, 2, 0
219204, 0, 0
219213, 1, 0
219223, 2, 1
219454, 0, 1
219463, 1, 0
219473, 2, 0
219704, 0, 1
219713, 1, 1
219723, 2, 1
219954, 0, 0
219963, 1, bit 0
219963, 1, 0
219973, 2, 1
219976, 3, prem 1
219976, 3, 1
220204, 0, 1
220213, 1, 1
220223, 2, 0
220226, 3, 1
220454, 0, 0
220463, 1, 1
220473, 2, 0
220476, 3, 1
220704, 0, bit 0
220704, 0, 1
220713, 1, 0
220723, 2, 1
220726, 3, 1
220954, 0, 0
220963, 1, 0
220973, 2, 1
220976, 3, 1
221204, 0, 0
221213, 1, 1
221223, 2, 0
221227, 3, 1
221454, 0, 1
221463, 1, 0
221473, 2, bit 1
221473, 2, 0
221477, 3, 1
221704, 0, 0
221713, 1, 1
221723, 2, 1
221727, 3, 1
221954, 0, 1
221963, 1, 1
221973, 2, 0
221977, 3, 1
222204, 0, 0
222213, 1, 0
222223, 2, 1
222227, 3, 1
222454, 0, 1
222464, 1, 1
222473, 2, 0
222477, 3, 1
222704, 0, 0
222714, 1, 0
222723, 2, 1
222727, 3, 1
222954, 0, 1
222964, 1, 0
222973, 2, 0
222977, 3, 1
223204, 0, 1
223214, 1, 1
223223, 2, 1
223227, 3, 1
223454, 0, 0
223464, 1, bit 1
223467, 1, 1
223473, 2, 1
223477, 3, 1
223704, 0, 1
223714, 1, 0
223723, 2, 0
223727, 3, 1
223954, 0, 0
223964, 1, 0
223973, 2, 0
223977, 3, 0
224204, 0, bit 1
224204, 0, 0
224214, 1, 1
224223, 2, 1
224227, 3, 0
224454, 0, 1
224464, 1, 1
224473, 2, 1
224477, 3, 0
224704, 0, 1
224714, 1, 0
224723, 2, 0
224727, 3, 0
224954, 0, 0
224964, 1, 1
224973, 2, bit 0
224973, 2, 1
224977, 3, 0
225204, 0, 1
225214, 1, 0
225223, 2, 0
225227, 3, 0
225454, 0, 0
225464, 1, 0
225473, 2, 1
225477, 3, 0
225704, 0, 1
225714, 1, 1
225723, 2, 0
225727, 3, 0
225954, 0, 0
225964, 1, 0
225973, 2, 1
225977, 3, 0
226204, 0, 1
226214, 1, 1
226223, 2, 0
226227, 3, 0
226454, 0, 0
226464, 1, 1
226473, 2, 1
226477, 3, 0
226704, 0, 0
226714, 1, 0
226723, 2, 0
226727, 3, 0
226954, 0, 1
226964, 1, bit 1
226964, 1, 1
226973, 2, 0
226977, 3, 0
227204, 0, 0
227214, 1, 0
227223, 2, 1
227227, 3, 0
227454, 0, 1
227464, 1, 0
227473, 2, 1
227477, 3, 0
227704, 0, bit 1
227704, 0, 0
227714, 1, 1
227723, 2, 0
227727, 3, 0
227954, 0, 1
227964, 1, 1
227973, 2, 0
227977, 3, prem 1
227977, 3, 1
228204, 0, 1
228214, 1, 0
228224, 2, 1
228227, 3, 1
228454, 0, 0
228464, 1, 1
228474, 2, bit 1
228474, 2, 0
228477, 3, 1
228704, 0, 1
228714, 1, 0
228724, 2, 1
228727, 3, 1
228954, 0, 0
228964, 1, 0
228974, 2, 0
228977, 3, 1
229204, 0, 1
229214, 1, 1
229224, 2, 1
229227, 3, 1
229454, 0, 0
229464, 1, 0
229474, 2, 0
229477, 3, 1
229704, 0, 1
229714, 1, 1
229724, 2, 1
229727, 3, 1
229954, 0, 0
229964, 1, 1
229974, 2, 0
229977, 3, 1
230204, 0, 0
230214, 1, 0
230224, 2, 1
230227, 3, 1
230454, 0, 1
230464, 1, bit 0
230464, 1, 0
230474, 2, 1
230477, 3, 1
230704, 0, 0
230714, 1, 1
230724, 2, 0
230727, 3, 1
230955, 0, 1
230964, 1, 1
230974, 2, 0
230977, 3, 1
231205, 0, bit 1
231205, 0, 0
231214, 1, 0
231224, 2, 1
231227, 3, 1
231455, 0, 1
231464, 1, 0
231474, 2, 1
231477, 3, 1
231705, 0, 1
231714, 1, 1
231724, 2, 0
231727, 3, 1
231955, 0, 0
231964, 1, 0
231974, 2, bit 1
231974, 2, 0
231977, 3, 0
232205, 0, 1
232214, 1, 1
232224, 2, 1
232227, 3, 0
232455, 0, 0
232464, 1, 1
232474, 2, 0
232477, 3, 0
232705, 0, 1
232714, 1, 0
232724, 2, 1
232727, 3, 0
232955, 0, 0
232964, 1, 1
232974, 2, 0
232977, 3, 0
233205, 0, 1
233214, 1, 0
233224, 2, 1
233227, 3, 0
233455, 0, 0
233464, 1, 0
233474, 2, 0
233477, 3, 0
233705, 0, 0
233714, 1, 1
233724, 2, 1
233728, 3, 0
233955, 0, 1
233964, 1, bit 0
233964, 1, 0
233974, 2, 1
233978, 3, 0
234205, 0, 0
234214, 1, 1
234224, 2, 0
234228, 3, 0
234455, 0, 1
234464, 1, 1
234474, 2, 0
234478, 3, 0
234705, 0, bit 1
234705, 0, 0
234714, 1, 0
234724, 2, 1
234728, 3, 0
234955, 0, 1
234964, 1, 0
234974, 2, 1
234978, 3, 0
235205, 0, 1
235214, 1, 1
235224, 2, 0
235228, 3, 0
235455, 0, 0
235464, 1, 0
235474, 2, bit 0
235474, 2, 1
235478, 3, 0
235705, 0, 1
235714, 1, 1
235724, 2, 0
235728, 3, 0
235955, 0, 0
235964, 1, 1
235974, 2, 1
235978, 3, prem 0
235981, 3, 0
236205, 0, 1
236214, 1, 0
236224, 2, 0
236228, 3, 0
236455, 0, 0
236464, 1, 1
236474, 2, 1
236478, 3, 0
236705, 0, 1
236715, 1, 0
236724, 2, 0
236728, 3, 0
236955, 0, 0
236965, 1, 0
236974, 2, 1
236978, 3, 0
237205, 0, 0
237215, 1, 1
237224, 2, 0
237228, 3, 0
237455, 0, 1
237465, 1, bit 0
237465, 1, 0
237474, 2, 0
237478, 3, 0
237705, 0, 0
237715, 1, 1
237724, 2, 1
237728, 3, 0
237955, 0, 1
237965, 1, 1
237974, 2, 1
237978, 3, 0
238205, 0, bit 1
238205, 0, 0
238215, 1, 0
238224, 2, 0
238228, 3, 0
238455, 0, 1
238465, 1, 0
238474, 2, 0
238478, 3, 0
238705, 0, 1
238715, 1, 1
238724, 2, 1
238728, 3, 0
238955, 0, 0
238965, 1, 0
238974, 2, bit 1
238974, 2, 0
238978, 3, 0
239205, 0, 1
239215, 1, 1
239224, 2, 1
239228, 3, 0
239455, 0, 0
239465, 1, 1
239474, 2, 0
239478, 3, 0
239705, 0, 1
239715, 1, 0
239724, 2, 1
239728, 3, 0
239955, 0, 0
239965, 1, 1
239974, 2, 0
239978, 3, 1
240205, 0, 1
240215, 1, 0
240224, 2, 1
240228, 3, 1
240455, 0, 0
240465, 1, 0
240474, 2, 0
240478, 3, 1
240705, 0, 0
240715, 1, 1
240724, 2, 1
240728, 3, 1
240955, 0, 1
240965, 1, bit 1
240965, 1, 1
240974, 2, 1
240978, 3, 1
241205, 0, 0
241215, 1, 0
241224, 2, 0
241228, 3, 1
241455, 0, 1
241465, 1, 0
241474, 2, 0
241478, 3, 1
241705, 0, bit 0
241705, 0, 1
241715, 1, 1
241724, 2, 1
241728, 3, 1
241955, 0, 0
241965, 1, 1
241974, 2, 1
241978, 3, 1
242205, 0, 0
242215, 1, 0
242224, 2, 0
242228, 3, 1
242455, 0, 1
242465, 1, 1
242475, 2, bit 1
242478, 2, 0
242478, 3, 1
242705, 0, 0
242715, 1, 0
242725, 2, 1
242728, 3, 1
242955, 0, 1
242965, 1, 0
242975, 2, 0
242978, 3, 1
243205, 0, 0
243215, 1, 1
243225, 2, 1
243228, 3, 1
243456, 0, 1
243465, 1, 0
243475, 2, 0
243478, 3, 1
243706, 0, 0
243715, 1, 1
243725, 2, 1
243728, 3, 1
243956, 0, 1
243965, 1, 1
243975, 2, 0
243978, 3, prem 0
243978, 3, 0
244206, 0, 1
244215, 1, 0
244225, 2, 1
244228, 3, 0
244456, 0, 0
244465, 1, bit 1
244465, 1, 1
244475, 2, 1
244478, 3, 0
244706, 0, 1
244715, 1, 0
244725, 2, 0
244728, 3, 0
244956, 0, 0
244965, 1, 0
244975, 2, 0
244978, 3, 0
245206, 0, bit 1
245206, 0, 0
245215, 1, 1
245225, 2, 1
245228, 3, 0
245456, 0, 1
245465, 1, 1
245475, 2, 1
245478, 3, 0
245706, 0, 1
245715, 1, 0
245725, 2, 0
245728, 3, 0
245956, 0, 0
245965, 1, 1
245975, 2, bit 1
245975, 2, 0
245978, 3, 0
246206, 0, 1
246215, 1, 0
246225, 2, 1
246228, 3, 0
246456, 0, 0
246465, 1, 0
246475, 2, 0
246478, 3, 0
246706, 0, 1
246715, 1, 1
246725, 2, 1
246728, 3, 0
246956, 0, 0
246965, 1, 0
246975, 2, 0
246978, 3, 0
247206, 0, 1
247215, 1, 1
247225, 2, 1
247228, 3, 0
247456, 0, 0
247465, 1, 1
247475, 2, 0
247478, 3, 0
247706, 0, 0
247715, 1, 0
247725, 2, 1
247728, 3, 0
247956, 0, 1
247965, 1, bit 0
247965, 1, 0
247975, 2, 1
247979, 3, 1
248206, 0, 0
248215, 1, 1
248225, 2, 0
248229, 3, 1
248456, 0, 1
248465, 1, 1
248475, 2, 0
248479, 3, 1
248706, 0, bit 1
248706, 0, 0
248715, 1, 0
248725, 2, 1
248729, 3, 1
248956, 0, 1
248965, 1, 0
248975, 2, 1
248979, 3, 1
249206, 0, 1
249216, 1, 1
249225, 2, 0
249229, 3, 1
249456, 0, 0
249466, 1, 0
249475, 2, bit 1
249475, 2, 0
249479, 3, 1
249706, 0, 1
249716, 1, 1
249725, 2, 1
249729, 3, 1
249956, 0, 0
249966, 1, 1
249975, 2, 0
249979, 3, 1
250206, 0, 1
250216, 1, 0
250225, 2, 1
250229, 3, 1
250456, 0, 0
250466, 1, 1
250475, 2, 0
250479, 3, 1
250706, 0, 1
250716, 1, 0
250725, 2, 1
250729, 3, 1
250956, 0, 0
250966, 1, 0
250975, 2, 0
250979, 3, 1
251206, 0, 0
251216, 1, 1
251225, 2, 1
251229, 3, 1
251456, 0, 1
251466, 1, bit 0
251466, 1, 0
251475, 2, 1
251479, 3, 1
251706, 0, 0
251716, 1, 1
251725, 2, 0
251729, 3, 1
251956, 0, 1
251966, 1, 1
251975, 2, 0
251979, 3, prem 0
251979, 3, 0
252206, 0, bit 1
252206, 0, 0
252216, 1, 0
252225, 2, 1
252229, 3, 0
252456, 0, 1
252466, 1, 0
252475, 2, 1
252479, 3, 0
252706, 0, 1
252716, 1, 1
252725, 2, 0
252729, 3, 0
252956, 0, 0
252966, 1, 0
252975, 2, bit 1
252978, 2, 0
252979, 3, 0
253206, 0, 1
253216, 1, 1
253225, 2, 1
253229, 3, 0
253456, 0, 0
253466, 1, 1
253475, 2, 0
253479, 3, 0
253706, 0, 1
253716, 1, 0
253725, 2, 1
253729, 3, 0
253956, 0, 0
253966, 1, 1
253975, 2, 0
253979, 3, 0
254206, 0, 1
254216, 1, 0
254225, 2, 1
254229, 3, 0
254456, 0, 0
254466, 1, 0
254475, 2, 0
254479, 3, 0
254706, 0, 0
254716, 1, 1
254725, 2, 1
254729, 3, 0
254956, 0, 1
254966, 1, bit 1
254966, 1, 1
254976, 2, 1
254979, 3, 0
255206, 0, 0
255216, 1, 0
255226, 2, 0
255229, 3, 0
255456, 0, 1
255466, 1, 0
255476, 2, 0
255479, 3, 0
255706, 0, bit 0
255706, 0, 1
255716, 1, 1
255726, 2, 1
255729, 3, 0
255956, 0, 0
255966, 1, 1
255976, 2, 1
255979, 3, 1
256206, 0, 0
256216, 1, 0
256226, 2, 0
256229, 3, 1
256456, 0, 1
256466, 1, 1
256476, 2, bit 1
256476, 2, 0
256479, 3, 1
256706, 0, 0
256716, 1, 0
256726, 2, 1
256729, 3, 1
256956, 0, 1
256966, 1, 0
256976, 2, 0
256979, 3, 1
257206, 0, 0
257216, 1, 1
257226, 2, 1
257229, 3, 1
257456, 0, 1
257466, 1, 0
257476, 2, 0
257479, 3, 1
257707, 0, 0
257716, 1, 1
257726, 2, 1
257729, 3, 1
257957, 0, 1
257966, 1, 1
257976, 2, 0
257979, 3, 1
258207, 0, 1
258216, 1, 0
258226, 2, 1
258229, 3, 1
258457, 0, 0
258466, 1, bit 0
258466, 1, 0
258476, 2, 1
258479, 3, 1
258707, 0, 1
258716, 1, 1
258726, 2, 0
258729, 3, 1
258957, 0, 0
258966, 1, 1
258976, 2, 0
258979, 3, 1
259207, 0, bit 0
259207, 0, 1
259216, 1, 0
259226, 2, 1
259229, 3, 1
259457, 0, 0
259466, 1, 0
259476, 2, 1
259479, 3, 1
259707, 0, 0
259716, 1, 1
259726, 2, 0
259729, 3, 1
259957, 0, 1
259966, 1, 0
259976, 2, bit 1
259976, 2, 0
259979, 3, prem 0
259979, 3, 0
260207, 0, 0
260216, 1, 1
260226, 2, 1
260229, 3, 0
260457, 0, 1
260466, 1, 1
260476, 2, 0
260480, 3, 0
260707, 0, 0
260716, 1, 0
260726, 2, 1
260730, 3, 0
260957, 0, 1
260966, 1, 1
260976, 2, 0
260980, 3, 0
261207, 0, 0
261216, 1, 0
261226, 2, 1
261230, 3, 0
261457, 0, 1
261466, 1, 0
261476, 2, 0
261480, 3, 0
261707, 0, 1
261716, 1, 1
261726, 2, 1
261730, 3, 0
261957, 0, 0
261966, 1, bit 0
261966, 1, 0
261976, 2, 1
261980, 3, 0
262207, 0, 1
262216, 1, 1
262226, 2, 0
262230, 3, 0
262457, 0, 0
262466, 1, 1
262476, 2, 0
262480, 3, 0
262707, 0, bit 1
262707, 0, 0
262716, 1, 0
262726, 2, 1
262730, 3, 0
262957, 0, 1
262966, 1, 0
262976, 2, 1
262980, 3, 0
263207, 0, 1
263216, 1, 1
263226, 2, 0
263230, 3, 0
263457, 0, 0
263467, 1, 0
263476, 2, bit 0
263476, 2, 1
263480, 3, 0
263707, 0, 1
263717, 1, 1
263726, 2, 0
263730, 3, 0
263957, 0, 0
263967, 1, 1
263976, 2, 1
263980, 3, 1
264207, 0, 1
264217, 1, 0
264226, 2, 0
264230, 3, 1
264457, 0, 0
264467, 1, 1
264476, 2, 1
264480, 3, 1
264707, 0, 1
264717, 1, 0
264726, 2, 0
264730, 3, 1
264957, 0, 0
264967, 1, 0
264976, 2, 1
264980, 3, 1
265207, 0, 0
265217, 1, 1
265226, 2, 0
265230, 3, 1
265457, 0, 1
265467, 1, bit 0
265467, 1, 0
265476, 2, 0
265480, 3, 1
265707, 0, 0
265717, 1, 1
265726, 2, 1
265730, 3, 1
265957, 0, 1
265967, 1, 1
265976, 2, 1
265980, 3, 1
266207, 0, bit 0
266207, 0, 1
266217, 1, 0
266226, 2, 0
266230, 3, 1
266457, 0, 0
266467, 1, 0
266476, 2, 0
266480, 3, 1
266707, 0, 0
266717, 1, 1
266726, 2, 1
266730, 3, 1
266957, 0, 1
266967, 1, 0
266976, 2, bit 1
266976, 2, 0
266980, 3, 1
267207, 0, 0
267217, 1, 1
267226, 2, 1
267230, 3, 1
267457, 0, 1
267467, 1, 1
267476, 2, 0
267480, 3, 1
267707, 0, 0
267717, 1, 0
267726, 2, 1
267730, 3, 1
267957, 0, 1
267967, 1, 1
267976, 2, 0
267980, 3, prem 0
267980, 3, 0
268207, 0, 0
268217, 1, 0
268226, 2, 1
268230, 3, 0
268457, 0, 1
268467, 1, 0
268476, 2, 0
268480, 3, 0
268707, 0, 1
268717, 1, 1
268726, 2, 1
268730, 3, 0
268957, 0, 0
268967, 1, bit 0
268967, 1, 0
268976, 2, 1
268980, 3, 0
269207, 0, 1
269217, 1, 1
269227, 2, 0
269230, 3, 0
269457, 0, 0
269467, 1, 1
269477, 2, 0
269480, 3, 0
269707, 0, bit 1
269707, 0, 0
269717, 1, 0
269727, 2, 1
269730, 3, 0
269957, 0, 1
269967, 1, 0
269977, 2, 1
269980, 3, 0
270208, 0, 1
270217, 1, 1
270227, 2, 0
270230, 3, 0
270458, 0, 0
270467, 1, 0
270477, 2, bit 0
270477, 2, 1
270480, 3, 0
270708, 0, 1
270717, 1, 1
270727, 2, 0
270730, 3, 0
270958, 0, 0
270967, 1, 1
270977, 2, 1
270980, 3, 0
271208, 0, 1
271217, 1, 0
271227, 2, 0
271230, 3, 0
271458, 0, 0
271467, 1, 1
271477, 2, 1
271480, 3, 0
271708, 0, 1
271717, 1, 0
271727, 2, 0
271730, 3, 0
271958, 0, 0
271967, 1, 0
271977, 2, 1
271980, 3, 1
272208, 0, 0
272217, 1, 1
272227, 2, 0
272230, 3, 1
272458, 0, 1
272467, 1, bit 1
272467, 1, 1
272477, 2, 0
272480, 3, 1
272708, 0, 0
272717, 1, 0
272727, 2, 1
272730, 3, 1
272958, 0, 1
272967, 1, 0
272977, 2, 1
272980, 3, 1
273208, 0, bit 0
273208, 0, 1
273217, 1, 1
273227, 2, 0
273230, 3, 1
273458, 0, 0
273467, 1, 1
273477, 2, 0
273480, 3, 1
273708, 0, 0
273717, 1, 0
273727, 2, 1
273730, 3, 1
273958, 0, 1
273967, 1, 1
273977, 2, bit 1
273977, 2, 0
273980, 3, 1
274208, 0, 0
274217, 1, 0
274227, 2, 1
274230, 3, 1
274458, 0, 1
274467, 1, 0
274477, 2, 0
274480, 3, 1
274708, 0, 0
274717, 1, 1
274727, 2, 1
274731, 3, 1
274958, 0, 1
274967, 1, 0
274977, 2, 0
274981, 3, 1
275208, 0, 0
275217, 1, 1
275227, 2, 1
275231, 3, 1
275458, 0, 1
275467, 1, 1
275477, 2, 0
275481, 3, 1
275708, 0, 1
275717, 1, 0
275727, 2, 1
275731, 3, 1
275958, 0, 0
275968, 1, bit 1
275968, 1, 1
275977, 2, 1
275981, 3, bit 1
275981, 3, 1
276208, 0, 1
276218, 1, 0
276227, 2, 0
276231, 3, 0
276458, 0, 0
276468, 1, 0
276477, 2, 0
276481, 3, 1
276708, 0, bit 0
276708, 0, 1
276718, 1, 1
276727, 2, 1
276731, 3, 0
276958, 0, 0
276968, 1, 1
276977, 2, 1
276981, 3, 0
277208, 0, 0
277218, 1, 0
277227, 2, 0
277231, 3, 1
277458, 0, 1
277468, 1, 1
277477, 2, bit 0
277477, 2, 1
277481, 3, 0
277708, 0, 0
277718, 1, 0
277727, 2, 0
277731, 3, 1
277958, 0, 1
277968, 1, 0
277977, 2, 1
277981, 3, 0
278208, 0, 0
278218, 1, 1
278227, 2, 0
278231, 3, 1
278458, 0, 1
278468, 1, 0
278477, 2, 1
278481, 3, 0
278708, 0, 0
278718, 1, 1
278727, 2, 0
278731, 3, 1
278958, 0, 1
278968, 1, 1
278977, 2, 1
278981, 3, 0
279208, 0, 1
279218, 1, 0
279227, 2, 0
279231, 3, 1
279458, 0, 0
279468, 1, bit 1
279468, 1, 1
279477, 2, 0
279481, 3, bit 1
279481, 3, 1
279708, 0, 1
279718, 1, 0
279727, 2, 1
279731, 3, 0
279958, 0, 0
279968, 1, 0
279977, 2, 1
279981, 3, 1
280208, 0, bit 0
280208, 0, 1
280218, 1, 1
280227, 2, 0
280231, 3, 0
280458, 0, 0
280468, 1, 1
280477, 2, 0
280481, 3, 0
280708, 0, 0
280718, 1, 0
280727, 2, 1
280731, 3, 1
280958, 0, 1
280968, 1, 1
280977, 2, bit 1
280977, 2, 0
280981, 3, 0
281208, 0, 0
281218, 1, 0
281227, 2, 1
281231, 3, 1
281458, 0, 1
281468, 1, 0
281477, 2, 0
281481, 3, 0
281708, 0, 0
281718, 1, 1
281728, 2, 1
281731, 3, 1
281958, 0, 1
281968, 1, 0
281978, 2, 0
281981, 3, 0
282208, 0, 0
282218, 1, 1
282228, 2, 1
282231, 3, 1
282458, 0, 1
282468, 1, 1
282478, 2, 0
282481, 3, 0
282708, 0, 1
282718, 1, 0
282728, 2, 1
282731, 3, 1
282958, 0, 0
282968, 1, bit 1
282968, 1, 1
282978, 2, 1
282981, 3, bit 1
282981, 3, 1
283208, 0, 1
283218, 1, 0
283228, 2, 0
283231, 3, 0
283458, 0, 0
283468, 1, 0
283478, 2, 0
283481, 3, 1
283708, 0, bit 0
283708, 0, 1
283718, 1, 1
283728, 2, 1
283731, 3, 0
283958, 0, 0
283968, 1, 1
283978, 2, 1
283981, 3, 0
284208, 0, 0
284218, 1, 0
284228, 2, 0
284231, 3, 1
284459, 0, 1
284468, 1, 1
284478, 2, bit 0
284478, 2, 1
284481, 3, 0
284709, 0, 0
284718, 1, 0
284728, 2, 0
284731, 3, 1
284959, 0, 1
284968, 1, 0
284978, 2, 1
284981, 3, 0
285209, 0, 0
285218, 1, 1
285228, 2, 0
285231, 3, 1
285459, 0, 1
285468, 1, 0
285478, 2, 1
285481, 3, 0
285709, 0, 0
285718, 1, 1
285728, 2, 0
285731, 3, 1
285959, 0, 1
285968, 1, 1
285978, 2, 1
285981, 3, 0
286209, 0, 1
286218, 1, 0
286228, 2, 0
286231, 3, 1
286459, 0, 0
286468, 1, bit 1
286468, 1, 1
286478, 2, 0
286481, 3, bit 1
286481, 3, 1
286709, 0, 1
286718, 1, 0
286728, 2, 1
286731, 3, 0
286959, 0, 0
286968, 1, 0
286978, 2, 1
286981, 3, 1
287209, 0, bit 0
287209, 0, 1
287218, 1, 1
287228, 2, 0
287232, 3, 0
287459, 0, 0
287468, 1, 1
287478, 2, 0
287482, 3, 0
287709, 0, 0
287718, 1, 0
287728, 2, 1
287732, 3, 1
287959, 0, 1
287968, 1, 1
287978, 2, bit 0
287978, 2, 1
287982, 3, 0
288209, 0, 0
288218, 1, 0
288228, 2, 0
288232, 3, 1
288459, 0, 1
288468, 1, 0
288478, 2, 1
288482, 3, 0
288709, 0, 0
288718, 1, 1
288728, 2, 0
288732, 3, 1
288959, 0, 1
288968, 1, 0
288978, 2, 1
288982, 3, 0
289209, 0, 0
289218, 1, 1
289228, 2, 0
289232, 3, 1
289459, 0, 1
289468, 1, 1
289478, 2, 1
289482, 3, 0
289709, 0, 1
289718, 1, 0
289728, 2, 0
289732, 3, 1
289959, 0, 0
289968, 1, bit 1
289968, 1, 1
289978, 2, 0
289982, 3, bit 0
289982, 3, 0
290209, 0, 1
290219, 1, 0
290228, 2, 1
290232, 3, 1
290459, 0, 0
290469, 1, 0
290478, 2, 1
290482, 3, 0
290709, 0, bit 1
290709, 0, 0
290719, 1, 1
290728, 2, 0
290732, 3, 1
290959, 0, 1
290969, 1, 1
290978, 2, 0
290982, 3, 1
291209, 0, 1
291219, 1, 0
291228, 2, 1
291232, 3, 0
291459, 0, 0
291469, 1, 1
291478, 2, bit 1
291478, 2, 0
291482, 3, 1
291709, 0, 1
291719, 1, 0
291728, 2, 1
291732, 3, 0
291959, 0, 0
291969, 1, 0
291978, 2, 0
291982, 3, 1
292209, 0, 1
292219, 1, 1
292228, 2, 1
292232, 3, 0
292459, 0, 0
292469, 1, 0
292478, 2, 0
292482, 3, 1
292709, 0, 1
292719, 1, 1
292728, 2, 1
292732, 3, 0
292959, 0, 0
292969, 1, 1
292978, 2, 0
292982, 3, 1
293209, 0, 0
293219, 1, 0
293228, 2, 1
293232, 3, 0
293459, 0, 1
293469, 1, bit 1
293469, 1, 1
293478, 2, 1
293482, 3, bit 0
293482, 3, 0
293709, 0, 0
293719, 1, 0
293728, 2, 0
293732, 3, 1
293959, 0, 1
293969, 1, 0
293978, 2, 0
293982, 3, 0
294209, 0, bit 1
294209, 0, 0
294219, 1, 1
294228, 2, 1
294232, 3, 1
294459, 0, 1
294469, 1, 1
294478, 2, 1
294482, 3, 1
294709, 0, 1
294719, 1, 0
294728, 2, 0
294732, 3, 0
294959, 0, 0
294969, 1, 1
294978, 2, bit 0
294978, 2, 1
294982, 3, 1
295209, 0, 1
295219, 1, 0
295228, 2, 0
295232, 3, 0
295459, 0, 0
295469, 1, 0
295478, 2, 1
295482, 3, 1
295709, 0, 1
295719, 1, 1
295728, 2, 0
295732, 3, 0
295959, 0, 0
295969, 1, 0
295979, 2, 1
295982, 3, 1
296209, 0, 1
296219, 1, 1
296229, 2, 0
296232, 3, 0
296459, 0, 0
296469, 1, 1
296479, 2, 1
296482, 3, 1
296709, 0, 0
296719, 1, 0
296729, 2, 0
296732, 3, 0
296960, 0, 1
296969, 1, bit 0
296969, 1, 0
296979, 2, 0
296982, 3, bit 0
296982, 3, 0
297210, 0, 0
297219, 1, 1
297229, 2, 1
297232, 3, 1
297460, 0, 1
297469, 1, 1
297479, 2, 1
297482, 3, 0
297710, 0, bit 0
297710, 0, 1
297719, 1, 0
297729, 2, 0
297732, 3, 1
297960, 0, 0
297969, 1, 0
297979, 2, 0
297982, 3, 1
298210, 0, 0
298219, 1, 1
298229, 2, 1
298232, 3, 0
298460, 0, 1
298469, 1, 0
298479, 2, bit 1
298479, 2, 0
298482, 3, 1
298710, 0, 0
298719, 1, 1
298729, 2, 1
298732, 3, 0
298960, 0, 1
298969, 1, 1
298979, 2, 0
298982, 3, 1
299210, 0, 0
299219, 1, 0
299229, 2, 1
299232, 3, 0
299460, 0, 1
299469, 1, 1
299479, 2, 0
299482, 3, 1
299710, 0, 0
299719, 1, 0
299729, 2, 1
299732, 3, 0
299960, 0, 1
299969, 1, 0
299979, 2, 0
299982, 3, 1
300210, 0, 1
300219, 1, 1
300229, 2, 1
300232, 3, 0
300460, 0, 0
300469, 1, bit 1
300469, 1, 1
300479, 2, 1
300482, 3, bit 0
300482, 3, 0
300710, 0, 1
300719, 1, 0
300729, 2, 0
300732, 3, 1
300960, 0, 0
300969, 1, 0
300979, 2, 0
300982, 3, 0
301210, 0, bit 0
301210, 0, 1
301219, 1, 1
301229, 2, 1
301232, 3, 1
301460, 0, 0
301469, 1, 1
301479, 2, 1
301483, 3, 1
301710, 0, 0
301719, 1, 0
301729, 2, 0
301733, 3, 0
301960, 0, 1
301969, 1, 1
301979, 2, bit 1
301979, 2, 0
301983, 3, 1
302210, 0, 0
302219, 1, 0
302229, 2, 1
302233, 3, 0
302460, 0, 1
302469, 1, 0
302479, 2, 0
302483, 3, 1
302710, 0, 0
302720, 1, 1
302729, 2, 1
302733, 3, 0
302960, 0, 1
302970, 1, 0
302979, 2, 0
302983, 3, 1
303210, 0, 0
303220, 1, 1
303229, 2, 1
303233, 3, 0
303460, 0, 1
303470, 1, 1
303479, 2, 0
303483, 3, 1
303710, 0, 1
303720, 1, 0
303729, 2, 1
303733, 3, 0
303960, 0, 0
303970, 1, bit 0
303970, 1, 0
303979, 2, 1
303983, 3, bit 0
303983, 3, 0
304210, 0, 1
304220, 1, 1
304229, 2, 0
304233, 3, 1
304460, 0, 0
304470, 1, 1
304479, 2, 0
304483, 3, 0
304710, 0, bit 1
304710, 0, 0
304720, 1, 0
304729, 2, 1
304733, 3, 1
304960, 0, 1
304970, 1, 0
304979, 2, 1
304983, 3, 1
305210, 0, 1
305220, 1, 1
305229, 2, 0
305233, 3, 0
305460, 0, 0
305470, 1, 0
305479, 2, bit 1
305479, 2, 0
305483, 3, 1
305710, 0, 1
305720, 1, 1
305729, 2, 1
305733, 3, 0
305960, 0, 0
305970, 1, 1
305979, 2, 0
305983, 3, 1
306210, 0, 1
306220, 1, 0
306229, 2, 1
306233, 3, 0
306460, 0, 0
306470, 1, 1
306479, 2, 0
306483, 3, 1
306710, 0, 1
306720, 1, 0
306729, 2, 1
306733, 3, 0
306960, 0, 0
306970, 1, 0
306979, 2, 0
306983, 3, 1
307210, 0, 0
307220, 1, 1
307229, 2, 1
307233, 3, 0
307460, 0, 1
307470, 1, bit 0
307470, 1, 0
307479, 2, 1
307483, 3, bit 0
307483, 3, 0
307710, 0, 0
307720, 1, 1
307729, 2, 0
307733, 3, 1
307960, 0, 1
307970, 1, 1
307979, 2, 0
307983, 3, 0
308210, 0, bit 1
308210, 0, 0
308220, 1, 0
308229, 2, 1
308233, 3, 1
308460, 0, 1
308470, 1, 0
308480, 2, 1
308483, 3, 1
308710, 0, 1
308720, 1, 1
308730, 2, 0
308733, 3, 0
308960, 0, 0
308970, 1, 0
308980, 2, bit 1
308980, 2, 0
308983, 3, 1
309210, 0, 1
309220, 1, 1
309230, 2, 1
309233, 3, 0
309460, 0, 0
309470, 1, 1
309480, 2, 0
309483, 3, 1
309710, 0, 1
309720, 1, 0
309730, 2, 1
309733, 3, 0
309960, 0, 0
309970, 1, 1
309980, 2, 0
309983, 3, 1
310210, 0, 1
310220, 1, 0
310230, 2, 1
310233, 3, 0
310460, 0, 0
310470, 1, 0
310480, 2, 0
310483, 3, 1
310710, 0, 0
310720, 1, 1
310730, 2, 1
310733, 3, 0
310960, 0, 1
310970, 1, bit 0
310970, 1, 0
310980, 2, 1
310983, 3, bit 0
310983, 3, 0
311211, 0, 0
311220, 1, 1
311230, 2, 0
311233, 3, 1
311461, 0, 1
311470, 1, 1
311480, 2, 0
311483, 3, 0
311711, 0, bit 1
311711, 0, 0
311720, 1, 0
311730, 2, 1
311733, 3, 1
311961, 0, 1
311970, 1, 0
311980, 2, 1
311983, 3, 1
312211, 0, 1
312220, 1, 1
312230, 2, 0
312233, 3, 0
312461, 0, 0
312470, 1, 0
312480, 2, bit 1
312480, 2, 0
312483, 3, 1
312711, 0, 1
312720, 1, 1
312730, 2, 1
312733, 3, 0
312961, 0, 0
312970, 1, 1
312980, 2, 0
312983, 3, 1
313211, 0, 1
313220, 1, 0
313230, 2, 1
313233, 3, 0
313461, 0, 0
313470, 1, 1
313480, 2, 0
313483, 3, 1
313711, 0, 1
313720, 1, 0
313730, 2, 1
313733, 3, 0
313961, 0, 0
313970, 1, 0
313980, 2, 0
313984, 3, 1
314211, 0, 0
314220, 1, 1
314230, 2, 1
314234, 3, 0
314461, 0, 1
314470, 1, bit 1
314470, 1, 1
314480, 2, 1
314484, 3, bit 1
314484, 3, 1
314711, 0, 0
314720, 1, 0
314730, 2, 0
314734, 3, 0
314961, 0, 1
314970, 1, 0
314980, 2, 0
314984, 3, 1
315211, 0, bit 0
315211, 0, 1
315220, 1, 1
315230, 2, 1
315234, 3, 0
315461, 0, 0
315470, 1, 1
315480, 2, 1
315484, 3, 0
315711, 0, 0
315720, 1, 0
315730, 2, 0
315734, 3, 1
315961, 0, 1
315970, 1, 1
315980, 2, bit 1
315980, 2, 0
315984, 3, 0
316211, 0, 0
316220, 1, 0
316230, 2, 1
316234, 3, 1
316461, 0, 1
316470, 1, 0
316480, 2, 0
316484, 3, 0
316711, 0, 0
316720, 1, 1
316730, 2, 1
316734, 3, 1
316961, 0, 1
316971, 1, 0
316980, 2, 0
316984, 3, 0
317211, 0, 0
317221, 1, 1
317230, 2, 1
317234, 3, 1
317461, 0, 1
317471, 1, 1
317480, 2, 0
317484, 3, 0
317711, 0, 1
317721, 1, 0
317730, 2, 1
317734, 3, 1
317961, 0, 0
317971, 1, bit 1
317971, 1, 1
317980, 2, 1
317984, 3, bit 1
317984, 3, 1
318211, 0, 1
318221, 1, 0
318230, 2, 0
318234, 3, 0
318461, 0, 0
318471, 1, 0
318480, 2, 0
318484, 3, 1
318711, 0, bit 0
318711, 0, 1
318721, 1, 1
318730, 2, 1
318734, 3, 0
318961, 0, 0
318971, 1, 1
318980, 2, 1
318984, 3, 0
319211, 0, 0
319221, 1, 0
319230, 2, 0
319234, 3, 1
319461, 0, 1
319471, 1, 1
319480, 2, bit 0
319480, 2, 1
319484, 3, 0
319711, 0, 0
319721, 1, 0
319730, 2, 0
319734, 3, 1
319961, 0, 1
319971, 1, 0
319980, 2, 1
319984, 3, 0
320211, 0, 0
320221, 1, 1
320230, 2, 0
320234, 3, 1
320461, 0, 1
320471, 1, 0
320480, 2, 1
320484, 3, 0
320711, 0, 0
320721, 1, 1
320730, 2, 0
320734, 3, 1
320961, 0, 1
320971, 1, 1
320980, 2, 1
320984, 3, 0
321211, 0, 1
321221, 1, 0
321230, 2, 0
321234, 3, 1
321461, 0, 0
321471, 1, bit 1
321471, 1, 1
321480, 2, 0
321484, 3, bit 0
321484, 3, 0
321711, 0, 1
321721, 1, 0
321730, 2, 1
321734, 3, 1
321961, 0, 0
321971, 1, 0
321980, 2, 1
321984, 3, 0
322211, 0, bit 1
322211, 0, 0
322221, 1, 1
322230, 2, 0
322234, 3, 1
322461, 0, 1
322471, 1, 1
322480, 2, 0
322484, 3, 1
322711, 0, 1
322721, 1, 0
322731, 2, 1
322734, 3, 0
322961, 0, 0
322971, 1, 1
322981, 2, bit 0
322981, 2, 1
322984, 3, 1
323211, 0, 1
323221, 1, 0
323231, 2, 0
323234, 3, 0
323461, 0, 0
323471, 1, 0
323481, 2, 1
323484, 3, 1
323712, 0, 1
323721, 1, 1
323731, 2, 0
323734, 3, 0
323962, 0, 0
323971, 1, 0
323981, 2, 1
323984, 3, 1
324212, 0, 1
324221, 1, 1
324231, 2, 0
324234, 3, 0
324462, 0, 0
324471, 1, 1
324481, 2, 1
324484, 3, 1
324712, 0, 0
324721, 1, 0
324731, 2, 0
324734, 3, 0
324962, 0, 1
324971, 1, bit 1
324971, 1, 1
324981, 2, 0
324984, 3, bit 1
324984, 3, 1
325212, 0, 0
325221, 1, 0
325231, 2, 1
325234, 3, 0
325462, 0, 1
325471, 1, 0
325481, 2, 1
325484, 3, 1
325712, 0, bit 1
325712, 0, 0
325721, 1, 1
325731, 2, 0
325734, 3, 0
325962, 0, 1
325971, 1, 1
325981, 2, 0
325984, 3, 0
326212, 0, 1
326221, 1, 0
326231, 2, 1
326234, 3, 1
326462, 0, 0
326471, 1, 1
326481, 2, bit 0
326481, 2, 1
326484, 3, 0
326712, 0, 1
326721, 1, 0
326731, 2, 0
326734, 3, 1
326962, 0, 0
326971, 1, 0
326981, 2, 1
326984, 3, 0
327212, 0, 1
327221, 1, 1
327231, 2, 0
327234, 3, 1
327462, 0, 0
327471, 1, 0
327481, 2, 1
327484, 3, 0
327712, 0, 1
327721, 1, 1
327731, 2, 0
327734, 3, 1
327962, 0, 0
327971, 1, 1
327981, 2, 1
327984, 3, 0
328212, 0, 0
328221, 1, 0
328231, 2, 0
328235, 3, 1
328462, 0, 1
328471, 1, bit 1
328471, 1, 1
328481, 2, 0
328485, 3, bit 0
328485, 3, 0
328712, 0, 0
328721, 1, 0
328731, 2, 1
328735, 3, 1
328962, 0, 1
328971, 1, 0
328981, 2, 1
328985, 3, 0
329212, 0, bit 0
329212, 0, 1
329221, 1, 1
329231, 2, 0
329235, 3, 1
329462, 0, 0
329472, 1, 1
329481, 2, 0
329485, 3, 1
329712, 0, 0
329722, 1, 0
329731, 2, 1
329735, 3, 0
329962, 0, 1
329972, 1, 1
329981, 2, bit 0
329981, 2, 1
329985, 3, 1
330212, 0, 0
330222, 1, 0
330231, 2, 0
330235, 3, 0
330462, 0, 1
330472, 1, 0
330481, 2, 1
330485, 3, 1
330712, 0, 0
330722, 1, 1
330731, 2, 0
330735, 3, 0
330962, 0, 1
330972, 1, 0
330981, 2, 1
330985, 3, 1
331212, 0, 0
331222, 1, 1
331231, 2, 0
331235, 3, 0
331462, 0, 1
331472, 1, 1
331481, 2, 1
331485, 3, 1
331712, 0, 1
331722, 1, 0
331731, 2, 0
331735, 3, 0
331962, 0, 0
331972, 1, bit 0
331972, 1, 0
331981, 2, 0
331985, 3, bit 1
331985, 3, 1
332212, 0, 1
332222, 1, 1
332231, 2, 1
332235, 3, 0
332462, 0, 0
332472, 1, 1
332481, 2, 1
332485, 3, 1
332712, 0, bit 1
332712, 0, 0
332722, 1, 0
332731, 2, 0
332735, 3, 0
332962, 0, 1
332972, 1, 0
332981, 2, 0
332985, 3, 0
333212, 0, 1
333222, 1, 1
333231, 2, 1
333235, 3, 1
333462, 0, 0
333472, 1, 0
333481, 2, bit 1
333481, 2, 0
333485, 3, 0
333712, 0, 1
333722, 1, 1
333731, 2, 1
333735, 3, 1
333962, 0, 0
333972, 1, 1
333981, 2, 0
333985, 3, 0
334212, 0, 1
334222, 1, 0
334231, 2, 1
334235, 3, 1
334462, 0, 0
334472, 1, 1
334481, 2, 0
334485, 3, 0
334712, 0, 1
334722, 1, 0
334731, 2, 1
334735, 3, 1
334962, 0, 0
334972, 1, 0
334981, 2, 0
334991, 3, 0
335212, 0, 0
335222, 1, 1
335232, 2, 1
335241, 3, 1
335462, 0, 1
335472, 1, bit 1
335472, 1, 1
335482, 2, 1
335491, 3, bit 1
335491, 3, 1
335712, 0, 0
335722, 1, 0
335732, 2, 0
335741, 3, 0
335962, 0, 1
335972, 1, 0
335982, 2, 0
335991, 3, 1
336212, 0, bit 1
336212, 0, 0
336222, 1, 1
336232, 2, 1
336241, 3, 0
336462, 0, 1
336472, 1, 1
336482, 2, 1
336491, 3, 0
336712, 0, 1
336722, 1, 0
336732, 2, 0
336741, 3, 1
336962, 0, 0
336972, 1, 1
336982, 2, bit 1
336985, 2, 0
336991, 3, 0
337212, 0, 1
337222, 1, 0
337232, 2, 1
337241, 3, 1
337462, 0, 0
337472, 1, 0
337482, 2, 0
337491, 3, 0
337712, 0, 1
337722, 1, 1
337732, 2, 1
337741, 3, 1
337963, 0, 0
337972, 1, 0
337982, 2, 0
337991, 3, 0
338213, 0, 1
338222, 1, 1
338232, 2, 1
338241, 3, 1
338463, 0, 0
338472, 1, 1
338482, 2, 0
338491, 3, 0
338713, 0, 0
338722, 1, 0
338732, 2, 1
338741, 3, 1
338963, 0, 1
338972, 1, bit 0
338972, 1, 0
338982, 2, 1
338991, 3, bit 1
338991, 3, 1
339213, 0, 0
339222, 1, 1
339232, 2, 0
339241, 3, 0
339463, 0, 1
339472, 1, 1
339482, 2, 0
339491, 3, 1
339713, 0, bit 1
339713, 0, 0
339722, 1, 0
339732, 2, 1
339741, 3, 0
339963, 0, 1
339972, 1, 0
339982, 2, 1
339991, 3, 0
340213, 0, 1
340222, 1, 1
340232, 2, 0
340241, 3, 1
340463, 0, 0
340472, 1, 0
340482, 2, bit 0
340482, 2, 1
340491, 3, 0
340713, 0, 1
340722, 1, 1
340732, 2, 0
340741, 3, 1
340963, 0, 0
340972, 1, 1
340982, 2, 1
340992, 3, 0
341213, 0, 1
341222, 1, 0
341232, 2, 0
341242, 3, 1
341463, 0, 0
341472, 1, 1
341482, 2, 1
341492, 3, 0
341713, 0, 1
341722, 1, 0
341732, 2, 0
341742, 3, 1
341963, 0, 0
341972, 1, 0
341982, 2, 1
341992, 3, 0
342213, 0, 0
342222, 1, 1
342232, 2, 0
342242, 3, 1
342463, 0, 1
342472, 1, bit 1
342472, 1, 1
342482, 2, 0
342492, 3, bit 0
342492, 3, 0
342713, 0, 0
342722, 1, 0
342732, 2, 1
342742, 3, 1
342963, 0, 1
342972, 1, 0
342982, 2, 1
342992, 3, 0
343213, 0, bit 0
343213, 0, 1
343222, 1, 1
343232, 2, 0
343242, 3, 1
343463, 0, 0
343472, 1, 1
343482, 2, 0
343492, 3, 1
343713, 0, 0
343723, 1, 0
343732, 2, 1
343742, 3, 0
343963, 0, 1
343973, 1, 1
343982, 2, bit 1
343982, 2, 0
343992, 3, 1
344213, 0, 0
344223, 1, 0
344232, 2, 1
344242, 3, 0
344463, 0, 1
344473, 1, 0
344482, 2, 0
344492, 3, 1
344713, 0, 0
344723, 1, 1
344732, 2, 1
344742, 3, 0
344963, 0, 1
344973, 1, 0
344982, 2, 0
344992, 3, 1
345213, 0, 0
345223, 1, 1
345232, 2, 1
345242, 3, 0
345463, 0, 1
345473, 1, 1
345482, 2, 0
345492, 3, 1
345713, 0, 1
345723, 1, 0
345732, 2, 1
345742, 3, 0
345963, 0, 0
345973, 1, bit 0
345973, 1, 0
345982, 2, 1
345992, 3, bit 1
345992, 3, 1
346213, 0, 1
346223, 1, 1
346232, 2, 0
346242, 3, 0
346463, 0, 0
346473, 1, 1
346482, 2, 0
346492, 3, 1
346713, 0, bit 0
346713, 0, 1
346723, 1, 0
346732, 2, 1
346742, 3, 0
346963, 0, 0
346973, 1, 0
346982, 2, 1
346992, 3, 0
347213, 0, 0
347223, 1, 1
347232, 2, 0
347242, 3, 1
347463, 0, 1
347473, 1, 0
347482, 2, bit 0
347485, 2, 1
347492, 3, 0
347713, 0, 0
347723, 1, 1
347732, 2, 0
347742, 3, 1
347963, 0, 1
347973, 1, 1
347982, 2, 1
347992, 3, 0
348213, 0, 0
348223, 1, 0
348232, 2, 0
348242, 3, 1
348463, 0, 1
348473, 1, 1
348482, 2, 1
348492, 3, 0
348713, 0, 0
348723, 1, 0
348732, 2, 0
348742, 3, 1
348963, 0, 1
348973, 1, 0
348982, 2, 1
348992, 3, 0
349213, 0, 1
349223, 1, 1
349232, 2, 0
349242, 3, 1
349463, 0, 0
349473, 1, bit 1
349473, 1, 1
349483, 2, 0
349492, 3, bit 0
349492, 3, 0
349713, 0, 1
349723, 1, 0
349733, 2, 1
349742, 3, 1
349963, 0, 0
349973, 1, 0
349983, 2, 1
349992, 3, 0
350213, 0, bit 1
350213, 0, 0
350223, 1, 1
350233, 2, 0
350242, 3, 1
350464, 0, 1
350473, 1, 1
350483, 2, 0
350492, 3, 1
350714, 0, 1
350723, 1, 0
350733, 2, 1
350742, 3, 0
350964, 0, 0
350973, 1, 1
350983, 2, bit 1
350983, 2, 0
350992, 3, 1
351214, 0, 1
351223, 1, 0
351233, 2, 1
351242, 3, 0
351464, 0, 0
351473, 1, 0
351483, 2, 0
351492, 3, 1
351714, 0, 1
351723, 1, 1
351733, 2, 1
351742, 3, 0
351964, 0, 0
351973, 1, 0
351983, 2, 0
351992, 3, 1
352214, 0, 1
352223, 1, 1
352233, 2, 1
352242, 3, 0
352464, 0, 0
352473, 1, 1
352483, 2, 0
352492, 3, 1
352714, 0, 0
352723, 1, 0
352733, 2, 1
352742, 3, 0
352964, 0, 1
352973, 1, bit 1
352973, 1, 1
352983, 2, 1
352992, 3, bit 0
352992, 3, 0
353214, 0, 0
353223, 1, 0
353233, 2, 0
353242, 3, 1
353464, 0, 1
353473, 1, 0
353483, 2, 0
353492, 3, 0
353714, 0, bit 0
353714, 0, 1
353723, 1, 1
353733, 2, 1
353742, 3, 1
353964, 0, 0
353973, 1, 1
353983, 2, 1
353992, 3, 1
354214, 0, 0
354223, 1, 0
354233, 2, 0
354242, 3, 0
354464, 0, 1
354473, 1, 1
354483, 2, bit 1
354483, 2, 0
354492, 3, 1
354714, 0, 0
354723, 1, 0
354733, 2, 1
354742, 3, 0
354964, 0, 1
354973, 1, 0
354983, 2, 0
354992, 3, 1
355214, 0, 0
355223, 1, 1
355233, 2, 1
355243, 3, 0
355464, 0, 1
355473, 1, 0
355483, 2, 0
355493, 3, 1
355714, 0, 0
355723, 1, 1
355733, 2, 1
355743, 3, 0
355964, 0, 1
355973, 1, 1
355983, 2, 0
355993, 3, 1
356214, 0, 1
356224, 1, 0
356233, 2, 1
356243, 3, 0
356464, 0, 0
356474, 1, bit 1
356474, 1, 1
356483, 2, 1
356493, 3, bit 0
356493, 3, 0
356714, 0, 1
356724, 1, 0
356733, 2, 0
356743, 3, 1
356964, 0, 0
356974, 1, 0
356983, 2, 0
356993, 3, 0
357214, 0, bit 1
357214, 0, 0
357224, 1, 1
357233, 2, 1
357243, 3, 1
357464, 0, 1
357474, 1, 1
357483, 2, 1
357493, 3, 1
357714, 0, 1
357724, 1, 0
357733, 2, 0
357743, 3, 0
357964, 0, 0
357974, 1, 1
357983, 2, bit 1
357983, 2, 0
357993, 3, 1
358214, 0, 1
358224, 1, 0
358233, 2, 1
358243, 3, 0
358464, 0, 0
358474, 1, 0
358483, 2, 0
358493, 3, 1
358714, 0, 1
358724, 1, 1
358733, 2, 1
358743, 3, 0
358964, 0, 0
358974, 1, 0
358983, 2, 0
358993, 3, 1
359214, 0, 1
359224, 1, 1
359233, 2, 1
359243, 3, 0
359464, 0, 0
359474, 1, 1
359483, 2, 0
359493, 3, 1
359714, 0, 0
359724, 1, 0
359733, 2, 1
359743, 3, 0
359964, 0, 1
359974, 1, bit 1
359974, 1, 1
359983, 2, 1
359993, 3, bit 1
359996, 3, 1
360214, 0, 0
360224, 1, 0
360233, 2, 0
360243, 3, 0
360464, 0, 1
360474, 1, 0
360483, 2, 0
360493, 3, 1
360714, 0, bit 1
360714, 0, 0
360724, 1, 1
360733, 2, 1
360743, 3, 0
360964, 0, 1
360974, 1, 1
360983, 2, 1
360993, 3, 0
361214, 0, 1
361224, 1, 0
361233, 2, 0
361243, 3, 1
361464, 0, 0
361474, 1, 1
361483, 2, bit 0
361483, 2, 1
361493, 3, 0
361714, 0, 1
361724, 1, 0
361733, 2, 0
361743, 3, 1
361964, 0, 0
361974, 1, 0
361984, 2, 1
361993, 3, 0
362214, 0, 1
362224, 1, 1
362234, 2, 0
362243, 3, 1
362464, 0, 0
362474, 1, 0
362484, 2, 1
362493, 3, 0
362714, 0, 1
362724, 1, 1
362734, 2, 0
362743, 3, 1
362964, 0, 0
362974, 1, 1
362984, 2, 1
362993, 3, 0
363214, 0, 0
363224, 1, 0
363234, 2, 0
363243, 3, 1
363464, 0, 1
363474, 1, bit 1
363474, 1, 1
363484, 2, 0
363493, 3, bit 0
363493, 3, 0
363714, 0, 0
363724, 1, 0
363734, 2, 1
363743, 3, 1
363964, 0, 1
363974, 1, 0
363984, 2, 1
363993, 3, 0
364214, 0, bit 1
364214, 0, 0
364224, 1, 1
364234, 2, 0
364243, 3, 1
364464, 0, 1
364474, 1, 1
364484, 2, 0
364493, 3, 1
364715, 0, 1
364724, 1, 0
364734, 2, 1
364743, 3, 0
364965, 0, 0
364974, 1, 1
364984, 2, bit 1
364984, 2, 0
364993, 3, 1
365215, 0, 1
365224, 1, 0
365234, 2, 1
365243, 3, 0
365465, 0, 0
365474, 1, 0
365484, 2, 0
365493, 3, 1
365715, 0, 1
365724, 1, 1
365734, 2, 1
365743, 3, 0
365965, 0, 0
365974, 1, 0
365984, 2, 0
365993, 3, 1
366215, 0, 1
366224, 1, 1
366234, 2, 1
366243, 3, 0
366465, 0, 0
366474, 1, 1
366484, 2, 0
366493, 3, 1
366715, 0, 0
366724, 1, 0
366734, 2, 1
366743, 3, 0
366965, 0, 1
366974, 1, bit 0
366974, 1, 0
366984, 2, 1
366993, 3, bit 1
366993, 3, 1
367215, 0, 0
367224, 1, 1
367234, 2, 0
367243, 3, 0
367465, 0, 1
367474, 1, 1
367484, 2, 0
367493, 3, 1
367715, 0, bit 1
367715, 0, 0
367724, 1, 0
367734, 2, 1
367744, 3, 0
367965, 0, 1
367974, 1, 0
367984, 2, 1
367994, 3, 0
368215, 0, 1
368224, 1, 1
368234, 2, 0
368244, 3, 1
368465, 0, 0
368474, 1, 0
368484, 2, bit 0
368484, 2, 1
368494, 3, 0
368715, 0, 1
368724, 1, 1
368734, 2, 0
368744, 3, 1
368965, 0, 0
368974, 1, 1
368984, 2, 1
368994, 3, 0
369215, 0, 1
369224, 1, 0
369234, 2, 0
369244, 3, 1
369465, 0, 0
369474, 1, 1
369484, 2, 1
369494, 3, 0
369715, 0, 1
369724, 1, 0
369734, 2, 0
369744, 3, 1
369965, 0, 0
369974, 1, 0
369984, 2, 1
369994, 3, 0
370215, 0, 0
370224, 1, 1
370234, 2, 0
370244, 3, 1
370465, 0, 1
370475, 1, bit 0
370475, 1, 0
370484, 2, 0
370494, 3, bit 1
370497, 3, 1
370715, 0, 0
370725, 1, 1
370734, 2, 1
370744, 3, 0
370965, 0, 1
370975, 1, 1
370984, 2, 1
370994, 3, 1
371215, 0, bit 1
371215, 0, 0
371225, 1, 0
371234, 2, 0
371244, 3, 0
371465, 0, 1
371475, 1, 0
371484, 2, 0
371494, 3, 0
371715, 0, 1
371725, 1, 1
371734, 2, 1
371744, 3, 1
371965, 0, 0
371975, 1, 0
371984, 2, bit 0
371984, 2, 1
371994, 3, 0
372215, 0, 1
372225, 1, 1
372234, 2, 0
372244, 3, 1
372465, 0, 0
372475, 1, 1
372484, 2, 1
372494, 3, 0
372715, 0, 1
372725, 1, 0
372734, 2, 0
372744, 3, 1
372965, 0, 0
372975, 1, 1
372984, 2, 1
372994, 3, 0
373215, 0, 1
373225, 1, 0
373234, 2, 0
373244, 3, 1
373465, 0, 0
373475, 1, 0
373484, 2, 1
373494, 3, 0
373715, 0, 0
373725, 1, 1
373734, 2, 0
373744, 3, 1
373965, 0, 1
373975, 1, bit 1
373975, 1, 1
373984, 2, 0
373994, 3, bit 1
373994, 3, 1
374215, 0, 0
374225, 1, 0
374234, 2, 1
374244, 3, 0
374465, 0, 1
374475, 1, 0
374484, 2, 1
374494, 3, 1
374715, 0, bit 1
374715, 0, 0
374725, 1, 1
374734, 2, 0
374744, 3, 0
374965, 0, 1
374975, 1, 1
374984, 2, 0
374994, 3, 0
375215, 0, 1
375225, 1, 0
375234, 2, 1
375244, 3, 1
375465, 0, 0
375475, 1, 1
375484, 2, bit 1
375484, 2, 0
375494, 3, 0
375715, 0, 1
375725, 1, 0
375734, 2, 1
375744, 3, 1
375965, 0, 0
375975, 1, 0
375984, 2, 0
375994, 3, 0
376215, 0, 1
376225, 1, 1
376235, 2, 1
376244, 3, 1
376465, 0, 0
376475, 1, 0
376485, 2, 0
376494, 3, 0
376715, 0, 1
376725, 1, 1
376735, 2, 1
376744, 3, 1
376965, 0, 0
376975, 1, 1
376985, 2, 0
376994, 3, 0
377216, 0, 0
377225, 1, 0
377235, 2, 1
377244, 3, 1
377466, 0, 1
377475, 1, bit 0
377475, 1, 0
377485, 2, 1
377494, 3, bit 1
377494, 3, 1
377716, 0, 0
377725, 1, 1
377735, 2, 0
377744, 3, 0
377966, 0, 1
377975, 1, 1
377985, 2, 0
377994, 3, 1
378216, 0, bit 0
378216, 0, 1
378225, 1, 0
378235, 2, 1
378244, 3, 0
378466, 0, 0
378475, 1, 0
378485, 2, 1
378494, 3, 0
378716, 0, 0
378725, 1, 1
378735, 2, 0
378744, 3, 1
378966, 0, 1
378975, 1, 0
378985, 2, bit 0
378985, 2, 1
378994, 3, 0
379216, 0, 0
379225, 1, 1
379235, 2, 0
379244, 3, 1
379466, 0, 1
379475, 1, 1
379485, 2, 1
379494, 3, 0
379716, 0, 0
379725, 1, 0
379735, 2, 0
379744, 3, 1
379966, 0, 1
379975, 1, 1
379985, 2, 1
379994, 3, 0
380216, 0, 0
380225, 1, 0
380235, 2, 0
380244, 3, 1
380466, 0, 1
380475, 1, 0
380485, 2, 1
380494, 3, 0
380716, 0, 1
380725, 1, 1
380735, 2, 0
380744, 3, 1
380966, 0, 0
380975, 1, bit 1
380975, 1, 1
380985, 2, 0
380994, 3, bit 0
380994, 3, 0
381216, 0, 1
381225, 1, 0
381235, 2, 1
381244, 3, 1
381466, 0, 0
381475, 1, 0
381485, 2, 1
381494, 3, 0
381716, 0, bit 1
381716, 0, 0
381725, 1, 1
381735, 2, 0
381744, 3, 1
381966, 0, 1
381975, 1, 1
381985, 2, 0
381995, 3, 1
382216, 0, 1
382225, 1, 0
382235, 2, 1
382245, 3, 0
382466, 0, 0
382475, 1, 1
382485, 2, bit 0
382485, 2, 1
382495, 3, 1
382716, 0, 1
382725, 1, 0
382735, 2, 0
382745, 3, 0
382966, 0, 0
382976, 1, 0
382985, 2, 1
382995, 3, 1
383216, 0, 1
383226, 1, 1
383235, 2, 0
383245, 3, 0
383466, 0, 0
383476, 1, 0
383485, 2, 1
383495, 3, 1
383716, 0, 1
383726, 1, 1
383735, 2, 0
383745, 3, 0
383966, 0, 0
383976, 1, 1
383985, 2, 1
383995, 3, 1
384216, 0, 0
384226, 1, 0
384235, 2, 0
384245, 3, 0
384466, 0, 1
384476, 1, bit 1
384476, 1, 1
384485, 2, 0
384495, 3, bit 0
384495, 3, 0
384716, 0, 0
384726, 1, 0
384735, 2, 1
384745, 3, 1
384966, 0, 1
384976, 1, 0
384985, 2, 1
384995, 3, 0
385216, 0, bit 1
385216, 0, 0
385226, 1, 1
385235, 2, 0
385245, 3, 1
385466, 0, 1
385476, 1, 1
385485, 2, 0
385495, 3, 1
385716, 0, 1
385726, 1, 0
385735, 2, 1
385745, 3, 0
385966, 0, 0
385976, 1, 1
385985, 2, bit 0
385985, 2, 1
385995, 3, 1
386216, 0, 1
386226, 1, 0
386235, 2, 0
386245, 3, 0
386466, 0, 0
386476, 1, 0
386485, 2, 1
386495, 3, 1
386716, 0, 1
386726, 1, 1
386735, 2, 0
386745, 3, 0
386966, 0, 0
386976, 1, 0
386985, 2, 1
386995, 3, 1
387216, 0, 1
387226, 1, 1
387235, 2, 0
387245, 3, 0
387466, 0, 0
387476, 1, 1
387485, 2, 1
387495, 3, 1
387716, 0, 0
387726, 1, 0
387735, 2, 0
387745, 3, 0
387966, 0, 1
387976, 1, bit 1
387976, 1, 1
387985, 2, 0
387995, 3, bit 0
387995, 3, 0
388216, 0, 0
388226, 1, 0
388235, 2, 1
388245, 3, 1
388466, 0, 1
388476, 1, 0
388485, 2, 1
388495, 3, 0
388716, 0, bit 1
388716, 0, 0
388726, 1, 1
388736, 2, 0
388745, 3, 1
388966, 0, 1
388976, 1, 1
388986, 2, 0
388995, 3, 1
389216, 0, 1
389226, 1, 0
389236, 2, 1
389245, 3, 0
389466, 0, 0
389476, 1, 1
389486, 2, bit 0
389486, 2, 1
389495, 3, 1
389716, 0, 1
389726, 1, 0
389736, 2, 0
389745, 3, 0
389966, 0, 0
389976, 1, 0
389986, 2, 1
389995, 3, 1
390216, 0, 1
390226, 1, 1
390236, 2, 0
390245, 3, 0
390466, 0, 0
390476, 1, 0
390486, 2, 1
390495, 3, 1
390716, 0, 1
390726, 1, 1
390736, 2, 0
390745, 3, 0
390966, 0, 0
390976, 1, 1
390986, 2, 1
390995, 3, 1
391216, 0, 0
391226, 1, 0
391236, 2, 0
391245, 3, 0
391467, 0, 1
391476, 1, bit 0
391476, 1, 0
391486, 2, 0
391495, 3, bit 0
391495, 3, 0
391717, 0, 0
391726, 1, 1
391736, 2, 1
391745, 3, 1
391967, 0, 1
391976, 1, 1
391986, 2, 1
391995, 3, 0
392217, 0, bit 1
392217, 0, 0
392226, 1, 0
392236, 2, 0
392245, 3, 1
392467, 0, 1
392476, 1, 0
392486, 2, 0
392495, 3, 1
392717, 0, 1
392726, 1, 1
392736, 2, 1
392745, 3, 0
392967, 0, 0
392976, 1, 0
392986, 2, bit 1
392986, 2, 0
392995, 3, 1
393217, 0, 1
393226, 1, 1
393236, 2, 1
393245, 3, 0
393467, 0, 0
393476, 1, 1
393486, 2, 0
393495, 3, 1
393717, 0, 1
393726, 1, 0
393736, 2, 1
393745, 3, 0
393967, 0, 0
393976, 1, 1
393986, 2, 0
393995, 3, 1
394217, 0, 1
394226, 1, 0
394236, 2, 1
394245, 3, 0
394467, 0, 0
394476, 1, 0
394486, 2, 0
394496, 3, 1
394717, 0, 0
394726, 1, 1
394736, 2, 1
394746, 3, 0
394967, 0, 1
394976, 1, bit 0
394976, 1, 0
394986, 2, 1
394996, 3, bit 0
394996, 3, 0
395217, 0, 0
395226, 1, 1
395236, 2, 0
395246, 3, 1
395467, 0, 1
395476, 1, 1
395486, 2, 0
395496, 3, 0
395717, 0, bit 0
395720, 0, 1
395726, 1, 0
395736, 2, 1
395746, 3, 1
395967, 0, 0
395976, 1, 0
395986, 2, 1
395996, 3, 1
396217, 0, 0
396226, 1, 1
396236, 2, 0
396246, 3, 0
396467, 0, 1
396476, 1, 0
396486, 2, bit 0
396486, 2, 1
396496, 3, 1
396717, 0, 0
396726, 1, 1
396736, 2, 0
396746, 3, 0
396967, 0, 1
396976, 1, 1
396986, 2, 1
396996, 3, 1
397217, 0, 0
397227, 1, 0
397236, 2, 0
397246, 3, 0
397467, 0, 1
397477, 1, 1
397486, 2, 1
397496, 3, 1
397717, 0, 0
397727, 1, 0
397736, 2, 0
397746, 3, 0
397967, 0, 1
397977, 1, 0
397986, 2, 1
397996, 3, 1
398217, 0, 1
398227, 1, 1
398236, 2, 0
398246, 3, 0
398467, 0, 0
398477, 1, bit 0
398477, 1, 0
398486, 2, 0
398496, 3, bit 0
398496, 3, 0
398717, 0, 1
398727, 1, 1
398736, 2, 1
398746, 3, 1
398967, 0, 0
398977, 1, 1
398986, 2, 1
398996, 3, 0
399217, 0, bit 0
399217, 0, 1
399227, 1, 0
399236, 2, 0
399246, 3, 1
399467, 0, 0
399477, 1, 0
399486, 2, 0
399496, 3, 1
399717, 0, 0
399727, 1, 1
399736, 2, 1
399746, 3, 0
399967, 0, 1
399977, 1, 0
399986, 2, bit 0
399986, 2, 1
399996, 3, 1
400217, 0, 0
400227, 1, 1
400236, 2, 0
400246, 3, 0
400467, 0, 1
400477, 1, 1
400486, 2, 1
400496, 3, 1
400717, 0, 0
400727, 1, 0
400736, 2, 0
400746, 3, 0
400967, 0, 1
400977, 1, 1
400986, 2, 1
400996, 3, 1
401217, 0, 0
401227, 1, 0
401236, 2, 0
401246, 3, 0
401467, 0, 1
401477, 1, 0
401486, 2, 1
401496, 3, 1
401717, 0, 1
401727, 1, 1
401736, 2, 0
401746, 3, 0
401967, 0, 0
401977, 1, bit 0
401977, 1, 0
401988, 2, 0
401996, 3, bit 0
401996, 3, 0
402217, 0, 1
402227, 1, 1
402238, 2, 1
402246, 3, 1
402467, 0, 0
402477, 1, 1
402488, 2, 1
402496, 3, 0
402717, 0, bit 0
402717, 0, 1
402727, 1, 0
402738, 2, 0
402746, 3, 1
402967, 0, 0
402977, 1, 0
402988, 2, 0
402996, 3, 1
403217, 0, 0
403227, 1, 1
403238, 2, 1
403246, 3, 0
403467, 0, 1
403477, 1, 0
403488, 2, bit 1
403488, 2, 0
403496, 3, 1
403717, 0, 0
403727, 1, 1
403738, 2, 1
403746, 3, 0
403968, 0, 1
403977, 1, 1
403988, 2, 0
403996, 3, 1
404218, 0, 0
404227, 1, 0
404238, 2, 1
404246, 3, 0
404468, 0, 1
404477, 1, 1
404488, 2, 0
404496, 3, 1
404718, 0, 0
404727, 1, 0
404738, 2, 1
404746, 3, 0
404968, 0, 1
404977, 1, 0
404988, 2, 0
404996, 3, 1
405218, 0, 1
405227, 1, 1
405238, 2, 1
405246, 3, 0
405468, 0, 0
405477, 1, bit 0
405477, 1, 0
405488, 2, 1
405496, 3, bit 1
405496, 3, 1
405718, 0, 1
405727, 1, 1
405738, 2, 0
405746, 3, 0
405968, 0, 0
405977, 1, 1
405988, 2, 0
405996, 3, 1
406218, 0, bit 1
406221, 0, 0
406227, 1, 0
406238, 2, 1
406246, 3, 0
406468, 0, 1
406477, 1, 0
406488, 2, 1
406496, 3, 0
406718, 0, 1
406727, 1, 1
406738, 2, 0
406746, 3, 1
406968, 0, 0
406977, 1, 0
406988, 2, bit 1
406988, 2, 0
406996, 3, 0
407218, 0, 1
407227, 1, 1
407238, 2, 1
407246, 3, 1
407468, 0, 0
407477, 1, 1
407488, 2, 0
407496, 3, 0
407718, 0, 1
407727, 1, 0
407738, 2, 1
407746, 3, 1
407968, 0, 0
407977, 1, 1
407988, 2, 0
407996, 3, 0
408218, 0, 1
408227, 1, 0
408238, 2, 1
408246, 3, 1
408468, 0, 0
408477, 1, 0
408488, 2, 0
408496, 3, 0
408718, 0, 0
408727, 1, 1
408738, 2, 1
408747, 3, 1
408968, 0, 1
408977, 1, bit 0
408977, 1, 0
408988, 2, 1
408997, 3, bit 0
408997, 3, 0
409218, 0, 0
409227, 1, 1
409238, 2, 0
409247, 3, 1
409468, 0, 1
409477, 1, 1
409488, 2, 0
409497, 3, 0
409718, 0, bit 1
409718, 0, 0
409728, 1, 0
409738, 2, 1
409747, 3, 1
409968, 0, 1
409978, 1, 0
409988, 2, 1
409997, 3, 1
410218, 0, 1
410228, 1, 1
410238, 2, 0
410247, 3, 0
410468, 0, 0
410478, 1, 0
410488, 2, bit 1
410488, 2, 0
410497, 3, 1
410718, 0, 1
410728, 1, 1
410738, 2, 1
410747, 3, 0
410968, 0, 0
410978, 1, 1
410988, 2, 0
410997, 3, 1
411218, 0, 1
411228, 1, 0
411238, 2, 1
411247, 3, 0
411468, 0, 0
411478, 1, 1
411488, 2, 0
411497, 3, 1
411718, 0, 1
411728, 1, 0
411738, 2, 1
411747, 3, 0
411968, 0, 0
411978, 1, 0
411988, 2, 0
411997, 3, 1
412218, 0, 0
412228, 1, 1
412238, 2, 1
412247, 3, 0
412468, 0, 1
412478, 1, bit 1
412478, 1, 1
412488, 2, 1
412497, 3, bit 1
412497, 3, 1
412718, 0, 0
412728, 1, 0
412738, 2, 0
412747, 3, 0
412968, 0, 1
412978, 1, 0
412988, 2, 0
412997, 3, 1
413218, 0, bit 1
413218, 0, 0
413228, 1, 1
413238, 2, 1
413247, 3, 0
413468, 0, 1
413478, 1, 1
413488, 2, 1
413497, 3, 0
413718, 0, 1
413728, 1, 0
413739, 2, 0
413747, 3, 1
413968, 0, 0
413978, 1, 1
413989, 2, bit 1
413989, 2, 0
413997, 3, 0
414218, 0, 1
414228, 1, 0
414239, 2, 1
414247, 3, 1
414468, 0, 0
414478, 1, 0
414489, 2, 0
414497, 3, 0
414718, 0, 1
414728, 1, 1
414739, 2, 1
414747, 3, 1
414968, 0, 0
414978, 1, 0
414989, 2, 0
414997, 3, 0
415218, 0, 1
415228, 1, 1
415239, 2, 1
415247, 3, 1
415468, 0, 0
415478, 1, 1
415489, 2, 0
415497, 3, 0
415718, 0, 0
415728, 1, 0
415739, 2, 1
415747, 3, 1
415968, 0, 1
415978, 1, bit 1
415978, 1, 1
415989, 2, 1
415997, 3, bit 1
415997, 3, 1
416218, 0, 0
416228, 1, 0
416239, 2, 0
416247, 3, 0
416468, 0, 1
416478, 1, 0
416489, 2, 0
416497, 3, 1
416718, 0, bit 1
416718, 0, 0
416728, 1, 1
416739, 2, 1
416747, 3, 0
416968, 0, 1
416978, 1, 1
416989, 2, 1
416997, 3, 0
417218, 0, 1
417228, 1, 0
417239, 2, 0
417247, 3, 1
417468, 0, 0
417478, 1, 1
417489, 2, bit 1
417489, 2, 0
417497, 3, 0
417718, 0, 1
417728, 1, 0
417739, 2, 1
417747, 3, 1
417968, 0, 0
417978, 1, 0
417989, 2, 0
417997, 3, 0
418219, 0, 1
418228, 1, 1
418239, 2, 1
418247, 3, 1
418469, 0, 0
418478, 1, 0
418489, 2, 0
418497, 3, 0
418719, 0, 1
418728, 1, 1
418739, 2, 1
418747, 3, 1
418969, 0, 0
418978, 1, 1
418989, 2, 0
418997, 3, 0
419219, 0, 0
419228, 1, 0
419239, 2, 1
419247, 3, 1
419469, 0, 1
419478, 1, bit 1
419478, 1, 1
419489, 2, 1
419497, 3, bit 1
419497, 3, 1
419719, 0, 0
419728, 1, 0
419739, 2, 0
419747, 3, 0
419969, 0, 1
419978, 1, 0
419989, 2, 0
419997, 3, 1
420219, 0, bit 0
420219, 0, 1
420228, 1, 1
420239, 2, 1
420247, 3, 0
420469, 0, 0
420478, 1, 1
420489, 2, 1
420497, 3, 0
420719, 0, 0
420728, 1, 0
420739, 2, 0
420747, 3, 1
420969, 0, 1
420978, 1, 1
420989, 2, bit 0
420989, 2, 1
420997, 3, 0
421219, 0, 0
421228, 1, 0
421239, 2, 0
421248, 3, 1
421469, 0, 1
421478, 1, 0
421489, 2, 1
421498, 3, 0
421719, 0, 0
421728, 1, 1
421739, 2, 0
421748, 3, 1
421969, 0, 1
421978, 1, 0
421989, 2, 1
421998, 3, 0
422219, 0, 0
422228, 1, 1
422239, 2, 0
422248, 3, 1
422469, 0, 1
422478, 1, 1
422489, 2, 1
422498, 3, 0
422719, 0, 1
422728, 1, 0
422739, 2, 0
422748, 3, 1
422969, 0, 0
422978, 1, bit 1
422981, 1, 1
422989, 2, 0
422998, 3, bit 1
422998, 3, 1
423219, 0, 1
423228, 1, 0
423239, 2, 1
423248, 3, 0
423469, 0, 0
423478, 1, 0
423489, 2, 1
423498, 3, 1
423719, 0, bit 0
423719, 0, 1
423728, 1, 1
423739, 2, 0
423748, 3, 0
423969, 0, 0
423979, 1, 1
423989, 2, 0
423998, 3, 0
424219, 0, 0
424229, 1, 0
424239, 2, 1
424248, 3, 1
424469, 0, 1
424479, 1, 1
424489, 2, bit 1
424489, 2, 0
424498, 3, 0
424719, 0, 0
424729, 1, 0
424739, 2, 1
424748, 3, 1
424969, 0, 1
424979, 1, 0
424989, 2, 0
424998, 3, 0
425219, 0, 0
425229, 1, 1
425239, 2, 1
425248, 3, 1
425469, 0, 1
425479, 1, 0
425489, 2, 0
425498, 3, 0
425719, 0, 0
425729, 1, 1
425739, 2, 1
425748, 3, 1
425969, 0, 1
425979, 1, 1
425989, 2, 0
425998, 3, 0
426219, 0, 1
426229, 1, 0
426240, 2, 1
426248, 3, 1
426469, 0, 0
426479, 1, bit 0
426479, 1, 0
426490, 2, 1
426498, 3, bit 1
426498, 3, 1
426719, 0, 1
426729, 1, 1
426740, 2, 0
426748, 3, 0
426969, 0, 0
426979, 1, 1
426990, 2, 0
426998, 3, 1
427219, 0, bit 0
427219, 0, 1
427229, 1, 0
427240, 2, 1
427248, 3, 0
427469, 0, 0
427479, 1, 0
427490, 2, 1
427498, 3, 0
427719, 0, 0
427729, 1, 1
427740, 2, 0
427748, 3, 1
427969, 0, 1
427979, 1, 0
427990, 2, bit 0
427990, 2, 1
427998, 3, 0
428219, 0, 0
428229, 1, 1
428240, 2, 0
428248, 3, 1
428469, 0, 1
428479, 1, 1
428490, 2, 1
428498, 3, 0
428719, 0, 0
428729, 1, 0
428740, 2, 0
428748, 3, 1
428969, 0, 1
428979, 1, 1
428990, 2, 1
428998, 3, 0
429219, 0, 0
429229, 1, 0
429240, 2, 0
429248, 3, 1
429469, 0, 1
429479, 1, 0
429490, 2, 1
429498, 3, 0
429719, 0, 1
429729, 1, 1
429740, 2, 0
429748, 3, 1
429969, 0, 0
429979, 1, bit 1
429979, 1, 1
429990, 2, 0
429998, 3, bit 0
429998, 3, 0
430219, 0, 1
430229, 1, 0
430240, 2, 1
430248, 3, 1
430469, 0, 0
430479, 1, 0
430490, 2, 1
430498, 3, 0
430720, 0, bit 0
430720, 0, 1
430729, 1, 1
430740, 2, 0
430748, 3, 1
430970, 0, 0
430979, 1, 1
430990, 2, 0
430998, 3, 1
431220, 0, 0
431229, 1, 0
431240, 2, 1
431248, 3, 0
431470, 0, 1
431479, 1, 1
431490, 2, bit 0
431490, 2, 1
431498, 3, 1
431720, 0, 0
431729, 1, 0
431740, 2, 0
431748, 3, 0
431970, 0, 1
431979, 1, 0
431990, 2, 1
431998, 3, 1
432220, 0, 0
432229, 1, 1
432240, 2, 0
432248, 3, 0
432470, 0, 1
432479, 1, 0
432490, 2, 1
432498, 3, 1
432720, 0, 0
432729, 1, 1
432740, 2, 0
432748, 3, 0
432970, 0, 1
432979, 1, 1
432990, 2, 1
432998, 3, 1
433220, 0, 1
433229, 1, 0
433240, 2, 0
433248, 3, 0
433470, 0, 0
433479, 1, bit 1
433482, 1, 1
433490, 2, 0
433498, 3, bit 0
433498, 3, 0
433720, 0, 1
433729, 1, 0
433740, 2, 1
433748, 3, 1
433970, 0, 0
433979, 1, 0
433990, 2, 1
433998, 3, 0
434220, 0, bit 1
434220, 0, 0
434229, 1, 1
434240, 2, 0
434248, 3, 1
434470, 0, 1
434479, 1, 1
434490, 2, 0
434498, 3, 1
434720, 0, 1
434729, 1, 0
434740, 2, 1
434748, 3, 0
434970, 0, 0
434979, 1, 1
434990, 2, bit 0
434990, 2, 1
434998, 3, 1
435220, 0, 1
435229, 1, 0
435240, 2, 0
435248, 3, 0
435470, 0, 0
435479, 1, 0
435490, 2, 1
435499, 3, 1
435720, 0, 1
435729, 1, 1
435740, 2, 0
435749, 3, 0
435970, 0, 0
435979, 1, 0
435990, 2, 1
435999, 3, 1
436220, 0, 1
436229, 1, 1
436240, 2, 0
436249, 3, 0
436470, 0, 0
436480, 1, 1
436490, 2, 1
436499, 3, 1
436720, 0, 0
436730, 1, 0
436740, 2, 0
436749, 3, 0
436970, 0, 1
436980, 1, bit 1
436980, 1, 1
436990, 2, 0
436999, 3, bit 1
436999, 3, 1
437220, 0, 0
437230, 1, 0
437240, 2, 1
437249, 3, 0
437470, 0, 1
437480, 1, 0
437490, 2, 1
437499, 3, 1
437720, 0, bit 1
437720, 0, 0
437730, 1, 1
437740, 2, 0
437749, 3, 0
437970, 0, 1
437980, 1, 1
437990, 2, 0
437999, 3, 0
438220, 0, 1
438230, 1, 0
438240, 2, 1
438249, 3, 1
438470, 0, 0
438480, 1, 1
438490, 2, bit 0
438490, 2, 1
438499, 3, 0
438720, 0, 1
438730, 1, 0
438740, 2, 0
438749, 3, 1
438970, 0, 0
438980, 1, 0
438990, 2, 1
438999, 3, 0
439220, 0, 1
439230, 1, 1
439240, 2, 0
439249, 3, 1
439470, 0, 0
439480, 1, 0
439490, 2, 1
439499, 3, 0
439720, 0, 1
439730, 1, 1
439740, 2, 0
439749, 3, 1
439970, 0, 0
439980, 1, 1
439990, 2, 1
439999, 3, 0
440220, 0, 0
440230, 1, 0
440240, 2, 0
440249, 3, 1
440470, 0, 1
440480, 1, bit 1
440480, 1, 1
440491, 2, 0
440499, 3, bit 1
440499, 3, 1
440720, 0, 0
440730, 1, 0
440741, 2, 1
440749, 3, 0
440970, 0, 1
440980, 1, 0
440991, 2, 1
440999, 3, 1
441220, 0, bit 1
441220, 0, 0
441230, 1, 1
441241, 2, 0
441249, 3, 0
441470, 0, 1
441480, 1, 1
441491, 2, 0
441499, 3, 0
441720, 0, 1
441730, 1, 0
441741, 2, 1
441749, 3, 1
441970, 0, 0
441980, 1, 1
441991, 2, bit 1
441991, 2, 0
441999, 3, 0
442220, 0, 1
442230, 1, 0
442241, 2, 1
442249, 3, 1
442470, 0, 0
442480, 1, 0
442491, 2, 0
442499, 3, 0
442720, 0, 1
442730, 1, 1
442741, 2, 1
442749, 3, 1
442970, 0, 0
442980, 1, 0
442991, 2, 0
442999, 3, 0
443220, 0, 1
443230, 1, 1
443241, 2, 1
443249, 3, 1
443470, 0, 0
443480, 1, 1
443491, 2, 0
443499, 3, 0
443720, 0, 0
443730, 1, 0
443741, 2, 1
443749, 3, 1
443970, 0, 1
443980, 1, bit 0
443980, 1, 0
443991, 2, 1
443999, 3, bit 1
443999, 3, 1
444220, 0, 0
444230, 1, 1
444241, 2, 0
444249, 3, 0
444470, 0, 1
444480, 1, 1
444491, 2, 0
444499, 3, 1
444720, 0, bit 0
444720, 0, 1
444730, 1, 0
444741, 2, 1
444749, 3, 0
444971, 0, 0
444980, 1, 0
444991, 2, 1
444999, 3, 0
445221, 0, 0
445230, 1, 1
445241, 2, 0
445249, 3, 1
445471, 0, 1
445480, 1, 0
445491, 2, bit 0
445491, 2, 1
445499, 3, 0
445721, 0, 0
445730, 1, 1
445741, 2, 0
445749, 3, 1
445971, 0, 1
445980, 1, 1
445991, 2, 1
445999, 3, 0
446221, 0, 0
446230, 1, 0
446241, 2, 0
446249, 3, 1
446471, 0, 1
446480, 1, 1
446491, 2, 1
446499, 3, 0
446721, 0, 0
446730, 1, 0
446741, 2, 0
446749, 3, 1
446971, 0, 1
446980, 1, 0
446991, 2, 1
446999, 3, 0
447221, 0, 1
447230, 1, 1
447241, 2, 0
447249, 3, 1
447471, 0, 0
447480, 1, bit 0
447480, 1, 0
447491, 2, 0
447499, 3, bit 1
447499, 3, 1
447721, 0, 1
447730, 1, 1
447741, 2, 1
447749, 3, 0
447971, 0, 0
447980, 1, 1
447991, 2, 1
448000, 3, 1
448230, 1, 0
448241, 2, 0
448250, 3, 0
448480, 1, 0
448491, 2, 0
448500, 3, 0
448730, 1, 1
448741, 2, 1
448750, 3, 1
448980, 1, 0
448991, 2, bit 1
448991, 2, 0
449000, 3, 0
449230, 1, 1
449241, 2, 1
449250, 3, 1
449480, 1, 1
449491, 2, 0
449500, 3, 0
449730, 1, 0
449741, 2, 1
449750, 3, 1
449980, 1, 1
449991, 2, 0
450000, 3, 0
450230, 1, 0
450241, 2, 1
450250, 3, 1
450480, 1, 0
450491, 2, 0
450500, 3, 0
450731, 1, 1
450741, 2, 1
450750, 3, 1
450981, 1, bit 1
450984, 1, 1
450991, 2, 1
451000, 3, bit 0
451000, 3, 0
451231, 1, 0
451241, 2, 0
451250, 3, 1
451481, 1, 0
451491, 2, 0
451500, 3, 0
451731, 1, 1
451741, 2, 1
451750, 3, 1
451981, 1, 1
451991, 2, 1
452000, 3, 1
452231, 1, 0
452241, 2, 0
452250, 3, 0
452481, 1, 1
452491, 2, bit 1
452491, 2, 0
452500, 3, 1
452731, 1, 0
452741, 2, 1
452750, 3, 0
452981, 1, 0
452992, 2, 0
453000, 3, 1
453231, 1, 1
453242, 2, 1
453250, 3, 0
453481, 1, 0
453492, 2, 0
453500, 3, 1
453731, 1, 1
453742, 2, 1
453750, 3, 0
453981, 1, 1
453992, 2, 0
454000, 3, 1
454231, 1, 0
454242, 2, 1
454250, 3, 0
454481, 1, bit 0
454481, 1, 0
454492, 2, 1
454500, 3, bit 1
454500, 3, 1
454731, 1, 1
454742, 2, 0
454750, 3, 0
454981, 1, 1
454992, 2, 0
455000, 3, 1
455231, 1, 0
455242, 2, 1
455250, 3, 0
455481, 1, 0
455492, 2, 1
455500, 3, 0
455731, 1, 1
455742, 2, 0
455750, 3, 1
455981, 1, 0
455992, 2, bit 0
455992, 2, 1
456000, 3, 0
456231, 1, 1
456242, 2, 0
456250, 3, 1
456481, 1, 1
456492, 2, 1
456500, 3, 0
456731, 1, 0
456742, 2, 0
456750, 3, 1
456981, 1, 1
456992, 2, 1
457000, 3, 0
457231, 1, 0
457242, 2, 0
457250, 3, 1
457481, 1, 0
457492, 2, 1
457500, 3, 0
457731, 1, 1
457742, 2, 0
457750, 3, 1
457981, 1, bit 0
457981, 1, 0
457992, 2, 0
458000, 3, bit 1
458000, 3, 1
458231, 1, 1
458242, 2, 1
458250, 3, 0
458481, 1, 1
458492, 2, 1
458500, 3, 1
458731, 1, 0
458742, 2, 0
458750, 3, 0
458981, 1, 0
458992, 2, 0
459000, 3, 0
459231, 1, 1
459242, 2, 1
459250, 3, 1
459481, 1, 0
459492, 2, bit 1
459492, 2, 0
459500, 3, 0
459731, 1, 1
459742, 2, 1
459750, 3, 1
459981, 1, 1
459992, 2, 0
460000, 3, 0
460231, 1, 0
460242, 2, 1
460250, 3, 1
460481, 1, 1
460492, 2, 0
460500, 3, 0
460731, 1, 0
460742, 2, 1
460750, 3, 1
460981, 1, 0
460992, 2, 0
461000, 3, 0
461231, 1, 1
461242, 2, 1
461250, 3, 1
461481, 1, bit 1
461481, 1, 1
461492, 2, 1
461500, 3, bit 1
461500, 3, 1
461731, 1, 0
461742, 2, 0
461750, 3, 0
461981, 1, 0
461992, 2, 0
462000, 3, 1
462231, 1, 1
462242, 2, 1
462251, 3, 0
462481, 1, 1
462492, 2, 1
462501, 3, 0
462731, 1, 0
462742, 2, 0
462751, 3, 1
462981, 1, 1
462992, 2, bit 0
462992, 2, 1
463001, 3, 0
463232, 1, 0
463242, 2, 0
463251, 3, 1
463482, 1, 0
463492, 2, 1
463501, 3, 0
463732, 1, 1
463742, 2, 0
463751, 3, 1
463982, 1, 0
463992, 2, 1
464001, 3, 0
464232, 1, 1
464242, 2, 0
464251, 3, 1
464482, 1, 1
464492, 2, 1
464501, 3, 0
464732, 1, 0
464742, 2, 0
464751, 3, 1
464982, 1, bit 1
464982, 1, 1
464992, 2, 0
465001, 3, bit 1
465001, 3, 1
465232, 1, 0
465242, 2, 1
465251, 3, 0
465482, 1, 0
465492, 2, 1
465501, 3, 1
465732, 1, 1
465742, 2, 0
465751, 3, 0
465982, 1, 1
465992, 2, 0
466001, 3, 0
466232, 1, 0
466242, 2, 1
466251, 3, 1
466482, 1, 1
466492, 2, bit 1
466492, 2, 0
466501, 3, 0
466732, 1, 0
466742, 2, 1
466751, 3, 1
466982, 1, 0
466992, 2, 0
467001, 3, 0
467232, 1, 1
467243, 2, 1
467251, 3, 1
467482, 1, 0
467493, 2, 0
467501, 3, 0
467732, 1, 1
467743, 2, 1
467751, 3, 1
467982, 1, 1
467993, 2, 0
468001, 3, 0
468232, 1, 0
468243, 2, 1
468251, 3, 1
468482, 1, bit 1
468482, 1, 1
468493, 2, 1
468501, 3, bit 0
468501, 3, 0
468732, 1, 0
468743, 2, 0
468751, 3, 1
468982, 1, 0
468993, 2, 0
469001, 3, 0
469232, 1, 1
469243, 2, 1
469251, 3, 1
469482, 1, 1
469493, 2, 1
469501, 3, 1
469732, 1, 0
469743, 2, 0
469751, 3, 0
469982, 1, 1
469993, 2, bit 1
469993, 2, 0
470001, 3, 1
470232, 1, 0
470243, 2, 1
470251, 3, 0
470482, 1, 0
470493, 2, 0
470501, 3, 1
470732, 1, 1
470743, 2, 1
470751, 3, 0
470982, 1, 0
470993, 2, 0
471001, 3, 1
471232, 1, 1
471243, 2, 1
471251, 3, 0
471482, 1, 1
471493, 2, 0
471501, 3, 1
471732, 1, 0
471743, 2, 1
471751, 3, 0
471982, 1, bit 0
471982, 1, 0
471993, 2, 1
472001, 3, bit 1
472001, 3, 1
472232, 1, 1
472243, 2, 0
472251, 3, 0
472482, 1, 1
472493, 2, 0
472501, 3, 1
472732, 1, 0
472743, 2, 1
472751, 3, 0
472982, 1, 0
472993, 2, 1
473001, 3, 0
473232, 1, 1
473243, 2, 0
473251, 3, 1
473482, 1, 0
473493, 2, bit 0
473493, 2, 1
473501, 3, 0
473732, 1, 1
473743, 2, 0
473751, 3, 1
473982, 1, 1
473993, 2, 1
474001, 3, 0
474232, 1, 0
474243, 2, 0
474251, 3, 1
474482, 1, 1
474493, 2, 1
474501, 3, 0
474732, 1, 0
474743, 2, 0
474752, 3, 1
474982, 1, 0
474993, 2, 1
475002, 3, 0
475232, 1, 1
475243, 2, 0
475252, 3, 1
475482, 1, bit 1
475482, 1, 1
475493, 2, 0
475502, 3, bit 0
475502, 3, 0
475732, 1, 0
475743, 2, 1
475752, 3, 1
475982, 1, 0
475993, 2, 1
476002, 3, 0
476232, 1, 1
476243, 2, 0
476252, 3, 1
476482, 1, 1
476493, 2, 0
476502, 3, 1
476732, 1, 0
476743, 2, 1
476752, 3, 0
476982, 1, 1
476993, 2, bit 1
476993, 2, 0
477002, 3, 1
477232, 1, 0
477243, 2, 1
477252, 3, 0
477483, 1, 0
477493, 2, 0
477502, 3, 1
477733, 1, 1
477743, 2, 1
477752, 3, 0
477983, 1, 0
477993, 2, 0
478002, 3, 1
478233, 1, 1
478243, 2, 1
478252, 3, 0
478483, 1, 1
478493, 2, 0
478502, 3, 1
478733, 1, 0
478743, 2, 1
478752, 3, 0
478983, 1, bit 1
478983, 1, 1
478993, 2, 1
479002, 3, bit 0
479002, 3, 0
479233, 1, 0
479243, 2, 0
479252, 3, 1
479483, 1, 0
479493, 2, 0
479502, 3, 0
479733, 1, 1
479744, 2, 1
479752, 3, 1
479983, 1, 1
479994, 2, 1
480002, 3, 1
480233, 1, 0
480244, 2, 0
480252, 3, 0
480483, 1, 1
480494, 2, bit 1
480494, 2, 0
480502, 3, 1
480733, 1, 0
480744, 2, 1
480752, 3, 0
480983, 1, 0
480994, 2, 0
481002, 3, 1
481233, 1, 1
481244, 2, 1
481252, 3, 0
481483, 1, 0
481494, 2, 0
481502, 3, 1
481733, 1, 1
481744, 2, 1
481752, 3, 0
481983, 1, 1
481994, 2, 0
482002, 3, 1
482233, 1, 0
482244, 2, 1
482252, 3, 0
482483, 1, bit 0
482483, 1, 0
482494, 2, 1
482502, 3, bit 0
482502, 3, 0
482733, 1, 1
482744, 2, 0
482752, 3, 1
482983, 1, 1
482994, 2, 0
483002, 3, 0
483233, 1, 0
483244, 2, 1
483252, 3, 1
483483, 1, 0
483494, 2, 1
483502, 3, 1
483733, 1, 1
483744, 2, 0
483752, 3, 0
483983, 1, 0
483994, 2, bit 1
483994, 2, 0
484002, 3, 1
484233, 1, 1
484244, 2, 1
484252, 3, 0
484483, 1, 1
484494, 2, 0
484502, 3, 1
484733, 1, 0
484744, 2, 1
484752, 3, 0
484983, 1, 1
484994, 2, 0
485002, 3, 1
485233, 1, 0
485244, 2, 1
485252, 3, 0
485483, 1, 0
485494, 2, 0
485502, 3, 1
485733, 1, 1
485744, 2, 1
485752, 3, 0
485983, 1, bit 1
485983, 1, 1
485994, 2, 1
486002, 3, bit 1
486002, 3, 1
486233, 1, 0
486244, 2, 0
486252, 3, 0
486483, 1, 0
486494, 2, 0
486502, 3, 1
486733, 1, 1
486744, 2, 1
486752, 3, 0
486983, 1, 1
486994, 2, 1
487002, 3, 0
487233, 1, 0
487244, 2, 0
487252, 3, 1
487483, 1, 1
487494, 2, bit 0
487494, 2, 1
487502, 3, 0
487733, 1, 0
487744, 2, 0
487752, 3, 1
487983, 1, 0
487994, 2, 1
488002, 3, 0
488233, 1, 1
488244, 2, 0
488252, 3, 1
488483, 1, 0
488494, 2, 1
488502, 3, 0
488733, 1, 1
488744, 2, 0
488752, 3, 1
488983, 1, 1
488994, 2, 1
489003, 3, 0
489233, 1, 0
489244, 2, 0
489253, 3, 1
489483, 1, bit 0
489483, 1, 0
489494, 2, 0
489503, 3, bit 0
489503, 3, 0
489733, 1, 1
489744, 2, 1
489753, 3, 1
489984, 1, 1
489994, 2, 1
490003, 3, 0
490234, 1, 0
490244, 2, 0
490253, 3, 1
490484, 1, 0
490494, 2, 0
490503, 3, 1
490734, 1, 1
490744, 2, 1
490753, 3, 0
490984, 1, 0
490994, 2, bit 0
490994, 2, 1
491003, 3, 1
491234, 1, 1
491244, 2, 0
491253, 3, 0
491484, 1, 1
491494, 2, 1
491503, 3, 1
491734, 1, 0
491744, 2, 0
491753, 3, 0
491984, 1, 1
491994, 2, 1
492003, 3, 1
492234, 1, 0
492244, 2, 0
492253, 3, 0
492484, 1, 0
492494, 2, 1
492503, 3, 1
492734, 1, 1
492744, 2, 0
492753, 3, 0
492984, 1, bit 0
492984, 1, 0
492994, 2, 0
493003, 3, bit 1
493003, 3, 1
493234, 1, 1
493244, 2, 1
493253, 3, 0
493484, 1, 1
493494, 2, 1
493503, 3, 1
493734, 1, 0
493744, 2, 0
493753, 3, 0
493984, 1, 0
493995, 2, 0
494003, 3, 0
494234, 1, 1
494245, 2, 1
494253, 3, 1
494484, 1, 0
494495, 2, bit 0
494495, 2, 1
494503, 3, 0
494734, 1, 1
494745, 2, 0
494753, 3, 1
494984, 1, 1
494995, 2, 1
495003, 3, 0
495234, 1, 0
495245, 2, 0
495253, 3, 1
495484, 1, 1
495495, 2, 1
495503, 3, 0
495734, 1, 0
495745, 2, 0
495753, 3, 1
495984, 1, 0
495995, 2, 1
496003, 3, 0
496234, 1, 1
496245, 2, 0
496253, 3, 1
496484, 1, bit 0
496484, 1, 0
496495, 2, 0
496503, 3, bit 1
496503, 3, 1
496734, 1, 1
496745, 2, 1
496753, 3, 0
496984, 1, 1
496995, 2, 1
497003, 3, 1
497234, 1, 0
497245, 2, 0
497253, 3, 0
497484, 1, 0
497495, 2, 0
497503, 3, 0
497734, 1, 1
497745, 2, 1
497753, 3, 1
497984, 1, 0
497995, 2, bit 0
497995, 2, 1
498003, 3, 0
498234, 1, 1
498245, 2, 0
498253, 3, 1
498484, 1, 1
498495, 2, 1
498503, 3, 0
498734, 1, 0
498745, 2, 0
498753, 3, 1
498984, 1, 1
498995, 2, 1
499003, 3, 0
499234, 1, 0
499245, 2, 0
499253, 3, 1
499484, 1, 0
499495, 2, 1
499503, 3, 0
499734, 1, 1
499745, 2, 0
499753, 3, 1
499984, 1, bit 0
499984, 1, 0
499995, 2, 0
500003, 3, bit 0
500003, 3, 0
500234, 1, 1
500245, 2, 1
500253, 3, 1
500484, 1, 1
500495, 2, 1
500503, 3, 0
500734, 1, 0
500745, 2, 0
500753, 3, 1
500984, 1, 0
500995, 2, 0
501003, 3, 1
501234, 1, 1
501245, 2, 1
501253, 3, 0
501484, 1, 0
501495, 2, bit 1
501495, 2, 0
501504, 3, 1
501734, 1, 1
501745, 2, 1
501754, 3, 0
501984, 1, 1
501995, 2, 0
502004, 3, 1
502234, 1, 0
502245, 2, 1
502254, 3, 0
502484, 1, 1
502495, 2, 0
502504, 3, 1
502734, 1, 0
502745, 2, 1
502754, 3, 0
502984, 1, 0
502995, 2, 0
503004, 3, 1
503234, 1, 1
503245, 2, 1
503254, 3, 0
503484, 1, bit 0
503484, 1, 0
503495, 2, 1
503504, 3, bit 0
503504, 3, 0
503734, 1, 1
503745, 2, 0
503754, 3, 1
503984, 1, 1
503995, 2, 0
504004, 3, 0
504235, 1, 0
504245, 2, 1
504254, 3, 1
504485, 1, 0
504495, 2, 1
504504, 3, 1
504735, 1, 1
504745, 2, 0
504754, 3, 0
504985, 1, 0
504995, 2, bit 1
504995, 2, 0
505004, 3, 1
505235, 1, 1
505245, 2, 1
505254, 3, 0
505485, 1, 1
505495, 2, 0
505504, 3, 1
505735, 1, 0
505745, 2, 1
505754, 3, 0
505985, 1, 1
505995, 2, 0
506004, 3, 1
506235, 1, 0
506245, 2, 1
506254, 3, 0
506485, 1, 0
506496, 2, 0
506504, 3, 1
506735, 1, 1
506746, 2, 1
506754, 3, 0
506996, 2, 1
507004, 3, bit 0
507004, 3, 0
507246, 2, 0
507254, 3, 1
507496, 2, 0
507504, 3, 0
507746, 2, 1
507754, 3, 1
507996, 2, 1
508004, 3, 1
508246, 2, 0
508254, 3, 0
508496, 2, bit 0
508496, 2, 1
508504, 3, 1
508746, 2, 0
508754, 3, 0
508996, 2, 1
509004, 3, 1
509246, 2, 0
509254, 3, 0
509496, 2, 1
509504, 3, 1
509746, 2, 0
509754, 3, 0
509996, 2, 1
510004, 3, 1
510246, 2, 0
510254, 3, 0
510496, 2, 0
510504, 3, bit 0
510504, 3, 0
510746, 2, 1
510754, 3, 1
510996, 2, 1
511004, 3, 0
511246, 2, 0
511254, 3, 1
511496, 2, 0
511504, 3, 1
511746, 2, 1
511754, 3, 0
511996, 2, bit 1
511996, 2, 0
512004, 3, 1
512246, 2, 1
512254, 3, 0
512496, 2, 0
512504, 3, 1
512746, 2, 1
512754, 3, 0
512996, 2, 0
513004, 3, 1
513246, 2, 1
513254, 3, 0
513496, 2, 0
513504, 3, 1
513746, 2, 1
513754, 3, 0
513996, 2, 1
514004, 3, bit 1
514004, 3, 1
514246, 2, 0
514254, 3, 0
514496, 2, 0
514504, 3, 1
514746, 2, 1
514754, 3, 0
514996, 2, 1
515004, 3, 0
515246, 2, 0
515254, 3, 1
515496, 2, bit 1
515496, 2, 0
515504, 3, 0
515746, 2, 1
515755, 3, 1
515996, 2, 0
516005, 3, 0
516246, 2, 1
516255, 3, 1
516496, 2, 0
516505, 3, 0
516746, 2, 1
516755, 3, 1
516996, 2, 0
517005, 3, 0
517246, 2, 1
517255, 3, 1
517496, 2, 1
517505, 3, bit 0
517505, 3, 0
517746, 2, 0
517755, 3, 1
517996, 2, 0
518005, 3, 0
518246, 2, 1
518255, 3, 1
518496, 2, 1
518505, 3, 1
518746, 2, 0
518755, 3, 0
518996, 2, bit 0
518996, 2, 1
519005, 3, 1
519246, 2, 0
519255, 3, 0
519496, 2, 1
519505, 3, 1
519746, 2, 0
519755, 3, 0
519996, 2, 1
520005, 3, 1
520246, 2, 0
520255, 3, 0
520496, 2, 1
520505, 3, 1
520747, 2, 0
520755, 3, 0
520997, 2, 0
521005, 3, bit 1
521005, 3, 1
521247, 2, 1
521255, 3, 0
521497, 2, 1
521505, 3, 1
521747, 2, 0
521755, 3, 0
521997, 2, 0
522005, 3, 0
522247, 2, 1
522255, 3, 1
522497, 2, bit 1
522497, 2, 0
522505, 3, 0
522747, 2, 1
522755, 3, 1
522997, 2, 0
523005, 3, 0
523247, 2, 1
523255, 3, 1
523497, 2, 0
523505, 3, 0
523747, 2, 1
523755, 3, 1
523997, 2, 0
524005, 3, 0
524247, 2, 1
524255, 3, 1
524497, 2, 1
524505, 3, bit 0
524505, 3, 0
524747, 2, 0
524755, 3, 1
524997, 2, 0
525005, 3, 0
525247, 2, 1
525255, 3, 1
525497, 2, 1
525505, 3, 1
525747, 2, 0
525755, 3, 0
525997, 2, bit 1
525997, 2, 0
526005, 3, 1
526247, 2, 1
526255, 3, 0
526497, 2, 0
526505, 3, 1
526747, 2, 1
526755, 3, 0
526997, 2, 0
527005, 3, 1
527247, 2, 1
527255, 3, 0
527497, 2, 0
527505, 3, 1
527747, 2, 1
527755, 3, 0
527997, 2, 1
528005, 3, bit 1
528005, 3, 1
528247, 2, 0
528256, 3, 0
528497, 2, 0
528506, 3, 1
528747, 2, 1
528756, 3, 0
528997, 2, 1
529006, 3, 0
529247, 2, 0
529256, 3, 1
529497, 2, bit 0
529497, 2, 1
529506, 3, 0
529747, 2, 0
529756, 3, 1
529997, 2, 1
530006, 3, 0
530247, 2, 0
530256, 3, 1
530497, 2, 1
530506, 3, 0
530747, 2, 0
530756, 3, 1
530997, 2, 1
531006, 3, 0
531247, 2, 0
531256, 3, 1
531497, 2, 0
531506, 3, bit 0
531506, 3, 0
531747, 2, 1
531756, 3, 1
531997, 2, 1
532006, 3, 0
532247, 2, 0
532256, 3, 1
532497, 2, 0
532506, 3, 1
532747, 2, 1
532756, 3, 0
532997, 2, bit 1
532997, 2, 0
533006, 3, 1
533248, 2, 1
533256, 3, 0
533498, 2, 0
533506, 3, 1
533748, 2, 1
533756, 3, 0
533998, 2, 0
534006, 3, 1
534248, 2, 1
534256, 3, 0
534498, 2, 0
534506, 3, 1
534748, 2, 1
534756, 3, 0
534998, 2, 1
535006, 3, bit 0
535006, 3, 0
535248, 2, 0
535256, 3, 1
535498, 2, 0
535506, 3, 0
535748, 2, 1
535756, 3, 1
535998, 2, 1
536006, 3, 1
536248, 2, 0
536256, 3, 0
536498, 2, bit 0
536498, 2, 1
536506, 3, 1
536748, 2, 0
536756, 3, 0
536998, 2, 1
537006, 3, 1
537248, 2, 0
537256, 3, 0
537498, 2, 1
537506, 3, 1
537748, 2, 0
537756, 3, 0
537998, 2, 1
538006, 3, 1
538248, 2, 0
538256, 3, 0
538498, 2, 0
538506, 3, bit 1
538506, 3, 1
538748, 2, 1
538756, 3, 0
538998, 2, 1
539006, 3, 1
539248, 2, 0
539256, 3, 0
539498, 2, 0
539506, 3, 0
539748, 2, 1
539756, 3, 1
539998, 2, bit 0
539998, 2, 1
540006, 3, 0
540248, 2, 0
540256, 3, 1
540498, 2, 1
540506, 3, 0
540748, 2, 0
540756, 3, 1
540998, 2, 1
541006, 3, 0
541248, 2, 0
541256, 3, 1
541498, 2, 1
541506, 3, 0
541748, 2, 0
541756, 3, 1
541998, 2, 0
542006, 3, bit 0
542006, 3, 0
542248, 2, 1
542256, 3, 1
542498, 2, 1
542507, 3, 0
542748, 2, 0
542757, 3, 1
542998, 2, 0
543007, 3, 1
543248, 2, 1
543257, 3, 0
543498, 2, bit 0
543498, 2, 1
543507, 3, 1
543748, 2, 0
543757, 3, 0
543998, 2, 1
544007, 3, 1
544248, 2, 0
544257, 3, 0
544498, 2, 1
544507, 3, 1
544748, 2, 0
544757, 3, 0
544998, 2, 1
545007, 3, 1
545248, 2, 0
545257, 3, 0
545498, 2, 0
545507, 3, bit 0
545507, 3, 0
545748, 2, 1
545757, 3, 1
545998, 2, 1
546007, 3, 0
546248, 2, 0
546257, 3, 1
546498, 2, 0
546507, 3, 1
546748, 2, 1
546757, 3, 0
546998, 2, bit 0
546998, 2, 1
547007, 3, 1
547248, 2, 0
547257, 3, 0
547499, 2, 1
547507, 3, 1
547749, 2, 0
547757, 3, 0
547999, 2, 1
548007, 3, 1
548249, 2, 0
548257, 3, 0
548499, 2, 1
548507, 3, 1
548749, 2, 0
548757, 3, 0
548999, 2, 0
549007, 3, bit 0
549007, 3, 0
549249, 2, 1
549257, 3, 1
549499, 2, 1
549507, 3, 0
549749, 2, 0
549757, 3, 1
549999, 2, 0
550007, 3, 1
550249, 2, 1
550257, 3, 0
550499, 2, bit 1
550499, 2, 0
550507, 3, 1
550749, 2, 1
550757, 3, 0
550999, 2, 0
551007, 3, 1
551249, 2, 1
551257, 3, 0
551499, 2, 0
551507, 3, 1
551749, 2, 1
551757, 3, 0
551999, 2, 0
552007, 3, 1
552249, 2, 1
552257, 3, 0
552499, 2, 1
552507, 3, bit 0
552507, 3, 0
552749, 2, 0
552757, 3, 1
552999, 2, 0
553007, 3, 0
553249, 2, 1
553257, 3, 1
553499, 2, 1
553507, 3, 1
553749, 2, 0
553757, 3, 0
553999, 2, bit 1
553999, 2, 0
554007, 3, 1
554249, 2, 1
554257, 3, 0
554499, 2, 0
554507, 3, 1
554749, 2, 1
554757, 3, 0
554999, 2, 0
555008, 3, 1
555249, 2, 1
555258, 3, 0
555499, 2, 0
555508, 3, 1
555749, 2, 1
555758, 3, 0
555999, 2, 1
556008, 3, bit 1
556008, 3, 1
556249, 2, 0
556258, 3, 0
556499, 2, 0
556508, 3, 1
556749, 2, 1
556758, 3, 0
556999, 2, 1
557008, 3, 0
557249, 2, 0
557258, 3, 1
557499, 2, bit 0
557499, 2, 1
557508, 3, 0
557749, 2, 0
557758, 3, 1
557999, 2, 1
558008, 3, 0
558249, 2, 0
558258, 3, 1
558499, 2, 1
558508, 3, 0
558749, 2, 0
558758, 3, 1
558999, 2, 1
559008, 3, 0
559249, 2, 0
559258, 3, 1
559499, 2, 0
559508, 3, bit 1
559508, 3, 1
559749, 2, 1
559758, 3, 0
560000, 2, 1
560008, 3, 1
560250, 2, 0
560258, 3, 0
560500, 2, 0
560508, 3, 0
560750, 2, 1
560758, 3, 1
561000, 2, bit 1
561000, 2, 0
561008, 3, 0
561250, 2, 1
561258, 3, 1
561500, 2, 0
561508, 3, 0
561750, 2, 1
561758, 3, 1
562000, 2, 0
562008, 3, 0
562250, 2, 1
562258, 3, 1
562500, 2, 0
562508, 3, 0
562750, 2, 1
562758, 3, 1
563000, 2, 1
563008, 3, bit 1
563008, 3, 1
563250, 2, 0
563258, 3, 0
563500, 2, 0
563508, 3, 1
563750, 2, 1
563758, 3, 0
564000, 2, 1
564008, 3, 0
564250, 2, 0
564258, 3, 1
564500, 2, bit 1
564500, 2, 0
564508, 3, 0
564750, 2, 1
564758, 3, 1
565000, 2, 0
565008, 3, 0
565250, 2, 1
565258, 3, 1
565500, 2, 0
565508, 3, 0
565750, 2, 1
565758, 3, 1
566000, 2, 0
566008, 3, 0
566250, 2, 1
566258, 3, 1
566500, 2, 1
566508, 3, bit 1
566508, 3, 1
566750, 2, 0
566758, 3, 0
567000, 2, 0
567008, 3, 1
567250, 2, 1
567258, 3, 0
567500, 2, 1
567508, 3, 0
567750, 2, 0
567758, 3, 1
568008, 3, 0
568258, 3, 1
568508, 3, 0
568758, 3, 1
569008, 3, 0
569259, 3, 1
569509, 3, 0
569759, 3, 1
570009, 3, bit 1
570009, 3, 1
570259, 3, 0
570509, 3, 1
570759, 3, 0
571009, 3, 0
571259, 3, 1
571509, 3, 0
571759, 3, 1
572009, 3, 0
572259, 3, 1
572509, 3, 0
572759, 3, 1
573009, 3, 0
573259, 3, 1
573509, 3, bit 1
573509, 3, 1
573759, 3, 0
574009, 3, 1
574259, 3, 0
574509, 3, 0
574759, 3, 1
575009, 3, 0
575259, 3, 1
575509, 3, 0
575759, 3, 1
576009, 3, 0
576259, 3, 1
576509, 3, 0
576759, 3, 1
577009, 3, bit 1
577009, 3, 1
577259, 3, 0
577509, 3, 1
577759, 3, 0
578009, 3, 0
578259, 3, 1
578509, 3, 0
578759, 3, 1
579009, 3, 0
579259, 3, 1
579509, 3, 0
579759, 3, 1
580009, 3, 0
580259, 3, 1
580509, 3, bit 0
580509, 3, 0
580759, 3, 1
581009, 3, 0
581259, 3, 1
581509, 3, 1
581760, 3, 0
582010, 3, 1
582260, 3, 0
582510, 3, 1
582760, 3, 0
583010, 3, 1
583260, 3, 0
583510, 3, 1
583760, 3, 0
584010, 3, bit 1
584010, 3, 1
584260, 3, 0
584510, 3, 1
584760, 3, 0
585010, 3, 0
585260, 3, 1
585510, 3, 0
585760, 3, 1
586010, 3, 0
586260, 3, 1
586510, 3, 0
586760, 3, 1
587010, 3, 0
587260, 3, 1
587510, 3, bit 0
587510, 3, 0
587760, 3, 1
588010, 3, 0
588260, 3, 1
588510, 3, 1
588760, 3, 0
589010, 3, 1
589260, 3, 0
589510, 3, 1
589760, 3, 0
590010, 3, 1
590260, 3, 0
590510, 3, 1
590760, 3, 0
591010, 3, bit 0
591010, 3, 0
591260, 3, 1
591510, 3, 0
591760, 3, 1
592010, 3, 1
592260, 3, 0
592510, 3, 1
592760, 3, 0
593010, 3, 1
593260, 3, 0
593510, 3, 1
593760, 3, 0
594010, 3, 1
594260, 3, 0
594510, 3, bit 0
594510, 3, 0
594760, 3, 1
595010, 3, 0
595260, 3, 1
595510, 3, 1
595760, 3, 0
596011, 3, 1
596261, 3, 0
596511, 3, 1
596761, 3, 0
597011, 3, 1
597261, 3, 0
597511, 3, 1
597761, 3, 0
598011, 3, bit 0
598011, 3, 0
598261, 3, 1
598511, 3, 0
598761, 3, 1
599011, 3, 1
599261, 3, 0
599511, 3, 1
599761, 3, 0
600011, 3, 1
600261, 3, 0
600511, 3, 1
600761, 3, 0
601011, 3, 1
601261, 3, 0
601511, 3, bit 1
601511, 3, 1
601761, 3, 0
602011, 3, 1
602261, 3, 0
602511, 3, 0
602761, 3, 1
603011, 3, 0
603261, 3, 1
603511, 3, 0
603761, 3, 1
604011, 3, 0
604261, 3, 1
604511, 3, 0
604761, 3, 1
605011, 3, bit 1
605011, 3, 1
605261, 3, 0
605511, 3, 1
605761, 3, 0
606011, 3, 0
606261, 3, 1
606511, 3, 0
606761, 3, 1
607011, 3, 0
607261, 3, 1
607511, 3, 0
607761, 3, 1
608011, 3, 0
608261, 3, 1
608512, 3, bit 0
608512, 3, 0
608762, 3, 1
609012, 3, 0
609262, 3, 1
609512, 3, 1
609762, 3, 0
610012, 3, 1
610262, 3, 0
610512, 3, 1
610762, 3, 0
611012, 3, 1
611262, 3, 0
611512, 3, 1
611762, 3, 0
612012, 3, bit 1
612012, 3, 1
612262, 3, 0
612512, 3, 1
612762, 3, 0
613012, 3, 0
613262, 3, 1
613512, 3, 0
613762, 3, 1
614012, 3, 0
614262, 3, 1
614512, 3, 0
614762, 3, 1
615012, 3, 0
615262, 3, 1
615512, 3, bit 0
615512, 3, 0
615762, 3, 1
616012, 3, 0
616262, 3, 1
616512, 3, 1
616762, 3, 0
617012, 3, 1
617262, 3, 0
617512, 3, 1
617762, 3, 0
618012, 3, 1
618262, 3, 0
618512, 3, 1
618762, 3, 0
619012, 3, bit 1
619012, 3, 1
619262, 3, 0
619512, 3, 1
619762, 3, 0
620012, 3, 0
620262, 3, 1
620512, 3, 0
620762, 3, 1
621012, 3, 0
621262, 3, 1
621512, 3, 0
621762, 3, 1
622012, 3, 0
622262, 3, 1
622512, 3, bit 0
622512, 3, 0
622763, 3, 1
623013, 3, 0
623263, 3, 1
623513, 3, 1
623763, 3, 0
624013, 3, 1
624263, 3, 0
624513, 3, 1
624763, 3, 0
625013, 3, 1
625263, 3, 0
625513, 3, 1
625763, 3, 0
