250 100 4 7 16
(2, 20, 6, 10.00), (code 6)
(3, 258, 0, 10.00), (code 0)
(4, 496, 10, 10.00), (code 4)
(5, 734, 4, 10.00), (code 1)
START
2447320, 0, prem 0
2447320, 0, 0
2447570, 0, 0
2447820, 0, 0
2448070, 0, 0
2448320, 0, 0
2448570, 0, 0
2448820, 0, 0
2449070, 0, 0
2449320, 0, 0
2449570, 0, 0
2449820, 0, 0
2450070, 0, 0
2450320, 0, 0
2450570, 0, 0
2450820, 0, 0
2451070, 0, 0
2451320, 0, 1
2451570, 0, 1
2451820, 0, 1
2452070, 0, 1
2452320, 0, 1
2452570, 0, 1
2452820, 0, 1
2453070, 0, 1
2453320, 0, 1
2453570, 0, 1
2453820, 0, 1
2454070, 0, 1
2454320, 0, 1
2454571, 0, 1
2454821, 0, 1
2455071, 0, 1
2455321, 0, prem 0
2455321, 0, 0
2455571, 0, 0
2455821, 0, 0
2456071, 0, 0
2456321, 0, 0
2456571, 0, 0
2456821, 0, 0
2457071, 0, 0
2457321, 0, 0
2457571, 0, 0
2457821, 0, 0
2458071, 0, 0
2458321, 0, 0
2458571, 0, 0
2458821, 0, 0
2459071, 0, 0
2459321, 0, 1
2459571, 0, 1
2459821, 0, 1
2460071, 0, 1
2460321, 0, 1
2460571, 0, 1
2460821, 0, 1
2461071, 0, 1
2461321, 0, 1
2461571, 0, 1
2461821, 0, 1
2462071, 0, 1
2462321, 0, 1
2462571, 0, 1
2462821, 0, 1
2463071, 0, 1
2463321, 0, prem 1
2463321, 0, 1
2463571, 0, 1
2463821, 0, 1
2464071, 0, 1
2464321, 0, 1
2464571, 0, 1
2464821, 0, 1
2465071, 0, 1
2465321, 0, 1
2465571, 0, 1
2465821, 0, 1
2466071, 0, 1
2466321, 0, 1
2466571, 0, 1
2466821, 0, 1
2467072, 0, 1
2467322, 0, 0
2467572, 0, 0
2467822, 0, 0
2468072, 0, 0
2468322, 0, 0
2468572, 0, 0
2468822, 0, 0
2469072, 0, 0
2469322, 0, 0
2469572, 0, 0
2469822, 0, 0
2470072, 0, 0
2470322, 0, 0
2470572, 0, 0
2470822, 0, 0
2471072, 0, 0
2471322, 0, prem 0
2471322, 0, 0
2471572, 0, 0
2471822, 0, 0
2472072, 0, 0
2472322, 0, 0
2472572, 0, 0
2472822, 0, 0
2473072, 0, 0
2473322, 0, 0
2473572, 0, 0
2473822, 0, 0
2474072, 0, 0
2474322, 0, 0
2474572, 0, 0
2474822, 0, 0
2475072, 0, 0
2475322, 0, 1
2475572, 0, 1
2475822, 0, 1
2476072, 0, 1
2476322, 0, 1
2476572, 0, 1
2476822, 0, 1
2477072, 0, 1
2477322, 0, 1
2477572, 0, 1
2477822, 0, 1
2478072, 0, 1
2478322, 0, 1
2478572, 0, 1
2478822, 0, 1
2479072, 0, 1
2479322, 0, prem 0
2479322, 0, 0
2479572, 0, 0
2479822, 0, 0
2480072, 0, 0
2480322, 0, 0
2480572, 0, 0
2480822, 0, 0
2481072, 0, 0
2481323, 0, 0
2481573, 0, 0
2481823, 0, 0
2482073, 0, 0
2482323, 0, 0
2482573, 0, 0
2482823, 0, 0
2483073, 0, 0
2483323, 0, 1
2483573, 0, 1
2483823, 0, 1
2484073, 0, 1
2484323, 0, 1
2484573, 0, 1
2484823, 0, 1
2485073, 0, 1
2485323, 0, 1
2485573, 0, 1
2485823, 0, 1
2486073, 0, 1
2486323, 0, 1
2486573, 0, 1
2486823, 0, 1
2487073, 0, 1
2487323, 0, prem 1
2487323, 0, 1
2487573, 0, 1
2487823, 0, 1
2488073, 0, 1
2488323, 0, 1
2488573, 0, 1
2488823, 0, 1
2489073, 0, 1
2489323, 0, 1
2489573, 0, 1
2489823, 0, 1
2490073, 0, 1
2490323, 0, 1
2490573, 0, 1
2490823, 0, 1
2491073, 0, 1
2491323, 0, 0
2491573, 0, 0
2491823, 0, 0
2492073, 0, 0
2492323, 0, 0
2492573, 0, 0
2492823, 0, 0
2493073, 0, 0
2493323, 0, 0
2493573, 0, 0
2493824, 0, 0
2494074, 0, 0
2494324, 0, 0
2494574, 0, 0
2494824, 0, 0
2495074, 0, 0
2495324, 0, prem 0
2495324, 0, 0
2495574, 0, 0
2495824, 0, 0
2496074, 0, 0
2496324, 0, 0
2496574, 0, 0
2496824, 0, 0
2497074, 0, 0
2497324, 0, 0
2497574, 0, 0
2497824, 0, 0
2498074, 0, 0
2498324, 0, 0
2498574, 0, 0
2498824, 0, 0
2499074, 0, 0
2499324, 0, 1
2499574, 0, 1
2499824, 0, 1
2500074, 0, 1
2500324, 0, 1
2500574, 0, 1
2500824, 0, 1
2501074, 0, 1
2501324, 0, 1
2501574, 0, 1
2501824, 0, 1
2502074, 0, 1
2502324, 0, 1
2502574, 0, 1
2502824, 0, 1
2503074, 0, 1
2503324, 0, bit 1
2503324, 0, 0
2503574, 0, 1
2503824, 0, 0
2504074, 0, 1
2504324, 0, 1
2504574, 0, 0
2504824, 0, 0
2505074, 0, 1
2505324, 0, 0
2505328, 1, prem 0
2505328, 1, 0
2505574, 0, 1
2505578, 1, 0
2505824, 0, 1
2505828, 1, 0
2506074, 0, 0
2506078, 1, 0
2506324, 0, 0
2506328, 1, 0
2506574, 0, 1
2506578, 1, 0
2506824, 0, bit 1
2506824, 0, 0
2506828, 1, 0
2507074, 0, 1
2507078, 1, 0
2507324, 0, 0
2507328, 1, 0
2507574, 0, 1
2507578, 1, 0
2507824, 0, 1
2507828, 1, 0
2508075, 0, 0
2508078, 1, 0
2508325, 0, 0
2508328, 1, 0
2508575, 0, 1
2508578, 1, 0
2508825, 0, 0
2508828, 1, 0
2509075, 0, 1
2509078, 1, 0
2509325, 0, 1
2509328, 1, 1
2509575, 0, 0
2509578, 1, 1
2509825, 0, 0
2509828, 1, 1
2510075, 0, 1
2510078, 1, 1
2510325, 0, bit 1
2510325, 0, 0
2510328, 1, 1
2510575, 0, 1
2510578, 1, 1
2510825, 0, 0
2510828, 1, 1
2511075, 0, 1
2511078, 1, 1
2511325, 0, 1
2511328, 1, 1
2511575, 0, 0
2511578, 1, 1
2511825, 0, 0
2511828, 1, 1
2512075, 0, 1
2512078, 1, 1
2512325, 0, 0
2512328, 1, 1
2512575, 0, 1
2512578, 1, 1
2512825, 0, 1
2512828, 1, 1
2513075, 0, 0
2513078, 1, 1
2513325, 0, 0
2513328, 1, prem 1
2513328, 1, 1
2513575, 0, 1
2513579, 1, 1
2513825, 0, bit 0
2513825, 0, 1
2513829, 1, 1
2514075, 0, 0
2514079, 1, 1
2514325, 0, 1
2514329, 1, 1
2514575, 0, 0
2514579, 1, 1
2514825, 0, 0
2514829, 1, 1
2515075, 0, 1
2515079, 1, 1
2515325, 0, 1
2515329, 1, 1
2515575, 0, 0
2515579, 1, 1
2515825, 0, 1
2515829, 1, 1
2516075, 0, 0
2516079, 1, 1
2516325, 0, 0
2516329, 1, 1
2516575, 0, 1
2516579, 1, 1
2516825, 0, 1
2516829, 1, 1
2517075, 0, 0
2517079, 1, 1
2517325, 0, bit 1
2517325, 0, 0
2517329, 1, 0
2517575, 0, 1
2517579, 1, 0
2517825, 0, 0
2517829, 1, 0
2518075, 0, 1
2518079, 1, 0
2518325, 0, 1
2518329, 1, 0
2518575, 0, 0
2518579, 1, 0
2518825, 0, 0
2518829, 1, 0
2519075, 0, 1
2519079, 1, 0
2519325, 0, 0
2519329, 1, 0
2519575, 0, 1
2519579, 1, 0
2519825, 0, 1
2519829, 1, 0
2520075, 0, 0
2520079, 1, 0
2520325, 0, 0
2520329, 1, 0
2520576, 0, 1
2520579, 1, 0
2520826, 0, bit 0
2520826, 0, 1
2520829, 1, 0
2521076, 0, 0
2521079, 1, 0
2521326, 0, 1
2521329, 1, prem 1
2521329, 1, 1
2521576, 0, 0
2521579, 1, 1
2521826, 0, 0
2521829, 1, 1
2522076, 0, 1
2522079, 1, 1
2522326, 0, 1
2522329, 1, 1
2522576, 0, 0
2522579, 1, 1
2522826, 0, 1
2522829, 1, 1
2523076, 0, 0
2523079, 1, 1
2523326, 0, 0
2523329, 1, 1
2523576, 0, 1
2523579, 1, 1
2523826, 0, 1
2523829, 1, 1
2524076, 0, 0
2524079, 1, 1
2524326, 0, bit 0
2524326, 0, 1
2524329, 1, 1
2524576, 0, 0
2524579, 1, 1
2524826, 0, 1
2524829, 1, 1
2525076, 0, 0
2525079, 1, 1
2525326, 0, 0
2525329, 1, 0
2525576, 0, 1
2525579, 1, 0
2525826, 0, 1
2525829, 1, 0
2526076, 0, 0
2526080, 1, 0
2526326, 0, 1
2526330, 1, 0
2526576, 0, 0
2526580, 1, 0
2526826, 0, 0
2526830, 1, 0
2527076, 0, 1
2527080, 1, 0
2527326, 0, 1
2527330, 1, 0
2527576, 0, 0
2527580, 1, 0
2527826, 0, bit 1
2527830, 0, 0
2527830, 1, 0
2528076, 0, 1
2528080, 1, 0
2528326, 0, 0
2528330, 1, 0
2528576, 0, 1
2528580, 1, 0
2528826, 0, 1
2528830, 1, 0
2529076, 0, 0
2529080, 1, 0
2529326, 0, 0
2529330, 1, prem 1
2529330, 1, 1
2529576, 0, 1
2529580, 1, 1
2529826, 0, 0
2529830, 1, 1
2530076, 0, 1
2530080, 1, 1
2530326, 0, 1
2530330, 1, 1
2530576, 0, 0
2530580, 1, 1
2530826, 0, 0
2530830, 1, 1
2531076, 0, 1
2531080, 1, 1
2531326, 0, bit 0
2531326, 0, 1
2531330, 1, 1
2531576, 0, 0
2531580, 1, 1
2531826, 0, 1
2531830, 1, 1
2532076, 0, 0
2532080, 1, 1
2532326, 0, 0
2532330, 1, 1
2532576, 0, 1
2532580, 1, 1
2532826, 0, 1
2532830, 1, 1
2533076, 0, 0
2533080, 1, 1
2533326, 0, 1
2533330, 1, 0
2533576, 0, 0
2533580, 1, 0
2533826, 0, 0
2533830, 1, 0
2534076, 0, 1
2534080, 1, 0
2534326, 0, 1
2534330, 1, 0
2534576, 0, 0
2534580, 1, 0
2534827, 0, bit 1
2534827, 0, 0
2534830, 1, 0
2535077, 0, 1
2535080, 1, 0
2535327, 0, 0
2535330, 1, 0
2535577, 0, 1
2535580, 1, 0
2535827, 0, 1
2535830, 1, 0
2536077, 0, 0
2536080, 1, 0
2536327, 0, 0
2536330, 1, 0
2536577, 0, 1
2536580, 1, 0
2536827, 0, 0
2536830, 1, 0
2537077, 0, 1
2537080, 1, 0
2537327, 0, 1
2537330, 1, prem 1
2537330, 1, 1
2537577, 0, 0
2537580, 1, 1
2537827, 0, 0
2537830, 1, 1
2538077, 0, 1
2538080, 1, 1
2538327, 0, bit 1
2538327, 0, 0
2538330, 1, 1
2538577, 0, 1
2538580, 1, 1
2538827, 0, 0
2538830, 1, 1
2539077, 0, 1
2539080, 1, 1
2539327, 0, 1
2539330, 1, 1
2539577, 0, 0
2539580, 1, 1
2539827, 0, 0
2539830, 1, 1
2540077, 0, 1
2540080, 1, 1
2540327, 0, 0
2540331, 1, 1
2540577, 0, 1
2540581, 1, 1
2540827, 0, 1
2540831, 1, 1
2541077, 0, 0
2541081, 1, 1
2541327, 0, 0
2541331, 1, 0
2541577, 0, 1
2541581, 1, 0
2541827, 0, bit 0
2541827, 0, 1
2541831, 1, 0
2542077, 0, 0
2542081, 1, 0
2542327, 0, 1
2542331, 1, 0
2542577, 0, 0
2542581, 1, 0
2542827, 0, 0
2542831, 1, 0
2543077, 0, 1
2543081, 1, 0
2543327, 0, 1
2543331, 1, 0
2543577, 0, 0
2543581, 1, 0
2543827, 0, 1
2543831, 1, 0
2544077, 0, 0
2544081, 1, 0
2544327, 0, 0
2544331, 1, 0
2544577, 0, 1
2544581, 1, 0
2544827, 0, 1
2544831, 1, 0
2545077, 0, 0
2545081, 1, 0
2545327, 0, bit 0
2545327, 0, 1
2545331, 1, prem 0
2545331, 1, 0
2545577, 0, 0
2545581, 1, 0
2545827, 0, 1
2545831, 1, 0
2546077, 0, 0
2546081, 1, 0
2546327, 0, 0
2546331, 1, 0
2546577, 0, 1
2546581, 1, 0
2546827, 0, 1
2546831, 1, 0
2547077, 0, 0
2547081, 1, 0
2547328, 0, 1
2547331, 1, 0
2547578, 0, 0
2547581, 1, 0
2547828, 0, 0
2547831, 1, 0
2548078, 0, 1
2548081, 1, 0
2548328, 0, 1
2548331, 1, 0
2548578, 0, 0
2548581, 1, 0
2548828, 0, bit 1
2548828, 0, 0
2548831, 1, 0
2549078, 0, 1
2549081, 1, 0
2549328, 0, 0
2549331, 1, 1
2549578, 0, 1
2549581, 1, 1
2549828, 0, 1
2549831, 1, 1
2550078, 0, 0
2550081, 1, 1
2550328, 0, 0
2550331, 1, 1
2550578, 0, 1
2550581, 1, 1
2550828, 0, 0
2550831, 1, 1
2551078, 0, 1
2551081, 1, 1
2551328, 0, 1
2551331, 1, 1
2551578, 0, 0
2551581, 1, 1
2551828, 0, 0
2551831, 1, 1
2552078, 0, 1
2552081, 1, 1
2552328, 0, bit 1
2552328, 0, 0
2552331, 1, 1
2552578, 0, 1
2552581, 1, 1
2552828, 0, 0
2552832, 1, 1
2553078, 0, 1
2553082, 1, 1
2553328, 0, 1
2553332, 1, prem 0
2553332, 1, 0
2553578, 0, 0
2553582, 1, 0
2553828, 0, 0
2553832, 1, 0
2554078, 0, 1
2554082, 1, 0
2554328, 0, 0
2554332, 1, 0
2554578, 0, 1
2554582, 1, 0
2554828, 0, 1
2554832, 1, 0
2555078, 0, 0
2555082, 1, 0
2555328, 0, 0
2555332, 1, 0
2555578, 0, 1
2555582, 1, 0
2555828, 0, bit 0
2555828, 0, 1
2555832, 1, 0
2556078, 0, 0
2556082, 1, 0
2556328, 0, 1
2556332, 1, 0
2556578, 0, 0
2556582, 1, 0
2556828, 0, 0
2556832, 1, 0
2557078, 0, 1
2557082, 1, 0
2557328, 0, 1
2557332, 1, 1
2557578, 0, 0
2557582, 1, 1
2557828, 0, 1
2557832, 1, 1
2558078, 0, 0
2558082, 1, 1
2558328, 0, 0
2558332, 1, 1
2558578, 0, 1
2558582, 1, 1
2558828, 0, 1
2558832, 1, 1
2559078, 0, 0
2559082, 1, 1
2559328, 0, bit 1
2559328, 0, 0
2559332, 1, 1
2559578, 0, 1
2559582, 1, 1
2559828, 0, 0
2559832, 1, 1
2560078, 0, 1
2560082, 1, 1
2560328, 0, 1
2560332, 1, 1
2560578, 0, 0
2560582, 1, 1
2560828, 0, 0
2560832, 1, 1
2561078, 0, 1
2561082, 1, 1
2561328, 0, 0
2561332, 1, bit 1
2561332, 1, 0
2561579, 0, 1
2561582, 1, 1
2561829, 0, 1
2561832, 1, 1
2562079, 0, 0
2562082, 1, 0
2562329, 0, 0
2562332, 1, 1
2562579, 0, 1
2562582, 1, 0
2562829, 0, bit 1
2562829, 0, 0
2562832, 1, 1
2563079, 0, 1
2563082, 1, 0
2563329, 0, 0
2563332, 1, 1
2563579, 0, 1
2563582, 1, 0
2563829, 0, 1
2563832, 1, 0
2564079, 0, 0
2564082, 1, 1
2564329, 0, 0
2564332, 1, 0
2564579, 0, 1
2564582, 1, 1
2564829, 0, 0
2564832, 1, bit 0
2564832, 1, 1
2565079, 0, 1
2565082, 1, 0
2565329, 0, 1
2565332, 1, 0
2565579, 0, 0
2565582, 1, 1
2565829, 0, 0
2565832, 1, 0
2566079, 0, 1
2566082, 1, 1
2566329, 0, bit 0
2566329, 0, 1
2566332, 1, 0
2566579, 0, 0
2566582, 1, 1
2566829, 0, 1
2566832, 1, 0
2567079, 0, 0
2567083, 1, 1
2567329, 0, 0
2567333, 1, 1
2567336, 2, prem 0
2567340, 2, 0
2567579, 0, 1
2567583, 1, 0
2567586, 2, 0
2567829, 0, 1
2567833, 1, 1
2567836, 2, 0
2568079, 0, 0
2568083, 1, 0
2568086, 2, 0
2568329, 0, 1
2568333, 1, bit 1
2568333, 1, 0
2568336, 2, 0
2568579, 0, 0
2568583, 1, 1
2568586, 2, 0
2568829, 0, 0
2568833, 1, 1
2568836, 2, 0
2569079, 0, 1
2569083, 1, 0
2569086, 2, 0
2569329, 0, 1
2569333, 1, 1
2569336, 2, 0
2569579, 0, 0
2569583, 1, 0
2569586, 2, 0
2569829, 0, bit 0
2569829, 0, 1
2569833, 1, 1
2569836, 2, 0
2570079, 0, 0
2570083, 1, 0
2570086, 2, 0
2570329, 0, 1
2570333, 1, 1
2570336, 2, 0
2570579, 0, 0
2570583, 1, 0
2570586, 2, 0
2570829, 0, 0
2570833, 1, 0
2570836, 2, 0
2571079, 0, 1
2571083, 1, 1
2571086, 2, 0
2571329, 0, 1
2571333, 1, 0
2571336, 2, 1
2571579, 0, 0
2571583, 1, 1
2571586, 2, 1
2571829, 0, 1
2571833, 1, bit 0
2571833, 1, 1
2571836, 2, 1
2572079, 0, 0
2572083, 1, 0
2572086, 2, 1
2572329, 0, 0
2572333, 1, 0
2572336, 2, 1
2572579, 0, 1
2572583, 1, 1
2572587, 2, 1
2572829, 0, 1
2572833, 1, 0
2572837, 2, 1
2573079, 0, 0
2573083, 1, 1
2573087, 2, 1
2573329, 0, bit 0
2573329, 0, 1
2573333, 1, 0
2573337, 2, 1
2573579, 0, 0
2573583, 1, 1
2573587, 2, 1
2573829, 0, 1
2573833, 1, 0
2573837, 2, 1
2574080, 0, 0
2574083, 1, 1
2574087, 2, 1
2574330, 0, 0
2574333, 1, 1
2574337, 2, 1
2574580, 0, 1
2574583, 1, 0
2574587, 2, 1
2574830, 0, 1
2574833, 1, 1
2574837, 2, 1
2575080, 0, 0
2575083, 1, 0
2575087, 2, 1
2575330, 0, 1
2575333, 1, bit 0
2575333, 1, 1
2575337, 2, prem 0
2575337, 2, 0
2575580, 0, 0
2575583, 1, 0
2575587, 2, 0
2575830, 0, 0
2575833, 1, 0
2575837, 2, 0
2576080, 0, 1
2576083, 1, 1
2576087, 2, 0
2576330, 0, 1
2576333, 1, 0
2576337, 2, 0
2576580, 0, 0
2576583, 1, 1
2576587, 2, 0
2576830, 0, bit 1
2576830, 0, 0
2576833, 1, 0
2576837, 2, 0
2577080, 0, 1
2577083, 1, 1
2577087, 2, 0
2577330, 0, 0
2577333, 1, 0
2577337, 2, 0
2577580, 0, 1
2577583, 1, 1
2577587, 2, 0
2577830, 0, 1
2577833, 1, 1
2577837, 2, 0
2578080, 0, 0
2578083, 1, 0
2578087, 2, 0
2578330, 0, 0
2578333, 1, 1
2578337, 2, 0
2578580, 0, 1
2578583, 1, 0
2578587, 2, 0
2578830, 0, 0
2578833, 1, bit 0
2578833, 1, 1
2578837, 2, 0
2579080, 0, 1
2579083, 1, 0
2579087, 2, 0
2579330, 0, 1
2579333, 1, 0
2579337, 2, 1
2579580, 0, 0
2579584, 1, 1
2579587, 2, 1
2579830, 0, 0
2579834, 1, 0
2579837, 2, 1
2580080, 0, 1
2580084, 1, 1
2580087, 2, 1
2580330, 0, bit 1
2580330, 0, 0
2580334, 1, 0
2580337, 2, 1
2580580, 0, 1
2580584, 1, 1
2580587, 2, 1
2580830, 0, 0
2580834, 1, 0
2580837, 2, 1
2581080, 0, 1
2581084, 1, 1
2581087, 2, 1
2581330, 0, 1
2581334, 1, 1
2581337, 2, 1
2581580, 0, 0
2581584, 1, 0
2581587, 2, 1
2581830, 0, 0
2581834, 1, 1
2581837, 2, 1
2582080, 0, 1
2582084, 1, 0
2582087, 2, 1
2582330, 0, 0
2582334, 1, bit 1
2582334, 1, 0
2582337, 2, 1
2582580, 0, 1
2582584, 1, 1
2582587, 2, 1
2582830, 0, 1
2582834, 1, 1
2582837, 2, 1
2583080, 0, 0
2583084, 1, 0
2583087, 2, 1
2583330, 0, 0
2583334, 1, 1
2583337, 2, prem 0
2583337, 2, 0
2583580, 0, 1
2583584, 1, 0
2583587, 2, 0
2583830, 0, bit 0
2583830, 0, 1
2583834, 1, 1
2583837, 2, 0
2584080, 0, 0
2584084, 1, 0
2584087, 2, 0
2584330, 0, 1
2584334, 1, 1
2584337, 2, 0
2584580, 0, 0
2584584, 1, 0
2584587, 2, 0
2584830, 0, 0
2584834, 1, 0
2584837, 2, 0
2585080, 0, 1
2585084, 1, 1
2585088, 2, 0
2585330, 0, 1
2585334, 1, 0
2585338, 2, 0
2585580, 0, 0
2585584, 1, 1
2585588, 2, 0
2585830, 0, 1
2585834, 1, bit 0
2585834, 1, 1
2585838, 2, 0
2586080, 0, 0
2586084, 1, 0
2586088, 2, 0
2586330, 0, 0
2586334, 1, 0
2586338, 2, 0
2586580, 0, 1
2586584, 1, 1
2586588, 2, 0
2586830, 0, 1
2586834, 1, 0
2586838, 2, 0
2587080, 0, 0
2587084, 1, 1
2587088, 2, 0
2587330, 0, bit 0
2587330, 0, 1
2587334, 1, 0
2587338, 2, 1
2587580, 0, 0
2587584, 1, 1
2587588, 2, 1
2587830, 0, 1
2587834, 1, 0
2587838, 2, 1
2588080, 0, 0
2588084, 1, 1
2588088, 2, 1
2588331, 0, 0
2588334, 1, 1
2588338, 2, 1
2588581, 0, 1
2588584, 1, 0
2588588, 2, 1
2588831, 0, 1
2588834, 1, 1
2588838, 2, 1
2589081, 0, 0
2589084, 1, 0
2589088, 2, 1
2589331, 0, 1
2589334, 1, bit 0
2589334, 1, 1
2589338, 2, 1
2589581, 0, 0
2589584, 1, 0
2589588, 2, 1
2589831, 0, 0
2589834, 1, 0
2589838, 2, 1
2590081, 0, 1
2590084, 1, 1
2590088, 2, 1
2590331, 0, 1
2590334, 1, 0
2590338, 2, 1
2590581, 0, 0
2590584, 1, 1
2590588, 2, 1
2590831, 0, bit 0
2590831, 0, 1
2590834, 1, 0
2590838, 2, 1
2591081, 0, 0
2591084, 1, 1
2591088, 2, 1
2591331, 0, 1
2591334, 1, 0
2591338, 2, prem 0
2591338, 2, 0
2591581, 0, 0
2591584, 1, 1
2591588, 2, 0
2591831, 0, 0
2591834, 1, 1
2591838, 2, 0
2592081, 0, 1
2592084, 1, 0
2592088, 2, 0
2592331, 0, 1
2592334, 1, 1
2592338, 2, 0
2592581, 0, 0
2592584, 1, 0
2592588, 2, 0
2592831, 0, 1
2592834, 1, bit 1
2592834, 1, 0
2592838, 2, 0
2593081, 0, 0
2593084, 1, 1
2593088, 2, 0
2593331, 0, 0
2593334, 1, 1
2593338, 2, 0
2593581, 0, 1
2593584, 1, 0
2593588, 2, 0
2593831, 0, 1
2593835, 1, 1
2593838, 2, 0
2594081, 0, 0
2594085, 1, 0
2594088, 2, 0
2594331, 0, bit 1
2594331, 0, 0
2594335, 1, 1
2594338, 2, 0
2594581, 0, 1
2594585, 1, 0
2594588, 2, 0
2594831, 0, 0
2594835, 1, 1
2594838, 2, 0
2595081, 0, 1
2595085, 1, 0
2595088, 2, 0
2595331, 0, 1
2595335, 1, 0
2595338, 2, 1
2595581, 0, 0
2595585, 1, 1
2595588, 2, 1
2595831, 0, 0
2595835, 1, 0
2595838, 2, 1
2596081, 0, 1
2596085, 1, 1
2596088, 2, 1
2596331, 0, 0
2596335, 1, bit 1
2596335, 1, 0
2596338, 2, 1
2596581, 0, 1
2596585, 1, 1
2596588, 2, 1
2596831, 0, 1
2596835, 1, 1
2596838, 2, 1
2597081, 0, 0
2597085, 1, 0
2597088, 2, 1
2597331, 0, 0
2597335, 1, 1
2597338, 2, 1
2597581, 0, 1
2597585, 1, 0
2597588, 2, 1
2597831, 0, bit 0
2597831, 0, 1
2597835, 1, 1
2597838, 2, 1
2598081, 0, 0
2598085, 1, 0
2598088, 2, 1
2598331, 0, 1
2598335, 1, 1
2598338, 2, 1
2598581, 0, 0
2598585, 1, 0
2598588, 2, 1
2598831, 0, 0
2598835, 1, 0
2598838, 2, 1
2599081, 0, 1
2599085, 1, 1
2599088, 2, 1
2599331, 0, 1
2599335, 1, 0
2599339, 2, prem 1
2599339, 2, 1
2599581, 0, 0
2599585, 1, 1
2599589, 2, 1
2599831, 0, 1
2599835, 1, bit 1
2599835, 1, 0
2599839, 2, 1
2600081, 0, 0
2600085, 1, 1
2600089, 2, 1
2600331, 0, 0
2600335, 1, 1
2600339, 2, 1
2600581, 0, 1
2600585, 1, 0
2600589, 2, 1
2600832, 0, 1
2600835, 1, 1
2600839, 2, 1
2601082, 0, 0
2601085, 1, 0
2601089, 2, 1
2601332, 0, bit 1
2601332, 0, 0
2601335, 1, 1
2601339, 2, 1
2601582, 0, 1
2601585, 1, 0
2601589, 2, 1
2601832, 0, 0
2601835, 1, 1
2601839, 2, 1
2602082, 0, 1
2602085, 1, 0
2602089, 2, 1
2602332, 0, 1
2602335, 1, 0
2602339, 2, 1
2602582, 0, 0
2602585, 1, 1
2602589, 2, 1
2602832, 0, 0
2602835, 1, 0
2602839, 2, 1
2603082, 0, 1
2603085, 1, 1
2603089, 2, 1
2603332, 0, 0
2603335, 1, bit 1
2603335, 1, 0
2603339, 2, 0
2603582, 0, 1
2603585, 1, 1
2603589, 2, 0
2603832, 0, 1
2603835, 1, 1
2603839, 2, 0
2604082, 0, 0
2604085, 1, 0
2604089, 2, 0
2604332, 0, 0
2604335, 1, 1
2604339, 2, 0
2604582, 0, 1
2604585, 1, 0
2604589, 2, 0
2604832, 0, bit 0
2604832, 0, 1
2604835, 1, 1
2604839, 2, 0
2605082, 0, 0
2605085, 1, 0
2605089, 2, 0
2605332, 0, 1
2605335, 1, 1
2605339, 2, 0
2605582, 0, 0
2605585, 1, 0
2605589, 2, 0
2605832, 0, 0
2605835, 1, 0
2605839, 2, 0
2606082, 0, 1
2606085, 1, 1
2606089, 2, 0
2606332, 0, 1
2606336, 1, 0
2606339, 2, 0
2606582, 0, 0
2606586, 1, 1
2606589, 2, 0
2606832, 0, 1
2606836, 1, bit 0
2606836, 1, 1
2606839, 2, 0
2607082, 0, 0
2607086, 1, 0
2607089, 2, 0
2607332, 0, 0
2607336, 1, 0
2607339, 2, prem 0
2607339, 2, 0
2607582, 0, 1
2607586, 1, 1
2607589, 2, 0
2607832, 0, 1
2607836, 1, 0
2607839, 2, 0
2608082, 0, 0
2608086, 1, 1
2608089, 2, 0
2608332, 0, bit 0
2608332, 0, 1
2608336, 1, 0
2608339, 2, 0
2608582, 0, 0
2608586, 1, 1
2608589, 2, 0
2608832, 0, 1
2608836, 1, 0
2608839, 2, 0
2609082, 0, 0
2609086, 1, 1
2609089, 2, 0
2609332, 0, 0
2609336, 1, 1
2609339, 2, 0
2609582, 0, 1
2609586, 1, 0
2609589, 2, 0
2609832, 0, 1
2609836, 1, 1
2609839, 2, 0
2610082, 0, 0
2610086, 1, 0
2610089, 2, 0
2610332, 0, 1
2610336, 1, bit 0
2610336, 1, 1
2610339, 2, 0
2610582, 0, 0
2610586, 1, 0
2610589, 2, 0
2610832, 0, 0
2610836, 1, 0
2610839, 2, 0
2611082, 0, 1
2611086, 1, 1
2611089, 2, 0
2611332, 0, 1
2611336, 1, 0
2611339, 2, 1
2611582, 0, 0
2611586, 1, 1
2611589, 2, 1
2611832, 0, bit 0
2611832, 0, 1
2611836, 1, 0
2611840, 2, 1
2612082, 0, 0
2612086, 1, 1
2612090, 2, 1
2612332, 0, 1
2612336, 1, 0
2612340, 2, 1
2612582, 0, 0
2612586, 1, 1
2612590, 2, 1
2612832, 0, 0
2612836, 1, 1
2612840, 2, 1
2613082, 0, 1
2613086, 1, 0
2613090, 2, 1
2613332, 0, 1
2613336, 1, 1
2613340, 2, 1
2613582, 0, 0
2613586, 1, 0
2613590, 2, 1
2613832, 0, 1
2613836, 1, bit 1
2613836, 1, 0
2613840, 2, 1
2614082, 0, 0
2614086, 1, 1
2614090, 2, 1
2614332, 0, 0
2614336, 1, 1
2614340, 2, 1
2614582, 0, 1
2614586, 1, 0
2614590, 2, 1
2614832, 0, 1
2614836, 1, 1
2614840, 2, 1
2615083, 0, 0
2615086, 1, 0
2615090, 2, 1
2615333, 0, bit 0
2615333, 0, 1
2615336, 1, 1
2615340, 2, prem 1
2615340, 2, 1
2615583, 0, 0
2615586, 1, 0
2615590, 2, 1
2615833, 0, 1
2615836, 1, 1
2615840, 2, 1
2616083, 0, 0
2616086, 1, 0
2616090, 2, 1
2616333, 0, 0
2616336, 1, 0
2616340, 2, 1
2616583, 0, 1
2616586, 1, 1
2616590, 2, 1
2616833, 0, 1
2616836, 1, 0
2616840, 2, 1
2617083, 0, 0
2617086, 1, 1
2617090, 2, 1
2617333, 0, 1
2617336, 1, bit 0
2617336, 1, 1
2617340, 2, 1
2617583, 0, 0
2617586, 1, 0
2617590, 2, 1
2617833, 0, 0
2617836, 1, 0
2617840, 2, 1
2618083, 0, 1
2618086, 1, 1
2618090, 2, 1
2618333, 0, 1
2618336, 1, 0
2618340, 2, 1
2618583, 0, 0
2618586, 1, 1
2618590, 2, 1
2618833, 0, bit 1
2618833, 0, 0
2618836, 1, 0
2618840, 2, 1
2619083, 0, 1
2619086, 1, 1
2619090, 2, 1
2619333, 0, 0
2619336, 1, 0
2619340, 2, 0
2619583, 0, 1
2619586, 1, 1
2619590, 2, 0
2619833, 0, 1
2619836, 1, 1
2619840, 2, 0
2620083, 0, 0
2620086, 1, 0
2620090, 2, 0
2620333, 0, 0
2620336, 1, 1
2620340, 2, 0
2620583, 0, 1
2620587, 1, 0
2620590, 2, 0
2620833, 0, 0
2620837, 1, bit 1
2620837, 1, 0
2620840, 2, 0
2621083, 0, 1
2621087, 1, 1
2621090, 2, 0
2621333, 0, 1
2621337, 1, 1
2621340, 2, 0
2621583, 0, 0
2621587, 1, 0
2621590, 2, 0
2621833, 0, 0
2621837, 1, 1
2621840, 2, 0
2622083, 0, 1
2622087, 1, 0
2622090, 2, 0
2622333, 0, bit 1
2622333, 0, 0
2622337, 1, 1
2622340, 2, 0
2622583, 0, 1
2622587, 1, 0
2622590, 2, 0
2622833, 0, 0
2622837, 1, 1
2622840, 2, 0
2623083, 0, 1
2623087, 1, 0
2623090, 2, 0
2623333, 0, 1
2623337, 1, 0
2623340, 2, bit 1
2623340, 2, 0
2623583, 0, 0
2623587, 1, 1
2623590, 2, 1
2623833, 0, 0
2623837, 1, 0
2623840, 2, 0
2624083, 0, 1
2624087, 1, 1
2624090, 2, 1
2624333, 0, 0
2624337, 1, bit 1
2624337, 1, 0
2624340, 2, 0
2624583, 0, 1
2624587, 1, 1
2624590, 2, 1
2624833, 0, 1
2624837, 1, 1
2624840, 2, 0
2625083, 0, 0
2625087, 1, 0
2625090, 2, 1
2625333, 0, 0
2625337, 1, 1
2625340, 2, 1
2625350, 3, prem 1
2625350, 3, 1
2625583, 0, 1
2625587, 1, 0
2625590, 2, 0
2625600, 3, 1
2625833, 0, bit 0
2625833, 0, 1
2625837, 1, 1
2625840, 2, 0
2625850, 3, 1
2626083, 0, 0
2626087, 1, 0
2626091, 2, 1
2626100, 3, 1
2626333, 0, 1
2626337, 1, 1
2626341, 2, 1
2626350, 3, 1
2626583, 0, 0
2626587, 1, 0
2626591, 2, 0
2626600, 3, 1
2626833, 0, 0
2626837, 1, 0
2626841, 2, bit 0
2626841, 2, 1
2626850, 3, 1
2627083, 0, 1
2627087, 1, 1
2627091, 2, 0
2627100, 3, 1
2627333, 0, 1
2627337, 1, 0
2627341, 2, 1
2627350, 3, 1
2627584, 0, 0
2627587, 1, 1
2627591, 2, 0
2627600, 3, 1
2627834, 0, 1
2627837, 1, bit 0
2627837, 1, 1
2627841, 2, 1
2627850, 3, 1
2628084, 0, 0
2628087, 1, 0
2628091, 2, 0
2628100, 3, 1
2628334, 0, 0
2628337, 1, 0
2628341, 2, 1
2628350, 3, 1
2628584, 0, 1
2628587, 1, 1
2628591, 2, 0
2628600, 3, 1
2628834, 0, 1
2628837, 1, 0
2628841, 2, 0
2628850, 3, 1
2629084, 0, 0
2629087, 1, 1
2629091, 2, 1
2629100, 3, 1
2629334, 0, bit 0
2629334, 0, 1
2629337, 1, 0
2629341, 2, 1
2629350, 3, 0
2629584, 0, 0
2629587, 1, 1
2629591, 2, 0
2629600, 3, 0
2629834, 0, 1
2629837, 1, 0
2629841, 2, 0
2629850, 3, 0
2630084, 0, 0
2630087, 1, 1
2630091, 2, 1
2630100, 3, 0
2630334, 0, 0
2630337, 1, 1
2630341, 2, bit 0
2630341, 2, 1
2630350, 3, 0
2630584, 0, 1
2630587, 1, 0
2630591, 2, 0
2630600, 3, 0
2630834, 0, 1
2630837, 1, 1
2630841, 2, 1
2630850, 3, 0
2631084, 0, 0
2631087, 1, 0
2631091, 2, 0
2631100, 3, 0
2631334, 0, 1
2631337, 1, bit 1
2631337, 1, 0
2631341, 2, 1
2631350, 3, 0
2631584, 0, 0
2631587, 1, 1
2631591, 2, 0
2631600, 3, 0
2631834, 0, 0
2631837, 1, 1
2631841, 2, 1
2631851, 3, 0
2632084, 0, 1
2632087, 1, 0
2632091, 2, 0
2632101, 3, 0
2632334, 0, 1
2632337, 1, 1
2632341, 2, 0
2632351, 3, 0
2632584, 0, 0
2632587, 1, 0
2632591, 2, 1
2632601, 3, 0
2632834, 0, bit 0
2632834, 0, 1
2632837, 1, 1
2632841, 2, 1
2632851, 3, 0
2633084, 0, 0
2633088, 1, 0
2633091, 2, 0
2633101, 3, 0
2633334, 0, 1
2633338, 1, 1
2633341, 2, 0
2633351, 3, prem 1
2633354, 3, 1
2633584, 0, 0
2633588, 1, 0
2633591, 2, 1
2633601, 3, 1
2633834, 0, 0
2633838, 1, 0
2633841, 2, bit 0
2633841, 2, 1
2633851, 3, 1
2634084, 0, 1
2634088, 1, 1
2634091, 2, 0
2634101, 3, 1
2634334, 0, 1
2634338, 1, 0
2634341, 2, 1
2634351, 3, 1
2634584, 0, 0
2634588, 1, 1
2634591, 2, 0
2634601, 3, 1
2634834, 0, 1
2634838, 1, bit 0
2634838, 1, 1
2634841, 2, 1
2634851, 3, 1
2635084, 0, 0
2635088, 1, 0
2635091, 2, 0
2635101, 3, 1
2635334, 0, 0
2635338, 1, 0
2635341, 2, 1
2635351, 3, 1
2635584, 0, 1
2635588, 1, 1
2635591, 2, 0
2635601, 3, 1
2635834, 0, 1
2635838, 1, 0
2635841, 2, 0
2635851, 3, 1
2636084, 0, 0
2636088, 1, 1
2636091, 2, 1
2636101, 3, 1
2636334, 0, bit 0
2636334, 0, 1
2636338, 1, 0
2636341, 2, 1
2636351, 3, 1
2636584, 0, 0
2636588, 1, 1
2636591, 2, 0
2636601, 3, 1
2636834, 0, 1
2636838, 1, 0
2636841, 2, 0
2636851, 3, 1
2637084, 0, 0
2637088, 1, 1
2637091, 2, 1
2637101, 3, 1
2637334, 0, 0
2637338, 1, 1
2637341, 2, bit 1
2637344, 2, 0
2637351, 3, 0
2637584, 0, 1
2637588, 1, 0
2637591, 2, 1
2637601, 3, 0
2637834, 0, 1
2637838, 1, 1
2637841, 2, 0
2637851, 3, 0
2638084, 0, 0
2638088, 1, 0
2638091, 2, 1
2638101, 3, 0
2638334, 0, 1
2638338, 1, bit 1
2638338, 1, 0
2638341, 2, 0
2638351, 3, 0
2638584, 0, 0
2638588, 1, 1
2638592, 2, 1
2638601, 3, 0
2638834, 0, 0
2638838, 1, 1
2638842, 2, 0
2638851, 3, 0
2639084, 0, 1
2639088, 1, 0
2639092, 2, 1
2639101, 3, 0
2639334, 0, 1
2639338, 1, 1
2639342, 2, 1
2639351, 3, 0
2639584, 0, 0
2639588, 1, 0
2639592, 2, 0
2639601, 3, 0
2639834, 0, bit 0
2639834, 0, 1
2639838, 1, 1
2639842, 2, 0
2639851, 3, 0
2640084, 0, 0
2640088, 1, 0
2640092, 2, 1
2640101, 3, 0
2640334, 0, 1
2640338, 1, 1
2640342, 2, 1
2640351, 3, 0
2640584, 0, 0
2640588, 1, 0
2640592, 2, 0
2640601, 3, 0
2640834, 0, 0
2640838, 1, 0
2640842, 2, bit 0
2640842, 2, 1
2640851, 3, 0
2641084, 0, 1
2641088, 1, 1
2641092, 2, 0
2641101, 3, 0
2641334, 0, 1
2641338, 1, 0
2641342, 2, 1
2641351, 3, prem 0
2641351, 3, 0
2641584, 0, 0
2641588, 1, 1
2641592, 2, 0
2641601, 3, 0
2641835, 0, 1
2641838, 1, bit 0
2641838, 1, 1
2641842, 2, 1
2641851, 3, 0
2642085, 0, 0
2642088, 1, 0
2642092, 2, 0
2642101, 3, 0
2642335, 0, 0
2642338, 1, 0
2642342, 2, 1
2642351, 3, 0
2642585, 0, 1
2642588, 1, 1
2642592, 2, 0
2642601, 3, 0
2642835, 0, 1
2642838, 1, 0
2642842, 2, 0
2642851, 3, 0
2643085, 0, 0
2643088, 1, 1
2643092, 2, 1
2643101, 3, 0
2643335, 0, bit 1
2643338, 0, 0
2643338, 1, 0
2643342, 2, 1
2643351, 3, 0
2643585, 0, 1
2643588, 1, 1
2643592, 2, 0
2643601, 3, 0
2643835, 0, 0
2643838, 1, 0
2643842, 2, 0
2643851, 3, 0
2644085, 0, 1
2644088, 1, 1
2644092, 2, 1
2644101, 3, 0
2644335, 0, 1
2644338, 1, 1
2644342, 2, bit 0
2644342, 2, 1
2644352, 3, 0
2644585, 0, 0
2644588, 1, 0
2644592, 2, 0
2644602, 3, 0
2644835, 0, 0
2644838, 1, 1
2644842, 2, 1
2644852, 3, 0
2645085, 0, 1
2645088, 1, 0
2645092, 2, 0
2645102, 3, 0
2645335, 0, 0
2645338, 1, bit 1
2645338, 1, 0
2645342, 2, 1
2645352, 3, 1
2645585, 0, 1
2645588, 1, 1
2645592, 2, 0
2645602, 3, 1
2645835, 0, 1
2645838, 1, 1
2645842, 2, 1
2645852, 3, 1
2646085, 0, 0
2646088, 1, 0
2646092, 2, 0
2646102, 3, 1
2646335, 0, 0
2646338, 1, 1
2646342, 2, 0
2646352, 3, 1
2646585, 0, 1
2646588, 1, 0
2646592, 2, 1
2646602, 3, 1
2646835, 0, bit 1
2646835, 0, 0
2646838, 1, 1
2646842, 2, 1
2646852, 3, 1
2647085, 0, 1
2647088, 1, 0
2647092, 2, 0
2647102, 3, 1
2647335, 0, 0
2647339, 1, 1
2647342, 2, 0
2647352, 3, 1
2647585, 0, 1
2647589, 1, 0
2647592, 2, 1
2647602, 3, 1
2647835, 0, 1
2647839, 1, 0
2647842, 2, bit 1
2647842, 2, 0
2647852, 3, 1
2648085, 0, 0
2648089, 1, 1
2648092, 2, 1
2648102, 3, 1
2648335, 0, 0
2648339, 1, 0
2648342, 2, 0
2648352, 3, 1
2648585, 0, 1
2648589, 1, 1
2648592, 2, 1
2648602, 3, 1
2648835, 0, 0
2648839, 1, bit 1
2648839, 1, 0
2648842, 2, 0
2648852, 3, 1
2649085, 0, 1
2649089, 1, 1
2649092, 2, 1
2649102, 3, 1
2649335, 0, 1
2649339, 1, 1
2649342, 2, 0
2649352, 3, prem 0
2649352, 3, 0
2649585, 0, 0
2649589, 1, 0
2649592, 2, 1
2649602, 3, 0
2649835, 0, 0
2649839, 1, 1
2649842, 2, 1
2649852, 3, 0
2650085, 0, 1
2650089, 1, 0
2650092, 2, 0
2650102, 3, 0
2650335, 0, bit 1
2650335, 0, 0
2650339, 1, 1
2650342, 2, 0
2650352, 3, 0
2650585, 0, 1
2650589, 1, 0
2650592, 2, 1
2650602, 3, 0
2650835, 0, 0
2650839, 1, 1
2650842, 2, 1
2650852, 3, 0
2651085, 0, 1
2651089, 1, 0
2651092, 2, 0
2651102, 3, 0
2651335, 0, 1
2651339, 1, 0
2651342, 2, bit 1
2651342, 2, 0
2651352, 3, 0
2651585, 0, 0
2651589, 1, 1
2651592, 2, 1
2651602, 3, 0
2651835, 0, 0
2651839, 1, 0
2651842, 2, 0
2651852, 3, 0
2652085, 0, 1
2652089, 1, 1
2652092, 2, 1
2652102, 3, 0
2652335, 0, 0
2652339, 1, bit 0
2652339, 1, 1
2652342, 2, 0
2652352, 3, 0
2652585, 0, 1
2652589, 1, 0
2652592, 2, 1
2652602, 3, 0
2652835, 0, 1
2652839, 1, 0
2652843, 2, 0
2652852, 3, 0
2653085, 0, 0
2653089, 1, 1
2653093, 2, 1
2653102, 3, 0
2653335, 0, 0
2653339, 1, 0
2653343, 2, 1
2653352, 3, 1
2653585, 0, 1
2653589, 1, 1
2653593, 2, 0
2653602, 3, 1
2653835, 0, bit 1
2653835, 0, 0
2653839, 1, 0
2653843, 2, 0
2653852, 3, 1
2654085, 0, 1
2654089, 1, 1
2654093, 2, 1
2654102, 3, 1
2654336, 0, 0
2654339, 1, 0
2654343, 2, 1
2654352, 3, 1
2654586, 0, 1
2654589, 1, 1
2654593, 2, 0
2654602, 3, 1
2654836, 0, 1
2654839, 1, 1
2654843, 2, bit 0
2654843, 2, 1
2654852, 3, 1
2655086, 0, 0
2655089, 1, 0
2655093, 2, 0
2655102, 3, 1
2655336, 0, 0
2655339, 1, 1
2655343, 2, 1
2655352, 3, 1
2655586, 0, 1
2655589, 1, 0
2655593, 2, 0
2655602, 3, 1
2655836, 0, 0
2655839, 1, bit 1
2655839, 1, 0
2655843, 2, 1
2655852, 3, 1
2656086, 0, 1
2656089, 1, 1
2656093, 2, 0
2656102, 3, 1
2656336, 0, 1
2656339, 1, 1
2656343, 2, 1
2656352, 3, 1
2656586, 0, 0
2656589, 1, 0
2656593, 2, 0
2656602, 3, 1
2656836, 0, 0
2656839, 1, 1
2656843, 2, 0
2656852, 3, 1
2657086, 0, 1
2657089, 1, 0
2657093, 2, 1
2657102, 3, 1
2657336, 0, bit 1
2657336, 0, 0
2657339, 1, 1
2657343, 2, 1
2657352, 3, prem 0
2657352, 3, 0
2657586, 0, 1
2657589, 1, 0
2657593, 2, 0
2657602, 3, 0
2657836, 0, 0
2657839, 1, 1
2657843, 2, 0
2657852, 3, 0
2658086, 0, 1
2658089, 1, 0
2658093, 2, 1
2658102, 3, 0
2658336, 0, 1
2658339, 1, 0
2658343, 2, bit 1
2658343, 2, 0
2658352, 3, 0
2658586, 0, 0
2658589, 1, 1
2658593, 2, 1
2658603, 3, 0
2658836, 0, 0
2658839, 1, 0
2658843, 2, 0
2658853, 3, 0
2659086, 0, 1
2659089, 1, 1
2659093, 2, 1
2659103, 3, 0
2659336, 0, 0
2659339, 1, bit 0
2659339, 1, 1
2659343, 2, 0
2659353, 3, 0
2659586, 0, 1
2659589, 1, 0
2659593, 2, 1
2659603, 3, 0
2659836, 0, 1
2659840, 1, 0
2659843, 2, 0
2659853, 3, 0
2660086, 0, 0
2660090, 1, 1
2660093, 2, 1
2660103, 3, 0
2660336, 0, 0
2660340, 1, 0
2660343, 2, 1
2660353, 3, 0
2660586, 0, 1
2660590, 1, 1
2660593, 2, 0
2660603, 3, 0
2660836, 0, bit 1
2660836, 0, 0
2660840, 1, 0
2660843, 2, 0
2660853, 3, 0
2661086, 0, 1
2661090, 1, 1
2661093, 2, 1
2661103, 3, 0
2661336, 0, 0
2661340, 1, 0
2661343, 2, 1
2661353, 3, 1
2661586, 0, 1
2661590, 1, 1
2661593, 2, 0
2661603, 3, 1
2661836, 0, 1
2661840, 1, 1
2661843, 2, bit 0
2661843, 2, 1
2661853, 3, 1
2662086, 0, 0
2662090, 1, 0
2662093, 2, 0
2662103, 3, 1
2662336, 0, 0
2662340, 1, 1
2662343, 2, 1
2662353, 3, 1
2662586, 0, 1
2662590, 1, 0
2662593, 2, 0
2662603, 3, 1
2662836, 0, 0
2662840, 1, bit 0
2662840, 1, 1
2662843, 2, 1
2662853, 3, 1
2663086, 0, 1
2663096, 1, 0
2663097, 2, 0
2663103, 3, 1
2663336, 0, 1
2663346, 1, 0
2663347, 2, 1
2663353, 3, 1
2663586, 0, 0
2663596, 1, 1
2663597, 2, 0
2663603, 3, 1
2663836, 0, 0
2663846, 1, 0
2663847, 2, 0
2663853, 3, 1
2664086, 0, 1
2664096, 1, 1
2664097, 2, 1
2664103, 3, 1
2664336, 0, bit 0
2664336, 0, 1
2664346, 1, 0
2664347, 2, 1
2664353, 3, 1
2664586, 0, 0
2664596, 1, 1
2664597, 2, 0
2664603, 3, 1
2664836, 0, 1
2664846, 1, 0
2664847, 2, 0
2664853, 3, 1
2665086, 0, 0
2665096, 1, 1
2665099, 2, 1
2665103, 3, 1
2665336, 0, 0
2665346, 1, 1
2665349, 2, bit 0
2665349, 2, 1
2665353, 3, prem 0
2665353, 3, 0
2665586, 0, 1
2665596, 1, 0
2665600, 2, 0
2665603, 3, 0
2665836, 0, 1
2665846, 1, 1
2665850, 2, 1
2665853, 3, 0
2666086, 0, 0
2666096, 1, 0
2666100, 2, 0
2666103, 3, 0
2666336, 0, 1
2666346, 1, bit 1
2666346, 1, 0
2666350, 2, 1
2666353, 3, 0
2666586, 0, 0
2666596, 1, 1
2666600, 2, 0
2666603, 3, 0
2666836, 0, 0
2666846, 1, 1
2666850, 2, 1
2666853, 3, 0
2667086, 0, 1
2667096, 1, 0
2667100, 2, 0
2667103, 3, 0
2667336, 0, 1
2667346, 1, 1
2667350, 2, 0
2667353, 3, 0
2667586, 0, 0
2667596, 1, 0
2667600, 2, 1
2667603, 3, 0
2667836, 0, bit 1
2667836, 0, 0
2667846, 1, 1
2667850, 2, 1
2667853, 3, 0
2668086, 0, 1
2668096, 1, 0
2668100, 2, 0
2668103, 3, 0
2668336, 0, 0
2668346, 1, 1
2668350, 2, 0
2668353, 3, 0
2668587, 0, 1
2668596, 1, 0
2668600, 2, 1
2668603, 3, 0
2668837, 0, 1
2668846, 1, 0
2668850, 2, bit 1
2668850, 2, 0
2668853, 3, 0
2669087, 0, 0
2669096, 1, 1
2669100, 2, 1
2669103, 3, 0
2669337, 0, 0
2669346, 1, 0
2669350, 2, 0
2669353, 3, 1
2669587, 0, 1
2669596, 1, 1
2669600, 2, 1
2669603, 3, 1
2669837, 0, 0
2669846, 1, bit 1
2669846, 1, 0
2669850, 2, 0
2669853, 3, 1
2670087, 0, 1
2670096, 1, 1
2670100, 2, 1
2670103, 3, 1
2670337, 0, 1
2670346, 1, 1
2670350, 2, 0
2670353, 3, 1
2670587, 0, 0
2670596, 1, 0
2670600, 2, 1
2670603, 3, 1
2670837, 0, 0
2670846, 1, 1
2670850, 2, 1
2670853, 3, 1
2671087, 0, 1
2671096, 1, 0
2671100, 2, 0
2671104, 3, 1
2671337, 0, bit 1
2671337, 0, 0
2671346, 1, 1
2671350, 2, 0
2671354, 3, 1
2671587, 0, 1
2671596, 1, 0
2671600, 2, 1
2671604, 3, 1
2671837, 0, 0
2671846, 1, 1
2671850, 2, 1
2671854, 3, 1
2672087, 0, 1
2672096, 1, 0
2672100, 2, 0
2672104, 3, 1
2672337, 0, 1
2672346, 1, 0
2672350, 2, bit 0
2672350, 2, 1
2672354, 3, 1
2672587, 0, 0
2672596, 1, 1
2672600, 2, 0
2672604, 3, 1
2672837, 0, 0
2672846, 1, 0
2672850, 2, 1
2672854, 3, 1
2673087, 0, 1
2673096, 1, 1
2673100, 2, 0
2673104, 3, 1
2673337, 0, 0
2673346, 1, bit 0
2673346, 1, 1
2673350, 2, 1
2673354, 3, prem 0
2673354, 3, 0
2673587, 0, 1
2673596, 1, 0
2673600, 2, 0
2673604, 3, 0
2673837, 0, 1
2673846, 1, 0
2673850, 2, 1
2673854, 3, 0
2674087, 0, 0
2674096, 1, 1
2674100, 2, 0
2674104, 3, 0
2674337, 0, 0
2674347, 1, 0
2674350, 2, 0
2674354, 3, 0
2674587, 0, 1
2674597, 1, 1
2674600, 2, 1
2674604, 3, 0
2674837, 0, bit 0
2674837, 0, 1
2674847, 1, 0
2674850, 2, 1
2674854, 3, 0
2675087, 0, 0
2675097, 1, 1
2675100, 2, 0
2675104, 3, 0
2675337, 0, 1
2675347, 1, 0
2675350, 2, 0
2675354, 3, 0
2675587, 0, 0
2675597, 1, 1
2675600, 2, 1
2675604, 3, 0
2675837, 0, 0
2675847, 1, 1
2675850, 2, bit 0
2675850, 2, 1
2675854, 3, 0
2676087, 0, 1
2676097, 1, 0
2676100, 2, 0
2676104, 3, 0
2676337, 0, 1
2676347, 1, 1
2676350, 2, 1
2676354, 3, 0
2676587, 0, 0
2676597, 1, 0
2676600, 2, 0
2676604, 3, 0
2676837, 0, 1
2676847, 1, bit 0
2676847, 1, 1
2676850, 2, 1
2676854, 3, 0
2677087, 0, 0
2677097, 1, 0
2677100, 2, 0
2677104, 3, 0
2677337, 0, 0
2677347, 1, 0
2677350, 2, 1
2677354, 3, 1
2677587, 0, 1
2677597, 1, 1
2677600, 2, 0
2677604, 3, 1
2677837, 0, 1
2677847, 1, 0
2677850, 2, 0
2677854, 3, 1
2678087, 0, 0
2678097, 1, 1
2678100, 2, 1
2678104, 3, 1
2678337, 0, bit 1
2678337, 0, 0
2678347, 1, 0
2678350, 2, 1
2678354, 3, 1
2678587, 0, 1
2678597, 1, 1
2678600, 2, 0
2678604, 3, 1
2678837, 0, 0
2678847, 1, 0
2678850, 2, 0
2678854, 3, 1
2679087, 0, 1
2679097, 1, 1
2679100, 2, 1
2679104, 3, 1
2679337, 0, 1
2679347, 1, 1
2679350, 2, bit 0
2679350, 2, 1
2679354, 3, 1
2679587, 0, 0
2679597, 1, 0
2679600, 2, 0
2679604, 3, 1
2679837, 0, 0
2679847, 1, 1
2679851, 2, 1
2679854, 3, 1
2680087, 0, 1
2680097, 1, 0
2680101, 2, 0
2680104, 3, 1
2680337, 0, 0
2680347, 1, bit 1
2680347, 1, 0
2680351, 2, 1
2680354, 3, 1
2680587, 0, 1
2680597, 1, 1
2680601, 2, 0
2680604, 3, 1
2680837, 0, 1
2680847, 1, 1
2680851, 2, 1
2680854, 3, 1
2681088, 0, 0
2681097, 1, 0
2681101, 2, 0
2681104, 3, 1
2681338, 0, 0
2681347, 1, 1
2681351, 2, 0
2681354, 3, bit 1
2681354, 3, 1
2681588, 0, 1
2681597, 1, 0
2681601, 2, 1
2681604, 3, 0
2681838, 0, bit 0
2681838, 0, 1
2681847, 1, 1
2681851, 2, 1
2681854, 3, 1
2682088, 0, 0
2682097, 1, 0
2682101, 2, 0
2682104, 3, 0
2682338, 0, 1
2682347, 1, 1
2682351, 2, 0
2682354, 3, 0
2682588, 0, 0
2682597, 1, 0
2682601, 2, 1
2682604, 3, 1
2682838, 0, 0
2682847, 1, 0
2682851, 2, bit 0
2682854, 2, 1
2682855, 3, 0
2683088, 0, 1
2683097, 1, 1
2683101, 2, 0
2683104, 3, 1
2683338, 0, 1
2683347, 1, 0
2683351, 2, 1
2683354, 3, 0
2683588, 0, 0
2683597, 1, 1
2683601, 2, 0
2683604, 3, 1
2683838, 0, 1
2683847, 1, bit 0
2683847, 1, 1
2683851, 2, 1
2683854, 3, 0
2684088, 0, 0
2684097, 1, 0
2684101, 2, 0
2684104, 3, 1
2684338, 0, 0
2684347, 1, 0
2684351, 2, 1
2684354, 3, 0
2684588, 0, 1
2684597, 1, 1
2684601, 2, 0
2684604, 3, 1
2684838, 0, 1
2684847, 1, 0
2684851, 2, 0
2684854, 3, bit 0
2684854, 3, 0
2685088, 0, 0
2685097, 1, 1
2685101, 2, 1
2685104, 3, 1
2685338, 0, bit 0
2685338, 0, 1
2685347, 1, 0
2685351, 2, 1
2685355, 3, 0
2685588, 0, 0
2685597, 1, 1
2685601, 2, 0
2685605, 3, 1
2685838, 0, 1
2685847, 1, 0
2685851, 2, 0
2685855, 3, 1
2686088, 0, 0
2686097, 1, 1
2686101, 2, 1
2686105, 3, 0
2686338, 0, 0
2686347, 1, 1
2686351, 2, bit 0
2686351, 2, 1
2686355, 3, 1
2686588, 0, 1
2686597, 1, 0
2686601, 2, 0
2686605, 3, 0
2686838, 0, 1
2686848, 1, 1
2686851, 2, 1
2686855, 3, 1
2687088, 0, 0
2687098, 1, 0
2687101, 2, 0
2687105, 3, 0
2687338, 0, 1
2687348, 1, bit 0
2687348, 1, 1
2687351, 2, 1
2687355, 3, 1
2687588, 0, 0
2687598, 1, 0
2687601, 2, 0
2687605, 3, 0
2687838, 0, 0
2687848, 1, 0
2687851, 2, 1
2687855, 3, 1
2688088, 0, 1
2688098, 1, 1
2688101, 2, 0
2688105, 3, 0
2688338, 0, 1
2688348, 1, 0
2688351, 2, 0
2688355, 3, bit 1
2688355, 3, 1
2688588, 0, 0
2688598, 1, 1
2688601, 2, 1
2688605, 3, 0
2688838, 0, bit 1
2688838, 0, 0
2688848, 1, 0
2688851, 2, 1
2688855, 3, 1
2689088, 0, 1
2689098, 1, 1
2689101, 2, 0
2689105, 3, 0
2689338, 0, 0
2689348, 1, 0
2689351, 2, 0
2689355, 3, 0
2689588, 0, 1
2689598, 1, 1
2689601, 2, 1
2689605, 3, 1
2689838, 0, 1
2689848, 1, 1
2689851, 2, bit 0
2689851, 2, 1
2689855, 3, 0
2690088, 0, 0
2690098, 1, 0
2690101, 2, 0
2690105, 3, 1
2690338, 0, 0
2690348, 1, 1
2690351, 2, 1
2690355, 3, 0
2690588, 0, 1
2690598, 1, 0
2690601, 2, 0
2690605, 3, 1
2690838, 0, 0
2690848, 1, bit 1
2690848, 1, 0
2690851, 2, 1
2690855, 3, 0
2691088, 0, 1
2691098, 1, 1
2691101, 2, 0
2691105, 3, 1
2691338, 0, 1
2691348, 1, 1
2691351, 2, 1
2691355, 3, 0
2691588, 0, 0
2691598, 1, 0
2691601, 2, 0
2691605, 3, 1
2691838, 0, 0
2691848, 1, 1
2691851, 2, 0
2691855, 3, bit 1
2691855, 3, 1
2692088, 0, 1
2692098, 1, 0
2692101, 2, 1
2692105, 3, 0
2692338, 0, bit 0
2692338, 0, 1
2692348, 1, 1
2692352, 2, 1
2692355, 3, 1
2692588, 0, 0
2692598, 1, 0
2692602, 2, 0
2692605, 3, 0
2692838, 0, 1
2692848, 1, 1
2692852, 2, 0
2692855, 3, 0
2693088, 0, 0
2693098, 1, 0
2693102, 2, 1
2693105, 3, 1
2693338, 0, 0
2693348, 1, 0
2693352, 2, bit 1
2693352, 2, 0
2693355, 3, 0
2693588, 0, 1
2693598, 1, 1
2693602, 2, 1
2693605, 3, 1
2693838, 0, 1
2693848, 1, 0
2693852, 2, 0
2693855, 3, 0
2694088, 0, 0
2694098, 1, 1
2694102, 2, 1
2694105, 3, 1
2694338, 0, 1
2694348, 1, bit 1
2694348, 1, 0
2694352, 2, 0
2694355, 3, 0
2694588, 0, 0
2694598, 1, 1
2694602, 2, 1
2694605, 3, 1
2694838, 0, 0
2694848, 1, 1
2694852, 2, 0
2694855, 3, 0
2695088, 0, 1
2695098, 1, 0
2695102, 2, 1
2695105, 3, 1
2695339, 0, 1
2695348, 1, 1
2695352, 2, 1
2695355, 3, bit 1
2695355, 3, 1
2695589, 0, 0
2695598, 1, 0
2695602, 2, 0
2695605, 3, 0
2695839, 0, bit 1
2695839, 0, 0
2695848, 1, 1
2695852, 2, 0
2695855, 3, 1
2696089, 0, 1
2696098, 1, 0
2696102, 2, 1
2696105, 3, 0
2696339, 0, 0
2696348, 1, 1
2696352, 2, 1
2696355, 3, 0
2696589, 0, 1
2696598, 1, 0
2696602, 2, 0
2696605, 3, 1
2696839, 0, 1
2696848, 1, 0
2696852, 2, bit 1
2696852, 2, 0
2696855, 3, 0
2697089, 0, 0
2697098, 1, 1
2697102, 2, 1
2697105, 3, 1
2697339, 0, 0
2697348, 1, 0
2697352, 2, 0
2697355, 3, 0
2697589, 0, 1
2697598, 1, 1
2697602, 2, 1
2697605, 3, 1
2697839, 0, 0
2697848, 1, bit 0
2697848, 1, 1
2697852, 2, 0
2697856, 3, 0
2698089, 0, 1
2698098, 1, 0
2698102, 2, 1
2698106, 3, 1
2698339, 0, 1
2698348, 1, 0
2698352, 2, 0
2698356, 3, 0
2698589, 0, 0
2698598, 1, 1
2698602, 2, 1
2698606, 3, 1
2698839, 0, 0
2698848, 1, 0
2698852, 2, 1
2698856, 3, bit 1
2698856, 3, 1
2699089, 0, 1
2699098, 1, 1
2699102, 2, 0
2699106, 3, 0
2699339, 0, bit 1
2699339, 0, 0
2699348, 1, 0
2699352, 2, 0
2699356, 3, 1
2699589, 0, 1
2699598, 1, 1
2699602, 2, 1
2699606, 3, 0
2699839, 0, 0
2699848, 1, 0
2699852, 2, 1
2699856, 3, 0
2700089, 0, 1
2700098, 1, 1
2700102, 2, 0
2700106, 3, 1
2700339, 0, 1
2700348, 1, 1
2700352, 2, bit 1
2700352, 2, 0
2700356, 3, 0
2700589, 0, 0
2700598, 1, 0
2700602, 2, 1
2700606, 3, 1
2700839, 0, 0
2700848, 1, 1
2700852, 2, 0
2700856, 3, 0
2701089, 0, 1
2701099, 1, 0
2701102, 2, 1
2701106, 3, 1
2701339, 0, 0
2701349, 1, bit 0
2701349, 1, 1
2701352, 2, 0
2701356, 3, 0
2701589, 0, 1
2701599, 1, 0
2701602, 2, 1
2701606, 3, 1
2701839, 0, 1
2701849, 1, 0
2701852, 2, 0
2701856, 3, 0
2702089, 0, 0
2702099, 1, 1
2702102, 2, 1
2702106, 3, 1
2702339, 0, 0
2702349, 1, 0
2702352, 2, 1
2702356, 3, bit 1
2702359, 3, 1
2702589, 0, 1
2702599, 1, 1
2702602, 2, 0
2702606, 3, 0
2702839, 0, bit 0
2702839, 0, 1
2702849, 1, 0
2702852, 2, 0
2702856, 3, 1
2703089, 0, 0
2703099, 1, 1
2703102, 2, 1
2703106, 3, 0
2703339, 0, 1
2703349, 1, 0
2703352, 2, 1
2703356, 3, 0
2703589, 0, 0
2703599, 1, 1
2703602, 2, 0
2703606, 3, 1
2703839, 0, 0
2703849, 1, 1
2703852, 2, bit 0
2703852, 2, 1
2703856, 3, 0
2704089, 0, 1
2704099, 1, 0
2704102, 2, 0
2704106, 3, 1
2704339, 0, 1
2704349, 1, 1
2704352, 2, 1
2704356, 3, 0
2704589, 0, 0
2704599, 1, 0
2704602, 2, 0
2704606, 3, 1
2704839, 0, 1
2704849, 1, bit 1
2704849, 1, 0
2704852, 2, 1
2704856, 3, 0
2705089, 0, 0
2705099, 1, 1
2705102, 2, 0
2705106, 3, 1
2705339, 0, 0
2705349, 1, 1
2705352, 2, 1
2705356, 3, 0
2705589, 0, 1
2705599, 1, 0
2705602, 2, 0
2705606, 3, 1
2705839, 0, 1
2705849, 1, 1
2705852, 2, 0
2705856, 3, bit 1
2705856, 3, 1
2706089, 0, 0
2706099, 1, 0
2706102, 2, 1
2706106, 3, 0
2706339, 0, bit 0
2706339, 0, 1
2706349, 1, 1
2706352, 2, 1
2706356, 3, 1
2706589, 0, 0
2706599, 1, 0
2706603, 2, 0
2706606, 3, 0
2706839, 0, 1
2706849, 1, 1
2706853, 2, 0
2706856, 3, 0
2707089, 0, 0
2707099, 1, 0
2707103, 2, 1
2707106, 3, 1
2707339, 0, 0
2707349, 1, 0
2707353, 2, bit 1
2707353, 2, 0
2707356, 3, 0
2707589, 0, 1
2707599, 1, 1
2707603, 2, 1
2707606, 3, 1
2707840, 0, 1
2707849, 1, 0
2707853, 2, 0
2707856, 3, 0
2708090, 0, 0
2708099, 1, 1
2708103, 2, 1
2708106, 3, 1
2708340, 0, 1
2708349, 1, bit 0
2708353, 1, 1
2708353, 2, 0
2708356, 3, 0
2708590, 0, 0
2708599, 1, 0
2708603, 2, 1
2708606, 3, 1
2708840, 0, 0
2708849, 1, 0
2708853, 2, 0
2708856, 3, 0
2709090, 0, 1
2709099, 1, 1
2709103, 2, 1
2709106, 3, 1
2709340, 0, 1
2709349, 1, 0
2709353, 2, 1
2709356, 3, bit 1
2709356, 3, 1
2709590, 0, 0
2709599, 1, 1
2709603, 2, 0
2709606, 3, 0
2709840, 0, bit 0
2709840, 0, 1
2709849, 1, 0
2709853, 2, 0
2709856, 3, 1
2710090, 0, 0
2710099, 1, 1
2710103, 2, 1
2710106, 3, 0
2710340, 0, 1
2710349, 1, 0
2710353, 2, 1
2710356, 3, 0
2710590, 0, 0
2710599, 1, 1
2710603, 2, 0
2710606, 3, 1
2710840, 0, 0
2710849, 1, 1
2710853, 2, bit 1
2710853, 2, 0
2710856, 3, 0
2711090, 0, 1
2711099, 1, 0
2711103, 2, 1
2711106, 3, 1
2711340, 0, 1
2711349, 1, 1
2711353, 2, 0
2711356, 3, 0
2711590, 0, 0
2711599, 1, 0
2711603, 2, 1
2711606, 3, 1
2711840, 0, 1
2711849, 1, bit 0
2711849, 1, 1
2711853, 2, 0
2711856, 3, 0
2712090, 0, 0
2712099, 1, 0
2712103, 2, 1
2712107, 3, 1
2712340, 0, 0
2712349, 1, 0
2712353, 2, 0
2712357, 3, 0
2712590, 0, 1
2712599, 1, 1
2712603, 2, 1
2712607, 3, 1
2712840, 0, 1
2712849, 1, 0
2712853, 2, 1
2712857, 3, bit 1
2712857, 3, 1
2713090, 0, 0
2713099, 1, 1
2713103, 2, 0
2713107, 3, 0
2713340, 0, bit 1
2713340, 0, 0
2713349, 1, 0
2713353, 2, 0
2713357, 3, 1
2713590, 0, 1
2713600, 1, 1
2713603, 2, 1
2713607, 3, 0
2713840, 0, 0
2713850, 1, 0
2713853, 2, 1
2713857, 3, 0
2714090, 0, 1
2714100, 1, 1
2714103, 2, 0
2714107, 3, 1
2714340, 0, 1
2714350, 1, 1
2714353, 2, bit 0
2714353, 2, 1
2714357, 3, 0
2714590, 0, 0
2714600, 1, 0
2714603, 2, 0
2714607, 3, 1
2714840, 0, 0
2714850, 1, 1
2714853, 2, 1
2714857, 3, 0
2715090, 0, 1
2715100, 1, 0
2715103, 2, 0
2715107, 3, 1
2715340, 0, 0
2715350, 1, bit 1
2715350, 1, 0
2715353, 2, 1
2715357, 3, 0
2715590, 0, 1
2715600, 1, 1
2715603, 2, 0
2715607, 3, 1
2715840, 0, 1
2715850, 1, 1
2715853, 2, 1
2715857, 3, 0
2716090, 0, 0
2716100, 1, 0
2716103, 2, 0
2716107, 3, 1
2716340, 0, 0
2716350, 1, 1
2716353, 2, 0
2716357, 3, bit 1
2716357, 3, 1
2716590, 0, 1
2716600, 1, 0
2716603, 2, 1
2716607, 3, 0
2716840, 0, bit 1
2716840, 0, 0
2716850, 1, 1
2716853, 2, 1
2716857, 3, 1
2717090, 0, 1
2717100, 1, 0
2717103, 2, 0
2717107, 3, 0
2717340, 0, 0
2717350, 1, 1
2717353, 2, 0
2717357, 3, 0
2717590, 0, 1
2717600, 1, 0
2717603, 2, 1
2717607, 3, 1
2717840, 0, 1
2717850, 1, 0
2717853, 2, bit 0
2717853, 2, 1
2717857, 3, 0
2718090, 0, 0
2718100, 1, 1
2718103, 2, 0
2718107, 3, 1
2718340, 0, 0
2718350, 1, 0
2718353, 2, 1
2718357, 3, 0
2718590, 0, 1
2718600, 1, 1
2718603, 2, 0
2718607, 3, 1
2718840, 0, 0
2718850, 1, bit 1
2718850, 1, 0
2718853, 2, 1
2718857, 3, 0
2719090, 0, 1
2719100, 1, 1
2719104, 2, 0
2719107, 3, 1
2719340, 0, 1
2719350, 1, 1
2719354, 2, 1
2719357, 3, 0
2719590, 0, 0
2719600, 1, 0
2719604, 2, 0
2719607, 3, 1
2719840, 0, 0
2719850, 1, 1
2719854, 2, 0
2719857, 3, bit 1
2719857, 3, 1
2720090, 0, 1
2720100, 1, 0
2720104, 2, 1
2720107, 3, 0
2720340, 0, bit 0
2720340, 0, 1
2720350, 1, 1
2720354, 2, 1
2720357, 3, 1
2720590, 0, 0
2720600, 1, 0
2720604, 2, 0
2720607, 3, 0
2720840, 0, 1
2720850, 1, 1
2720854, 2, 0
2720857, 3, 0
2721090, 0, 0
2721100, 1, 0
2721104, 2, 1
2721107, 3, 1
2721340, 0, 0
2721350, 1, 0
2721354, 2, bit 1
2721354, 2, 0
2721357, 3, 0
2721590, 0, 1
2721600, 1, 1
2721604, 2, 1
2721607, 3, 1
2721840, 0, 1
2721850, 1, 0
2721854, 2, 0
2721857, 3, 0
2722091, 0, 0
2722100, 1, 1
2722104, 2, 1
2722107, 3, 1
2722341, 0, 1
2722350, 1, bit 0
2722350, 1, 1
2722354, 2, 0
2722357, 3, 0
2722591, 0, 0
2722600, 1, 0
2722604, 2, 1
2722607, 3, 1
2722841, 0, 0
2722850, 1, 0
2722854, 2, 0
2722857, 3, 0
2723091, 0, 1
2723100, 1, 1
2723104, 2, 1
2723107, 3, 1
2723341, 0, 1
2723350, 1, 0
2723354, 2, 1
2723357, 3, bit 0
2723357, 3, 0
2723591, 0, 0
2723600, 1, 1
2723604, 2, 0
2723607, 3, 1
2723841, 0, bit 1
2723841, 0, 0
2723850, 1, 0
2723854, 2, 0
2723857, 3, 0
2724091, 0, 1
2724100, 1, 1
2724104, 2, 1
2724107, 3, 1
2724341, 0, 0
2724350, 1, 0
2724354, 2, 1
2724357, 3, 1
2724591, 0, 1
2724600, 1, 1
2724604, 2, 0
2724608, 3, 0
2724841, 0, 1
2724850, 1, 1
2724854, 2, bit 1
2724854, 2, 0
2724858, 3, 1
2725091, 0, 0
2725100, 1, 0
2725104, 2, 1
2725108, 3, 0
2725341, 0, 0
2725350, 1, 1
2725354, 2, 0
2725358, 3, 1
2725591, 0, 1
2725600, 1, 0
2725604, 2, 1
2725608, 3, 0
2725841, 0, 0
2725850, 1, bit 1
2725850, 1, 0
2725861, 2, 0
2725861, 3, 1
2726091, 0, 1
2726100, 1, 1
2726111, 3, 0
2726111, 2, 1
2726341, 0, 1
2726350, 1, 1
2726361, 2, 0
2726361, 3, 1
2726591, 0, 0
2726600, 1, 0
2726611, 2, 1
2726611, 3, 0
2726841, 0, 0
2726850, 1, 1
2726861, 2, 1
2726861, 3, bit 1
2726862, 3, 1
2727091, 0, 1
2727100, 1, 0
2727111, 3, 0
2727111, 2, 0
2727341, 0, bit 1
2727341, 0, 0
2727350, 1, 1
2727361, 3, 1
2727361, 2, 0
2727591, 0, 1
2727600, 1, 0
2727611, 3, 0
2727611, 2, 1
2727841, 0, 0
2727851, 1, 1
2727861, 2, 1
2727861, 3, 0
2728091, 0, 1
2728101, 1, 0
2728111, 2, 0
2728111, 3, 1
2728341, 0, 1
2728351, 1, 0
2728361, 2, bit 1
2728361, 2, 0
2728363, 3, 0
2728591, 0, 0
2728601, 1, 1
2728611, 2, 1
2728613, 3, 1
2728841, 0, 0
2728851, 1, 0
2728861, 2, 0
2728863, 3, 0
2729091, 0, 1
2729101, 1, 1
2729111, 2, 1
2729113, 3, 1
2729341, 0, 0
2729351, 1, bit 0
2729351, 1, 1
2729361, 2, 0
2729363, 3, 0
2729591, 0, 1
2729601, 1, 0
2729611, 2, 1
2729613, 3, 1
2729841, 0, 1
2729851, 1, 0
2729861, 2, 0
2729863, 3, 0
2730091, 0, 0
2730101, 1, 1
2730112, 2, 1
2730113, 3, 1
2730341, 0, 0
2730351, 1, 0
2730362, 2, 1
2730363, 3, bit 1
2730363, 3, 1
2730591, 0, 1
2730601, 1, 1
2730612, 2, 0
2730613, 3, 0
2730841, 0, bit 0
2730841, 0, 1
2730851, 1, 0
2730862, 2, 0
2730863, 3, 1
2731091, 0, 0
2731101, 1, 1
2731112, 2, 1
2731113, 3, 0
2731341, 0, 1
2731351, 1, 0
2731362, 2, 1
2731363, 3, 0
2731591, 0, 0
2731601, 1, 1
2731612, 2, 0
2731613, 3, 1
2731841, 0, 0
2731851, 1, 1
2731862, 2, bit 0
2731862, 2, 1
2731863, 3, 0
2732091, 0, 1
2732101, 1, 0
2732112, 2, 0
2732113, 3, 1
2732341, 0, 1
2732351, 1, 1
2732362, 2, 1
2732363, 3, 0
2732591, 0, 0
2732601, 1, 0
2732612, 2, 0
2732613, 3, 1
2732841, 0, 1
2732851, 1, bit 1
2732851, 1, 0
2732862, 2, 1
2732863, 3, 0
2733091, 0, 0
2733101, 1, 1
2733112, 2, 0
2733113, 3, 1
2733341, 0, 0
2733351, 1, 1
2733362, 2, 1
2733363, 3, 0
2733591, 0, 1
2733601, 1, 0
2733612, 2, 0
2733613, 3, 1
2733841, 0, 1
2733851, 1, 1
2733862, 2, 0
2733863, 3, bit 0
2733863, 3, 0
2734091, 0, 0
2734101, 1, 0
2734112, 2, 1
2734113, 3, 1
2734341, 0, bit 1
2734341, 0, 0
2734351, 1, 1
2734362, 2, 1
2734363, 3, 0
2734592, 0, 1
2734601, 1, 0
2734612, 2, 0
2734613, 3, 1
2734842, 0, 0
2734851, 1, 1
2734862, 2, 0
2734863, 3, 1
2735092, 0, 1
2735101, 1, 0
2735112, 2, 1
2735113, 3, 0
2735342, 0, 1
2735351, 1, 0
2735362, 2, bit 0
2735362, 2, 1
2735363, 3, 1
2735592, 0, 0
2735601, 1, 1
2735612, 2, 0
2735616, 3, 0
2735842, 0, 0
2735851, 1, 0
2735862, 2, 1
2735866, 3, 1
2736092, 0, 1
2736101, 1, 1
2736112, 2, 0
2736116, 3, 0
2736342, 0, 0
2736351, 1, bit 0
2736351, 1, 1
2736362, 2, 1
2736366, 3, 1
2736592, 0, 1
2736601, 1, 0
2736612, 2, 0
2736616, 3, 0
2736842, 0, 1
2736851, 1, 0
2736862, 2, 1
2736866, 3, 1
2737092, 0, 0
2737101, 1, 1
2737112, 2, 0
2737116, 3, 0
2737342, 0, 0
2737351, 1, 0
2737362, 2, 0
2737366, 3, bit 0
2737366, 3, 0
2737592, 0, 1
2737601, 1, 1
2737612, 2, 1
2737616, 3, 1
2737842, 0, bit 0
2737842, 0, 1
2737851, 1, 0
2737862, 2, 1
2737866, 3, 0
2738092, 0, 0
2738101, 1, 1
2738112, 2, 0
2738116, 3, 1
2738342, 0, 1
2738351, 1, 0
2738362, 2, 0
2738366, 3, 1
2738592, 0, 0
2738601, 1, 1
2738612, 2, 1
2738616, 3, 0
2738842, 0, 0
2738851, 1, 1
2738862, 2, bit 0
2738862, 2, 1
2738866, 3, 1
2739092, 0, 1
2739101, 1, 0
2739112, 2, 0
2739116, 3, 0
2739342, 0, 1
2739351, 1, 1
2739362, 2, 1
2739366, 3, 1
2739592, 0, 0
2739601, 1, 0
2739612, 2, 0
2739616, 3, 0
2739842, 0, 1
2739851, 1, bit 1
2739851, 1, 0
2739862, 2, 1
2739866, 3, 1
2740092, 0, 0
2740101, 1, 1
2740112, 2, 0
2740116, 3, 0
2740342, 0, 0
2740352, 1, 1
2740362, 2, 1
2740366, 3, 1
2740592, 0, 1
2740602, 1, 0
2740612, 2, 0
2740616, 3, 0
2740842, 0, 1
2740852, 1, 1
2740862, 2, 0
2740866, 3, bit 0
2740866, 3, 0
2741092, 0, 0
2741102, 1, 0
2741112, 2, 1
2741116, 3, 1
2741342, 0, bit 1
2741342, 0, 0
2741352, 1, 1
2741362, 2, 1
2741366, 3, 0
2741592, 0, 1
2741602, 1, 0
2741612, 2, 0
2741616, 3, 1
2741842, 0, 0
2741852, 1, 1
2741862, 2, 0
2741866, 3, 1
2742092, 0, 1
2742102, 1, 0
2742112, 2, 1
2742116, 3, 0
2742342, 0, 1
2742352, 1, 0
2742362, 2, bit 0
2742362, 2, 1
2742366, 3, 1
2742592, 0, 0
2742602, 1, 1
2742612, 2, 0
2742616, 3, 0
2742842, 0, 0
2742852, 1, 0
2742862, 2, 1
2742866, 3, 1
2743092, 0, 1
2743102, 1, 1
2743112, 2, 0
2743116, 3, 0
2743342, 0, 0
2743352, 1, bit 1
2743352, 1, 0
2743362, 2, 1
2743366, 3, 1
2743592, 0, 1
2743602, 1, 1
2743612, 2, 0
2743616, 3, 0
2743842, 0, 1
2743852, 1, 1
2743862, 2, 1
2743866, 3, 1
2744092, 0, 0
2744102, 1, 0
2744112, 2, 0
2744116, 3, 0
2744342, 0, 0
2744352, 1, 1
2744363, 2, 0
2744366, 3, bit 0
2744366, 3, 0
2744592, 0, 1
2744602, 1, 0
2744613, 2, 1
2744616, 3, 1
2744842, 0, bit 1
2744842, 0, 0
2744852, 1, 1
2744863, 2, 1
2744866, 3, 0
2745092, 0, 1
2745102, 1, 0
2745113, 2, 0
2745116, 3, 1
2745342, 0, 0
2745352, 1, 1
2745363, 2, 0
2745366, 3, 1
2745592, 0, 1
2745602, 1, 0
2745613, 2, 1
2745616, 3, 0
2745842, 0, 1
2745852, 1, 0
2745863, 2, bit 1
2745863, 2, 0
2745866, 3, 1
2746092, 0, 0
2746102, 1, 1
2746113, 2, 1
2746116, 3, 0
2746342, 0, 0
2746352, 1, 0
2746363, 2, 0
2746366, 3, 1
2746592, 0, 1
2746602, 1, 1
2746613, 2, 1
2746616, 3, 0
2746842, 0, 0
2746852, 1, bit 1
2746852, 1, 0
2746863, 2, 0
2746866, 3, 1
2747092, 0, 1
2747102, 1, 1
2747113, 2, 1
2747116, 3, 0
2747342, 0, 1
2747352, 1, 1
2747363, 2, 0
2747366, 3, 1
2747592, 0, 0
2747602, 1, 0
2747613, 2, 1
2747616, 3, 0
2747842, 0, 0
2747852, 1, 1
2747863, 2, 1
2747866, 3, bit 0
2747866, 3, 0
2748092, 0, 1
2748102, 1, 0
2748113, 2, 0
2748116, 3, 1
2748342, 0, bit 0
2748342, 0, 1
2748352, 1, 1
2748363, 2, 0
2748366, 3, 0
2748592, 0, 0
2748602, 1, 0
2748613, 2, 1
2748616, 3, 1
2748843, 0, 1
2748852, 1, 1
2748863, 2, 1
2748866, 3, 1
2749093, 0, 0
2749102, 1, 0
2749113, 2, 0
2749116, 3, 0
2749343, 0, 0
2749352, 1, 0
2749363, 2, bit 1
2749366, 2, 0
2749366, 3, 1
2749593, 0, 1
2749602, 1, 1
2749613, 2, 1
2749616, 3, 0
2749843, 0, 1
2749852, 1, 0
2749863, 2, 0
2749867, 3, 1
2750093, 0, 0
2750102, 1, 1
2750113, 2, 1
2750117, 3, 0
2750343, 0, 1
2750352, 1, bit 0
2750352, 1, 1
2750363, 2, 0
2750367, 3, 1
2750593, 0, 0
2750602, 1, 0
2750613, 2, 1
2750617, 3, 0
2750843, 0, 0
2750852, 1, 0
2750863, 2, 0
2750867, 3, 1
2751093, 0, 1
2751102, 1, 1
2751113, 2, 1
2751117, 3, 0
2751343, 0, 1
2751352, 1, 0
2751363, 2, 1
2751367, 3, bit 1
2751367, 3, 1
2751593, 0, 0
2751602, 1, 1
2751613, 2, 0
2751617, 3, 0
2751843, 0, bit 0
2751843, 0, 1
2751852, 1, 0
2751863, 2, 0
2751867, 3, 1
2752093, 0, 0
2752102, 1, 1
2752113, 2, 1
2752117, 3, 0
2752343, 0, 1
2752352, 1, 0
2752363, 2, 1
2752367, 3, 0
2752593, 0, 0
2752602, 1, 1
2752613, 2, 0
2752617, 3, 1
2752843, 0, 0
2752852, 1, 1
2752863, 2, bit 0
2752863, 2, 1
2752867, 3, 0
2753093, 0, 1
2753102, 1, 0
2753113, 2, 0
2753117, 3, 1
2753343, 0, 1
2753352, 1, 1
2753363, 2, 1
2753367, 3, 0
2753593, 0, 0
2753602, 1, 0
2753613, 2, 0
2753617, 3, 1
2753843, 0, 1
2753852, 1, bit 1
2753852, 1, 0
2753863, 2, 1
2753867, 3, 0
2754093, 0, 0
2754102, 1, 1
2754113, 2, 0
2754117, 3, 1
2754343, 0, 0
2754352, 1, 1
2754363, 2, 1
2754367, 3, 0
2754593, 0, 1
2754603, 1, 0
2754613, 2, 0
2754617, 3, 1
2754843, 0, 1
2754853, 1, 1
2754863, 2, 0
2754867, 3, bit 1
2754867, 3, 1
2755093, 0, 0
2755103, 1, 0
2755113, 2, 1
2755117, 3, 0
2755343, 0, bit 1
2755343, 0, 0
2755353, 1, 1
2755363, 2, 1
2755367, 3, 1
2755593, 0, 1
2755603, 1, 0
2755613, 2, 0
2755617, 3, 0
2755843, 0, 0
2755853, 1, 1
2755863, 2, 0
2755867, 3, 0
2756093, 0, 1
2756103, 1, 0
2756113, 2, 1
2756117, 3, 1
2756343, 0, 1
2756353, 1, 0
2756363, 2, bit 1
2756363, 2, 0
2756367, 3, 0
2756593, 0, 0
2756603, 1, 1
2756613, 2, 1
2756617, 3, 1
2756843, 0, 0
2756853, 1, 0
2756864, 2, 0
2756867, 3, 0
2757093, 0, 1
2757103, 1, 1
2757114, 2, 1
2757117, 3, 1
2757343, 0, 0
2757353, 1, bit 1
2757353, 1, 0
2757364, 2, 0
2757367, 3, 0
2757593, 0, 1
2757603, 1, 1
2757614, 2, 1
2757617, 3, 1
2757843, 0, 1
2757853, 1, 1
2757864, 2, 0
2757867, 3, 0
2758093, 0, 0
2758103, 1, 0
2758114, 2, 1
2758117, 3, 1
2758343, 0, 0
2758353, 1, 1
2758364, 2, 1
2758367, 3, bit 0
2758367, 3, 0
2758593, 0, 1
2758603, 1, 0
2758614, 2, 0
2758617, 3, 1
2758843, 0, bit 0
2758843, 0, 1
2758853, 1, 1
2758864, 2, 0
2758867, 3, 0
2759093, 0, 0
2759103, 1, 0
2759114, 2, 1
2759117, 3, 1
2759343, 0, 1
2759353, 1, 1
2759364, 2, 1
2759367, 3, 1
2759593, 0, 0
2759603, 1, 0
2759614, 2, 0
2759617, 3, 0
2759843, 0, 0
2759853, 1, 0
2759864, 2, bit 0
2759864, 2, 1
2759867, 3, 1
2760093, 0, 1
2760103, 1, 1
2760114, 2, 0
2760117, 3, 0
2760343, 0, 1
2760353, 1, 0
2760364, 2, 1
2760367, 3, 1
2760593, 0, 0
2760603, 1, 1
2760614, 2, 0
2760617, 3, 0
2760843, 0, 1
2760853, 1, bit 0
2760853, 1, 1
2760864, 2, 1
2760867, 3, 1
2761093, 0, 0
2761103, 1, 0
2761114, 2, 0
2761117, 3, 0
2761344, 0, 0
2761353, 1, 0
2761364, 2, 1
2761367, 3, 1
2761594, 0, 1
2761603, 1, 1
2761614, 2, 0
2761617, 3, 0
2761844, 0, 1
2761853, 1, 0
2761864, 2, 0
2761867, 3, bit 0
2761867, 3, 0
2762094, 0, 0
2762103, 1, 1
2762114, 2, 1
2762117, 3, 1
2762344, 0, bit 0
2762344, 0, 1
2762353, 1, 0
2762364, 2, 1
2762368, 3, 0
2762594, 0, 0
2762603, 1, 1
2762614, 2, 0
2762618, 3, 1
2762844, 0, 1
2762853, 1, 0
2762864, 2, 0
2762868, 3, 1
2763094, 0, 0
2763103, 1, 1
2763114, 2, 1
2763118, 3, 0
2763344, 0, 0
2763353, 1, 1
2763364, 2, bit 0
2763364, 2, 1
2763368, 3, 1
2763594, 0, 1
2763603, 1, 0
2763614, 2, 0
2763618, 3, 0
2763844, 0, 1
2763853, 1, 1
2763864, 2, 1
2763868, 3, 1
2764094, 0, 0
2764103, 1, 0
2764114, 2, 0
2764118, 3, 0
2764344, 0, 1
2764353, 1, bit 0
2764353, 1, 1
2764364, 2, 1
2764368, 3, 1
2764594, 0, 0
2764603, 1, 0
2764614, 2, 0
2764618, 3, 0
2764844, 0, 0
2764853, 1, 0
2764864, 2, 1
2764868, 3, 1
2765094, 0, 1
2765103, 1, 1
2765114, 2, 0
2765118, 3, 0
2765344, 0, 1
2765353, 1, 0
2765364, 2, 0
2765368, 3, bit 0
2765368, 3, 0
2765594, 0, 0
2765603, 1, 1
2765614, 2, 1
2765618, 3, 1
2765844, 0, bit 0
2765844, 0, 1
2765853, 1, 0
2765864, 2, 1
2765868, 3, 0
2766094, 0, 0
2766103, 1, 1
2766114, 2, 0
2766118, 3, 1
2766344, 0, 1
2766353, 1, 0
2766364, 2, 0
2766368, 3, 1
2766594, 0, 0
2766603, 1, 1
2766614, 2, 1
2766618, 3, 0
2766844, 0, 0
2766853, 1, 1
2766864, 2, bit 1
2766864, 2, 0
2766868, 3, 1
2767094, 0, 1
2767104, 1, 0
2767114, 2, 1
2767118, 3, 0
2767344, 0, 1
2767354, 1, 1
2767364, 2, 0
2767368, 3, 1
2767594, 0, 0
2767604, 1, 0
2767614, 2, 1
2767618, 3, 0
2767844, 0, 1
2767854, 1, bit 0
2767854, 1, 1
2767864, 2, 0
2767868, 3, 1
2768094, 0, 0
2768104, 1, 0
2768114, 2, 1
2768118, 3, 0
2768344, 0, 0
2768354, 1, 0
2768364, 2, 0
2768368, 3, 1
2768594, 0, 1
2768604, 1, 1
2768614, 2, 1
2768618, 3, 0
2768844, 0, 1
2768854, 1, 0
2768864, 2, 1
2768868, 3, bit 1
2768871, 3, 1
2769094, 0, 0
2769104, 1, 1
2769114, 2, 0
2769118, 3, 0
2769344, 0, bit 0
2769344, 0, 1
2769354, 1, 0
2769364, 2, 0
2769368, 3, 1
2769594, 0, 0
2769604, 1, 1
2769614, 2, 1
2769618, 3, 0
2769844, 0, 1
2769854, 1, 0
2769864, 2, 1
2769868, 3, 0
2770094, 0, 0
2770104, 1, 1
2770114, 2, 0
2770118, 3, 1
2770344, 0, 0
2770354, 1, 1
2770364, 2, bit 1
2770364, 2, 0
2770368, 3, 0
2770594, 0, 1
2770604, 1, 0
2770614, 2, 1
2770618, 3, 1
2770844, 0, 1
2770854, 1, 1
2770864, 2, 0
2770868, 3, 0
2771094, 0, 0
2771104, 1, 0
2771115, 2, 1
2771118, 3, 1
2771344, 0, 1
2771354, 1, bit 0
2771354, 1, 1
2771365, 2, 0
2771368, 3, 0
2771594, 0, 0
2771604, 1, 0
2771615, 2, 1
2771618, 3, 1
2771844, 0, 0
2771854, 1, 0
2771865, 2, 0
2771868, 3, 0
2772094, 0, 1
2772104, 1, 1
2772115, 2, 1
2772118, 3, 1
2772344, 0, 1
2772354, 1, 0
2772365, 2, 1
2772368, 3, bit 0
2772368, 3, 0
2772594, 0, 0
2772604, 1, 1
2772615, 2, 0
2772618, 3, 1
2772844, 0, bit 0
2772844, 0, 1
2772854, 1, 0
2772865, 2, 0
2772868, 3, 0
2773094, 0, 0
2773104, 1, 1
2773115, 2, 1
2773118, 3, 1
2773344, 0, 1
2773354, 1, 0
2773365, 2, 1
2773368, 3, 1
2773594, 0, 0
2773604, 1, 1
2773615, 2, 0
2773618, 3, 0
2773844, 0, 0
2773854, 1, 1
2773865, 2, bit 0
2773865, 2, 1
2773868, 3, 1
2774094, 0, 1
2774104, 1, 0
2774115, 2, 0
2774118, 3, 0
2774344, 0, 1
2774354, 1, 1
2774365, 2, 1
2774368, 3, 1
2774594, 0, 0
2774604, 1, 0
2774615, 2, 0
2774618, 3, 0
2774844, 0, 1
2774854, 1, bit 0
2774857, 1, 1
2774865, 2, 1
2774868, 3, 1
2775094, 0, 0
2775104, 1, 0
2775115, 2, 0
2775118, 3, 0
2775344, 0, 0
2775354, 1, 0
2775365, 2, 1
2775368, 3, 1
2775595, 0, 1
2775604, 1, 1
2775615, 2, 0
2775618, 3, 0
2775845, 0, 1
2775854, 1, 0
2775865, 2, 0
2775868, 3, bit 0
2775868, 3, 0
2776095, 0, 0
2776104, 1, 1
2776115, 2, 1
2776118, 3, 1
2776345, 0, bit 0
2776345, 0, 1
2776354, 1, 0
2776365, 2, 1
2776368, 3, 0
2776595, 0, 0
2776604, 1, 1
2776615, 2, 0
2776619, 3, 1
2776845, 0, 1
2776854, 1, 0
2776865, 2, 0
2776869, 3, 1
2777095, 0, 0
2777104, 1, 1
2777115, 2, 1
2777119, 3, 0
2777345, 0, 0
2777354, 1, 1
2777365, 2, bit 0
2777365, 2, 1
2777369, 3, 1
2777595, 0, 1
2777604, 1, 0
2777615, 2, 0
2777619, 3, 0
2777845, 0, 1
2777854, 1, 1
2777865, 2, 1
2777869, 3, 1
2778095, 0, 0
2778104, 1, 0
2778115, 2, 0
2778119, 3, 0
2778345, 0, 1
2778354, 1, bit 0
2778354, 1, 1
2778365, 2, 1
2778369, 3, 1
2778595, 0, 0
2778604, 1, 0
2778615, 2, 0
2778619, 3, 0
2778845, 0, 0
2778854, 1, 0
2778865, 2, 1
2778869, 3, 1
2779095, 0, 1
2779104, 1, 1
2779115, 2, 0
2779119, 3, 0
2779345, 0, 1
2779354, 1, 0
2779365, 2, 0
2779369, 3, bit 0
2779369, 3, 0
2779595, 0, 0
2779604, 1, 1
2779615, 2, 1
2779619, 3, 1
2779845, 0, bit 1
2779845, 0, 0
2779854, 1, 0
2779865, 2, 1
2779869, 3, 0
2780095, 0, 1
2780104, 1, 1
2780115, 2, 0
2780119, 3, 1
2780345, 0, 0
2780354, 1, 0
2780365, 2, 0
2780369, 3, 1
2780595, 0, 1
2780604, 1, 1
2780615, 2, 1
2780619, 3, 0
2780845, 0, 1
2780854, 1, 1
2780865, 2, bit 1
2780865, 2, 0
2780869, 3, 1
2781095, 0, 0
2781104, 1, 0
2781115, 2, 1
2781119, 3, 0
2781345, 0, 0
2781355, 1, 1
2781365, 2, 0
2781369, 3, 1
2781595, 0, 1
2781605, 1, 0
2781615, 2, 1
2781619, 3, 0
2781845, 0, 0
2781855, 1, bit 0
2781855, 1, 1
2781865, 2, 0
2781869, 3, 1
2782095, 0, 1
2782105, 1, 0
2782115, 2, 1
2782119, 3, 0
2782345, 0, 1
2782355, 1, 0
2782365, 2, 0
2782369, 3, 1
2782595, 0, 0
2782605, 1, 1
2782615, 2, 1
2782619, 3, 0
2782845, 0, 0
2782855, 1, 0
2782865, 2, 1
2782869, 3, bit 0
2782869, 3, 0
2783095, 0, 1
2783105, 1, 1
2783115, 2, 0
2783119, 3, 1
2783345, 0, bit 0
2783345, 0, 1
2783355, 1, 0
2783365, 2, 0
2783369, 3, 0
2783595, 0, 0
2783605, 1, 1
2783616, 2, 1
2783619, 3, 1
2783845, 0, 1
2783855, 1, 0
2783866, 2, 1
2783869, 3, 1
2784095, 0, 0
2784105, 1, 1
2784116, 2, 0
2784119, 3, 0
2784345, 0, 0
2784355, 1, 1
2784366, 2, bit 0
2784366, 2, 1
2784369, 3, 1
2784595, 0, 1
2784605, 1, 0
2784616, 2, 0
2784619, 3, 0
2784845, 0, 1
2784855, 1, 1
2784866, 2, 1
2784869, 3, 1
2785095, 0, 0
2785105, 1, 0
2785116, 2, 0
2785119, 3, 0
2785345, 0, 1
2785355, 1, bit 0
2785355, 1, 1
2785366, 2, 1
2785369, 3, 1
2785595, 0, 0
2785605, 1, 0
2785616, 2, 0
2785619, 3, 0
2785845, 0, 0
2785855, 1, 0
2785866, 2, 1
2785869, 3, 1
2786095, 0, 1
2786105, 1, 1
2786116, 2, 0
2786119, 3, 0
2786345, 0, 1
2786355, 1, 0
2786366, 2, 0
2786369, 3, bit 0
2786369, 3, 0
2786595, 0, 0
2786605, 1, 1
2786616, 2, 1
2786619, 3, 1
2786845, 0, bit 1
2786845, 0, 0
2786855, 1, 0
2786866, 2, 1
2786869, 3, 0
2787095, 0, 1
2787105, 1, 1
2787116, 2, 0
2787119, 3, 1
2787345, 0, 0
2787355, 1, 0
2787366, 2, 0
2787369, 3, 1
2787595, 0, 1
2787605, 1, 1
2787616, 2, 1
2787619, 3, 0
2787845, 0, 1
2787855, 1, 1
2787866, 2, bit 0
2787866, 2, 1
2787869, 3, 1
2788096, 0, 0
2788105, 1, 0
2788116, 2, 0
2788119, 3, 0
2788346, 0, 0
2788355, 1, 1
2788366, 2, 1
2788369, 3, 1
2788596, 0, 1
2788605, 1, 0
2788616, 2, 0
2788619, 3, 0
2788846, 0, 0
2788855, 1, bit 0
2788855, 1, 1
2788866, 2, 1
2788869, 3, 1
2789096, 0, 1
2789105, 1, 0
2789116, 2, 0
2789120, 3, 0
2789346, 0, 1
2789355, 1, 0
2789366, 2, 1
2789370, 3, 1
2789596, 0, 0
2789605, 1, 1
2789616, 2, 0
2789620, 3, 0
2789846, 0, 0
2789855, 1, 0
2789866, 2, 0
2789870, 3, bit 0
2789870, 3, 0
2790096, 0, 1
2790105, 1, 1
2790116, 2, 1
2790120, 3, 1
2790346, 0, bit 1
2790346, 0, 0
2790355, 1, 0
2790366, 2, 1
2790370, 3, 0
2790596, 0, 1
2790605, 1, 1
2790616, 2, 0
2790620, 3, 1
2790846, 0, 0
2790855, 1, 0
2790866, 2, 0
2790870, 3, 1
2791096, 0, 1
2791105, 1, 1
2791116, 2, 1
2791120, 3, 0
2791346, 0, 1
2791355, 1, 1
2791366, 2, bit 0
2791366, 2, 1
2791370, 3, 1
2791596, 0, 0
2791605, 1, 0
2791616, 2, 0
2791620, 3, 0
2791846, 0, 0
2791855, 1, 1
2791866, 2, 1
2791870, 3, 1
2792096, 0, 1
2792105, 1, 0
2792116, 2, 0
2792120, 3, 0
2792346, 0, 0
2792355, 1, bit 1
2792355, 1, 0
2792366, 2, 1
2792370, 3, 1
2792596, 0, 1
2792605, 1, 1
2792616, 2, 0
2792620, 3, 0
2792846, 0, 1
2792855, 1, 1
2792866, 2, 1
2792870, 3, 1
2793096, 0, 0
2793105, 1, 0
2793116, 2, 0
2793120, 3, 0
2793346, 0, 0
2793355, 1, 1
2793366, 2, 0
2793370, 3, bit 1
2793370, 3, 1
2793596, 0, 1
2793605, 1, 0
2793616, 2, 1
2793620, 3, 0
2793846, 0, bit 1
2793846, 0, 0
2793856, 1, 1
2793866, 2, 1
2793870, 3, 1
2794096, 0, 1
2794106, 1, 0
2794116, 2, 0
2794120, 3, 0
2794346, 0, 0
2794356, 1, 1
2794366, 2, 0
2794370, 3, 0
2794596, 0, 1
2794606, 1, 0
2794616, 2, 1
2794620, 3, 1
2794846, 0, 1
2794856, 1, 0
2794866, 2, bit 1
2794866, 2, 0
2794870, 3, 0
2795096, 0, 0
2795106, 1, 1
2795116, 2, 1
2795120, 3, 1
2795346, 0, 0
2795356, 1, 0
2795366, 2, 0
2795370, 3, 0
2795596, 0, 1
2795606, 1, 1
2795616, 2, 1
2795620, 3, 1
2795846, 0, 0
2795856, 1, bit 0
2795856, 1, 1
2795866, 2, 0
2795870, 3, 0
2796096, 0, 1
2796106, 1, 0
2796116, 2, 1
2796120, 3, 1
2796346, 0, 1
2796356, 1, 0
2796366, 2, 0
2796370, 3, 0
2796596, 0, 0
2796606, 1, 1
2796616, 2, 1
2796620, 3, 1
2796846, 0, 0
2796856, 1, 0
2796866, 2, 1
2796870, 3, bit 1
2796870, 3, 1
2797096, 0, 1
2797106, 1, 1
2797116, 2, 0
2797120, 3, 0
2797346, 0, bit 0
2797346, 0, 1
2797356, 1, 0
2797366, 2, 0
2797370, 3, 1
2797596, 0, 0
2797606, 1, 1
2797616, 2, 1
2797620, 3, 0
2797846, 0, 1
2797856, 1, 0
2797867, 2, 1
2797870, 3, 0
2798096, 0, 0
2798106, 1, 1
2798117, 2, 0
2798120, 3, 1
2798346, 0, 0
2798356, 1, 1
2798367, 2, bit 1
2798367, 2, 0
2798370, 3, 0
2798596, 0, 1
2798606, 1, 0
2798617, 2, 1
2798620, 3, 1
2798846, 0, 1
2798856, 1, 1
2798867, 2, 0
2798870, 3, 0
2799096, 0, 0
2799106, 1, 0
2799117, 2, 1
2799120, 3, 1
2799346, 0, 1
2799356, 1, bit 1
2799356, 1, 0
2799367, 2, 0
2799370, 3, 0
2799596, 0, 0
2799606, 1, 1
2799617, 2, 1
2799620, 3, 1
2799846, 0, 0
2799856, 1, 1
2799867, 2, 0
2799870, 3, 0
2800096, 0, 1
2800106, 1, 0
2800117, 2, 1
2800120, 3, 1
2800346, 0, 1
2800356, 1, 1
2800367, 2, 1
2800370, 3, bit 0
2800370, 3, 0
2800596, 0, 0
2800606, 1, 0
2800617, 2, 0
2800620, 3, 1
2800846, 0, bit 1
2800846, 0, 0
2800856, 1, 1
2800867, 2, 0
2800870, 3, 0
2801096, 0, 1
2801106, 1, 0
2801117, 2, 1
2801120, 3, 1
2801346, 0, 0
2801356, 1, 1
2801367, 2, 1
2801370, 3, 1
2801596, 0, 1
2801606, 1, 0
2801617, 2, 0
2801620, 3, 0
2801846, 0, 1
2801856, 1, 0
2801867, 2, bit 0
2801867, 2, 1
2801870, 3, 1
2802096, 0, 0
2802106, 1, 1
2802117, 2, 0
2802120, 3, 0
2802347, 0, 0
2802356, 1, 0
2802367, 2, 1
2802370, 3, 1
2802597, 0, 1
2802606, 1, 1
2802617, 2, 0
2802620, 3, 0
2802847, 0, 0
2802856, 1, bit 0
2802856, 1, 1
2802867, 2, 1
2802870, 3, 1
2803097, 0, 1
2803106, 1, 0
2803117, 2, 0
2803120, 3, 0
2803347, 0, 1
2803356, 1, 0
2803367, 2, 1
2803371, 3, 1
2803597, 0, 0
2803606, 1, 1
2803617, 2, 0
2803621, 3, 0
2803847, 0, 0
2803856, 1, 0
2803867, 2, 0
2803871, 3, bit 1
2803871, 3, 1
2804097, 0, 1
2804106, 1, 1
2804117, 2, 1
2804121, 3, 0
2804347, 0, bit 1
2804347, 0, 0
2804356, 1, 0
2804367, 2, 1
2804371, 3, 1
2804597, 0, 1
2804606, 1, 1
2804617, 2, 0
2804621, 3, 0
2804847, 0, 0
2804856, 1, 0
2804867, 2, 0
2804871, 3, 0
2805097, 0, 1
2805106, 1, 1
2805117, 2, 1
2805121, 3, 1
2805347, 0, 1
2805356, 1, 1
2805367, 2, bit 0
2805367, 2, 1
2805371, 3, 0
2805597, 0, 0
2805606, 1, 0
2805617, 2, 0
2805621, 3, 1
2805847, 0, 0
2805856, 1, 1
2805867, 2, 1
2805871, 3, 0
2806097, 0, 1
2806106, 1, 0
2806117, 2, 0
2806121, 3, 1
2806347, 0, 0
2806356, 1, bit 1
2806356, 1, 0
2806367, 2, 1
2806371, 3, 0
2806597, 0, 1
2806606, 1, 1
2806617, 2, 0
2806621, 3, 1
2806847, 0, 1
2806856, 1, 1
2806867, 2, 1
2806871, 3, 0
2807097, 0, 0
2807106, 1, 0
2807117, 2, 0
2807121, 3, 1
2807347, 0, 0
2807356, 1, 1
2807367, 2, 0
2807371, 3, bit 1
2807371, 3, 1
2807597, 0, 1
2807606, 1, 0
2807617, 2, 1
2807621, 3, 0
2807847, 0, bit 1
2807847, 0, 0
2807856, 1, 1
2807867, 2, 1
2807871, 3, 1
2808097, 0, 1
2808107, 1, 0
2808117, 2, 0
2808121, 3, 0
2808347, 0, 0
2808357, 1, 1
2808367, 2, 0
2808371, 3, 0
2808597, 0, 1
2808607, 1, 0
2808617, 2, 1
2808621, 3, 1
2808847, 0, 1
2808857, 1, 0
2808867, 2, bit 0
2808867, 2, 1
2808871, 3, 0
2809097, 0, 0
2809107, 1, 1
2809117, 2, 0
2809121, 3, 1
2809347, 0, 0
2809357, 1, 0
2809367, 2, 1
2809371, 3, 0
2809597, 0, 1
2809607, 1, 1
2809617, 2, 0
2809621, 3, 1
2809847, 0, 0
2809857, 1, bit 1
2809857, 1, 0
2809867, 2, 1
2809871, 3, 0
2810097, 0, 1
2810107, 1, 1
2810117, 2, 0
2810121, 3, 1
2810347, 0, 1
2810357, 1, 1
2810368, 2, 1
2810371, 3, 0
2810597, 0, 0
2810607, 1, 0
2810618, 2, 0
2810621, 3, 1
2810847, 0, 0
2810857, 1, 1
2810868, 2, 0
2810871, 3, bit 0
2810871, 3, 0
2811097, 0, 1
2811107, 1, 0
2811118, 2, 1
2811121, 3, 1
2811347, 0, bit 0
2811347, 0, 1
2811357, 1, 1
2811368, 2, 1
2811371, 3, 0
2811597, 0, 0
2811607, 1, 0
2811618, 2, 0
2811621, 3, 1
2811847, 0, 1
2811857, 1, 1
2811868, 2, 0
2811871, 3, 1
2812097, 0, 0
2812107, 1, 0
2812118, 2, 1
2812121, 3, 0
2812347, 0, 0
2812357, 1, 0
2812368, 2, bit 1
2812368, 2, 0
2812371, 3, 1
2812597, 0, 1
2812607, 1, 1
2812618, 2, 1
2812621, 3, 0
2812847, 0, 1
2812857, 1, 0
2812868, 2, 0
2812871, 3, 1
2813097, 0, 0
2813107, 1, 1
2813118, 2, 1
2813121, 3, 0
2813347, 0, 1
2813357, 1, bit 1
2813357, 1, 0
2813368, 2, 0
2813371, 3, 1
2813597, 0, 0
2813607, 1, 1
2813618, 2, 1
2813621, 3, 0
2813847, 0, 0
2813857, 1, 1
2813868, 2, 0
2813871, 3, 1
2814097, 0, 1
2814107, 1, 0
2814118, 2, 1
2814121, 3, 0
2814347, 0, 1
2814357, 1, 1
2814368, 2, 1
2814371, 3, bit 0
2814371, 3, 0
2814597, 0, 0
2814607, 1, 0
2814618, 2, 0
2814621, 3, 1
2814848, 0, bit 1
2814848, 0, 0
2814857, 1, 1
2814868, 2, 0
2814871, 3, 0
2815098, 0, 1
2815107, 1, 0
2815118, 2, 1
2815121, 3, 1
2815348, 0, 0
2815357, 1, 1
2815368, 2, 1
2815371, 3, 1
2815598, 0, 1
2815607, 1, 0
2815618, 2, 0
2815621, 3, 0
2815848, 0, 1
2815857, 1, 0
2815868, 2, bit 1
2815872, 2, 0
2815872, 3, 1
2816098, 0, 0
2816107, 1, 1
2816118, 2, 1
2816122, 3, 0
2816348, 0, 0
2816357, 1, 0
2816368, 2, 0
2816372, 3, 1
2816598, 0, 1
2816607, 1, 1
2816618, 2, 1
2816622, 3, 0
2816848, 0, 0
2816857, 1, bit 0
2816857, 1, 1
2816868, 2, 0
2816872, 3, 1
2817098, 0, 1
2817107, 1, 0
2817118, 2, 1
2817122, 3, 0
2817348, 0, 1
2817357, 1, 0
2817368, 2, 0
2817372, 3, 1
2817598, 0, 0
2817607, 1, 1
2817618, 2, 1
2817622, 3, 0
2817848, 0, 0
2817857, 1, 0
2817868, 2, 1
2817872, 3, bit 0
2817872, 3, 0
2818098, 0, 1
2818107, 1, 1
2818118, 2, 0
2818122, 3, 1
2818348, 0, bit 0
2818348, 0, 1
2818357, 1, 0
2818368, 2, 0
2818372, 3, 0
2818598, 0, 0
2818607, 1, 1
2818618, 2, 1
2818622, 3, 1
2818848, 0, 1
2818857, 1, 0
2818868, 2, 1
2818872, 3, 1
2819098, 0, 0
2819107, 1, 1
2819118, 2, 0
2819122, 3, 0
2819348, 0, 0
2819357, 1, 1
2819368, 2, bit 0
2819368, 2, 1
2819372, 3, 1
2819598, 0, 1
2819607, 1, 0
2819618, 2, 0
2819622, 3, 0
2819848, 0, 1
2819857, 1, 1
2819868, 2, 1
2819872, 3, 1
2820098, 0, 0
2820107, 1, 0
2820118, 2, 0
2820122, 3, 0
2820348, 0, 1
2820357, 1, bit 0
2820357, 1, 1
2820368, 2, 1
2820372, 3, 1
2820598, 0, 0
2820608, 1, 0
2820618, 2, 0
2820622, 3, 0
2820848, 0, 0
2820858, 1, 0
2820868, 2, 1
2820872, 3, 1
2821098, 0, 1
2821108, 1, 1
2821118, 2, 0
2821122, 3, 0
2821348, 0, 1
2821358, 1, 0
2821368, 2, 0
2821372, 3, bit 0
2821372, 3, 0
2821598, 0, 0
2821608, 1, 1
2821618, 2, 1
2821622, 3, 1
2821848, 0, bit 0
2821851, 0, 1
2821858, 1, 0
2821868, 2, 1
2821872, 3, 0
2822098, 0, 0
2822108, 1, 1
2822118, 2, 0
2822122, 3, 1
2822348, 0, 1
2822358, 1, 0
2822368, 2, 0
2822372, 3, 1
2822598, 0, 0
2822608, 1, 1
2822618, 2, 1
2822622, 3, 0
2822848, 0, 0
2822858, 1, 1
2822868, 2, bit 1
2822868, 2, 0
2822872, 3, 1
2823098, 0, 1
2823108, 1, 0
2823118, 2, 1
2823122, 3, 0
2823348, 0, 1
2823358, 1, 1
2823368, 2, 0
2823372, 3, 1
2823598, 0, 0
2823608, 1, 0
2823618, 2, 1
2823622, 3, 0
2823848, 0, 1
2823858, 1, bit 1
2823858, 1, 0
2823868, 2, 0
2823872, 3, 1
2824098, 0, 0
2824108, 1, 1
2824118, 2, 1
2824122, 3, 0
2824348, 0, 0
2824358, 1, 1
2824368, 2, 0
2824372, 3, 1
2824598, 0, 1
2824608, 1, 0
2824619, 2, 1
2824622, 3, 0
2824848, 0, 1
2824858, 1, 1
2824869, 2, 1
2824872, 3, bit 0
2824872, 3, 0
2825098, 0, 0
2825108, 1, 0
2825119, 2, 0
2825122, 3, 1
2825348, 0, bit 0
2825348, 0, 1
2825358, 1, 1
2825369, 2, 0
2825372, 3, 0
2825598, 0, 0
2825608, 1, 0
2825619, 2, 1
2825622, 3, 1
2825848, 0, 1
2825858, 1, 1
2825869, 2, 1
2825872, 3, 1
2826098, 0, 0
2826108, 1, 0
2826119, 2, 0
2826122, 3, 0
2826348, 0, 0
2826358, 1, 0
2826369, 2, bit 1
2826369, 2, 0
2826372, 3, 1
2826598, 0, 1
2826608, 1, 1
2826619, 2, 1
2826622, 3, 0
2826848, 0, 1
2826858, 1, 0
2826869, 2, 0
2826872, 3, 1
2827098, 0, 0
2827108, 1, 1
2827119, 2, 1
2827122, 3, 0
2827348, 0, 1
2827358, 1, bit 0
2827358, 1, 1
2827369, 2, 0
2827372, 3, 1
2827598, 0, 0
2827608, 1, 0
2827619, 2, 1
2827622, 3, 0
2827848, 0, 0
2827858, 1, 0
2827869, 2, 0
2827872, 3, 1
2828098, 0, 1
2828108, 1, 1
2828119, 2, 1
2828122, 3, 0
2828348, 0, 1
2828358, 1, 0
2828369, 2, 1
2828372, 3, bit 0
2828372, 3, 0
2828598, 0, 0
2828608, 1, 1
2828619, 2, 0
2828622, 3, 1
2828848, 0, bit 1
2828848, 0, 0
2828858, 1, 0
2828869, 2, 0
2828872, 3, 0
2829099, 0, 1
2829108, 1, 1
2829119, 2, 1
2829122, 3, 1
2829349, 0, 0
2829358, 1, 0
2829369, 2, 1
2829372, 3, 1
2829599, 0, 1
2829608, 1, 1
2829619, 2, 0
2829622, 3, 0
2829849, 0, 1
2829858, 1, 1
2829869, 2, bit 1
2829869, 2, 0
2829872, 3, 1
2830099, 0, 0
2830108, 1, 0
2830119, 2, 1
2830123, 3, 0
2830349, 0, 0
2830358, 1, 1
2830369, 2, 0
2830373, 3, 1
2830599, 0, 1
2830608, 1, 0
2830619, 2, 1
2830623, 3, 0
2830849, 0, 0
2830858, 1, bit 0
2830858, 1, 1
2830869, 2, 0
2830873, 3, 1
2831099, 0, 1
2831108, 1, 0
2831119, 2, 1
2831123, 3, 0
2831349, 0, 1
2831358, 1, 0
2831369, 2, 0
2831373, 3, 1
2831599, 0, 0
2831608, 1, 1
2831619, 2, 1
2831623, 3, 0
2831849, 0, 0
2831858, 1, 0
2831869, 2, 1
2831873, 3, bit 0
2831873, 3, 0
2832099, 0, 1
2832108, 1, 1
2832119, 2, 0
2832123, 3, 1
2832349, 0, bit 0
2832349, 0, 1
2832358, 1, 0
2832369, 2, 0
2832373, 3, 0
2832599, 0, 0
2832608, 1, 1
2832619, 2, 1
2832623, 3, 1
2832849, 0, 1
2832858, 1, 0
2832869, 2, 1
2832873, 3, 1
2833099, 0, 0
2833108, 1, 1
2833119, 2, 0
2833123, 3, 0
2833349, 0, 0
2833358, 1, 1
2833369, 2, bit 0
2833369, 2, 1
2833373, 3, 1
2833599, 0, 1
2833608, 1, 0
2833619, 2, 0
2833623, 3, 0
2833849, 0, 1
2833858, 1, 1
2833869, 2, 1
2833873, 3, 1
2834099, 0, 0
2834108, 1, 0
2834119, 2, 0
2834123, 3, 0
2834349, 0, 1
2834358, 1, bit 0
2834358, 1, 1
2834369, 2, 1
2834373, 3, 1
2834599, 0, 0
2834608, 1, 0
2834619, 2, 0
2834623, 3, 0
2834849, 0, 0
2834859, 1, 0
2834869, 2, 1
2834873, 3, 1
2835099, 0, 1
2835109, 1, 1
2835119, 2, 0
2835123, 3, 0
2835349, 0, 1
2835359, 1, 0
2835369, 2, 0
2835373, 3, bit 0
2835376, 3, 0
2835599, 0, 0
2835609, 1, 1
2835619, 2, 1
2835623, 3, 1
2835849, 0, bit 0
2835849, 0, 1
2835859, 1, 0
2835869, 2, 1
2835873, 3, 0
2836099, 0, 0
2836109, 1, 1
2836119, 2, 0
2836123, 3, 1
2836349, 0, 1
2836359, 1, 0
2836369, 2, 0
2836373, 3, 1
2836599, 0, 0
2836609, 1, 1
2836619, 2, 1
2836623, 3, 0
2836849, 0, 0
2836859, 1, 1
2836869, 2, bit 0
2836869, 2, 1
2836873, 3, 1
2837099, 0, 1
2837109, 1, 0
2837120, 2, 0
2837123, 3, 0
2837349, 0, 1
2837359, 1, 1
2837370, 2, 1
2837373, 3, 1
2837599, 0, 0
2837609, 1, 0
2837620, 2, 0
2837623, 3, 0
2837849, 0, 1
2837859, 1, bit 1
2837859, 1, 0
2837870, 2, 1
2837873, 3, 1
2838099, 0, 0
2838109, 1, 1
2838120, 2, 0
2838123, 3, 0
2838349, 0, 0
2838359, 1, 1
2838370, 2, 1
2838373, 3, 1
2838599, 0, 1
2838609, 1, 0
2838620, 2, 0
2838623, 3, 0
2838849, 0, 1
2838859, 1, 1
2838870, 2, 0
2838873, 3, bit 1
2838873, 3, 1
2839099, 0, 0
2839109, 1, 0
2839120, 2, 1
2839123, 3, 0
2839349, 0, bit 1
2839349, 0, 0
2839359, 1, 1
2839370, 2, 1
2839373, 3, 1
2839599, 0, 1
2839609, 1, 0
2839620, 2, 0
2839623, 3, 0
2839849, 0, 0
2839859, 1, 1
2839870, 2, 0
2839873, 3, 0
2840099, 0, 1
2840109, 1, 0
2840120, 2, 1
2840123, 3, 1
2840349, 0, 1
2840359, 1, 0
2840370, 2, bit 0
2840370, 2, 1
2840373, 3, 0
2840599, 0, 0
2840609, 1, 1
2840620, 2, 0
2840623, 3, 1
2840849, 0, 0
2840859, 1, 0
2840870, 2, 1
2840873, 3, 0
2841099, 0, 1
2841109, 1, 1
2841120, 2, 0
2841123, 3, 1
2841349, 0, 0
2841359, 1, bit 1
2841362, 1, 0
2841370, 2, 1
2841373, 3, 0
2841600, 0, 1
2841609, 1, 1
2841620, 2, 0
2841623, 3, 1
2841850, 0, 1
2841859, 1, 1
2841870, 2, 1
2841873, 3, 0
2842100, 0, 0
2842109, 1, 0
2842120, 2, 0
2842123, 3, 1
2842350, 0, 0
2842359, 1, 1
2842370, 2, 0
2842373, 3, bit 1
2842373, 3, 1
2842600, 0, 1
2842609, 1, 0
2842620, 2, 1
2842624, 3, 0
2842850, 0, bit 0
2842850, 0, 1
2842859, 1, 1
2842870, 2, 1
2842874, 3, 1
2843100, 0, 0
2843109, 1, 0
2843120, 2, 0
2843124, 3, 0
2843350, 0, 1
2843359, 1, 1
2843370, 2, 0
2843374, 3, 0
2843600, 0, 0
2843609, 1, 0
2843620, 2, 1
2843624, 3, 1
2843850, 0, 0
2843859, 1, 0
2843870, 2, bit 1
2843870, 2, 0
2843874, 3, 0
2844100, 0, 1
2844109, 1, 1
2844120, 2, 1
2844124, 3, 1
2844350, 0, 1
2844359, 1, 0
2844370, 2, 0
2844374, 3, 0
2844600, 0, 0
2844609, 1, 1
2844620, 2, 1
2844624, 3, 1
2844850, 0, 1
2844859, 1, bit 0
2844859, 1, 1
2844870, 2, 0
2844874, 3, 0
2845100, 0, 0
2845109, 1, 0
2845120, 2, 1
2845124, 3, 1
2845350, 0, 0
2845359, 1, 0
2845370, 2, 0
2845374, 3, 0
2845600, 0, 1
2845609, 1, 1
2845620, 2, 1
2845624, 3, 1
2845850, 0, 1
2845859, 1, 0
2845870, 2, 1
2845874, 3, bit 1
2845874, 3, 1
2846100, 0, 0
2846109, 1, 1
2846120, 2, 0
2846124, 3, 0
2846350, 0, bit 0
2846350, 0, 1
2846359, 1, 0
2846370, 2, 0
2846374, 3, 1
2846600, 0, 0
2846609, 1, 1
2846620, 2, 1
2846624, 3, 0
2846850, 0, 1
2846859, 1, 0
2846870, 2, 1
2846874, 3, 0
2847100, 0, 0
2847109, 1, 1
2847120, 2, 0
2847124, 3, 1
2847350, 0, 0
2847360, 1, 1
2847370, 2, bit 0
2847370, 2, 1
2847374, 3, 0
2847600, 0, 1
2847610, 1, 0
2847620, 2, 0
2847624, 3, 1
2847850, 0, 1
2847860, 1, 1
2847870, 2, 1
2847874, 3, 0
2848100, 0, 0
2848110, 1, 0
2848120, 2, 0
2848124, 3, 1
2848350, 0, 1
2848360, 1, bit 1
2848360, 1, 0
2848370, 2, 1
2848374, 3, 0
2848600, 0, 0
2848610, 1, 1
2848620, 2, 0
2848624, 3, 1
2848850, 0, 0
2848860, 1, 1
2848870, 2, 1
2848874, 3, 0
2849100, 0, 1
2849110, 1, 0
2849120, 2, 0
2849124, 3, 1
2849350, 0, 1
2849360, 1, 1
2849370, 2, 0
2849374, 3, bit 0
2849374, 3, 0
2849600, 0, 0
2849610, 1, 0
2849620, 2, 1
2849624, 3, 1
2849850, 0, bit 0
2849850, 0, 1
2849860, 1, 1
2849870, 2, 1
2849874, 3, 0
2850100, 0, 0
2850110, 1, 0
2850120, 2, 0
2850124, 3, 1
2850350, 0, 1
2850360, 1, 1
2850370, 2, 0
2850374, 3, 1
2850600, 0, 0
2850610, 1, 0
2850620, 2, 1
2850624, 3, 0
2850850, 0, 0
2850860, 1, 0
2850870, 2, bit 0
2850870, 2, 1
2850874, 3, 1
2851100, 0, 1
2851110, 1, 1
2851121, 2, 0
2851124, 3, 0
2851350, 0, 1
2851360, 1, 0
2851371, 2, 1
2851374, 3, 1
2851600, 0, 0
2851610, 1, 1
2851621, 2, 0
2851624, 3, 0
2851850, 0, 1
2851860, 1, bit 1
2851860, 1, 0
2851871, 2, 1
2851874, 3, 1
2852100, 0, 0
2852110, 1, 1
2852121, 2, 0
2852124, 3, 0
2852350, 0, 0
2852360, 1, 1
2852371, 2, 1
2852374, 3, 1
2852600, 0, 1
2852610, 1, 0
2852621, 2, 0
2852624, 3, 0
2852850, 0, 1
2852860, 1, 1
2852871, 2, 0
2852874, 3, bit 0
2852874, 3, 0
2853100, 0, 0
2853110, 1, 0
2853121, 2, 1
2853124, 3, 1
2853360, 1, 1
2853371, 2, 1
2853374, 3, 0
2853610, 1, 0
2853621, 2, 0
2853624, 3, 1
2853860, 1, 1
2853871, 2, 0
2853874, 3, 1
2854110, 1, 0
2854121, 2, 1
2854124, 3, 0
2854360, 1, 0
2854371, 2, bit 0
2854371, 2, 1
2854374, 3, 1
2854610, 1, 1
2854621, 2, 0
2854624, 3, 0
2854860, 1, 0
2854871, 2, 1
2854874, 3, 1
2855110, 1, 1
2855121, 2, 0
2855124, 3, 0
2855360, 1, bit 0
2855360, 1, 1
2855371, 2, 1
2855374, 3, 1
2855610, 1, 0
2855621, 2, 0
2855624, 3, 0
2855860, 1, 0
2855871, 2, 1
2855874, 3, 1
2856110, 1, 1
2856121, 2, 0
2856124, 3, 0
2856360, 1, 0
2856371, 2, 0
2856374, 3, bit 0
2856374, 3, 0
2856610, 1, 1
2856621, 2, 1
2856624, 3, 1
2856860, 1, 0
2856871, 2, 1
2856875, 3, 0
2857110, 1, 1
2857121, 2, 0
2857125, 3, 1
2857360, 1, 0
2857371, 2, 0
2857375, 3, 1
2857610, 1, 1
2857621, 2, 1
2857625, 3, 0
2857860, 1, 1
2857871, 2, bit 0
2857871, 2, 1
2857875, 3, 1
2858110, 1, 0
2858121, 2, 0
2858125, 3, 0
2858360, 1, 1
2858371, 2, 1
2858375, 3, 1
2858610, 1, 0
2858621, 2, 0
2858625, 3, 0
2858860, 1, bit 0
2858860, 1, 1
2858871, 2, 1
2858875, 3, 1
2859110, 1, 0
2859121, 2, 0
2859125, 3, 0
2859360, 1, 0
2859371, 2, 1
2859375, 3, 1
2859610, 1, 1
2859621, 2, 0
2859625, 3, 0
2859860, 1, 0
2859871, 2, 0
2859875, 3, bit 1
2859875, 3, 1
2860110, 1, 1
2860121, 2, 1
2860125, 3, 0
2860360, 1, 0
2860371, 2, 1
2860375, 3, 1
2860610, 1, 1
2860621, 2, 0
2860625, 3, 0
2860860, 1, 0
2860871, 2, 0
2860875, 3, 0
2861110, 1, 1
2861121, 2, 1
2861125, 3, 1
2861360, 1, 1
2861371, 2, bit 0
2861371, 2, 1
2861375, 3, 0
2861611, 1, 0
2861621, 2, 0
2861625, 3, 1
2861861, 1, 1
2861871, 2, 1
2861875, 3, 0
2862111, 1, 0
2862121, 2, 0
2862125, 3, 1
2862361, 1, bit 0
2862361, 1, 1
2862371, 2, 1
2862375, 3, 0
2862611, 1, 0
2862621, 2, 0
2862625, 3, 1
2862861, 1, 0
2862871, 2, 1
2862875, 3, 0
2863111, 1, 1
2863121, 2, 0
2863125, 3, 1
2863361, 1, 0
2863371, 2, 0
2863375, 3, bit 0
2863378, 3, 0
2863611, 1, 1
2863621, 2, 1
2863625, 3, 1
2863861, 1, 0
2863872, 2, 1
2863875, 3, 0
2864111, 1, 1
2864122, 2, 0
2864125, 3, 1
2864361, 1, 0
2864372, 2, 0
2864375, 3, 1
2864611, 1, 1
2864622, 2, 1
2864625, 3, 0
2864861, 1, 1
2864872, 2, bit 1
2864872, 2, 0
2864875, 3, 1
2865111, 1, 0
2865122, 2, 1
2865125, 3, 0
2865361, 1, 1
2865372, 2, 0
2865375, 3, 1
2865611, 1, 0
2865622, 2, 1
2865625, 3, 0
2865861, 1, bit 1
2865861, 1, 0
2865872, 2, 0
2865875, 3, 1
2866111, 1, 1
2866122, 2, 1
2866125, 3, 0
2866361, 1, 1
2866372, 2, 0
2866375, 3, 1
2866611, 1, 0
2866622, 2, 1
2866625, 3, 0
2866861, 1, 1
2866872, 2, 1
2866875, 3, bit 1
2866875, 3, 1
2867111, 1, 0
2867122, 2, 0
2867125, 3, 0
2867361, 1, 1
2867372, 2, 0
2867375, 3, 1
2867611, 1, 0
2867622, 2, 1
2867625, 3, 0
2867861, 1, 1
2867872, 2, 1
2867875, 3, 0
2868111, 1, 0
2868122, 2, 0
2868125, 3, 1
2868361, 1, 0
2868372, 2, bit 1
2868372, 2, 0
2868375, 3, 0
2868611, 1, 1
2868622, 2, 1
2868625, 3, 1
2868861, 1, 0
2868872, 2, 0
2868875, 3, 0
2869111, 1, 1
2869122, 2, 1
2869125, 3, 1
2869361, 1, bit 1
2869361, 1, 0
2869372, 2, 0
2869376, 3, 0
2869611, 1, 1
2869622, 2, 1
2869626, 3, 1
2869861, 1, 1
2869872, 2, 0
2869876, 3, 0
2870111, 1, 0
2870122, 2, 1
2870126, 3, 1
2870361, 1, 1
2870372, 2, 1
2870376, 3, bit 1
2870376, 3, 1
2870611, 1, 0
2870622, 2, 0
2870626, 3, 0
2870861, 1, 1
2870872, 2, 0
2870876, 3, 1
2871111, 1, 0
2871122, 2, 1
2871126, 3, 0
2871361, 1, 1
2871372, 2, 1
2871376, 3, 0
2871611, 1, 0
2871622, 2, 0
2871626, 3, 1
2871861, 1, 0
2871872, 2, bit 0
2871872, 2, 1
2871876, 3, 0
2872111, 1, 1
2872122, 2, 0
2872126, 3, 1
2872361, 1, 0
2872372, 2, 1
2872376, 3, 0
2872611, 1, 1
2872622, 2, 0
2872626, 3, 1
2872861, 1, bit 0
2872861, 1, 1
2872872, 2, 1
2872876, 3, 0
2873111, 1, 0
2873122, 2, 0
2873126, 3, 1
2873361, 1, 0
2873372, 2, 1
2873376, 3, 0
2873611, 1, 1
2873622, 2, 0
2873626, 3, 1
2873861, 1, 0
2873872, 2, 0
2873876, 3, bit 1
2873879, 3, 1
2874112, 1, 1
2874122, 2, 1
2874126, 3, 0
2874362, 1, 0
2874372, 2, 1
2874376, 3, 1
2874612, 1, 1
2874622, 2, 0
2874626, 3, 0
2874862, 1, 0
2874872, 2, 0
2874876, 3, 0
2875112, 1, 1
2875122, 2, 1
2875126, 3, 1
2875362, 1, 1
2875372, 2, bit 0
2875372, 2, 1
2875376, 3, 0
2875612, 1, 0
2875622, 2, 0
2875626, 3, 1
2875862, 1, 1
2875872, 2, 1
2875876, 3, 0
2876112, 1, 0
2876122, 2, 0
2876126, 3, 1
2876362, 1, bit 0
2876362, 1, 1
2876372, 2, 1
2876376, 3, 0
2876612, 1, 0
2876622, 2, 0
2876626, 3, 1
2876862, 1, 0
2876872, 2, 1
2876876, 3, 0
2877112, 1, 1
2877122, 2, 0
2877126, 3, 1
2877362, 1, 0
2877372, 2, 0
2877376, 3, bit 1
2877376, 3, 1
2877612, 1, 1
2877622, 2, 1
2877626, 3, 0
2877862, 1, 0
2877872, 2, 1
2877876, 3, 1
2878112, 1, 1
2878123, 2, 0
2878126, 3, 0
2878362, 1, 0
2878373, 2, 0
2878376, 3, 0
2878612, 1, 1
2878623, 2, 1
2878626, 3, 1
2878862, 1, 1
2878873, 2, bit 0
2878873, 2, 1
2878876, 3, 0
2879112, 1, 0
2879123, 2, 0
2879126, 3, 1
2879362, 1, 1
2879373, 2, 1
2879376, 3, 0
2879612, 1, 0
2879623, 2, 0
2879626, 3, 1
2879862, 1, bit 1
2879862, 1, 0
2879873, 2, 1
2879876, 3, 0
2880112, 1, 1
2880123, 2, 0
2880126, 3, 1
2880362, 1, 1
2880373, 2, 1
2880376, 3, 0
2880612, 1, 0
2880623, 2, 0
2880626, 3, 1
2880862, 1, 1
2880873, 2, 0
2880876, 3, bit 1
2880876, 3, 1
2881112, 1, 0
2881123, 2, 1
2881126, 3, 0
2881362, 1, 1
2881373, 2, 1
2881376, 3, 1
2881612, 1, 0
2881623, 2, 0
2881626, 3, 0
2881862, 1, 1
2881873, 2, 0
2881876, 3, 0
2882112, 1, 0
2882123, 2, 1
2882126, 3, 1
2882362, 1, 0
2882373, 2, bit 1
2882373, 2, 0
2882376, 3, 0
2882612, 1, 1
2882623, 2, 1
2882626, 3, 1
2882862, 1, 0
2882873, 2, 0
2882876, 3, 0
2883112, 1, 1
2883123, 2, 1
2883126, 3, 1
2883362, 1, bit 0
2883362, 1, 1
2883373, 2, 0
2883376, 3, 0
2883612, 1, 0
2883623, 2, 1
2883627, 3, 1
2883862, 1, 0
2883873, 2, 0
2883877, 3, 0
2884112, 1, 1
2884123, 2, 1
2884127, 3, 1
2884362, 1, 0
2884373, 2, 1
2884377, 3, bit 0
2884377, 3, 0
2884612, 1, 1
2884623, 2, 0
2884627, 3, 1
2884862, 1, 0
2884873, 2, 0
2884877, 3, 0
2885112, 1, 1
2885123, 2, 1
2885127, 3, 1
2885362, 1, 0
2885373, 2, 1
2885377, 3, 1
2885612, 1, 1
2885623, 2, 0
2885627, 3, 0
2885862, 1, 1
2885873, 2, bit 1
2885873, 2, 0
2885877, 3, 1
2886112, 1, 0
2886123, 2, 1
2886127, 3, 0
2886362, 1, 1
2886373, 2, 0
2886377, 3, 1
2886612, 1, 0
2886623, 2, 1
2886627, 3, 0
2886862, 1, bit 1
2886862, 1, 0
2886873, 2, 0
2886877, 3, 1
2887112, 1, 1
2887123, 2, 1
2887127, 3, 0
2887362, 1, 1
2887373, 2, 0
2887377, 3, 1
2887612, 1, 0
2887623, 2, 1
2887627, 3, 0
2887862, 1, 1
2887873, 2, 1
2887877, 3, bit 1
2887877, 3, 1
2888112, 1, 0
2888123, 2, 0
2888127, 3, 0
2888363, 1, 1
2888373, 2, 0
2888377, 3, 1
2888613, 1, 0
2888623, 2, 1
2888627, 3, 0
2888863, 1, 1
2888873, 2, 1
2888877, 3, 0
2889113, 1, 0
2889123, 2, 0
2889127, 3, 1
2889363, 1, 0
2889373, 2, bit 0
2889373, 2, 1
2889377, 3, 0
2889613, 1, 1
2889623, 2, 0
2889627, 3, 1
2889863, 1, 0
2889873, 2, 1
2889877, 3, 0
2890113, 1, 1
2890123, 2, 0
2890127, 3, 1
2890363, 1, bit 1
2890363, 1, 0
2890373, 2, 1
2890377, 3, 0
2890613, 1, 1
2890624, 2, 0
2890627, 3, 1
2890863, 1, 1
2890874, 2, 1
2890877, 3, 0
2891113, 1, 0
2891124, 2, 0
2891127, 3, 1
2891363, 1, 1
2891374, 2, 0
2891377, 3, bit 0
2891377, 3, 0
2891613, 1, 0
2891624, 2, 1
2891627, 3, 1
2891863, 1, 1
2891874, 2, 1
2891877, 3, 0
2892113, 1, 0
2892124, 2, 0
2892127, 3, 1
2892363, 1, 1
2892374, 2, 0
2892377, 3, 1
2892613, 1, 0
2892624, 2, 1
2892627, 3, 0
2892863, 1, 0
2892874, 2, bit 1
2892874, 2, 0
2892877, 3, 1
2893113, 1, 1
2893124, 2, 1
2893127, 3, 0
2893363, 1, 0
2893374, 2, 0
2893377, 3, 1
2893613, 1, 1
2893624, 2, 1
2893627, 3, 0
2893863, 1, bit 1
2893863, 1, 0
2893874, 2, 0
2893877, 3, 1
2894113, 1, 1
2894124, 2, 1
2894127, 3, 0
2894363, 1, 1
2894374, 2, 0
2894377, 3, 1
2894613, 1, 0
2894624, 2, 1
2894627, 3, 0
2894863, 1, 1
2894874, 2, 1
2894877, 3, bit 1
2894877, 3, 1
2895113, 1, 0
2895124, 2, 0
2895127, 3, 0
2895363, 1, 1
2895374, 2, 0
2895377, 3, 1
2895613, 1, 0
2895624, 2, 1
2895627, 3, 0
2895863, 1, 1
2895874, 2, 1
2895877, 3, 0
2896113, 1, 0
2896124, 2, 0
2896128, 3, 1
2896363, 1, 0
2896374, 2, bit 0
2896374, 2, 1
2896378, 3, 0
2896613, 1, 1
2896624, 2, 0
2896628, 3, 1
2896863, 1, 0
2896874, 2, 1
2896878, 3, 0
2897113, 1, 1
2897124, 2, 0
2897128, 3, 1
2897363, 1, bit 1
2897363, 1, 0
2897374, 2, 1
2897378, 3, 0
2897613, 1, 1
2897624, 2, 0
2897628, 3, 1
2897863, 1, 1
2897874, 2, 1
2897878, 3, 0
2898113, 1, 0
2898124, 2, 0
2898128, 3, 1
2898363, 1, 1
2898374, 2, 0
2898378, 3, bit 0
2898378, 3, 0
2898613, 1, 0
2898624, 2, 1
2898628, 3, 1
2898863, 1, 1
2898874, 2, 1
2898878, 3, 0
2899113, 1, 0
2899124, 2, 0
2899128, 3, 1
2899363, 1, 1
2899374, 2, 0
2899378, 3, 1
2899613, 1, 0
2899624, 2, 1
2899628, 3, 0
2899863, 1, 0
2899874, 2, bit 1
2899874, 2, 0
2899878, 3, 1
2900113, 1, 1
2900124, 2, 1
2900128, 3, 0
2900363, 1, 0
2900374, 2, 0
2900378, 3, 1
2900613, 1, 1
2900624, 2, 1
2900628, 3, 0
2900864, 1, bit 0
2900864, 1, 1
2900874, 2, 0
2900878, 3, 1
2901114, 1, 0
2901124, 2, 1
2901128, 3, 0
2901364, 1, 0
2901374, 2, 0
2901378, 3, 1
2901614, 1, 1
2901624, 2, 1
2901628, 3, 0
2901864, 1, 0
2901874, 2, 1
2901878, 3, bit 1
2901878, 3, 1
2902114, 1, 1
2902124, 2, 0
2902128, 3, 0
2902364, 1, 0
2902374, 2, 0
2902378, 3, 1
2902614, 1, 1
2902624, 2, 1
2902628, 3, 0
2902864, 1, 0
2902874, 2, 1
2902878, 3, 0
2903114, 1, 1
2903124, 2, 0
2903128, 3, 1
2903364, 1, 1
2903374, 2, bit 0
2903374, 2, 1
2903378, 3, 0
2903614, 1, 0
2903624, 2, 0
2903628, 3, 1
2903864, 1, 1
2903874, 2, 1
2903878, 3, 0
2904114, 1, 0
2904124, 2, 0
2904128, 3, 1
2904364, 1, bit 0
2904364, 1, 1
2904374, 2, 1
2904378, 3, 0
2904614, 1, 0
2904624, 2, 0
2904628, 3, 1
2904864, 1, 0
2904875, 2, 1
2904878, 3, 0
2905114, 1, 1
2905125, 2, 0
2905128, 3, 1
2905364, 1, 0
2905375, 2, 0
2905378, 3, bit 1
2905378, 3, 1
2905614, 1, 1
2905625, 2, 1
2905628, 3, 0
2905864, 1, 0
2905875, 2, 1
2905878, 3, 1
2906114, 1, 1
2906125, 2, 0
2906128, 3, 0
2906364, 1, 0
2906375, 2, 0
2906378, 3, 0
2906614, 1, 1
2906625, 2, 1
2906628, 3, 1
2906864, 1, 1
2906875, 2, bit 0
2906875, 2, 1
2906878, 3, 0
2907114, 1, 0
2907125, 2, 0
2907128, 3, 1
2907364, 1, 1
2907375, 2, 1
2907378, 3, 0
2907614, 1, 0
2907625, 2, 0
2907628, 3, 1
2907864, 1, bit 0
2907867, 1, 1
2907875, 2, 1
2907878, 3, 0
2908114, 1, 0
2908125, 2, 0
2908128, 3, 1
2908364, 1, 0
2908375, 2, 1
2908378, 3, 0
2908614, 1, 1
2908625, 2, 0
2908628, 3, 1
2908864, 1, 0
2908875, 2, 0
2908878, 3, bit 0
2908878, 3, 0
2909114, 1, 1
2909125, 2, 1
2909128, 3, 1
2909364, 1, 0
2909375, 2, 1
2909378, 3, 0
2909614, 1, 1
2909625, 2, 0
2909628, 3, 1
2909864, 1, 0
2909875, 2, 0
2909878, 3, 1
2910114, 1, 1
2910125, 2, 1
2910128, 3, 0
2910364, 1, 1
2910375, 2, bit 0
2910375, 2, 1
2910379, 3, 1
2910614, 1, 0
2910625, 2, 0
2910629, 3, 0
2910864, 1, 1
2910875, 2, 1
2910879, 3, 1
2911114, 1, 0
2911125, 2, 0
2911129, 3, 0
2911375, 2, 1
2911379, 3, 1
2911625, 2, 0
2911629, 3, 0
2911875, 2, 1
2911879, 3, 1
2912125, 2, 0
2912129, 3, 0
2912375, 2, 0
2912379, 3, bit 1
2912379, 3, 1
2912625, 2, 1
2912629, 3, 0
2912875, 2, 1
2912879, 3, 1
2913125, 2, 0
2913129, 3, 0
2913375, 2, 0
2913379, 3, 0
2913625, 2, 1
2913629, 3, 1
2913875, 2, bit 0
2913875, 2, 1
2913879, 3, 0
2914125, 2, 0
2914129, 3, 1
2914375, 2, 1
2914379, 3, 0
2914625, 2, 0
2914629, 3, 1
2914875, 2, 1
2914879, 3, 0
2915125, 2, 0
2915129, 3, 1
2915375, 2, 1
2915379, 3, 0
2915625, 2, 0
2915629, 3, 1
2915875, 2, 0
2915879, 3, bit 1
2915879, 3, 1
2916125, 2, 1
2916129, 3, 0
2916375, 2, 1
2916379, 3, 1
2916625, 2, 0
2916629, 3, 0
2916875, 2, 0
2916879, 3, 0
2917125, 2, 1
2917129, 3, 1
2917376, 2, bit 1
2917376, 2, 0
2917379, 3, 0
2917626, 2, 1
2917629, 3, 1
2917876, 2, 0
2917879, 3, 0
2918126, 2, 1
2918129, 3, 1
2918376, 2, 0
2918379, 3, 0
2918626, 2, 1
2918629, 3, 1
2918876, 2, 0
2918879, 3, 0
2919126, 2, 1
2919129, 3, 1
2919376, 2, 1
2919379, 3, bit 1
2919379, 3, 1
2919626, 2, 0
2919629, 3, 0
2919876, 2, 0
2919879, 3, 1
2920126, 2, 1
2920129, 3, 0
2920376, 2, 1
2920379, 3, 0
2920626, 2, 0
2920629, 3, 1
2920876, 2, bit 1
2920876, 2, 0
2920879, 3, 0
2921126, 2, 1
2921129, 3, 1
2921376, 2, 0
2921379, 3, 0
2921626, 2, 1
2921629, 3, 1
2921876, 2, 0
2921879, 3, 0
2922126, 2, 1
2922129, 3, 1
2922376, 2, 0
2922379, 3, 0
2922626, 2, 1
2922629, 3, 1
2922876, 2, 1
2922880, 3, bit 1
2922880, 3, 1
2923126, 2, 0
2923130, 3, 0
2923376, 2, 0
2923380, 3, 1
2923626, 2, 1
2923630, 3, 0
2923876, 2, 1
2923880, 3, 0
2924126, 2, 0
2924130, 3, 1
2924376, 2, bit 1
2924376, 2, 0
2924380, 3, 0
2924626, 2, 1
2924630, 3, 1
2924876, 2, 0
2924880, 3, 0
2925126, 2, 1
2925130, 3, 1
2925376, 2, 0
2925380, 3, 0
2925626, 2, 1
2925630, 3, 1
2925876, 2, 0
2925880, 3, 0
2926126, 2, 1
2926130, 3, 1
2926376, 2, 1
2926380, 3, bit 0
2926380, 3, 0
2926626, 2, 0
2926630, 3, 1
2926876, 2, 0
2926880, 3, 0
2927126, 2, 1
2927130, 3, 1
2927376, 2, 1
2927380, 3, 1
2927626, 2, 0
2927630, 3, 0
2927876, 2, bit 1
2927876, 2, 0
2927880, 3, 1
2928126, 2, 1
2928130, 3, 0
2928376, 2, 0
2928380, 3, 1
2928626, 2, 1
2928630, 3, 0
2928876, 2, 0
2928880, 3, 1
2929126, 2, 1
2929130, 3, 0
2929376, 2, 0
2929380, 3, 1
2929626, 2, 1
2929630, 3, 0
2929876, 2, 1
2929880, 3, bit 0
2929880, 3, 0
2930126, 2, 0
2930130, 3, 1
2930376, 2, 0
2930380, 3, 0
2930626, 2, 1
2930630, 3, 1
2930876, 2, 1
2930880, 3, 1
2931126, 2, 0
2931130, 3, 0
2931376, 2, bit 1
2931376, 2, 0
2931380, 3, 1
2931627, 2, 1
2931630, 3, 0
2931877, 2, 0
2931880, 3, 1
2932127, 2, 1
2932130, 3, 0
2932377, 2, 0
2932380, 3, 1
2932627, 2, 1
2932630, 3, 0
2932877, 2, 0
2932880, 3, 1
2933127, 2, 1
2933130, 3, 0
2933377, 2, 1
2933380, 3, bit 1
2933380, 3, 1
2933627, 2, 0
2933630, 3, 0
2933877, 2, 0
2933880, 3, 1
2934127, 2, 1
2934130, 3, 0
2934377, 2, 1
2934380, 3, 0
2934627, 2, 0
2934630, 3, 1
2934877, 2, bit 0
2934877, 2, 1
2934880, 3, 0
2935127, 2, 0
2935130, 3, 1
2935377, 2, 1
2935380, 3, 0
2935627, 2, 0
2935630, 3, 1
2935877, 2, 1
2935880, 3, 0
2936127, 2, 0
2936130, 3, 1
2936377, 2, 1
2936380, 3, 0
2936627, 2, 0
2936630, 3, 1
2936877, 2, 0
2936880, 3, bit 0
2936880, 3, 0
2937127, 2, 1
2937131, 3, 1
2937377, 2, 1
2937381, 3, 0
2937627, 2, 0
2937631, 3, 1
2937877, 2, 0
2937881, 3, 1
2938127, 2, 1
2938131, 3, 0
2938377, 2, bit 0
2938377, 2, 1
2938381, 3, 1
2938627, 2, 0
2938631, 3, 0
2938877, 2, 1
2938881, 3, 1
2939127, 2, 0
2939131, 3, 0
2939377, 2, 1
2939381, 3, 1
2939627, 2, 0
2939631, 3, 0
2939877, 2, 1
2939881, 3, 1
2940127, 2, 0
2940131, 3, 0
2940377, 2, 0
2940381, 3, bit 0
2940381, 3, 0
2940627, 2, 1
2940631, 3, 1
2940877, 2, 1
2940881, 3, 0
2941127, 2, 0
2941131, 3, 1
2941377, 2, 0
2941381, 3, 1
2941627, 2, 1
2941631, 3, 0
2941877, 2, bit 1
2941877, 2, 0
2941881, 3, 1
2942127, 2, 1
2942131, 3, 0
2942377, 2, 0
2942381, 3, 1
2942627, 2, 1
2942631, 3, 0
2942877, 2, 0
2942881, 3, 1
2943127, 2, 1
2943131, 3, 0
2943377, 2, 0
2943381, 3, 1
2943627, 2, 1
2943631, 3, 0
2943877, 2, 1
2943881, 3, bit 0
2943881, 3, 0
2944128, 2, 0
2944131, 3, 1
2944378, 2, 0
2944381, 3, 0
2944628, 2, 1
2944631, 3, 1
2944878, 2, 1
2944881, 3, 1
2945128, 2, 0
2945131, 3, 0
2945378, 2, bit 1
2945388, 2, 0
2945389, 3, 1
2945628, 2, 1
2945639, 3, 0
2945878, 2, 0
2945889, 3, 1
2946128, 2, 1
2946139, 3, 0
2946378, 2, 0
2946390, 3, 1
2946628, 2, 1
2946640, 3, 0
2946878, 2, 0
2946890, 3, 1
2947128, 2, 1
2947140, 3, 0
2947378, 2, 1
2947390, 3, bit 0
2947390, 3, 0
2947628, 2, 0
2947640, 3, 1
2947878, 2, 0
2947890, 3, 0
2948128, 2, 1
2948140, 3, 1
2948378, 2, 1
2948390, 3, 1
2948628, 2, 0
2948640, 3, 0
2948878, 2, bit 0
2948878, 2, 1
2948890, 3, 1
2949128, 2, 0
2949140, 3, 0
2949378, 2, 1
2949390, 3, 1
2949628, 2, 0
2949640, 3, 0
2949878, 2, 1
2949890, 3, 1
2950128, 2, 0
2950140, 3, 0
2950378, 2, 1
2950390, 3, 1
2950628, 2, 0
2950640, 3, 0
2950878, 2, 0
2950890, 3, bit 0
2950890, 3, 0
2951128, 2, 1
2951140, 3, 1
2951378, 2, 1
2951390, 3, 0
2951628, 2, 0
2951640, 3, 1
2951878, 2, 0
2951890, 3, 1
2952128, 2, 1
2952140, 3, 0
2952378, 2, bit 0
2952378, 2, 1
2952390, 3, 1
2952628, 2, 0
2952640, 3, 0
2952878, 2, 1
2952890, 3, 1
2953128, 2, 0
2953140, 3, 0
2953378, 2, 1
2953390, 3, 1
2953628, 2, 0
2953640, 3, 0
2953878, 2, 1
2953890, 3, 1
2954128, 2, 0
2954140, 3, 0
2954378, 2, 0
2954390, 3, bit 0
2954390, 3, 0
2954628, 2, 1
2954640, 3, 1
2954878, 2, 1
2954890, 3, 0
2955128, 2, 0
2955140, 3, 1
2955378, 2, 0
2955390, 3, 1
2955628, 2, 1
2955640, 3, 0
2955878, 2, bit 0
2955878, 2, 1
2955890, 3, 1
2956128, 2, 0
2956140, 3, 0
2956378, 2, 1
2956390, 3, 1
2956628, 2, 0
2956640, 3, 0
2956878, 2, 1
2956890, 3, 1
2957128, 2, 0
2957140, 3, 0
2957378, 2, 1
2957390, 3, 1
2957628, 2, 0
2957640, 3, 0
2957878, 2, 0
2957890, 3, bit 1
2957890, 3, 1
2958128, 2, 1
2958140, 3, 0
2958379, 2, 1
2958390, 3, 1
2958629, 2, 0
2958640, 3, 0
2958879, 2, 0
2958891, 3, 0
2959129, 2, 1
2959141, 3, 1
2959379, 2, bit 0
2959379, 2, 1
2959391, 3, 0
2959629, 2, 0
2959641, 3, 1
2959879, 2, 1
2959891, 3, 0
2960129, 2, 0
2960141, 3, 1
2960379, 2, 1
2960391, 3, 0
2960629, 2, 0
2960641, 3, 1
2960879, 2, 1
2960891, 3, 0
2961129, 2, 0
2961141, 3, 1
2961379, 2, 0
2961391, 3, bit 0
2961391, 3, 0
2961629, 2, 1
2961641, 3, 1
2961879, 2, 1
2961891, 3, 0
2962129, 2, 0
2962141, 3, 1
2962379, 2, 0
2962391, 3, 1
2962629, 2, 1
2962641, 3, 0
2962879, 2, bit 1
2962879, 2, 0
2962891, 3, 1
2963129, 2, 1
2963141, 3, 0
2963379, 2, 0
2963391, 3, 1
2963629, 2, 1
2963641, 3, 0
2963879, 2, 0
2963891, 3, 1
2964129, 2, 1
2964141, 3, 0
2964379, 2, 0
2964391, 3, 1
2964629, 2, 1
2964641, 3, 0
2964879, 2, 1
2964891, 3, bit 0
2964894, 3, 0
2965129, 2, 0
2965141, 3, 1
2965379, 2, 0
2965391, 3, 0
2965629, 2, 1
2965641, 3, 1
2965879, 2, 1
2965891, 3, 1
2966129, 2, 0
2966141, 3, 0
2966379, 2, bit 0
2966379, 2, 1
2966391, 3, 1
2966629, 2, 0
2966641, 3, 0
2966879, 2, 1
2966891, 3, 1
2967129, 2, 0
2967141, 3, 0
2967379, 2, 1
2967391, 3, 1
2967629, 2, 0
2967641, 3, 0
2967879, 2, 1
2967891, 3, 1
2968129, 2, 0
2968141, 3, 0
2968379, 2, 0
2968391, 3, bit 0
2968391, 3, 0
2968629, 2, 1
2968641, 3, 1
2968879, 2, 1
2968891, 3, 0
2969129, 2, 0
2969141, 3, 1
2969379, 2, 0
2969391, 3, 1
2969629, 2, 1
2969641, 3, 0
2969879, 2, bit 0
2969879, 2, 1
2969891, 3, 1
2970129, 2, 0
2970141, 3, 0
2970379, 2, 1
2970391, 3, 1
2970629, 2, 0
2970641, 3, 0
2970880, 2, 1
2970891, 3, 1
2971130, 2, 0
2971141, 3, 0
2971380, 2, 1
2971392, 3, 1
2971630, 2, 0
2971642, 3, 0
2971880, 2, 0
2971892, 3, bit 0
2971892, 3, 0
2972130, 2, 1
2972142, 3, 1
2972380, 2, 1
2972392, 3, 0
2972630, 2, 0
2972642, 3, 1
2972880, 2, 0
2972892, 3, 1
2973130, 2, 1
2973142, 3, 0
2973392, 3, 1
2973642, 3, 0
2973892, 3, 1
2974142, 3, 0
2974392, 3, 1
2974642, 3, 0
2974892, 3, 1
2975142, 3, 0
2975392, 3, bit 1
2975392, 3, 1
2975642, 3, 0
2975892, 3, 1
2976142, 3, 0
2976392, 3, 0
2976642, 3, 1
2976892, 3, 0
2977142, 3, 1
2977392, 3, 0
2977642, 3, 1
2977892, 3, 0
2978142, 3, 1
2978392, 3, 0
2978642, 3, 1
2978892, 3, bit 1
2978892, 3, 1
2979142, 3, 0
2979392, 3, 1
2979642, 3, 0
2979892, 3, 0
2980142, 3, 1
2980392, 3, 0
2980642, 3, 1
2980892, 3, 0
2981142, 3, 1
2981392, 3, 0
2981642, 3, 1
2981892, 3, 0
2982142, 3, 1
2982392, 3, bit 1
2982392, 3, 1
2982642, 3, 0
2982892, 3, 1
2983142, 3, 0
2983392, 3, 0
2983642, 3, 1
2983892, 3, 0
2984142, 3, 1
2984392, 3, 0
2984642, 3, 1
2984892, 3, 0
2985142, 3, 1
2985392, 3, 0
2985643, 3, 1
2985893, 3, bit 1
2985893, 3, 1
2986143, 3, 0
2986393, 3, 1
2986643, 3, 0
2986893, 3, 0
2987143, 3, 1
2987393, 3, 0
2987643, 3, 1
2987893, 3, 0
2988143, 3, 1
2988393, 3, 0
2988643, 3, 1
2988893, 3, 0
2989143, 3, 1
2989393, 3, bit 0
2989393, 3, 0
2989643, 3, 1
2989893, 3, 0
2990143, 3, 1
2990393, 3, 1
2990643, 3, 0
2990893, 3, 1
2991143, 3, 0
2991393, 3, 1
2991643, 3, 0
2991893, 3, 1
2992143, 3, 0
2992393, 3, 1
2992643, 3, 0
2992893, 3, bit 1
2992893, 3, 1
2993143, 3, 0
2993393, 3, 1
2993643, 3, 0
2993893, 3, 0
2994143, 3, 1
2994393, 3, 0
2994643, 3, 1
2994893, 3, 0
2995143, 3, 1
2995393, 3, 0
2995643, 3, 1
2995893, 3, 0
2996143, 3, 1
2996393, 3, bit 1
2996393, 3, 1
2996643, 3, 0
2996893, 3, 1
2997143, 3, 0
2997393, 3, 0
2997643, 3, 1
2997893, 3, 0
2998144, 3, 1
2998394, 3, 0
2998644, 3, 1
2998894, 3, 0
2999144, 3, 1
2999394, 3, 0
2999644, 3, 1
2999894, 3, bit 0
2999894, 3, 0
3000144, 3, 1
3000394, 3, 0
3000644, 3, 1
3000894, 3, 1
3001144, 3, 0
3001394, 3, 1
3001644, 3, 0
3001894, 3, 1
3002144, 3, 0
3002394, 3, 1
3002644, 3, 0
3002894, 3, 1
3003144, 3, 0
3003394, 3, bit 0
3003394, 3, 0
3003644, 3, 1
3003894, 3, 0
3004144, 3, 1
3004394, 3, 1
3004644, 3, 0
3004894, 3, 1
3005144, 3, 0
3005394, 3, 1
3005644, 3, 0
3005894, 3, 1
3006144, 3, 0
3006394, 3, 1
3006644, 3, 0
3006894, 3, bit 0
3006894, 3, 0
3007144, 3, 1
3007394, 3, 0
3007644, 3, 1
3007894, 3, 1
3008144, 3, 0
3008394, 3, 1
3008644, 3, 0
3008894, 3, 1
3009144, 3, 0
3009394, 3, 1
3009644, 3, 0
3009894, 3, 1
3010144, 3, 0
3010394, 3, bit 1
3010394, 3, 1
3010644, 3, 0
3010894, 3, 1
3011144, 3, 0
3011394, 3, 0
3011644, 3, 1
3011894, 3, 0
3012144, 3, 1
3012395, 3, 0
3012645, 3, 1
3012895, 3, 0
3013145, 3, 1
3013395, 3, 0
3013645, 3, 1
3013895, 3, bit 1
3013895, 3, 1
3014145, 3, 0
3014395, 3, 1
3014645, 3, 0
3014895, 3, 0
3015145, 3, 1
3015395, 3, 0
3015645, 3, 1
3015895, 3, 0
3016145, 3, 1
3016395, 3, 0
3016645, 3, 1
3016895, 3, 0
3017145, 3, 1
3017395, 3, bit 0
3017395, 3, 0
3017645, 3, 1
3017895, 3, 0
3018145, 3, 1
3018395, 3, 1
3018645, 3, 0
3018895, 3, 1
3019145, 3, 0
3019395, 3, 1
3019645, 3, 0
3019895, 3, 1
3020145, 3, 0
3020395, 3, 1
3020645, 3, 0
3020895, 3, bit 0
3020895, 3, 0
3021145, 3, 1
3021395, 3, 0
3021645, 3, 1
3021895, 3, 1
3022145, 3, 0
3022395, 3, 1
3022645, 3, 0
3022895, 3, 1
3023145, 3, 0
3023395, 3, 1
3023645, 3, 0
3023895, 3, 1
3024145, 3, 0
3024395, 3, bit 1
3024395, 3, 1
3024645, 3, 0
3024896, 3, 1
3025146, 3, 0
3025396, 3, 0
3025646, 3, 1
3025896, 3, 0
3026146, 3, 1
3026396, 3, 0
3026646, 3, 1
3026896, 3, 0
3027146, 3, 1
3027396, 3, 0
3027646, 3, 1
3027896, 3, bit 0
3027896, 3, 0
3028146, 3, 1
3028396, 3, 0
3028646, 3, 1
3028896, 3, 1
3029146, 3, 0
3029396, 3, 1
3029646, 3, 0
3029896, 3, 1
3030146, 3, 0
3030396, 3, 1
3030646, 3, 0
3030896, 3, 1
3031146, 3, 0
