250 100 4 7 16
(2, 20, 12, 10.00), (code 1)
(3, 258, 11, 10.00), (code 3)
(4, 496, 1, 10.00), (code 6)
(5, 734, 13, 10.00), (code 4)
START
2451817, 0, prem 1
2451817, 0, 1
2452067, 0, 1
2452317, 0, 1
2452567, 0, 1
2452817, 0, 1
2453067, 0, 1
2453317, 0, 1
2453567, 0, 1
2453817, 0, 1
2454067, 0, 1
2454317, 0, 1
2454567, 0, 1
2454817, 0, 1
2455067, 0, 1
2455317, 0, 1
2455567, 0, 1
2455817, 0, 0
2456067, 0, 0
2456317, 0, 0
2456567, 0, 0
2456817, 0, 0
2457067, 0, 0
2457317, 0, 0
2457567, 0, 0
2457817, 0, 0
2458067, 0, 0
2458317, 0, 0
2458567, 0, 0
2458817, 0, 0
2459067, 0, 0
2459317, 0, 0
2459567, 0, 0
2459817, 0, prem 1
2459817, 0, 1
2460067, 0, 1
2460317, 0, 1
2460567, 0, 1
2460817, 0, 1
2461067, 0, 1
2461317, 0, 1
2461568, 0, 1
2461818, 0, 1
2462068, 0, 1
2462318, 0, 1
2462568, 0, 1
2462818, 0, 1
2463068, 0, 1
2463318, 0, 1
2463568, 0, 1
2463818, 0, 0
2464068, 0, 0
2464318, 0, 0
2464568, 0, 0
2464818, 0, 0
2465068, 0, 0
2465318, 0, 0
2465568, 0, 0
2465818, 0, 0
2466068, 0, 0
2466318, 0, 0
2466568, 0, 0
2466818, 0, 0
2467068, 0, 0
2467318, 0, 0
2467568, 0, 0
2467818, 0, prem 0
2467818, 0, 0
2468068, 0, 0
2468318, 0, 0
2468568, 0, 0
2468818, 0, 0
2469068, 0, 0
2469318, 0, 0
2469568, 0, 0
2469818, 0, 0
2470068, 0, 0
2470318, 0, 0
2470568, 0, 0
2470818, 0, 0
2471068, 0, 0
2471318, 0, 0
2471568, 0, 0
2471818, 0, 1
2472068, 0, 1
2472318, 0, 1
2472568, 0, 1
2472818, 0, 1
2473068, 0, 1
2473318, 0, 1
2473568, 0, 1
2473818, 0, 1
2474068, 0, 1
2474318, 0, 1
2474568, 0, 1
2474818, 0, 1
2475068, 0, 1
2475318, 0, 1
2475568, 0, 1
2475819, 0, prem 0
2475819, 0, 0
2476069, 0, 0
2476319, 0, 0
2476569, 0, 0
2476819, 0, 0
2477069, 0, 0
2477319, 0, 0
2477569, 0, 0
2477819, 0, 0
2478069, 0, 0
2478319, 0, 0
2478569, 0, 0
2478819, 0, 0
2479069, 0, 0
2479319, 0, 0
2479569, 0, 0
2479819, 0, 1
2480069, 0, 1
2480319, 0, 1
2480569, 0, 1
2480819, 0, 1
2481069, 0, 1
2481319, 0, 1
2481569, 0, 1
2481819, 0, 1
2482069, 0, 1
2482319, 0, 1
2482569, 0, 1
2482819, 0, 1
2483069, 0, 1
2483319, 0, 1
2483569, 0, 1
2483819, 0, prem 0
2483819, 0, 0
2484069, 0, 0
2484319, 0, 0
2484569, 0, 0
2484819, 0, 0
2485069, 0, 0
2485319, 0, 0
2485569, 0, 0
2485819, 0, 0
2486069, 0, 0
2486319, 0, 0
2486569, 0, 0
2486819, 0, 0
2487069, 0, 0
2487319, 0, 0
2487569, 0, 0
2487819, 0, 1
2488069, 0, 1
2488320, 0, 1
2488570, 0, 1
2488820, 0, 1
2489070, 0, 1
2489320, 0, 1
2489570, 0, 1
2489820, 0, 1
2490070, 0, 1
2490320, 0, 1
2490570, 0, 1
2490820, 0, 1
2491070, 0, 1
2491320, 0, 1
2491570, 0, 1
2491820, 0, prem 0
2491820, 0, 0
2492070, 0, 0
2492320, 0, 0
2492570, 0, 0
2492820, 0, 0
2493070, 0, 0
2493320, 0, 0
2493570, 0, 0
2493820, 0, 0
2494070, 0, 0
2494320, 0, 0
2494570, 0, 0
2494820, 0, 0
2495070, 0, 0
2495320, 0, 0
2495570, 0, 0
2495820, 0, 1
2496070, 0, 1
2496320, 0, 1
2496570, 0, 1
2496820, 0, 1
2497070, 0, 1
2497320, 0, 1
2497570, 0, 1
2497820, 0, 1
2498070, 0, 1
2498320, 0, 1
2498570, 0, 1
2498820, 0, 1
2499070, 0, 1
2499320, 0, 1
2499570, 0, 1
2499820, 0, prem 0
2499820, 0, 0
2500070, 0, 0
2500320, 0, 0
2500570, 0, 0
2500820, 0, 0
2501070, 0, 0
2501320, 0, 0
2501570, 0, 0
2501820, 0, 0
2502070, 0, 0
2502320, 0, 0
2502571, 0, 0
2502821, 0, 0
2503071, 0, 0
2503321, 0, 0
2503571, 0, 0
2503821, 0, 1
2504071, 0, 1
2504321, 0, 1
2504571, 0, 1
2504821, 0, 1
2505071, 0, 1
2505321, 0, 1
2505571, 0, 1
2505821, 0, 1
2506071, 0, 1
2506321, 0, 1
2506571, 0, 1
2506821, 0, 1
2507071, 0, 1
2507321, 0, 1
2507571, 0, 1
2507821, 0, bit 1
2507821, 0, 1
2508071, 0, 0
2508321, 0, 1
2508571, 0, 0
2508821, 0, 0
2509071, 0, 1
2509321, 0, 0
2509571, 0, 1
2509821, 0, 0
2510071, 0, 1
2510321, 0, 0
2510571, 0, 1
2510821, 0, 0
2511071, 0, 1
2511075, 1, prem 1
2511075, 1, 1
2511321, 0, bit 1
2511321, 0, 1
2511325, 1, 1
2511571, 0, 0
2511575, 1, 1
2511821, 0, 1
2511825, 1, 1
2512071, 0, 0
2512075, 1, 1
2512321, 0, 0
2512325, 1, 1
2512571, 0, 1
2512575, 1, 1
2512821, 0, 0
2512825, 1, 1
2513071, 0, 1
2513075, 1, 1
2513321, 0, 0
2513325, 1, 1
2513571, 0, 1
2513575, 1, 1
2513821, 0, 0
2513825, 1, 1
2514071, 0, 1
2514075, 1, 1
2514321, 0, 0
2514325, 1, 1
2514571, 0, 1
2514575, 1, 1
2514821, 0, bit 0
2514821, 0, 0
2514825, 1, 1
2515072, 0, 1
2515075, 1, 0
2515322, 0, 0
2515325, 1, 0
2515572, 0, 1
2515575, 1, 0
2515822, 0, 1
2515825, 1, 0
2516072, 0, 0
2516075, 1, 0
2516322, 0, 1
2516325, 1, 0
2516572, 0, 0
2516575, 1, 0
2516822, 0, 1
2516825, 1, 0
2517072, 0, 0
2517075, 1, 0
2517322, 0, 1
2517325, 1, 0
2517572, 0, 0
2517575, 1, 0
2517822, 0, 1
2517825, 1, 0
2518072, 0, 0
2518075, 1, 0
2518322, 0, bit 0
2518322, 0, 0
2518325, 1, 0
2518572, 0, 1
2518575, 1, 0
2518822, 0, 0
2518825, 1, 0
2519072, 0, 1
2519075, 1, prem 1
2519075, 1, 1
2519322, 0, 1
2519325, 1, 1
2519572, 0, 0
2519575, 1, 1
2519822, 0, 1
2519825, 1, 1
2520072, 0, 0
2520075, 1, 1
2520322, 0, 1
2520325, 1, 1
2520572, 0, 0
2520576, 1, 1
2520822, 0, 1
2520826, 1, 1
2521072, 0, 0
2521076, 1, 1
2521322, 0, 1
2521326, 1, 1
2521572, 0, 0
2521576, 1, 1
2521822, 0, bit 1
2521822, 0, 1
2521826, 1, 1
2522072, 0, 0
2522076, 1, 1
2522322, 0, 1
2522326, 1, 1
2522572, 0, 0
2522576, 1, 1
2522822, 0, 0
2522826, 1, 1
2523072, 0, 1
2523076, 1, 0
2523322, 0, 0
2523326, 1, 0
2523572, 0, 1
2523576, 1, 0
2523822, 0, 0
2523826, 1, 0
2524072, 0, 1
2524076, 1, 0
2524322, 0, 0
2524326, 1, 0
2524572, 0, 1
2524576, 1, 0
2524822, 0, 0
2524826, 1, 0
2525072, 0, 1
2525076, 1, 0
2525322, 0, bit 1
2525322, 0, 1
2525326, 1, 0
2525572, 0, 0
2525576, 1, 0
2525822, 0, 1
2525826, 1, 0
2526072, 0, 0
2526076, 1, 0
2526322, 0, 0
2526326, 1, 0
2526572, 0, 1
2526576, 1, 0
2526822, 0, 0
2526826, 1, 0
2527072, 0, 1
2527076, 1, prem 1
2527076, 1, 1
2527322, 0, 0
2527326, 1, 1
2527572, 0, 1
2527576, 1, 1
2527822, 0, 0
2527826, 1, 1
2528072, 0, 1
2528076, 1, 1
2528322, 0, 0
2528326, 1, 1
2528572, 0, 1
2528576, 1, 1
2528822, 0, bit 0
2528825, 0, 0
2528826, 1, 1
2529072, 0, 1
2529076, 1, 1
2529323, 0, 0
2529326, 1, 1
2529573, 0, 1
2529576, 1, 1
2529823, 0, 1
2529826, 1, 1
2530073, 0, 0
2530076, 1, 1
2530323, 0, 1
2530326, 1, 1
2530573, 0, 0
2530576, 1, 1
2530823, 0, 1
2530826, 1, 1
2531073, 0, 0
2531076, 1, 0
2531323, 0, 1
2531326, 1, 0
2531573, 0, 0
2531576, 1, 0
2531823, 0, 1
2531826, 1, 0
2532073, 0, 0
2532076, 1, 0
2532323, 0, bit 0
2532323, 0, 0
2532326, 1, 0
2532573, 0, 1
2532576, 1, 0
2532823, 0, 0
2532826, 1, 0
2533073, 0, 1
2533076, 1, 0
2533323, 0, 1
2533326, 1, 0
2533573, 0, 0
2533576, 1, 0
2533823, 0, 1
2533826, 1, 0
2534073, 0, 0
2534076, 1, 0
2534323, 0, 1
2534326, 1, 0
2534573, 0, 0
2534576, 1, 0
2534823, 0, 1
2534827, 1, 0
2535073, 0, 0
2535077, 1, prem 0
2535077, 1, 0
2535323, 0, 1
2535327, 1, 0
2535573, 0, 0
2535577, 1, 0
2535823, 0, bit 0
2535823, 0, 0
2535827, 1, 0
2536073, 0, 1
2536077, 1, 0
2536323, 0, 0
2536327, 1, 0
2536573, 0, 1
2536577, 1, 0
2536823, 0, 1
2536827, 1, 0
2537073, 0, 0
2537077, 1, 0
2537323, 0, 1
2537327, 1, 0
2537573, 0, 0
2537577, 1, 0
2537823, 0, 1
2537827, 1, 0
2538073, 0, 0
2538077, 1, 0
2538323, 0, 1
2538327, 1, 0
2538573, 0, 0
2538577, 1, 0
2538823, 0, 1
2538827, 1, 0
2539073, 0, 0
2539077, 1, 1
2539323, 0, bit 1
2539323, 0, 1
2539327, 1, 1
2539573, 0, 0
2539577, 1, 1
2539823, 0, 1
2539827, 1, 1
2540073, 0, 0
2540077, 1, 1
2540323, 0, 0
2540327, 1, 1
2540573, 0, 1
2540577, 1, 1
2540823, 0, 0
2540827, 1, 1
2541073, 0, 1
2541077, 1, 1
2541323, 0, 0
2541327, 1, 1
2541573, 0, 1
2541577, 1, 1
2541824, 0, 0
2541827, 1, 1
2542074, 0, 1
2542077, 1, 1
2542324, 0, 0
2542327, 1, 1
2542574, 0, 1
2542577, 1, 1
2542824, 0, bit 0
2542824, 0, 0
2542827, 1, 1
2543074, 0, 1
2543077, 1, prem 1
2543077, 1, 1
2543324, 0, 0
2543327, 1, 1
2543574, 0, 1
2543577, 1, 1
2543824, 0, 1
2543827, 1, 1
2544074, 0, 0
2544077, 1, 1
2544324, 0, 1
2544327, 1, 1
2544574, 0, 0
2544577, 1, 1
2544824, 0, 1
2544827, 1, 1
2545074, 0, 0
2545077, 1, 1
2545324, 0, 1
2545327, 1, 1
2545574, 0, 0
2545577, 1, 1
2545824, 0, 1
2545827, 1, 1
2546074, 0, 0
2546077, 1, 1
2546324, 0, bit 0
2546324, 0, 0
2546327, 1, 1
2546574, 0, 1
2546577, 1, 1
2546824, 0, 0
2546827, 1, 1
2547074, 0, 1
2547077, 1, 0
2547324, 0, 1
2547328, 1, 0
2547574, 0, 0
2547578, 1, 0
2547824, 0, 1
2547828, 1, 0
2548074, 0, 0
2548078, 1, 0
2548324, 0, 1
2548328, 1, 0
2548574, 0, 0
2548578, 1, 0
2548824, 0, 1
2548828, 1, 0
2549074, 0, 0
2549078, 1, 0
2549324, 0, 1
2549328, 1, 0
2549574, 0, 0
2549578, 1, 0
2549824, 0, bit 1
2549824, 0, 1
2549828, 1, 0
2550074, 0, 0
2550078, 1, 0
2550324, 0, 1
2550328, 1, 0
2550574, 0, 0
2550578, 1, 0
2550824, 0, 0
2550828, 1, 0
2551074, 0, 1
2551078, 1, prem 1
2551078, 1, 1
2551324, 0, 0
2551328, 1, 1
2551574, 0, 1
2551578, 1, 1
2551824, 0, 0
2551828, 1, 1
2552074, 0, 1
2552078, 1, 1
2552324, 0, 0
2552328, 1, 1
2552574, 0, 1
2552578, 1, 1
2552824, 0, 0
2552828, 1, 1
2553074, 0, 1
2553078, 1, 1
2553324, 0, bit 0
2553324, 0, 0
2553328, 1, 1
2553574, 0, 1
2553578, 1, 1
2553824, 0, 0
2553828, 1, 1
2554074, 0, 1
2554078, 1, 1
2554324, 0, 1
2554328, 1, 1
2554574, 0, 0
2554578, 1, 1
2554824, 0, 1
2554828, 1, 1
2555074, 0, 0
2555078, 1, 0
2555324, 0, 1
2555328, 1, 0
2555574, 0, 0
2555578, 1, 0
2555824, 0, 1
2555828, 1, 0
2556075, 0, 0
2556078, 1, 0
2556325, 0, 1
2556328, 1, 0
2556575, 0, 0
2556578, 1, 0
2556825, 0, bit 1
2556828, 0, 1
2556828, 1, 0
2557075, 0, 0
2557078, 1, 0
2557325, 0, 1
2557328, 1, 0
2557575, 0, 0
2557578, 1, 0
2557825, 0, 0
2557828, 1, 0
2558075, 0, 1
2558078, 1, 0
2558325, 0, 0
2558328, 1, 0
2558575, 0, 1
2558578, 1, 0
2558825, 0, 0
2558828, 1, 0
2559075, 0, 1
2559078, 1, prem 1
2559078, 1, 1
2559325, 0, 0
2559328, 1, 1
2559575, 0, 1
2559578, 1, 1
2559825, 0, 0
2559828, 1, 1
2560075, 0, 1
2560078, 1, 1
2560325, 0, bit 0
2560325, 0, 0
2560328, 1, 1
2560575, 0, 1
2560578, 1, 1
2560825, 0, 0
2560828, 1, 1
2561075, 0, 1
2561078, 1, 1
2561325, 0, 1
2561328, 1, 1
2561575, 0, 0
2561579, 1, 1
2561825, 0, 1
2561829, 1, 1
2562075, 0, 0
2562079, 1, 1
2562325, 0, 1
2562329, 1, 1
2562575, 0, 0
2562579, 1, 1
2562825, 0, 1
2562829, 1, 1
2563075, 0, 0
2563079, 1, 0
2563325, 0, 1
2563329, 1, 0
2563575, 0, 0
2563579, 1, 0
2563825, 0, bit 1
2563825, 0, 1
2563829, 1, 0
2564075, 0, 0
2564079, 1, 0
2564325, 0, 1
2564329, 1, 0
2564575, 0, 0
2564579, 1, 0
2564825, 0, 0
2564829, 1, 0
2565075, 0, 1
2565079, 1, 0
2565325, 0, 0
2565329, 1, 0
2565575, 0, 1
2565579, 1, 0
2565825, 0, 0
2565829, 1, 0
2566075, 0, 1
2566079, 1, 0
2566325, 0, 0
2566329, 1, 0
2566575, 0, 1
2566579, 1, 0
2566825, 0, 0
2566829, 1, 0
2567075, 0, 1
2567079, 1, bit 1
2567079, 1, 1
2567325, 0, bit 1
2567325, 0, 1
2567329, 1, 0
2567575, 0, 0
2567579, 1, 1
2567825, 0, 1
2567829, 1, 0
2568075, 0, 0
2568079, 1, 1
2568083, 2, prem 0
2568083, 2, 0
2568325, 0, 0
2568329, 1, 0
2568333, 2, 0
2568576, 0, 1
2568579, 1, 0
2568583, 2, 0
2568826, 0, 0
2568829, 1, 1
2568833, 2, 0
2569076, 0, 1
2569079, 1, 1
2569083, 2, 0
2569326, 0, 0
2569329, 1, 0
2569333, 2, 0
2569576, 0, 1
2569579, 1, 1
2569583, 2, 0
2569826, 0, 0
2569829, 1, 0
2569833, 2, 0
2570076, 0, 1
2570079, 1, 1
2570083, 2, 0
2570326, 0, 0
2570329, 1, 0
2570333, 2, 0
2570576, 0, 1
2570579, 1, bit 1
2570579, 1, 1
2570583, 2, 0
2570826, 0, bit 0
2570826, 0, 0
2570829, 1, 0
2570833, 2, 0
2571076, 0, 1
2571079, 1, 1
2571083, 2, 0
2571326, 0, 0
2571329, 1, 0
2571333, 2, 0
2571576, 0, 1
2571579, 1, 1
2571583, 2, 0
2571826, 0, 1
2571829, 1, 0
2571833, 2, 0
2572076, 0, 0
2572079, 1, 0
2572083, 2, 1
2572326, 0, 1
2572329, 1, 1
2572333, 2, 1
2572576, 0, 0
2572579, 1, 1
2572583, 2, 1
2572826, 0, 1
2572829, 1, 0
2572833, 2, 1
2573076, 0, 0
2573079, 1, 1
2573083, 2, 1
2573326, 0, 1
2573329, 1, 0
2573333, 2, 1
2573576, 0, 0
2573579, 1, 1
2573583, 2, 1
2573826, 0, 1
2573829, 1, 0
2573833, 2, 1
2574076, 0, 0
2574080, 1, bit 0
2574080, 1, 0
2574083, 2, 1
2574326, 0, bit 0
2574326, 0, 0
2574330, 1, 1
2574333, 2, 1
2574576, 0, 1
2574580, 1, 0
2574583, 2, 1
2574826, 0, 0
2574830, 1, 1
2574833, 2, 1
2575076, 0, 1
2575080, 1, 0
2575083, 2, 1
2575326, 0, 1
2575330, 1, 1
2575333, 2, 1
2575576, 0, 0
2575580, 1, 1
2575583, 2, 1
2575826, 0, 1
2575830, 1, 0
2575833, 2, 1
2576076, 0, 0
2576080, 1, 0
2576083, 2, prem 0
2576083, 2, 0
2576326, 0, 1
2576330, 1, 1
2576333, 2, 0
2576576, 0, 0
2576580, 1, 0
2576583, 2, 0
2576826, 0, 1
2576830, 1, 1
2576833, 2, 0
2577076, 0, 0
2577080, 1, 0
2577083, 2, 0
2577326, 0, 1
2577330, 1, 1
2577333, 2, 0
2577576, 0, 0
2577580, 1, bit 1
2577580, 1, 1
2577583, 2, 0
2577826, 0, bit 1
2577826, 0, 1
2577830, 1, 0
2577833, 2, 0
2578076, 0, 0
2578080, 1, 1
2578083, 2, 0
2578326, 0, 1
2578330, 1, 0
2578333, 2, 0
2578576, 0, 0
2578580, 1, 1
2578583, 2, 0
2578826, 0, 0
2578830, 1, 0
2578833, 2, 0
2579076, 0, 1
2579080, 1, 0
2579083, 2, 0
2579326, 0, 0
2579330, 1, 1
2579333, 2, 0
2579576, 0, 1
2579580, 1, 1
2579584, 2, 0
2579826, 0, 0
2579830, 1, 0
2579834, 2, 0
2580076, 0, 1
2580080, 1, 1
2580084, 2, 1
2580326, 0, 0
2580330, 1, 0
2580334, 2, 1
2580576, 0, 1
2580580, 1, 1
2580584, 2, 1
2580826, 0, 0
2580830, 1, 0
2580834, 2, 1
2581076, 0, 1
2581080, 1, bit 1
2581080, 1, 1
2581084, 2, 1
2581326, 0, bit 1
2581326, 0, 1
2581330, 1, 0
2581334, 2, 1
2581576, 0, 0
2581580, 1, 1
2581584, 2, 1
2581826, 0, 1
2581830, 1, 0
2581834, 2, 1
2582076, 0, 0
2582080, 1, 1
2582084, 2, 1
2582326, 0, 0
2582330, 1, 0
2582334, 2, 1
2582576, 0, 1
2582580, 1, 0
2582584, 2, 1
2582827, 0, 0
2582830, 1, 1
2582834, 2, 1
2583077, 0, 1
2583080, 1, 1
2583084, 2, 1
2583327, 0, 0
2583330, 1, 0
2583334, 2, 1
2583577, 0, 1
2583580, 1, 1
2583584, 2, 1
2583827, 0, 0
2583830, 1, 0
2583834, 2, 1
2584077, 0, 1
2584080, 1, 1
2584084, 2, prem 1
2584084, 2, 1
2584327, 0, 0
2584330, 1, 0
2584334, 2, 1
2584577, 0, 1
2584580, 1, bit 1
2584580, 1, 1
2584584, 2, 1
2584827, 0, bit 1
2584827, 0, 1
2584830, 1, 0
2584834, 2, 1
2585077, 0, 0
2585080, 1, 1
2585084, 2, 1
2585327, 0, 1
2585330, 1, 0
2585334, 2, 1
2585577, 0, 0
2585580, 1, 1
2585584, 2, 1
2585827, 0, 0
2585830, 1, 0
2585834, 2, 1
2586077, 0, 1
2586080, 1, 0
2586084, 2, 1
2586327, 0, 0
2586330, 1, 1
2586334, 2, 1
2586577, 0, 1
2586580, 1, 1
2586584, 2, 1
2586827, 0, 0
2586830, 1, 0
2586834, 2, 1
2587077, 0, 1
2587080, 1, 1
2587084, 2, 1
2587327, 0, 0
2587330, 1, 0
2587334, 2, 1
2587577, 0, 1
2587580, 1, 1
2587584, 2, 1
2587827, 0, 0
2587830, 1, 0
2587834, 2, 1
2588077, 0, 1
2588080, 1, bit 1
2588080, 1, 1
2588084, 2, 0
2588327, 0, bit 0
2588327, 0, 0
2588331, 1, 0
2588334, 2, 0
2588577, 0, 1
2588581, 1, 1
2588584, 2, 0
2588827, 0, 0
2588831, 1, 0
2588834, 2, 0
2589077, 0, 1
2589081, 1, 1
2589084, 2, 0
2589327, 0, 1
2589331, 1, 0
2589334, 2, 0
2589577, 0, 0
2589581, 1, 0
2589584, 2, 0
2589827, 0, 1
2589831, 1, 1
2589834, 2, 0
2590077, 0, 0
2590081, 1, 1
2590084, 2, 0
2590327, 0, 1
2590331, 1, 0
2590334, 2, 0
2590577, 0, 0
2590581, 1, 1
2590584, 2, 0
2590827, 0, 1
2590831, 1, 0
2590834, 2, 0
2591077, 0, 0
2591081, 1, 1
2591084, 2, 0
2591327, 0, 1
2591331, 1, 0
2591334, 2, 0
2591577, 0, 0
2591581, 1, bit 0
2591581, 1, 0
2591584, 2, 0
2591827, 0, bit 1
2591827, 0, 1
2591831, 1, 1
2591834, 2, 0
2592077, 0, 0
2592081, 1, 0
2592084, 2, prem 0
2592088, 2, 0
2592327, 0, 1
2592331, 1, 1
2592334, 2, 0
2592577, 0, 0
2592581, 1, 0
2592584, 2, 0
2592827, 0, 0
2592831, 1, 1
2592834, 2, 0
2593077, 0, 1
2593081, 1, 1
2593084, 2, 0
2593327, 0, 0
2593331, 1, 0
2593334, 2, 0
2593577, 0, 1
2593581, 1, 0
2593584, 2, 0
2593827, 0, 0
2593831, 1, 1
2593835, 2, 0
2594077, 0, 1
2594081, 1, 0
2594085, 2, 0
2594327, 0, 0
2594331, 1, 1
2594335, 2, 0
2594577, 0, 1
2594581, 1, 0
2594585, 2, 0
2594827, 0, 0
2594831, 1, 1
2594835, 2, 0
2595077, 0, 1
2595081, 1, bit 1
2595081, 1, 1
2595085, 2, 0
2595328, 0, bit 0
2595328, 0, 0
2595331, 1, 0
2595335, 2, 0
2595578, 0, 1
2595581, 1, 1
2595585, 2, 0
2595828, 0, 0
2595831, 1, 0
2595835, 2, 0
2596078, 0, 1
2596081, 1, 1
2596085, 2, 1
2596328, 0, 1
2596331, 1, 0
2596335, 2, 1
2596578, 0, 0
2596581, 1, 0
2596585, 2, 1
2596828, 0, 1
2596831, 1, 1
2596835, 2, 1
2597078, 0, 0
2597081, 1, 1
2597085, 2, 1
2597328, 0, 1
2597331, 1, 0
2597335, 2, 1
2597578, 0, 0
2597581, 1, 1
2597585, 2, 1
2597828, 0, 1
2597831, 1, 0
2597835, 2, 1
2598078, 0, 0
2598081, 1, 1
2598085, 2, 1
2598328, 0, 1
2598331, 1, 0
2598335, 2, 1
2598578, 0, 0
2598581, 1, bit 0
2598581, 1, 0
2598585, 2, 1
2598828, 0, bit 0
2598828, 0, 0
2598831, 1, 1
2598835, 2, 1
2599078, 0, 1
2599081, 1, 0
2599085, 2, 1
2599328, 0, 0
2599331, 1, 1
2599335, 2, 1
2599578, 0, 1
2599581, 1, 0
2599585, 2, 1
2599828, 0, 1
2599831, 1, 1
2599835, 2, 1
2600078, 0, 0
2600081, 1, 1
2600085, 2, prem 0
2600088, 2, 0
2600328, 0, 1
2600331, 1, 0
2600335, 2, 0
2600578, 0, 0
2600581, 1, 0
2600585, 2, 0
2600828, 0, 1
2600832, 1, 1
2600835, 2, 0
2601078, 0, 0
2601082, 1, 0
2601085, 2, 0
2601328, 0, 1
2601332, 1, 1
2601335, 2, 0
2601578, 0, 0
2601582, 1, 0
2601585, 2, 0
2601828, 0, 1
2601832, 1, 1
2601835, 2, 0
2602078, 0, 0
2602082, 1, bit 1
2602082, 1, 1
2602085, 2, 0
2602328, 0, bit 1
2602328, 0, 1
2602332, 1, 0
2602335, 2, 0
2602578, 0, 0
2602582, 1, 1
2602585, 2, 0
2602828, 0, 1
2602832, 1, 0
2602835, 2, 0
2603078, 0, 0
2603082, 1, 1
2603085, 2, 0
2603328, 0, 0
2603332, 1, 0
2603335, 2, 0
2603578, 0, 1
2603582, 1, 0
2603585, 2, 0
2603828, 0, 0
2603832, 1, 1
2603835, 2, 0
2604078, 0, 1
2604082, 1, 1
2604085, 2, 1
2604328, 0, 0
2604332, 1, 0
2604335, 2, 1
2604578, 0, 1
2604582, 1, 1
2604585, 2, 1
2604828, 0, 0
2604832, 1, 0
2604835, 2, 1
2605078, 0, 1
2605082, 1, 1
2605085, 2, 1
2605328, 0, 0
2605332, 1, 0
2605335, 2, 1
2605578, 0, 1
2605582, 1, bit 1
2605585, 1, 1
2605585, 2, 1
2605828, 0, bit 1
2605828, 0, 1
2605832, 1, 0
2605835, 2, 1
2606078, 0, 0
2606082, 1, 1
2606085, 2, 1
2606328, 0, 1
2606332, 1, 0
2606336, 2, 1
2606578, 0, 0
2606582, 1, 1
2606586, 2, 1
2606828, 0, 0
2606832, 1, 0
2606836, 2, 1
2607078, 0, 1
2607082, 1, 0
2607086, 2, 1
2607328, 0, 0
2607332, 1, 1
2607336, 2, 1
2607578, 0, 1
2607582, 1, 1
2607586, 2, 1
2607828, 0, 0
2607832, 1, 0
2607836, 2, 1
2608078, 0, 1
2608082, 1, 1
2608086, 2, prem 1
2608089, 2, 1
2608328, 0, 0
2608332, 1, 0
2608336, 2, 1
2608578, 0, 1
2608582, 1, 1
2608586, 2, 1
2608828, 0, 0
2608832, 1, 0
2608836, 2, 1
2609078, 0, 1
2609082, 1, bit 1
2609082, 1, 1
2609086, 2, 1
2609328, 0, bit 0
2609328, 0, 0
2609332, 1, 0
2609336, 2, 1
2609579, 0, 1
2609582, 1, 1
2609586, 2, 1
2609829, 0, 0
2609832, 1, 0
2609836, 2, 1
2610079, 0, 1
2610082, 1, 1
2610086, 2, 1
2610329, 0, 1
2610332, 1, 0
2610336, 2, 1
2610579, 0, 0
2610582, 1, 0
2610586, 2, 1
2610829, 0, 1
2610832, 1, 1
2610836, 2, 1
2611079, 0, 0
2611082, 1, 1
2611086, 2, 1
2611329, 0, 1
2611332, 1, 0
2611336, 2, 1
2611579, 0, 0
2611582, 1, 1
2611586, 2, 1
2611829, 0, 1
2611832, 1, 0
2611836, 2, 1
2612079, 0, 0
2612082, 1, 1
2612086, 2, 0
2612329, 0, 1
2612332, 1, 0
2612336, 2, 0
2612579, 0, 0
2612582, 1, bit 0
2612582, 1, 0
2612586, 2, 0
2612829, 0, bit 1
2612829, 0, 1
2612832, 1, 1
2612836, 2, 0
2613079, 0, 0
2613082, 1, 0
2613086, 2, 0
2613329, 0, 1
2613332, 1, 1
2613336, 2, 0
2613579, 0, 0
2613582, 1, 0
2613586, 2, 0
2613829, 0, 0
2613832, 1, 1
2613836, 2, 0
2614079, 0, 1
2614082, 1, 1
2614086, 2, 0
2614329, 0, 0
2614332, 1, 0
2614336, 2, 0
2614579, 0, 1
2614582, 1, 0
2614586, 2, 0
2614829, 0, 0
2614832, 1, 1
2614836, 2, 0
2615079, 0, 1
2615083, 1, 0
2615086, 2, 0
2615329, 0, 0
2615333, 1, 1
2615336, 2, 0
2615579, 0, 1
2615583, 1, 0
2615586, 2, 0
2615829, 0, 0
2615833, 1, 1
2615836, 2, 0
2616079, 0, 1
2616083, 1, bit 1
2616083, 1, 1
2616087, 2, prem 0
2616087, 2, 0
2616329, 0, bit 0
2616329, 0, 0
2616333, 1, 0
2616336, 2, 0
2616579, 0, 1
2616583, 1, 1
2616586, 2, 0
2616829, 0, 0
2616833, 1, 0
2616836, 2, 0
2617079, 0, 1
2617083, 1, 1
2617086, 2, 0
2617329, 0, 1
2617333, 1, 0
2617336, 2, 0
2617579, 0, 0
2617583, 1, 0
2617586, 2, 0
2617829, 0, 1
2617833, 1, 1
2617836, 2, 0
2618079, 0, 0
2618083, 1, 1
2618086, 2, 0
2618329, 0, 1
2618333, 1, 0
2618336, 2, 0
2618579, 0, 0
2618583, 1, 1
2618586, 2, 0
2618829, 0, 1
2618833, 1, 0
2618836, 2, 0
2619079, 0, 0
2619083, 1, 1
2619086, 2, 0
2619329, 0, 1
2619333, 1, 0
2619336, 2, 0
2619579, 0, 0
2619583, 1, bit 1
2619583, 1, 1
2619586, 2, 0
2619829, 0, bit 0
2619829, 0, 0
2619833, 1, 0
2619836, 2, 0
2620079, 0, 1
2620083, 1, 1
2620086, 2, 1
2620329, 0, 0
2620333, 1, 0
2620336, 2, 1
2620579, 0, 1
2620583, 1, 1
2620587, 2, 1
2620829, 0, 1
2620833, 1, 0
2620837, 2, 1
2621079, 0, 0
2621083, 1, 0
2621087, 2, 1
2621329, 0, 1
2621333, 1, 1
2621337, 2, 1
2621579, 0, 0
2621583, 1, 1
2621587, 2, 1
2621829, 0, 1
2621833, 1, 0
2621837, 2, 1
2622080, 0, 0
2622083, 1, 1
2622087, 2, 1
2622330, 0, 1
2622333, 1, 0
2622337, 2, 1
2622580, 0, 0
2622583, 1, 1
2622587, 2, 1
2622830, 0, 1
2622833, 1, 0
2622837, 2, 1
2623080, 0, 0
2623083, 1, bit 0
2623083, 1, 0
2623087, 2, 1
2623330, 0, bit 1
2623330, 0, 1
2623333, 1, 1
2623337, 2, 1
2623580, 0, 0
2623583, 1, 0
2623587, 2, 1
2623830, 0, 1
2623833, 1, 1
2623837, 2, 1
2624080, 0, 0
2624083, 1, 0
2624087, 2, bit 1
2624087, 2, 0
2624330, 0, 0
2624333, 1, 1
2624337, 2, 1
2624580, 0, 1
2624583, 1, 1
2624587, 2, 0
2624830, 0, 0
2624833, 1, 0
2624837, 2, 1
2625080, 0, 1
2625083, 1, 0
2625087, 2, 1
2625330, 0, 0
2625333, 1, 1
2625337, 2, 0
2625580, 0, 1
2625583, 1, 0
2625587, 2, 0
2625830, 0, 0
2625833, 1, 1
2625837, 2, 1
2626080, 0, 1
2626083, 1, 0
2626087, 2, 0
2626330, 0, 0
2626333, 1, 1
2626337, 2, 1
2626580, 0, 1
2626583, 1, bit 1
2626583, 1, 1
2626587, 2, 1
2626830, 0, bit 1
2626830, 0, 1
2626833, 1, 0
2626837, 2, 0
2627080, 0, 0
2627083, 1, 1
2627087, 2, 0
2627330, 0, 1
2627333, 1, 0
2627337, 2, 1
2627580, 0, 0
2627584, 1, 1
2627587, 2, bit 0
2627587, 2, 1
2627830, 0, 0
2627834, 1, 0
2627837, 2, 0
2628080, 0, 1
2628084, 1, 0
2628087, 2, 1
2628330, 0, 0
2628334, 1, 1
2628337, 2, 0
2628580, 0, 1
2628584, 1, 1
2628587, 2, 0
2628830, 0, 0
2628834, 1, 0
2628837, 2, 1
2629080, 0, 1
2629084, 1, 1
2629087, 2, 1
2629330, 0, 0
2629334, 1, 0
2629337, 2, 0
2629580, 0, 1
2629584, 1, 1
2629587, 2, 1
2629830, 0, 0
2629834, 1, 0
2629837, 2, 0
2630080, 0, 1
2630084, 1, bit 1
2630084, 1, 1
2630087, 2, 0
2630330, 0, bit 1
2630330, 0, 1
2630334, 1, 0
2630337, 2, 1
2630580, 0, 0
2630584, 1, 1
2630587, 2, 1
2630598, 3, prem 0
2630598, 3, 0
2630830, 0, 1
2630834, 1, 0
2630837, 2, 0
2630848, 3, 0
2631080, 0, 0
2631084, 1, 1
2631087, 2, bit 1
2631087, 2, 0
2631098, 3, 0
2631330, 0, 0
2631334, 1, 0
2631337, 2, 1
2631348, 3, 0
2631580, 0, 1
2631584, 1, 0
2631587, 2, 0
2631598, 3, 0
2631830, 0, 0
2631834, 1, 1
2631837, 2, 1
2631848, 3, 0
2632080, 0, 1
2632084, 1, 1
2632087, 2, 1
2632098, 3, 0
2632330, 0, 0
2632334, 1, 0
2632337, 2, 0
2632348, 3, 0
2632580, 0, 1
2632584, 1, 1
2632587, 2, 0
2632598, 3, 0
2632830, 0, 0
2632834, 1, 0
2632837, 2, 1
2632848, 3, 0
2633080, 0, 1
2633084, 1, 1
2633088, 2, 0
2633098, 3, 0
2633330, 0, 0
2633334, 1, 0
2633338, 2, 1
2633348, 3, 0
2633580, 0, 1
2633584, 1, bit 0
2633584, 1, 0
2633588, 2, 1
2633598, 3, 0
2633830, 0, bit 1
2633830, 0, 1
2633834, 1, 1
2633838, 2, 0
2633848, 3, 0
2634080, 0, 0
2634084, 1, 0
2634088, 2, 0
2634098, 3, 0
2634330, 0, 1
2634334, 1, 1
2634338, 2, 1
2634348, 3, 0
2634580, 0, 0
2634584, 1, 0
2634588, 2, bit 1
2634588, 2, 0
2634598, 3, 1
2634830, 0, 0
2634834, 1, 1
2634838, 2, 1
2634848, 3, 1
2635080, 0, 1
2635084, 1, 1
2635088, 2, 0
2635098, 3, 1
2635330, 0, 0
2635334, 1, 0
2635338, 2, 1
2635348, 3, 1
2635580, 0, 1
2635584, 1, 0
2635588, 2, 1
2635598, 3, 1
2635830, 0, 0
2635834, 1, 1
2635838, 2, 0
2635848, 3, 1
2636080, 0, 1
2636084, 1, 0
2636088, 2, 0
2636098, 3, 1
2636331, 0, 0
2636334, 1, 1
2636338, 2, 1
2636348, 3, 1
2636581, 0, 1
2636584, 1, 0
2636588, 2, 0
2636598, 3, 1
2636831, 0, 0
2636834, 1, 1
2636838, 2, 1
2636848, 3, 1
2637081, 0, 1
2637084, 1, bit 1
2637084, 1, 1
2637088, 2, 1
2637099, 3, 1
2637331, 0, bit 0
2637331, 0, 0
2637334, 1, 0
2637338, 2, 0
2637349, 3, 1
2637581, 0, 1
2637584, 1, 1
2637588, 2, 0
2637599, 3, 1
2637831, 0, 0
2637834, 1, 0
2637838, 2, 1
2637849, 3, 1
2638081, 0, 1
2638084, 1, 1
2638088, 2, bit 0
2638088, 2, 1
2638099, 3, 1
2638331, 0, 1
2638334, 1, 0
2638338, 2, 0
2638349, 3, 1
2638581, 0, 0
2638584, 1, 0
2638588, 2, 1
2638599, 3, prem 0
2638599, 3, 0
2638831, 0, 1
2638834, 1, 1
2638838, 2, 0
2638849, 3, 0
2639081, 0, 0
2639084, 1, 1
2639088, 2, 0
2639099, 3, 0
2639331, 0, 1
2639334, 1, 0
2639338, 2, 1
2639349, 3, 0
2639581, 0, 0
2639584, 1, 1
2639588, 2, 1
2639599, 3, 0
2639831, 0, 1
2639834, 1, 0
2639838, 2, 0
2639849, 3, 0
2640081, 0, 0
2640084, 1, 1
2640088, 2, 1
2640099, 3, 0
2640331, 0, 1
2640334, 1, 0
2640338, 2, 0
2640349, 3, 0
2640581, 0, 0
2640584, 1, bit 0
2640584, 1, 0
2640588, 2, 0
2640599, 3, 0
2640831, 0, bit 0
2640831, 0, 0
2640834, 1, 1
2640838, 2, 1
2640849, 3, 0
2641081, 0, 1
2641084, 1, 0
2641088, 2, 1
2641099, 3, 0
2641331, 0, 0
2641334, 1, 1
2641338, 2, 0
2641349, 3, 0
2641581, 0, 1
2641584, 1, 0
2641588, 2, bit 0
2641588, 2, 1
2641599, 3, 0
2641831, 0, 1
2641835, 1, 1
2641838, 2, 0
2641849, 3, 0
2642081, 0, 0
2642085, 1, 1
2642088, 2, 1
2642099, 3, 0
2642331, 0, 1
2642335, 1, 0
2642338, 2, 0
2642349, 3, 0
2642581, 0, 0
2642585, 1, 0
2642588, 2, 0
2642599, 3, 1
2642831, 0, 1
2642835, 1, 1
2642838, 2, 1
2642849, 3, 1
2643081, 0, 0
2643085, 1, 0
2643088, 2, 1
2643099, 3, 1
2643331, 0, 1
2643335, 1, 1
2643338, 2, 0
2643349, 3, 1
2643581, 0, 0
2643585, 1, 0
2643588, 2, 1
2643599, 3, 1
2643831, 0, 1
2643835, 1, 1
2643838, 2, 0
2643849, 3, 1
2644081, 0, 0
2644085, 1, bit 1
2644085, 1, 1
2644088, 2, 0
2644099, 3, 1
2644331, 0, bit 0
2644331, 0, 0
2644335, 1, 0
2644338, 2, 1
2644349, 3, 1
2644581, 0, 1
2644585, 1, 1
2644588, 2, 1
2644599, 3, 1
2644831, 0, 0
2644835, 1, 0
2644838, 2, 0
2644849, 3, 1
2645081, 0, 1
2645085, 1, 1
2645088, 2, bit 1
2645088, 2, 0
2645099, 3, 1
2645331, 0, 1
2645335, 1, 0
2645338, 2, 1
2645349, 3, 1
2645581, 0, 0
2645585, 1, 0
2645588, 2, 0
2645599, 3, 1
2645831, 0, 1
2645835, 1, 1
2645838, 2, 1
2645849, 3, 1
2646081, 0, 0
2646085, 1, 1
2646088, 2, 1
2646099, 3, 1
2646331, 0, 1
2646335, 1, 0
2646338, 2, 0
2646349, 3, 1
2646581, 0, 0
2646585, 1, 1
2646588, 2, 0
2646599, 3, prem 0
2646599, 3, 0
2646831, 0, 1
2646835, 1, 0
2646838, 2, 1
2646849, 3, 0
2647081, 0, 0
2647085, 1, 1
2647088, 2, 0
2647099, 3, 0
2647331, 0, 1
2647335, 1, 0
2647339, 2, 1
2647349, 3, 0
2647581, 0, 0
2647585, 1, bit 1
2647585, 1, 1
2647589, 2, 1
2647599, 3, 0
2647831, 0, bit 0
2647831, 0, 0
2647835, 1, 0
2647839, 2, 0
2647849, 3, 0
2648081, 0, 1
2648085, 1, 1
2648089, 2, 0
2648099, 3, 0
2648331, 0, 0
2648335, 1, 0
2648339, 2, 1
2648349, 3, 0
2648581, 0, 1
2648585, 1, 1
2648589, 2, bit 0
2648589, 2, 1
2648599, 3, 0
2648832, 0, 1
2648835, 1, 0
2648839, 2, 0
2648849, 3, 0
2649082, 0, 0
2649085, 1, 0
2649089, 2, 1
2649099, 3, 0
2649332, 0, 1
2649335, 1, 1
2649339, 2, 0
2649349, 3, 0
2649582, 0, 0
2649585, 1, 1
2649589, 2, 0
2649600, 3, 0
2649832, 0, 1
2649835, 1, 0
2649839, 2, 1
2649850, 3, 0
2650082, 0, 0
2650085, 1, 1
2650089, 2, 1
2650100, 3, 0
2650332, 0, 1
2650335, 1, 0
2650339, 2, 0
2650350, 3, 0
2650582, 0, 0
2650585, 1, 1
2650589, 2, 1
2650600, 3, 1
2650832, 0, 1
2650835, 1, 0
2650839, 2, 0
2650850, 3, 1
2651082, 0, 0
2651085, 1, bit 0
2651085, 1, 0
2651089, 2, 0
2651100, 3, 1
2651332, 0, bit 0
2651335, 0, 0
2651335, 1, 1
2651339, 2, 1
2651350, 3, 1
2651582, 0, 1
2651585, 1, 0
2651589, 2, 1
2651600, 3, 1
2651832, 0, 0
2651835, 1, 1
2651839, 2, 0
2651850, 3, 1
2652082, 0, 1
2652085, 1, 0
2652089, 2, bit 0
2652089, 2, 1
2652100, 3, 1
2652332, 0, 1
2652335, 1, 1
2652339, 2, 0
2652350, 3, 1
2652582, 0, 0
2652585, 1, 1
2652589, 2, 1
2652600, 3, 1
2652832, 0, 1
2652835, 1, 0
2652839, 2, 0
2652850, 3, 1
2653082, 0, 0
2653085, 1, 0
2653089, 2, 0
2653100, 3, 1
2653332, 0, 1
2653335, 1, 1
2653339, 2, 1
2653350, 3, 1
2653582, 0, 0
2653585, 1, 0
2653589, 2, 1
2653600, 3, 1
2653832, 0, 1
2653835, 1, 1
2653839, 2, 0
2653850, 3, 1
2654082, 0, 0
2654085, 1, 0
2654089, 2, 1
2654100, 3, 1
2654332, 0, 1
2654336, 1, 1
2654339, 2, 0
2654350, 3, 1
2654582, 0, 0
2654586, 1, bit 0
2654586, 1, 0
2654589, 2, 0
2654600, 3, prem 0
2654600, 3, 0
2654832, 0, bit 1
2654832, 0, 1
2654836, 1, 1
2654839, 2, 1
2654850, 3, 0
2655082, 0, 0
2655086, 1, 0
2655089, 2, 1
2655100, 3, 0
2655332, 0, 1
2655336, 1, 1
2655339, 2, 0
2655350, 3, 0
2655582, 0, 0
2655586, 1, 0
2655589, 2, bit 0
2655589, 2, 1
2655600, 3, 0
2655832, 0, 0
2655836, 1, 1
2655839, 2, 0
2655850, 3, 0
2656082, 0, 1
2656086, 1, 1
2656089, 2, 1
2656100, 3, 0
2656332, 0, 0
2656336, 1, 0
2656339, 2, 0
2656350, 3, 0
2656582, 0, 1
2656586, 1, 0
2656589, 2, 0
2656600, 3, 0
2656832, 0, 0
2656836, 1, 1
2656839, 2, 1
2656850, 3, 0
2657082, 0, 1
2657086, 1, 0
2657089, 2, 1
2657100, 3, 0
2657332, 0, 0
2657336, 1, 1
2657339, 2, 0
2657350, 3, 0
2657582, 0, 1
2657586, 1, 0
2657589, 2, 1
2657600, 3, 0
2657832, 0, 0
2657836, 1, 1
2657839, 2, 0
2657850, 3, 0
2658082, 0, 1
2658086, 1, bit 0
2658086, 1, 0
2658089, 2, 0
2658100, 3, 0
2658332, 0, bit 0
2658332, 0, 0
2658336, 1, 1
2658339, 2, 1
2658350, 3, 0
2658582, 0, 1
2658586, 1, 0
2658589, 2, 1
2658600, 3, 1
2658832, 0, 0
2658836, 1, 1
2658839, 2, 0
2658850, 3, 1
2659082, 0, 1
2659086, 1, 0
2659089, 2, bit 0
2659089, 2, 1
2659100, 3, 1
2659332, 0, 1
2659336, 1, 1
2659339, 2, 0
2659350, 3, 1
2659582, 0, 0
2659586, 1, 1
2659589, 2, 1
2659600, 3, 1
2659832, 0, 1
2659836, 1, 0
2659840, 2, 0
2659850, 3, 1
2660082, 0, 0
2660086, 1, 0
2660090, 2, 0
2660100, 3, 1
2660332, 0, 1
2660336, 1, 1
2660340, 2, 1
2660350, 3, 1
2660582, 0, 0
2660586, 1, 0
2660590, 2, 1
2660600, 3, 1
2660832, 0, 1
2660836, 1, 1
2660840, 2, 0
2660850, 3, 1
2661082, 0, 0
2661086, 1, 0
2661090, 2, 1
2661100, 3, 1
2661332, 0, 1
2661336, 1, 1
2661340, 2, 0
2661350, 3, 1
2661582, 0, 0
2661586, 1, bit 0
2661586, 1, 0
2661590, 2, 0
2661600, 3, 1
2661832, 0, bit 0
2661832, 0, 0
2661836, 1, 1
2661840, 2, 1
2661850, 3, 1
2662082, 0, 1
2662086, 1, 0
2662090, 2, 1
2662100, 3, 1
2662332, 0, 0
2662336, 1, 1
2662340, 2, 0
2662350, 3, 1
2662582, 0, 1
2662586, 1, 0
2662590, 2, bit 0
2662590, 2, 1
2662600, 3, prem 1
2662600, 3, 1
2662832, 0, 1
2662836, 1, 1
2662840, 2, 0
2662850, 3, 1
2663083, 0, 0
2663086, 1, 1
2663090, 2, 1
2663100, 3, 1
2663333, 0, 1
2663336, 1, 0
2663340, 2, 0
2663350, 3, 1
2663583, 0, 0
2663586, 1, 0
2663590, 2, 0
2663600, 3, 1
2663833, 0, 1
2663836, 1, 1
2663840, 2, 1
2663851, 3, 1
2664083, 0, 0
2664086, 1, 0
2664090, 2, 1
2664101, 3, 1
2664333, 0, 1
2664336, 1, 1
2664340, 2, 0
2664351, 3, 1
2664583, 0, 0
2664586, 1, 0
2664590, 2, 1
2664601, 3, 1
2664833, 0, 1
2664836, 1, 1
2664840, 2, 0
2664851, 3, 1
2665083, 0, 0
2665086, 1, bit 0
2665086, 1, 0
2665090, 2, 0
2665101, 3, 1
2665333, 0, bit 0
2665333, 0, 0
2665336, 1, 1
2665340, 2, 1
2665351, 3, 1
2665583, 0, 1
2665586, 1, 0
2665590, 2, 1
2665601, 3, 1
2665833, 0, 0
2665836, 1, 1
2665840, 2, 0
2665851, 3, 1
2666083, 0, 1
2666086, 1, 0
2666090, 2, bit 0
2666090, 2, 1
2666101, 3, 1
2666333, 0, 1
2666336, 1, 1
2666340, 2, 0
2666351, 3, 1
2666583, 0, 0
2666586, 1, 1
2666590, 2, 1
2666601, 3, 0
2666833, 0, 1
2666836, 1, 0
2666840, 2, 0
2666851, 3, 0
2667083, 0, 0
2667086, 1, 0
2667097, 2, 0
2667101, 3, 0
2667333, 0, 1
2667336, 1, 1
2667347, 2, 1
2667351, 3, 0
2667583, 0, 0
2667586, 1, 0
2667597, 2, 1
2667601, 3, 0
2667833, 0, 1
2667836, 1, 1
2667847, 2, 0
2667851, 3, 0
2668083, 0, 0
2668086, 1, 0
2668097, 2, 1
2668101, 3, 0
2668333, 0, 1
2668336, 1, 1
2668347, 2, 0
2668351, 3, 0
2668583, 0, 0
2668587, 1, bit 0
2668587, 1, 0
2668597, 2, 0
2668601, 3, 0
2668833, 0, bit 0
2668833, 0, 0
2668837, 1, 1
2668847, 2, 1
2668851, 3, 0
2669083, 0, 1
2669087, 1, 0
2669097, 2, 1
2669101, 3, 0
2669333, 0, 0
2669337, 1, 1
2669347, 2, 0
2669351, 3, 0
2669583, 0, 1
2669587, 1, 0
2669597, 2, bit 0
2669597, 2, 1
2669601, 3, 0
2669833, 0, 1
2669837, 1, 1
2669847, 2, 0
2669851, 3, 0
2670083, 0, 0
2670087, 1, 1
2670097, 2, 1
2670101, 3, 0
2670333, 0, 1
2670337, 1, 0
2670347, 2, 0
2670351, 3, 0
2670583, 0, 0
2670587, 1, 0
2670597, 2, 0
2670601, 3, prem 0
2670601, 3, 0
2670833, 0, 1
2670837, 1, 1
2670848, 2, 1
2670851, 3, 0
2671083, 0, 0
2671087, 1, 0
2671098, 2, 1
2671101, 3, 0
2671333, 0, 1
2671337, 1, 1
2671348, 2, 0
2671351, 3, 0
2671583, 0, 0
2671587, 1, 0
2671598, 2, 1
2671601, 3, 0
2671833, 0, 1
2671837, 1, 1
2671848, 2, 0
2671851, 3, 0
2672083, 0, 0
2672087, 1, bit 0
2672087, 1, 0
2672098, 2, 0
2672101, 3, 0
2672333, 0, bit 1
2672333, 0, 1
2672337, 1, 1
2672348, 2, 1
2672351, 3, 0
2672583, 0, 0
2672587, 1, 0
2672598, 2, 1
2672601, 3, 0
2672833, 0, 1
2672837, 1, 1
2672848, 2, 0
2672851, 3, 0
2673083, 0, 0
2673087, 1, 0
2673098, 2, bit 0
2673098, 2, 1
2673101, 3, 0
2673333, 0, 0
2673337, 1, 1
2673348, 2, 0
2673351, 3, 0
2673583, 0, 1
2673587, 1, 1
2673598, 2, 1
2673601, 3, 0
2673833, 0, 0
2673837, 1, 0
2673848, 2, 0
2673851, 3, 0
2674083, 0, 1
2674087, 1, 0
2674098, 2, 0
2674101, 3, 0
2674333, 0, 0
2674337, 1, 1
2674348, 2, 1
2674351, 3, 0
2674583, 0, 1
2674587, 1, 0
2674598, 2, 1
2674601, 3, 1
2674833, 0, 0
2674837, 1, 1
2674848, 2, 0
2674851, 3, 1
2675083, 0, 1
2675087, 1, 0
2675098, 2, 1
2675101, 3, 1
2675333, 0, 0
2675337, 1, 1
2675348, 2, 0
2675351, 3, 1
2675584, 0, 1
2675587, 1, bit 1
2675587, 1, 1
2675598, 2, 0
2675601, 3, 1
2675834, 0, bit 0
2675834, 0, 0
2675837, 1, 0
2675848, 2, 1
2675851, 3, 1
2676084, 0, 1
2676087, 1, 1
2676098, 2, 1
2676101, 3, 1
2676334, 0, 0
2676337, 1, 0
2676348, 2, 0
2676352, 3, 1
2676584, 0, 1
2676587, 1, 1
2676598, 2, bit 1
2676598, 2, 0
2676602, 3, 1
2676834, 0, 1
2676837, 1, 0
2676848, 2, 1
2676852, 3, 1
2677084, 0, 0
2677087, 1, 0
2677098, 2, 0
2677102, 3, 1
2677334, 0, 1
2677337, 1, 1
2677348, 2, 1
2677352, 3, 1
2677584, 0, 0
2677587, 1, 1
2677598, 2, 1
2677602, 3, 1
2677834, 0, 1
2677837, 1, 0
2677848, 2, 0
2677852, 3, 1
2678084, 0, 0
2678087, 1, 1
2678098, 2, 0
2678102, 3, 1
2678334, 0, 1
2678337, 1, 0
2678348, 2, 1
2678352, 3, 1
2678584, 0, 0
2678587, 1, 1
2678598, 2, 0
2678602, 3, prem 1
2678602, 3, 1
2678834, 0, 1
2678837, 1, 0
2678848, 2, 1
2678852, 3, 1
2679084, 0, 0
2679087, 1, bit 1
2679088, 1, 1
2679098, 2, 1
2679102, 3, 1
2679334, 0, bit 1
2679334, 0, 1
2679337, 1, 0
2679348, 2, 0
2679352, 3, 1
2679584, 0, 0
2679587, 1, 1
2679598, 2, 0
2679602, 3, 1
2679834, 0, 1
2679837, 1, 0
2679848, 2, 1
2679852, 3, 1
2680084, 0, 0
2680087, 1, 1
2680098, 2, bit 0
2680098, 2, 1
2680102, 3, 1
2680334, 0, 0
2680337, 1, 0
2680348, 2, 0
2680352, 3, 1
2680584, 0, 1
2680587, 1, 0
2680598, 2, 1
2680602, 3, 1
2680834, 0, 0
2680837, 1, 1
2680848, 2, 0
2680852, 3, 1
2681084, 0, 1
2681088, 1, 1
2681098, 2, 0
2681102, 3, 1
2681334, 0, 0
2681338, 1, 0
2681348, 2, 1
2681352, 3, 1
2681584, 0, 1
2681588, 1, 1
2681598, 2, 1
2681602, 3, 1
2681834, 0, 0
2681838, 1, 0
2681848, 2, 0
2681852, 3, 1
2682084, 0, 1
2682088, 1, 1
2682098, 2, 1
2682102, 3, 1
2682334, 0, 0
2682338, 1, 0
2682348, 2, 0
2682352, 3, 1
2682584, 0, 1
2682588, 1, bit 1
2682588, 1, 1
2682598, 2, 0
2682602, 3, 0
2682834, 0, bit 0
2682834, 0, 0
2682838, 1, 0
2682848, 2, 1
2682852, 3, 0
2683084, 0, 1
2683088, 1, 1
2683098, 2, 1
2683102, 3, 0
2683334, 0, 0
2683338, 1, 0
2683348, 2, 0
2683352, 3, 0
2683584, 0, 1
2683588, 1, 1
2683598, 2, bit 0
2683598, 2, 1
2683602, 3, 0
2683834, 0, 1
2683838, 1, 0
2683848, 2, 0
2683852, 3, 0
2684084, 0, 0
2684088, 1, 0
2684098, 2, 1
2684102, 3, 0
2684334, 0, 1
2684338, 1, 1
2684348, 2, 0
2684352, 3, 0
2684584, 0, 0
2684588, 1, 1
2684598, 2, 0
2684602, 3, 0
2684834, 0, 1
2684838, 1, 0
2684848, 2, 1
2684852, 3, 0
2685084, 0, 0
2685088, 1, 1
2685099, 2, 1
2685102, 3, 0
2685334, 0, 1
2685338, 1, 0
2685349, 2, 0
2685352, 3, 0
2685584, 0, 0
2685588, 1, 1
2685599, 2, 1
2685602, 3, 0
2685834, 0, 1
2685838, 1, 0
2685849, 2, 0
2685852, 3, 0
2686084, 0, 0
2686088, 1, bit 0
2686088, 1, 0
2686099, 2, 0
2686102, 3, 0
2686334, 0, bit 1
2686334, 0, 1
2686338, 1, 1
2686349, 2, 1
2686352, 3, 0
2686584, 0, 0
2686588, 1, 0
2686599, 2, 1
2686602, 3, bit 1
2686602, 3, 0
2686834, 0, 1
2686838, 1, 1
2686849, 2, 0
2686852, 3, 1
2687084, 0, 0
2687088, 1, 0
2687099, 2, bit 0
2687099, 2, 1
2687102, 3, 0
2687334, 0, 0
2687338, 1, 1
2687349, 2, 0
2687352, 3, 1
2687584, 0, 1
2687588, 1, 1
2687599, 2, 1
2687602, 3, 0
2687834, 0, 0
2687838, 1, 0
2687849, 2, 0
2687852, 3, 1
2688084, 0, 1
2688088, 1, 0
2688099, 2, 0
2688102, 3, 0
2688334, 0, 0
2688338, 1, 1
2688349, 2, 1
2688352, 3, 1
2688584, 0, 1
2688588, 1, 0
2688599, 2, 1
2688602, 3, 1
2688834, 0, 0
2688838, 1, 1
2688849, 2, 0
2688852, 3, 0
2689084, 0, 1
2689088, 1, 0
2689099, 2, 1
2689102, 3, 0
2689334, 0, 0
2689338, 1, 1
2689349, 2, 0
2689352, 3, 1
2689584, 0, 1
2689588, 1, bit 0
2689588, 1, 0
2689599, 2, 0
2689602, 3, 1
2689835, 0, bit 1
2689835, 0, 1
2689838, 1, 1
2689849, 2, 1
2689852, 3, 0
2690085, 0, 0
2690088, 1, 0
2690099, 2, 1
2690102, 3, bit 0
2690102, 3, 1
2690335, 0, 1
2690338, 1, 1
2690349, 2, 0
2690352, 3, 0
2690585, 0, 0
2690588, 1, 0
2690599, 2, bit 0
2690599, 2, 1
2690603, 3, 1
2690835, 0, 0
2690838, 1, 1
2690849, 2, 0
2690853, 3, 0
2691085, 0, 1
2691088, 1, 1
2691099, 2, 1
2691103, 3, 1
2691335, 0, 0
2691338, 1, 0
2691349, 2, 0
2691353, 3, 0
2691585, 0, 1
2691588, 1, 0
2691599, 2, 0
2691603, 3, 1
2691835, 0, 0
2691838, 1, 1
2691849, 2, 1
2691853, 3, 0
2692085, 0, 1
2692088, 1, 0
2692099, 2, 1
2692103, 3, 0
2692335, 0, 0
2692338, 1, 1
2692349, 2, 0
2692353, 3, 1
2692585, 0, 1
2692588, 1, 0
2692599, 2, 1
2692603, 3, 1
2692835, 0, 0
2692838, 1, 1
2692849, 2, 0
2692853, 3, 0
2693085, 0, 1
2693088, 1, bit 1
2693088, 1, 1
2693099, 2, 0
2693103, 3, 0
2693335, 0, bit 0
2693335, 0, 0
2693338, 1, 0
2693349, 2, 1
2693353, 3, 1
2693585, 0, 1
2693588, 1, 1
2693599, 2, 1
2693603, 3, bit 1
2693603, 3, 0
2693835, 0, 0
2693838, 1, 0
2693849, 2, 0
2693853, 3, 1
2694085, 0, 1
2694088, 1, 1
2694099, 2, bit 1
2694099, 2, 0
2694103, 3, 0
2694335, 0, 1
2694338, 1, 0
2694349, 2, 1
2694353, 3, 1
2694585, 0, 0
2694588, 1, 0
2694599, 2, 0
2694603, 3, 0
2694835, 0, 1
2694838, 1, 1
2694849, 2, 1
2694853, 3, 1
2695085, 0, 0
2695088, 1, 1
2695099, 2, 1
2695103, 3, 0
2695335, 0, 1
2695339, 1, 0
2695349, 2, 0
2695353, 3, 1
2695585, 0, 0
2695589, 1, 1
2695599, 2, 0
2695603, 3, 1
2695835, 0, 1
2695839, 1, 0
2695849, 2, 1
2695853, 3, 0
2696085, 0, 0
2696089, 1, 1
2696099, 2, 0
2696103, 3, 0
2696335, 0, 1
2696339, 1, 0
2696349, 2, 1
2696353, 3, 1
2696585, 0, 0
2696589, 1, bit 1
2696589, 1, 1
2696599, 2, 1
2696603, 3, 1
2696835, 0, bit 0
2696835, 0, 0
2696839, 1, 0
2696849, 2, 0
2696853, 3, 0
2697085, 0, 1
2697089, 1, 1
2697099, 2, 0
2697103, 3, bit 1
2697103, 3, 0
2697335, 0, 0
2697339, 1, 0
2697349, 2, 1
2697353, 3, 1
2697585, 0, 1
2697589, 1, 1
2697600, 2, bit 1
2697600, 2, 0
2697603, 3, 0
2697835, 0, 1
2697839, 1, 0
2697850, 2, 1
2697853, 3, 1
2698085, 0, 0
2698089, 1, 0
2698100, 2, 0
2698103, 3, 0
2698335, 0, 1
2698339, 1, 1
2698350, 2, 1
2698353, 3, 1
2698585, 0, 0
2698589, 1, 1
2698600, 2, 1
2698603, 3, 0
2698835, 0, 1
2698839, 1, 0
2698850, 2, 0
2698853, 3, 1
2699085, 0, 0
2699089, 1, 1
2699100, 2, 0
2699103, 3, 1
2699335, 0, 1
2699339, 1, 0
2699350, 2, 1
2699353, 3, 0
2699585, 0, 0
2699589, 1, 1
2699600, 2, 0
2699603, 3, 0
2699835, 0, 1
2699839, 1, 0
2699850, 2, 1
2699853, 3, 1
2700085, 0, 0
2700089, 1, bit 1
2700089, 1, 1
2700100, 2, 1
2700103, 3, 1
2700335, 0, bit 1
2700335, 0, 1
2700339, 1, 0
2700350, 2, 0
2700353, 3, 0
2700585, 0, 0
2700589, 1, 1
2700600, 2, 0
2700603, 3, bit 0
2700603, 3, 1
2700835, 0, 1
2700839, 1, 0
2700850, 2, 1
2700853, 3, 0
2701085, 0, 0
2701089, 1, 1
2701100, 2, bit 1
2701100, 2, 0
2701103, 3, 1
2701335, 0, 0
2701339, 1, 0
2701350, 2, 1
2701353, 3, 0
2701585, 0, 1
2701589, 1, 0
2701600, 2, 0
2701603, 3, 1
2701835, 0, 0
2701839, 1, 1
2701850, 2, 1
2701853, 3, 0
2702085, 0, 1
2702089, 1, 1
2702100, 2, 1
2702103, 3, 1
2702336, 0, 0
2702339, 1, 0
2702350, 2, 0
2702353, 3, 0
2702586, 0, 1
2702589, 1, 1
2702600, 2, 0
2702603, 3, 0
2702836, 0, 0
2702839, 1, 0
2702850, 2, 1
2702853, 3, 1
2703086, 0, 1
2703089, 1, 1
2703100, 2, 0
2703104, 3, 1
2703336, 0, 0
2703339, 1, 0
2703350, 2, 1
2703354, 3, 0
2703586, 0, 1
2703589, 1, bit 0
2703589, 1, 0
2703600, 2, 1
2703604, 3, 0
2703836, 0, bit 0
2703836, 0, 0
2703839, 1, 1
2703850, 2, 0
2703854, 3, 1
2704086, 0, 1
2704089, 1, 0
2704100, 2, 0
2704104, 3, bit 1
2704104, 3, 0
2704336, 0, 0
2704339, 1, 1
2704350, 2, 1
2704354, 3, 1
2704586, 0, 1
2704589, 1, 0
2704600, 2, bit 0
2704600, 2, 1
2704604, 3, 0
2704836, 0, 1
2704839, 1, 1
2704850, 2, 0
2704854, 3, 1
2705086, 0, 0
2705089, 1, 1
2705100, 2, 1
2705104, 3, 0
2705336, 0, 1
2705339, 1, 0
2705350, 2, 0
2705354, 3, 1
2705586, 0, 0
2705589, 1, 0
2705600, 2, 0
2705604, 3, 0
2705836, 0, 1
2705839, 1, 1
2705850, 2, 1
2705854, 3, 1
2706086, 0, 0
2706089, 1, 0
2706100, 2, 1
2706104, 3, 1
2706336, 0, 1
2706339, 1, 1
2706350, 2, 0
2706354, 3, 0
2706586, 0, 0
2706589, 1, 0
2706600, 2, 1
2706604, 3, 0
2706836, 0, 1
2706839, 1, 1
2706850, 2, 0
2706854, 3, 1
2707086, 0, 0
2707089, 1, bit 1
2707089, 1, 1
2707100, 2, 0
2707104, 3, 1
2707336, 0, bit 0
2707336, 0, 0
2707339, 1, 0
2707350, 2, 1
2707354, 3, 0
2707586, 0, 1
2707589, 1, 1
2707600, 2, 1
2707604, 3, bit 1
2707604, 3, 0
2707836, 0, 0
2707840, 1, 0
2707850, 2, 0
2707854, 3, 1
2708086, 0, 1
2708090, 1, 1
2708100, 2, bit 0
2708100, 2, 1
2708104, 3, 0
2708336, 0, 1
2708340, 1, 0
2708350, 2, 0
2708354, 3, 1
2708586, 0, 0
2708590, 1, 0
2708600, 2, 1
2708604, 3, 0
2708836, 0, 1
2708840, 1, 1
2708850, 2, 0
2708854, 3, 1
2709086, 0, 0
2709090, 1, 1
2709100, 2, 0
2709104, 3, 0
2709336, 0, 1
2709340, 1, 0
2709350, 2, 1
2709354, 3, 1
2709586, 0, 0
2709590, 1, 1
2709600, 2, 1
2709604, 3, 1
2709836, 0, 1
2709840, 1, 0
2709850, 2, 0
2709854, 3, 0
2710086, 0, 0
2710090, 1, 1
2710100, 2, 1
2710104, 3, 0
2710336, 0, 1
2710340, 1, 0
2710350, 2, 0
2710354, 3, 1
2710586, 0, 0
2710590, 1, bit 0
2710590, 1, 0
2710600, 2, 0
2710604, 3, 1
2710836, 0, bit 1
2710836, 0, 1
2710840, 1, 1
2710850, 2, 1
2710854, 3, 0
2711086, 0, 0
2711090, 1, 0
2711100, 2, 1
2711104, 3, bit 1
2711104, 3, 0
2711336, 0, 1
2711340, 1, 1
2711350, 2, 0
2711354, 3, 1
2711586, 0, 0
2711590, 1, 0
2711600, 2, bit 0
2711600, 2, 1
2711604, 3, 0
2711836, 0, 0
2711840, 1, 1
2711851, 2, 0
2711854, 3, 1
2712086, 0, 1
2712090, 1, 1
2712101, 2, 1
2712104, 3, 0
2712336, 0, 0
2712340, 1, 0
2712351, 2, 0
2712354, 3, 1
2712586, 0, 1
2712590, 1, 0
2712601, 2, 0
2712604, 3, 0
2712836, 0, 0
2712840, 1, 1
2712851, 2, 1
2712854, 3, 1
2713086, 0, 1
2713090, 1, 0
2713101, 2, 1
2713104, 3, 1
2713336, 0, 0
2713340, 1, 1
2713351, 2, 0
2713354, 3, 0
2713586, 0, 1
2713590, 1, 0
2713601, 2, 1
2713604, 3, 0
2713836, 0, 0
2713840, 1, 1
2713851, 2, 0
2713854, 3, 1
2714086, 0, 1
2714090, 1, bit 1
2714090, 1, 1
2714101, 2, 0
2714104, 3, 1
2714336, 0, bit 1
2714336, 0, 1
2714340, 1, 0
2714351, 2, 1
2714354, 3, 0
2714586, 0, 0
2714590, 1, 1
2714601, 2, 1
2714604, 3, bit 0
2714604, 3, 1
2714836, 0, 1
2714840, 1, 0
2714851, 2, 0
2714854, 3, 0
2715086, 0, 0
2715090, 1, 1
2715101, 2, bit 1
2715101, 2, 0
2715104, 3, 1
2715336, 0, 0
2715340, 1, 0
2715351, 2, 1
2715354, 3, 0
2715586, 0, 1
2715590, 1, 0
2715601, 2, 0
2715604, 3, 1
2715836, 0, 0
2715840, 1, 1
2715851, 2, 1
2715854, 3, 0
2716086, 0, 1
2716090, 1, 1
2716101, 2, 1
2716104, 3, 1
2716336, 0, 0
2716340, 1, 0
2716351, 2, 0
2716354, 3, 0
2716587, 0, 1
2716590, 1, 1
2716601, 2, 0
2716604, 3, 0
2716837, 0, 0
2716840, 1, 0
2716851, 2, 1
2716854, 3, 1
2717087, 0, 1
2717090, 1, 1
2717101, 2, 0
2717104, 3, 1
2717337, 0, 0
2717340, 1, 0
2717351, 2, 1
2717355, 3, 0
2717587, 0, 1
2717590, 1, bit 0
2717590, 1, 0
2717601, 2, 1
2717605, 3, 0
2717837, 0, bit 1
2717837, 0, 1
2717840, 1, 1
2717851, 2, 0
2717855, 3, 1
2718087, 0, 0
2718090, 1, 0
2718101, 2, 0
2718105, 3, bit 1
2718108, 3, 0
2718337, 0, 1
2718340, 1, 1
2718351, 2, 1
2718355, 3, 1
2718587, 0, 0
2718590, 1, 0
2718601, 2, bit 1
2718601, 2, 0
2718605, 3, 0
2718837, 0, 0
2718840, 1, 1
2718851, 2, 1
2718855, 3, 1
2719087, 0, 1
2719090, 1, 1
2719101, 2, 0
2719105, 3, 0
2719337, 0, 0
2719340, 1, 0
2719351, 2, 1
2719355, 3, 1
2719587, 0, 1
2719590, 1, 0
2719601, 2, 1
2719605, 3, 0
2719837, 0, 0
2719840, 1, 1
2719851, 2, 0
2719855, 3, 1
2720087, 0, 1
2720090, 1, 0
2720101, 2, 0
2720105, 3, 1
2720337, 0, 0
2720340, 1, 1
2720351, 2, 1
2720355, 3, 0
2720587, 0, 1
2720590, 1, 0
2720601, 2, 0
2720605, 3, 0
2720837, 0, 0
2720840, 1, 1
2720851, 2, 1
2720855, 3, 1
2721087, 0, 1
2721090, 1, bit 0
2721090, 1, 0
2721101, 2, 1
2721105, 3, 1
2721337, 0, bit 0
2721337, 0, 0
2721340, 1, 1
2721351, 2, 0
2721355, 3, 0
2721587, 0, 1
2721590, 1, 0
2721601, 2, 0
2721605, 3, bit 0
2721605, 3, 1
2721837, 0, 0
2721840, 1, 1
2721851, 2, 1
2721855, 3, 0
2722087, 0, 1
2722091, 1, 0
2722101, 2, bit 1
2722101, 2, 0
2722105, 3, 1
2722337, 0, 1
2722341, 1, 1
2722351, 2, 1
2722355, 3, 0
2722587, 0, 0
2722591, 1, 1
2722601, 2, 0
2722605, 3, 1
2722837, 0, 1
2722841, 1, 0
2722851, 2, 1
2722855, 3, 0
2723087, 0, 0
2723091, 1, 0
2723101, 2, 1
2723105, 3, 1
2723337, 0, 1
2723341, 1, 1
2723351, 2, 0
2723355, 3, 0
2723587, 0, 0
2723591, 1, 0
2723601, 2, 0
2723605, 3, 0
2723837, 0, 1
2723841, 1, 1
2723851, 2, 1
2723855, 3, 1
2724087, 0, 0
2724091, 1, 0
2724101, 2, 0
2724105, 3, 1
2724337, 0, 1
2724341, 1, 1
2724352, 2, 1
2724355, 3, 0
2724587, 0, 0
2724591, 1, bit 0
2724591, 1, 0
2724602, 2, 1
2724605, 3, 0
2724837, 0, bit 0
2724837, 0, 0
2724841, 1, 1
2724852, 2, 0
2724855, 3, 1
2725087, 0, 1
2725091, 1, 0
2725102, 2, 0
2725105, 3, bit 0
2725105, 3, 1
2725337, 0, 0
2725341, 1, 1
2725352, 2, 1
2725355, 3, 0
2725587, 0, 1
2725591, 1, 0
2725602, 2, bit 1
2725602, 2, 0
2725605, 3, 1
2725837, 0, 1
2725841, 1, 1
2725852, 2, 1
2725855, 3, 0
2726087, 0, 0
2726091, 1, 1
2726102, 2, 0
2726105, 3, 1
2726337, 0, 1
2726341, 1, 0
2726352, 2, 1
2726355, 3, 0
2726587, 0, 0
2726591, 1, 0
2726602, 2, 1
2726605, 3, 1
2726837, 0, 1
2726841, 1, 1
2726852, 2, 0
2726855, 3, 0
2727087, 0, 0
2727091, 1, 0
2727102, 2, 0
2727105, 3, 0
2727337, 0, 1
2727341, 1, 1
2727352, 2, 1
2727355, 3, 1
2727587, 0, 0
2727591, 1, 0
2727602, 2, 0
2727605, 3, 1
2727837, 0, 1
2727841, 1, 1
2727852, 2, 1
2727855, 3, 0
2728087, 0, 0
2728091, 1, bit 0
2728094, 1, 0
2728102, 2, 1
2728105, 3, 0
2728337, 0, bit 1
2728337, 0, 1
2728341, 1, 1
2728352, 2, 0
2728355, 3, 1
2728587, 0, 0
2728591, 1, 0
2728602, 2, 0
2728605, 3, bit 0
2728605, 3, 1
2728837, 0, 1
2728841, 1, 1
2728852, 2, 1
2728855, 3, 0
2729088, 0, 0
2729091, 1, 0
2729102, 2, bit 0
2729102, 2, 1
2729105, 3, 1
2729338, 0, 0
2729341, 1, 1
2729352, 2, 0
2729355, 3, 0
2729588, 0, 1
2729591, 1, 1
2729602, 2, 1
2729605, 3, 1
2729838, 0, 0
2729841, 1, 0
2729852, 2, 0
2729863, 3, 0
2730088, 0, 1
2730091, 1, 0
2730102, 2, 0
2730113, 3, 1
2730338, 0, 0
2730341, 1, 1
2730352, 2, 1
2730363, 3, 0
2730588, 0, 1
2730591, 1, 0
2730602, 2, 1
2730613, 3, 0
2730838, 0, 0
2730841, 1, 1
2730852, 2, 0
2730863, 3, 1
2731088, 0, 1
2731091, 1, 0
2731102, 2, 1
2731113, 3, 1
2731338, 0, 0
2731341, 1, 1
2731352, 2, 0
2731363, 3, 0
2731588, 0, 1
2731591, 1, bit 0
2731591, 1, 0
2731602, 2, 0
2731613, 3, 0
2731838, 0, bit 1
2731838, 0, 1
2731841, 1, 1
2731852, 2, 1
2731863, 3, 1
2732088, 0, 0
2732091, 1, 0
2732102, 2, 1
2732113, 3, bit 1
2732113, 3, 0
2732338, 0, 1
2732341, 1, 1
2732352, 2, 0
2732363, 3, 1
2732588, 0, 0
2732591, 1, 0
2732602, 2, bit 1
2732602, 2, 0
2732613, 3, 0
2732838, 0, 0
2732841, 1, 1
2732852, 2, 1
2732863, 3, 1
2733088, 0, 1
2733091, 1, 1
2733102, 2, 0
2733113, 3, 0
2733338, 0, 0
2733341, 1, 0
2733352, 2, 1
2733363, 3, 1
2733588, 0, 1
2733591, 1, 0
2733602, 2, 1
2733613, 3, 0
2733838, 0, 0
2733841, 1, 1
2733852, 2, 0
2733863, 3, 1
2734088, 0, 1
2734091, 1, 0
2734102, 2, 0
2734113, 3, 1
2734338, 0, 0
2734341, 1, 1
2734352, 2, 1
2734363, 3, 0
2734588, 0, 1
2734592, 1, 0
2734602, 2, 0
2734613, 3, 0
2734838, 0, 0
2734842, 1, 1
2734852, 2, 1
2734863, 3, 1
2735088, 0, 1
2735092, 1, bit 1
2735092, 1, 1
2735102, 2, 1
2735113, 3, 1
2735338, 0, bit 1
2735338, 0, 1
2735342, 1, 0
2735352, 2, 0
2735363, 3, 0
2735588, 0, 0
2735592, 1, 1
2735602, 2, 0
2735613, 3, bit 1
2735613, 3, 0
2735838, 0, 1
2735842, 1, 0
2735852, 2, 1
2735863, 3, 1
2736088, 0, 0
2736092, 1, 1
2736102, 2, bit 0
2736102, 2, 1
2736113, 3, 0
2736338, 0, 0
2736342, 1, 0
2736352, 2, 0
2736363, 3, 1
2736588, 0, 1
2736592, 1, 0
2736602, 2, 1
2736613, 3, 0
2736838, 0, 0
2736842, 1, 1
2736852, 2, 0
2736863, 3, 1
2737088, 0, 1
2737092, 1, 1
2737102, 2, 0
2737113, 3, 0
2737338, 0, 0
2737342, 1, 0
2737352, 2, 1
2737363, 3, 1
2737588, 0, 1
2737592, 1, 1
2737602, 2, 1
2737613, 3, 1
2737838, 0, 0
2737842, 1, 0
2737852, 2, 0
2737863, 3, 0
2738088, 0, 1
2738092, 1, 1
2738102, 2, 1
2738113, 3, 0
2738338, 0, 0
2738342, 1, 0
2738352, 2, 0
2738363, 3, 1
2738588, 0, 1
2738592, 1, bit 1
2738592, 1, 1
2738603, 2, 0
2738613, 3, 1
2738838, 0, bit 1
2738838, 0, 1
2738842, 1, 0
2738853, 2, 1
2738863, 3, 0
2739088, 0, 0
2739092, 1, 1
2739103, 2, 1
2739113, 3, bit 0
2739113, 3, 1
2739338, 0, 1
2739342, 1, 0
2739353, 2, 0
2739363, 3, 0
2739588, 0, 0
2739592, 1, 1
2739603, 2, bit 0
2739606, 2, 1
2739613, 3, 1
2739838, 0, 0
2739842, 1, 0
2739853, 2, 0
2739863, 3, 0
2740088, 0, 1
2740092, 1, 0
2740103, 2, 1
2740113, 3, 1
2740338, 0, 0
2740342, 1, 1
2740353, 2, 0
2740363, 3, 0
2740588, 0, 1
2740592, 1, 1
2740603, 2, 0
2740613, 3, 1
2740838, 0, 0
2740842, 1, 0
2740853, 2, 1
2740864, 3, 0
2741088, 0, 1
2741092, 1, 1
2741103, 2, 1
2741114, 3, 0
2741338, 0, 0
2741342, 1, 0
2741353, 2, 0
2741364, 3, 1
2741588, 0, 1
2741592, 1, 1
2741603, 2, 1
2741614, 3, 1
2741838, 0, 0
2741842, 1, 0
2741853, 2, 0
2741864, 3, 0
2742088, 0, 1
2742092, 1, bit 1
2742092, 1, 1
2742103, 2, 0
2742114, 3, 0
2742338, 0, bit 0
2742338, 0, 0
2742342, 1, 0
2742353, 2, 1
2742364, 3, 1
2742588, 0, 1
2742592, 1, 1
2742603, 2, 1
2742614, 3, bit 1
2742614, 3, 0
2742838, 0, 0
2742842, 1, 0
2742853, 2, 0
2742864, 3, 1
2743088, 0, 1
2743092, 1, 1
2743103, 2, bit 0
2743103, 2, 1
2743114, 3, 0
2743339, 0, 1
2743342, 1, 0
2743353, 2, 0
2743364, 3, 1
2743589, 0, 0
2743592, 1, 0
2743603, 2, 1
2743614, 3, 0
2743839, 0, 1
2743842, 1, 1
2743853, 2, 0
2743864, 3, 1
2744089, 0, 0
2744092, 1, 1
2744103, 2, 0
2744114, 3, 0
2744339, 0, 1
2744342, 1, 0
2744353, 2, 1
2744364, 3, 1
2744589, 0, 0
2744592, 1, 1
2744603, 2, 1
2744614, 3, 1
2744839, 0, 1
2744842, 1, 0
2744853, 2, 0
2744864, 3, 0
2745089, 0, 0
2745092, 1, 1
2745103, 2, 1
2745114, 3, 0
2745339, 0, 1
2745342, 1, 0
2745353, 2, 0
2745364, 3, 1
2745589, 0, 0
2745592, 1, bit 1
2745592, 1, 1
2745603, 2, 0
2745614, 3, 1
2745839, 0, bit 1
2745839, 0, 1
2745842, 1, 0
2745853, 2, 1
2745864, 3, 0
2746089, 0, 0
2746092, 1, 1
2746103, 2, 1
2746114, 3, bit 1
2746114, 3, 0
2746339, 0, 1
2746342, 1, 0
2746353, 2, 0
2746364, 3, 1
2746589, 0, 0
2746592, 1, 1
2746603, 2, bit 0
2746603, 2, 1
2746614, 3, 0
2746839, 0, 0
2746842, 1, 0
2746853, 2, 0
2746864, 3, 1
2747089, 0, 1
2747092, 1, 0
2747103, 2, 1
2747114, 3, 0
2747339, 0, 0
2747342, 1, 1
2747353, 2, 0
2747364, 3, 1
2747589, 0, 1
2747592, 1, 1
2747603, 2, 0
2747614, 3, 0
2747839, 0, 0
2747842, 1, 0
2747853, 2, 1
2747864, 3, 1
2748089, 0, 1
2748092, 1, 1
2748103, 2, 1
2748114, 3, 1
2748339, 0, 0
2748342, 1, 0
2748353, 2, 0
2748364, 3, 0
2748589, 0, 1
2748592, 1, 1
2748603, 2, 1
2748614, 3, 0
2748839, 0, 0
2748843, 1, 0
2748853, 2, 0
2748864, 3, 1
2749089, 0, 1
2749093, 1, bit 1
2749093, 1, 1
2749103, 2, 0
2749114, 3, 1
2749339, 0, bit 1
2749339, 0, 1
2749343, 1, 0
2749353, 2, 1
2749364, 3, 0
2749589, 0, 0
2749593, 1, 1
2749603, 2, 1
2749614, 3, bit 0
2749614, 3, 1
2749839, 0, 1
2749843, 1, 0
2749853, 2, 0
2749864, 3, 0
2750089, 0, 0
2750093, 1, 1
2750103, 2, bit 1
2750103, 2, 0
2750114, 3, 1
2750339, 0, 0
2750343, 1, 0
2750353, 2, 1
2750364, 3, 0
2750589, 0, 1
2750593, 1, 0
2750603, 2, 0
2750614, 3, 1
2750839, 0, 0
2750843, 1, 1
2750853, 2, 1
2750864, 3, 0
2751089, 0, 1
2751093, 1, 1
2751104, 2, 1
2751114, 3, 1
2751339, 0, 0
2751343, 1, 0
2751354, 2, 0
2751364, 3, 0
2751589, 0, 1
2751593, 1, 1
2751604, 2, 0
2751614, 3, 0
2751839, 0, 0
2751843, 1, 0
2751854, 2, 1
2751864, 3, 1
2752089, 0, 1
2752093, 1, 1
2752104, 2, 0
2752114, 3, 1
2752339, 0, 0
2752343, 1, 0
2752354, 2, 1
2752364, 3, 0
2752589, 0, 1
2752593, 1, bit 0
2752593, 1, 0
2752604, 2, 1
2752614, 3, 0
2752839, 0, bit 1
2752839, 0, 1
2752843, 1, 1
2752854, 2, 0
2752864, 3, 1
2753089, 0, 0
2753093, 1, 0
2753104, 2, 0
2753114, 3, bit 0
2753114, 3, 1
2753339, 0, 1
2753343, 1, 1
2753354, 2, 1
2753364, 3, 0
2753589, 0, 0
2753593, 1, 0
2753604, 2, bit 0
2753604, 2, 1
2753614, 3, 1
2753839, 0, 0
2753843, 1, 1
2753854, 2, 0
2753864, 3, 0
2754089, 0, 1
2754093, 1, 1
2754104, 2, 1
2754114, 3, 1
2754339, 0, 0
2754343, 1, 0
2754354, 2, 0
2754364, 3, 0
2754589, 0, 1
2754593, 1, 0
2754604, 2, 0
2754614, 3, 1
2754839, 0, 0
2754843, 1, 1
2754854, 2, 1
2754864, 3, 0
2755089, 0, 1
2755093, 1, 0
2755104, 2, 1
2755115, 3, 0
2755339, 0, 0
2755343, 1, 1
2755354, 2, 0
2755365, 3, 1
2755589, 0, 1
2755593, 1, 0
2755604, 2, 1
2755615, 3, 1
2755840, 0, 0
2755843, 1, 1
2755854, 2, 0
2755865, 3, 0
2756090, 0, 1
2756093, 1, bit 0
2756093, 1, 0
2756104, 2, 0
2756115, 3, 0
2756340, 0, bit 1
2756340, 0, 1
2756343, 1, 1
2756354, 2, 1
2756365, 3, 1
2756590, 0, 0
2756593, 1, 0
2756604, 2, 1
2756615, 3, bit 1
2756615, 3, 0
2756840, 0, 1
2756843, 1, 1
2756854, 2, 0
2756865, 3, 1
2757090, 0, 0
2757093, 1, 0
2757104, 2, bit 1
2757104, 2, 0
2757115, 3, 0
2757340, 0, 0
2757343, 1, 1
2757354, 2, 1
2757365, 3, 1
2757590, 0, 1
2757593, 1, 1
2757604, 2, 0
2757615, 3, 0
2757840, 0, 0
2757843, 1, 0
2757854, 2, 1
2757865, 3, 1
2758090, 0, 1
2758093, 1, 0
2758104, 2, 1
2758115, 3, 0
2758340, 0, 0
2758343, 1, 1
2758354, 2, 0
2758365, 3, 1
2758590, 0, 1
2758593, 1, 0
2758604, 2, 0
2758615, 3, 1
2758840, 0, 0
2758843, 1, 1
2758854, 2, 1
2758865, 3, 0
2759090, 0, 1
2759093, 1, 0
2759104, 2, 0
2759115, 3, 0
2759340, 0, 0
2759343, 1, 1
2759354, 2, 1
2759365, 3, 1
2759590, 0, 1
2759593, 1, bit 1
2759593, 1, 1
2759604, 2, 1
2759615, 3, 1
2759840, 0, bit 1
2759840, 0, 1
2759843, 1, 0
2759854, 2, 0
2759865, 3, 0
2760090, 0, 0
2760093, 1, 1
2760104, 2, 0
2760115, 3, bit 1
2760115, 3, 0
2760340, 0, 1
2760343, 1, 0
2760354, 2, 1
2760365, 3, 1
2760590, 0, 0
2760593, 1, 1
2760604, 2, bit 0
2760604, 2, 1
2760615, 3, 0
2760840, 0, 0
2760843, 1, 0
2760854, 2, 0
2760865, 3, 1
2761090, 0, 1
2761093, 1, 0
2761104, 2, 1
2761115, 3, 0
2761340, 0, 0
2761344, 1, 1
2761354, 2, 0
2761365, 3, 1
2761590, 0, 1
2761594, 1, 1
2761604, 2, 0
2761615, 3, 0
2761840, 0, 0
2761844, 1, 0
2761854, 2, 1
2761865, 3, 1
2762090, 0, 1
2762094, 1, 1
2762104, 2, 1
2762115, 3, 1
2762340, 0, 0
2762344, 1, 0
2762354, 2, 0
2762365, 3, 0
2762590, 0, 1
2762594, 1, 1
2762604, 2, 1
2762615, 3, 0
2762840, 0, 0
2762844, 1, 0
2762854, 2, 0
2762865, 3, 1
2763090, 0, 1
2763094, 1, bit 1
2763094, 1, 1
2763104, 2, 0
2763115, 3, 1
2763340, 0, bit 0
2763340, 0, 0
2763344, 1, 0
2763354, 2, 1
2763365, 3, 0
2763590, 0, 1
2763594, 1, 1
2763604, 2, 1
2763615, 3, bit 0
2763615, 3, 1
2763840, 0, 0
2763844, 1, 0
2763854, 2, 0
2763865, 3, 0
2764090, 0, 1
2764094, 1, 1
2764104, 2, bit 1
2764104, 2, 0
2764115, 3, 1
2764340, 0, 1
2764344, 1, 0
2764354, 2, 1
2764365, 3, 0
2764590, 0, 0
2764594, 1, 0
2764604, 2, 0
2764615, 3, 1
2764840, 0, 1
2764844, 1, 1
2764854, 2, 1
2764865, 3, 0
2765090, 0, 0
2765094, 1, 1
2765104, 2, 1
2765115, 3, 1
2765340, 0, 1
2765344, 1, 0
2765355, 2, 0
2765365, 3, 0
2765590, 0, 0
2765594, 1, 1
2765605, 2, 0
2765615, 3, 0
2765840, 0, 1
2765844, 1, 0
2765855, 2, 1
2765865, 3, 1
2766090, 0, 0
2766094, 1, 1
2766105, 2, 0
2766115, 3, 1
2766340, 0, 1
2766344, 1, 0
2766355, 2, 1
2766365, 3, 0
2766590, 0, 0
2766594, 1, bit 1
2766594, 1, 1
2766605, 2, 1
2766615, 3, 0
2766840, 0, bit 1
2766840, 0, 1
2766844, 1, 0
2766855, 2, 0
2766865, 3, 1
2767090, 0, 0
2767094, 1, 1
2767105, 2, 0
2767115, 3, bit 1
2767115, 3, 0
2767340, 0, 1
2767344, 1, 0
2767355, 2, 1
2767365, 3, 1
2767590, 0, 0
2767594, 1, 1
2767605, 2, bit 0
2767605, 2, 1
2767616, 3, 0
2767840, 0, 0
2767844, 1, 0
2767855, 2, 0
2767866, 3, 1
2768090, 0, 1
2768094, 1, 0
2768105, 2, 1
2768116, 3, 0
2768340, 0, 0
2768344, 1, 1
2768355, 2, 0
2768366, 3, 1
2768590, 0, 1
2768594, 1, 1
2768605, 2, 0
2768616, 3, 0
2768840, 0, 0
2768844, 1, 0
2768855, 2, 1
2768866, 3, 1
2769090, 0, 1
2769094, 1, 1
2769105, 2, 1
2769116, 3, 1
2769340, 0, 0
2769344, 1, 0
2769355, 2, 0
2769366, 3, 0
2769590, 0, 1
2769594, 1, 1
2769605, 2, 1
2769616, 3, 0
2769840, 0, 0
2769844, 1, 0
2769855, 2, 0
2769866, 3, 1
2770091, 0, 1
2770094, 1, bit 1
2770094, 1, 1
2770105, 2, 0
2770116, 3, 1
2770341, 0, bit 0
2770341, 0, 0
2770344, 1, 0
2770355, 2, 1
2770366, 3, 0
2770591, 0, 1
2770594, 1, 1
2770605, 2, 1
2770616, 3, bit 1
2770616, 3, 0
2770841, 0, 0
2770844, 1, 0
2770855, 2, 0
2770866, 3, 1
2771091, 0, 1
2771094, 1, 1
2771105, 2, bit 0
2771105, 2, 1
2771116, 3, 0
2771341, 0, 1
2771344, 1, 0
2771355, 2, 0
2771366, 3, 1
2771591, 0, 0
2771594, 1, 0
2771605, 2, 1
2771616, 3, 0
2771841, 0, 1
2771844, 1, 1
2771855, 2, 0
2771866, 3, 1
2772091, 0, 0
2772094, 1, 1
2772105, 2, 0
2772116, 3, 0
2772341, 0, 1
2772344, 1, 0
2772355, 2, 1
2772366, 3, 1
2772591, 0, 0
2772594, 1, 1
2772605, 2, 1
2772616, 3, 1
2772841, 0, 1
2772844, 1, 0
2772855, 2, 0
2772866, 3, 0
2773091, 0, 0
2773094, 1, 1
2773105, 2, 1
2773116, 3, 0
2773341, 0, 1
2773344, 1, 0
2773355, 2, 0
2773366, 3, 1
2773591, 0, 0
2773594, 1, bit 1
2773594, 1, 1
2773605, 2, 0
2773616, 3, 1
2773841, 0, bit 0
2773841, 0, 0
2773844, 1, 0
2773855, 2, 1
2773866, 3, 0
2774091, 0, 1
2774094, 1, 1
2774105, 2, 1
2774116, 3, bit 0
2774116, 3, 1
2774341, 0, 0
2774344, 1, 0
2774355, 2, 0
2774366, 3, 0
2774591, 0, 1
2774594, 1, 1
2774605, 2, bit 0
2774605, 2, 1
2774616, 3, 1
2774841, 0, 1
2774844, 1, 0
2774855, 2, 0
2774866, 3, 0
2775091, 0, 0
2775094, 1, 0
2775105, 2, 1
2775116, 3, 1
2775341, 0, 1
2775344, 1, 1
2775355, 2, 0
2775366, 3, 0
2775591, 0, 0
2775595, 1, 1
2775605, 2, 0
2775616, 3, 1
2775841, 0, 1
2775845, 1, 0
2775855, 2, 1
2775866, 3, 0
2776091, 0, 0
2776095, 1, 1
2776105, 2, 1
2776116, 3, 0
2776341, 0, 1
2776345, 1, 0
2776355, 2, 0
2776366, 3, 1
2776591, 0, 0
2776595, 1, 1
2776605, 2, 1
2776616, 3, 1
2776841, 0, 1
2776845, 1, 0
2776855, 2, 0
2776866, 3, 0
2777091, 0, 0
2777095, 1, bit 0
2777095, 1, 0
2777105, 2, 0
2777116, 3, 0
2777341, 0, bit 1
2777341, 0, 1
2777345, 1, 1
2777355, 2, 1
2777366, 3, 1
2777591, 0, 0
2777595, 1, 0
2777605, 2, 1
2777616, 3, bit 1
2777616, 3, 0
2777841, 0, 1
2777845, 1, 1
2777856, 2, 0
2777866, 3, 1
2778091, 0, 0
2778095, 1, 0
2778106, 2, bit 1
2778106, 2, 0
2778116, 3, 0
2778341, 0, 0
2778345, 1, 1
2778356, 2, 1
2778366, 3, 1
2778591, 0, 1
2778595, 1, 1
2778606, 2, 0
2778616, 3, 0
2778841, 0, 0
2778845, 1, 0
2778856, 2, 1
2778866, 3, 1
2779091, 0, 1
2779095, 1, 0
2779106, 2, 1
2779116, 3, 0
2779341, 0, 0
2779345, 1, 1
2779356, 2, 0
2779366, 3, 1
2779591, 0, 1
2779595, 1, 0
2779606, 2, 0
2779616, 3, 1
2779841, 0, 0
2779845, 1, 1
2779856, 2, 1
2779866, 3, 0
2780091, 0, 1
2780095, 1, 0
2780106, 2, 0
2780116, 3, 0
2780341, 0, 0
2780345, 1, 1
2780356, 2, 1
2780366, 3, 1
2780591, 0, 1
2780595, 1, bit 0
2780595, 1, 0
2780606, 2, 1
2780616, 3, 1
2780841, 0, bit 1
2780841, 0, 1
2780845, 1, 1
2780856, 2, 0
2780866, 3, 0
2781091, 0, 0
2781095, 1, 0
2781106, 2, 0
2781116, 3, bit 0
2781116, 3, 1
2781341, 0, 1
2781345, 1, 1
2781356, 2, 1
2781366, 3, 0
2781591, 0, 0
2781595, 1, 0
2781606, 2, bit 0
2781606, 2, 1
2781616, 3, 1
2781841, 0, 0
2781845, 1, 1
2781856, 2, 0
2781867, 3, 0
2782091, 0, 1
2782095, 1, 1
2782106, 2, 1
2782117, 3, 1
2782341, 0, 0
2782345, 1, 0
2782356, 2, 0
2782367, 3, 0
2782592, 0, 1
2782595, 1, 0
2782606, 2, 0
2782617, 3, 1
2782842, 0, 0
2782845, 1, 1
2782856, 2, 1
2782867, 3, 0
2783092, 0, 1
2783095, 1, 0
2783106, 2, 1
2783117, 3, 0
2783342, 0, 0
2783345, 1, 1
2783356, 2, 0
2783367, 3, 1
2783592, 0, 1
2783595, 1, 0
2783606, 2, 1
2783617, 3, 1
2783842, 0, 0
2783845, 1, 1
2783856, 2, 0
2783867, 3, 0
2784092, 0, 1
2784095, 1, bit 1
2784095, 1, 1
2784106, 2, 0
2784117, 3, 0
2784342, 0, bit 0
2784342, 0, 0
2784345, 1, 0
2784356, 2, 1
2784367, 3, 1
2784592, 0, 1
2784595, 1, 1
2784606, 2, 1
2784617, 3, bit 0
2784620, 3, 1
2784842, 0, 0
2784845, 1, 0
2784856, 2, 0
2784867, 3, 0
2785092, 0, 1
2785095, 1, 1
2785106, 2, bit 0
2785106, 2, 1
2785117, 3, 1
2785342, 0, 1
2785345, 1, 0
2785356, 2, 0
2785367, 3, 0
2785592, 0, 0
2785595, 1, 0
2785606, 2, 1
2785617, 3, 1
2785842, 0, 1
2785845, 1, 1
2785856, 2, 0
2785867, 3, 0
2786092, 0, 0
2786095, 1, 1
2786106, 2, 0
2786117, 3, 1
2786342, 0, 1
2786345, 1, 0
2786356, 2, 1
2786367, 3, 0
2786592, 0, 0
2786595, 1, 1
2786606, 2, 1
2786617, 3, 0
2786842, 0, 1
2786845, 1, 0
2786856, 2, 0
2786867, 3, 1
2787092, 0, 0
2787095, 1, 1
2787106, 2, 1
2787117, 3, 1
2787342, 0, 1
2787345, 1, 0
2787356, 2, 0
2787367, 3, 0
2787592, 0, 0
2787595, 1, bit 0
2787595, 1, 0
2787606, 2, 0
2787617, 3, 0
2787842, 0, bit 0
2787842, 0, 0
2787845, 1, 1
2787856, 2, 1
2787867, 3, 1
2788092, 0, 1
2788096, 1, 0
2788106, 2, 1
2788117, 3, bit 0
2788117, 3, 1
2788342, 0, 0
2788346, 1, 1
2788356, 2, 0
2788367, 3, 0
2788592, 0, 1
2788596, 1, 0
2788606, 2, bit 0
2788606, 2, 1
2788617, 3, 1
2788842, 0, 1
2788846, 1, 1
2788856, 2, 0
2788867, 3, 0
2789092, 0, 0
2789096, 1, 1
2789106, 2, 1
2789117, 3, 1
2789342, 0, 1
2789346, 1, 0
2789356, 2, 0
2789367, 3, 0
2789592, 0, 0
2789596, 1, 0
2789606, 2, 0
2789617, 3, 1
2789842, 0, 1
2789846, 1, 1
2789856, 2, 1
2789867, 3, 0
2790092, 0, 0
2790096, 1, 0
2790106, 2, 1
2790117, 3, 0
2790342, 0, 1
2790346, 1, 1
2790356, 2, 0
2790367, 3, 1
2790592, 0, 0
2790596, 1, 0
2790606, 2, 1
2790617, 3, 1
2790842, 0, 1
2790846, 1, 1
2790856, 2, 0
2790867, 3, 0
2791092, 0, 0
2791096, 1, bit 1
2791096, 1, 1
2791106, 2, 0
2791117, 3, 0
2791342, 0, bit 1
2791342, 0, 1
2791346, 1, 0
2791356, 2, 1
2791367, 3, 1
2791592, 0, 0
2791596, 1, 1
2791606, 2, 1
2791617, 3, bit 1
2791617, 3, 0
2791842, 0, 1
2791846, 1, 0
2791856, 2, 0
2791867, 3, 1
2792092, 0, 0
2792096, 1, 1
2792107, 2, bit 1
2792107, 2, 0
2792117, 3, 0
2792342, 0, 0
2792346, 1, 0
2792357, 2, 1
2792367, 3, 1
2792592, 0, 1
2792596, 1, 0
2792607, 2, 0
2792617, 3, 0
2792842, 0, 0
2792846, 1, 1
2792857, 2, 1
2792867, 3, 1
2793092, 0, 1
2793096, 1, 1
2793107, 2, 1
2793117, 3, 0
2793342, 0, 0
2793346, 1, 0
2793357, 2, 0
2793367, 3, 1
2793592, 0, 1
2793596, 1, 1
2793607, 2, 0
2793617, 3, 1
2793842, 0, 0
2793846, 1, 0
2793857, 2, 1
2793867, 3, 0
2794092, 0, 1
2794096, 1, 1
2794107, 2, 0
2794117, 3, 0
2794342, 0, 0
2794346, 1, 0
2794357, 2, 1
2794368, 3, 1
2794592, 0, 1
2794596, 1, bit 1
2794599, 1, 1
2794607, 2, 1
2794618, 3, 1
2794842, 0, bit 0
2794842, 0, 0
2794846, 1, 0
2794857, 2, 0
2794868, 3, 0
2795092, 0, 1
2795096, 1, 1
2795107, 2, 0
2795118, 3, bit 0
2795118, 3, 1
2795342, 0, 0
2795346, 1, 0
2795357, 2, 1
2795368, 3, 0
2795592, 0, 1
2795596, 1, 1
2795607, 2, bit 1
2795607, 2, 0
2795618, 3, 1
2795842, 0, 1
2795846, 1, 0
2795857, 2, 1
2795868, 3, 0
2796092, 0, 0
2796096, 1, 0
2796107, 2, 0
2796118, 3, 1
2796342, 0, 1
2796346, 1, 1
2796357, 2, 1
2796368, 3, 0
2796592, 0, 0
2796596, 1, 1
2796607, 2, 1
2796618, 3, 1
2796843, 0, 1
2796846, 1, 0
2796857, 2, 0
2796868, 3, 0
2797093, 0, 0
2797096, 1, 1
2797107, 2, 0
2797118, 3, 0
2797343, 0, 1
2797346, 1, 0
2797357, 2, 1
2797368, 3, 1
2797593, 0, 0
2797596, 1, 1
2797607, 2, 0
2797618, 3, 1
2797843, 0, 1
2797846, 1, 0
2797857, 2, 1
2797868, 3, 0
2798093, 0, 0
2798096, 1, bit 1
2798096, 1, 1
2798107, 2, 1
2798118, 3, 0
2798343, 0, bit 1
2798343, 0, 1
2798346, 1, 0
2798357, 2, 0
2798368, 3, 1
2798593, 0, 0
2798596, 1, 1
2798607, 2, 0
2798618, 3, bit 0
2798618, 3, 1
2798843, 0, 1
2798846, 1, 0
2798857, 2, 1
2798868, 3, 0
2799093, 0, 0
2799096, 1, 1
2799107, 2, bit 0
2799107, 2, 1
2799118, 3, 1
2799343, 0, 0
2799346, 1, 0
2799357, 2, 0
2799368, 3, 0
2799593, 0, 1
2799596, 1, 0
2799607, 2, 1
2799618, 3, 1
2799843, 0, 0
2799846, 1, 1
2799857, 2, 0
2799868, 3, 0
2800093, 0, 1
2800096, 1, 1
2800107, 2, 0
2800118, 3, 1
2800343, 0, 0
2800346, 1, 0
2800357, 2, 1
2800368, 3, 0
2800593, 0, 1
2800596, 1, 1
2800607, 2, 1
2800618, 3, 0
2800843, 0, 0
2800846, 1, 0
2800857, 2, 0
2800868, 3, 1
2801093, 0, 1
2801096, 1, 1
2801107, 2, 1
2801118, 3, 1
2801343, 0, 0
2801346, 1, 0
2801357, 2, 0
2801368, 3, 0
2801593, 0, 1
2801596, 1, bit 0
2801596, 1, 0
2801607, 2, 0
2801618, 3, 0
2801843, 0, bit 1
2801843, 0, 1
2801846, 1, 1
2801857, 2, 1
2801868, 3, 1
2802093, 0, 0
2802096, 1, 0
2802107, 2, 1
2802118, 3, bit 1
2802118, 3, 0
2802343, 0, 1
2802347, 1, 1
2802357, 2, 0
2802368, 3, 1
2802593, 0, 0
2802597, 1, 0
2802607, 2, bit 1
2802607, 2, 0
2802618, 3, 0
2802843, 0, 0
2802847, 1, 1
2802857, 2, 1
2802868, 3, 1
2803093, 0, 1
2803097, 1, 1
2803107, 2, 0
2803118, 3, 0
2803343, 0, 0
2803347, 1, 0
2803357, 2, 1
2803368, 3, 1
2803593, 0, 1
2803597, 1, 0
2803607, 2, 1
2803618, 3, 0
2803843, 0, 0
2803847, 1, 1
2803857, 2, 0
2803868, 3, 1
2804093, 0, 1
2804097, 1, 0
2804107, 2, 0
2804118, 3, 1
2804343, 0, 0
2804347, 1, 1
2804357, 2, 1
2804368, 3, 0
2804593, 0, 1
2804597, 1, 0
2804608, 2, 0
2804618, 3, 0
2804843, 0, 0
2804847, 1, 1
2804858, 2, 1
2804868, 3, 1
2805093, 0, 1
2805097, 1, bit 1
2805097, 1, 1
2805108, 2, 1
2805118, 3, 1
2805343, 0, bit 1
2805343, 0, 1
2805347, 1, 0
2805358, 2, 0
2805368, 3, 0
2805593, 0, 0
2805597, 1, 1
2805608, 2, 0
2805618, 3, bit 1
2805618, 3, 0
2805843, 0, 1
2805847, 1, 0
2805858, 2, 1
2805868, 3, 1
2806093, 0, 0
2806097, 1, 1
2806108, 2, bit 1
2806108, 2, 0
2806118, 3, 0
2806343, 0, 0
2806347, 1, 0
2806358, 2, 1
2806368, 3, 1
2806593, 0, 1
2806597, 1, 0
2806608, 2, 0
2806618, 3, 0
2806843, 0, 0
2806847, 1, 1
2806858, 2, 1
2806868, 3, 1
2807093, 0, 1
2807097, 1, 1
2807108, 2, 1
2807118, 3, 0
2807343, 0, 0
2807347, 1, 0
2807358, 2, 0
2807368, 3, 1
2807593, 0, 1
2807597, 1, 1
2807608, 2, 0
2807618, 3, 1
2807843, 0, 0
2807847, 1, 0
2807858, 2, 1
2807868, 3, 0
2808093, 0, 1
2808097, 1, 1
2808108, 2, 0
2808118, 3, 0
2808343, 0, 0
2808347, 1, 0
2808358, 2, 1
2808368, 3, 1
2808593, 0, 1
2808597, 1, bit 1
2808597, 1, 1
2808608, 2, 1
2808619, 3, 1
2808843, 0, bit 0
2808843, 0, 0
2808847, 1, 0
2808858, 2, 0
2808869, 3, 0
2809093, 0, 1
2809097, 1, 1
2809108, 2, 0
2809119, 3, bit 0
2809119, 3, 1
2809344, 0, 0
2809347, 1, 0
2809358, 2, 1
2809369, 3, 0
2809594, 0, 1
2809597, 1, 1
2809608, 2, bit 1
2809608, 2, 0
2809619, 3, 1
2809844, 0, 1
2809847, 1, 0
2809858, 2, 1
2809869, 3, 0
2810094, 0, 0
2810097, 1, 0
2810108, 2, 0
2810119, 3, 1
2810344, 0, 1
2810347, 1, 1
2810358, 2, 1
2810369, 3, 0
2810594, 0, 0
2810597, 1, 1
2810608, 2, 1
2810619, 3, 1
2810844, 0, 1
2810847, 1, 0
2810858, 2, 0
2810869, 3, 0
2811094, 0, 0
2811097, 1, 1
2811108, 2, 0
2811119, 3, 0
2811344, 0, 1
2811347, 1, 0
2811358, 2, 1
2811369, 3, 1
2811594, 0, 0
2811597, 1, 1
2811608, 2, 0
2811619, 3, 1
2811844, 0, 1
2811847, 1, 0
2811858, 2, 1
2811869, 3, 0
2812094, 0, 0
2812097, 1, bit 0
2812097, 1, 0
2812108, 2, 1
2812119, 3, 0
2812344, 0, bit 1
2812344, 0, 1
2812347, 1, 1
2812358, 2, 0
2812369, 3, 1
2812594, 0, 0
2812597, 1, 0
2812608, 2, 0
2812619, 3, bit 1
2812619, 3, 0
2812844, 0, 1
2812847, 1, 1
2812858, 2, 1
2812869, 3, 1
2813094, 0, 0
2813097, 1, 0
2813108, 2, bit 1
2813108, 2, 0
2813119, 3, 0
2813344, 0, 0
2813347, 1, 1
2813358, 2, 1
2813369, 3, 1
2813594, 0, 1
2813597, 1, 1
2813608, 2, 0
2813619, 3, 0
2813844, 0, 0
2813847, 1, 0
2813858, 2, 1
2813869, 3, 1
2814094, 0, 1
2814097, 1, 0
2814108, 2, 1
2814119, 3, 0
2814344, 0, 0
2814347, 1, 1
2814358, 2, 0
2814369, 3, 1
2814594, 0, 1
2814597, 1, 0
2814608, 2, 0
2814619, 3, 1
2814844, 0, 0
2814848, 1, 1
2814858, 2, 1
2814869, 3, 0
2815094, 0, 1
2815098, 1, 0
2815108, 2, 0
2815119, 3, 0
2815344, 0, 0
2815348, 1, 1
2815358, 2, 1
2815369, 3, 1
2815594, 0, 1
2815598, 1, bit 1
2815598, 1, 1
2815608, 2, 1
2815619, 3, 1
2815844, 0, bit 0
2815844, 0, 0
2815848, 1, 0
2815858, 2, 0
2815869, 3, 0
2816094, 0, 1
2816098, 1, 1
2816108, 2, 0
2816119, 3, bit 0
2816119, 3, 1
2816344, 0, 0
2816348, 1, 0
2816358, 2, 1
2816369, 3, 0
2816594, 0, 1
2816598, 1, 1
2816608, 2, bit 1
2816608, 2, 0
2816619, 3, 1
2816844, 0, 1
2816848, 1, 0
2816858, 2, 1
2816869, 3, 0
2817094, 0, 0
2817098, 1, 0
2817108, 2, 0
2817119, 3, 1
2817344, 0, 1
2817348, 1, 1
2817358, 2, 1
2817369, 3, 0
2817594, 0, 0
2817598, 1, 1
2817608, 2, 1
2817619, 3, 1
2817844, 0, 1
2817848, 1, 0
2817858, 2, 0
2817869, 3, 0
2818094, 0, 0
2818098, 1, 1
2818108, 2, 0
2818119, 3, 0
2818344, 0, 1
2818348, 1, 0
2818358, 2, 1
2818369, 3, 1
2818594, 0, 0
2818598, 1, 1
2818608, 2, 0
2818619, 3, 1
2818844, 0, 1
2818848, 1, 0
2818859, 2, 1
2818869, 3, 0
2819094, 0, 0
2819098, 1, bit 1
2819098, 1, 1
2819109, 2, 1
2819119, 3, 0
2819344, 0, bit 0
2819344, 0, 0
2819348, 1, 0
2819359, 2, 0
2819369, 3, 1
2819594, 0, 1
2819598, 1, 1
2819609, 2, 0
2819619, 3, bit 1
2819619, 3, 0
2819844, 0, 0
2819848, 1, 0
2819859, 2, 1
2819869, 3, 1
2820094, 0, 1
2820098, 1, 1
2820109, 2, bit 1
2820109, 2, 0
2820119, 3, 0
2820344, 0, 1
2820348, 1, 0
2820359, 2, 1
2820369, 3, 1
2820594, 0, 0
2820598, 1, 0
2820609, 2, 0
2820619, 3, 0
2820844, 0, 1
2820848, 1, 1
2820859, 2, 1
2820869, 3, 1
2821094, 0, 0
2821098, 1, 1
2821109, 2, 1
2821120, 3, 0
2821344, 0, 1
2821348, 1, 0
2821359, 2, 0
2821370, 3, 1
2821594, 0, 0
2821598, 1, 1
2821609, 2, 0
2821620, 3, 1
2821844, 0, 1
2821848, 1, 0
2821859, 2, 1
2821870, 3, 0
2822094, 0, 0
2822098, 1, 1
2822109, 2, 0
2822120, 3, 0
2822344, 0, 1
2822348, 1, 0
2822359, 2, 1
2822370, 3, 1
2822594, 0, 0
2822598, 1, bit 0
2822598, 1, 0
2822609, 2, 1
2822620, 3, 1
2822844, 0, bit 1
2822844, 0, 1
2822848, 1, 1
2822859, 2, 0
2822870, 3, 0
2823094, 0, 0
2823098, 1, 0
2823109, 2, 0
2823120, 3, bit 0
2823120, 3, 1
2823344, 0, 1
2823348, 1, 1
2823359, 2, 1
2823370, 3, 0
2823595, 0, 0
2823598, 1, 0
2823609, 2, bit 0
2823609, 2, 1
2823620, 3, 1
2823845, 0, 0
2823848, 1, 1
2823859, 2, 0
2823870, 3, 0
2824095, 0, 1
2824098, 1, 1
2824109, 2, 1
2824120, 3, 1
2824345, 0, 0
2824348, 1, 0
2824359, 2, 0
2824370, 3, 0
2824595, 0, 1
2824598, 1, 0
2824609, 2, 0
2824620, 3, 1
2824845, 0, 0
2824848, 1, 1
2824859, 2, 1
2824870, 3, 0
2825095, 0, 1
2825098, 1, 0
2825109, 2, 1
2825120, 3, 0
2825345, 0, 0
2825348, 1, 1
2825359, 2, 0
2825370, 3, 1
2825595, 0, 1
2825598, 1, 0
2825609, 2, 1
2825620, 3, 1
2825845, 0, 0
2825848, 1, 1
2825859, 2, 0
2825870, 3, 0
2826095, 0, 1
2826098, 1, bit 0
2826098, 1, 0
2826109, 2, 0
2826120, 3, 0
2826345, 0, bit 1
2826345, 0, 1
2826348, 1, 1
2826359, 2, 1
2826370, 3, 1
2826595, 0, 0
2826598, 1, 0
2826609, 2, 1
2826620, 3, bit 0
2826620, 3, 1
2826845, 0, 1
2826848, 1, 1
2826859, 2, 0
2826870, 3, 0
2827095, 0, 0
2827098, 1, 0
2827109, 2, bit 0
2827109, 2, 1
2827120, 3, 1
2827345, 0, 0
2827348, 1, 1
2827359, 2, 0
2827370, 3, 0
2827595, 0, 1
2827598, 1, 1
2827609, 2, 1
2827620, 3, 1
2827845, 0, 0
2827848, 1, 0
2827859, 2, 0
2827870, 3, 0
2828095, 0, 1
2828098, 1, 0
2828109, 2, 0
2828120, 3, 1
2828345, 0, 0
2828348, 1, 1
2828359, 2, 1
2828370, 3, 0
2828595, 0, 1
2828598, 1, 0
2828609, 2, 1
2828620, 3, 0
2828845, 0, 0
2828848, 1, 1
2828859, 2, 0
2828870, 3, 1
2829095, 0, 1
2829099, 1, 0
2829109, 2, 1
2829120, 3, 1
2829345, 0, 0
2829349, 1, 1
2829359, 2, 0
2829370, 3, 0
2829595, 0, 1
2829599, 1, bit 1
2829599, 1, 1
2829609, 2, 0
2829620, 3, 0
2829845, 0, bit 1
2829848, 0, 1
2829849, 1, 0
2829859, 2, 1
2829870, 3, 1
2830095, 0, 0
2830099, 1, 1
2830109, 2, 1
2830120, 3, bit 0
2830120, 3, 1
2830345, 0, 1
2830349, 1, 0
2830359, 2, 0
2830370, 3, 0
2830595, 0, 0
2830599, 1, 1
2830609, 2, bit 0
2830609, 2, 1
2830620, 3, 1
2830845, 0, 0
2830849, 1, 0
2830859, 2, 0
2830870, 3, 0
2831095, 0, 1
2831099, 1, 0
2831109, 2, 1
2831120, 3, 1
2831345, 0, 0
2831349, 1, 1
2831360, 2, 0
2831370, 3, 0
2831595, 0, 1
2831599, 1, 1
2831610, 2, 0
2831620, 3, 1
2831845, 0, 0
2831849, 1, 0
2831860, 2, 1
2831870, 3, 0
2832095, 0, 1
2832099, 1, 1
2832110, 2, 1
2832120, 3, 0
2832345, 0, 0
2832349, 1, 0
2832360, 2, 0
2832370, 3, 1
2832595, 0, 1
2832599, 1, 1
2832610, 2, 1
2832620, 3, 1
2832845, 0, 0
2832849, 1, 0
2832860, 2, 0
2832870, 3, 0
2833095, 0, 1
2833099, 1, bit 0
2833099, 1, 0
2833110, 2, 0
2833120, 3, 0
2833345, 0, bit 1
2833345, 0, 1
2833349, 1, 1
2833360, 2, 1
2833370, 3, 1
2833595, 0, 0
2833599, 1, 0
2833610, 2, 1
2833620, 3, bit 1
2833620, 3, 0
2833845, 0, 1
2833849, 1, 1
2833860, 2, 0
2833870, 3, 1
2834095, 0, 0
2834099, 1, 0
2834110, 2, bit 1
2834110, 2, 0
2834120, 3, 0
2834345, 0, 0
2834349, 1, 1
2834360, 2, 1
2834370, 3, 1
2834595, 0, 1
2834599, 1, 1
2834610, 2, 0
2834620, 3, 0
2834845, 0, 0
2834849, 1, 0
2834860, 2, 1
2834870, 3, 1
2835095, 0, 1
2835099, 1, 0
2835110, 2, 1
2835120, 3, 0
2835345, 0, 0
2835349, 1, 1
2835360, 2, 0
2835371, 3, 1
2835595, 0, 1
2835599, 1, 0
2835610, 2, 0
2835621, 3, 1
2835845, 0, 0
2835849, 1, 1
2835860, 2, 1
2835871, 3, 0
2836096, 0, 1
2836099, 1, 0
2836110, 2, 0
2836121, 3, 0
2836346, 0, 0
2836349, 1, 1
2836360, 2, 1
2836371, 3, 1
2836596, 0, 1
2836599, 1, bit 0
2836599, 1, 0
2836610, 2, 1
2836621, 3, 1
2836846, 0, bit 0
2836846, 0, 0
2836849, 1, 1
2836860, 2, 0
2836871, 3, 0
2837096, 0, 1
2837099, 1, 0
2837110, 2, 0
2837121, 3, bit 1
2837121, 3, 0
2837346, 0, 0
2837349, 1, 1
2837360, 2, 1
2837371, 3, 1
2837596, 0, 1
2837599, 1, 0
2837610, 2, bit 0
2837610, 2, 1
2837621, 3, 0
2837846, 0, 1
2837849, 1, 1
2837860, 2, 0
2837871, 3, 1
2838096, 0, 0
2838099, 1, 1
2838110, 2, 1
2838121, 3, 0
2838346, 0, 1
2838349, 1, 0
2838360, 2, 0
2838371, 3, 1
2838596, 0, 0
2838599, 1, 0
2838610, 2, 0
2838621, 3, 0
2838846, 0, 1
2838849, 1, 1
2838860, 2, 1
2838871, 3, 1
2839096, 0, 0
2839099, 1, 0
2839110, 2, 1
2839121, 3, 1
2839346, 0, 1
2839349, 1, 1
2839360, 2, 0
2839371, 3, 0
2839596, 0, 0
2839599, 1, 0
2839610, 2, 1
2839621, 3, 0
2839846, 0, 1
2839849, 1, 1
2839860, 2, 0
2839871, 3, 1
2840096, 0, 0
2840099, 1, bit 1
2840099, 1, 1
2840110, 2, 0
2840121, 3, 1
2840346, 0, bit 1
2840346, 0, 1
2840349, 1, 0
2840360, 2, 1
2840371, 3, 0
2840596, 0, 0
2840599, 1, 1
2840610, 2, 1
2840621, 3, bit 1
2840621, 3, 0
2840846, 0, 1
2840849, 1, 0
2840860, 2, 0
2840871, 3, 1
2841096, 0, 0
2841099, 1, 1
2841110, 2, bit 1
2841110, 2, 0
2841121, 3, 0
2841346, 0, 0
2841349, 1, 0
2841360, 2, 1
2841371, 3, 1
2841596, 0, 1
2841600, 1, 0
2841610, 2, 0
2841621, 3, 0
2841846, 0, 0
2841850, 1, 1
2841860, 2, 1
2841871, 3, 1
2842096, 0, 1
2842100, 1, 1
2842110, 2, 1
2842121, 3, 0
2842346, 0, 0
2842350, 1, 0
2842360, 2, 0
2842371, 3, 1
2842596, 0, 1
2842600, 1, 1
2842610, 2, 0
2842621, 3, 1
2842846, 0, 0
2842850, 1, 0
2842860, 2, 1
2842871, 3, 0
2843096, 0, 1
2843100, 1, 1
2843110, 2, 0
2843121, 3, 0
2843346, 0, 0
2843350, 1, 0
2843360, 2, 1
2843371, 3, 1
2843596, 0, 1
2843600, 1, bit 1
2843600, 1, 1
2843610, 2, 1
2843621, 3, 1
2843846, 0, bit 0
2843846, 0, 0
2843850, 1, 0
2843860, 2, 0
2843871, 3, 0
2844096, 0, 1
2844100, 1, 1
2844110, 2, 0
2844121, 3, bit 0
2844121, 3, 1
2844346, 0, 0
2844350, 1, 0
2844360, 2, 1
2844371, 3, 0
2844596, 0, 1
2844600, 1, 1
2844610, 2, bit 1
2844610, 2, 0
2844621, 3, 1
2844846, 0, 1
2844850, 1, 0
2844860, 2, 1
2844871, 3, 0
2845096, 0, 0
2845100, 1, 0
2845110, 2, 0
2845121, 3, 1
2845346, 0, 1
2845350, 1, 1
2845360, 2, 1
2845371, 3, 0
2845596, 0, 0
2845600, 1, 1
2845611, 2, 1
2845621, 3, 1
2845846, 0, 1
2845850, 1, 0
2845861, 2, 0
2845871, 3, 0
2846096, 0, 0
2846100, 1, 1
2846111, 2, 0
2846121, 3, 0
2846346, 0, 1
2846350, 1, 0
2846361, 2, 1
2846371, 3, 1
2846596, 0, 0
2846600, 1, 1
2846611, 2, 0
2846621, 3, 1
2846846, 0, 1
2846850, 1, 0
2846861, 2, 1
2846871, 3, 0
2847096, 0, 0
2847100, 1, bit 1
2847100, 1, 1
2847111, 2, 1
2847121, 3, 0
2847346, 0, bit 1
2847346, 0, 1
2847350, 1, 0
2847361, 2, 0
2847371, 3, 1
2847596, 0, 0
2847600, 1, 1
2847611, 2, 0
2847621, 3, bit 1
2847621, 3, 0
2847846, 0, 1
2847850, 1, 0
2847861, 2, 1
2847872, 3, 1
2848096, 0, 0
2848100, 1, 1
2848111, 2, bit 0
2848111, 2, 1
2848122, 3, 0
2848346, 0, 0
2848350, 1, 0
2848361, 2, 0
2848372, 3, 1
2848596, 0, 1
2848600, 1, 0
2848611, 2, 1
2848622, 3, 0
2848846, 0, 0
2848850, 1, 1
2848861, 2, 0
2848872, 3, 1
2849096, 0, 1
2849100, 1, 1
2849111, 2, 0
2849122, 3, 0
2849346, 0, 0
2849350, 1, 0
2849361, 2, 1
2849372, 3, 1
2849596, 0, 1
2849600, 1, 1
2849611, 2, 1
2849622, 3, 1
2849846, 0, 0
2849850, 1, 0
2849861, 2, 0
2849872, 3, 0
2850096, 0, 1
2850100, 1, 1
2850111, 2, 1
2850122, 3, 0
2850347, 0, 0
2850350, 1, 0
2850361, 2, 0
2850372, 3, 1
2850597, 0, 1
2850600, 1, bit 0
2850600, 1, 0
2850611, 2, 0
2850622, 3, 1
2850847, 0, bit 1
2850847, 0, 1
2850850, 1, 1
2850861, 2, 1
2850872, 3, 0
2851097, 0, 0
2851100, 1, 0
2851111, 2, 1
2851122, 3, bit 1
2851125, 3, 0
2851347, 0, 1
2851350, 1, 1
2851361, 2, 0
2851372, 3, 1
2851597, 0, 0
2851600, 1, 0
2851611, 2, bit 0
2851611, 2, 1
2851622, 3, 0
2851847, 0, 0
2851850, 1, 1
2851861, 2, 0
2851872, 3, 1
2852097, 0, 1
2852100, 1, 1
2852111, 2, 1
2852122, 3, 0
2852347, 0, 0
2852350, 1, 0
2852361, 2, 0
2852372, 3, 1
2852597, 0, 1
2852600, 1, 0
2852611, 2, 0
2852622, 3, 0
2852847, 0, 0
2852850, 1, 1
2852861, 2, 1
2852872, 3, 1
2853097, 0, 1
2853100, 1, 0
2853111, 2, 1
2853122, 3, 1
2853347, 0, 0
2853350, 1, 1
2853361, 2, 0
2853372, 3, 0
2853597, 0, 1
2853600, 1, 0
2853611, 2, 1
2853622, 3, 0
2853847, 0, 0
2853850, 1, 1
2853861, 2, 0
2853872, 3, 1
2854097, 0, 1
2854100, 1, bit 0
2854100, 1, 0
2854111, 2, 0
2854122, 3, 1
2854347, 0, bit 1
2854347, 0, 1
2854350, 1, 1
2854361, 2, 1
2854372, 3, 0
2854597, 0, 0
2854600, 1, 0
2854611, 2, 1
2854622, 3, bit 1
2854622, 3, 0
2854847, 0, 1
2854850, 1, 1
2854861, 2, 0
2854872, 3, 1
2855097, 0, 0
2855100, 1, 0
2855111, 2, bit 0
2855111, 2, 1
2855122, 3, 0
2855347, 0, 0
2855350, 1, 1
2855361, 2, 0
2855372, 3, 1
2855597, 0, 1
2855600, 1, 1
2855611, 2, 1
2855622, 3, 0
2855847, 0, 0
2855851, 1, 0
2855861, 2, 0
2855872, 3, 1
2856097, 0, 1
2856101, 1, 0
2856111, 2, 0
2856122, 3, 0
2856347, 0, 0
2856351, 1, 1
2856361, 2, 1
2856372, 3, 1
2856597, 0, 1
2856601, 1, 0
2856611, 2, 1
2856622, 3, 1
2856847, 0, 0
2856851, 1, 1
2856861, 2, 0
2856872, 3, 0
2857097, 0, 1
2857101, 1, 0
2857111, 2, 1
2857122, 3, 0
2857347, 0, 0
2857351, 1, 1
2857361, 2, 0
2857372, 3, 1
2857597, 0, 1
2857601, 1, bit 1
2857601, 1, 1
2857611, 2, 0
2857622, 3, 1
2857851, 1, 0
2857861, 2, 1
2857872, 3, 0
2858101, 1, 1
2858112, 2, 1
2858122, 3, bit 0
2858122, 3, 1
2858351, 1, 0
2858362, 2, 0
2858372, 3, 0
2858601, 1, 1
2858612, 2, bit 1
2858612, 2, 0
2858622, 3, 1
2858851, 1, 0
2858862, 2, 1
2858872, 3, 0
2859101, 1, 0
2859112, 2, 0
2859122, 3, 1
2859351, 1, 1
2859362, 2, 1
2859372, 3, 0
2859601, 1, 1
2859612, 2, 1
2859622, 3, 1
2859851, 1, 0
2859862, 2, 0
2859872, 3, 0
2860101, 1, 1
2860112, 2, 0
2860122, 3, 0
2860351, 1, 0
2860362, 2, 1
2860372, 3, 1
2860601, 1, 1
2860612, 2, 0
2860622, 3, 1
2860851, 1, 0
2860862, 2, 1
2860872, 3, 0
2861101, 1, bit 1
2861101, 1, 1
2861112, 2, 1
2861122, 3, 0
2861351, 1, 0
2861362, 2, 0
2861372, 3, 1
2861601, 1, 1
2861612, 2, 0
2861622, 3, bit 0
2861622, 3, 1
2861851, 1, 0
2861862, 2, 1
2861872, 3, 0
2862101, 1, 1
2862112, 2, bit 0
2862115, 2, 1
2862123, 3, 1
2862351, 1, 0
2862362, 2, 0
2862373, 3, 0
2862601, 1, 0
2862612, 2, 1
2862623, 3, 1
2862851, 1, 1
2862862, 2, 0
2862873, 3, 0
2863101, 1, 1
2863112, 2, 0
2863123, 3, 1
2863351, 1, 0
2863362, 2, 1
2863373, 3, 0
2863601, 1, 1
2863612, 2, 1
2863623, 3, 0
2863851, 1, 0
2863862, 2, 0
2863873, 3, 1
2864101, 1, 1
2864112, 2, 1
2864123, 3, 1
2864351, 1, 0
2864362, 2, 0
2864373, 3, 0
2864601, 1, bit 0
2864601, 1, 0
2864612, 2, 0
2864623, 3, 0
2864851, 1, 1
2864862, 2, 1
2864873, 3, 1
2865101, 1, 0
2865112, 2, 1
2865123, 3, bit 1
2865123, 3, 0
2865351, 1, 1
2865362, 2, 0
2865373, 3, 1
2865601, 1, 0
2865612, 2, bit 0
2865612, 2, 1
2865623, 3, 0
2865851, 1, 1
2865862, 2, 0
2865873, 3, 1
2866101, 1, 1
2866112, 2, 1
2866123, 3, 0
2866351, 1, 0
2866362, 2, 0
2866373, 3, 1
2866601, 1, 0
2866612, 2, 0
2866623, 3, 0
2866851, 1, 1
2866862, 2, 1
2866873, 3, 1
2867101, 1, 0
2867112, 2, 1
2867123, 3, 1
2867351, 1, 1
2867362, 2, 0
2867373, 3, 0
2867601, 1, 0
2867612, 2, 1
2867623, 3, 0
2867851, 1, 1
2867862, 2, 0
2867873, 3, 1
2868101, 1, bit 0
2868101, 1, 0
2868112, 2, 0
2868123, 3, 1
2868352, 1, 1
2868362, 2, 1
2868373, 3, 0
2868602, 1, 0
2868612, 2, 1
2868623, 3, bit 1
2868623, 3, 0
2868852, 1, 1
2868862, 2, 0
2868873, 3, 1
2869102, 1, 0
2869112, 2, bit 1
2869112, 2, 0
2869123, 3, 0
2869352, 1, 1
2869362, 2, 1
2869373, 3, 1
2869602, 1, 1
2869612, 2, 0
2869623, 3, 0
2869852, 1, 0
2869862, 2, 1
2869873, 3, 1
2870102, 1, 0
2870112, 2, 1
2870123, 3, 0
2870352, 1, 1
2870362, 2, 0
2870373, 3, 1
2870602, 1, 0
2870612, 2, 0
2870623, 3, 1
2870852, 1, 1
2870862, 2, 1
2870873, 3, 0
2871102, 1, 0
2871112, 2, 0
2871123, 3, 0
2871352, 1, 1
2871362, 2, 1
2871373, 3, 1
2871602, 1, bit 1
2871602, 1, 1
2871612, 2, 1
2871623, 3, 1
2871852, 1, 0
2871862, 2, 0
2871873, 3, 0
2872102, 1, 1
2872112, 2, 0
2872123, 3, bit 1
2872123, 3, 0
2872352, 1, 0
2872363, 2, 1
2872373, 3, 1
2872602, 1, 1
2872613, 2, bit 1
2872613, 2, 0
2872623, 3, 0
2872852, 1, 0
2872863, 2, 1
2872873, 3, 1
2873102, 1, 0
2873113, 2, 0
2873123, 3, 0
2873352, 1, 1
2873363, 2, 1
2873373, 3, 1
2873602, 1, 1
2873613, 2, 1
2873623, 3, 0
2873852, 1, 0
2873863, 2, 0
2873873, 3, 1
2874102, 1, 1
2874113, 2, 0
2874123, 3, 1
2874352, 1, 0
2874363, 2, 1
2874373, 3, 0
2874602, 1, 1
2874613, 2, 0
2874624, 3, 0
2874852, 1, 0
2874863, 2, 1
2874874, 3, 1
2875102, 1, bit 1
2875102, 1, 1
2875113, 2, 1
2875124, 3, 1
2875352, 1, 0
2875363, 2, 0
2875374, 3, 0
2875602, 1, 1
2875613, 2, 0
2875624, 3, bit 0
2875624, 3, 1
2875852, 1, 0
2875863, 2, 1
2875874, 3, 0
2876102, 1, 1
2876113, 2, bit 0
2876113, 2, 1
2876124, 3, 1
2876352, 1, 0
2876363, 2, 0
2876374, 3, 0
2876602, 1, 0
2876613, 2, 1
2876624, 3, 1
2876852, 1, 1
2876863, 2, 0
2876874, 3, 0
2877102, 1, 1
2877113, 2, 0
2877124, 3, 1
2877352, 1, 0
2877363, 2, 1
2877374, 3, 0
2877602, 1, 1
2877613, 2, 1
2877624, 3, 0
2877852, 1, 0
2877863, 2, 0
2877874, 3, 1
2878102, 1, 1
2878113, 2, 1
2878124, 3, 1
2878352, 1, 0
2878363, 2, 0
2878374, 3, 0
2878602, 1, bit 1
2878602, 1, 1
2878613, 2, 0
2878624, 3, 0
2878852, 1, 0
2878863, 2, 1
2878874, 3, 1
2879102, 1, 1
2879113, 2, 1
2879124, 3, bit 0
2879124, 3, 1
2879352, 1, 0
2879363, 2, 0
2879374, 3, 0
2879602, 1, 1
2879613, 2, bit 1
2879613, 2, 0
2879624, 3, 1
2879852, 1, 0
2879863, 2, 1
2879874, 3, 0
2880102, 1, 0
2880113, 2, 0
2880124, 3, 1
2880352, 1, 1
2880363, 2, 1
2880374, 3, 0
2880602, 1, 1
2880613, 2, 1
2880624, 3, 1
2880852, 1, 0
2880863, 2, 0
2880874, 3, 0
2881102, 1, 1
2881113, 2, 0
2881124, 3, 0
2881352, 1, 0
2881363, 2, 1
2881374, 3, 1
2881602, 1, 1
2881613, 2, 0
2881624, 3, 1
2881852, 1, 0
2881863, 2, 1
2881874, 3, 0
2882102, 1, bit 1
2882102, 1, 1
2882113, 2, 1
2882124, 3, 0
2882352, 1, 0
2882363, 2, 0
2882374, 3, 1
2882603, 1, 1
2882613, 2, 0
2882624, 3, bit 1
2882624, 3, 0
2882853, 1, 0
2882863, 2, 1
2882874, 3, 1
2883103, 1, 1
2883113, 2, bit 0
2883113, 2, 1
2883124, 3, 0
2883353, 1, 0
2883363, 2, 0
2883374, 3, 1
2883603, 1, 0
2883613, 2, 1
2883624, 3, 0
2883853, 1, 1
2883863, 2, 0
2883874, 3, 1
2884103, 1, 1
2884113, 2, 0
2884124, 3, 0
2884353, 1, 0
2884363, 2, 1
2884374, 3, 1
2884603, 1, 1
2884613, 2, 1
2884624, 3, 1
2884853, 1, 0
2884864, 2, 0
2884874, 3, 0
2885103, 1, 1
2885114, 2, 1
2885124, 3, 0
2885353, 1, 0
2885364, 2, 0
2885374, 3, 1
2885603, 1, bit 0
2885603, 1, 0
2885614, 2, 0
2885624, 3, 1
2885853, 1, 1
2885864, 2, 1
2885874, 3, 0
2886103, 1, 0
2886114, 2, 1
2886124, 3, bit 0
2886124, 3, 1
2886353, 1, 1
2886364, 2, 0
2886374, 3, 0
2886603, 1, 0
2886614, 2, bit 0
2886614, 2, 1
2886624, 3, 1
2886853, 1, 1
2886864, 2, 0
2886874, 3, 0
2887103, 1, 1
2887114, 2, 1
2887124, 3, 1
2887353, 1, 0
2887364, 2, 0
2887374, 3, 0
2887603, 1, 0
2887614, 2, 0
2887624, 3, 1
2887853, 1, 1
2887864, 2, 1
2887874, 3, 0
2888103, 1, 0
2888114, 2, 1
2888124, 3, 0
2888353, 1, 1
2888364, 2, 0
2888374, 3, 1
2888603, 1, 0
2888614, 2, 1
2888624, 3, 1
2888853, 1, 1
2888864, 2, 0
2888875, 3, 0
2889103, 1, bit 0
2889103, 1, 0
2889114, 2, 0
2889125, 3, 0
2889353, 1, 1
2889364, 2, 1
2889375, 3, 1
2889603, 1, 0
2889614, 2, 1
2889625, 3, bit 1
2889625, 3, 0
2889853, 1, 1
2889864, 2, 0
2889875, 3, 1
2890103, 1, 0
2890114, 2, bit 1
2890114, 2, 0
2890125, 3, 0
2890353, 1, 1
2890364, 2, 1
2890375, 3, 1
2890603, 1, 1
2890614, 2, 0
2890625, 3, 0
2890853, 1, 0
2890864, 2, 1
2890875, 3, 1
2891103, 1, 0
2891114, 2, 1
2891125, 3, 0
2891353, 1, 1
2891364, 2, 0
2891375, 3, 1
2891603, 1, 0
2891614, 2, 0
2891625, 3, 1
2891853, 1, 1
2891864, 2, 1
2891875, 3, 0
2892103, 1, 0
2892114, 2, 0
2892125, 3, 0
2892353, 1, 1
2892364, 2, 1
2892375, 3, 1
2892603, 1, bit 1
2892603, 1, 1
2892614, 2, 1
2892625, 3, 1
2892853, 1, 0
2892864, 2, 0
2892875, 3, 0
2893103, 1, 1
2893114, 2, 0
2893125, 3, bit 0
2893125, 3, 1
2893353, 1, 0
2893364, 2, 1
2893375, 3, 0
2893603, 1, 1
2893614, 2, bit 0
2893614, 2, 1
2893625, 3, 1
2893853, 1, 0
2893864, 2, 0
2893875, 3, 0
2894103, 1, 0
2894114, 2, 1
2894125, 3, 1
2894353, 1, 1
2894364, 2, 0
2894375, 3, 0
2894603, 1, 1
2894614, 2, 0
2894625, 3, 1
2894853, 1, 0
2894864, 2, 1
2894875, 3, 0
2895104, 1, 1
2895114, 2, 1
2895125, 3, 0
2895354, 1, 0
2895364, 2, 0
2895375, 3, 1
2895604, 1, 1
2895614, 2, 1
2895625, 3, 1
2895854, 1, 0
2895864, 2, 0
2895875, 3, 0
2896104, 1, bit 1
2896104, 1, 1
2896114, 2, 0
2896125, 3, 0
2896354, 1, 0
2896364, 2, 1
2896375, 3, 1
2896604, 1, 1
2896614, 2, 1
2896625, 3, bit 0
2896625, 3, 1
2896854, 1, 0
2896864, 2, 0
2896875, 3, 0
2897104, 1, 1
2897114, 2, bit 0
2897114, 2, 1
2897125, 3, 1
2897354, 1, 0
2897364, 2, 0
2897375, 3, 0
2897604, 1, 0
2897614, 2, 1
2897625, 3, 1
2897854, 1, 1
2897864, 2, 0
2897875, 3, 0
2898104, 1, 1
2898114, 2, 0
2898125, 3, 1
2898354, 1, 0
2898364, 2, 1
2898375, 3, 0
2898604, 1, 1
2898614, 2, 1
2898625, 3, 0
2898854, 1, 0
2898864, 2, 0
2898875, 3, 1
2899104, 1, 1
2899115, 2, 1
2899125, 3, 1
2899354, 1, 0
2899365, 2, 0
2899375, 3, 0
2899604, 1, bit 0
2899604, 1, 0
2899615, 2, 0
2899625, 3, 0
2899854, 1, 1
2899865, 2, 1
2899875, 3, 1
2900104, 1, 0
2900115, 2, 1
2900125, 3, bit 1
2900125, 3, 0
2900354, 1, 1
2900365, 2, 0
2900375, 3, 1
2900604, 1, 0
2900615, 2, bit 0
2900615, 2, 1
2900625, 3, 0
2900854, 1, 1
2900865, 2, 0
2900875, 3, 1
2901104, 1, 1
2901115, 2, 1
2901125, 3, 0
2901354, 1, 0
2901365, 2, 0
2901376, 3, 1
2901604, 1, 0
2901615, 2, 0
2901626, 3, 0
2901854, 1, 1
2901865, 2, 1
2901876, 3, 1
2902104, 1, 0
2902115, 2, 1
2902126, 3, 1
2902354, 1, 1
2902365, 2, 0
2902376, 3, 0
2902604, 1, 0
2902615, 2, 1
2902626, 3, 0
2902854, 1, 1
2902865, 2, 0
2902876, 3, 1
2903104, 1, bit 0
2903104, 1, 0
2903115, 2, 0
2903126, 3, 1
2903354, 1, 1
2903365, 2, 1
2903376, 3, 0
2903604, 1, 0
2903615, 2, 1
2903626, 3, bit 1
2903626, 3, 0
2903854, 1, 1
2903865, 2, 0
2903876, 3, 1
2904104, 1, 0
2904115, 2, bit 0
2904115, 2, 1
2904126, 3, 0
2904354, 1, 1
2904365, 2, 0
2904376, 3, 1
2904604, 1, 1
2904615, 2, 1
2904626, 3, 0
2904854, 1, 0
2904865, 2, 0
2904876, 3, 1
2905104, 1, 0
2905115, 2, 0
2905126, 3, 0
2905354, 1, 1
2905365, 2, 1
2905376, 3, 1
2905604, 1, 0
2905615, 2, 1
2905626, 3, 1
2905854, 1, 1
2905865, 2, 0
2905876, 3, 0
2906104, 1, 0
2906115, 2, 1
2906126, 3, 0
2906354, 1, 1
2906365, 2, 0
2906376, 3, 1
2906604, 1, bit 1
2906607, 1, 1
2906615, 2, 0
2906626, 3, 1
2906854, 1, 0
2906865, 2, 1
2906876, 3, 0
2907104, 1, 1
2907115, 2, 1
2907126, 3, bit 0
2907126, 3, 1
2907354, 1, 0
2907365, 2, 0
2907376, 3, 0
2907604, 1, 1
2907615, 2, bit 1
2907615, 2, 0
2907626, 3, 1
2907854, 1, 0
2907865, 2, 1
2907876, 3, 0
2908104, 1, 0
2908115, 2, 0
2908126, 3, 1
2908354, 1, 1
2908365, 2, 1
2908376, 3, 0
2908604, 1, 1
2908615, 2, 1
2908626, 3, 1
2908854, 1, 0
2908865, 2, 0
2908876, 3, 0
2909104, 1, 1
2909115, 2, 0
2909126, 3, 0
2909355, 1, 0
2909365, 2, 1
2909376, 3, 1
2909605, 1, 1
2909615, 2, 0
2909626, 3, 1
2909855, 1, 0
2909865, 2, 1
2909876, 3, 0
2910105, 1, bit 0
2910105, 1, 0
2910115, 2, 1
2910126, 3, 0
2910355, 1, 1
2910365, 2, 0
2910376, 3, 1
2910605, 1, 0
2910615, 2, 0
2910626, 3, bit 0
2910626, 3, 1
2910855, 1, 1
2910865, 2, 1
2910876, 3, 0
2911105, 1, 0
2911115, 2, bit 1
2911115, 2, 0
2911126, 3, 1
2911355, 1, 1
2911365, 2, 1
2911376, 3, 0
2911605, 1, 1
2911616, 2, 0
2911626, 3, 1
2911855, 1, 0
2911866, 2, 1
2911876, 3, 0
2912105, 1, 0
2912116, 2, 1
2912126, 3, 1
2912355, 1, 1
2912366, 2, 0
2912376, 3, 0
2912605, 1, 0
2912616, 2, 0
2912626, 3, 0
2912855, 1, 1
2912866, 2, 1
2912876, 3, 1
2913105, 1, 0
2913116, 2, 0
2913126, 3, 1
2913355, 1, 1
2913366, 2, 1
2913376, 3, 0
2913605, 1, bit 1
2913605, 1, 1
2913616, 2, 1
2913626, 3, 0
2913855, 1, 0
2913866, 2, 0
2913876, 3, 1
2914105, 1, 1
2914116, 2, 0
2914126, 3, bit 1
2914126, 3, 0
2914355, 1, 0
2914366, 2, 1
2914376, 3, 1
2914605, 1, 1
2914616, 2, bit 0
2914616, 2, 1
2914626, 3, 0
2914855, 1, 0
2914866, 2, 0
2914876, 3, 1
2915105, 1, 0
2915116, 2, 1
2915126, 3, 0
2915355, 1, 1
2915366, 2, 0
2915376, 3, 1
2915605, 1, 1
2915616, 2, 0
2915627, 3, 0
2915855, 1, 0
2915866, 2, 1
2915877, 3, 1
2916105, 1, 1
2916116, 2, 1
2916127, 3, 1
2916355, 1, 0
2916366, 2, 0
2916377, 3, 0
2916605, 1, 1
2916616, 2, 1
2916627, 3, 0
2916855, 1, 0
2916866, 2, 0
2916877, 3, 1
2917116, 2, 0
2917127, 3, 1
2917366, 2, 1
2917377, 3, 0
2917616, 2, 1
2917627, 3, bit 0
2917627, 3, 1
2917866, 2, 0
2917877, 3, 0
2918116, 2, bit 1
2918116, 2, 0
2918127, 3, 1
2918366, 2, 1
2918377, 3, 0
2918616, 2, 0
2918627, 3, 1
2918866, 2, 1
2918877, 3, 0
2919116, 2, 1
2919127, 3, 1
2919366, 2, 0
2919377, 3, 0
2919616, 2, 0
2919627, 3, 0
2919866, 2, 1
2919877, 3, 1
2920116, 2, 0
2920127, 3, 1
2920366, 2, 1
2920377, 3, 0
2920616, 2, 1
2920627, 3, 0
2920866, 2, 0
2920877, 3, 1
2921116, 2, 0
2921127, 3, bit 0
2921127, 3, 1
2921366, 2, 1
2921377, 3, 0
2921616, 2, bit 0
2921616, 2, 1
2921627, 3, 1
2921866, 2, 0
2921877, 3, 0
2922116, 2, 1
2922127, 3, 1
2922366, 2, 0
2922377, 3, 0
2922616, 2, 0
2922627, 3, 1
2922866, 2, 1
2922877, 3, 0
2923116, 2, 1
2923127, 3, 0
2923366, 2, 0
2923377, 3, 1
2923616, 2, 1
2923627, 3, 1
2923866, 2, 0
2923877, 3, 0
2924116, 2, 0
2924127, 3, 0
2924366, 2, 1
2924377, 3, 1
2924616, 2, 1
2924627, 3, bit 1
2924627, 3, 0
2924866, 2, 0
2924877, 3, 1
2925116, 2, bit 1
2925116, 2, 0
2925127, 3, 0
2925366, 2, 1
2925377, 3, 1
2925616, 2, 0
2925627, 3, 0
2925867, 2, 1
2925877, 3, 1
2926117, 2, 1
2926127, 3, 0
2926367, 2, 0
2926377, 3, 1
2926617, 2, 0
2926627, 3, 1
2926867, 2, 1
2926877, 3, 0
2927117, 2, 0
2927127, 3, 0
2927367, 2, 1
2927377, 3, 1
2927617, 2, 1
2927627, 3, 1
2927867, 2, 0
2927877, 3, 0
2928117, 2, 0
2928128, 3, bit 0
2928128, 3, 1
2928367, 2, 1
2928378, 3, 0
2928617, 2, bit 0
2928617, 2, 1
2928628, 3, 1
2928867, 2, 0
2928878, 3, 0
2929117, 2, 1
2929128, 3, 1
2929367, 2, 0
2929378, 3, 0
2929617, 2, 0
2929628, 3, 1
2929867, 2, 1
2929878, 3, 0
2930117, 2, 1
2930128, 3, 0
2930367, 2, 0
2930378, 3, 1
2930617, 2, 1
2930628, 3, 1
2930867, 2, 0
2930878, 3, 0
2931117, 2, 0
2931128, 3, 0
2931367, 2, 1
2931378, 3, 1
2931617, 2, 1
2931628, 3, bit 1
2931628, 3, 0
2931867, 2, 0
2931878, 3, 1
2932117, 2, bit 1
2932117, 2, 0
2932128, 3, 0
2932367, 2, 1
2932378, 3, 1
2932617, 2, 0
2932628, 3, 0
2932867, 2, 1
2932878, 3, 1
2933117, 2, 1
2933128, 3, 0
2933367, 2, 0
2933378, 3, 1
2933617, 2, 0
2933628, 3, 1
2933867, 2, 1
2933878, 3, 0
2934117, 2, 0
2934128, 3, 0
2934367, 2, 1
2934378, 3, 1
2934617, 2, 1
2934628, 3, 1
2934867, 2, 0
2934878, 3, 0
2935117, 2, 0
2935128, 3, bit 0
2935128, 3, 1
2935367, 2, 1
2935378, 3, 0
2935617, 2, bit 0
2935617, 2, 1
2935628, 3, 1
2935867, 2, 0
2935878, 3, 0
2936117, 2, 1
2936128, 3, 1
2936367, 2, 0
2936378, 3, 0
2936617, 2, 0
2936628, 3, 1
2936867, 2, 1
2936878, 3, 0
2937117, 2, 1
2937128, 3, 0
2937367, 2, 0
2937378, 3, 1
2937617, 2, 1
2937628, 3, 1
2937867, 2, 0
2937878, 3, 0
2938117, 2, 0
2938128, 3, 0
2938368, 2, 1
2938378, 3, 1
2938618, 2, 1
2938628, 3, bit 1
2938628, 3, 0
2938868, 2, 0
2938878, 3, 1
2939118, 2, bit 0
2939118, 2, 1
2939128, 3, 0
2939368, 2, 0
2939378, 3, 1
2939618, 2, 1
2939628, 3, 0
2939868, 2, 0
2939878, 3, 1
2940118, 2, 0
2940128, 3, 0
2940368, 2, 1
2940378, 3, 1
2940618, 2, 1
2940628, 3, 1
2940868, 2, 0
2940878, 3, 0
2941118, 2, 1
2941128, 3, 0
2941368, 2, 0
2941378, 3, 1
2941618, 2, 0
2941628, 3, 1
2941868, 2, 1
2941878, 3, 0
2942118, 2, 1
2942128, 3, bit 1
2942128, 3, 0
2942368, 2, 0
2942379, 3, 1
2942618, 2, bit 1
2942618, 2, 0
2942629, 3, 0
2942868, 2, 1
2942879, 3, 1
2943118, 2, 0
2943129, 3, 0
2943368, 2, 1
2943379, 3, 1
2943618, 2, 1
2943629, 3, 0
2943868, 2, 0
2943879, 3, 1
2944118, 2, 0
2944129, 3, 1
2944368, 2, 1
2944379, 3, 0
2944618, 2, 0
2944629, 3, 0
2944868, 2, 1
2944879, 3, 1
2945118, 2, 1
2945129, 3, 1
2945368, 2, 0
2945379, 3, 0
2945618, 2, 0
2945629, 3, bit 0
2945629, 3, 1
2945868, 2, 1
2945879, 3, 0
2946118, 2, bit 0
2946118, 2, 1
2946129, 3, 1
2946368, 2, 0
2946379, 3, 0
2946618, 2, 1
2946629, 3, 1
2946868, 2, 0
2946879, 3, 0
2947118, 2, 0
2947129, 3, 1
2947368, 2, 1
2947379, 3, 0
2947618, 2, 1
2947629, 3, 0
2947868, 2, 0
2947879, 3, 1
2948118, 2, 1
2948129, 3, 1
2948368, 2, 0
2948379, 3, 0
2948618, 2, 0
2948629, 3, 0
2948868, 2, 1
2948879, 3, 1
2949118, 2, 1
2949129, 3, bit 1
2949129, 3, 0
2949368, 2, 0
2949379, 3, 1
2949618, 2, bit 0
2949618, 2, 1
2949629, 3, 0
2949868, 2, 0
2949879, 3, 1
2950118, 2, 1
2950129, 3, 0
2950368, 2, 0
2950379, 3, 1
2950618, 2, 0
2950629, 3, 0
2950868, 2, 1
2950879, 3, 1
2951118, 2, 1
2951129, 3, 1
2951368, 2, 0
2951379, 3, 0
2951618, 2, 1
2951629, 3, 0
2951868, 2, 0
2951879, 3, 1
2952118, 2, 0
2952129, 3, 1
2952368, 2, 1
2952379, 3, 0
2952619, 2, 1
2952629, 3, bit 1
2952629, 3, 0
2952869, 2, 0
2952879, 3, 1
2953119, 2, bit 0
2953119, 2, 1
2953129, 3, 0
2953369, 2, 0
2953379, 3, 1
2953619, 2, 1
2953629, 3, 0
2953869, 2, 0
2953879, 3, 1
2954119, 2, 0
2954129, 3, 0
2954369, 2, 1
2954379, 3, 1
2954619, 2, 1
2954629, 3, 1
2954869, 2, 0
2954880, 3, 0
2955119, 2, 1
2955130, 3, 0
2955369, 2, 0
2955380, 3, 1
2955619, 2, 0
2955630, 3, 1
2955869, 2, 1
2955880, 3, 0
2956119, 2, 1
2956130, 3, bit 1
2956133, 3, 0
2956369, 2, 0
2956380, 3, 1
2956619, 2, bit 0
2956619, 2, 1
2956630, 3, 0
2956869, 2, 0
2956880, 3, 1
2957119, 2, 1
2957130, 3, 0
2957369, 2, 0
2957380, 3, 1
2957619, 2, 0
2957630, 3, 0
2957869, 2, 1
2957880, 3, 1
2958119, 2, 1
2958130, 3, 1
2958369, 2, 0
2958380, 3, 0
2958619, 2, 1
2958630, 3, 0
2958869, 2, 0
2958880, 3, 1
2959119, 2, 0
2959130, 3, 1
2959369, 2, 1
2959380, 3, 0
2959619, 2, 1
2959630, 3, bit 0
2959630, 3, 1
2959869, 2, 0
2959880, 3, 0
2960119, 2, bit 1
2960122, 2, 0
2960130, 3, 1
2960369, 2, 1
2960380, 3, 0
2960619, 2, 0
2960630, 3, 1
2960869, 2, 1
2960880, 3, 0
2961119, 2, 1
2961130, 3, 1
2961369, 2, 0
2961380, 3, 0
2961619, 2, 0
2961630, 3, 0
2961869, 2, 1
2961880, 3, 1
2962119, 2, 0
2962130, 3, 1
2962369, 2, 1
2962380, 3, 0
2962619, 2, 1
2962630, 3, 0
2962869, 2, 0
2962880, 3, 1
2963119, 2, 0
2963130, 3, bit 1
2963130, 3, 0
2963369, 2, 1
2963380, 3, 1
2963619, 2, bit 1
2963619, 2, 0
2963630, 3, 0
2963869, 2, 1
2963880, 3, 1
2964119, 2, 0
2964130, 3, 0
2964369, 2, 1
2964380, 3, 1
2964619, 2, 1
2964630, 3, 0
2964869, 2, 0
2964880, 3, 1
2965120, 2, 0
2965130, 3, 1
2965370, 2, 1
2965380, 3, 0
2965620, 2, 0
2965630, 3, 0
2965870, 2, 1
2965880, 3, 1
2966120, 2, 1
2966130, 3, 1
2966370, 2, 0
2966380, 3, 0
2966620, 2, 0
2966630, 3, bit 0
2966630, 3, 1
2966870, 2, 1
2966880, 3, 0
2967120, 2, bit 1
2967120, 2, 0
2967130, 3, 1
2967370, 2, 1
2967380, 3, 0
2967620, 2, 0
2967630, 3, 1
2967870, 2, 1
2967880, 3, 0
2968120, 2, 1
2968130, 3, 1
2968370, 2, 0
2968380, 3, 0
2968620, 2, 0
2968630, 3, 0
2968870, 2, 1
2968880, 3, 1
2969120, 2, 0
2969131, 3, 1
2969370, 2, 1
2969381, 3, 0
2969620, 2, 1
2969631, 3, 0
2969870, 2, 0
2969881, 3, 1
2970120, 2, 0
2970131, 3, bit 0
2970131, 3, 1
2970370, 2, 1
2970381, 3, 0
2970620, 2, bit 0
2970620, 2, 1
2970631, 3, 1
2970870, 2, 0
2970881, 3, 0
2971120, 2, 1
2971131, 3, 1
2971370, 2, 0
2971381, 3, 0
2971620, 2, 0
2971631, 3, 1
2971870, 2, 1
2971881, 3, 0
2972120, 2, 1
2972131, 3, 0
2972370, 2, 0
2972381, 3, 1
2972620, 2, 1
2972631, 3, 1
2972870, 2, 0
2972881, 3, 0
2973120, 2, 0
2973131, 3, 0
2973370, 2, 1
2973381, 3, 1
2973620, 2, 1
2973631, 3, bit 1
2973631, 3, 0
2973870, 2, 0
2973881, 3, 1
2974131, 3, 0
2974381, 3, 1
2974631, 3, 0
2974881, 3, 1
2975131, 3, 0
2975381, 3, 1
2975631, 3, 1
2975881, 3, 0
2976131, 3, 0
2976381, 3, 1
2976631, 3, 1
2976881, 3, 0
2977131, 3, bit 0
2977131, 3, 1
2977381, 3, 0
2977631, 3, 1
2977881, 3, 0
2978131, 3, 1
2978381, 3, 0
2978631, 3, 1
2978881, 3, 0
2979131, 3, 0
2979381, 3, 1
2979631, 3, 1
2979881, 3, 0
2980131, 3, 0
2980381, 3, 1
2980631, 3, bit 1
2980631, 3, 0
2980881, 3, 1
2981131, 3, 0
2981381, 3, 1
2981632, 3, 0
2981882, 3, 1
2982132, 3, 0
2982382, 3, 1
2982632, 3, 1
2982882, 3, 0
2983132, 3, 0
2983382, 3, 1
2983632, 3, 1
2983882, 3, 0
2984132, 3, bit 0
2984132, 3, 1
2984382, 3, 0
2984632, 3, 1
2984882, 3, 0
2985132, 3, 1
2985382, 3, 0
2985632, 3, 1
2985882, 3, 0
2986132, 3, 0
2986382, 3, 1
2986632, 3, 1
2986882, 3, 0
2987132, 3, 0
2987382, 3, 1
2987632, 3, bit 0
2987632, 3, 1
2987882, 3, 0
2988132, 3, 1
2988382, 3, 0
2988632, 3, 1
2988882, 3, 0
2989132, 3, 1
2989382, 3, 0
2989632, 3, 0
2989882, 3, 1
2990132, 3, 1
2990382, 3, 0
2990632, 3, 0
2990882, 3, 1
2991132, 3, bit 1
2991132, 3, 0
2991382, 3, 1
2991632, 3, 0
2991882, 3, 1
2992132, 3, 0
2992382, 3, 1
2992632, 3, 0
2992882, 3, 1
2993132, 3, 1
2993382, 3, 0
2993632, 3, 0
2993882, 3, 1
2994132, 3, 1
2994382, 3, 0
2994632, 3, bit 0
2994632, 3, 1
2994882, 3, 0
2995132, 3, 1
2995382, 3, 0
2995632, 3, 1
2995883, 3, 0
2996133, 3, 1
2996383, 3, 0
2996633, 3, 0
2996883, 3, 1
2997133, 3, 1
2997383, 3, 0
2997633, 3, 0
2997883, 3, 1
2998133, 3, bit 1
2998133, 3, 0
2998383, 3, 1
2998633, 3, 0
2998883, 3, 1
2999133, 3, 0
2999383, 3, 1
2999633, 3, 0
2999883, 3, 1
3000133, 3, 1
3000383, 3, 0
3000633, 3, 0
3000883, 3, 1
3001133, 3, 1
3001383, 3, 0
3001633, 3, bit 0
3001633, 3, 1
3001883, 3, 0
3002133, 3, 1
3002383, 3, 0
3002633, 3, 1
3002883, 3, 0
3003133, 3, 1
3003383, 3, 0
3003633, 3, 0
3003883, 3, 1
3004133, 3, 1
3004383, 3, 0
3004633, 3, 0
3004883, 3, 1
3005133, 3, bit 1
3005133, 3, 0
3005383, 3, 1
3005633, 3, 0
3005883, 3, 1
3006133, 3, 0
3006383, 3, 1
3006633, 3, 0
3006883, 3, 1
3007133, 3, 1
3007383, 3, 0
3007633, 3, 0
3007883, 3, 1
3008133, 3, 1
3008384, 3, 0
3008634, 3, bit 1
3008634, 3, 0
3008884, 3, 1
3009134, 3, 0
3009384, 3, 1
3009634, 3, 0
3009884, 3, 1
3010134, 3, 0
3010384, 3, 1
3010634, 3, 1
3010884, 3, 0
3011134, 3, 0
3011384, 3, 1
3011634, 3, 1
3011884, 3, 0
3012134, 3, bit 0
3012134, 3, 1
3012384, 3, 0
3012634, 3, 1
3012884, 3, 0
3013134, 3, 1
3013384, 3, 0
3013634, 3, 1
3013884, 3, 0
3014134, 3, 0
3014384, 3, 1
3014634, 3, 1
3014884, 3, 0
3015134, 3, 0
3015384, 3, 1
3015634, 3, bit 0
3015634, 3, 1
3015884, 3, 0
3016134, 3, 1
3016384, 3, 0
3016634, 3, 1
3016884, 3, 0
3017134, 3, 1
3017384, 3, 0
3017634, 3, 0
3017884, 3, 1
3018134, 3, 1
3018384, 3, 0
3018634, 3, 0
3018884, 3, 1
3019134, 3, bit 0
3019134, 3, 1
3019384, 3, 0
3019634, 3, 1
3019884, 3, 0
3020134, 3, 1
3020384, 3, 0
3020634, 3, 1
3020884, 3, 0
3021134, 3, 0
3021384, 3, 1
3021634, 3, 1
3021884, 3, 0
3022134, 3, 0
3022384, 3, 1
3022635, 3, bit 1
3022635, 3, 0
3022885, 3, 1
3023135, 3, 0
3023385, 3, 1
3023635, 3, 0
3023885, 3, 1
3024135, 3, 0
3024385, 3, 1
3024635, 3, 1
3024885, 3, 0
3025135, 3, 0
3025385, 3, 1
3025635, 3, 1
3025885, 3, 0
3026135, 3, bit 1
3026135, 3, 0
3026385, 3, 1
3026635, 3, 0
3026885, 3, 1
3027135, 3, 0
3027385, 3, 1
3027635, 3, 0
3027885, 3, 1
3028135, 3, 1
3028385, 3, 0
3028635, 3, 0
3028885, 3, 1
3029135, 3, 1
3029385, 3, 0
3029635, 3, bit 0
3029635, 3, 1
3029885, 3, 0
3030135, 3, 1
3030385, 3, 0
3030635, 3, 1
3030885, 3, 0
3031135, 3, 1
3031385, 3, 0
3031635, 3, 0
3031885, 3, 1
3032135, 3, 1
3032385, 3, 0
3032635, 3, 0
3032885, 3, 1
3033135, 3, bit 1
3033135, 3, 0
3033385, 3, 1
3033635, 3, 0
3033885, 3, 1
3034135, 3, 0
3034385, 3, 1
3034635, 3, 0
3034885, 3, 1
3035136, 3, 1
3035386, 3, 0
3035636, 3, 0
3035886, 3, 1
3036136, 3, 1
3036386, 3, 0
