125 100 2 7 16
(2, 20, 6, 10.00), (code 0)
(3, 258, 4, 10.00), (code 1)
START
2497806, 0, prem 0
2497806, 0, 0
2497931, 0, 0
2498056, 0, 0
2498181, 0, 0
2498306, 0, 0
2498432, 0, 0
2498557, 0, 0
2498682, 0, 0
2498807, 0, 0
2498932, 0, 0
2499057, 0, 0
2499182, 0, 0
2499307, 0, 0
2499432, 0, 0
2499557, 0, 0
2499682, 0, 0
2499807, 0, prem 1
2499807, 0, 1
2499932, 0, 1
2500057, 0, 1
2500182, 0, 1
2500307, 0, 1
2500432, 0, 1
2500557, 0, 1
2500682, 0, 1
2500807, 0, 1
2500932, 0, 1
2501057, 0, 1
2501182, 0, 1
2501307, 0, 1
2501432, 0, 1
2501557, 0, 1
2501682, 0, 1
2501807, 0, prem 1
2501807, 0, 1
2501932, 0, 1
2502057, 0, 1
2502182, 0, 1
2502307, 0, 1
2502432, 0, 1
2502557, 0, 1
2502682, 0, 1
2502807, 0, 1
2502932, 0, 1
2503057, 0, 1
2503182, 0, 1
2503307, 0, 1
2503432, 0, 1
2503557, 0, 1
2503682, 0, 1
2503808, 0, prem 1
2503808, 0, 1
2503933, 0, 1
2504058, 0, 1
2504183, 0, 1
2504308, 0, 1
2504433, 0, 1
2504558, 0, 1
2504683, 0, 1
2504808, 0, 1
2504933, 0, 1
2505058, 0, 1
2505183, 0, 1
2505308, 0, 1
2505433, 0, 1
2505558, 0, 1
2505683, 0, 1
2505808, 0, prem 1
2505808, 0, 1
2505933, 0, 1
2506058, 0, 1
2506183, 0, 1
2506308, 0, 1
2506433, 0, 1
2506558, 0, 1
2506683, 0, 1
2506808, 0, 1
2506933, 0, 1
2507058, 0, 1
2507183, 0, 1
2507308, 0, 1
2507433, 0, 1
2507558, 0, 1
2507683, 0, 1
2507808, 0, prem 0
2507808, 0, 0
2507933, 0, 0
2508058, 0, 0
2508183, 0, 0
2508308, 0, 0
2508433, 0, 0
2508558, 0, 0
2508683, 0, 0
2508808, 0, 0
2508933, 0, 0
2509058, 0, 0
2509184, 0, 0
2509309, 0, 0
2509434, 0, 0
2509559, 0, 0
2509684, 0, 0
2509809, 0, prem 0
2509809, 0, 0
2509934, 0, 0
2510059, 0, 0
2510184, 0, 0
2510309, 0, 0
2510434, 0, 0
2510559, 0, 0
2510684, 0, 0
2510809, 0, 0
2510934, 0, 0
2511059, 0, 0
2511184, 0, 0
2511309, 0, 0
2511434, 0, 0
2511559, 0, 0
2511684, 0, 0
2511809, 0, bit 1
2511809, 0, 0
2511934, 0, 1
2512059, 0, 1
2512184, 0, 1
2512309, 0, 1
2512434, 0, 0
2512559, 0, 0
2512684, 0, bit 1
2512684, 0, 0
2512809, 0, 1
2512934, 0, 1
2513059, 0, 1
2513184, 0, 1
2513309, 0, 0
2513434, 0, 0
2513559, 0, bit 1
2513559, 0, 0
2513684, 0, 1
2513809, 0, 1
2513934, 0, 1
2514059, 0, 1
2514184, 0, 0
2514309, 0, 0
2514434, 0, bit 1
2514434, 0, 0
2514560, 0, 1
2514685, 0, 1
2514810, 0, 1
2514935, 0, 1
2515060, 0, 0
2515185, 0, 0
2515310, 0, bit 0
2515310, 0, 1
2515435, 0, 0
2515560, 0, 0
2515685, 0, 0
2515810, 0, 0
2515935, 0, 1
2516060, 0, 1
2516185, 0, bit 1
2516185, 0, 0
2516310, 0, 1
2516435, 0, 1
2516560, 0, 1
2516685, 0, 1
2516810, 0, 0
2516935, 0, 0
2517060, 0, bit 1
2517060, 0, 0
2517185, 0, 1
2517310, 0, 1
2517435, 0, 1
2517560, 0, 1
2517685, 0, 0
2517810, 0, 0
2517935, 0, bit 0
2517935, 0, 1
2518060, 0, 0
2518185, 0, 0
2518310, 0, 0
2518435, 0, 0
2518560, 0, 1
2518685, 0, 1
2518810, 0, bit 0
2518810, 0, 1
2518935, 0, 0
2519060, 0, 0
2519185, 0, 0
2519310, 0, 0
2519435, 0, 1
2519560, 0, 1
2519685, 0, bit 1
2519685, 0, 0
2519810, 0, 1
2519936, 0, 1
2520061, 0, 1
2520186, 0, 1
2520311, 0, 0
2520436, 0, 0
2520561, 0, bit 0
2520561, 0, 1
2520686, 0, 0
2520811, 0, 0
2520936, 0, 0
2521061, 0, 0
2521186, 0, 1
2521311, 0, 1
2521436, 0, bit 0
2521436, 0, 1
2521561, 0, 0
2521686, 0, 0
2521811, 0, 0
2521936, 0, 0
2522061, 0, 1
2522186, 0, 1
2522311, 0, bit 0
2522311, 0, 1
2522436, 0, 0
2522561, 0, 0
2522686, 0, 0
2522811, 0, 0
2522936, 0, 1
2523061, 0, 1
2523186, 0, bit 1
2523186, 0, 0
2523311, 0, 1
2523436, 0, 1
2523561, 0, 1
2523686, 0, 1
2523811, 0, 0
2523936, 0, 0
2524061, 0, bit 1
2524061, 0, 0
2524186, 0, 1
2524311, 0, 1
2524436, 0, 1
2524561, 0, 1
2524686, 0, 0
2524811, 0, 0
2524936, 0, bit 1
2524936, 0, 0
2525061, 0, 1
2525186, 0, 1
2525312, 0, 1
2525437, 0, 1
2525562, 0, 0
2525687, 0, 0
2525812, 0, bit 0
2525812, 0, 1
2525937, 0, 0
2526062, 0, 0
2526187, 0, 0
2526312, 0, 0
2526437, 0, 1
2526562, 0, 1
2526687, 0, bit 1
2526687, 0, 0
2526812, 0, 1
2526937, 0, 1
2527062, 0, 1
2527187, 0, 1
2527312, 0, 0
2527316, 1, prem 0
2527316, 1, 0
2527437, 0, 0
2527441, 1, 0
2527562, 0, bit 1
2527562, 0, 0
2527566, 1, 0
2527687, 0, 1
2527691, 1, 0
2527812, 0, 1
2527816, 1, 0
2527937, 0, 1
2527941, 1, 0
2528062, 0, 1
2528066, 1, 0
2528187, 0, 0
2528191, 1, 0
2528312, 0, 0
2528316, 1, 0
2528437, 0, bit 1
2528437, 0, 0
2528441, 1, 0
2528562, 0, 1
2528566, 1, 0
2528687, 0, 1
2528691, 1, 0
2528812, 0, 1
2528816, 1, 0
2528937, 0, 1
2528941, 1, 0
2529062, 0, 0
2529067, 1, 0
2529187, 0, 0
2529192, 1, 0
2529312, 0, bit 0
2529312, 0, 1
2529317, 1, prem 1
2529317, 1, 1
2529437, 0, 0
2529442, 1, 1
2529562, 0, 0
2529567, 1, 1
2529687, 0, 0
2529692, 1, 1
2529812, 0, 0
2529817, 1, 1
2529937, 0, 1
2529942, 1, 1
2530062, 0, 1
2530067, 1, 1
2530187, 0, bit 1
2530187, 0, 0
2530192, 1, 1
2530312, 0, 1
2530317, 1, 1
2530437, 0, 1
2530442, 1, 1
2530562, 0, 1
2530567, 1, 1
2530688, 0, 1
2530692, 1, 1
2530813, 0, 0
2530817, 1, 1
2530938, 0, 0
2530942, 1, 1
2531063, 0, bit 0
2531066, 0, 1
2531067, 1, 1
2531188, 0, 0
2531192, 1, 1
2531313, 0, 0
2531317, 1, prem 0
2531317, 1, 0
2531438, 0, 0
2531442, 1, 0
2531563, 0, 0
2531567, 1, 0
2531688, 0, 1
2531692, 1, 0
2531813, 0, 1
2531817, 1, 0
2531938, 0, bit 1
2531938, 0, 0
2531942, 1, 0
2532063, 0, 1
2532067, 1, 0
2532188, 0, 1
2532192, 1, 0
2532313, 0, 1
2532317, 1, 0
2532438, 0, 1
2532442, 1, 0
2532563, 0, 0
2532567, 1, 0
2532688, 0, 0
2532692, 1, 0
2532813, 0, bit 0
2532813, 0, 1
2532817, 1, 0
2532938, 0, 0
2532942, 1, 0
2533063, 0, 0
2533067, 1, 0
2533188, 0, 0
2533192, 1, 0
2533313, 0, 0
2533317, 1, prem 1
2533317, 1, 1
2533438, 0, 1
2533442, 1, 1
2533563, 0, 1
2533567, 1, 1
2533688, 0, bit 0
2533688, 0, 1
2533692, 1, 1
2533813, 0, 0
2533817, 1, 1
2533938, 0, 0
2533942, 1, 1
2534063, 0, 0
2534067, 1, 1
2534188, 0, 0
2534192, 1, 1
2534313, 0, 1
2534317, 1, 1
2534438, 0, 1
2534443, 1, 1
2534563, 0, bit 1
2534563, 0, 0
2534568, 1, 1
2534688, 0, 1
2534693, 1, 1
2534813, 0, 1
2534818, 1, 1
2534938, 0, 1
2534943, 1, 1
2535063, 0, 1
2535068, 1, 1
2535188, 0, 0
2535193, 1, 1
2535313, 0, 0
2535318, 1, prem 0
2535318, 1, 0
2535438, 0, bit 1
2535438, 0, 0
2535443, 1, 0
2535563, 0, 1
2535568, 1, 0
2535688, 0, 1
2535693, 1, 0
2535813, 0, 1
2535818, 1, 0
2535938, 0, 1
2535943, 1, 0
2536064, 0, 0
2536068, 1, 0
2536189, 0, 0
2536193, 1, 0
2536314, 0, bit 1
2536314, 0, 0
2536318, 1, 0
2536439, 0, 1
2536443, 1, 0
2536564, 0, 1
2536568, 1, 0
2536689, 0, 1
2536693, 1, 0
2536814, 0, 1
2536818, 1, 0
2536939, 0, 0
2536943, 1, 0
2537064, 0, 0
2537068, 1, 0
2537189, 0, bit 0
2537189, 0, 1
2537193, 1, 0
2537314, 0, 0
2537318, 1, prem 1
2537318, 1, 1
2537439, 0, 0
2537443, 1, 1
2537564, 0, 0
2537568, 1, 1
2537689, 0, 0
2537693, 1, 1
2537814, 0, 1
2537818, 1, 1
2537939, 0, 1
2537943, 1, 1
2538064, 0, bit 0
2538064, 0, 1
2538068, 1, 1
2538189, 0, 0
2538193, 1, 1
2538314, 0, 0
2538318, 1, 1
2538439, 0, 0
2538443, 1, 1
2538564, 0, 0
2538568, 1, 1
2538689, 0, 1
2538693, 1, 1
2538814, 0, 1
2538818, 1, 1
2538939, 0, bit 1
2538939, 0, 0
2538943, 1, 1
2539064, 0, 1
2539068, 1, 1
2539189, 0, 1
2539193, 1, 1
2539314, 0, 1
2539318, 1, prem 1
2539318, 1, 1
2539439, 0, 1
2539443, 1, 1
2539564, 0, 0
2539568, 1, 1
2539689, 0, 0
2539693, 1, 1
2539814, 0, bit 0
2539814, 0, 1
2539819, 1, 1
2539939, 0, 0
2539944, 1, 1
2540064, 0, 0
2540069, 1, 1
2540189, 0, 0
2540194, 1, 1
2540314, 0, 0
2540319, 1, 1
2540439, 0, 1
2540444, 1, 1
2540564, 0, 1
2540569, 1, 1
2540689, 0, bit 0
2540689, 0, 1
2540694, 1, 1
2540814, 0, 0
2540819, 1, 1
2540939, 0, 0
2540944, 1, 1
2541064, 0, 0
2541069, 1, 1
2541189, 0, 0
2541194, 1, 1
2541314, 0, 1
2541319, 1, bit 1
2541319, 1, 0
2541440, 0, 1
2541444, 1, 1
2541565, 0, bit 1
2541565, 0, 0
2541569, 1, 0
2541690, 0, 1
2541694, 1, 1
2541815, 0, 1
2541819, 1, 0
2541940, 0, 1
2541944, 1, 1
2542065, 0, 1
2542069, 1, 1
2542190, 0, 0
2542194, 1, bit 0
2542194, 1, 1
2542315, 0, 0
2542319, 1, 0
2542440, 0, bit 0
2542440, 0, 1
2542444, 1, 1
2542565, 0, 0
2542569, 1, 0
2542690, 0, 0
2542694, 1, 1
2542815, 0, 0
2542819, 1, 0
2542940, 0, 0
2542944, 1, 0
2543065, 0, 1
2543069, 1, bit 1
2543069, 1, 0
2543190, 0, 1
2543194, 1, 1
2543315, 0, bit 0
2543315, 0, 1
2543319, 1, 0
2543440, 0, 0
2543444, 1, 1
2543565, 0, 0
2543569, 1, 0
2543690, 0, 0
2543694, 1, 1
2543815, 0, 0
2543819, 1, 1
2543940, 0, 1
2543944, 1, bit 0
2543944, 1, 1
2544065, 0, 1
2544069, 1, 0
2544190, 0, bit 0
2544190, 0, 1
2544194, 1, 1
2544315, 0, 0
2544319, 1, 0
2544440, 0, 0
2544444, 1, 1
2544565, 0, 0
2544569, 1, 0
2544690, 0, 0
2544694, 1, 0
2544815, 0, 1
2544819, 1, bit 1
2544819, 1, 0
2544940, 0, 1
2544944, 1, 1
2545065, 0, bit 1
2545065, 0, 0
2545069, 1, 0
2545190, 0, 1
2545195, 1, 1
2545315, 0, 1
2545320, 1, 0
2545440, 0, 1
2545445, 1, 1
2545565, 0, 1
2545570, 1, 1
2545690, 0, 0
2545695, 1, bit 0
2545695, 1, 1
2545815, 0, 0
2545820, 1, 0
2545940, 0, bit 1
2545940, 0, 0
2545945, 1, 1
2546065, 0, 1
2546070, 1, 0
2546190, 0, 1
2546195, 1, 1
2546315, 0, 1
2546320, 1, 0
2546440, 0, 1
2546445, 1, 0
2546565, 0, 0
2546570, 1, bit 1
2546570, 1, 0
2546690, 0, 0
2546695, 1, 1
2546816, 0, bit 0
2546816, 0, 1
2546820, 1, 0
2546941, 0, 0
2546945, 1, 1
2547066, 0, 0
2547070, 1, 0
2547191, 0, 0
2547195, 1, 1
2547316, 0, 0
2547320, 1, 1
2547441, 0, 1
2547445, 1, bit 1
2547445, 1, 0
2547566, 0, 1
2547570, 1, 1
2547691, 0, bit 1
2547694, 0, 0
2547695, 1, 0
2547816, 0, 1
2547820, 1, 1
2547941, 0, 1
2547945, 1, 0
2548066, 0, 1
2548070, 1, 1
2548191, 0, 1
2548195, 1, 1
2548316, 0, 0
2548320, 1, bit 0
2548320, 1, 1
2548441, 0, 0
2548445, 1, 0
2548566, 0, bit 1
2548566, 0, 0
2548570, 1, 1
2548691, 0, 1
2548695, 1, 0
2548816, 0, 1
2548820, 1, 1
2548941, 0, 1
2548945, 1, 0
2549066, 0, 1
2549070, 1, 0
2549191, 0, 0
2549195, 1, bit 0
2549195, 1, 1
2549316, 0, 0
2549320, 1, 0
2549441, 0, bit 1
2549441, 0, 0
2549445, 1, 1
2549566, 0, 1
2549570, 1, 0
2549691, 0, 1
2549695, 1, 1
2549816, 0, 1
2549820, 1, 0
2549941, 0, 1
2549945, 1, 0
2550066, 0, 0
2550070, 1, bit 1
2550070, 1, 0
2550191, 0, 0
2550195, 1, 1
2550316, 0, bit 0
2550316, 0, 1
2550320, 1, 0
2550441, 0, 0
2550445, 1, 1
2550566, 0, 0
2550571, 1, 0
2550691, 0, 0
2550696, 1, 1
2550816, 0, 0
2550821, 1, 1
2550941, 0, 1
2550946, 1, bit 1
2550946, 1, 0
2551066, 0, 1
2551071, 1, 1
2551191, 0, bit 1
2551191, 0, 0
2551196, 1, 0
2551316, 0, 1
2551321, 1, 1
2551441, 0, 1
2551446, 1, 0
2551566, 0, 1
2551571, 1, 1
2551691, 0, 1
2551696, 1, 1
2551816, 0, 0
2551821, 1, bit 0
2551821, 1, 1
2551941, 0, 0
2551946, 1, 0
2552066, 0, bit 1
2552066, 0, 0
2552071, 1, 1
2552192, 0, 1
2552196, 1, 0
2552317, 0, 1
2552321, 1, 1
2552442, 0, 1
2552446, 1, 0
2552567, 0, 1
2552571, 1, 0
2552692, 0, 0
2552696, 1, bit 1
2552696, 1, 0
2552817, 0, 0
2552821, 1, 1
2552942, 0, bit 1
2552942, 0, 0
2552946, 1, 0
2553067, 0, 1
2553071, 1, 1
2553192, 0, 1
2553196, 1, 0
2553317, 0, 1
2553321, 1, 1
2553442, 0, 1
2553446, 1, 1
2553567, 0, 0
2553571, 1, bit 0
2553571, 1, 1
2553692, 0, 0
2553696, 1, 0
2553817, 0, bit 0
2553817, 0, 1
2553821, 1, 1
2553942, 0, 0
2553946, 1, 0
2554067, 0, 0
2554071, 1, 1
2554192, 0, 0
2554196, 1, 0
2554317, 0, 0
2554321, 1, 0
2554442, 0, 1
2554446, 1, bit 1
2554446, 1, 0
2554567, 0, 1
2554571, 1, 1
2554692, 0, bit 0
2554692, 0, 1
2554696, 1, 0
2554817, 0, 0
2554821, 1, 1
2554942, 0, 0
2554946, 1, 0
2555067, 0, 0
2555071, 1, 1
2555192, 0, 0
2555196, 1, 1
2555317, 0, 1
2555321, 1, bit 0
2555321, 1, 1
2555442, 0, 1
2555446, 1, 0
2555567, 0, bit 0
2555567, 0, 1
2555571, 1, 1
2555692, 0, 0
2555696, 1, 0
2555817, 0, 0
2555821, 1, 1
2555942, 0, 0
2555947, 1, 0
2556067, 0, 0
2556072, 1, 0
2556192, 0, 1
2556197, 1, bit 0
2556197, 1, 1
2556317, 0, 1
2556322, 1, 0
2556442, 0, bit 0
2556442, 0, 1
2556447, 1, 1
2556567, 0, 0
2556572, 1, 0
2556692, 0, 0
2556697, 1, 1
2556817, 0, 0
2556822, 1, 0
2556942, 0, 0
2556947, 1, 0
2557067, 0, 1
2557072, 1, bit 1
2557072, 1, 0
2557192, 0, 1
2557197, 1, 1
2557317, 0, bit 1
2557317, 0, 0
2557322, 1, 0
2557442, 0, 1
2557447, 1, 1
2557568, 0, 1
2557572, 1, 0
2557693, 0, 1
2557697, 1, 1
2557818, 0, 1
2557822, 1, 1
2557943, 0, 0
2557947, 1, bit 0
2557947, 1, 1
2558068, 0, 0
2558072, 1, 0
2558193, 0, bit 1
2558193, 0, 0
2558197, 1, 1
2558318, 0, 1
2558322, 1, 0
2558443, 0, 1
2558447, 1, 1
2558568, 0, 1
2558572, 1, 0
2558693, 0, 1
2558697, 1, 0
2558818, 0, 0
2558822, 1, bit 0
2558822, 1, 1
2558943, 0, 0
2558947, 1, 0
2559068, 0, bit 0
2559068, 0, 1
2559072, 1, 1
2559193, 0, 0
2559197, 1, 0
2559318, 0, 0
2559322, 1, 1
2559443, 0, 0
2559447, 1, 0
2559568, 0, 0
2559572, 1, 0
2559693, 0, 1
2559697, 1, bit 1
2559697, 1, 0
2559818, 0, 1
2559822, 1, 1
2559943, 0, bit 1
2559943, 0, 0
2559947, 1, 0
2560068, 0, 1
2560072, 1, 1
2560193, 0, 1
2560197, 1, 0
2560318, 0, 1
2560322, 1, 1
2560443, 0, 1
2560447, 1, 1
2560568, 0, 0
2560572, 1, bit 1
2560572, 1, 0
2560693, 0, 0
2560697, 1, 1
2560818, 0, bit 1
2560818, 0, 0
2560822, 1, 0
2560943, 0, 1
2560947, 1, 1
2561068, 0, 1
2561072, 1, 0
2561193, 0, 1
2561197, 1, 1
2561318, 0, 1
2561323, 1, 1
2561443, 0, 0
2561448, 1, bit 0
2561448, 1, 1
2561568, 0, 0
2561573, 1, 0
2561693, 0, bit 1
2561693, 0, 0
2561698, 1, 1
2561818, 0, 1
2561823, 1, 0
2561943, 0, 1
2561948, 1, 1
2562068, 0, 1
2562073, 1, 0
2562193, 0, 1
2562198, 1, 0
2562318, 0, 0
2562323, 1, bit 0
2562323, 1, 1
2562443, 0, 0
2562448, 1, 0
2562568, 0, bit 1
2562568, 0, 0
2562573, 1, 1
2562693, 0, 1
2562698, 1, 0
2562818, 0, 1
2562823, 1, 1
2562944, 0, 1
2562948, 1, 0
2563069, 0, 1
2563073, 1, 0
2563194, 0, 0
2563198, 1, bit 0
2563198, 1, 1
2563319, 0, 0
2563323, 1, 0
2563444, 0, bit 0
2563444, 0, 1
2563448, 1, 1
2563569, 0, 0
2563573, 1, 0
2563694, 0, 0
2563698, 1, 1
2563819, 0, 0
2563823, 1, 0
2563944, 0, 0
2563948, 1, 0
2564069, 0, 1
2564073, 1, bit 0
2564073, 1, 1
2564194, 0, 1
2564198, 1, 0
2564319, 0, bit 1
2564319, 0, 0
2564323, 1, 1
2564444, 0, 1
2564448, 1, 0
2564569, 0, 1
2564573, 1, 1
2564694, 0, 1
2564698, 1, 0
2564819, 0, 1
2564823, 1, 0
2564944, 0, 0
2564948, 1, bit 1
2564948, 1, 0
2565069, 0, 0
2565073, 1, 1
2565194, 0, bit 1
2565194, 0, 0
2565198, 1, 0
2565319, 0, 1
2565323, 1, 1
2565444, 0, 1
2565448, 1, 0
2565569, 0, 1
2565573, 1, 1
2565694, 0, 1
2565698, 1, 1
2565819, 0, 0
2565823, 1, bit 1
2565823, 1, 0
2565944, 0, 0
2565948, 1, 1
2566069, 0, bit 0
2566069, 0, 1
2566073, 1, 0
2566194, 0, 0
2566198, 1, 1
2566319, 0, 0
2566323, 1, 0
2566444, 0, 0
2566448, 1, 1
2566569, 0, 0
2566573, 1, 1
2566694, 0, 1
2566699, 1, bit 0
2566699, 1, 1
2566819, 0, 1
2566824, 1, 0
2566944, 0, bit 0
2566944, 0, 1
2566949, 1, 1
2567069, 0, 0
2567074, 1, 0
2567194, 0, 0
2567199, 1, 1
2567319, 0, 0
2567324, 1, 0
2567444, 0, 0
2567449, 1, 0
2567569, 0, 1
2567574, 1, bit 0
2567574, 1, 1
2567694, 0, 1
2567699, 1, 0
2567819, 0, bit 0
2567819, 0, 1
2567824, 1, 1
2567944, 0, 0
2567949, 1, 0
2568069, 0, 0
2568074, 1, 1
2568194, 0, 0
2568199, 1, 0
2568320, 0, 0
2568324, 1, 0
2568445, 0, 1
2568449, 1, bit 1
2568449, 1, 0
2568570, 0, 1
2568574, 1, 1
2568695, 0, bit 1
2568695, 0, 0
2568699, 1, 0
2568820, 0, 1
2568824, 1, 1
2568945, 0, 1
2568949, 1, 0
2569070, 0, 1
2569074, 1, 1
2569195, 0, 1
2569199, 1, 1
2569320, 0, 0
2569324, 1, bit 1
2569327, 1, 0
2569445, 0, 0
2569449, 1, 1
2569570, 0, bit 0
2569570, 0, 1
2569574, 1, 0
2569695, 0, 0
2569699, 1, 1
2569820, 0, 0
2569824, 1, 0
2569945, 0, 0
2569949, 1, 1
2570070, 0, 0
2570074, 1, 1
2570195, 0, 1
2570199, 1, bit 0
2570199, 1, 1
2570320, 0, 1
2570324, 1, 0
2570445, 0, bit 0
2570445, 0, 1
2570449, 1, 1
2570570, 0, 0
2570574, 1, 0
2570695, 0, 0
2570699, 1, 1
2570820, 0, 0
2570824, 1, 0
2570945, 0, 0
2570949, 1, 0
2571070, 0, 1
2571074, 1, bit 1
2571074, 1, 0
2571195, 0, 1
2571199, 1, 1
2571320, 0, bit 1
2571320, 0, 0
2571324, 1, 0
2571445, 0, 1
2571449, 1, 1
2571570, 0, 1
2571574, 1, 0
2571695, 0, 1
2571699, 1, 1
2571820, 0, 1
2571824, 1, 1
2571945, 0, 0
2571949, 1, bit 0
2571949, 1, 1
2572070, 0, 0
2572075, 1, 0
2572195, 0, bit 0
2572195, 0, 1
2572200, 1, 1
2572320, 0, 0
2572325, 1, 0
2572445, 0, 0
2572450, 1, 1
2572570, 0, 0
2572575, 1, 0
2572695, 0, 0
2572700, 1, 0
2572820, 0, 1
2572825, 1, bit 0
2572825, 1, 1
2572945, 0, 1
2572950, 1, 0
2573070, 0, bit 1
2573070, 0, 0
2573075, 1, 1
2573195, 0, 1
2573200, 1, 0
2573320, 0, 1
2573325, 1, 1
2573445, 0, 1
2573450, 1, 0
2573570, 0, 1
2573575, 1, 0
2573696, 0, 0
2573700, 1, bit 1
2573700, 1, 0
2573821, 0, 0
2573825, 1, 1
2573946, 0, bit 0
2573946, 0, 1
2573950, 1, 0
2574071, 0, 0
2574075, 1, 1
2574196, 0, 0
2574200, 1, 0
2574321, 0, 0
2574325, 1, 1
2574446, 0, 0
2574450, 1, 1
2574571, 0, 1
2574575, 1, bit 1
2574575, 1, 0
2574696, 0, 1
2574700, 1, 1
2574821, 0, bit 1
2574821, 0, 0
2574825, 1, 0
2574946, 0, 1
2574950, 1, 1
2575071, 0, 1
2575075, 1, 0
2575196, 0, 1
2575200, 1, 1
2575321, 0, 1
2575325, 1, 1
2575446, 0, 0
2575450, 1, bit 1
2575450, 1, 0
2575571, 0, 0
2575575, 1, 1
2575696, 0, bit 0
2575696, 0, 1
2575700, 1, 0
2575821, 0, 0
2575825, 1, 1
2575946, 0, 0
2575950, 1, 0
2576071, 0, 0
2576075, 1, 1
2576196, 0, 0
2576200, 1, 1
2576321, 0, 1
2576325, 1, bit 0
2576325, 1, 1
2576446, 0, 1
2576450, 1, 0
2576571, 0, bit 0
2576574, 0, 1
2576575, 1, 1
2576696, 0, 0
2576700, 1, 0
2576821, 0, 0
2576825, 1, 1
2576946, 0, 0
2576950, 1, 0
2577071, 0, 0
2577075, 1, 0
2577196, 0, 1
2577200, 1, bit 1
2577200, 1, 0
2577321, 0, 1
2577325, 1, 1
2577446, 0, bit 1
2577446, 0, 0
2577451, 1, 0
2577571, 0, 1
2577576, 1, 1
2577696, 0, 1
2577701, 1, 0
2577821, 0, 1
2577826, 1, 1
2577946, 0, 1
2577951, 1, 1
2578071, 0, 0
2578076, 1, bit 0
2578076, 1, 1
2578196, 0, 0
2578201, 1, 0
2578321, 0, bit 1
2578321, 0, 0
2578326, 1, 1
2578446, 0, 1
2578451, 1, 0
2578571, 0, 1
2578576, 1, 1
2578696, 0, 1
2578701, 1, 0
2578821, 0, 1
2578826, 1, 0
2578946, 0, 0
2578951, 1, bit 1
2578951, 1, 0
2579072, 0, 0
2579076, 1, 1
2579197, 0, bit 0
2579197, 0, 1
2579201, 1, 0
2579322, 0, 0
2579326, 1, 1
2579447, 0, 0
2579451, 1, 0
2579572, 0, 0
2579576, 1, 1
2579697, 0, 0
2579701, 1, 1
2579822, 0, 1
2579826, 1, bit 0
2579826, 1, 1
2579947, 0, 1
2579951, 1, 0
2580072, 0, bit 0
2580072, 0, 1
2580076, 1, 1
2580197, 0, 0
2580201, 1, 0
2580322, 0, 0
2580326, 1, 1
2580447, 0, 0
2580451, 1, 0
2580572, 0, 0
2580576, 1, 0
2580697, 0, 1
2580701, 1, bit 1
2580701, 1, 0
2580822, 0, 1
2580826, 1, 1
2580947, 0, bit 0
2580947, 0, 1
2580951, 1, 0
2581072, 0, 0
2581076, 1, 1
2581197, 0, 0
2581201, 1, 0
2581322, 0, 0
2581326, 1, 1
2581447, 0, 0
2581451, 1, 1
2581572, 0, 1
2581576, 1, bit 0
2581576, 1, 1
2581697, 0, 1
2581701, 1, 0
2581822, 0, bit 0
2581822, 0, 1
2581826, 1, 1
2581947, 0, 0
2581951, 1, 0
2582072, 0, 0
2582076, 1, 1
2582197, 0, 0
2582201, 1, 0
2582322, 0, 0
2582326, 1, 0
2582447, 0, 1
2582451, 1, bit 0
2582451, 1, 1
2582572, 0, 1
2582576, 1, 0
2582697, 0, bit 0
2582697, 0, 1
2582701, 1, 1
2582822, 0, 0
2582827, 1, 0
2582947, 0, 0
2582952, 1, 1
2583072, 0, 0
2583077, 1, 0
2583197, 0, 0
2583202, 1, 0
2583322, 0, 1
2583327, 1, bit 1
2583327, 1, 0
2583447, 0, 1
2583452, 1, 1
2583572, 0, bit 1
2583572, 0, 0
2583577, 1, 0
2583697, 0, 1
2583702, 1, 1
2583822, 0, 1
2583827, 1, 0
2583947, 0, 1
2583952, 1, 1
2584072, 0, 1
2584077, 1, 1
2584197, 0, 0
2584202, 1, bit 1
2584202, 1, 0
2584322, 0, 0
2584327, 1, 1
2584448, 0, bit 0
2584448, 0, 1
2584452, 1, 0
2584573, 0, 0
2584577, 1, 1
2584698, 0, 0
2584702, 1, 0
2584823, 0, 0
2584827, 1, 1
2584948, 0, 0
2584952, 1, 1
2585073, 0, 1
2585077, 1, bit 0
2585077, 1, 1
2585198, 0, 1
2585202, 1, 0
2585323, 0, bit 0
2585323, 0, 1
2585327, 1, 1
2585448, 0, 0
2585452, 1, 0
2585573, 0, 0
2585577, 1, 1
2585698, 0, 0
2585702, 1, 0
2585823, 0, 0
2585827, 1, 0
2585948, 0, 1
2585952, 1, bit 1
2585952, 1, 0
2586073, 0, 1
2586077, 1, 1
2586198, 0, bit 0
2586198, 0, 1
2586202, 1, 0
2586323, 0, 0
2586327, 1, 1
2586448, 0, 0
2586452, 1, 0
2586573, 0, 0
2586577, 1, 1
2586698, 0, 0
2586702, 1, 1
2586823, 0, 1
2586827, 1, bit 1
2586827, 1, 0
2586948, 0, 1
2586952, 1, 1
2587073, 0, bit 1
2587073, 0, 0
2587077, 1, 0
2587198, 0, 1
2587202, 1, 1
2587323, 0, 1
2587327, 1, 0
2587448, 0, 1
2587452, 1, 1
2587573, 0, 1
2587577, 1, 1
2587698, 0, 0
2587702, 1, bit 0
2587702, 1, 1
2587823, 0, 0
2587827, 1, 0
2587948, 0, bit 1
2587948, 0, 0
2587952, 1, 1
2588073, 0, 1
2588077, 1, 0
2588198, 0, 1
2588203, 1, 1
2588323, 0, 1
2588328, 1, 0
2588448, 0, 1
2588453, 1, 0
2588573, 0, 0
2588578, 1, bit 0
2588578, 1, 1
2588698, 0, 0
2588703, 1, 0
2588823, 0, bit 0
2588823, 0, 1
2588828, 1, 1
2588948, 0, 0
2588953, 1, 0
2589073, 0, 0
2589078, 1, 1
2589198, 0, 0
2589203, 1, 0
2589323, 0, 0
2589328, 1, 0
2589448, 0, 1
2589453, 1, bit 0
2589453, 1, 1
2589573, 0, 1
2589578, 1, 0
2589698, 0, bit 0
2589698, 0, 1
2589703, 1, 1
2589824, 0, 0
2589828, 1, 0
2589949, 0, 0
2589953, 1, 1
2590074, 0, 0
2590078, 1, 0
2590199, 0, 0
2590203, 1, 0
2590324, 0, 1
2590328, 1, bit 0
2590328, 1, 1
2590449, 0, 1
2590453, 1, 0
2590574, 0, bit 0
2590574, 0, 1
2590578, 1, 1
2590699, 0, 0
2590703, 1, 0
2590824, 0, 0
2590828, 1, 1
2590949, 0, 0
2590953, 1, 0
2591074, 0, 0
2591078, 1, 0
2591199, 0, 1
2591203, 1, bit 0
2591203, 1, 1
2591324, 0, 1
2591328, 1, 0
2591449, 0, bit 0
2591449, 0, 1
2591453, 1, 1
2591574, 0, 0
2591578, 1, 0
2591699, 0, 0
2591703, 1, 1
2591824, 0, 0
2591828, 1, 0
2591949, 0, 0
2591953, 1, 0
2592074, 0, 1
2592078, 1, bit 1
2592078, 1, 0
2592199, 0, 1
2592203, 1, 1
2592324, 0, bit 1
2592324, 0, 0
2592328, 1, 0
2592449, 0, 1
2592453, 1, 1
2592574, 0, 1
2592578, 1, 0
2592699, 0, 1
2592703, 1, 1
2592824, 0, 1
2592828, 1, 1
2592949, 0, 0
2592953, 1, bit 0
2592953, 1, 1
2593074, 0, 0
2593078, 1, 0
2593199, 0, bit 0
2593199, 0, 1
2593203, 1, 1
2593324, 0, 0
2593328, 1, 0
2593449, 0, 0
2593453, 1, 1
2593574, 0, 0
2593579, 1, 0
2593699, 0, 0
2593704, 1, 0
2593824, 0, 1
2593829, 1, bit 1
2593829, 1, 0
2593949, 0, 1
2593954, 1, 1
2594074, 0, bit 1
2594074, 0, 0
2594079, 1, 0
2594199, 0, 1
2594204, 1, 1
2594324, 0, 1
2594329, 1, 0
2594449, 0, 1
2594454, 1, 1
2594574, 0, 1
2594579, 1, 1
2594699, 0, 0
2594704, 1, bit 1
2594704, 1, 0
2594824, 0, 0
2594829, 1, 1
2594949, 0, bit 0
2594949, 0, 1
2594954, 1, 0
2595074, 0, 0
2595079, 1, 1
2595200, 0, 0
2595204, 1, 0
2595325, 0, 0
2595329, 1, 1
2595450, 0, 0
2595454, 1, 1
2595575, 0, 1
2595579, 1, bit 0
2595579, 1, 1
2595700, 0, 1
2595704, 1, 0
2595825, 0, bit 0
2595825, 0, 1
2595829, 1, 1
2595950, 0, 0
2595954, 1, 0
2596075, 0, 0
2596079, 1, 1
2596200, 0, 0
2596204, 1, 0
2596325, 0, 0
2596329, 1, 0
2596450, 0, 1
2596454, 1, bit 0
2596457, 1, 1
2596575, 0, 1
2596579, 1, 0
2596700, 0, bit 0
2596700, 0, 1
2596704, 1, 1
2596825, 0, 0
2596829, 1, 0
2596950, 0, 0
2596954, 1, 1
2597075, 0, 0
2597079, 1, 0
2597200, 0, 0
2597204, 1, 0
2597325, 0, 1
2597329, 1, bit 1
2597329, 1, 0
2597450, 0, 1
2597454, 1, 1
2597575, 0, bit 1
2597575, 0, 0
2597579, 1, 0
2597700, 0, 1
2597704, 1, 1
2597825, 0, 1
2597829, 1, 0
2597950, 0, 1
2597954, 1, 1
2598075, 0, 1
2598079, 1, 1
2598200, 0, 0
2598204, 1, bit 1
2598204, 1, 0
2598325, 0, 0
2598329, 1, 1
2598450, 0, bit 1
2598450, 0, 0
2598454, 1, 0
2598575, 0, 1
2598579, 1, 1
2598700, 0, 1
2598704, 1, 0
2598825, 0, 1
2598829, 1, 1
2598950, 0, 1
2598955, 1, 1
2599075, 0, 0
2599080, 1, bit 0
2599080, 1, 1
2599200, 0, 0
2599205, 1, 0
2599330, 1, 1
2599455, 1, 0
2599580, 1, 1
2599705, 1, 0
2599830, 1, 0
2599955, 1, bit 1
2599955, 1, 0
2600080, 1, 1
2600205, 1, 0
2600330, 1, 1
2600455, 1, 0
2600580, 1, 1
2600705, 1, 1
2600830, 1, bit 1
2600830, 1, 0
2600955, 1, 1
2601080, 1, 0
2601205, 1, 1
2601330, 1, 0
2601455, 1, 1
2601580, 1, 1
2601705, 1, bit 0
2601705, 1, 1
2601830, 1, 0
2601955, 1, 1
2602080, 1, 0
2602205, 1, 1
2602330, 1, 0
2602455, 1, 0
2602580, 1, bit 1
2602580, 1, 0
2602705, 1, 1
2602830, 1, 0
2602955, 1, 1
2603080, 1, 0
2603205, 1, 1
2603330, 1, 1
2603455, 1, bit 1
2603455, 1, 0
2603580, 1, 1
2603705, 1, 0
2603830, 1, 1
2603955, 1, 0
2604080, 1, 1
2604205, 1, 1
2604331, 1, bit 0
2604331, 1, 1
2604456, 1, 0
2604581, 1, 1
2604706, 1, 0
2604831, 1, 1
2604956, 1, 0
2605081, 1, 0
2605206, 1, bit 0
2605206, 1, 1
2605331, 1, 0
2605456, 1, 1
2605581, 1, 0
2605706, 1, 1
2605831, 1, 0
2605956, 1, 0
2606081, 1, bit 0
2606081, 1, 1
2606206, 1, 0
2606331, 1, 1
2606456, 1, 0
2606581, 1, 1
2606706, 1, 0
2606831, 1, 0
2606956, 1, bit 0
2606956, 1, 1
2607081, 1, 0
2607206, 1, 1
2607331, 1, 0
2607456, 1, 1
2607581, 1, 0
2607706, 1, 0
2607831, 1, bit 0
2607831, 1, 1
2607956, 1, 0
2608081, 1, 1
2608206, 1, 0
2608331, 1, 1
2608456, 1, 0
2608581, 1, 0
2608706, 1, bit 1
2608706, 1, 0
2608831, 1, 1
2608956, 1, 0
2609081, 1, 1
2609206, 1, 0
2609331, 1, 1
2609456, 1, 1
2609581, 1, bit 1
2609581, 1, 0
2609707, 1, 1
2609832, 1, 0
2609957, 1, 1
2610082, 1, 0
2610207, 1, 1
2610332, 1, 1
2610457, 1, bit 1
2610457, 1, 0
2610582, 1, 1
2610707, 1, 0
2610832, 1, 1
2610957, 1, 0
2611082, 1, 1
2611207, 1, 1
2611332, 1, bit 0
2611332, 1, 1
2611457, 1, 0
2611582, 1, 1
2611707, 1, 0
2611832, 1, 1
2611957, 1, 0
2612082, 1, 0
2612207, 1, bit 1
2612207, 1, 0
2612332, 1, 1
2612457, 1, 0
2612582, 1, 1
2612707, 1, 0
2612832, 1, 1
2612957, 1, 1
2613082, 1, bit 1
2613082, 1, 0
2613207, 1, 1
2613332, 1, 0
2613457, 1, 1
2613582, 1, 0
2613707, 1, 1
2613832, 1, 1
2613957, 1, bit 0
2613957, 1, 1
2614082, 1, 0
2614207, 1, 1
2614332, 1, 0
2614457, 1, 1
2614582, 1, 0
2614707, 1, 0
2614832, 1, bit 1
2614832, 1, 0
2614957, 1, 1
2615083, 1, 0
2615208, 1, 1
2615333, 1, 0
2615458, 1, 1
2615583, 1, 1
2615708, 1, bit 0
2615708, 1, 1
2615833, 1, 0
2615958, 1, 1
2616083, 1, 0
2616208, 1, 1
2616333, 1, 0
2616458, 1, 0
2616583, 1, bit 1
2616583, 1, 0
2616708, 1, 1
2616833, 1, 0
2616958, 1, 1
2617083, 1, 0
2617208, 1, 1
2617333, 1, 1
2617458, 1, bit 0
2617458, 1, 1
2617583, 1, 0
2617708, 1, 1
2617833, 1, 0
2617958, 1, 1
2618083, 1, 0
2618208, 1, 0
2618333, 1, bit 1
2618333, 1, 0
2618458, 1, 1
2618583, 1, 0
2618708, 1, 1
2618833, 1, 0
2618958, 1, 1
2619083, 1, 1
2619208, 1, bit 1
2619208, 1, 0
2619333, 1, 1
2619458, 1, 0
2619583, 1, 1
2619708, 1, 0
2619833, 1, 1
2619958, 1, 1
2620083, 1, bit 0
2620083, 1, 1
2620208, 1, 0
2620333, 1, 1
2620459, 1, 0
2620584, 1, 1
2620709, 1, 0
2620834, 1, 0
2620959, 1, bit 1
2620959, 1, 0
2621084, 1, 1
2621209, 1, 0
2621334, 1, 1
2621459, 1, 0
2621584, 1, 1
2621709, 1, 1
2621834, 1, bit 1
2621834, 1, 0
2621959, 1, 1
2622084, 1, 0
2622209, 1, 1
2622334, 1, 0
2622459, 1, 1
2622584, 1, 1
2622709, 1, bit 1
2622709, 1, 0
2622834, 1, 1
2622959, 1, 0
2623084, 1, 1
2623209, 1, 0
2623334, 1, 1
2623459, 1, 1
2623584, 1, bit 1
2623584, 1, 0
2623709, 1, 1
2623834, 1, 0
2623959, 1, 1
2624084, 1, 0
2624209, 1, 1
2624334, 1, 1
2624459, 1, bit 1
2624459, 1, 0
2624584, 1, 1
2624709, 1, 0
2624834, 1, 1
2624959, 1, 0
2625084, 1, 1
2625209, 1, 1
2625334, 1, bit 1
2625334, 1, 0
2625459, 1, 1
2625584, 1, 0
2625709, 1, 1
2625835, 1, 0
2625960, 1, 1
2626085, 1, 1
2626210, 1, bit 1
2626213, 1, 0
2626335, 1, 1
2626460, 1, 0
2626585, 1, 1
2626710, 1, 0
2626835, 1, 1
2626960, 1, 1
2627085, 1, bit 1
2627085, 1, 0
2627210, 1, 1
2627335, 1, 0
2627460, 1, 1
2627585, 1, 0
2627710, 1, 1
2627835, 1, 1
2627960, 1, bit 0
2627960, 1, 1
2628085, 1, 0
2628210, 1, 1
2628335, 1, 0
2628460, 1, 1
2628585, 1, 0
2628710, 1, 0
