125 100 2 7 16
(2, 20, 0, 10.00), (code 1)
(3, 258, 3, 10.00), (code 0)
START
1022417, 0, prem 1
1022417, 0, 1
1022542, 0, 1
1022667, 0, 1
1022792, 0, 1
1022917, 0, 1
1023042, 0, 1
1023167, 0, 1
1023292, 0, 1
1023417, 0, 1
1023542, 0, 1
1023667, 0, 1
1023792, 0, 1
1023917, 0, 1
1024043, 0, 1
1024168, 0, 1
1024293, 0, 1
1024418, 0, 0
1024543, 0, 0
1024668, 0, 0
1024793, 0, 0
1024918, 0, 0
1025043, 0, 0
1025168, 0, 0
1025293, 0, 0
1025418, 0, 0
1025543, 0, 0
1025668, 0, 0
1025793, 0, 0
1025918, 0, 0
1026043, 0, 0
1026168, 0, 0
1026293, 0, 0
1026418, 0, prem 1
1026418, 0, 1
1026543, 0, 1
1026668, 0, 1
1026793, 0, 1
1026918, 0, 1
1027043, 0, 1
1027168, 0, 1
1027293, 0, 1
1027418, 0, 1
1027543, 0, 1
1027668, 0, 1
1027793, 0, 1
1027918, 0, 1
1028043, 0, 1
1028168, 0, 1
1028293, 0, 1
1028418, 0, 0
1028543, 0, 0
1028668, 0, 0
1028793, 0, 0
1028918, 0, 0
1029043, 0, 0
1029168, 0, 0
1029293, 0, 0
1029419, 0, 0
1029544, 0, 0
1029669, 0, 0
1029794, 0, 0
1029919, 0, 0
1030044, 0, 0
1030169, 0, 0
1030294, 0, 0
1030419, 0, prem 0
1030419, 0, 0
1030544, 0, 0
1030669, 0, 0
1030794, 0, 0
1030919, 0, 0
1031044, 0, 0
1031169, 0, 0
1031294, 0, 0
1031419, 0, 0
1031544, 0, 0
1031669, 0, 0
1031794, 0, 0
1031919, 0, 0
1032044, 0, 0
1032169, 0, 0
1032294, 0, 0
1032419, 0, 1
1032544, 0, 1
1032669, 0, 1
1032794, 0, 1
1032919, 0, 1
1033044, 0, 1
1033169, 0, 1
1033294, 0, 1
1033419, 0, 1
1033544, 0, 1
1033669, 0, 1
1033794, 0, 1
1033919, 0, 1
1034044, 0, 1
1034169, 0, 1
1034294, 0, 1
1034419, 0, prem 0
1034419, 0, 0
1034544, 0, 0
1034669, 0, 0
1034795, 0, 0
1034920, 0, 0
1035045, 0, 0
1035170, 0, 0
1035295, 0, 0
1035420, 0, 0
1035545, 0, 0
1035670, 0, 0
1035795, 0, 0
1035920, 0, 0
1036045, 0, 0
1036170, 0, 0
1036295, 0, 0
1036420, 0, 1
1036545, 0, 1
1036670, 0, 1
1036795, 0, 1
1036920, 0, 1
1037045, 0, 1
1037170, 0, 1
1037295, 0, 1
1037420, 0, 1
1037545, 0, 1
1037670, 0, 1
1037795, 0, 1
1037920, 0, 1
1038045, 0, 1
1038170, 0, 1
1038295, 0, 1
1038420, 0, prem 0
1038420, 0, 0
1038545, 0, 0
1038670, 0, 0
1038795, 0, 0
1038920, 0, 0
1039045, 0, 0
1039170, 0, 0
1039295, 0, 0
1039420, 0, 0
1039545, 0, 0
1039670, 0, 0
1039795, 0, 0
1039920, 0, 0
1040045, 0, 0
1040171, 0, 0
1040296, 0, 0
1040421, 0, 1
1040546, 0, 1
1040671, 0, 1
1040796, 0, 1
1040921, 0, 1
1041046, 0, 1
1041171, 0, 1
1041296, 0, 1
1041421, 0, 1
1041546, 0, 1
1041671, 0, 1
1041796, 0, 1
1041921, 0, 1
1042046, 0, 1
1042171, 0, 1
1042296, 0, 1
1042421, 0, prem 0
1042421, 0, 0
1042546, 0, 0
1042671, 0, 0
1042796, 0, 0
1042921, 0, 0
1043046, 0, 0
1043171, 0, 0
1043296, 0, 0
1043421, 0, 0
1043546, 0, 0
1043671, 0, 0
1043796, 0, 0
1043921, 0, 0
1044046, 0, 0
1044171, 0, 0
1044296, 0, 0
1044421, 0, 1
1044546, 0, 1
1044671, 0, 1
1044796, 0, 1
1044921, 0, 1
1045046, 0, 1
1045171, 0, 1
1045296, 0, 1
1045421, 0, 1
1045547, 0, 1
1045672, 0, 1
1045797, 0, 1
1045922, 0, 1
1046047, 0, 1
1046172, 0, 1
1046297, 0, 1
1046422, 0, prem 0
1046422, 0, 0
1046547, 0, 0
1046672, 0, 0
1046797, 0, 0
1046922, 0, 0
1047047, 0, 0
1047172, 0, 0
1047297, 0, 0
1047422, 0, 0
1047547, 0, 0
1047672, 0, 0
1047797, 0, 0
1047922, 0, 0
1048047, 0, 0
1048172, 0, 0
1048297, 0, 0
1048422, 0, 1
1048547, 0, 1
1048672, 0, 1
1048797, 0, 1
1048922, 0, 1
1049047, 0, 1
1049172, 0, 1
1049297, 0, 1
1049422, 0, 1
1049547, 0, 1
1049672, 0, 1
1049797, 0, 1
1049922, 0, 1
1050047, 0, 1
1050172, 0, 1
1050297, 0, 1
1050422, 0, bit 1
1050425, 0, 1
1050547, 0, 0
1050672, 0, 1
1050797, 0, 0
1050923, 0, 0
1051048, 0, 1
1051173, 0, 0
1051298, 0, 1
1051423, 0, 0
1051548, 0, 1
1051673, 0, 0
1051798, 0, 1
1051923, 0, 0
1052048, 0, 1
1052173, 0, bit 1
1052173, 0, 1
1052298, 0, 0
1052423, 0, 1
1052548, 0, 0
1052551, 1, prem 0
1052551, 1, 0
1052673, 0, 0
1052676, 1, 0
1052798, 0, 1
1052801, 1, 0
1052923, 0, 0
1052926, 1, 0
1053048, 0, 1
1053051, 1, 0
1053173, 0, 0
1053176, 1, 0
1053298, 0, 1
1053301, 1, 0
1053423, 0, 0
1053426, 1, 0
1053548, 0, 1
1053551, 1, 0
1053673, 0, 0
1053676, 1, 0
1053798, 0, 1
1053801, 1, 0
1053923, 0, bit 1
1053923, 0, 1
1053926, 1, 0
1054048, 0, 0
1054051, 1, 0
1054173, 0, 1
1054176, 1, 0
1054298, 0, 0
1054301, 1, 0
1054423, 0, 0
1054426, 1, 0
1054548, 0, 1
1054551, 1, 1
1054673, 0, 0
1054676, 1, 1
1054798, 0, 1
1054801, 1, 1
1054923, 0, 0
1054926, 1, 1
1055048, 0, 1
1055051, 1, 1
1055173, 0, 0
1055176, 1, 1
1055298, 0, 1
1055301, 1, 1
1055423, 0, 0
1055426, 1, 1
1055548, 0, 1
1055551, 1, 1
1055673, 0, bit 0
1055673, 0, 0
1055676, 1, 1
1055798, 0, 1
1055801, 1, 1
1055923, 0, 0
1055926, 1, 1
1056048, 0, 1
1056051, 1, 1
1056173, 0, 1
1056176, 1, 1
1056299, 0, 0
1056301, 1, 1
1056424, 0, 1
1056427, 1, 1
1056549, 0, 0
1056552, 1, prem 1
1056552, 1, 1
1056674, 0, 1
1056677, 1, 1
1056799, 0, 0
1056802, 1, 1
1056924, 0, 1
1056927, 1, 1
1057049, 0, 0
1057052, 1, 1
1057174, 0, 1
1057177, 1, 1
1057299, 0, 0
1057302, 1, 1
1057424, 0, bit 1
1057424, 0, 1
1057427, 1, 1
1057549, 0, 0
1057552, 1, 1
1057674, 0, 1
1057677, 1, 1
1057799, 0, 0
1057802, 1, 1
1057924, 0, 0
1057927, 1, 1
1058049, 0, 1
1058052, 1, 1
1058174, 0, 0
1058177, 1, 1
1058299, 0, 1
1058302, 1, 1
1058424, 0, 0
1058427, 1, 1
1058549, 0, 1
1058552, 1, 0
1058674, 0, 0
1058677, 1, 0
1058799, 0, 1
1058802, 1, 0
1058924, 0, 0
1058927, 1, 0
1059049, 0, 1
1059052, 1, 0
1059174, 0, bit 1
1059174, 0, 1
1059177, 1, 0
1059299, 0, 0
1059302, 1, 0
1059424, 0, 1
1059427, 1, 0
1059549, 0, 0
1059552, 1, 0
1059674, 0, 0
1059677, 1, 0
1059799, 0, 1
1059802, 1, 0
1059924, 0, 0
1059927, 1, 0
1060049, 0, 1
1060052, 1, 0
1060174, 0, 0
1060177, 1, 0
1060299, 0, 1
1060302, 1, 0
1060424, 0, 0
1060427, 1, 0
1060549, 0, 1
1060552, 1, prem 1
1060552, 1, 1
1060674, 0, 0
1060677, 1, 1
1060799, 0, 1
1060802, 1, 1
1060924, 0, bit 1
1060924, 0, 1
1060927, 1, 1
1061049, 0, 0
1061052, 1, 1
1061174, 0, 1
1061177, 1, 1
1061299, 0, 0
1061302, 1, 1
1061424, 0, 0
1061427, 1, 1
1061549, 0, 1
1061552, 1, 1
1061675, 0, 0
1061677, 1, 1
1061800, 0, 1
1061803, 1, 1
1061925, 0, 0
1061928, 1, 1
1062050, 0, 1
1062053, 1, 1
1062175, 0, 0
1062178, 1, 1
1062300, 0, 1
1062303, 1, 1
1062425, 0, 0
1062428, 1, 1
1062550, 0, 1
1062553, 1, 0
1062675, 0, bit 0
1062675, 0, 0
1062678, 1, 0
1062800, 0, 1
1062803, 1, 0
1062925, 0, 0
1062928, 1, 0
1063050, 0, 1
1063053, 1, 0
1063175, 0, 1
1063178, 1, 0
1063300, 0, 0
1063303, 1, 0
1063425, 0, 1
1063428, 1, 0
1063550, 0, 0
1063553, 1, 0
1063675, 0, 1
1063678, 1, 0
1063800, 0, 0
1063803, 1, 0
1063925, 0, 1
1063928, 1, 0
1064050, 0, 0
1064053, 1, 0
1064175, 0, 1
1064178, 1, 0
1064300, 0, 0
1064303, 1, 0
1064425, 0, bit 0
1064425, 0, 0
1064428, 1, 0
1064550, 0, 1
1064553, 1, prem 1
1064553, 1, 1
1064675, 0, 0
1064678, 1, 1
1064800, 0, 1
1064803, 1, 1
1064925, 0, 1
1064928, 1, 1
1065050, 0, 0
1065053, 1, 1
1065175, 0, 1
1065178, 1, 1
1065300, 0, 0
1065303, 1, 1
1065425, 0, 1
1065428, 1, 1
1065550, 0, 0
1065553, 1, 1
1065675, 0, 1
1065678, 1, 1
1065800, 0, 0
1065803, 1, 1
1065925, 0, 1
1065928, 1, 1
1066050, 0, 0
1066053, 1, 1
1066175, 0, bit 1
1066175, 0, 1
1066178, 1, 1
1066300, 0, 0
1066303, 1, 1
1066425, 0, 1
1066428, 1, 1
1066550, 0, 0
1066553, 1, 0
1066675, 0, 0
1066678, 1, 0
1066800, 0, 1
1066803, 1, 0
1066925, 0, 0
1066928, 1, 0
1067051, 0, 1
1067053, 1, 0
1067176, 0, 0
1067179, 1, 0
1067301, 0, 1
1067304, 1, 0
1067426, 0, 0
1067429, 1, 0
1067551, 0, 1
1067554, 1, 0
1067676, 0, 0
1067679, 1, 0
1067801, 0, 1
1067804, 1, 0
1067926, 0, bit 1
1067926, 0, 1
1067929, 1, 0
1068051, 0, 0
1068054, 1, 0
1068176, 0, 1
1068179, 1, 0
1068301, 0, 0
1068304, 1, 0
1068426, 0, 0
1068429, 1, 0
1068551, 0, 1
1068554, 1, prem 1
1068554, 1, 1
1068676, 0, 0
1068679, 1, 1
1068801, 0, 1
1068804, 1, 1
1068926, 0, 0
1068929, 1, 1
1069051, 0, 1
1069054, 1, 1
1069176, 0, 0
1069179, 1, 1
1069301, 0, 1
1069304, 1, 1
1069426, 0, 0
1069429, 1, 1
1069551, 0, 1
1069554, 1, 1
1069676, 0, bit 1
1069676, 0, 1
1069679, 1, 1
1069801, 0, 0
1069804, 1, 1
1069926, 0, 1
1069929, 1, 1
1070051, 0, 0
1070054, 1, 1
1070176, 0, 0
1070179, 1, 1
1070301, 0, 1
1070304, 1, 1
1070426, 0, 0
1070429, 1, 1
1070551, 0, 1
1070554, 1, 0
1070676, 0, 0
1070679, 1, 0
1070801, 0, 1
1070804, 1, 0
1070926, 0, 0
1070929, 1, 0
1071051, 0, 1
1071054, 1, 0
1071176, 0, 0
1071179, 1, 0
1071301, 0, 1
1071304, 1, 0
1071426, 0, bit 0
1071429, 0, 0
1071429, 1, 0
1071551, 0, 1
1071554, 1, 0
1071676, 0, 0
1071679, 1, 0
1071801, 0, 1
1071804, 1, 0
1071926, 0, 1
1071929, 1, 0
1072051, 0, 0
1072054, 1, 0
1072176, 0, 1
1072179, 1, 0
1072301, 0, 0
1072304, 1, 0
1072427, 0, 1
1072429, 1, 0
1072552, 0, 0
1072555, 1, prem 0
1072555, 1, 0
1072677, 0, 1
1072680, 1, 0
1072802, 0, 0
1072805, 1, 0
1072927, 0, 1
1072930, 1, 0
1073052, 0, 0
1073055, 1, 0
1073177, 0, bit 0
1073177, 0, 0
1073180, 1, 0
1073302, 0, 1
1073305, 1, 0
1073427, 0, 0
1073430, 1, 0
1073552, 0, 1
1073555, 1, 0
1073677, 0, 1
1073680, 1, 0
1073802, 0, 0
1073805, 1, 0
1073927, 0, 1
1073930, 1, 0
1074052, 0, 0
1074055, 1, 0
1074177, 0, 1
1074180, 1, 0
1074302, 0, 0
1074305, 1, 0
1074427, 0, 1
1074430, 1, 0
1074552, 0, 0
1074555, 1, 1
1074677, 0, 1
1074680, 1, 1
1074802, 0, 0
1074805, 1, 1
1074927, 0, bit 1
1074927, 0, 1
1074930, 1, 1
1075052, 0, 0
1075055, 1, 1
1075177, 0, 1
1075180, 1, 1
1075302, 0, 0
1075305, 1, 1
1075427, 0, 0
1075430, 1, 1
1075552, 0, 1
1075555, 1, 1
1075677, 0, 0
1075680, 1, 1
1075802, 0, 1
1075805, 1, 1
1075927, 0, 0
1075930, 1, 1
1076052, 0, 1
1076055, 1, 1
1076177, 0, 0
1076180, 1, 1
1076302, 0, 1
1076305, 1, 1
1076427, 0, 0
1076430, 1, 1
1076552, 0, 1
1076555, 1, prem 0
1076555, 1, 0
1076677, 0, bit 1
1076677, 0, 1
1076680, 1, 0
1076802, 0, 0
1076805, 1, 0
1076927, 0, 1
1076930, 1, 0
1077052, 0, 0
1077055, 1, 0
1077177, 0, 0
1077180, 1, 0
1077302, 0, 1
1077305, 1, 0
1077427, 0, 0
1077430, 1, 0
1077552, 0, 1
1077555, 1, 0
1077677, 0, 0
1077680, 1, 0
1077803, 0, 1
1077805, 1, 0
1077928, 0, 0
1077931, 1, 0
1078053, 0, 1
1078056, 1, 0
1078178, 0, 0
1078181, 1, 0
1078303, 0, 1
1078306, 1, 0
1078428, 0, bit 1
1078428, 0, 1
1078431, 1, 0
1078553, 0, 0
1078556, 1, 1
1078678, 0, 1
1078681, 1, 1
1078803, 0, 0
1078806, 1, 1
1078928, 0, 0
1078931, 1, 1
1079053, 0, 1
1079056, 1, 1
1079178, 0, 0
1079181, 1, 1
1079303, 0, 1
1079306, 1, 1
1079428, 0, 0
1079431, 1, 1
1079553, 0, 1
1079556, 1, 1
1079678, 0, 0
1079681, 1, 1
1079803, 0, 1
1079806, 1, 1
1079928, 0, 0
1079931, 1, 1
1080053, 0, 1
1080056, 1, 1
1080178, 0, bit 1
1080178, 0, 1
1080181, 1, 1
1080303, 0, 0
1080306, 1, 1
1080428, 0, 1
1080431, 1, 1
1080553, 0, 0
1080556, 1, bit 1
1080556, 1, 0
1080678, 0, 0
1080681, 1, 1
1080803, 0, 1
1080806, 1, 1
1080928, 0, 0
1080931, 1, 0
1081053, 0, 1
1081056, 1, 1
1081178, 0, 0
1081181, 1, 0
1081303, 0, 1
1081306, 1, 1
1081428, 0, 0
1081431, 1, 0
1081553, 0, 1
1081556, 1, 1
1081678, 0, 0
1081681, 1, 0
1081803, 0, 1
1081806, 1, 0
1081928, 0, bit 0
1081928, 0, 0
1081931, 1, 1
1082053, 0, 1
1082056, 1, 0
1082178, 0, 0
1082181, 1, 1
1082303, 0, 1
1082306, 1, bit 0
1082306, 1, 1
1082428, 0, 1
1082431, 1, 0
1082553, 0, 0
1082556, 1, 0
1082678, 0, 1
1082681, 1, 1
1082803, 0, 0
1082806, 1, 0
1082928, 0, 1
1082931, 1, 1
1083053, 0, 0
1083056, 1, 0
1083179, 0, 1
1083181, 1, 1
1083304, 0, 0
1083307, 1, 0
1083429, 0, 1
1083432, 1, 1
1083554, 0, 0
1083557, 1, 1
1083679, 0, bit 1
1083679, 0, 1
1083682, 1, 0
1083804, 0, 0
1083807, 1, 1
1083929, 0, 1
1083932, 1, 0
1084054, 0, 0
1084057, 1, bit 0
1084057, 1, 1
1084179, 0, 0
1084182, 1, 0
1084304, 0, 1
1084307, 1, 0
1084429, 0, 0
1084432, 1, 1
1084554, 0, 1
1084557, 1, 0
1084679, 0, 0
1084682, 1, 1
1084804, 0, 1
1084807, 1, 0
1084929, 0, 0
1084932, 1, 1
1085054, 0, 1
1085057, 1, 0
1085179, 0, 0
1085182, 1, 1
1085304, 0, 1
1085307, 1, 1
1085429, 0, bit 1
1085429, 0, 1
1085432, 1, 0
1085554, 0, 0
1085557, 1, 1
1085679, 0, 1
1085682, 1, 0
1085804, 0, 0
1085807, 1, bit 0
1085807, 1, 1
1085929, 0, 0
1085932, 1, 0
1086054, 0, 1
1086057, 1, 0
1086179, 0, 0
1086182, 1, 1
1086304, 0, 1
1086307, 1, 0
1086429, 0, 0
1086432, 1, 1
1086554, 0, 1
1086557, 1, 0
1086679, 0, 0
1086682, 1, 1
1086804, 0, 1
1086807, 1, 0
1086929, 0, 0
1086932, 1, 1
1087054, 0, 1
1087057, 1, 1
1087179, 0, bit 0
1087179, 0, 0
1087182, 1, 0
1087304, 0, 1
1087307, 1, 1
1087429, 0, 0
1087432, 1, 0
1087554, 0, 1
1087557, 1, bit 0
1087557, 1, 1
1087679, 0, 1
1087682, 1, 0
1087804, 0, 0
1087807, 1, 0
1087929, 0, 1
1087932, 1, 1
1088054, 0, 0
1088057, 1, 0
1088179, 0, 1
1088182, 1, 1
1088304, 0, 0
1088307, 1, 0
1088429, 0, 1
1088432, 1, 1
1088555, 0, 0
1088557, 1, 0
1088680, 0, 1
1088683, 1, 1
1088805, 0, 0
1088808, 1, 1
1088930, 0, bit 1
1088930, 0, 1
1088933, 1, 0
1089055, 0, 0
1089058, 1, 1
1089180, 0, 1
1089183, 1, 0
1089305, 0, 0
1089308, 1, bit 1
1089308, 1, 0
1089430, 0, 0
1089433, 1, 1
1089555, 0, 1
1089558, 1, 1
1089680, 0, 0
1089683, 1, 0
1089805, 0, 1
1089808, 1, 1
1089930, 0, 0
1089933, 1, 0
1090055, 0, 1
1090058, 1, 1
1090180, 0, 0
1090183, 1, 0
1090305, 0, 1
1090308, 1, 1
1090430, 0, 0
1090433, 1, 0
1090555, 0, 1
1090558, 1, 0
1090680, 0, bit 0
1090680, 0, 0
1090683, 1, 1
1090805, 0, 1
1090808, 1, 0
1090930, 0, 0
1090933, 1, 1
1091055, 0, 1
1091058, 1, bit 1
1091058, 1, 0
1091180, 0, 1
1091183, 1, 1
1091305, 0, 0
1091308, 1, 1
1091430, 0, 1
1091433, 1, 0
1091555, 0, 0
1091558, 1, 1
1091680, 0, 1
1091683, 1, 0
1091805, 0, 0
1091808, 1, 1
1091930, 0, 1
1091933, 1, 0
1092055, 0, 0
1092058, 1, 1
1092180, 0, 1
1092183, 1, 0
1092305, 0, 0
1092308, 1, 0
1092430, 0, bit 1
1092430, 0, 1
1092433, 1, 1
1092555, 0, 0
1092558, 1, 0
1092680, 0, 1
1092683, 1, 1
1092805, 0, 0
1092808, 1, bit 0
1092808, 1, 1
1092930, 0, 0
1092933, 1, 0
1093055, 0, 1
1093058, 1, 0
1093180, 0, 0
1093183, 1, 1
1093305, 0, 1
1093308, 1, 0
1093430, 0, 0
1093433, 1, 1
1093555, 0, 1
1093558, 1, 0
1093680, 0, 0
1093683, 1, 1
1093805, 0, 1
1093808, 1, 0
1093931, 0, 0
1093933, 1, 1
1094056, 0, 1
1094059, 1, 1
1094181, 0, bit 1
1094181, 0, 1
1094184, 1, 0
1094306, 0, 0
1094309, 1, 1
1094431, 0, 1
1094434, 1, 0
1094556, 0, 0
1094559, 1, bit 1
1094559, 1, 0
1094681, 0, 0
1094684, 1, 1
1094806, 0, 1
1094809, 1, 1
1094931, 0, 0
1094934, 1, 0
1095056, 0, 1
1095059, 1, 1
1095181, 0, 0
1095184, 1, 0
1095306, 0, 1
1095309, 1, 1
1095431, 0, 0
1095434, 1, 0
1095556, 0, 1
1095559, 1, 1
1095681, 0, 0
1095684, 1, 0
1095806, 0, 1
1095809, 1, 0
1095931, 0, bit 1
1095931, 0, 1
1095934, 1, 1
1096056, 0, 0
1096059, 1, 0
1096181, 0, 1
1096184, 1, 1
1096306, 0, 0
1096309, 1, bit 0
1096309, 1, 1
1096431, 0, 0
1096434, 1, 0
1096556, 0, 1
1096559, 1, 0
1096681, 0, 0
1096684, 1, 1
1096806, 0, 1
1096809, 1, 0
1096931, 0, 0
1096934, 1, 1
1097056, 0, 1
1097059, 1, 0
1097181, 0, 0
1097184, 1, 1
1097306, 0, 1
1097309, 1, 0
1097431, 0, 0
1097434, 1, 1
1097556, 0, 1
1097559, 1, 1
1097681, 0, bit 0
1097681, 0, 0
1097684, 1, 0
1097806, 0, 1
1097809, 1, 1
1097931, 0, 0
1097934, 1, 0
1098056, 0, 1
1098059, 1, bit 0
1098059, 1, 1
1098181, 0, 1
1098184, 1, 0
1098306, 0, 0
1098309, 1, 0
1098431, 0, 1
1098434, 1, 1
1098556, 0, 0
1098559, 1, 0
1098681, 0, 1
1098684, 1, 1
1098806, 0, 0
1098809, 1, 0
1098931, 0, 1
1098934, 1, 1
1099056, 0, 0
1099059, 1, 0
1099181, 0, 1
1099184, 1, 1
1099307, 0, 0
1099309, 1, 1
1099432, 0, bit 0
1099432, 0, 0
1099435, 1, 0
1099557, 0, 1
1099560, 1, 1
1099682, 0, 0
1099685, 1, 0
1099807, 0, 1
1099810, 1, bit 0
1099810, 1, 1
1099932, 0, 1
1099935, 1, 0
1100057, 0, 0
1100060, 1, 0
1100182, 0, 1
1100185, 1, 1
1100307, 0, 0
1100310, 1, 0
1100432, 0, 1
1100435, 1, 1
1100557, 0, 0
1100560, 1, 0
1100682, 0, 1
1100685, 1, 1
1100807, 0, 0
1100810, 1, 0
1100932, 0, 1
1100935, 1, 1
1101057, 0, 0
1101060, 1, 1
1101182, 0, bit 0
1101182, 0, 0
1101185, 1, 0
1101307, 0, 1
1101310, 1, 1
1101432, 0, 0
1101435, 1, 0
1101557, 0, 1
1101560, 1, bit 0
1101560, 1, 1
1101682, 0, 1
1101685, 1, 0
1101807, 0, 0
1101810, 1, 0
1101932, 0, 1
1101935, 1, 1
1102057, 0, 0
1102060, 1, 0
1102182, 0, 1
1102185, 1, 1
1102307, 0, 0
1102310, 1, 0
1102432, 0, 1
1102435, 1, 1
1102557, 0, 0
1102560, 1, 0
1102682, 0, 1
1102685, 1, 1
1102807, 0, 0
1102810, 1, 1
1102932, 0, bit 1
1102936, 0, 1
1102936, 1, 0
1103057, 0, 0
1103062, 1, 1
1103182, 0, 1
1103187, 1, 0
1103307, 0, 0
1103312, 1, bit 1
1103312, 1, 0
1103432, 0, 0
1103437, 1, 1
1103557, 0, 1
1103562, 1, 1
1103682, 0, 0
1103687, 1, 0
1103807, 0, 1
1103812, 1, 1
1103932, 0, 0
1103937, 1, 0
1104057, 0, 1
1104062, 1, 1
1104182, 0, 0
1104187, 1, 0
1104307, 0, 1
1104312, 1, 1
1104432, 0, 0
1104437, 1, 0
1104557, 0, 1
1104562, 1, 0
1104683, 0, bit 1
1104683, 0, 1
1104687, 1, 1
1104808, 0, 0
1104812, 1, 0
1104933, 0, 1
1104937, 1, 1
1105058, 0, 0
1105062, 1, bit 0
1105062, 1, 1
1105183, 0, 0
1105187, 1, 0
1105308, 0, 1
1105312, 1, 0
1105433, 0, 0
1105437, 1, 1
1105558, 0, 1
1105562, 1, 0
1105683, 0, 0
1105687, 1, 1
1105808, 0, 1
1105812, 1, 0
1105933, 0, 0
1105937, 1, 1
1106058, 0, 1
1106062, 1, 0
1106183, 0, 0
1106187, 1, 1
1106308, 0, 1
1106312, 1, 1
1106433, 0, bit 1
1106433, 0, 1
1106437, 1, 0
1106558, 0, 0
1106562, 1, 1
1106683, 0, 1
1106688, 1, 0
1106808, 0, 0
1106813, 1, bit 0
1106813, 1, 1
1106933, 0, 0
1106938, 1, 0
1107058, 0, 1
1107063, 1, 0
1107183, 0, 0
1107188, 1, 1
1107308, 0, 1
1107313, 1, 0
1107433, 0, 0
1107438, 1, 1
1107558, 0, 1
1107563, 1, 0
1107683, 0, 0
1107688, 1, 1
1107808, 0, 1
1107813, 1, 0
1107933, 0, 0
1107938, 1, 1
1108058, 0, 1
1108063, 1, 1
1108183, 0, bit 0
1108183, 0, 0
1108188, 1, 0
1108308, 0, 1
1108313, 1, 1
1108433, 0, 0
1108438, 1, 0
1108558, 0, 1
1108563, 1, bit 0
1108563, 1, 1
1108683, 0, 1
1108688, 1, 0
1108808, 0, 0
1108813, 1, 0
1108933, 0, 1
1108938, 1, 1
1109058, 0, 0
1109063, 1, 0
1109183, 0, 1
1109188, 1, 1
1109308, 0, 0
1109313, 1, 0
1109433, 0, 1
1109438, 1, 1
1109558, 0, 0
1109563, 1, 0
1109683, 0, 1
1109688, 1, 1
1109808, 0, 0
1109813, 1, 1
1109933, 0, bit 1
1109933, 0, 1
1109938, 1, 0
1110059, 0, 0
1110063, 1, 1
1110184, 0, 1
1110188, 1, 0
1110309, 0, 0
1110313, 1, bit 1
1110313, 1, 0
1110434, 0, 0
1110438, 1, 1
1110559, 0, 1
1110563, 1, 1
1110684, 0, 0
1110688, 1, 0
1110809, 0, 1
1110813, 1, 1
1110934, 0, 0
1110938, 1, 0
1111059, 0, 1
1111063, 1, 1
1111184, 0, 0
1111188, 1, 0
1111309, 0, 1
1111313, 1, 1
1111434, 0, 0
1111438, 1, 0
1111559, 0, 1
1111563, 1, 0
1111684, 0, bit 0
1111684, 0, 0
1111688, 1, 1
1111809, 0, 1
1111813, 1, 0
1111934, 0, 0
1111938, 1, 1
1112059, 0, 1
1112064, 1, bit 0
1112064, 1, 1
1112184, 0, 1
1112189, 1, 0
1112309, 0, 0
1112314, 1, 0
1112434, 0, 1
1112439, 1, 1
1112559, 0, 0
1112564, 1, 0
1112684, 0, 1
1112689, 1, 1
1112809, 0, 0
1112814, 1, 0
1112934, 0, 1
1112939, 1, 1
1113059, 0, 0
1113064, 1, 0
1113184, 0, 1
1113189, 1, 1
1113309, 0, 0
1113314, 1, 1
1113434, 0, bit 1
1113434, 0, 1
1113439, 1, 0
1113559, 0, 0
1113564, 1, 1
1113684, 0, 1
1113689, 1, 0
1113809, 0, 0
1113814, 1, bit 1
1113814, 1, 0
1113934, 0, 0
1113939, 1, 1
1114059, 0, 1
1114064, 1, 1
1114184, 0, 0
1114189, 1, 0
1114309, 0, 1
1114314, 1, 1
1114434, 0, 0
1114439, 1, 0
1114559, 0, 1
1114564, 1, 1
1114684, 0, 0
1114689, 1, 0
1114809, 0, 1
1114814, 1, 1
1114934, 0, 0
1114939, 1, 0
1115059, 0, 1
1115064, 1, 0
1115184, 0, bit 0
1115184, 0, 0
1115189, 1, 1
1115309, 0, 1
1115314, 1, 0
1115435, 0, 0
1115439, 1, 1
1115560, 0, 1
1115564, 1, bit 0
1115564, 1, 1
1115685, 0, 1
1115689, 1, 0
1115810, 0, 0
1115814, 1, 0
1115935, 0, 1
1115939, 1, 1
1116060, 0, 0
1116064, 1, 0
1116185, 0, 1
1116189, 1, 1
1116310, 0, 0
1116314, 1, 0
1116435, 0, 1
1116439, 1, 1
1116560, 0, 0
1116564, 1, 0
1116685, 0, 1
1116689, 1, 1
1116810, 0, 0
1116814, 1, 1
1116935, 0, bit 1
1116935, 0, 1
1116939, 1, 0
1117060, 0, 0
1117064, 1, 1
1117185, 0, 1
1117189, 1, 0
1117310, 0, 0
1117314, 1, bit 0
1117314, 1, 1
1117435, 0, 0
1117440, 1, 0
1117560, 0, 1
1117565, 1, 0
1117685, 0, 0
1117690, 1, 1
1117810, 0, 1
1117815, 1, 0
1117935, 0, 0
1117940, 1, 1
1118060, 0, 1
1118065, 1, 0
1118185, 0, 0
1118190, 1, 1
1118310, 0, 1
1118315, 1, 0
1118435, 0, 0
1118440, 1, 1
1118560, 0, 1
1118565, 1, 1
1118685, 0, bit 1
1118685, 0, 1
1118690, 1, 0
1118810, 0, 0
1118815, 1, 1
1118935, 0, 1
1118940, 1, 0
1119060, 0, 0
1119065, 1, bit 0
1119065, 1, 1
1119185, 0, 0
1119190, 1, 0
1119310, 0, 1
1119315, 1, 0
1119435, 0, 0
1119440, 1, 1
1119560, 0, 1
1119565, 1, 0
1119685, 0, 0
1119690, 1, 1
1119810, 0, 1
1119815, 1, 0
1119935, 0, 0
1119940, 1, 1
1120060, 0, 1
1120065, 1, 0
1120185, 0, 0
1120190, 1, 1
1120310, 0, 1
1120315, 1, 1
1120435, 0, bit 1
1120435, 0, 1
1120440, 1, 0
1120560, 0, 0
1120565, 1, 1
1120685, 0, 1
1120690, 1, 0
1120811, 0, 0
1120815, 1, bit 0
1120815, 1, 1
1120936, 0, 0
1120940, 1, 0
1121061, 0, 1
1121065, 1, 0
1121186, 0, 0
1121190, 1, 1
1121311, 0, 1
1121315, 1, 0
1121436, 0, 0
1121440, 1, 1
1121561, 0, 1
1121565, 1, 0
1121686, 0, 0
1121690, 1, 1
1121811, 0, 1
1121815, 1, 0
1121936, 0, 0
1121940, 1, 1
1122061, 0, 1
1122065, 1, 1
1122186, 0, bit 1
1122186, 0, 1
1122190, 1, 0
1122311, 0, 0
1122315, 1, 1
1122436, 0, 1
1122440, 1, 0
1122561, 0, 0
1122565, 1, bit 1
1122565, 1, 0
1122686, 0, 0
1122690, 1, 1
1122811, 0, 1
1122816, 1, 1
1122936, 0, 0
1122941, 1, 0
1123061, 0, 1
1123066, 1, 1
1123186, 0, 0
1123191, 1, 0
1123311, 0, 1
1123316, 1, 1
1123436, 0, 0
1123441, 1, 0
1123561, 0, 1
1123566, 1, 1
1123686, 0, 0
1123691, 1, 0
1123811, 0, 1
1123816, 1, 0
1123936, 0, bit 1
1123936, 0, 1
1123941, 1, 1
1124061, 0, 0
1124066, 1, 0
1124186, 0, 1
1124191, 1, 1
1124311, 0, 0
1124316, 1, bit 1
1124316, 1, 0
1124436, 0, 0
1124441, 1, 1
1124561, 0, 1
1124566, 1, 1
1124686, 0, 0
1124691, 1, 0
1124811, 0, 1
1124816, 1, 1
1124936, 0, 0
1124941, 1, 0
1125061, 0, 1
1125066, 1, 1
1125186, 0, 0
1125191, 1, 0
1125311, 0, 1
1125316, 1, 1
1125436, 0, 0
1125441, 1, 0
1125561, 0, 1
1125566, 1, 0
1125686, 0, bit 1
1125686, 0, 1
1125691, 1, 1
1125811, 0, 0
1125816, 1, 0
1125936, 0, 1
1125941, 1, 1
1126061, 0, 0
1126066, 1, bit 1
1126066, 1, 0
1126187, 0, 0
1126191, 1, 1
1126312, 0, 1
1126316, 1, 1
1126437, 0, 0
1126441, 1, 0
1126562, 0, 1
1126566, 1, 1
1126687, 0, 0
1126691, 1, 0
1126812, 0, 1
1126816, 1, 1
1126937, 0, 0
1126941, 1, 0
1127062, 0, 1
1127066, 1, 1
1127187, 0, 0
1127191, 1, 0
1127312, 0, 1
1127316, 1, 0
1127437, 0, bit 1
1127437, 0, 1
1127441, 1, 1
1127562, 0, 0
1127566, 1, 0
1127687, 0, 1
1127691, 1, 1
1127812, 0, 0
1127816, 1, bit 1
1127816, 1, 0
1127937, 0, 0
1127941, 1, 1
1128062, 0, 1
1128066, 1, 1
1128187, 0, 0
1128192, 1, 0
1128312, 0, 1
1128317, 1, 1
1128437, 0, 0
1128442, 1, 0
1128562, 0, 1
1128567, 1, 1
1128687, 0, 0
1128692, 1, 0
1128812, 0, 1
1128817, 1, 1
1128937, 0, 0
1128942, 1, 0
1129062, 0, 1
1129067, 1, 0
1129187, 0, bit 0
1129187, 0, 0
1129192, 1, 1
1129312, 0, 1
1129317, 1, 0
1129437, 0, 0
1129442, 1, 1
1129562, 0, 1
1129567, 1, bit 1
1129567, 1, 0
1129687, 0, 1
1129692, 1, 1
1129812, 0, 0
1129817, 1, 1
1129937, 0, 1
1129942, 1, 0
1130062, 0, 0
1130067, 1, 1
1130187, 0, 1
1130192, 1, 0
1130312, 0, 0
1130317, 1, 1
1130437, 0, 1
1130442, 1, 0
1130562, 0, 0
1130567, 1, 1
1130687, 0, 1
1130692, 1, 0
1130812, 0, 0
1130817, 1, 0
1130937, 0, bit 1
1130937, 0, 1
1130942, 1, 1
1131062, 0, 0
1131067, 1, 0
1131187, 0, 1
1131192, 1, 1
1131312, 0, 0
1131317, 1, bit 0
1131317, 1, 1
1131437, 0, 0
1131442, 1, 0
1131563, 0, 1
1131567, 1, 0
1131688, 0, 0
1131692, 1, 1
1131813, 0, 1
1131817, 1, 0
1131938, 0, 0
1131942, 1, 1
1132063, 0, 1
1132067, 1, 0
1132188, 0, 0
1132192, 1, 1
1132313, 0, 1
1132317, 1, 0
1132438, 0, 0
1132442, 1, 1
1132563, 0, 1
1132567, 1, 1
1132688, 0, bit 0
1132688, 0, 0
1132692, 1, 0
1132813, 0, 1
1132817, 1, 1
1132938, 0, 0
1132942, 1, 0
1133063, 0, 1
1133067, 1, bit 0
1133067, 1, 1
1133188, 0, 1
1133192, 1, 0
1133313, 0, 0
1133317, 1, 0
1133438, 0, 1
1133442, 1, 1
1133563, 0, 0
1133568, 1, 0
1133688, 0, 1
1133693, 1, 1
1133813, 0, 0
1133818, 1, 0
1133938, 0, 1
1133943, 1, 1
1134063, 0, 0
1134068, 1, 0
1134188, 0, 1
1134193, 1, 1
1134313, 0, 0
1134318, 1, 1
1134438, 0, bit 0
1134438, 0, 0
1134443, 1, 0
1134563, 0, 1
1134568, 1, 1
1134688, 0, 0
1134693, 1, 0
1134813, 0, 1
1134818, 1, bit 0
1134818, 1, 1
1134938, 0, 1
1134943, 1, 0
1135063, 0, 0
1135068, 1, 0
1135188, 0, 1
1135193, 1, 1
1135313, 0, 0
1135318, 1, 0
1135438, 0, 1
1135443, 1, 1
1135563, 0, 0
1135568, 1, 0
1135688, 0, 1
1135693, 1, 1
1135813, 0, 0
1135818, 1, 0
1135938, 0, 1
1135943, 1, 1
1136063, 0, 0
1136068, 1, 1
1136188, 0, bit 1
1136191, 0, 1
1136193, 1, 0
1136313, 0, 0
1136318, 1, 1
1136438, 0, 1
1136443, 1, 0
1136563, 0, 0
1136568, 1, bit 0
1136568, 1, 1
1136688, 0, 0
1136693, 1, 0
1136813, 0, 1
1136818, 1, 0
1136939, 0, 0
1136943, 1, 1
1137064, 0, 1
1137068, 1, 0
1137189, 0, 0
1137193, 1, 1
1137314, 0, 1
1137318, 1, 0
1137439, 0, 0
1137443, 1, 1
1137564, 0, 1
1137568, 1, 0
1137689, 0, 0
1137693, 1, 1
1137814, 0, 1
1137818, 1, 1
1137939, 0, bit 0
1137939, 0, 0
1137943, 1, 0
1138064, 0, 1
1138068, 1, 1
1138189, 0, 0
1138193, 1, 0
1138314, 0, 1
1138318, 1, bit 0
1138318, 1, 1
1138439, 0, 1
1138443, 1, 0
1138564, 0, 0
1138568, 1, 0
1138689, 0, 1
1138693, 1, 1
1138814, 0, 0
1138818, 1, 0
1138939, 0, 1
1138944, 1, 1
1139064, 0, 0
1139069, 1, 0
1139189, 0, 1
1139194, 1, 1
1139314, 0, 0
1139319, 1, 0
1139439, 0, 1
1139444, 1, 1
1139564, 0, 0
1139569, 1, 1
1139689, 0, bit 1
1139689, 0, 1
1139694, 1, 0
1139814, 0, 0
1139819, 1, 1
1139939, 0, 1
1139944, 1, 0
1140064, 0, 0
1140069, 1, bit 1
1140069, 1, 0
1140189, 0, 0
1140194, 1, 1
1140314, 0, 1
1140319, 1, 1
1140439, 0, 0
1140444, 1, 0
1140564, 0, 1
1140569, 1, 1
1140689, 0, 0
1140694, 1, 0
1140814, 0, 1
1140819, 1, 1
1140939, 0, 0
1140944, 1, 0
1141064, 0, 1
1141069, 1, 1
1141189, 0, 0
1141194, 1, 0
1141314, 0, 1
1141319, 1, 0
1141439, 0, bit 0
1141439, 0, 0
1141444, 1, 1
1141564, 0, 1
1141569, 1, 0
1141689, 0, 0
1141694, 1, 1
1141814, 0, 1
1141819, 1, bit 0
1141819, 1, 1
1141939, 0, 1
1141944, 1, 0
1142064, 0, 0
1142069, 1, 0
1142189, 0, 1
1142194, 1, 1
1142315, 0, 0
1142319, 1, 0
1142440, 0, 1
1142444, 1, 1
1142565, 0, 0
1142569, 1, 0
1142690, 0, 1
1142694, 1, 1
1142815, 0, 0
1142819, 1, 0
1142940, 0, 1
1142944, 1, 1
1143065, 0, 0
1143069, 1, 1
1143190, 0, bit 1
1143190, 0, 1
1143194, 1, 0
1143315, 0, 0
1143319, 1, 1
1143440, 0, 1
1143444, 1, 0
1143565, 0, 0
1143569, 1, bit 0
1143569, 1, 1
1143690, 0, 0
1143694, 1, 0
1143815, 0, 1
1143819, 1, 0
1143940, 0, 0
1143944, 1, 1
1144065, 0, 1
1144069, 1, 0
1144190, 0, 0
1144194, 1, 1
1144315, 0, 1
1144320, 1, 0
1144440, 0, 0
1144445, 1, 1
1144565, 0, 1
1144570, 1, 0
1144690, 0, 0
1144695, 1, 1
1144815, 0, 1
1144820, 1, 1
1144940, 0, bit 0
1144940, 0, 0
1144945, 1, 0
1145065, 0, 1
1145070, 1, 1
1145190, 0, 0
1145195, 1, 0
1145315, 0, 1
1145320, 1, bit 1
1145320, 1, 0
1145440, 0, 1
1145445, 1, 1
1145565, 0, 0
1145570, 1, 1
1145690, 0, 1
1145695, 1, 0
1145815, 0, 0
1145820, 1, 1
1145940, 0, 1
1145945, 1, 0
1146065, 0, 0
1146070, 1, 1
1146190, 0, 1
1146195, 1, 0
1146315, 0, 0
1146320, 1, 1
1146440, 0, 1
1146445, 1, 0
1146565, 0, 0
1146570, 1, 0
1146690, 0, bit 0
1146690, 0, 0
1146695, 1, 1
1146815, 0, 1
1146820, 1, 0
1146940, 0, 0
1146945, 1, 1
1147065, 0, 1
1147070, 1, bit 0
1147070, 1, 1
1147190, 0, 1
1147195, 1, 0
1147315, 0, 0
1147320, 1, 0
1147440, 0, 1
1147445, 1, 1
1147565, 0, 0
1147570, 1, 0
1147691, 0, 1
1147695, 1, 1
1147816, 0, 0
1147820, 1, 0
1147941, 0, 1
1147945, 1, 1
1148066, 0, 0
1148070, 1, 0
1148191, 0, 1
1148195, 1, 1
1148316, 0, 0
1148320, 1, 1
1148441, 0, bit 0
1148441, 0, 0
1148445, 1, 0
1148566, 0, 1
1148570, 1, 1
1148691, 0, 0
1148695, 1, 0
1148816, 0, 1
1148820, 1, bit 0
1148820, 1, 1
1148941, 0, 1
1148945, 1, 0
1149066, 0, 0
1149070, 1, 0
1149191, 0, 1
1149195, 1, 1
1149316, 0, 0
1149320, 1, 0
1149441, 0, 1
1149445, 1, 1
1149566, 0, 0
1149570, 1, 0
1149691, 0, 1
1149696, 1, 1
1149816, 0, 0
1149821, 1, 0
1149941, 0, 1
1149946, 1, 1
1150066, 0, 0
1150071, 1, 1
1150191, 0, bit 0
1150191, 0, 0
1150196, 1, 0
1150316, 0, 1
1150321, 1, 1
1150441, 0, 0
1150446, 1, 0
1150566, 0, 1
1150571, 1, bit 0
1150571, 1, 1
1150691, 0, 1
1150696, 1, 0
1150816, 0, 0
1150821, 1, 0
1150941, 0, 1
1150946, 1, 1
1151066, 0, 0
1151071, 1, 0
1151191, 0, 1
1151196, 1, 1
1151316, 0, 0
1151321, 1, 0
1151441, 0, 1
1151446, 1, 1
1151566, 0, 0
1151571, 1, 0
1151691, 0, 1
1151696, 1, 1
1151816, 0, 0
1151821, 1, 1
1151941, 0, bit 1
1151941, 0, 1
1151946, 1, 0
1152066, 0, 0
1152071, 1, 1
1152191, 0, 1
1152196, 1, 0
1152316, 0, 0
1152321, 1, bit 1
1152321, 1, 0
1152441, 0, 0
1152446, 1, 1
1152566, 0, 1
1152571, 1, 1
1152691, 0, 0
1152696, 1, 0
1152816, 0, 1
1152821, 1, 1
1152941, 0, 0
1152946, 1, 0
1153067, 0, 1
1153071, 1, 1
1153192, 0, 0
1153196, 1, 0
1153317, 0, 1
1153321, 1, 1
1153442, 0, 0
1153446, 1, 0
1153567, 0, 1
1153571, 1, 0
1153692, 0, bit 0
1153692, 0, 0
1153696, 1, 1
1153817, 0, 1
1153821, 1, 0
1153942, 0, 0
1153946, 1, 1
1154067, 0, 1
1154071, 1, bit 0
1154071, 1, 1
1154192, 0, 1
1154196, 1, 0
1154317, 0, 0
1154321, 1, 0
1154442, 0, 1
1154446, 1, 1
1154567, 0, 0
1154571, 1, 0
1154692, 0, 1
1154696, 1, 1
1154817, 0, 0
1154821, 1, 0
1154942, 0, 1
1154946, 1, 1
1155067, 0, 0
1155072, 1, 0
1155192, 0, 1
1155197, 1, 1
1155317, 0, 0
1155322, 1, 1
1155442, 0, bit 0
1155442, 0, 0
1155447, 1, 0
1155567, 0, 1
1155572, 1, 1
1155692, 0, 0
1155697, 1, 0
1155817, 0, 1
1155822, 1, bit 1
1155822, 1, 0
1155942, 0, 1
1155947, 1, 1
1156067, 0, 0
1156072, 1, 1
1156192, 0, 1
1156197, 1, 0
1156317, 0, 0
1156322, 1, 1
1156442, 0, 1
1156447, 1, 0
1156567, 0, 0
1156572, 1, 1
1156692, 0, 1
1156697, 1, 0
1156817, 0, 0
1156822, 1, 1
1156942, 0, 1
1156947, 1, 0
1157067, 0, 0
1157072, 1, 0
1157192, 0, bit 1
1157192, 0, 1
1157197, 1, 1
1157317, 0, 0
1157322, 1, 0
1157442, 0, 1
1157447, 1, 1
1157567, 0, 0
1157572, 1, bit 0
1157572, 1, 1
1157692, 0, 0
1157697, 1, 0
1157817, 0, 1
1157822, 1, 0
1157942, 0, 0
1157947, 1, 1
1158067, 0, 1
1158072, 1, 0
1158192, 0, 0
1158197, 1, 1
1158317, 0, 1
1158322, 1, 0
1158443, 0, 0
1158447, 1, 1
1158568, 0, 1
1158572, 1, 0
1158693, 0, 0
1158697, 1, 1
1158818, 0, 1
1158822, 1, 1
1158943, 0, bit 1
1158943, 0, 1
1158947, 1, 0
1159068, 0, 0
1159072, 1, 1
1159193, 0, 1
1159197, 1, 0
1159318, 0, 0
1159322, 1, bit 0
1159322, 1, 1
1159443, 0, 0
1159447, 1, 0
1159568, 0, 1
1159572, 1, 0
1159693, 0, 0
1159697, 1, 1
1159818, 0, 1
1159822, 1, 0
1159943, 0, 0
1159947, 1, 1
1160068, 0, 1
1160072, 1, 0
1160193, 0, 0
1160197, 1, 1
1160318, 0, 1
1160322, 1, 0
1160443, 0, 0
1160448, 1, 1
1160568, 0, 1
1160573, 1, 1
1160693, 0, bit 0
1160693, 0, 0
1160698, 1, 0
1160818, 0, 1
1160823, 1, 1
1160943, 0, 0
1160948, 1, 0
1161068, 0, 1
1161073, 1, bit 0
1161073, 1, 1
1161193, 0, 1
1161198, 1, 0
1161318, 0, 0
1161323, 1, 0
1161443, 0, 1
1161448, 1, 1
1161568, 0, 0
1161573, 1, 0
1161693, 0, 1
1161698, 1, 1
1161818, 0, 0
1161823, 1, 0
1161943, 0, 1
1161948, 1, 1
1162068, 0, 0
1162073, 1, 0
1162193, 0, 1
1162198, 1, 1
1162318, 0, 0
1162323, 1, 1
1162443, 0, bit 1
1162443, 0, 1
1162448, 1, 0
1162568, 0, 0
1162573, 1, 1
1162693, 0, 1
1162698, 1, 0
1162818, 0, 0
1162823, 1, bit 0
1162823, 1, 1
1162943, 0, 0
1162948, 1, 0
1163068, 0, 1
1163073, 1, 0
1163193, 0, 0
1163198, 1, 1
1163318, 0, 1
1163323, 1, 0
1163443, 0, 0
1163448, 1, 1
1163568, 0, 1
1163578, 1, 0
1163693, 0, 0
1163703, 1, 1
1163819, 0, 1
1163828, 1, 0
1163944, 0, 0
1163953, 1, 1
1164069, 0, 1
1164078, 1, 1
1164194, 0, bit 1
1164194, 0, 1
1164203, 1, 0
1164319, 0, 0
1164328, 1, 1
1164444, 0, 1
1164453, 1, 0
1164569, 0, 0
1164578, 1, bit 0
1164578, 1, 1
1164694, 0, 0
1164703, 1, 0
1164819, 0, 1
1164828, 1, 0
1164944, 0, 0
1164953, 1, 1
1165069, 0, 1
1165078, 1, 0
1165194, 0, 0
1165203, 1, 1
1165319, 0, 1
1165328, 1, 0
1165444, 0, 0
1165453, 1, 1
1165569, 0, 1
1165578, 1, 0
1165694, 0, 0
1165703, 1, 1
1165819, 0, 1
1165828, 1, 1
1165944, 0, bit 0
1165944, 0, 0
1165953, 1, 0
1166069, 0, 1
1166078, 1, 1
1166194, 0, 0
1166203, 1, 0
1166319, 0, 1
1166328, 1, bit 1
1166328, 1, 0
1166444, 0, 1
1166453, 1, 1
1166569, 0, 0
1166578, 1, 1
1166694, 0, 1
1166703, 1, 0
1166819, 0, 0
1166828, 1, 1
1166944, 0, 1
1166953, 1, 0
1167069, 0, 0
1167078, 1, 1
1167194, 0, 1
1167203, 1, 0
1167319, 0, 0
1167328, 1, 1
1167444, 0, 1
1167453, 1, 0
1167569, 0, 0
1167578, 1, 0
1167694, 0, bit 0
1167694, 0, 0
1167703, 1, 1
1167819, 0, 1
1167828, 1, 0
1167944, 0, 0
1167953, 1, 1
1168069, 0, 1
1168078, 1, bit 1
1168078, 1, 0
1168194, 0, 1
1168203, 1, 1
1168319, 0, 0
1168328, 1, 1
1168444, 0, 1
1168453, 1, 0
1168569, 0, 0
1168578, 1, 1
1168694, 0, 1
1168703, 1, 0
1168819, 0, 0
1168828, 1, 1
1168944, 0, 1
1168953, 1, 0
1169069, 0, 0
1169078, 1, 1
1169195, 0, 1
1169203, 1, 0
1169320, 0, 0
1169328, 1, 0
1169445, 0, bit 1
1169448, 0, 1
1169453, 1, 1
1169570, 0, 0
1169579, 1, 0
1169695, 0, 1
1169704, 1, 1
1169820, 0, 0
1169829, 1, bit 1
1169829, 1, 0
1169945, 0, 0
1169954, 1, 1
1170070, 0, 1
1170079, 1, 1
1170195, 0, 0
1170204, 1, 0
1170320, 0, 1
1170329, 1, 1
1170445, 0, 0
1170454, 1, 0
1170570, 0, 1
1170579, 1, 1
1170695, 0, 0
1170704, 1, 0
1170820, 0, 1
1170829, 1, 1
1170945, 0, 0
1170954, 1, 0
1171070, 0, 1
1171079, 1, 0
1171195, 0, bit 0
1171195, 0, 0
1171204, 1, 1
1171320, 0, 1
1171329, 1, 0
1171445, 0, 0
1171454, 1, 1
1171570, 0, 1
1171579, 1, bit 0
1171579, 1, 1
1171695, 0, 1
1171704, 1, 0
1171820, 0, 0
1171829, 1, 0
1171945, 0, 1
1171954, 1, 1
1172070, 0, 0
1172079, 1, 0
1172195, 0, 1
1172204, 1, 1
1172320, 0, 0
1172329, 1, 0
1172445, 0, 1
1172454, 1, 1
1172570, 0, 0
1172579, 1, 0
1172695, 0, 1
1172704, 1, 1
1172820, 0, 0
1172829, 1, 1
1172945, 0, bit 1
1172945, 0, 1
1172954, 1, 0
1173070, 0, 0
1173079, 1, 1
1173195, 0, 1
1173204, 1, 0
1173320, 0, 0
1173329, 1, bit 0
1173332, 1, 1
1173445, 0, 0
1173454, 1, 0
1173570, 0, 1
1173579, 1, 0
1173695, 0, 0
1173704, 1, 1
1173820, 0, 1
1173829, 1, 0
1173945, 0, 0
1173954, 1, 1
1174070, 0, 1
1174079, 1, 0
1174195, 0, 0
1174204, 1, 1
1174320, 0, 1
1174329, 1, 0
1174445, 0, 0
1174454, 1, 1
1174571, 0, 1
1174579, 1, 1
1174696, 0, bit 0
1174696, 0, 0
1174704, 1, 0
1174821, 0, 1
1174829, 1, 1
1174946, 0, 0
1174955, 1, 0
1175071, 0, 1
1175080, 1, bit 0
1175080, 1, 1
1175196, 0, 1
1175205, 1, 0
1175321, 0, 0
1175330, 1, 0
1175446, 0, 1
1175455, 1, 1
1175571, 0, 0
1175580, 1, 0
1175696, 0, 1
1175705, 1, 1
1175821, 0, 0
1175830, 1, 0
1175946, 0, 1
1175955, 1, 1
1176071, 0, 0
1176080, 1, 0
1176196, 0, 1
1176205, 1, 1
1176321, 0, 0
1176330, 1, 1
1176446, 0, bit 0
1176446, 0, 0
1176455, 1, 0
1176571, 0, 1
1176580, 1, 1
1176696, 0, 0
1176705, 1, 0
1176821, 0, 1
1176830, 1, bit 0
1176830, 1, 1
1176946, 0, 1
1176955, 1, 0
1177071, 0, 0
1177080, 1, 0
1177196, 0, 1
1177205, 1, 1
1177321, 0, 0
1177330, 1, 0
1177446, 0, 1
1177455, 1, 1
1177571, 0, 0
1177580, 1, 0
1177696, 0, 1
1177705, 1, 1
1177821, 0, 0
1177830, 1, 0
1177946, 0, 1
1177955, 1, 1
1178071, 0, 0
1178080, 1, 1
1178196, 0, bit 1
1178196, 0, 1
1178205, 1, 0
1178321, 0, 0
1178330, 1, 1
1178446, 0, 1
1178455, 1, 0
1178571, 0, 0
1178580, 1, bit 0
1178580, 1, 1
1178696, 0, 0
1178705, 1, 0
1178821, 0, 1
1178830, 1, 0
1178946, 0, 0
1178955, 1, 1
1179071, 0, 1
1179080, 1, 0
1179196, 0, 0
1179205, 1, 1
1179321, 0, 1
1179330, 1, 0
1179446, 0, 0
1179455, 1, 1
1179571, 0, 1
1179580, 1, 0
1179696, 0, 0
1179705, 1, 1
1179821, 0, 1
1179830, 1, 1
1179947, 0, bit 1
1179947, 0, 1
1179955, 1, 0
1180072, 0, 0
1180080, 1, 1
1180197, 0, 1
1180205, 1, 0
1180322, 0, 0
1180331, 1, bit 1
1180331, 1, 0
1180447, 0, 0
1180456, 1, 1
1180572, 0, 1
1180581, 1, 1
1180697, 0, 0
1180706, 1, 0
1180822, 0, 1
1180831, 1, 1
1180947, 0, 0
1180956, 1, 0
1181072, 0, 1
1181081, 1, 1
1181197, 0, 0
1181206, 1, 0
1181322, 0, 1
1181331, 1, 1
1181447, 0, 0
1181456, 1, 0
1181572, 0, 1
1181581, 1, 0
1181697, 0, bit 0
1181697, 0, 0
1181706, 1, 1
1181822, 0, 1
1181831, 1, 0
1181947, 0, 0
1181956, 1, 1
1182072, 0, 1
1182081, 1, bit 0
1182081, 1, 1
1182197, 0, 1
1182206, 1, 0
1182322, 0, 0
1182331, 1, 0
1182447, 0, 1
1182456, 1, 1
1182572, 0, 0
1182581, 1, 0
1182697, 0, 1
1182706, 1, 1
1182822, 0, 0
1182831, 1, 0
1182947, 0, 1
1182956, 1, 1
1183072, 0, 0
1183081, 1, 0
1183197, 0, 1
1183206, 1, 1
1183322, 0, 0
1183331, 1, 1
1183447, 0, bit 1
1183447, 0, 1
1183456, 1, 0
1183572, 0, 0
1183581, 1, 1
1183697, 0, 1
1183706, 1, 0
1183822, 0, 0
1183831, 1, bit 1
1183831, 1, 0
1183947, 0, 0
1183956, 1, 1
1184072, 0, 1
1184081, 1, 1
1184197, 0, 0
1184206, 1, 0
1184322, 0, 1
1184331, 1, 1
1184447, 0, 0
1184456, 1, 0
1184572, 0, 1
1184581, 1, 1
1184697, 0, 0
1184706, 1, 0
1184822, 0, 1
1184831, 1, 1
1184947, 0, 0
1184956, 1, 0
1185072, 0, 1
1185081, 1, 0
1185197, 0, bit 1
1185197, 0, 1
1185206, 1, 1
1185323, 0, 0
1185331, 1, 0
1185448, 0, 1
1185456, 1, 1
1185573, 0, 0
1185581, 1, bit 0
1185581, 1, 1
1185698, 0, 0
1185707, 1, 0
1185823, 0, 1
1185832, 1, 0
1185948, 0, 0
1185957, 1, 1
1186073, 0, 1
1186082, 1, 0
1186198, 0, 0
1186207, 1, 1
1186323, 0, 1
1186332, 1, 0
1186448, 0, 0
1186457, 1, 1
1186573, 0, 1
1186582, 1, 0
1186698, 0, 0
1186707, 1, 1
1186823, 0, 1
1186832, 1, 1
1186948, 0, bit 1
1186948, 0, 1
1186957, 1, 0
1187073, 0, 0
1187082, 1, 1
1187198, 0, 1
1187207, 1, 0
1187323, 0, 0
1187332, 1, bit 0
1187332, 1, 1
1187448, 0, 0
1187457, 1, 0
1187573, 0, 1
1187582, 1, 0
1187698, 0, 0
1187707, 1, 1
1187823, 0, 1
1187832, 1, 0
1187948, 0, 0
1187957, 1, 1
1188073, 0, 1
1188082, 1, 0
1188198, 0, 0
1188207, 1, 1
1188323, 0, 1
1188332, 1, 0
1188448, 0, 0
1188457, 1, 1
1188573, 0, 1
1188582, 1, 1
1188698, 0, bit 1
1188698, 0, 1
1188707, 1, 0
1188823, 0, 0
1188832, 1, 1
1188948, 0, 1
1188957, 1, 0
1189073, 0, 0
1189082, 1, bit 1
1189082, 1, 0
1189198, 0, 0
1189207, 1, 1
1189323, 0, 1
1189332, 1, 1
1189448, 0, 0
1189457, 1, 0
1189573, 0, 1
1189582, 1, 1
1189698, 0, 0
1189707, 1, 0
1189823, 0, 1
1189832, 1, 1
1189948, 0, 0
1189957, 1, 0
1190073, 0, 1
1190082, 1, 1
1190198, 0, 0
1190207, 1, 0
1190323, 0, 1
1190332, 1, 0
1190448, 0, bit 1
1190448, 0, 1
1190457, 1, 1
1190573, 0, 0
1190582, 1, 0
1190699, 0, 1
1190707, 1, 1
1190824, 0, 0
1190832, 1, bit 1
1190832, 1, 0
1190949, 0, 0
1190957, 1, 1
1191074, 0, 1
1191083, 1, 1
1191199, 0, 0
1191208, 1, 0
1191324, 0, 1
1191333, 1, 1
1191449, 0, 0
1191458, 1, 0
1191574, 0, 1
1191583, 1, 1
1191699, 0, 0
1191708, 1, 0
1191824, 0, 1
1191833, 1, 1
1191949, 0, 0
1191958, 1, 0
1192074, 0, 1
1192083, 1, 0
1192199, 0, bit 1
1192199, 0, 1
1192208, 1, 1
1192324, 0, 0
1192333, 1, 0
1192449, 0, 1
1192458, 1, 1
1192574, 0, 0
1192583, 1, bit 1
1192583, 1, 0
1192699, 0, 0
1192708, 1, 1
1192824, 0, 1
1192833, 1, 1
1192949, 0, 0
1192958, 1, 0
1193074, 0, 1
1193083, 1, 1
1193199, 0, 0
1193208, 1, 0
1193324, 0, 1
1193333, 1, 1
1193449, 0, 0
1193458, 1, 0
1193574, 0, 1
1193583, 1, 1
1193699, 0, 0
1193708, 1, 0
1193824, 0, 1
1193833, 1, 0
1193949, 0, bit 1
1193949, 0, 1
1193958, 1, 1
1194074, 0, 0
1194083, 1, 0
1194199, 0, 1
1194208, 1, 1
1194324, 0, 0
1194333, 1, bit 0
1194333, 1, 1
1194449, 0, 0
1194458, 1, 0
1194574, 0, 1
1194583, 1, 0
1194699, 0, 0
1194708, 1, 1
1194824, 0, 1
1194833, 1, 0
1194949, 0, 0
1194958, 1, 1
1195074, 0, 1
1195083, 1, 0
1195199, 0, 0
1195208, 1, 1
1195324, 0, 1
1195333, 1, 0
1195449, 0, 0
1195458, 1, 1
1195574, 0, 1
1195583, 1, 1
1195699, 0, bit 0
1195699, 0, 0
1195708, 1, 0
1195824, 0, 1
1195833, 1, 1
1195949, 0, 0
1195958, 1, 0
1196075, 0, 1
1196083, 1, bit 1
1196083, 1, 0
1196200, 0, 1
1196208, 1, 1
1196325, 0, 0
1196333, 1, 1
1196450, 0, 1
1196459, 1, 0
1196575, 0, 0
1196584, 1, 1
1196700, 0, 1
1196709, 1, 0
1196825, 0, 0
1196834, 1, 1
1196950, 0, 1
1196959, 1, 0
1197075, 0, 0
1197084, 1, 1
1197200, 0, 1
1197209, 1, 0
1197325, 0, 0
1197334, 1, 0
1197450, 0, bit 0
1197450, 0, 0
1197459, 1, 1
1197575, 0, 1
1197584, 1, 0
1197700, 0, 0
1197709, 1, 1
1197825, 0, 1
1197834, 1, bit 0
1197834, 1, 1
1197950, 0, 1
1197959, 1, 0
1198075, 0, 0
1198084, 1, 0
1198200, 0, 1
1198209, 1, 1
1198325, 0, 0
1198334, 1, 0
1198450, 0, 1
1198459, 1, 1
1198575, 0, 0
1198584, 1, 0
1198700, 0, 1
1198709, 1, 1
1198825, 0, 0
1198834, 1, 0
1198950, 0, 1
1198959, 1, 1
1199075, 0, 0
1199084, 1, 1
1199200, 0, bit 1
1199200, 0, 1
1199209, 1, 0
1199325, 0, 0
1199334, 1, 1
1199450, 0, 1
1199459, 1, 0
1199575, 0, 0
1199584, 1, bit 0
1199584, 1, 1
1199700, 0, 0
1199709, 1, 0
1199825, 0, 1
1199834, 1, 0
1199950, 0, 0
1199959, 1, 1
1200075, 0, 1
1200084, 1, 0
1200200, 0, 0
1200209, 1, 1
1200325, 0, 1
1200334, 1, 0
1200450, 0, 0
1200459, 1, 1
1200575, 0, 1
1200584, 1, 0
1200700, 0, 0
1200709, 1, 1
1200825, 0, 1
1200834, 1, 1
1200950, 0, bit 1
1200950, 0, 1
1200959, 1, 0
1201075, 0, 0
1201084, 1, 1
1201200, 0, 1
1201209, 1, 0
1201325, 0, 0
1201334, 1, bit 0
1201334, 1, 1
1201451, 0, 0
1201459, 1, 0
1201576, 0, 1
1201584, 1, 0
1201701, 0, 0
1201709, 1, 1
1201826, 0, 1
1201835, 1, 0
1201951, 0, 0
1201960, 1, 1
1202076, 0, 1
1202085, 1, 0
1202201, 0, 0
1202210, 1, 1
1202326, 0, 1
1202335, 1, 0
1202451, 0, 0
1202460, 1, 1
1202576, 0, 1
1202585, 1, 1
1202701, 0, bit 1
1202704, 0, 1
1202710, 1, 0
1202826, 0, 0
1202835, 1, 1
1202951, 0, 1
1202960, 1, 0
1203076, 0, 0
1203085, 1, bit 1
1203085, 1, 0
1203201, 0, 0
1203210, 1, 1
1203326, 0, 1
1203335, 1, 1
1203451, 0, 0
1203460, 1, 0
1203576, 0, 1
1203585, 1, 1
1203701, 0, 0
1203710, 1, 0
1203826, 0, 1
1203835, 1, 1
1203951, 0, 0
1203960, 1, 0
1204076, 0, 1
1204085, 1, 1
1204201, 0, 0
1204210, 1, 0
1204326, 0, 1
1204335, 1, 0
1204451, 0, bit 0
1204451, 0, 0
1204460, 1, 1
1204576, 0, 1
1204585, 1, 0
1204701, 0, 0
1204710, 1, 1
1204826, 0, 1
1204835, 1, bit 0
1204835, 1, 1
1204951, 0, 1
1204960, 1, 0
1205076, 0, 0
1205085, 1, 0
1205201, 0, 1
1205210, 1, 1
1205326, 0, 0
1205335, 1, 0
1205451, 0, 1
1205460, 1, 1
1205576, 0, 0
1205585, 1, 0
1205701, 0, 1
1205710, 1, 1
1205826, 0, 0
1205835, 1, 0
1205951, 0, 1
1205960, 1, 1
1206076, 0, 0
1206085, 1, 1
1206201, 0, bit 1
1206201, 0, 1
1206210, 1, 0
1206326, 0, 0
1206335, 1, 1
1206451, 0, 1
1206460, 1, 0
1206576, 0, 0
1206585, 1, bit 0
1206588, 1, 1
1206701, 0, 0
1206710, 1, 0
1206827, 0, 1
1206835, 1, 0
1206952, 0, 0
1206960, 1, 1
1207077, 0, 1
1207085, 1, 0
1207202, 0, 0
1207211, 1, 1
1207327, 0, 1
1207336, 1, 0
1207452, 0, 0
1207461, 1, 1
1207577, 0, 1
1207586, 1, 0
1207702, 0, 0
1207711, 1, 1
1207827, 0, 1
1207836, 1, 1
1207952, 0, bit 0
1207952, 0, 0
1207961, 1, 0
1208077, 0, 1
1208086, 1, 1
1208202, 0, 0
1208211, 1, 0
1208327, 0, 1
1208336, 1, bit 0
1208336, 1, 1
1208452, 0, 1
1208461, 1, 0
1208577, 0, 0
1208586, 1, 0
1208702, 0, 1
1208711, 1, 1
1208827, 0, 0
1208836, 1, 0
1208952, 0, 1
1208961, 1, 1
1209077, 0, 0
1209086, 1, 0
1209202, 0, 1
1209211, 1, 1
1209327, 0, 0
1209336, 1, 0
1209452, 0, 1
1209461, 1, 1
1209577, 0, 0
1209586, 1, 1
1209702, 0, bit 0
1209702, 0, 0
1209711, 1, 0
1209827, 0, 1
1209836, 1, 1
1209952, 0, 0
1209961, 1, 0
1210077, 0, 1
1210086, 1, bit 0
1210086, 1, 1
1210202, 0, 1
1210211, 1, 0
1210327, 0, 0
1210336, 1, 0
1210452, 0, 1
1210461, 1, 1
1210577, 0, 0
1210586, 1, 0
1210702, 0, 1
1210711, 1, 1
1210827, 0, 0
1210836, 1, 0
1210952, 0, 1
1210961, 1, 1
1211077, 0, 0
1211086, 1, 0
1211202, 0, 1
1211211, 1, 1
1211327, 0, 0
1211336, 1, 1
1211452, 0, bit 1
1211452, 0, 1
1211461, 1, 0
1211577, 0, 0
1211586, 1, 1
1211702, 0, 1
1211711, 1, 0
1211827, 0, 0
1211836, 1, bit 1
1211836, 1, 0
1211952, 0, 0
1211961, 1, 1
1212077, 0, 1
1212086, 1, 1
1212203, 0, 0
1212211, 1, 0
1212328, 0, 1
1212336, 1, 1
1212453, 0, 0
1212461, 1, 0
1212578, 0, 1
1212587, 1, 1
1212703, 0, 0
1212712, 1, 0
1212828, 0, 1
1212837, 1, 1
1212953, 0, 0
1212962, 1, 0
1213078, 0, 1
1213087, 1, 0
1213203, 0, bit 1
1213203, 0, 1
1213212, 1, 1
1213328, 0, 0
1213337, 1, 0
1213453, 0, 1
1213462, 1, 1
1213578, 0, 0
1213587, 1, bit 1
1213587, 1, 0
1213703, 0, 0
1213712, 1, 1
1213828, 0, 1
1213837, 1, 1
1213953, 0, 0
1213962, 1, 0
1214078, 0, 1
1214087, 1, 1
1214203, 0, 0
1214212, 1, 0
1214328, 0, 1
1214337, 1, 1
1214453, 0, 0
1214462, 1, 0
1214578, 0, 1
1214587, 1, 1
1214703, 0, 0
1214712, 1, 0
1214828, 0, 1
1214837, 1, 0
1214953, 0, bit 0
1214953, 0, 0
1214962, 1, 1
1215078, 0, 1
1215087, 1, 0
1215203, 0, 0
1215212, 1, 1
1215328, 0, 1
1215337, 1, bit 1
1215337, 1, 0
1215453, 0, 1
1215462, 1, 1
1215578, 0, 0
1215587, 1, 1
1215703, 0, 1
1215712, 1, 0
1215828, 0, 0
1215837, 1, 1
1215953, 0, 1
1215962, 1, 0
1216078, 0, 0
1216087, 1, 1
1216203, 0, 1
1216212, 1, 0
1216328, 0, 0
1216337, 1, 1
1216453, 0, 1
1216462, 1, 0
1216578, 0, 0
1216587, 1, 0
1216703, 0, bit 0
1216703, 0, 0
1216712, 1, 1
1216828, 0, 1
1216837, 1, 0
1216953, 0, 0
1216962, 1, 1
1217078, 0, 1
1217087, 1, bit 1
1217087, 1, 0
1217203, 0, 1
1217212, 1, 1
1217328, 0, 0
1217337, 1, 1
1217453, 0, 1
1217462, 1, 0
1217579, 0, 0
1217587, 1, 1
1217704, 0, 1
1217712, 1, 0
1217829, 0, 0
1217837, 1, 1
1217954, 0, 1
1217963, 1, 0
1218079, 0, 0
1218088, 1, 1
1218204, 0, 1
1218213, 1, 0
1218329, 0, 0
1218338, 1, 0
1218454, 0, bit 1
1218454, 0, 1
1218463, 1, 1
1218579, 0, 0
1218588, 1, 0
1218704, 0, 1
1218713, 1, 1
1218829, 0, 0
1218838, 1, bit 1
1218838, 1, 0
1218954, 0, 0
1218963, 1, 1
1219079, 0, 1
1219088, 1, 1
1219204, 0, 0
1219213, 1, 0
1219329, 0, 1
1219338, 1, 1
1219454, 0, 0
1219463, 1, 0
1219579, 0, 1
1219588, 1, 1
1219704, 0, 0
1219713, 1, 0
1219829, 0, 1
1219838, 1, 1
1219954, 0, 0
1219963, 1, 0
1220079, 0, 1
1220088, 1, 0
1220204, 0, bit 0
1220204, 0, 0
1220213, 1, 1
1220329, 0, 1
1220338, 1, 0
1220454, 0, 0
1220463, 1, 1
1220579, 0, 1
1220588, 1, bit 0
1220588, 1, 1
1220704, 0, 1
1220713, 1, 0
1220829, 0, 0
1220838, 1, 0
1220954, 0, 1
1220963, 1, 1
1221079, 0, 0
1221088, 1, 0
1221204, 0, 1
1221213, 1, 1
1221329, 0, 0
1221338, 1, 0
1221454, 0, 1
1221463, 1, 1
1221579, 0, 0
1221588, 1, 0
1221704, 0, 1
1221713, 1, 1
1221829, 0, 0
1221838, 1, 1
1221954, 0, bit 1
1221954, 0, 1
1221963, 1, 0
1222079, 0, 0
1222088, 1, 1
1222204, 0, 1
1222213, 1, 0
1222329, 0, 0
1222338, 1, bit 1
1222338, 1, 0
1222454, 0, 0
1222463, 1, 1
1222579, 0, 1
1222588, 1, 1
1222704, 0, 0
1222713, 1, 0
1222829, 0, 1
1222838, 1, 1
1222955, 0, 0
1222963, 1, 0
1223080, 0, 1
1223088, 1, 1
1223205, 0, 0
1223213, 1, 0
1223330, 0, 1
1223339, 1, 1
1223455, 0, 0
1223464, 1, 0
1223580, 0, 1
1223589, 1, 0
1223705, 0, bit 0
1223705, 0, 0
1223714, 1, 1
1223830, 0, 1
1223839, 1, 0
1223955, 0, 0
1223964, 1, 1
1224080, 0, 1
1224089, 1, bit 0
1224089, 1, 1
1224205, 0, 1
1224214, 1, 0
1224330, 0, 0
1224339, 1, 0
1224455, 0, 1
1224464, 1, 1
1224580, 0, 0
1224589, 1, 0
1224705, 0, 1
1224714, 1, 1
1224830, 0, 0
1224839, 1, 0
1224955, 0, 1
1224964, 1, 1
1225080, 0, 0
1225089, 1, 0
1225205, 0, 1
1225214, 1, 1
1225330, 0, 0
1225339, 1, 1
1225464, 1, 0
1225589, 1, 1
1225714, 1, 0
1225839, 1, bit 0
1225839, 1, 1
1225964, 1, 0
1226089, 1, 0
1226214, 1, 1
1226339, 1, 0
1226464, 1, 1
1226589, 1, 0
1226714, 1, 1
1226839, 1, 0
1226964, 1, 1
1227089, 1, 1
1227214, 1, 0
1227339, 1, 1
1227464, 1, 0
1227589, 1, bit 0
1227589, 1, 1
1227714, 1, 0
1227839, 1, 0
1227964, 1, 1
1228089, 1, 0
1228214, 1, 1
1228339, 1, 0
1228464, 1, 1
1228589, 1, 0
1228715, 1, 1
1228840, 1, 1
1228965, 1, 0
1229090, 1, 1
1229215, 1, 0
1229340, 1, bit 0
1229340, 1, 1
1229465, 1, 0
1229590, 1, 0
1229715, 1, 1
1229840, 1, 0
1229965, 1, 1
1230090, 1, 0
1230215, 1, 1
1230340, 1, 0
1230465, 1, 1
1230590, 1, 1
1230715, 1, 0
1230840, 1, 1
1230965, 1, 0
1231090, 1, bit 1
1231090, 1, 0
1231215, 1, 1
1231340, 1, 1
1231465, 1, 0
1231590, 1, 1
1231715, 1, 0
1231840, 1, 1
1231965, 1, 0
1232090, 1, 1
1232215, 1, 0
1232340, 1, 0
1232465, 1, 1
1232590, 1, 0
1232715, 1, 1
1232840, 1, bit 0
1232840, 1, 1
1232965, 1, 0
1233090, 1, 0
1233215, 1, 1
1233340, 1, 0
1233465, 1, 1
1233590, 1, 0
1233715, 1, 1
1233840, 1, 0
1233965, 1, 1
1234091, 1, 1
1234216, 1, 0
1234341, 1, 1
1234466, 1, 0
1234591, 1, bit 0
1234591, 1, 1
1234716, 1, 0
1234841, 1, 0
1234966, 1, 1
1235091, 1, 0
1235216, 1, 1
1235341, 1, 0
1235466, 1, 1
1235591, 1, 0
1235716, 1, 1
1235841, 1, 1
1235966, 1, 0
1236091, 1, 1
1236216, 1, 0
1236341, 1, bit 0
1236341, 1, 1
1236466, 1, 0
1236591, 1, 0
1236716, 1, 1
1236841, 1, 0
1236966, 1, 1
1237091, 1, 0
1237216, 1, 1
1237341, 1, 0
1237466, 1, 1
1237591, 1, 1
1237716, 1, 0
1237841, 1, 1
1237966, 1, 0
1238091, 1, bit 0
1238091, 1, 1
1238216, 1, 0
1238341, 1, 0
1238466, 1, 1
1238591, 1, 0
1238716, 1, 1
1238841, 1, 0
1238966, 1, 1
1239091, 1, 0
1239216, 1, 1
1239341, 1, 1
1239467, 1, 0
1239592, 1, 1
1239717, 1, 0
1239842, 1, bit 1
1239842, 1, 0
1239967, 1, 1
1240092, 1, 1
1240217, 1, 0
1240342, 1, 1
1240467, 1, 0
1240592, 1, 1
1240717, 1, 0
1240842, 1, 1
1240967, 1, 0
1241092, 1, 0
1241217, 1, 1
1241342, 1, 0
1241467, 1, 1
1241592, 1, bit 0
1241592, 1, 1
1241717, 1, 0
1241842, 1, 0
1241967, 1, 1
1242092, 1, 0
1242217, 1, 1
1242342, 1, 0
1242467, 1, 1
1242592, 1, 0
1242717, 1, 1
1242842, 1, 1
1242967, 1, 0
1243092, 1, 1
1243217, 1, 0
1243342, 1, bit 1
1243342, 1, 0
1243467, 1, 1
1243592, 1, 1
1243717, 1, 0
1243842, 1, 1
1243967, 1, 0
1244092, 1, 1
1244217, 1, 0
1244342, 1, 1
1244467, 1, 0
1244592, 1, 0
1244717, 1, 1
1244843, 1, 0
1244968, 1, 1
1245093, 1, bit 1
1245093, 1, 0
1245218, 1, 1
1245343, 1, 1
1245468, 1, 0
1245593, 1, 1
1245718, 1, 0
1245843, 1, 1
1245968, 1, 0
1246093, 1, 1
1246218, 1, 0
1246343, 1, 0
1246468, 1, 1
1246593, 1, 0
1246718, 1, 1
1246843, 1, bit 0
1246843, 1, 1
1246968, 1, 0
1247093, 1, 0
1247218, 1, 1
1247343, 1, 0
1247468, 1, 1
1247593, 1, 0
1247718, 1, 1
1247843, 1, 0
1247968, 1, 1
1248093, 1, 1
1248218, 1, 0
1248343, 1, 1
1248468, 1, 0
1248593, 1, bit 1
1248593, 1, 0
1248718, 1, 1
1248843, 1, 1
1248968, 1, 0
1249093, 1, 1
1249218, 1, 0
1249343, 1, 1
1249468, 1, 0
1249593, 1, 1
1249718, 1, 0
1249843, 1, 0
1249968, 1, 1
1250093, 1, 0
1250219, 1, 1
1250344, 1, bit 0
1250344, 1, 1
1250469, 1, 0
1250594, 1, 0
1250719, 1, 1
1250844, 1, 0
1250969, 1, 1
1251094, 1, 0
1251219, 1, 1
1251344, 1, 0
1251469, 1, 1
1251594, 1, 1
1251719, 1, 0
1251844, 1, 1
1251969, 1, 0
1252094, 1, bit 1
1252094, 1, 0
1252219, 1, 1
1252344, 1, 1
1252469, 1, 0
1252594, 1, 1
1252719, 1, 0
1252844, 1, 1
1252969, 1, 0
1253094, 1, 1
1253219, 1, 0
1253344, 1, 0
1253469, 1, 1
1253594, 1, 0
1253719, 1, 1
1253844, 1, bit 1
1253844, 1, 0
1253969, 1, 1
1254094, 1, 1
1254219, 1, 0
1254344, 1, 1
1254469, 1, 0
1254594, 1, 1
1254719, 1, 0
1254844, 1, 1
1254969, 1, 0
1255094, 1, 0
1255219, 1, 1
1255344, 1, 0
1255469, 1, 1
