350 100 1 7 2
(2, 20, 10, 180.00), (code 6)
START
2939174, 0, prem 1
2939174, 0, 0
2939524, 0, 1
2939874, 0, 0
2940224, 0, 1
2940574, 0, 1
2940924, 0, 0
2941274, 0, 0
2941624, 0, 1
2941974, 0, 0
2942324, 0, 1
2942674, 0, 1
2943024, 0, 0
2943374, 0, 0
2943724, 0, 1
2944074, 0, prem 1
2944074, 0, 0
2944424, 0, 1
2944774, 0, 0
2945124, 0, 1
2945474, 0, 1
2945824, 0, 0
2946174, 0, 0
2946524, 0, 1
2946874, 0, 0
2947224, 0, 1
2947574, 0, 1
2947924, 0, 0
2948274, 0, 0
2948624, 0, 1
2948974, 0, bit 1
2948974, 0, 1
2949324, 0, 0
2949675, 0, bit 1
2949675, 0, 1
2950025, 0, 0
2950375, 0, bit 1
2950375, 0, 1
2950725, 0, 0
2951075, 0, bit 0
2951075, 0, 0
2951425, 0, 0
2951775, 0, bit 1
2951775, 0, 1
2952125, 0, 0
2952475, 0, bit 0
2952475, 0, 0
2952825, 0, 0
2953175, 0, bit 1
2953175, 0, 1
2953525, 0, 0
2953875, 0, bit 0
2953875, 0, 0
2954225, 0, 0
2954575, 0, bit 1
2954575, 0, 1
2954925, 0, 0
2955275, 0, bit 0
2955275, 0, 0
2955625, 0, 0
2955975, 0, bit 1
2955975, 0, 1
2956325, 0, 0
2956675, 0, bit 1
2956675, 0, 1
2957025, 0, 0
2957375, 0, bit 0
2957375, 0, 0
2957725, 0, 0
2958075, 0, bit 0
2958075, 0, 0
2958425, 0, 0
2958775, 0, bit 0
2958775, 0, 0
2959125, 0, 0
2959475, 0, bit 1
2959475, 0, 1
2959825, 0, 0
2960175, 0, bit 0
2960175, 0, 0
2960525, 0, 0
2960875, 0, bit 1
2960875, 0, 1
2961225, 0, 0
2961575, 0, bit 1
2961575, 0, 1
2961925, 0, 0
2962275, 0, bit 0
2962275, 0, 0
2962625, 0, 0
2962975, 0, bit 1
2962975, 0, 1
2963325, 0, 0
2963675, 0, bit 1
2963675, 0, 1
2964025, 0, 0
2964375, 0, bit 1
2964375, 0, 1
2964725, 0, 0
2965075, 0, bit 1
2965075, 0, 1
2965425, 0, 0
2965775, 0, bit 1
2965775, 0, 1
2966125, 0, 0
2966475, 0, bit 1
2966475, 0, 1
2966825, 0, 0
2967175, 0, bit 0
2967175, 0, 0
2967525, 0, 0
2967875, 0, bit 0
2967875, 0, 0
2968225, 0, 0
2968576, 0, bit 0
2968576, 0, 0
2968926, 0, 0
2969276, 0, bit 1
2969276, 0, 1
2969626, 0, 0
2969976, 0, bit 0
2969976, 0, 0
2970326, 0, 0
2970676, 0, bit 0
2970679, 0, 0
2971026, 0, 0
2971376, 0, bit 0
2971376, 0, 0
2971726, 0, 0
2972076, 0, bit 1
2972076, 0, 1
2972426, 0, 0
2972776, 0, bit 1
2972776, 0, 1
2973126, 0, 0
2973476, 0, bit 1
2973476, 0, 1
2973826, 0, 0
2974176, 0, bit 0
2974176, 0, 0
2974526, 0, 0
2974876, 0, bit 1
2974876, 0, 1
2975226, 0, 0
2975576, 0, bit 0
2975576, 0, 0
2975926, 0, 0
2976276, 0, bit 0
2976276, 0, 0
2976626, 0, 0
2976976, 0, bit 1
2976976, 0, 1
2977326, 0, 0
2977676, 0, bit 0
2977676, 0, 0
2978026, 0, 0
2978376, 0, bit 0
2978376, 0, 0
2978726, 0, 0
2979076, 0, bit 1
2979076, 0, 1
2979426, 0, 0
2979776, 0, bit 0
2979776, 0, 0
2980126, 0, 0
2980476, 0, bit 0
2980476, 0, 0
2980826, 0, 0
2981176, 0, bit 1
2981176, 0, 1
2981526, 0, 0
2981876, 0, bit 0
2981876, 0, 0
2982226, 0, 0
2982576, 0, bit 1
2982576, 0, 1
2982926, 0, 0
2983276, 0, bit 0
2983276, 0, 0
2983626, 0, 0
2983976, 0, bit 0
2983976, 0, 0
2984326, 0, 0
2984676, 0, bit 0
2984676, 0, 0
2985026, 0, 0
2985376, 0, bit 0
2985379, 0, 0
2985726, 0, 0
2986076, 0, bit 1
2986076, 0, 1
2986426, 0, 0
2986776, 0, bit 1
2986776, 0, 1
2987126, 0, 0
2987476, 0, bit 0
2987476, 0, 0
2987826, 0, 0
2988176, 0, bit 1
2988176, 0, 1
2988526, 0, 0
2988876, 0, bit 1
2988876, 0, 1
2989227, 0, 0
2989577, 0, bit 1
2989577, 0, 1
2989927, 0, 0
2990277, 0, bit 1
2990277, 0, 1
2990627, 0, 0
2990977, 0, bit 1
2990977, 0, 1
2991327, 0, 0
2991677, 0, bit 0
2991677, 0, 0
2992027, 0, 0
2992377, 0, bit 0
2992377, 0, 0
2992727, 0, 0
2993077, 0, bit 0
2993077, 0, 0
2993427, 0, 0
2993777, 0, bit 0
2993777, 0, 0
2994127, 0, 0
2994477, 0, bit 1
2994477, 0, 1
2994827, 0, 0
2995177, 0, bit 0
2995177, 0, 0
2995527, 0, 0
2995877, 0, bit 0
2995877, 0, 0
2996227, 0, 0
2996577, 0, bit 0
2996577, 0, 0
2996927, 0, 0
2997277, 0, bit 0
2997277, 0, 0
2997627, 0, 0
2997977, 0, bit 1
2997977, 0, 1
2998327, 0, 0
2998677, 0, bit 1
2998677, 0, 1
2999027, 0, 0
2999377, 0, bit 1
2999377, 0, 1
2999727, 0, 0
3000077, 0, bit 1
3000080, 0, 1
3000427, 0, 0
3000777, 0, bit 0
3000777, 0, 0
3001127, 0, 0
3001477, 0, bit 0
3001477, 0, 0
3001827, 0, 0
3002177, 0, bit 0
3002177, 0, 0
3002527, 0, 0
3002877, 0, bit 0
3002877, 0, 0
3003227, 0, 0
3003577, 0, bit 0
3003577, 0, 0
3003927, 0, 0
3004277, 0, bit 0
3004277, 0, 0
3004627, 0, 0
3004977, 0, bit 1
3004977, 0, 1
3005327, 0, 0
3005677, 0, bit 1
3005677, 0, 1
3006027, 0, 0
3006377, 0, bit 0
3006377, 0, 0
3006727, 0, 0
3007077, 0, bit 1
3007077, 0, 1
3007427, 0, 0
3007777, 0, bit 0
3007777, 0, 0
3008128, 0, 0
3008478, 0, bit 1
3008478, 0, 1
3008828, 0, 0
3009178, 0, bit 0
3009178, 0, 0
3009528, 0, 0
3009878, 0, bit 0
3009878, 0, 0
3010228, 0, 0
3010578, 0, bit 0
3010578, 0, 0
3010928, 0, 0
3011278, 0, bit 1
3011278, 0, 1
3011628, 0, 0
3011978, 0, bit 0
3011978, 0, 0
3012328, 0, 0
3012678, 0, bit 0
3012678, 0, 0
3013028, 0, 0
3013378, 0, bit 1
3013378, 0, 1
3013728, 0, 0
3014078, 0, bit 0
3014078, 0, 0
3014428, 0, 0
3014778, 0, bit 0
3014781, 0, 0
3015128, 0, 0
3015478, 0, bit 0
3015478, 0, 0
3015828, 0, 0
3016178, 0, bit 0
3016178, 0, 0
3016528, 0, 0
3016878, 0, bit 1
3016878, 0, 1
3017228, 0, 0
3017578, 0, bit 1
3017578, 0, 1
3017928, 0, 0
3018278, 0, bit 1
3018278, 0, 1
3018628, 0, 0
