150 100 4 7 4
(2, 20, 9, 10.00), (code 3)
(3, 90, 11, 10.00), (code 2)
(4, 160, 8, 10.00), (code 6)
(5, 230, 11, 10.00), (code 0)
START
1099182, 0, prem 1
1099182, 0, 1
1099332, 0, 1
1099482, 0, 1
1099632, 0, 1
1099782, 0, 0
1099932, 0, 0
1100082, 0, 0
1100232, 0, 0
1100382, 0, prem 1
1100382, 0, 1
1100532, 0, 1
1100682, 0, 1
1100832, 0, 1
1100982, 0, 0
1101132, 0, 0
1101282, 0, 0
1101432, 0, 0
1101582, 0, prem 1
1101582, 0, 1
1101732, 0, 1
1101882, 0, 1
1102032, 0, 1
1102182, 0, 0
1102332, 0, 0
1102482, 0, 0
1102632, 0, 0
1102782, 0, prem 0
1102782, 0, 0
1102932, 0, 0
1103082, 0, 0
1103232, 0, 0
1103382, 0, 1
1103532, 0, 1
1103682, 0, 1
1103832, 0, 1
1103982, 0, prem 1
1103982, 0, 1
1104132, 0, 1
1104282, 0, 1
1104432, 0, 1
1104582, 0, 0
1104732, 0, 0
1104882, 0, 0
1105032, 0, 0
1105182, 0, prem 1
1105182, 0, 1
1105332, 0, 1
1105482, 0, 1
1105632, 0, 1
1105782, 0, 0
1105932, 0, 0
1106082, 0, 0
1106232, 0, 0
1106382, 0, prem 1
1106382, 0, 1
1106532, 0, 1
1106682, 0, 1
1106832, 0, 1
1106982, 0, 0
1107132, 0, 0
1107282, 0, 0
1107432, 0, 0
1107582, 0, bit 1
1107582, 0, 1
1107732, 0, 0
1107883, 0, 1
1108033, 0, 0
1108183, 0, 1
1108333, 0, 0
1108483, 0, 0
1108633, 0, 1
1108783, 0, 1
1108933, 0, 0
1109083, 0, 1
1109233, 0, 0
1109383, 0, 1
1109533, 0, 0
1109683, 0, bit 0
1109683, 0, 0
1109833, 0, 1
1109983, 0, 0
1109987, 1, prem 0
1109987, 1, 0
1110133, 0, 1
1110137, 1, 0
1110283, 0, 0
1110287, 1, 0
1110433, 0, 1
1110437, 1, 0
1110583, 0, 1
1110587, 1, 1
1110733, 0, 0
1110737, 1, 1
1110883, 0, 0
1110887, 1, 1
1111033, 0, 1
1111037, 1, 1
1111183, 0, 0
1111187, 1, prem 1
1111187, 1, 1
1111333, 0, 1
1111337, 1, 1
1111483, 0, 0
1111487, 1, 1
1111633, 0, 1
1111638, 1, 1
1111783, 0, bit 1
1111783, 0, 1
1111788, 1, 0
1111933, 0, 0
1111938, 1, 0
1112083, 0, 1
1112088, 1, 0
1112233, 0, 0
1112238, 1, 0
1112383, 0, 1
1112388, 1, prem 0
1112388, 1, 0
1112534, 0, 0
1112538, 1, 0
1112684, 0, 0
1112688, 1, 0
1112834, 0, 1
1112838, 1, 0
1112984, 0, 1
1112988, 1, 1
1113134, 0, 0
1113138, 1, 1
1113284, 0, 1
1113288, 1, 1
1113434, 0, 0
1113438, 1, 1
1113584, 0, 1
1113588, 1, prem 1
1113588, 1, 1
1113734, 0, 0
1113738, 1, 1
1113884, 0, bit 1
1113884, 0, 1
1113888, 1, 1
1114034, 0, 0
1114038, 1, 1
1114184, 0, 1
1114188, 1, 0
1114334, 0, 0
1114338, 1, 0
1114484, 0, 1
1114488, 1, 0
1114634, 0, 0
1114638, 1, 0
1114784, 0, 0
1114788, 1, prem 0
1114788, 1, 0
1114934, 0, 1
1114938, 1, 0
1115084, 0, 1
1115088, 1, 0
1115234, 0, 0
1115238, 1, 0
1115384, 0, 1
1115388, 1, 1
1115534, 0, 0
1115538, 1, 1
1115684, 0, 1
1115688, 1, 1
1115834, 0, 0
1115838, 1, 1
1115984, 0, bit 1
1115984, 0, 1
1115988, 1, prem 1
1115988, 1, 1
1116134, 0, 0
1116138, 1, 1
1116284, 0, 1
1116288, 1, 1
1116434, 0, 0
1116438, 1, 1
1116584, 0, 1
1116588, 1, 0
1116734, 0, 0
1116738, 1, 0
1116884, 0, 0
1116888, 1, 0
1117034, 0, 1
1117038, 1, 0
1117184, 0, 1
1117188, 1, prem 1
1117188, 1, 1
1117334, 0, 0
1117338, 1, 1
1117484, 0, 1
1117488, 1, 1
1117634, 0, 0
1117638, 1, 1
1117784, 0, 1
1117788, 1, 0
1117934, 0, 0
1117938, 1, 0
1118084, 0, bit 0
1118084, 0, 0
1118088, 1, 0
1118234, 0, 1
1118238, 1, 0
1118384, 0, 0
1118388, 1, bit 1
1118388, 1, 0
1118534, 0, 1
1118538, 1, 1
1118684, 0, 0
1118688, 1, 1
1118834, 0, 1
1118838, 1, 0
1118984, 0, 1
1118988, 1, 0
1119134, 0, 0
1119138, 1, 1
1119284, 0, 0
1119288, 1, 1
1119434, 0, 1
1119438, 1, 0
1119584, 0, 0
1119588, 1, 0
1119734, 0, 1
1119738, 1, 1
1119884, 0, 0
1119888, 1, 1
1120034, 0, 1
1120038, 1, 0
1120043, 2, prem 0
1120043, 2, 0
1120184, 0, bit 0
1120184, 0, 0
1120188, 1, 1
1120193, 2, 0
1120334, 0, 1
1120338, 1, 0
1120343, 2, 0
1120484, 0, 0
1120488, 1, bit 0
1120488, 1, 1
1120493, 2, 0
1120634, 0, 1
1120638, 1, 0
1120643, 2, 1
1120784, 0, 0
1120788, 1, 0
1120793, 2, 1
1120934, 0, 1
1120939, 1, 1
1120943, 2, 1
1121084, 0, 1
1121089, 1, 1
1121093, 2, 1
1121234, 0, 0
1121239, 1, 0
1121243, 2, prem 0
1121246, 2, 0
1121384, 0, 0
1121389, 1, 0
1121393, 2, 0
1121534, 0, 1
1121539, 1, 1
1121543, 2, 0
1121684, 0, 0
1121689, 1, 1
1121693, 2, 0
1121835, 0, 1
1121839, 1, 0
1121843, 2, 1
1121985, 0, 0
1121989, 1, 0
1121993, 2, 1
1122135, 0, 1
1122139, 1, 1
1122143, 2, 1
1122285, 0, bit 0
1122285, 0, 0
1122289, 1, 0
1122293, 2, 1
1122435, 0, 1
1122439, 1, 1
1122443, 2, prem 1
1122443, 2, 1
1122585, 0, 0
1122589, 1, bit 0
1122589, 1, 1
1122593, 2, 1
1122735, 0, 1
1122739, 1, 0
1122743, 2, 1
1122885, 0, 0
1122889, 1, 0
1122893, 2, 1
1123035, 0, 1
1123039, 1, 1
1123043, 2, 0
1123185, 0, 1
1123189, 1, 1
1123193, 2, 0
1123335, 0, 0
1123339, 1, 0
1123343, 2, 0
1123485, 0, 0
1123489, 1, 0
1123493, 2, 0
1123635, 0, 1
1123639, 1, 1
1123643, 2, prem 0
1123643, 2, 0
1123785, 0, 0
1123789, 1, 1
1123793, 2, 0
1123935, 0, 1
1123939, 1, 0
1123943, 2, 0
1124085, 0, 0
1124089, 1, 0
1124093, 2, 0
1124235, 0, 1
1124239, 1, 1
1124243, 2, 1
1124385, 0, bit 1
1124388, 0, 1
1124389, 1, 0
1124393, 2, 1
1124535, 0, 0
1124539, 1, 1
1124543, 2, 1
1124685, 0, 1
1124689, 1, bit 1
1124689, 1, 0
1124694, 2, 1
1124835, 0, 0
1124839, 1, 1
1124844, 2, prem 0
1124844, 2, 0
1124985, 0, 1
1124989, 1, 1
1124994, 2, 0
1125135, 0, 0
1125139, 1, 0
1125144, 2, 0
1125285, 0, 0
1125289, 1, 0
1125294, 2, 0
1125435, 0, 1
1125439, 1, 1
1125444, 2, 1
1125585, 0, 1
1125590, 1, 1
1125594, 2, 1
1125735, 0, 0
1125740, 1, 0
1125744, 2, 1
1125885, 0, 1
1125890, 1, 0
1125894, 2, 1
1126035, 0, 0
1126040, 1, 1
1126044, 2, prem 1
1126044, 2, 1
1126185, 0, 1
1126190, 1, 1
1126194, 2, 1
1126335, 0, 0
1126340, 1, 0
1126344, 2, 1
1126486, 0, bit 0
1126486, 0, 0
1126490, 1, 1
1126494, 2, 1
1126636, 0, 1
1126640, 1, 0
1126644, 2, 0
1126786, 0, 0
1126790, 1, bit 1
1126790, 1, 0
1126794, 2, 0
1126936, 0, 1
1126940, 1, 1
1126944, 2, 0
1127086, 0, 0
1127090, 1, 1
1127094, 2, 0
1127236, 0, 1
1127240, 1, 0
1127244, 2, prem 0
1127244, 2, 0
1127386, 0, 1
1127390, 1, 0
1127394, 2, 0
1127536, 0, 0
1127540, 1, 1
1127544, 2, 0
1127686, 0, 0
1127690, 1, 1
1127694, 2, 0
1127836, 0, 1
1127840, 1, 0
1127844, 2, 1
1127986, 0, 0
1127990, 1, 0
1127994, 2, 1
1128136, 0, 1
1128140, 1, 1
1128144, 2, 1
1128286, 0, 0
1128290, 1, 1
1128294, 2, 1
1128436, 0, 1
1128440, 1, 0
1128444, 2, bit 1
1128444, 2, 0
1128586, 0, bit 1
1128586, 0, 1
1128590, 1, 1
1128594, 2, 1
1128736, 0, 0
1128740, 1, 0
1128744, 2, 0
1128886, 0, 1
1128890, 1, bit 1
1128893, 1, 0
1128894, 2, 1
1129036, 0, 0
1129040, 1, 1
1129044, 2, 1
1129186, 0, 1
1129190, 1, 1
1129194, 2, 0
1129336, 0, 0
1129340, 1, 0
1129344, 2, 0
1129486, 0, 0
1129490, 1, 0
1129494, 2, 1
1129636, 0, 1
1129640, 1, 1
1129644, 2, 0
1129786, 0, 1
1129790, 1, 1
1129794, 2, 1
1129936, 0, 0
1129940, 1, 0
1129944, 2, 1
1130086, 0, 1
1130090, 1, 0
1130094, 2, 0
1130236, 0, 0
1130240, 1, 1
1130244, 2, 0
1130386, 0, 1
1130390, 1, 1
1130394, 2, 1
1130536, 0, 0
1130540, 1, 0
1130544, 2, bit 1
1130544, 2, 0
1130686, 0, bit 1
1130686, 0, 1
1130690, 1, 1
1130694, 2, 1
1130836, 0, 0
1130840, 1, 0
1130844, 2, 0
1130986, 0, 1
1130990, 1, bit 0
1130990, 1, 1
1130994, 2, 1
1130997, 3, prem 0
1130997, 3, 0
1131136, 0, 0
1131140, 1, 0
1131144, 2, 1
1131147, 3, 0
1131286, 0, 1
1131290, 1, 0
1131294, 2, 0
1131297, 3, 0
1131436, 0, 0
1131440, 1, 1
1131444, 2, 0
1131447, 3, 0
1131586, 0, 0
1131590, 1, 1
1131594, 2, 1
1131597, 3, 1
1131736, 0, 1
1131740, 1, 0
1131744, 2, 0
1131747, 3, 1
1131886, 0, 1
1131890, 1, 0
1131894, 2, 1
1131897, 3, 1
1132036, 0, 0
1132040, 1, 1
1132044, 2, 1
1132047, 3, 1
1132186, 0, 1
1132190, 1, 1
1132194, 2, 0
1132197, 3, prem 1
1132197, 3, 1
1132336, 0, 0
1132340, 1, 0
1132344, 2, 0
1132347, 3, 1
1132486, 0, 1
1132490, 1, 0
1132494, 2, 1
1132497, 3, 1
1132636, 0, 0
1132640, 1, 1
1132644, 2, bit 1
1132644, 2, 0
1132647, 3, 1
1132786, 0, bit 0
1132786, 0, 0
1132790, 1, 0
1132794, 2, 1
1132797, 3, 0
1132936, 0, 1
1132940, 1, 1
1132944, 2, 0
1132947, 3, 0
1133086, 0, 0
1133090, 1, bit 1
1133090, 1, 0
1133094, 2, 1
1133097, 3, 0
1133236, 0, 1
1133240, 1, 1
1133244, 2, 1
1133247, 3, 0
1133386, 0, 0
1133390, 1, 1
1133394, 2, 0
1133398, 3, prem 1
1133398, 3, 1
1133536, 0, 1
1133540, 1, 0
1133544, 2, 0
1133548, 3, 1
1133686, 0, 1
1133690, 1, 0
1133694, 2, 1
1133698, 3, 1
1133836, 0, 0
1133840, 1, 1
1133844, 2, 0
1133848, 3, 1
1133986, 0, 0
1133990, 1, 1
1133995, 2, 1
1133998, 3, 0
1134136, 0, 1
1134140, 1, 0
1134145, 2, 1
1134148, 3, 0
1134286, 0, 0
1134290, 1, 0
1134295, 2, 0
1134298, 3, 0
1134436, 0, 1
1134440, 1, 1
1134445, 2, 0
1134448, 3, 0
1134586, 0, 0
1134590, 1, 1
1134595, 2, 1
1134598, 3, prem 1
1134598, 3, 1
1134736, 0, 1
1134740, 1, 0
1134745, 2, bit 0
1134745, 2, 1
1134748, 3, 1
1134886, 0, bit 1
1134886, 0, 1
1134891, 1, 1
1134895, 2, 0
1134898, 3, 1
1135036, 0, 0
1135041, 1, 0
1135045, 2, 1
1135048, 3, 1
1135186, 0, 1
1135191, 1, bit 1
1135194, 1, 0
1135195, 2, 0
1135198, 3, 0
1135336, 0, 0
1135341, 1, 1
1135345, 2, 0
1135348, 3, 0
1135486, 0, 1
1135491, 1, 1
1135495, 2, 1
1135498, 3, 0
1135636, 0, 0
1135641, 1, 0
1135645, 2, 1
1135648, 3, 0
1135787, 0, 0
1135791, 1, 0
1135795, 2, 0
1135798, 3, prem 1
1135798, 3, 1
1135937, 0, 1
1135941, 1, 1
1135945, 2, 1
1135948, 3, 1
1136087, 0, 1
1136091, 1, 1
1136095, 2, 0
1136098, 3, 1
1136237, 0, 0
1136241, 1, 0
1136245, 2, 0
1136248, 3, 1
1136387, 0, 1
1136391, 1, 0
1136395, 2, 1
1136398, 3, 0
1136537, 0, 0
1136541, 1, 1
1136545, 2, 1
1136548, 3, 0
1136687, 0, 1
1136691, 1, 1
1136695, 2, 0
1136698, 3, 0
1136837, 0, 0
1136841, 1, 0
1136845, 2, bit 0
1136845, 2, 1
1136848, 3, 0
1136987, 0, bit 0
1136987, 0, 0
1136991, 1, 1
1136995, 2, 0
1136998, 3, prem 0
1136998, 3, 0
1137137, 0, 1
1137141, 1, 0
1137145, 2, 1
1137148, 3, 0
1137287, 0, 0
1137291, 1, bit 0
1137291, 1, 1
1137295, 2, 0
1137298, 3, 0
1137437, 0, 1
1137441, 1, 0
1137445, 2, 0
1137448, 3, 0
1137587, 0, 0
1137591, 1, 0
1137595, 2, 1
1137598, 3, 1
1137737, 0, 1
1137741, 1, 1
1137745, 2, 1
1137748, 3, 1
1137887, 0, 1
1137891, 1, 1
1137895, 2, 0
1137898, 3, 1
1138037, 0, 0
1138041, 1, 0
1138045, 2, 1
1138048, 3, 1
1138187, 0, 0
1138191, 1, 0
1138195, 2, 0
1138198, 3, prem 0
1138198, 3, 0
1138337, 0, 1
1138341, 1, 1
1138345, 2, 0
1138348, 3, 0
1138487, 0, 0
1138491, 1, 1
1138495, 2, 1
1138498, 3, 0
1138637, 0, 1
1138641, 1, 0
1138646, 2, 1
1138648, 3, 0
1138787, 0, 0
1138791, 1, 0
1138796, 2, 0
1138798, 3, 1
1138937, 0, 1
1138941, 1, 1
1138946, 2, bit 1
1138946, 2, 0
1138948, 3, 1
1139087, 0, bit 1
1139087, 0, 1
1139091, 1, 0
1139096, 2, 1
1139098, 3, 1
1139237, 0, 0
1139241, 1, 1
1139246, 2, 0
1139248, 3, 1
1139387, 0, 1
1139391, 1, bit 1
1139391, 1, 0
1139396, 2, 1
1139398, 3, bit 1
1139398, 3, 0
1139537, 0, 0
1139542, 1, 1
1139546, 2, 1
1139548, 3, 1
1139687, 0, 1
1139692, 1, 1
1139696, 2, 0
1139698, 3, 1
1139837, 0, 0
1139842, 1, 0
1139846, 2, 0
1139848, 3, 0
1139987, 0, 0
1139992, 1, 0
1139996, 2, 1
1139998, 3, 1
1140137, 0, 1
1140142, 1, 1
1140146, 2, 0
1140148, 3, 0
1140287, 0, 1
1140292, 1, 1
1140296, 2, 1
1140298, 3, 1
1140438, 0, 0
1140442, 1, 0
1140446, 2, 1
1140448, 3, 0
1140588, 0, 1
1140592, 1, 0
1140596, 2, 0
1140598, 3, 1
1140738, 0, 0
1140742, 1, 1
1140746, 2, 0
1140748, 3, 0
1140888, 0, 1
1140892, 1, 1
1140896, 2, 1
1140898, 3, 0
1141038, 0, 0
1141042, 1, 0
1141046, 2, bit 0
1141049, 2, 1
1141050, 3, 1
1141188, 0, bit 1
1141188, 0, 1
1141192, 1, 1
1141196, 2, 0
1141199, 3, 0
1141338, 0, 0
1141342, 1, 0
1141346, 2, 1
1141349, 3, 1
1141488, 0, 1
1141492, 1, bit 1
1141492, 1, 0
1141496, 2, 0
1141499, 3, bit 0
1141499, 3, 1
1141638, 0, 0
1141642, 1, 1
1141646, 2, 0
1141649, 3, 0
1141788, 0, 1
1141792, 1, 1
1141796, 2, 1
1141799, 3, 0
1141938, 0, 0
1141942, 1, 0
1141946, 2, 1
1141949, 3, 1
1142088, 0, 0
1142092, 1, 0
1142096, 2, 0
1142099, 3, 0
1142238, 0, 1
1142242, 1, 1
1142246, 2, 1
1142249, 3, 1
1142388, 0, 1
1142392, 1, 1
1142396, 2, 0
1142400, 3, 0
1142538, 0, 0
1142542, 1, 0
1142546, 2, 0
1142550, 3, 1
1142688, 0, 1
1142692, 1, 0
1142696, 2, 1
1142700, 3, 0
1142838, 0, 0
1142842, 1, 1
1142846, 2, 1
1142850, 3, 1
1142988, 0, 1
1142992, 1, 1
1142996, 2, 0
1143000, 3, 1
1143138, 0, 0
1143142, 1, 0
1143146, 2, bit 0
1143146, 2, 1
1143150, 3, 0
1143288, 0, bit 0
1143288, 0, 0
1143292, 1, 1
1143296, 2, 0
1143300, 3, 1
1143438, 0, 1
1143442, 1, 0
1143446, 2, 1
1143450, 3, 0
1143588, 0, 0
1143592, 1, bit 0
1143592, 1, 1
1143596, 2, 0
1143600, 3, bit 0
1143600, 3, 1
1143738, 0, 1
1143742, 1, 0
1143746, 2, 0
1143750, 3, 0
1143888, 0, 0
1143892, 1, 0
1143896, 2, 1
1143900, 3, 0
1144038, 0, 1
1144042, 1, 1
1144046, 2, 1
1144050, 3, 1
1144188, 0, 1
1144192, 1, 1
1144196, 2, 0
1144200, 3, 0
1144338, 0, 0
1144342, 1, 0
1144346, 2, 1
1144350, 3, 1
1144488, 0, 0
1144492, 1, 0
1144496, 2, 0
1144500, 3, 0
1144638, 0, 1
1144642, 1, 1
1144646, 2, 0
1144650, 3, 1
1144788, 0, 0
1144792, 1, 1
1144796, 2, 1
1144800, 3, 0
1144938, 0, 1
1144942, 1, 0
1144946, 2, 1
1144950, 3, 1
1145088, 0, 0
1145092, 1, 0
1145096, 2, 0
1145100, 3, 1
1145238, 0, 1
1145242, 1, 1
1145246, 2, bit 1
1145246, 2, 0
1145250, 3, 0
1145388, 0, bit 0
1145388, 0, 0
1145392, 1, 0
1145396, 2, 1
1145400, 3, 1
1145538, 0, 1
1145542, 1, 1
1145546, 2, 0
1145550, 3, 0
1145688, 0, 0
1145692, 1, bit 0
1145695, 1, 1
1145696, 2, 1
1145700, 3, bit 0
1145700, 3, 1
1145838, 0, 1
1145842, 1, 0
1145846, 2, 1
1145850, 3, 0
1145988, 0, 0
1145992, 1, 0
1145996, 2, 0
1146000, 3, 0
1146138, 0, 1
1146142, 1, 1
1146146, 2, 0
1146150, 3, 1
1146288, 0, 1
1146292, 1, 1
1146296, 2, 1
1146300, 3, 0
1146438, 0, 0
1146442, 1, 0
1146446, 2, 0
1146450, 3, 1
1146588, 0, 0
1146592, 1, 0
1146596, 2, 1
1146600, 3, 0
1146738, 0, 1
1146742, 1, 1
1146746, 2, 1
1146750, 3, 1
1146888, 0, 0
1146892, 1, 1
1146896, 2, 0
1146900, 3, 0
1147038, 0, 1
1147042, 1, 0
1147046, 2, 0
1147051, 3, 1
1147188, 0, 0
1147192, 1, 0
1147196, 2, 1
1147201, 3, 1
1147338, 0, 1
1147342, 1, 1
1147346, 2, bit 1
1147346, 2, 0
1147351, 3, 0
1147488, 0, bit 0
1147488, 0, 0
1147492, 1, 0
1147496, 2, 1
1147501, 3, 1
1147638, 0, 1
1147642, 1, 1
1147646, 2, 0
1147651, 3, 0
1147788, 0, 0
1147792, 1, bit 1
1147792, 1, 0
1147796, 2, 1
1147801, 3, bit 0
1147801, 3, 1
1147938, 0, 1
1147942, 1, 1
1147947, 2, 1
1147951, 3, 0
1148088, 0, 0
1148092, 1, 1
1148097, 2, 0
1148101, 3, 0
1148238, 0, 1
1148242, 1, 0
1148247, 2, 0
1148251, 3, 1
1148388, 0, 1
1148392, 1, 0
1148397, 2, 1
1148401, 3, 0
1148538, 0, 0
1148542, 1, 1
1148547, 2, 0
1148551, 3, 1
1148688, 0, 0
1148692, 1, 1
1148697, 2, 1
1148701, 3, 0
1148838, 0, 1
1148843, 1, 0
1148847, 2, 1
1148851, 3, 1
1148988, 0, 0
1148993, 1, 0
1148997, 2, 0
1149001, 3, 0
1149138, 0, 1
1149143, 1, 1
1149147, 2, 0
1149151, 3, 1
1149288, 0, 0
1149293, 1, 1
1149297, 2, 1
1149301, 3, 1
1149438, 0, 1
1149443, 1, 0
1149447, 2, bit 0
1149447, 2, 1
1149451, 3, 0
1149588, 0, bit 0
1149588, 0, 0
1149593, 1, 1
1149597, 2, 0
1149601, 3, 1
1149739, 0, 1
1149743, 1, 0
1149747, 2, 1
1149751, 3, 0
1149889, 0, 0
1149893, 1, bit 0
1149893, 1, 1
1149897, 2, 0
1149901, 3, bit 0
1149901, 3, 1
1150039, 0, 1
1150043, 1, 0
1150047, 2, 0
1150051, 3, 0
1150189, 0, 0
1150193, 1, 0
1150197, 2, 1
1150201, 3, 0
1150339, 0, 1
1150343, 1, 1
1150347, 2, 1
1150351, 3, 1
1150489, 0, 1
1150493, 1, 1
1150497, 2, 0
1150501, 3, 0
1150639, 0, 0
1150643, 1, 0
1150647, 2, 1
1150651, 3, 1
1150789, 0, 0
1150793, 1, 0
1150797, 2, 0
1150801, 3, 0
1150939, 0, 1
1150943, 1, 1
1150947, 2, 0
1150951, 3, 1
1151089, 0, 0
1151093, 1, 1
1151097, 2, 1
1151101, 3, 0
1151239, 0, 1
1151243, 1, 0
1151247, 2, 1
1151251, 3, 1
1151389, 0, 0
1151393, 1, 0
1151397, 2, 0
1151401, 3, 1
1151539, 0, 1
1151543, 1, 1
1151547, 2, bit 1
1151547, 2, 0
1151558, 3, 0
1151689, 0, bit 0
1151689, 0, 0
1151693, 1, 0
1151697, 2, 1
1151708, 3, 1
1151839, 0, 1
1151843, 1, 1
1151847, 2, 0
1151858, 3, 0
1151989, 0, 0
1151993, 1, bit 1
1151993, 1, 0
1151997, 2, 1
1152008, 3, bit 0
1152008, 3, 1
1152139, 0, 1
1152143, 1, 1
1152147, 2, 1
1152158, 3, 0
1152289, 0, 0
1152293, 1, 1
1152297, 2, 0
1152308, 3, 0
1152439, 0, 1
1152443, 1, 0
1152447, 2, 0
1152458, 3, 1
1152589, 0, 1
1152593, 1, 0
1152598, 2, 1
1152608, 3, 0
1152739, 0, 0
1152743, 1, 1
1152748, 2, 0
1152758, 3, 1
1152889, 0, 0
1152893, 1, 1
1152898, 2, 1
1152908, 3, 0
1153039, 0, 1
1153043, 1, 0
1153048, 2, 1
1153058, 3, 1
1153189, 0, 0
1153193, 1, 0
1153198, 2, 0
1153208, 3, 0
1153339, 0, 1
1153343, 1, 1
1153348, 2, 0
1153358, 3, 1
1153489, 0, 0
1153494, 1, 1
1153498, 2, 1
1153508, 3, 1
1153639, 0, 1
1153644, 1, 0
1153648, 2, bit 0
1153648, 2, 1
1153658, 3, 0
1153789, 0, bit 1
1153789, 0, 1
1153794, 1, 1
1153798, 2, 0
1153808, 3, 1
1153939, 0, 0
1153944, 1, 0
1153948, 2, 1
1153958, 3, 0
1154089, 0, 1
1154094, 1, bit 1
1154094, 1, 0
1154098, 2, 0
1154108, 3, bit 1
1154108, 3, 0
1154239, 0, 0
1154244, 1, 1
1154248, 2, 0
1154258, 3, 1
1154390, 0, 1
1154394, 1, 1
1154398, 2, 1
1154408, 3, 1
1154540, 0, 0
1154544, 1, 0
1154548, 2, 1
1154558, 3, 0
1154690, 0, 0
1154694, 1, 0
1154698, 2, 0
1154708, 3, 1
1154840, 0, 1
1154844, 1, 1
1154848, 2, 1
1154859, 3, 0
1154990, 0, 1
1154994, 1, 1
1154998, 2, 0
1155009, 3, 1
1155140, 0, 0
1155144, 1, 0
1155148, 2, 0
1155159, 3, 0
1155290, 0, 1
1155294, 1, 0
1155298, 2, 1
1155309, 3, 1
1155440, 0, 0
1155444, 1, 1
1155448, 2, 1
1155459, 3, 0
1155590, 0, 1
1155594, 1, 1
1155598, 2, 0
1155609, 3, 0
1155740, 0, 0
1155744, 1, 0
1155748, 2, bit 1
1155748, 2, 0
1155759, 3, 1
1155890, 0, bit 1
1155890, 0, 1
1155894, 1, 1
1155898, 2, 1
1155909, 3, 0
1156040, 0, 0
1156044, 1, 0
1156048, 2, 0
1156059, 3, 1
1156190, 0, 1
1156194, 1, bit 0
1156194, 1, 1
1156198, 2, 1
1156209, 3, bit 0
1156209, 3, 1
1156340, 0, 0
1156344, 1, 0
1156348, 2, 1
1156359, 3, 0
1156490, 0, 1
1156494, 1, 0
1156498, 2, 0
1156509, 3, 0
1156640, 0, 0
1156644, 1, 1
1156648, 2, 0
1156659, 3, 1
1156790, 0, 0
1156794, 1, 1
1156798, 2, 1
1156809, 3, 0
1156940, 0, 1
1156944, 1, 0
1156948, 2, 0
1156959, 3, 1
1157090, 0, 1
1157094, 1, 0
1157098, 2, 1
1157109, 3, 0
1157240, 0, 0
1157244, 1, 1
1157248, 2, 1
1157259, 3, 1
1157390, 0, 1
1157394, 1, 1
1157398, 2, 0
1157409, 3, 0
1157540, 0, 0
1157544, 1, 0
1157548, 2, 0
1157559, 3, 1
1157690, 0, 1
1157694, 1, 0
1157698, 2, 1
1157709, 3, 1
1157840, 0, 0
1157844, 1, 1
1157848, 2, bit 0
1157848, 2, 1
1157859, 3, 0
1157990, 0, bit 0
1157990, 0, 0
1157994, 1, 0
1157998, 2, 0
1158009, 3, 1
1158140, 0, 1
1158144, 1, 1
1158148, 2, 1
1158159, 3, 0
1158290, 0, 0
1158294, 1, bit 0
1158294, 1, 1
1158298, 2, 0
1158309, 3, bit 1
1158309, 3, 0
1158440, 0, 1
1158444, 1, 0
1158448, 2, 0
1158459, 3, 1
1158590, 0, 0
1158594, 1, 0
1158598, 2, 1
1158609, 3, 1
1158740, 0, 1
1158744, 1, 1
1158748, 2, 1
1158759, 3, 0
1158890, 0, 1
1158894, 1, 1
1158898, 2, 0
1158909, 3, 1
1159040, 0, 0
1159044, 1, 0
1159048, 2, 1
1159059, 3, 0
1159190, 0, 0
1159194, 1, 0
1159198, 2, 0
1159209, 3, 1
1159340, 0, 1
1159344, 1, 1
1159348, 2, 0
1159359, 3, 0
1159490, 0, 0
1159494, 1, 1
1159498, 2, 1
1159510, 3, 1
1159640, 0, 1
1159644, 1, 0
1159648, 2, 1
1159660, 3, 0
1159790, 0, 0
1159794, 1, 0
1159798, 2, 0
1159810, 3, 0
1159940, 0, 1
1159944, 1, 1
1159948, 2, bit 0
1159948, 2, 1
1159960, 3, 1
1160090, 0, bit 0
1160090, 0, 0
1160094, 1, 0
1160098, 2, 0
1160110, 3, 0
1160240, 0, 1
1160244, 1, 1
1160248, 2, 1
1160260, 3, 1
1160390, 0, 0
1160394, 1, bit 0
1160394, 1, 1
1160398, 2, 0
1160410, 3, bit 1
1160410, 3, 0
1160540, 0, 1
1160544, 1, 0
1160548, 2, 0
1160560, 3, 1
1160690, 0, 0
1160694, 1, 0
1160698, 2, 1
1160710, 3, 1
1160840, 0, 1
1160844, 1, 1
1160848, 2, 1
1160860, 3, 0
1160990, 0, 1
1160994, 1, 1
1160998, 2, 0
1161010, 3, 1
1161140, 0, 0
1161144, 1, 0
1161148, 2, 1
1161160, 3, 0
1161290, 0, 0
1161294, 1, 0
1161298, 2, 0
1161310, 3, 1
1161440, 0, 1
1161444, 1, 1
1161448, 2, 0
1161460, 3, 0
1161590, 0, 0
1161594, 1, 1
1161598, 2, 1
1161610, 3, 1
1161740, 0, 1
1161744, 1, 0
1161748, 2, 1
1161760, 3, 0
1161890, 0, 0
1161894, 1, 0
1161899, 2, 0
1161910, 3, 0
1162040, 0, 1
1162044, 1, 1
1162049, 2, bit 0
1162049, 2, 1
1162060, 3, 1
1162190, 0, bit 1
1162193, 0, 1
1162194, 1, 0
1162199, 2, 0
1162210, 3, 0
1162340, 0, 0
1162344, 1, 1
1162349, 2, 1
1162360, 3, 1
1162490, 0, 1
1162494, 1, bit 1
1162494, 1, 0
1162499, 2, 0
1162510, 3, bit 1
1162510, 3, 0
1162640, 0, 0
1162644, 1, 1
1162649, 2, 0
1162660, 3, 1
1162790, 0, 1
1162795, 1, 1
1162799, 2, 1
1162810, 3, 1
1162940, 0, 0
1162945, 1, 0
1162949, 2, 1
1162960, 3, 0
1163090, 0, 0
1163095, 1, 0
1163099, 2, 0
1163110, 3, 1
1163240, 0, 1
1163245, 1, 1
1163249, 2, 1
1163260, 3, 0
1163390, 0, 1
1163395, 1, 1
1163399, 2, 0
1163410, 3, 1
1163540, 0, 0
1163545, 1, 0
1163549, 2, 0
1163560, 3, 0
1163691, 0, 1
1163695, 1, 0
1163699, 2, 1
1163710, 3, 1
1163841, 0, 0
1163845, 1, 1
1163849, 2, 1
1163860, 3, 0
1163991, 0, 1
1163995, 1, 1
1163999, 2, 0
1164010, 3, 0
1164141, 0, 0
1164145, 1, 0
1164149, 2, bit 1
1164149, 2, 0
1164160, 3, 1
1164291, 0, bit 0
1164291, 0, 0
1164295, 1, 1
1164299, 2, 1
1164310, 3, 0
1164441, 0, 1
1164445, 1, 0
1164449, 2, 0
1164460, 3, 1
1164591, 0, 0
1164595, 1, bit 0
1164595, 1, 1
1164599, 2, 1
1164610, 3, bit 1
1164610, 3, 0
1164741, 0, 1
1164745, 1, 0
1164749, 2, 1
1164760, 3, 1
1164891, 0, 0
1164895, 1, 0
1164899, 2, 0
1164910, 3, 1
1165041, 0, 1
1165045, 1, 1
1165049, 2, 0
1165060, 3, 0
1165191, 0, 1
1165195, 1, 1
1165199, 2, 1
1165210, 3, 1
1165341, 0, 0
1165345, 1, 0
1165349, 2, 0
1165360, 3, 0
1165491, 0, 0
1165495, 1, 0
1165499, 2, 1
1165510, 3, 1
1165641, 0, 1
1165645, 1, 1
1165649, 2, 1
1165660, 3, 0
1165791, 0, 0
1165795, 1, 1
1165799, 2, 0
1165810, 3, 1
1165941, 0, 1
1165945, 1, 0
1165949, 2, 0
1165960, 3, 0
1166091, 0, 0
1166095, 1, 0
1166099, 2, 1
1166110, 3, 0
1166241, 0, 1
1166245, 1, 1
1166249, 2, bit 1
1166249, 2, 0
1166260, 3, 1
1166391, 0, bit 1
1166391, 0, 1
1166395, 1, 0
1166399, 2, 1
1166410, 3, 0
1166541, 0, 0
1166545, 1, 1
1166550, 2, 0
1166560, 3, 1
1166691, 0, 1
1166695, 1, bit 1
1166695, 1, 0
1166700, 2, 1
1166710, 3, bit 1
1166710, 3, 0
1166841, 0, 0
1166845, 1, 1
1166850, 2, 1
1166860, 3, 1
1166991, 0, 1
1166995, 1, 1
1167000, 2, 0
1167010, 3, 1
1167141, 0, 0
1167145, 1, 0
1167150, 2, 0
1167160, 3, 0
1167291, 0, 0
1167295, 1, 0
1167300, 2, 1
1167310, 3, 1
1167441, 0, 1
1167446, 1, 1
1167450, 2, 0
1167460, 3, 0
1167591, 0, 1
1167596, 1, 1
1167600, 2, 1
1167610, 3, 1
1167741, 0, 0
1167746, 1, 0
1167750, 2, 1
1167760, 3, 0
1167891, 0, 1
1167896, 1, 0
1167900, 2, 0
1167910, 3, 1
1168041, 0, 0
1168046, 1, 1
1168050, 2, 0
1168060, 3, 0
1168191, 0, 1
1168196, 1, 1
1168200, 2, 1
1168210, 3, 0
1168342, 0, 0
1168346, 1, 0
1168350, 2, bit 1
1168350, 2, 0
1168360, 3, 1
1168492, 0, bit 0
1168492, 0, 0
1168496, 1, 1
1168500, 2, 1
1168510, 3, 0
1168642, 0, 1
1168646, 1, 0
1168650, 2, 0
1168660, 3, 1
1168792, 0, 0
1168796, 1, bit 0
1168796, 1, 1
1168800, 2, 1
1168811, 3, bit 0
1168811, 3, 1
1168942, 0, 1
1168946, 1, 0
1168950, 2, 1
1168961, 3, 0
1169092, 0, 0
1169096, 1, 0
1169100, 2, 0
1169111, 3, 0
1169242, 0, 1
1169246, 1, 1
1169250, 2, 0
1169261, 3, 1
1169392, 0, 1
1169396, 1, 1
1169400, 2, 1
1169411, 3, 0
1169542, 0, 0
1169546, 1, 0
1169550, 2, 0
1169561, 3, 1
1169692, 0, 0
1169696, 1, 0
1169700, 2, 1
1169711, 3, 0
1169842, 0, 1
1169846, 1, 1
1169850, 2, 1
1169861, 3, 1
1169992, 0, 0
1169996, 1, 1
1170000, 2, 0
1170011, 3, 0
1170142, 0, 1
1170146, 1, 0
1170150, 2, 0
1170161, 3, 1
1170292, 0, 0
1170296, 1, 0
1170300, 2, 1
1170311, 3, 1
1170442, 0, 1
1170446, 1, 1
1170450, 2, bit 0
1170450, 2, 1
1170461, 3, 0
1170592, 0, bit 0
1170592, 0, 0
1170596, 1, 0
1170600, 2, 0
1170611, 3, 1
1170742, 0, 1
1170746, 1, 1
1170750, 2, 1
1170761, 3, 0
1170892, 0, 0
1170896, 1, bit 0
1170896, 1, 1
1170900, 2, 0
1170911, 3, bit 0
1170911, 3, 1
1171042, 0, 1
1171046, 1, 0
1171050, 2, 0
1171061, 3, 0
1171192, 0, 0
1171196, 1, 0
1171200, 2, 1
1171211, 3, 0
1171342, 0, 1
1171346, 1, 1
1171350, 2, 1
1171361, 3, 1
1171492, 0, 1
1171496, 1, 1
1171500, 2, 0
1171511, 3, 0
1171642, 0, 0
1171646, 1, 0
1171650, 2, 1
1171661, 3, 1
1171792, 0, 0
1171796, 1, 0
1171800, 2, 0
1171811, 3, 0
1171942, 0, 1
1171946, 1, 1
1171950, 2, 0
1171961, 3, 1
1172092, 0, 0
1172096, 1, 1
1172100, 2, 1
1172111, 3, 0
1172242, 0, 1
1172246, 1, 0
1172250, 2, 1
1172261, 3, 1
1172392, 0, 0
1172396, 1, 0
1172400, 2, 0
1172411, 3, 1
1172542, 0, 1
1172546, 1, 1
1172550, 2, bit 1
1172550, 2, 0
1172561, 3, 0
1172692, 0, bit 0
1172692, 0, 0
1172696, 1, 0
1172700, 2, 1
1172711, 3, 1
1172842, 0, 1
1172846, 1, 1
1172850, 2, 0
1172861, 3, 0
1172992, 0, 0
1172996, 1, bit 1
1172996, 1, 0
1173000, 2, 1
1173011, 3, bit 0
1173011, 3, 1
1173142, 0, 1
1173146, 1, 1
1173150, 2, 1
1173161, 3, 0
1173292, 0, 0
1173296, 1, 1
1173300, 2, 0
1173311, 3, 0
1173442, 0, 1
1173446, 1, 0
1173450, 2, 0
1173462, 3, 1
1173592, 0, 1
1173596, 1, 0
1173600, 2, 1
1173612, 3, 0
1173742, 0, 0
1173746, 1, 1
1173750, 2, 0
1173762, 3, 1
1173892, 0, 0
1173896, 1, 1
1173900, 2, 1
1173912, 3, 0
1174042, 0, 1
1174046, 1, 0
1174050, 2, 1
1174062, 3, 1
1174192, 0, 0
1174196, 1, 0
1174200, 2, 0
1174212, 3, 0
1174342, 0, 1
1174346, 1, 1
1174350, 2, 0
1174362, 3, 1
1174492, 0, 0
1174496, 1, 1
1174500, 2, 1
1174512, 3, 1
1174642, 0, 1
1174646, 1, 0
1174650, 2, bit 0
1174650, 2, 1
1174662, 3, 0
1174792, 0, bit 1
1174792, 0, 1
1174796, 1, 1
1174800, 2, 0
1174812, 3, 1
1174942, 0, 0
1174946, 1, 0
1174950, 2, 1
1174962, 3, 0
1175092, 0, 1
1175096, 1, bit 1
1175096, 1, 0
1175100, 2, 0
1175112, 3, bit 1
1175112, 3, 0
1175242, 0, 0
1175246, 1, 1
1175250, 2, 0
1175262, 3, 1
1175392, 0, 1
1175396, 1, 1
1175400, 2, 1
1175412, 3, 1
1175542, 0, 0
1175546, 1, 0
1175550, 2, 1
1175562, 3, 0
1175692, 0, 0
1175696, 1, 0
1175700, 2, 0
1175712, 3, 1
1175842, 0, 1
1175846, 1, 1
1175851, 2, 1
1175862, 3, 0
1175992, 0, 1
1175996, 1, 1
1176001, 2, 0
1176012, 3, 1
1176142, 0, 0
1176146, 1, 0
1176151, 2, 0
1176162, 3, 0
1176292, 0, 1
1176296, 1, 0
1176301, 2, 1
1176312, 3, 1
1176442, 0, 0
1176446, 1, 1
1176451, 2, 1
1176462, 3, 0
1176592, 0, 1
1176596, 1, 1
1176601, 2, 0
1176612, 3, 0
1176742, 0, 0
1176747, 1, 0
1176751, 2, bit 0
1176751, 2, 1
1176762, 3, 1
1176892, 0, bit 0
1176892, 0, 0
1176897, 1, 1
1176901, 2, 0
1176912, 3, 0
1177042, 0, 1
1177047, 1, 0
1177051, 2, 1
1177062, 3, 1
1177192, 0, 0
1177197, 1, bit 1
1177197, 1, 0
1177201, 2, 0
1177212, 3, bit 1
1177212, 3, 0
1177342, 0, 1
1177347, 1, 1
1177351, 2, 0
1177362, 3, 1
1177492, 0, 0
1177497, 1, 1
1177501, 2, 1
1177512, 3, 1
1177643, 0, 1
1177647, 1, 0
1177651, 2, 1
1177662, 3, 0
1177793, 0, 1
1177797, 1, 0
1177801, 2, 0
1177812, 3, 1
1177943, 0, 0
1177947, 1, 1
1177951, 2, 1
1177962, 3, 0
1178093, 0, 0
1178097, 1, 1
1178101, 2, 0
1178112, 3, 1
1178243, 0, 1
1178247, 1, 0
1178251, 2, 0
1178262, 3, 0
1178393, 0, 0
1178397, 1, 0
1178401, 2, 1
1178412, 3, 1
1178543, 0, 1
1178547, 1, 1
1178551, 2, 1
1178562, 3, 0
1178693, 0, 0
1178697, 1, 1
1178701, 2, 0
1178712, 3, 0
1178843, 0, 1
1178847, 1, 0
1178851, 2, bit 0
1178851, 2, 1
1178862, 3, 1
1178993, 0, bit 1
1178993, 0, 1
1178997, 1, 1
1179001, 2, 0
1179012, 3, 0
1179143, 0, 0
1179147, 1, 0
1179151, 2, 1
1179162, 3, 1
1179293, 0, 1
1179297, 1, bit 1
1179297, 1, 0
1179301, 2, 0
1179312, 3, bit 1
1179312, 3, 0
1179443, 0, 0
1179447, 1, 1
1179451, 2, 0
1179462, 3, 1
1179593, 0, 1
1179597, 1, 1
1179601, 2, 1
1179612, 3, 1
1179743, 0, 0
1179747, 1, 0
1179751, 2, 1
1179762, 3, 0
1179893, 0, 0
1179897, 1, 0
1179901, 2, 0
1179912, 3, 1
1180043, 0, 1
1180047, 1, 1
1180051, 2, 1
1180062, 3, 0
1180193, 0, 1
1180197, 1, 1
1180201, 2, 0
1180212, 3, 1
1180343, 0, 0
1180347, 1, 0
1180351, 2, 0
1180362, 3, 0
1180493, 0, 1
1180497, 1, 0
1180502, 2, 1
1180512, 3, 1
1180643, 0, 0
1180647, 1, 1
1180652, 2, 1
1180662, 3, 0
1180793, 0, 1
1180797, 1, 1
1180802, 2, 0
1180812, 3, 0
1180943, 0, 0
1180947, 1, 0
1180952, 2, bit 1
1180955, 2, 0
1180962, 3, 1
1181093, 0, bit 1
1181093, 0, 1
1181097, 1, 1
1181102, 2, 1
1181112, 3, 0
1181243, 0, 0
1181247, 1, 0
1181252, 2, 0
1181262, 3, 1
1181393, 0, 1
1181398, 1, bit 0
1181398, 1, 1
1181402, 2, 1
1181412, 3, bit 1
1181412, 3, 0
1181543, 0, 0
1181548, 1, 0
1181552, 2, 1
1181562, 3, 1
1181693, 0, 1
1181698, 1, 0
1181702, 2, 0
1181712, 3, 1
1181843, 0, 0
1181848, 1, 1
1181852, 2, 0
1181862, 3, 0
1181993, 0, 0
1181998, 1, 1
1182002, 2, 1
1182012, 3, 1
1182143, 0, 1
1182148, 1, 0
1182152, 2, 0
1182162, 3, 0
1182294, 0, 1
1182298, 1, 0
1182302, 2, 1
1182312, 3, 1
1182444, 0, 0
1182448, 1, 1
1182452, 2, 1
1182462, 3, 0
1182594, 0, 1
1182598, 1, 1
1182602, 2, 0
1182612, 3, 1
1182744, 0, 0
1182748, 1, 0
1182752, 2, 0
1182763, 3, 0
1182894, 0, 1
1182898, 1, 0
1182902, 2, 1
1182913, 3, 0
1183044, 0, 0
1183048, 1, 1
1183052, 2, bit 1
1183052, 2, 0
1183063, 3, 1
1183194, 0, bit 1
1183194, 0, 1
1183198, 1, 0
1183202, 2, 1
1183213, 3, 0
1183344, 0, 0
1183348, 1, 1
1183352, 2, 0
1183363, 3, 1
1183494, 0, 1
1183498, 1, bit 0
1183498, 1, 1
1183502, 2, 1
1183513, 3, bit 1
1183513, 3, 0
1183644, 0, 0
1183648, 1, 0
1183652, 2, 1
1183663, 3, 1
1183794, 0, 1
1183798, 1, 0
1183802, 2, 0
1183813, 3, 1
1183944, 0, 0
1183948, 1, 1
1183952, 2, 0
1183963, 3, 0
1184094, 0, 0
1184098, 1, 1
1184102, 2, 1
1184113, 3, 1
1184244, 0, 1
1184248, 1, 0
1184252, 2, 0
1184263, 3, 0
1184394, 0, 1
1184398, 1, 0
1184402, 2, 1
1184413, 3, 1
1184544, 0, 0
1184548, 1, 1
1184552, 2, 1
1184563, 3, 0
1184694, 0, 1
1184698, 1, 1
1184702, 2, 0
1184713, 3, 1
1184844, 0, 0
1184848, 1, 0
1184852, 2, 0
1184863, 3, 0
1184994, 0, 1
1184998, 1, 0
1185002, 2, 1
1185013, 3, 0
1185144, 0, 0
1185148, 1, 1
1185152, 2, bit 0
1185152, 2, 1
1185163, 3, 1
1185294, 0, bit 0
1185294, 0, 0
1185298, 1, 0
1185302, 2, 0
1185313, 3, 0
1185444, 0, 1
1185448, 1, 1
1185452, 2, 1
1185463, 3, 1
1185594, 0, 0
1185598, 1, bit 0
1185598, 1, 1
1185602, 2, 0
1185613, 3, bit 0
1185613, 3, 1
1185744, 0, 1
1185748, 1, 0
1185752, 2, 0
1185763, 3, 0
1185894, 0, 0
1185898, 1, 0
1185902, 2, 1
1185913, 3, 0
1186044, 0, 1
1186048, 1, 1
1186052, 2, 1
1186063, 3, 1
1186194, 0, 1
1186198, 1, 1
1186202, 2, 0
1186213, 3, 0
1186344, 0, 0
1186348, 1, 0
1186352, 2, 1
1186363, 3, 1
1186494, 0, 0
1186498, 1, 0
1186502, 2, 0
1186513, 3, 0
1186644, 0, 1
1186648, 1, 1
1186652, 2, 0
1186663, 3, 1
1186794, 0, 0
1186798, 1, 1
1186802, 2, 1
1186813, 3, 0
1186944, 0, 1
1186948, 1, 0
1186952, 2, 1
1186963, 3, 1
1187094, 0, 0
1187098, 1, 0
1187102, 2, 0
1187113, 3, 1
1187244, 0, 1
1187248, 1, 1
1187252, 2, bit 0
1187252, 2, 1
1187263, 3, 0
1187394, 0, bit 1
1187394, 0, 1
1187398, 1, 0
1187402, 2, 0
1187414, 3, 1
1187544, 0, 0
1187548, 1, 1
1187552, 2, 1
1187564, 3, 0
1187694, 0, 1
1187698, 1, bit 1
1187698, 1, 0
1187702, 2, 0
1187714, 3, bit 1
1187714, 3, 0
1187844, 0, 0
1187848, 1, 1
1187852, 2, 0
1187864, 3, 1
1187994, 0, 1
1187998, 1, 1
1188002, 2, 1
1188014, 3, 1
1188144, 0, 0
1188148, 1, 0
1188152, 2, 1
1188164, 3, 0
1188294, 0, 0
1188298, 1, 0
1188302, 2, 0
1188314, 3, 1
1188444, 0, 1
1188448, 1, 1
1188452, 2, 1
1188464, 3, 0
1188594, 0, 1
1188598, 1, 1
1188602, 2, 0
1188614, 3, 1
1188744, 0, 0
1188748, 1, 0
1188752, 2, 0
1188764, 3, 0
1188894, 0, 1
1188898, 1, 0
1188902, 2, 1
1188914, 3, 1
1189044, 0, 0
1189048, 1, 1
1189052, 2, 1
1189064, 3, 0
1189194, 0, 1
1189198, 1, 1
1189209, 2, 0
1189214, 3, 0
1189344, 0, 0
1189348, 1, 0
1189359, 2, bit 1
1189359, 2, 0
1189364, 3, 1
1189494, 0, bit 0
1189494, 0, 0
1189498, 1, 1
1189509, 2, 1
1189514, 3, 0
1189644, 0, 1
1189648, 1, 0
1189659, 2, 0
1189664, 3, 1
1189794, 0, 0
1189798, 1, bit 0
1189798, 1, 1
1189809, 2, 1
1189814, 3, bit 1
1189814, 3, 0
1189944, 0, 1
1189948, 1, 0
1189959, 2, 1
1189964, 3, 1
1190094, 0, 0
1190098, 1, 0
1190109, 2, 0
1190114, 3, 1
1190244, 0, 1
1190248, 1, 1
1190259, 2, 0
1190264, 3, 0
1190394, 0, 1
1190398, 1, 1
1190409, 2, 1
1190414, 3, 1
1190544, 0, 0
1190548, 1, 0
1190559, 2, 0
1190564, 3, 0
1190694, 0, 0
1190699, 1, 0
1190709, 2, 1
1190714, 3, 1
1190844, 0, 1
1190849, 1, 1
1190859, 2, 1
1190864, 3, 0
1190994, 0, 0
1190999, 1, 1
1191009, 2, 0
1191014, 3, 1
1191144, 0, 1
1191149, 1, 0
1191159, 2, 0
1191164, 3, 0
1191294, 0, 0
1191299, 1, 0
1191309, 2, 1
1191314, 3, 0
1191444, 0, 1
1191449, 1, 1
1191459, 2, bit 1
1191459, 2, 0
1191464, 3, 1
1191595, 0, bit 0
1191595, 0, 0
1191599, 1, 0
1191609, 2, 1
1191614, 3, 0
1191745, 0, 1
1191749, 1, 1
1191759, 2, 0
1191764, 3, 1
1191895, 0, 0
1191899, 1, bit 0
1191899, 1, 1
1191909, 2, 1
1191914, 3, bit 1
1191914, 3, 0
1192045, 0, 1
1192049, 1, 0
1192059, 2, 1
1192064, 3, 1
1192195, 0, 0
1192199, 1, 0
1192209, 2, 0
1192214, 3, 1
1192345, 0, 1
1192349, 1, 1
1192359, 2, 0
1192364, 3, 0
1192495, 0, 1
1192499, 1, 1
1192509, 2, 1
1192514, 3, 1
1192645, 0, 0
1192649, 1, 0
1192659, 2, 0
1192664, 3, 0
1192795, 0, 0
1192799, 1, 0
1192809, 2, 1
1192814, 3, 1
1192945, 0, 1
1192949, 1, 1
1192960, 2, 1
1192964, 3, 0
1193095, 0, 0
1193099, 1, 1
1193110, 2, 0
1193114, 3, 1
1193245, 0, 1
1193249, 1, 0
1193260, 2, 0
1193264, 3, 0
1193395, 0, 0
1193399, 1, 0
1193410, 2, 1
1193414, 3, 0
1193545, 0, 1
1193549, 1, 1
1193560, 2, bit 0
1193560, 2, 1
1193564, 3, 1
1193695, 0, bit 1
1193695, 0, 1
1193699, 1, 0
1193710, 2, 0
1193714, 3, 0
1193845, 0, 0
1193849, 1, 1
1193899, 2, 1
1193900, 3, 1
1193995, 0, 1
1193999, 1, bit 0
1193999, 1, 1
1194049, 2, 0
1194050, 3, bit 1
1194050, 3, 0
1194145, 0, 0
1194149, 1, 0
1194199, 2, 0
1194200, 3, 1
1194295, 0, 1
1194299, 1, 0
1194349, 2, 1
1194350, 3, 1
1194445, 0, 0
1194449, 1, 1
1194499, 2, 1
1194500, 3, 0
1194595, 0, 0
1194599, 1, 1
1194649, 2, 0
1194650, 3, 1
1194745, 0, 1
1194749, 1, 0
1194799, 2, 1
1194800, 3, 0
1194895, 0, 1
1194899, 1, 0
1194949, 2, 0
1194950, 3, 1
1195045, 0, 0
1195049, 1, 1
1195099, 2, 0
1195100, 3, 0
1195195, 0, 1
1195199, 1, 1
1195249, 2, 1
1195250, 3, 1
1195345, 0, 0
1195350, 1, 0
1195399, 2, 1
1195400, 3, 0
1195495, 0, 1
1195500, 1, 0
1195549, 2, 0
1195550, 3, 0
1195645, 0, 0
1195650, 1, 1
1195699, 2, bit 1
1195699, 2, 0
1195700, 3, 1
1195795, 0, bit 0
1195795, 0, 0
1195800, 1, 0
1195849, 2, 1
1195850, 3, 0
1195945, 0, 1
1195950, 1, 1
1195999, 2, 0
1196000, 3, 1
1196095, 0, 0
1196100, 1, bit 1
1196100, 1, 0
1196149, 2, 1
1196152, 3, bit 1
1196153, 3, 0
1196246, 0, 1
1196250, 1, 1
1196299, 2, 1
1196302, 3, 1
1196396, 0, 0
1196400, 1, 1
1196449, 2, 0
1196452, 3, 1
1196546, 0, 1
1196550, 1, 0
1196599, 2, 0
1196602, 3, 0
1196696, 0, 1
1196700, 1, 0
1196749, 2, 1
1196752, 3, 1
1196846, 0, 0
1196850, 1, 1
1196899, 2, 0
1196902, 3, 0
1196996, 0, 0
1197000, 1, 1
1197049, 2, 1
1197052, 3, 1
1197146, 0, 1
1197150, 1, 0
1197199, 2, 1
1197202, 3, 0
1197296, 0, 0
1197300, 1, 0
1197349, 2, 0
1197352, 3, 1
1197446, 0, 1
1197450, 1, 1
1197499, 2, 0
1197502, 3, 0
1197596, 0, 0
1197600, 1, 1
1197649, 2, 1
1197652, 3, 0
1197746, 0, 1
1197750, 1, 0
1197799, 2, bit 1
1197799, 2, 0
1197802, 3, 1
1197896, 0, bit 1
1197896, 0, 1
1197900, 1, 1
1197949, 2, 1
1197952, 3, 0
1198046, 0, 0
1198050, 1, 0
1198099, 2, 0
1198102, 3, 1
1198196, 0, 1
1198200, 1, bit 0
1198200, 1, 1
1198249, 2, 1
1198252, 3, bit 0
1198252, 3, 1
1198346, 0, 0
1198350, 1, 0
1198399, 2, 1
1198402, 3, 0
1198496, 0, 1
1198500, 1, 0
1198550, 2, 0
1198552, 3, 0
1198646, 0, 0
1198650, 1, 1
1198700, 2, 0
1198702, 3, 1
1198796, 0, 0
1198800, 1, 1
1198850, 2, 1
1198852, 3, 0
1198946, 0, 1
1198950, 1, 0
1199000, 2, 0
1199002, 3, 1
1199096, 0, 1
1199100, 1, 0
1199150, 2, 1
1199152, 3, 0
1199246, 0, 0
1199250, 1, 1
1199300, 2, 1
1199302, 3, 1
1199396, 0, 1
1199400, 1, 1
1199450, 2, 0
1199452, 3, 0
1199546, 0, 0
1199550, 1, 0
1199600, 2, 0
1199602, 3, 1
1199696, 0, 1
1199700, 1, 0
1199750, 2, 1
1199752, 3, 1
1199846, 0, 0
1199850, 1, 1
1199900, 2, bit 0
1199900, 2, 1
1199902, 3, 0
1199996, 0, bit 1
1199996, 0, 1
1200000, 1, 0
1200050, 2, 0
1200052, 3, 1
1200146, 0, 0
1200150, 1, 1
1200200, 2, 1
1200202, 3, 0
1200296, 0, 1
1200300, 1, bit 0
1200300, 1, 1
1200350, 2, 0
1200352, 3, bit 1
1200352, 3, 0
1200446, 0, 0
1200450, 1, 0
1200500, 2, 0
1200502, 3, 1
1200596, 0, 1
1200600, 1, 0
1200650, 2, 1
1200652, 3, 1
1200746, 0, 0
1200750, 1, 1
1200800, 2, 1
1200802, 3, 0
1200896, 0, 0
1200900, 1, 1
1200950, 2, 0
1200952, 3, 1
1201046, 0, 1
1201050, 1, 0
1201100, 2, 1
1201102, 3, 0
1201196, 0, 1
1201200, 1, 0
1201250, 2, 0
1201252, 3, 1
1201346, 0, 0
1201350, 1, 1
1201400, 2, 0
1201402, 3, 0
1201496, 0, 1
1201500, 1, 1
1201550, 2, 1
1201552, 3, 1
1201646, 0, 0
1201650, 1, 0
1201700, 2, 1
1201702, 3, 0
1201796, 0, 1
1201800, 1, 0
1201850, 2, 0
1201852, 3, 0
1201946, 0, 0
1201950, 1, 1
1202000, 2, bit 1
1202000, 2, 0
1202002, 3, 1
1202096, 0, bit 0
1202099, 0, 0
1202100, 1, 0
1202150, 2, 1
1202152, 3, 0
1202246, 0, 1
1202250, 1, 1
1202300, 2, 0
1202302, 3, 1
1202396, 0, 0
1202400, 1, bit 0
1202400, 1, 1
1202450, 2, 1
1202452, 3, bit 0
1202452, 3, 1
1202546, 0, 1
1202550, 1, 0
1202600, 2, 1
1202603, 3, 0
1202696, 0, 0
1202700, 1, 0
1202750, 2, 0
1202753, 3, 0
1202846, 0, 1
1202850, 1, 1
1202900, 2, 0
1202903, 3, 1
1202996, 0, 1
1203000, 1, 1
1203050, 2, 1
1203053, 3, 0
1203146, 0, 0
1203150, 1, 0
1203200, 2, 0
1203203, 3, 1
1203296, 0, 0
1203300, 1, 0
1203350, 2, 1
1203353, 3, 0
1203446, 0, 1
1203450, 1, 1
1203500, 2, 1
1203503, 3, 1
1203596, 0, 0
1203600, 1, 1
1203650, 2, 0
1203653, 3, 0
1203746, 0, 1
1203750, 1, 0
1203800, 2, 0
1203803, 3, 1
1203896, 0, 0
1203900, 1, 0
1203950, 2, 1
1203953, 3, 1
1204046, 0, 1
1204050, 1, 1
1204100, 2, bit 0
1204100, 2, 1
1204103, 3, 0
1204196, 0, bit 1
1204196, 0, 1
1204200, 1, 0
1204250, 2, 0
1204253, 3, 1
1204346, 0, 0
1204350, 1, 1
1204400, 2, 1
1204403, 3, 0
1204496, 0, 1
1204500, 1, bit 1
1204500, 1, 0
1204550, 2, 0
1204553, 3, bit 0
1204553, 3, 1
1204646, 0, 0
1204651, 1, 1
1204700, 2, 0
1204703, 3, 0
1204796, 0, 1
1204801, 1, 1
1204850, 2, 1
1204853, 3, 0
1204946, 0, 0
1204951, 1, 0
1205000, 2, 1
1205003, 3, 1
1205096, 0, 0
1205101, 1, 0
1205150, 2, 0
1205153, 3, 0
1205246, 0, 1
1205251, 1, 1
1205300, 2, 1
1205303, 3, 1
1205396, 0, 1
1205401, 1, 1
1205450, 2, 0
1205453, 3, 0
1205547, 0, 0
1205551, 1, 0
1205600, 2, 0
1205603, 3, 1
1205697, 0, 1
1205701, 1, 0
1205750, 2, 1
1205753, 3, 0
1205847, 0, 0
1205851, 1, 1
1205900, 2, 1
1205903, 3, 1
1205997, 0, 1
1206001, 1, 1
1206050, 2, 0
1206053, 3, 1
1206147, 0, 0
1206151, 1, 0
1206200, 2, bit 1
1206200, 2, 0
1206203, 3, 0
1206297, 0, bit 1
1206297, 0, 1
1206301, 1, 1
1206350, 2, 1
1206353, 3, 1
1206447, 0, 0
1206451, 1, 0
1206500, 2, 0
1206503, 3, 0
1206597, 0, 1
1206601, 1, bit 0
1206601, 1, 1
1206650, 2, 1
1206653, 3, bit 0
1206653, 3, 1
1206747, 0, 0
1206751, 1, 0
1206800, 2, 1
1206803, 3, 0
1206897, 0, 1
1206901, 1, 0
1206950, 2, 0
1206953, 3, 0
1207047, 0, 0
1207051, 1, 1
1207100, 2, 0
1207103, 3, 1
1207197, 0, 0
1207201, 1, 1
1207250, 2, 1
1207254, 3, 0
1207347, 0, 1
1207351, 1, 0
1207400, 2, 0
1207404, 3, 1
1207497, 0, 1
1207501, 1, 0
1207550, 2, 1
1207554, 3, 0
1207647, 0, 0
1207651, 1, 1
1207700, 2, 1
1207704, 3, 1
1207797, 0, 1
1207801, 1, 1
1207851, 2, 0
1207854, 3, 0
1207947, 0, 0
1207951, 1, 0
1208001, 2, 0
1208004, 3, 1
1208097, 0, 1
1208101, 1, 0
1208151, 2, 1
1208154, 3, 1
1208247, 0, 0
1208251, 1, 1
1208301, 2, bit 1
1208301, 2, 0
1208304, 3, 0
1208397, 0, bit 1
1208397, 0, 1
1208401, 1, 0
1208451, 2, 1
1208454, 3, 1
1208547, 0, 0
1208551, 1, 1
1208601, 2, 0
1208604, 3, 0
1208697, 0, 1
1208701, 1, bit 1
1208701, 1, 0
1208751, 2, 1
1208754, 3, bit 0
1208754, 3, 1
1208847, 0, 0
1208851, 1, 1
1208901, 2, 1
1208904, 3, 0
1208997, 0, 1
1209001, 1, 1
1209051, 2, 0
1209054, 3, 0
1209147, 0, 0
1209151, 1, 0
1209201, 2, 0
1209204, 3, 1
1209297, 0, 0
1209302, 1, 0
1209351, 2, 1
1209354, 3, 0
1209447, 0, 1
1209452, 1, 1
1209501, 2, 0
1209504, 3, 1
1209597, 0, 1
1209602, 1, 1
1209651, 2, 1
1209654, 3, 0
1209747, 0, 0
1209752, 1, 0
1209801, 2, 1
1209804, 3, 1
1209897, 0, 1
1209902, 1, 0
1209951, 2, 0
1209954, 3, 0
1210047, 0, 0
1210052, 1, 1
1210101, 2, 0
1210104, 3, 1
1210198, 0, 1
1210202, 1, 1
1210251, 2, 1
1210254, 3, 1
1210348, 0, 0
1210352, 1, 0
1210401, 2, bit 0
1210401, 2, 1
1210404, 3, 0
1210498, 0, bit 0
1210498, 0, 0
1210502, 1, 1
1210551, 2, 0
1210554, 3, 1
1210648, 0, 1
1210652, 1, 0
1210701, 2, 1
1210704, 3, 0
1210798, 0, 0
1210802, 1, bit 1
1210802, 1, 0
1210851, 2, 0
1210854, 3, bit 1
1210854, 3, 0
1210948, 0, 1
1210952, 1, 1
1211001, 2, 0
1211004, 3, 1
1211098, 0, 0
1211102, 1, 1
1211151, 2, 1
1211154, 3, 1
1211248, 0, 1
1211252, 1, 0
1211301, 2, 1
1211304, 3, 0
1211398, 0, 1
1211402, 1, 0
1211451, 2, 0
1211454, 3, 1
1211548, 0, 0
1211552, 1, 1
1211601, 2, 1
1211604, 3, 0
1211698, 0, 0
1211702, 1, 1
1211751, 2, 0
1211754, 3, 1
1211848, 0, 1
1211852, 1, 0
1211901, 2, 0
1211904, 3, 0
1211998, 0, 0
1212002, 1, 0
1212051, 2, 1
1212054, 3, 1
1212148, 0, 1
1212152, 1, 1
1212201, 2, 1
1212204, 3, 0
1212298, 0, 0
1212302, 1, 1
1212351, 2, 0
1212354, 3, 0
1212448, 0, 1
1212452, 1, 0
1212502, 2, bit 0
1212502, 2, 1
1212504, 3, 1
1212598, 0, bit 1
1212598, 0, 1
1212602, 1, 1
1212652, 2, 0
1212654, 3, 0
1212748, 0, 0
1212752, 1, 0
1212802, 2, 1
1212804, 3, 1
1212898, 0, 1
1212902, 1, bit 1
1212902, 1, 0
1212952, 2, 0
1212954, 3, bit 0
1212954, 3, 1
1213048, 0, 0
1213052, 1, 1
1213102, 2, 0
1213104, 3, 0
1213198, 0, 1
1213202, 1, 1
1213252, 2, 1
1213254, 3, 0
1213348, 0, 0
1213352, 1, 0
1213402, 2, 1
1213404, 3, 1
1213498, 0, 0
1213502, 1, 0
1213552, 2, 0
1213554, 3, 0
1213648, 0, 1
1213652, 1, 1
1213702, 2, 1
1213704, 3, 1
1213798, 0, 1
1213802, 1, 1
1213852, 2, 0
1213854, 3, 0
1213948, 0, 0
1213952, 1, 0
1214002, 2, 0
1214004, 3, 1
1214098, 0, 1
1214102, 1, 0
1214152, 2, 1
1214154, 3, 0
1214248, 0, 0
1214252, 1, 1
1214302, 2, 1
1214304, 3, 1
1214398, 0, 1
1214402, 1, 1
1214452, 2, 0
1214454, 3, 1
1214548, 0, 0
1214552, 1, 0
1214602, 2, bit 0
1214602, 2, 1
1214604, 3, 0
1214698, 0, bit 1
1214698, 0, 1
1214702, 1, 1
1214752, 2, 0
1214754, 3, 1
1214848, 0, 0
1214852, 1, 0
1214902, 2, 1
1214904, 3, 0
1214998, 0, 1
1215002, 1, bit 1
1215002, 1, 0
1215052, 2, 0
1215054, 3, bit 1
1215054, 3, 0
1215148, 0, 0
1215152, 1, 1
1215202, 2, 0
1215204, 3, 1
1215298, 0, 1
1215302, 1, 1
1215352, 2, 1
1215354, 3, 1
1215448, 0, 0
1215452, 1, 0
1215502, 2, 1
1215504, 3, 0
1215598, 0, 0
1215602, 1, 0
1215652, 2, 0
1215654, 3, 1
1215748, 0, 1
1215752, 1, 1
1215802, 2, 1
1215804, 3, 0
1215898, 0, 1
1215902, 1, 1
1215952, 2, 0
1215954, 3, 1
1216048, 0, 0
1216052, 1, 0
1216102, 2, 0
1216104, 3, 0
1216198, 0, 1
1216202, 1, 0
1216252, 2, 1
1216254, 3, 1
1216348, 0, 0
1216352, 1, 1
1216402, 2, 1
1216404, 3, 0
1216498, 0, 1
1216502, 1, 1
1216552, 2, 0
1216555, 3, 0
1216648, 0, 0
1216652, 1, 0
1216702, 2, bit 1
1216702, 2, 0
1216705, 3, 1
1216798, 0, bit 1
1216798, 0, 1
1216802, 1, 1
1216852, 2, 1
1216855, 3, 0
1216948, 0, 0
1216952, 1, 0
1217002, 2, 0
1217005, 3, 1
1217098, 0, 1
1217102, 1, bit 0
1217102, 1, 1
1217152, 2, 1
1217155, 3, bit 0
1217155, 3, 1
1217248, 0, 0
1217252, 1, 0
1217302, 2, 1
1217305, 3, 0
1217398, 0, 1
1217402, 1, 0
1217452, 2, 0
1217455, 3, 0
1217548, 0, 0
1217552, 1, 1
1217602, 2, 0
1217605, 3, 1
1217698, 0, 0
1217702, 1, 1
1217752, 2, 1
1217755, 3, 0
1217848, 0, 1
1217852, 1, 0
1217902, 2, 0
1217905, 3, 1
1217998, 0, 1
1218002, 1, 0
1218052, 2, 1
1218055, 3, 0
1218148, 0, 0
1218152, 1, 1
1218202, 2, 1
1218205, 3, 1
1218298, 0, 1
1218302, 1, 1
1218352, 2, 0
1218355, 3, 0
1218448, 0, 0
1218452, 1, 0
1218502, 2, 0
1218505, 3, 1
1218598, 0, 1
1218603, 1, 0
1218652, 2, 1
1218655, 3, 1
1218748, 0, 0
1218753, 1, 1
1218802, 2, bit 0
1218802, 2, 1
1218805, 3, 0
1218898, 0, bit 1
1218898, 0, 1
1218903, 1, 0
1218952, 2, 0
1218955, 3, 1
1219048, 0, 0
1219053, 1, 1
1219102, 2, 1
1219105, 3, 0
1219198, 0, 1
1219203, 1, bit 0
1219203, 1, 1
1219252, 2, 0
1219255, 3, bit 1
1219255, 3, 0
1219348, 0, 0
1219353, 1, 0
1219402, 2, 0
1219405, 3, 1
1219499, 0, 1
1219503, 1, 0
1219552, 2, 1
1219555, 3, 1
1219649, 0, 0
1219653, 1, 1
1219702, 2, 1
1219705, 3, 0
1219799, 0, 0
1219803, 1, 1
1219852, 2, 0
1219855, 3, 1
1219949, 0, 1
1219953, 1, 0
1220002, 2, 1
1220005, 3, 0
1220099, 0, 1
1220103, 1, 0
1220152, 2, 0
1220155, 3, 1
1220249, 0, 0
1220253, 1, 1
1220302, 2, 0
1220305, 3, 0
1220399, 0, 1
1220403, 1, 1
1220452, 2, 1
1220455, 3, 1
1220549, 0, 0
1220553, 1, 0
1220602, 2, 1
1220605, 3, 0
1220699, 0, 1
1220703, 1, 0
1220752, 2, 0
1220755, 3, 0
1220849, 0, 0
1220853, 1, 1
1220902, 2, bit 1
1220905, 2, 0
1220907, 3, 1
1220999, 0, bit 0
1220999, 0, 0
1221003, 1, 0
1221052, 2, 1
1221055, 3, 0
1221149, 0, 1
1221153, 1, 1
1221202, 2, 0
1221206, 3, 1
1221299, 0, 0
1221303, 1, bit 1
1221303, 1, 0
1221352, 2, 1
1221356, 3, bit 1
1221356, 3, 0
1221449, 0, 1
1221453, 1, 1
1221502, 2, 1
1221506, 3, 1
1221599, 0, 0
1221603, 1, 1
1221652, 2, 0
1221656, 3, 1
1221749, 0, 1
1221753, 1, 0
1221803, 2, 0
1221806, 3, 0
1221899, 0, 1
1221903, 1, 0
1221953, 2, 1
1221956, 3, 1
1222049, 0, 0
1222053, 1, 1
1222103, 2, 0
1222106, 3, 0
1222199, 0, 0
1222203, 1, 1
1222253, 2, 1
1222256, 3, 1
1222349, 0, 1
1222353, 1, 0
1222403, 2, 1
1222406, 3, 0
1222499, 0, 0
1222503, 1, 0
1222553, 2, 0
1222556, 3, 1
1222649, 0, 1
1222653, 1, 1
1222703, 2, 0
1222706, 3, 0
1222799, 0, 0
1222803, 1, 1
1222853, 2, 1
1222856, 3, 0
1222949, 0, 1
1222953, 1, 0
1223003, 2, bit 0
1223003, 2, 1
1223006, 3, 1
1223099, 0, bit 0
1223099, 0, 0
1223103, 1, 1
1223153, 2, 0
1223156, 3, 0
1223249, 0, 1
1223254, 1, 0
1223303, 2, 1
1223306, 3, 1
1223399, 0, 0
1223404, 1, bit 0
1223404, 1, 1
1223453, 2, 0
1223456, 3, bit 0
1223456, 3, 1
1223549, 0, 1
1223554, 1, 0
1223603, 2, 0
1223606, 3, 0
1223699, 0, 0
1223704, 1, 0
1223753, 2, 1
1223756, 3, 0
1223849, 0, 1
1223854, 1, 1
1223903, 2, 1
1223906, 3, 1
1223999, 0, 1
1224004, 1, 1
1224053, 2, 0
1224056, 3, 0
1224150, 0, 0
1224154, 1, 0
1224203, 2, 1
1224206, 3, 1
1224300, 0, 0
1224304, 1, 0
1224353, 2, 0
1224356, 3, 0
1224450, 0, 1
1224454, 1, 1
1224503, 2, 0
1224506, 3, 1
1224600, 0, 0
1224604, 1, 1
1224653, 2, 1
1224656, 3, 0
1224750, 0, 1
1224754, 1, 0
1224803, 2, 1
1224806, 3, 1
1224900, 0, 0
1224904, 1, 0
1224953, 2, 0
1224956, 3, 1
1225050, 0, 1
1225054, 1, 1
1225103, 2, bit 0
1225103, 2, 1
1225106, 3, 0
1225200, 0, bit 0
1225200, 0, 0
1225204, 1, 0
1225253, 2, 0
1225256, 3, 1
1225350, 0, 1
1225354, 1, 1
1225403, 2, 1
1225406, 3, 0
1225500, 0, 0
1225504, 1, bit 1
1225504, 1, 0
1225553, 2, 0
1225556, 3, bit 0
1225556, 3, 1
1225650, 0, 1
1225654, 1, 1
1225703, 2, 0
1225706, 3, 0
1225800, 0, 0
1225804, 1, 1
1225853, 2, 1
1225856, 3, 0
1225950, 0, 1
1225954, 1, 0
1226003, 2, 1
1226006, 3, 1
1226100, 0, 1
1226104, 1, 0
1226153, 2, 0
1226156, 3, 0
1226250, 0, 0
1226254, 1, 1
1226303, 2, 1
1226306, 3, 1
1226400, 0, 0
1226404, 1, 1
1226454, 2, 0
1226456, 3, 0
1226550, 0, 1
1226554, 1, 0
1226604, 2, 0
1226606, 3, 1
1226700, 0, 0
1226704, 1, 0
1226754, 2, 1
1226764, 3, 0
1226850, 0, 1
1226854, 1, 1
1226904, 2, 1
1226914, 3, 1
1227000, 0, 0
1227004, 1, 1
1227054, 2, 0
1227064, 3, 1
1227150, 0, 1
1227154, 1, 0
1227204, 2, bit 0
1227204, 2, 1
1227214, 3, 0
1227300, 0, bit 1
1227300, 0, 1
1227304, 1, 1
1227354, 2, 0
1227364, 3, 1
1227450, 0, 0
1227454, 1, 0
1227504, 2, 1
1227514, 3, 0
1227600, 0, 1
1227604, 1, bit 1
1227604, 1, 0
1227654, 2, 0
1227664, 3, bit 0
1227664, 3, 1
1227750, 0, 0
1227754, 1, 1
1227804, 2, 0
1227814, 3, 0
1227900, 0, 1
1227904, 1, 1
1227954, 2, 1
1227964, 3, 0
1228050, 0, 0
1228054, 1, 0
1228104, 2, 1
1228114, 3, 1
1228200, 0, 0
1228204, 1, 0
1228254, 2, 0
1228264, 3, 0
1228350, 0, 1
1228354, 1, 1
1228404, 2, 1
1228414, 3, 1
1228500, 0, 1
1228504, 1, 1
1228554, 2, 0
1228564, 3, 0
1228650, 0, 0
1228654, 1, 0
1228704, 2, 0
1228715, 3, 1
1228800, 0, 1
1228804, 1, 0
1228854, 2, 1
1228865, 3, 0
1228950, 0, 0
1228954, 1, 1
1229004, 2, 1
1229015, 3, 1
1229100, 0, 1
1229104, 1, 1
1229154, 2, 0
1229165, 3, 1
1229250, 0, 0
1229254, 1, 0
1229304, 2, bit 1
1229304, 2, 0
1229315, 3, 0
1229400, 0, bit 1
1229400, 0, 1
1229404, 1, 1
1229454, 2, 1
1229465, 3, 1
1229550, 0, 0
1229554, 1, 0
1229604, 2, 0
1229615, 3, 0
1229700, 0, 1
1229704, 1, bit 1
1229704, 1, 0
1229754, 2, 1
1229765, 3, bit 0
1229765, 3, 1
1229850, 0, 0
1229854, 1, 1
1229904, 2, 1
1229915, 3, 0
1230000, 0, 1
1230004, 1, 1
1230054, 2, 0
1230065, 3, 0
1230150, 0, 0
1230154, 1, 0
1230204, 2, 0
1230215, 3, 1
1230300, 0, 0
1230304, 1, 0
1230354, 2, 1
1230365, 3, 0
1230450, 0, 1
1230454, 1, 1
1230504, 2, 0
1230515, 3, 1
1230600, 0, 1
1230604, 1, 1
1230654, 2, 1
1230665, 3, 0
1230750, 0, 0
1230754, 1, 0
1230804, 2, 1
1230815, 3, 1
1230900, 0, 1
1230904, 1, 0
1230954, 2, 0
1230965, 3, 0
1231050, 0, 0
1231054, 1, 1
1231104, 2, 0
1231115, 3, 1
1231200, 0, 1
1231204, 1, 1
1231254, 2, 1
1231265, 3, 1
1231350, 0, 0
1231354, 1, 0
1231404, 2, bit 0
1231404, 2, 1
1231415, 3, 0
1231500, 0, bit 1
1231500, 0, 1
1231504, 1, 1
1231554, 2, 0
1231565, 3, 1
1231650, 0, 0
1231654, 1, 0
1231704, 2, 1
1231715, 3, 0
1231800, 0, 1
1231804, 1, bit 1
1231804, 1, 0
1231854, 2, 0
1231865, 3, bit 0
1231865, 3, 1
1231950, 0, 0
1231954, 1, 1
1232004, 2, 0
1232015, 3, 0
1232100, 0, 1
1232104, 1, 1
1232154, 2, 1
1232165, 3, 0
1232250, 0, 0
1232254, 1, 0
1232304, 2, 1
1232315, 3, 1
1232400, 0, 0
1232404, 1, 0
1232454, 2, 0
1232465, 3, 0
1232550, 0, 1
1232555, 1, 1
1232604, 2, 1
1232615, 3, 1
1232700, 0, 1
1232705, 1, 1
1232754, 2, 0
1232765, 3, 0
1232850, 0, 0
1232855, 1, 0
1232904, 2, 0
1232915, 3, 1
1233000, 0, 1
1233005, 1, 0
1233054, 2, 1
1233065, 3, 0
1233150, 0, 0
1233155, 1, 1
1233204, 2, 1
1233215, 3, 1
1233300, 0, 1
1233305, 1, 1
1233354, 2, 0
1233366, 3, 1
1233451, 0, 0
1233455, 1, 0
1233504, 2, bit 0
1233504, 2, 1
1233516, 3, 0
1233601, 0, bit 1
1233601, 0, 1
1233605, 1, 1
1233654, 2, 0
1233666, 3, 1
1233751, 0, 0
1233755, 1, 0
1233804, 2, 1
1233816, 3, 0
1233901, 0, 1
1233905, 1, bit 0
1233905, 1, 1
1233954, 2, 0
1233966, 3, bit 1
1233966, 3, 0
1234051, 0, 0
1234055, 1, 0
1234104, 2, 0
1234116, 3, 1
1234201, 0, 1
1234205, 1, 0
1234254, 2, 1
1234266, 3, 1
1234351, 0, 0
1234355, 1, 1
1234404, 2, 1
1234416, 3, 0
1234501, 0, 0
1234505, 1, 1
1234554, 2, 0
1234566, 3, 1
1234651, 0, 1
1234655, 1, 0
1234704, 2, 1
1234716, 3, 0
1234801, 0, 1
1234805, 1, 0
1234854, 2, 0
1234866, 3, 1
1234951, 0, 0
1234955, 1, 1
1235004, 2, 0
1235016, 3, 0
1235101, 0, 1
1235105, 1, 1
1235154, 2, 1
1235166, 3, 1
1235251, 0, 0
1235255, 1, 0
1235304, 2, 1
1235316, 3, 0
1235401, 0, 1
1235405, 1, 0
1235454, 2, 0
1235466, 3, 0
1235551, 0, 0
1235555, 1, 1
1235604, 2, bit 1
1235604, 2, 0
1235616, 3, 1
1235701, 0, bit 1
1235701, 0, 1
1235705, 1, 0
1235755, 2, 1
1235766, 3, 0
1235851, 0, 0
1235855, 1, 1
1235905, 2, 0
1235916, 3, 1
1236001, 0, 1
1236005, 1, bit 1
1236005, 1, 0
1236055, 2, 1
1236066, 3, bit 1
1236069, 3, 0
1236151, 0, 0
1236155, 1, 1
1236205, 2, 1
1236216, 3, 1
1236301, 0, 1
1236305, 1, 1
1236355, 2, 0
1236366, 3, 1
1236451, 0, 0
1236455, 1, 0
1236505, 2, 0
1236516, 3, 0
1236601, 0, 0
1236605, 1, 0
1236655, 2, 1
1236666, 3, 1
1236751, 0, 1
1236755, 1, 1
1236805, 2, 0
1236816, 3, 0
1236901, 0, 1
1236905, 1, 1
1236955, 2, 1
1236966, 3, 1
1237051, 0, 0
1237055, 1, 0
1237105, 2, 1
1237116, 3, 0
1237201, 0, 1
1237206, 1, 0
1237255, 2, 0
1237266, 3, 1
1237351, 0, 0
1237356, 1, 1
1237405, 2, 0
1237416, 3, 0
1237501, 0, 1
1237506, 1, 1
1237555, 2, 1
1237566, 3, 0
1237651, 0, 0
1237656, 1, 0
1237705, 2, bit 1
1237705, 2, 0
1237716, 3, 1
1237801, 0, bit 0
1237801, 0, 0
1237806, 1, 1
1237855, 2, 1
1237866, 3, 0
1237951, 0, 1
1237956, 1, 0
1238005, 2, 0
1238016, 3, 1
1238102, 0, 0
1238106, 1, bit 1
1238106, 1, 0
1238155, 2, 1
1238166, 3, bit 1
1238166, 3, 0
1238252, 0, 1
1238256, 1, 1
1238305, 2, 1
1238316, 3, 1
1238402, 0, 0
1238406, 1, 1
1238455, 2, 0
1238466, 3, 1
1238552, 0, 1
1238556, 1, 0
1238605, 2, 0
1238616, 3, 0
1238702, 0, 1
1238706, 1, 0
1238755, 2, 1
1238766, 3, 1
1238852, 0, 0
1238856, 1, 1
1238905, 2, 0
1238916, 3, 0
1239002, 0, 0
1239006, 1, 1
1239055, 2, 1
1239066, 3, 1
1239152, 0, 1
1239156, 1, 0
1239205, 2, 1
1239216, 3, 0
1239302, 0, 0
1239306, 1, 0
1239355, 2, 0
1239366, 3, 1
1239452, 0, 1
1239456, 1, 1
1239505, 2, 0
1239516, 3, 0
1239602, 0, 0
1239606, 1, 1
1239655, 2, 1
1239666, 3, 0
1239752, 0, 1
1239756, 1, 0
1239805, 2, bit 0
1239805, 2, 1
1239816, 3, 1
1239902, 0, bit 0
1239902, 0, 0
1239906, 1, 1
1239955, 2, 0
1239966, 3, 0
1240052, 0, 1
1240056, 1, 0
1240105, 2, 1
1240116, 3, 1
1240202, 0, 0
1240206, 1, bit 0
1240206, 1, 1
1240255, 2, 0
1240266, 3, bit 0
1240266, 3, 1
1240352, 0, 1
1240356, 1, 0
1240406, 2, 0
1240416, 3, 0
1240502, 0, 0
1240506, 1, 0
1240556, 2, 1
1240566, 3, 0
1240652, 0, 1
1240656, 1, 1
1240706, 2, 1
1240716, 3, 1
1240802, 0, 1
1240806, 1, 1
1240856, 2, 0
1240866, 3, 0
1240952, 0, 0
1240956, 1, 0
1241006, 2, 1
1241016, 3, 1
1241102, 0, 0
1241106, 1, 0
1241156, 2, 0
1241166, 3, 0
1241252, 0, 1
1241256, 1, 1
1241306, 2, 0
1241316, 3, 1
1241402, 0, 0
1241406, 1, 1
1241456, 2, 1
1241466, 3, 0
1241552, 0, 1
1241556, 1, 0
1241606, 2, 1
1241616, 3, 1
1241702, 0, 0
1241706, 1, 0
1241756, 2, 0
1241766, 3, 1
1241852, 0, 1
1241856, 1, 1
1241906, 2, bit 0
1241906, 2, 1
1241916, 3, 0
1242002, 0, bit 1
1242005, 0, 1
1242006, 1, 0
1242056, 2, 0
1242066, 3, 1
1242152, 0, 0
1242156, 1, 1
1242206, 2, 1
1242216, 3, 0
1242302, 0, 1
1242306, 1, bit 0
1242306, 1, 1
1242356, 2, 0
1242366, 3, bit 1
1242366, 3, 0
1242452, 0, 0
1242456, 1, 0
1242506, 2, 0
1242516, 3, 1
1242602, 0, 1
1242606, 1, 0
1242656, 2, 1
1242667, 3, 1
1242752, 0, 0
1242756, 1, 1
1242806, 2, 1
1242817, 3, 0
1242902, 0, 0
1242906, 1, 1
1242956, 2, 0
1242967, 3, 1
1243052, 0, 1
1243056, 1, 0
1243106, 2, 1
1243117, 3, 0
1243202, 0, 1
1243206, 1, 0
1243256, 2, 0
1243267, 3, 1
1243352, 0, 0
1243356, 1, 1
1243406, 2, 0
1243417, 3, 0
1243502, 0, 1
1243506, 1, 1
1243556, 2, 1
1243567, 3, 1
1243652, 0, 0
1243656, 1, 0
1243706, 2, 1
1243717, 3, 0
1243802, 0, 1
1243806, 1, 0
1243856, 2, 0
1243867, 3, 0
1243952, 0, 0
1243956, 1, 1
1244006, 2, bit 1
1244006, 2, 0
1244017, 3, 1
1244102, 0, bit 0
1244102, 0, 0
1244106, 1, 0
1244156, 2, 1
1244167, 3, 0
1244252, 0, 1
1244256, 1, 1
1244306, 2, 0
1244317, 3, 1
1244402, 0, 0
1244406, 1, bit 1
1244406, 1, 0
1244456, 2, 1
1244467, 3, bit 0
1244467, 3, 1
1244552, 0, 1
1244556, 1, 1
1244606, 2, 1
1244617, 3, 0
1244702, 0, 0
1244706, 1, 1
1244756, 2, 0
1244767, 3, 0
1244852, 0, 1
1244856, 1, 0
1244906, 2, 0
1244917, 3, 1
1245002, 0, 1
1245006, 1, 0
1245056, 2, 1
1245067, 3, 0
1245152, 0, 0
1245156, 1, 1
1245206, 2, 0
1245217, 3, 1
1245302, 0, 0
1245306, 1, 1
1245356, 2, 1
1245367, 3, 0
1245452, 0, 1
1245456, 1, 0
1245506, 2, 1
1245517, 3, 1
1245602, 0, 0
1245606, 1, 0
1245656, 2, 0
1245667, 3, 0
1245752, 0, 1
1245756, 1, 1
1245806, 2, 0
1245817, 3, 1
1245902, 0, 0
1245906, 1, 1
1245956, 2, 1
1245967, 3, 1
1246052, 0, 1
1246056, 1, 0
1246106, 2, bit 0
1246106, 2, 1
1246117, 3, 0
1246202, 0, bit 1
1246202, 0, 1
1246206, 1, 1
1246256, 2, 0
1246267, 3, 1
1246352, 0, 0
1246356, 1, 0
1246406, 2, 1
1246417, 3, 0
1246502, 0, 1
1246507, 1, bit 1
1246507, 1, 0
1246556, 2, 0
1246567, 3, bit 1
1246567, 3, 0
1246652, 0, 0
1246657, 1, 1
1246706, 2, 0
1246717, 3, 1
1246802, 0, 1
1246807, 1, 1
1246856, 2, 1
1246867, 3, 1
1246952, 0, 0
1246957, 1, 0
1247006, 2, 1
1247017, 3, 0
1247102, 0, 0
1247107, 1, 0
1247156, 2, 0
1247167, 3, 1
1247252, 0, 1
1247257, 1, 1
1247306, 2, 1
1247318, 3, 0
1247403, 0, 1
1247407, 1, 1
1247456, 2, 0
1247468, 3, 1
1247553, 0, 0
1247557, 1, 0
1247606, 2, 0
1247618, 3, 0
1247703, 0, 1
1247707, 1, 0
1247756, 2, 1
1247768, 3, 1
1247853, 0, 0
1247857, 1, 1
1247906, 2, 1
1247918, 3, 0
1248003, 0, 1
1248007, 1, 1
1248056, 2, 0
1248068, 3, 0
1248153, 0, 0
1248157, 1, 0
1248206, 2, bit 1
1248206, 2, 0
1248218, 3, 1
1248303, 0, bit 1
1248303, 0, 1
1248307, 1, 1
1248356, 2, 1
1248368, 3, 0
1248453, 0, 0
1248457, 1, 0
1248506, 2, 0
1248518, 3, 1
1248603, 0, 1
1248607, 1, bit 1
1248607, 1, 0
1248656, 2, 1
1248668, 3, bit 1
1248668, 3, 0
1248753, 0, 0
1248757, 1, 1
1248806, 2, 1
1248818, 3, 1
1248903, 0, 1
1248907, 1, 1
1248956, 2, 0
1248968, 3, 1
1249053, 0, 0
1249057, 1, 0
1249106, 2, 0
1249118, 3, 0
1249203, 0, 0
1249207, 1, 0
1249256, 2, 1
1249268, 3, 1
1249353, 0, 1
1249357, 1, 1
1249406, 2, 0
1249418, 3, 0
1249503, 0, 1
1249507, 1, 1
1249556, 2, 1
1249568, 3, 1
1249653, 0, 0
1249657, 1, 0
1249707, 2, 1
1249718, 3, 0
1249803, 0, 1
1249807, 1, 0
1249857, 2, 0
1249868, 3, 1
1249953, 0, 0
1249957, 1, 1
1250007, 2, 0
1250018, 3, 0
1250103, 0, 1
1250107, 1, 1
1250157, 2, 1
1250168, 3, 0
1250253, 0, 0
1250257, 1, 0
1250307, 2, bit 0
1250307, 2, 1
1250318, 3, 1
1250403, 0, bit 1
1250403, 0, 1
1250407, 1, 1
1250457, 2, 0
1250468, 3, 0
1250553, 0, 0
1250557, 1, 0
1250607, 2, 1
1250618, 3, 1
1250703, 0, 1
1250707, 1, bit 0
1250707, 1, 1
1250757, 2, 0
1250768, 3, bit 1
1250768, 3, 0
1250853, 0, 0
1250857, 1, 0
1250907, 2, 0
1250918, 3, 1
1251003, 0, 1
1251007, 1, 0
1251057, 2, 1
1251068, 3, 1
1251153, 0, 0
1251158, 1, 1
1251207, 2, 1
1251218, 3, 0
1251303, 0, 0
1251308, 1, 1
1251357, 2, 0
1251368, 3, 1
1251453, 0, 1
1251458, 1, 0
1251507, 2, 1
1251518, 3, 0
1251603, 0, 1
1251608, 1, 0
1251657, 2, 0
1251668, 3, 1
1251753, 0, 0
1251758, 1, 1
1251807, 2, 0
1251818, 3, 0
1251903, 0, 1
1251908, 1, 1
1251957, 2, 1
1251968, 3, 1
1252054, 0, 0
1252058, 1, 0
1252107, 2, 1
1252118, 3, 0
1252204, 0, 1
1252208, 1, 0
1252257, 2, 0
1252268, 3, 0
1252354, 0, 0
1252358, 1, 1
1252407, 2, bit 0
1252407, 2, 1
1252418, 3, 1
1252504, 0, bit 0
1252504, 0, 0
1252508, 1, 0
1252557, 2, 0
1252568, 3, 0
1252654, 0, 1
1252658, 1, 1
1252707, 2, 1
1252718, 3, 1
1252804, 0, 0
1252808, 1, bit 1
1252808, 1, 0
1252857, 2, 0
1252868, 3, bit 1
1252868, 3, 0
1252954, 0, 1
1252958, 1, 1
1253007, 2, 0
1253018, 3, 1
1253104, 0, 0
1253108, 1, 1
1253157, 2, 1
1253168, 3, 1
1253254, 0, 1
1253258, 1, 0
1253307, 2, 1
1253318, 3, 0
1253404, 0, 1
1253408, 1, 0
1253457, 2, 0
1253468, 3, 1
1253554, 0, 0
1253558, 1, 1
1253607, 2, 1
1253618, 3, 0
1253704, 0, 0
1253708, 1, 1
1253757, 2, 0
1253768, 3, 1
1253854, 0, 1
1253858, 1, 0
1253907, 2, 0
1253918, 3, 0
1254004, 0, 0
1254008, 1, 0
1254057, 2, 1
1254068, 3, 1
1254154, 0, 1
1254158, 1, 1
1254207, 2, 1
1254218, 3, 0
1254304, 0, 0
1254308, 1, 1
1254358, 2, 0
1254368, 3, 0
1254454, 0, 1
1254458, 1, 0
1254508, 2, bit 1
1254508, 2, 0
1254518, 3, 1
1254604, 0, bit 1
1254604, 0, 1
1254608, 1, 1
1254658, 2, 1
1254668, 3, 0
1254754, 0, 0
1254758, 1, 0
1254808, 2, 0
1254818, 3, 1
1254904, 0, 1
1254908, 1, bit 0
1254912, 1, 1
1254958, 2, 1
1254968, 3, bit 0
1254968, 3, 1
1255054, 0, 0
1255058, 1, 0
1255108, 2, 1
1255118, 3, 0
1255204, 0, 1
1255208, 1, 0
1255258, 2, 0
1255268, 3, 0
1255354, 0, 0
1255358, 1, 1
1255408, 2, 0
1255418, 3, 1
1255504, 0, 0
1255508, 1, 1
1255558, 2, 1
1255568, 3, 0
1255654, 0, 1
1255658, 1, 0
1255708, 2, 0
1255718, 3, 1
1255804, 0, 1
1255808, 1, 0
1255858, 2, 1
1255868, 3, 0
1255954, 0, 0
1255958, 1, 1
1256008, 2, 1
1256018, 3, 1
1256104, 0, 1
1256108, 1, 1
1256158, 2, 0
1256168, 3, 0
1256254, 0, 0
1256258, 1, 0
1256308, 2, 0
1256318, 3, 1
1256404, 0, 1
1256408, 1, 0
1256458, 2, 1
1256468, 3, 1
1256554, 0, 0
1256558, 1, 1
1256608, 2, bit 1
1256608, 2, 0
1256619, 3, 0
1256704, 0, bit 0
1256704, 0, 0
1256708, 1, 0
1256758, 2, 1
1256769, 3, 1
1256854, 0, 1
1256858, 1, 1
1256908, 2, 0
1256919, 3, 0
1257004, 0, 0
1257008, 1, bit 0
1257008, 1, 1
1257058, 2, 1
1257069, 3, bit 0
1257069, 3, 1
1257154, 0, 1
1257158, 1, 0
1257208, 2, 1
1257219, 3, 0
1257304, 0, 0
1257308, 1, 0
1257358, 2, 0
1257369, 3, 0
1257454, 0, 1
1257458, 1, 1
1257508, 2, 0
1257519, 3, 1
1257604, 0, 1
1257608, 1, 1
1257658, 2, 1
1257669, 3, 0
1257754, 0, 0
1257758, 1, 0
1257808, 2, 0
1257819, 3, 1
1257904, 0, 0
1257908, 1, 0
1257958, 2, 1
1257969, 3, 0
1258054, 0, 1
1258058, 1, 1
1258108, 2, 1
1258119, 3, 1
1258204, 0, 0
1258208, 1, 1
1258258, 2, 0
1258269, 3, 0
1258354, 0, 1
1258358, 1, 0
1258408, 2, 0
1258419, 3, 1
1258504, 0, 0
1258508, 1, 0
1258558, 2, 1
1258569, 3, 1
1258654, 0, 1
1258658, 1, 1
1258708, 2, bit 0
1258708, 2, 1
1258719, 3, 0
1258804, 0, bit 1
1258804, 0, 1
1258808, 1, 0
1258858, 2, 0
1258869, 3, 1
1258954, 0, 0
1258958, 1, 1
1259008, 2, 1
1259019, 3, 0
1259104, 0, 1
1259108, 1, bit 1
1259108, 1, 0
1259158, 2, 0
1259169, 3, bit 0
1259169, 3, 1
1259254, 0, 0
1259258, 1, 1
1259308, 2, 0
1259319, 3, 0
1259404, 0, 1
1259408, 1, 1
1259458, 2, 1
1259469, 3, 0
1259554, 0, 0
1259558, 1, 0
1259608, 2, 1
1259619, 3, 1
1259704, 0, 0
1259708, 1, 0
1259758, 2, 0
1259769, 3, 0
1259854, 0, 1
1259858, 1, 1
1259908, 2, 1
1259919, 3, 1
1260004, 0, 1
1260008, 1, 1
1260058, 2, 0
1260069, 3, 0
1260154, 0, 0
1260158, 1, 0
1260208, 2, 0
1260219, 3, 1
1260304, 0, 1
1260308, 1, 0
1260358, 2, 1
1260369, 3, 0
1260454, 0, 0
1260459, 1, 1
1260508, 2, 1
1260519, 3, 1
1260604, 0, 1
1260609, 1, 1
1260658, 2, 0
1260669, 3, 1
1260754, 0, 0
1260759, 1, 0
1260808, 2, bit 1
1260811, 2, 0
1260819, 3, 0
1260904, 0, bit 1
1260904, 0, 1
1260909, 1, 1
1260958, 2, 1
1260969, 3, 1
1261054, 0, 0
1261059, 1, 0
1261108, 2, 0
1261119, 3, 0
1261204, 0, 1
1261209, 1, bit 1
1261209, 1, 0
1261258, 2, 1
1261270, 3, bit 0
1261270, 3, 1
1261355, 0, 0
1261359, 1, 1
1261408, 2, 1
1261420, 3, 0
1261505, 0, 1
1261509, 1, 1
1261558, 2, 0
1261570, 3, 0
1261655, 0, 0
1261659, 1, 0
1261708, 2, 0
1261720, 3, 1
1261805, 0, 0
1261809, 1, 0
1261858, 2, 1
1261870, 3, 0
1261955, 0, 1
1261959, 1, 1
1262008, 2, 0
1262020, 3, 1
1262105, 0, 1
1262109, 1, 1
1262158, 2, 1
1262170, 3, 0
1262255, 0, 0
1262259, 1, 0
1262308, 2, 1
1262320, 3, 1
1262405, 0, 1
1262409, 1, 0
1262458, 2, 0
1262470, 3, 0
1262555, 0, 0
1262559, 1, 1
1262608, 2, 0
1262620, 3, 1
1262705, 0, 1
1262709, 1, 1
1262758, 2, 1
1262770, 3, 1
1262855, 0, 0
1262859, 1, 0
1262908, 2, bit 0
1262908, 2, 1
1262920, 3, 0
1263005, 0, bit 0
1263005, 0, 0
1263009, 1, 1
1263058, 2, 0
1263070, 3, 1
1263155, 0, 1
1263159, 1, 0
1263208, 2, 1
1263220, 3, 0
1263305, 0, 0
1263309, 1, bit 1
1263309, 1, 0
1263358, 2, 0
1263370, 3, bit 0
1263370, 3, 1
1263455, 0, 1
1263459, 1, 1
1263508, 2, 0
1263520, 3, 0
1263605, 0, 0
1263609, 1, 1
1263659, 2, 1
1263670, 3, 0
1263755, 0, 1
1263759, 1, 0
1263809, 2, 1
1263820, 3, 1
1263905, 0, 1
1263909, 1, 0
1263959, 2, 0
1263970, 3, 0
1264055, 0, 0
1264059, 1, 1
1264109, 2, 1
1264120, 3, 1
1264205, 0, 0
1264209, 1, 1
1264259, 2, 0
1264270, 3, 0
1264355, 0, 1
1264359, 1, 0
1264409, 2, 0
1264420, 3, 1
1264505, 0, 0
1264509, 1, 0
1264559, 2, 1
1264570, 3, 0
1264655, 0, 1
1264659, 1, 1
1264709, 2, 1
1264720, 3, 1
1264805, 0, 0
1264809, 1, 1
1264859, 2, 0
1264870, 3, 1
1264955, 0, 1
1264959, 1, 0
1265009, 2, bit 0
1265009, 2, 1
1265020, 3, 0
1265105, 0, bit 1
1265105, 0, 1
1265110, 1, 1
1265159, 2, 0
1265170, 3, 1
1265255, 0, 0
1265260, 1, 0
1265309, 2, 1
1265320, 3, 0
1265405, 0, 1
1265410, 1, bit 0
1265410, 1, 1
1265459, 2, 0
1265470, 3, bit 0
1265470, 3, 1
1265555, 0, 0
1265560, 1, 0
1265609, 2, 0
1265620, 3, 0
1265705, 0, 1
1265710, 1, 0
1265759, 2, 1
1265770, 3, 0
1265855, 0, 0
1265860, 1, 1
1265909, 2, 1
1265920, 3, 1
1266006, 0, 0
1266010, 1, 1
1266059, 2, 0
1266070, 3, 0
1266156, 0, 1
1266160, 1, 0
1266209, 2, 1
1266220, 3, 1
1266306, 0, 1
1266310, 1, 0
1266359, 2, 0
1266370, 3, 0
1266456, 0, 0
1266460, 1, 1
1266509, 2, 0
1266520, 3, 1
1266606, 0, 1
1266610, 1, 1
1266659, 2, 1
1266670, 3, 0
1266756, 0, 0
1266760, 1, 0
1266809, 2, 1
1266820, 3, 1
1266906, 0, 1
1266910, 1, 0
1266959, 2, 0
1266970, 3, 1
1267056, 0, 0
1267060, 1, 1
1267109, 2, bit 1
1267109, 2, 0
1267120, 3, 0
1267206, 0, bit 1
1267206, 0, 1
1267210, 1, 0
1267259, 2, 1
1267270, 3, 1
1267356, 0, 0
1267360, 1, 1
1267409, 2, 0
1267420, 3, 0
1267506, 0, 1
1267510, 1, bit 0
1267510, 1, 1
1267559, 2, 1
1267570, 3, bit 1
1267570, 3, 0
1267656, 0, 0
1267660, 1, 0
1267709, 2, 1
1267720, 3, 1
1267806, 0, 1
1267810, 1, 0
1267859, 2, 0
1267870, 3, 1
1267956, 0, 0
1267960, 1, 1
1268009, 2, 0
1268020, 3, 0
1268106, 0, 0
1268110, 1, 1
1268159, 2, 1
1268170, 3, 1
1268256, 0, 1
1268260, 1, 0
1268310, 2, 0
1268320, 3, 0
1268406, 0, 1
1268410, 1, 0
1268460, 2, 1
1268470, 3, 1
1268556, 0, 0
1268560, 1, 1
1268610, 2, 1
1268620, 3, 0
1268706, 0, 1
1268710, 1, 1
1268760, 2, 0
1268770, 3, 1
1268856, 0, 0
1268860, 1, 0
1268910, 2, 0
1268920, 3, 0
1269006, 0, 1
1269010, 1, 0
1269060, 2, 1
1269070, 3, 0
1269156, 0, 0
1269160, 1, 1
1269210, 2, bit 1
1269210, 2, 0
1269220, 3, 1
1269306, 0, bit 0
1269306, 0, 0
1269310, 1, 0
1269360, 2, 1
1269370, 3, 0
1269456, 0, 1
1269460, 1, 1
1269510, 2, 0
1269520, 3, 1
1269606, 0, 0
1269610, 1, bit 1
1269610, 1, 0
1269660, 2, 1
1269670, 3, bit 1
1269670, 3, 0
1269756, 0, 1
1269760, 1, 1
1269810, 2, 1
1269820, 3, 1
1269906, 0, 0
1269910, 1, 1
1269960, 2, 0
1269970, 3, 1
1270056, 0, 1
1270060, 1, 0
1270110, 2, 0
1270120, 3, 0
1270206, 0, 1
1270210, 1, 0
1270260, 2, 1
1270270, 3, 1
1270356, 0, 0
1270360, 1, 1
1270410, 2, 0
1270420, 3, 0
1270506, 0, 0
1270510, 1, 1
1270560, 2, 1
1270571, 3, 1
1270656, 0, 1
1270660, 1, 0
1270710, 2, 1
1270721, 3, 0
1270806, 0, 0
1270810, 1, 0
1270860, 2, 0
1270871, 3, 1
1270956, 0, 1
1270960, 1, 1
1271010, 2, 0
1271021, 3, 0
1271106, 0, 0
1271110, 1, 1
1271160, 2, 1
1271171, 3, 0
1271256, 0, 1
1271260, 1, 0
1271310, 2, bit 1
1271310, 2, 0
1271321, 3, 1
1271406, 0, bit 0
1271406, 0, 0
1271410, 1, 1
1271460, 2, 1
1271471, 3, 0
1271556, 0, 1
1271560, 1, 0
1271610, 2, 0
1271621, 3, 1
1271706, 0, 0
1271710, 1, bit 0
1271710, 1, 1
1271760, 2, 1
1271771, 3, bit 0
1271771, 3, 1
1271856, 0, 1
1271860, 1, 0
1271910, 2, 1
1271921, 3, 0
1272006, 0, 0
1272010, 1, 0
1272060, 2, 0
1272071, 3, 0
1272156, 0, 1
1272160, 1, 1
1272210, 2, 0
1272221, 3, 1
1272306, 0, 1
1272310, 1, 1
1272360, 2, 1
1272371, 3, 0
1272456, 0, 0
1272460, 1, 0
1272510, 2, 0
1272521, 3, 1
1272606, 0, 0
1272610, 1, 0
1272660, 2, 1
1272671, 3, 0
1272756, 0, 1
1272760, 1, 1
1272810, 2, 1
1272821, 3, 1
1272906, 0, 0
1272910, 1, 1
1272960, 2, 0
1272971, 3, 0
1273056, 0, 1
1273060, 1, 0
1273110, 2, 0
1273121, 3, 1
1273206, 0, 0
1273210, 1, 0
1273260, 2, 1
1273271, 3, 1
1273356, 0, 1
1273360, 1, 1
1273410, 2, bit 0
1273410, 2, 1
1273421, 3, 0
1273506, 0, bit 0
1273506, 0, 0
1273510, 1, 0
1273560, 2, 0
1273571, 3, 1
1273656, 0, 1
1273660, 1, 1
1273710, 2, 1
1273721, 3, 0
1273806, 0, 0
1273810, 1, bit 0
1273810, 1, 1
1273860, 2, 0
1273871, 3, bit 0
1273871, 3, 1
1273956, 0, 1
1273960, 1, 0
1274010, 2, 0
1274021, 3, 0
1274106, 0, 0
1274110, 1, 0
1274160, 2, 1
1274171, 3, 0
1274256, 0, 1
1274260, 1, 1
1274310, 2, 1
1274321, 3, 1
1274406, 0, 1
1274411, 1, 1
1274460, 2, 0
1274471, 3, 0
1274556, 0, 0
1274561, 1, 0
1274610, 2, 1
1274621, 3, 1
1274706, 0, 0
1274711, 1, 0
1274760, 2, 0
1274771, 3, 0
1274856, 0, 1
1274861, 1, 1
1274910, 2, 0
1274921, 3, 1
1275006, 0, 0
1275011, 1, 1
1275060, 2, 1
1275071, 3, 0
1275156, 0, 1
1275161, 1, 0
1275210, 2, 1
1275222, 3, 1
1275307, 0, 0
1275311, 1, 0
1275360, 2, 0
1275372, 3, 1
1275457, 0, 1
1275461, 1, 1
1275510, 2, bit 0
1275510, 2, 1
1275522, 3, 0
1275607, 0, bit 1
1275607, 0, 1
1275611, 1, 0
1275660, 2, 0
1275672, 3, 1
1275757, 0, 0
1275761, 1, 1
1275810, 2, 1
1275822, 3, 0
1275907, 0, 1
1275911, 1, bit 1
1275911, 1, 0
1275960, 2, 0
1275972, 3, bit 1
1275975, 3, 0
1276057, 0, 0
1276061, 1, 1
1276110, 2, 0
1276122, 3, 1
1276207, 0, 1
1276211, 1, 1
1276260, 2, 1
1276272, 3, 1
1276357, 0, 0
1276361, 1, 0
1276410, 2, 1
1276422, 3, 0
1276507, 0, 0
1276511, 1, 0
1276560, 2, 0
1276572, 3, 1
1276657, 0, 1
1276661, 1, 1
1276710, 2, 1
1276722, 3, 0
1276807, 0, 1
1276811, 1, 1
1276860, 2, 0
1276872, 3, 1
1276957, 0, 0
1276961, 1, 0
1277010, 2, 0
1277022, 3, 0
1277107, 0, 1
1277111, 1, 0
1277160, 2, 1
1277172, 3, 1
1277257, 0, 0
1277261, 1, 1
1277310, 2, 1
1277322, 3, 0
1277407, 0, 1
1277411, 1, 1
1277460, 2, 0
1277472, 3, 0
1277557, 0, 0
1277561, 1, 0
1277611, 2, bit 1
1277611, 2, 0
1277622, 3, 1
1277707, 0, bit 0
1277707, 0, 0
1277711, 1, 1
1277761, 2, 1
1277772, 3, 0
1277857, 0, 1
1277861, 1, 0
1277911, 2, 0
1277922, 3, 1
1278007, 0, 0
1278011, 1, bit 0
1278011, 1, 1
1278061, 2, 1
1278072, 3, bit 0
1278072, 3, 1
1278157, 0, 1
1278161, 1, 0
1278211, 2, 1
1278222, 3, 0
1278307, 0, 0
1278311, 1, 0
1278361, 2, 0
1278372, 3, 0
1278457, 0, 1
1278461, 1, 1
1278511, 2, 0
1278522, 3, 1
1278607, 0, 1
1278611, 1, 1
1278661, 2, 1
1278672, 3, 0
1278757, 0, 0
1278761, 1, 0
1278811, 2, 0
1278822, 3, 1
1278907, 0, 0
1278911, 1, 0
1278961, 2, 1
1278972, 3, 0
1279057, 0, 1
1279062, 1, 1
1279111, 2, 1
1279122, 3, 1
1279207, 0, 0
1279212, 1, 1
1279261, 2, 0
1279272, 3, 0
1279357, 0, 1
1279362, 1, 0
1279411, 2, 0
1279422, 3, 1
1279507, 0, 0
1279512, 1, 0
1279561, 2, 1
1279572, 3, 1
1279657, 0, 1
1279662, 1, 1
1279711, 2, bit 1
1279711, 2, 0
1279722, 3, 0
1279807, 0, bit 0
1279807, 0, 0
1279812, 1, 0
1279861, 2, 1
1279872, 3, 1
1279958, 0, 1
1279962, 1, 1
1280011, 2, 0
1280022, 3, 0
1280108, 0, 0
1280112, 1, bit 1
1280112, 1, 0
1280161, 2, 1
1280172, 3, bit 1
1280172, 3, 0
1280258, 0, 1
1280262, 1, 1
1280311, 2, 1
1280322, 3, 1
1280408, 0, 0
1280412, 1, 1
1280461, 2, 0
1280472, 3, 1
1280558, 0, 1
1280562, 1, 0
1280611, 2, 0
1280622, 3, 0
1280708, 0, 1
1280712, 1, 0
1280761, 2, 1
1280772, 3, 1
1280858, 0, 0
1280862, 1, 1
1280911, 2, 0
1280922, 3, 0
1281008, 0, 0
1281012, 1, 1
1281061, 2, 1
1281072, 3, 1
1281158, 0, 1
1281162, 1, 0
1281211, 2, 1
1281222, 3, 0
1281308, 0, 0
1281312, 1, 0
1281361, 2, 0
1281372, 3, 1
1281458, 0, 1
1281462, 1, 1
1281511, 2, 0
1281522, 3, 0
1281608, 0, 0
1281612, 1, 1
1281661, 2, 1
1281672, 3, 0
1281758, 0, 1
1281762, 1, 0
1281811, 2, bit 0
1281811, 2, 1
1281822, 3, 1
1281908, 0, bit 0
1281908, 0, 0
1281912, 1, 1
1281961, 2, 0
1281972, 3, 0
1282058, 0, 1
1282062, 1, 0
1282111, 2, 1
1282122, 3, 1
1282208, 0, 0
1282212, 1, bit 1
1282212, 1, 0
1282262, 2, 0
1282272, 3, bit 1
1282272, 3, 0
1282358, 0, 1
1282362, 1, 1
1282412, 2, 0
1282422, 3, 1
1282508, 0, 0
1282512, 1, 1
1282562, 2, 1
1282572, 3, 1
1282658, 0, 1
1282662, 1, 0
1282712, 2, 1
1282722, 3, 0
1282808, 0, 1
1282812, 1, 0
1282862, 2, 0
1282872, 3, 1
1282958, 0, 0
1282962, 1, 1
1283012, 2, 1
1283022, 3, 0
1283108, 0, 0
1283112, 1, 1
1283162, 2, 0
1283172, 3, 1
1283258, 0, 1
1283262, 1, 0
1283312, 2, 0
1283322, 3, 0
1283408, 0, 0
1283412, 1, 0
1283462, 2, 1
1283472, 3, 1
1283558, 0, 1
1283562, 1, 1
1283612, 2, 1
1283622, 3, 0
1283708, 0, 0
1283712, 1, 1
1283762, 2, 0
1283772, 3, 0
1283858, 0, 1
1283862, 1, 0
1283912, 2, bit 0
1283912, 2, 1
1283922, 3, 1
1284008, 0, bit 0
1284008, 0, 0
1284012, 1, 1
1284062, 2, 0
1284072, 3, 0
1284158, 0, 1
1284162, 1, 0
1284212, 2, 1
1284222, 3, 1
1284308, 0, 0
1284312, 1, bit 0
1284312, 1, 1
1284362, 2, 0
1284372, 3, bit 1
1284372, 3, 0
1284458, 0, 1
1284462, 1, 0
1284512, 2, 0
1284523, 3, 1
1284608, 0, 0
1284612, 1, 0
1284662, 2, 1
1284673, 3, 1
1284758, 0, 1
1284762, 1, 1
1284812, 2, 1
1284823, 3, 0
1284908, 0, 1
1284912, 1, 1
1284962, 2, 0
1284973, 3, 1
1285058, 0, 0
1285062, 1, 0
1285112, 2, 1
1285123, 3, 0
1285208, 0, 0
1285212, 1, 0
1285262, 2, 0
1285273, 3, 1
1285358, 0, 1
1285362, 1, 1
1285412, 2, 0
1285423, 3, 0
1285508, 0, 0
1285512, 1, 1
1285562, 2, 1
1285573, 3, 1
1285658, 0, 1
1285662, 1, 0
1285712, 2, 1
1285723, 3, 0
1285808, 0, 0
1285812, 1, 0
1285862, 2, 0
1285873, 3, 0
1285958, 0, 1
1285962, 1, 1
1286012, 2, bit 0
1286012, 2, 1
1286023, 3, 1
1286108, 0, bit 0
1286108, 0, 0
1286112, 1, 0
1286162, 2, 0
1286173, 3, 0
1286258, 0, 1
1286262, 1, 1
1286312, 2, 1
1286323, 3, 1
1286408, 0, 0
1286412, 1, bit 0
1286412, 1, 1
1286462, 2, 0
1286473, 3, bit 0
1286473, 3, 1
1286558, 0, 1
1286562, 1, 0
1286612, 2, 0
1286623, 3, 0
1286708, 0, 0
1286712, 1, 0
1286762, 2, 1
1286773, 3, 0
1286858, 0, 1
1286862, 1, 1
1286912, 2, 1
1286923, 3, 1
1287008, 0, 1
1287012, 1, 1
1287062, 2, 0
1287073, 3, 0
1287158, 0, 0
1287162, 1, 0
1287212, 2, 1
1287223, 3, 1
1287308, 0, 0
1287312, 1, 0
1287362, 2, 0
1287373, 3, 0
1287458, 0, 1
1287462, 1, 1
1287512, 2, 0
1287523, 3, 1
1287608, 0, 0
1287612, 1, 1
1287662, 2, 1
1287673, 3, 0
1287758, 0, 1
1287762, 1, 0
1287812, 2, 1
1287823, 3, 1
1287908, 0, 0
1287912, 1, 0
1287962, 2, 0
1287973, 3, 1
1288058, 0, 1
1288062, 1, 1
1288112, 2, bit 1
1288112, 2, 0
1288123, 3, 0
1288208, 0, bit 0
1288208, 0, 0
1288212, 1, 0
1288262, 2, 1
1288273, 3, 1
1288358, 0, 1
1288363, 1, 1
1288412, 2, 0
1288423, 3, 0
1288508, 0, 0
1288513, 1, bit 1
1288513, 1, 0
1288562, 2, 1
1288573, 3, bit 1
1288573, 3, 0
1288658, 0, 1
1288663, 1, 1
1288712, 2, 1
1288723, 3, 1
1288808, 0, 0
1288813, 1, 1
1288862, 2, 0
1288873, 3, 1
1288958, 0, 1
1288963, 1, 0
1289012, 2, 0
1289023, 3, 0
1289108, 0, 1
1289113, 1, 0
1289162, 2, 1
1289174, 3, 1
1289259, 0, 0
1289263, 1, 1
1289312, 2, 0
1289324, 3, 0
1289409, 0, 0
1289413, 1, 1
1289462, 2, 1
1289474, 3, 1
1289559, 0, 1
1289563, 1, 0
1289612, 2, 1
1289624, 3, 0
1289709, 0, 0
1289713, 1, 0
1289762, 2, 0
1289774, 3, 1
1289859, 0, 1
1289863, 1, 1
1289912, 2, 0
1289924, 3, 0
1290009, 0, 0
1290013, 1, 1
1290062, 2, 1
1290074, 3, 0
1290159, 0, 1
1290163, 1, 0
1290212, 2, bit 1
1290212, 2, 0
1290224, 3, 1
1290309, 0, bit 1
1290309, 0, 1
1290313, 1, 1
1290362, 2, 1
1290374, 3, 0
1290459, 0, 0
1290463, 1, 0
1290512, 2, 0
1290524, 3, 1
1290609, 0, 1
1290613, 1, bit 1
1290613, 1, 0
1290662, 2, 1
1290674, 3, bit 1
1290674, 3, 0
1290759, 0, 0
1290763, 1, 1
1290812, 2, 1
1290824, 3, 1
1290909, 0, 1
1290913, 1, 1
1290962, 2, 0
1290974, 3, 1
1291059, 0, 0
1291063, 1, 0
1291112, 2, 0
1291124, 3, 0
1291209, 0, 0
1291213, 1, 0
1291262, 2, 1
1291274, 3, 1
1291359, 0, 1
1291363, 1, 1
1291412, 2, 0
1291424, 3, 0
1291509, 0, 1
1291513, 1, 1
1291563, 2, 1
1291574, 3, 1
1291659, 0, 0
1291663, 1, 0
1291713, 2, 1
1291724, 3, 0
1291809, 0, 1
1291813, 1, 0
1291863, 2, 0
1291874, 3, 1
1291959, 0, 0
1291963, 1, 1
1292013, 2, 0
1292024, 3, 0
1292109, 0, 1
1292113, 1, 1
1292163, 2, 1
1292174, 3, 0
1292259, 0, 0
1292263, 1, 0
1292313, 2, bit 0
1292313, 2, 1
1292324, 3, 1
1292409, 0, bit 1
1292409, 0, 1
1292413, 1, 1
1292463, 2, 0
1292474, 3, 0
1292559, 0, 0
1292563, 1, 0
1292613, 2, 1
1292624, 3, 1
1292709, 0, 1
1292713, 1, bit 1
1292713, 1, 0
1292763, 2, 0
1292774, 3, bit 1
1292774, 3, 0
1292859, 0, 0
1292863, 1, 1
1292913, 2, 0
1292924, 3, 1
1293009, 0, 1
1293014, 1, 1
1293063, 2, 1
1293074, 3, 1
1293159, 0, 0
1293164, 1, 0
1293213, 2, 1
1293224, 3, 0
1293309, 0, 0
1293314, 1, 0
1293363, 2, 0
1293374, 3, 1
1293459, 0, 1
1293464, 1, 1
1293513, 2, 1
1293524, 3, 0
1293609, 0, 1
1293614, 1, 1
1293663, 2, 0
1293674, 3, 1
1293759, 0, 0
1293764, 1, 0
1293813, 2, 0
1293824, 3, 0
1293910, 0, 1
1293914, 1, 0
1293963, 2, 1
1293974, 3, 1
1294060, 0, 0
1294064, 1, 1
1294113, 2, 1
1294124, 3, 0
1294210, 0, 1
1294214, 1, 1
1294263, 2, 0
1294274, 3, 0
1294360, 0, 0
1294364, 1, 0
1294413, 2, bit 0
1294413, 2, 1
1294424, 3, 1
1294510, 0, bit 0
1294510, 0, 0
1294514, 1, 1
1294563, 2, 0
1294574, 3, 0
1294660, 0, 1
1294664, 1, 0
1294713, 2, 1
1294724, 3, 1
1294810, 0, 0
1294814, 1, bit 0
1294817, 1, 1
1294863, 2, 0
1294874, 3, bit 0
1294874, 3, 1
1294960, 0, 1
1294964, 1, 0
1295013, 2, 0
1295024, 3, 0
1295110, 0, 0
1295114, 1, 0
1295163, 2, 1
1295174, 3, 0
1295260, 0, 1
1295264, 1, 1
1295313, 2, 1
1295324, 3, 1
1295410, 0, 1
1295414, 1, 1
1295463, 2, 0
1295474, 3, 0
1295560, 0, 0
1295564, 1, 0
1295613, 2, 1
1295624, 3, 1
1295710, 0, 0
1295714, 1, 0
1295763, 2, 0
1295774, 3, 0
1295860, 0, 1
1295864, 1, 1
1295913, 2, 0
1295924, 3, 1
1296010, 0, 0
1296014, 1, 1
1296063, 2, 1
1296074, 3, 0
1296160, 0, 1
1296164, 1, 0
1296214, 2, 1
1296224, 3, 1
1296310, 0, 0
1296314, 1, 0
1296364, 2, 0
1296374, 3, 1
1296460, 0, 1
1296464, 1, 1
1296514, 2, bit 1
1296514, 2, 0
1296524, 3, 0
1296610, 0, bit 1
1296610, 0, 1
1296614, 1, 0
1296664, 2, 1
1296674, 3, 1
1296760, 0, 0
1296764, 1, 1
1296814, 2, 0
1296824, 3, 0
1296910, 0, 1
1296914, 1, bit 0
1296914, 1, 1
1296964, 2, 1
1296974, 3, bit 0
1296974, 3, 1
1297060, 0, 0
1297064, 1, 0
1297114, 2, 1
1297124, 3, 0
1297210, 0, 1
1297214, 1, 0
1297264, 2, 0
1297274, 3, 0
1297360, 0, 0
1297364, 1, 1
1297414, 2, 0
1297424, 3, 1
1297510, 0, 0
1297514, 1, 1
1297564, 2, 1
1297574, 3, 0
1297660, 0, 1
1297664, 1, 0
1297714, 2, 0
1297724, 3, 1
1297810, 0, 1
1297814, 1, 0
1297864, 2, 1
1297874, 3, 0
1297960, 0, 0
1297964, 1, 1
1298014, 2, 1
1298024, 3, 1
1298110, 0, 1
1298114, 1, 1
1298164, 2, 0
1298174, 3, 0
1298260, 0, 0
1298264, 1, 0
1298314, 2, 0
1298324, 3, 1
1298410, 0, 1
1298414, 1, 0
1298464, 2, 1
1298475, 3, 1
1298560, 0, 0
1298564, 1, 1
1298614, 2, bit 0
1298614, 2, 1
1298625, 3, 0
1298710, 0, bit 1
1298710, 0, 1
1298714, 1, 0
1298764, 2, 0
1298775, 3, 1
1298860, 0, 0
1298864, 1, 1
1298914, 2, 1
1298925, 3, 0
1299010, 0, 1
1299014, 1, bit 1
1299014, 1, 0
1299064, 2, 0
1299075, 3, bit 1
1299075, 3, 0
1299160, 0, 0
1299164, 1, 1
1299214, 2, 0
1299225, 3, 1
1299310, 0, 1
1299314, 1, 1
1299364, 2, 1
1299375, 3, 1
1299460, 0, 0
1299464, 1, 0
1299514, 2, 1
1299525, 3, 0
1299610, 0, 0
1299614, 1, 0
1299664, 2, 0
1299675, 3, 1
1299760, 0, 1
1299764, 1, 1
1299814, 2, 1
1299825, 3, 0
1299910, 0, 1
1299914, 1, 1
1299964, 2, 0
1299975, 3, 1
1300060, 0, 0
1300064, 1, 0
1300114, 2, 0
1300125, 3, 0
1300210, 0, 1
1300214, 1, 0
1300264, 2, 1
1300275, 3, 1
1300360, 0, 0
1300364, 1, 1
1300414, 2, 1
1300425, 3, 0
1300510, 0, 1
1300514, 1, 1
1300564, 2, 0
1300575, 3, 0
1300660, 0, 0
1300664, 1, 0
1300714, 2, bit 0
1300714, 2, 1
1300725, 3, 1
1300810, 0, bit 1
1300810, 0, 1
1300814, 1, 1
1300864, 2, 0
1300875, 3, 0
1300960, 0, 0
1300964, 1, 0
1301014, 2, 1
1301025, 3, 1
1301110, 0, 1
1301114, 1, bit 1
1301114, 1, 0
1301164, 2, 0
1301175, 3, bit 1
1301175, 3, 0
1301260, 0, 0
1301264, 1, 1
1301314, 2, 0
1301325, 3, 1
1301410, 0, 1
1301414, 1, 1
1301464, 2, 1
1301475, 3, 1
1301560, 0, 0
1301564, 1, 0
1301614, 2, 1
1301625, 3, 0
1301710, 0, 0
1301714, 1, 0
1301764, 2, 0
1301775, 3, 1
1301860, 0, 1
1301880, 1, 1
1301914, 2, 1
1301925, 3, 0
1302010, 0, 1
1302030, 1, 1
1302064, 2, 0
1302075, 3, 1
1302160, 0, 0
1302180, 1, 0
1302214, 2, 0
1302225, 3, 0
1302310, 0, 1
1302330, 1, 0
1302364, 2, 1
1302375, 3, 1
1302460, 0, 0
1302480, 1, 1
1302514, 2, 1
1302525, 3, 0
1302610, 0, 1
1302630, 1, 1
1302664, 2, 0
1302675, 3, 0
1302760, 0, 0
1302780, 1, 0
1302814, 2, bit 0
1302814, 2, 1
1302825, 3, 1
1302910, 0, bit 0
1302910, 0, 0
1302930, 1, 1
1302964, 2, 0
1302975, 3, 0
1303060, 0, 1
1303080, 1, 0
1303114, 2, 1
1303126, 3, 1
1303211, 0, 0
1303230, 1, bit 0
1303230, 1, 1
1303264, 2, 0
1303276, 3, bit 1
1303276, 3, 0
1303361, 0, 1
1303380, 1, 0
1303414, 2, 0
1303426, 3, 1
1303511, 0, 0
1303530, 1, 0
1303564, 2, 1
1303576, 3, 1
1303661, 0, 1
1303680, 1, 1
1303714, 2, 1
1303726, 3, 0
1303811, 0, 1
1303830, 1, 1
1303864, 2, 0
1303876, 3, 1
1303961, 0, 0
1303980, 1, 0
1304014, 2, 1
1304026, 3, 0
1304111, 0, 0
1304130, 1, 0
1304164, 2, 0
1304176, 3, 1
1304261, 0, 1
1304280, 1, 1
1304314, 2, 0
1304326, 3, 0
1304411, 0, 0
1304430, 1, 1
1304464, 2, 1
1304476, 3, 1
1304561, 0, 1
1304580, 1, 0
1304614, 2, 1
1304626, 3, 0
1304711, 0, 0
1304730, 1, 0
1304764, 2, 0
1304776, 3, 0
1304861, 0, 1
1304880, 1, 1
1304914, 2, bit 0
1304914, 2, 1
1304926, 3, 1
1305011, 0, bit 0
1305011, 0, 0
1305030, 1, 0
1305064, 2, 0
1305076, 3, 0
1305161, 0, 1
1305180, 1, 1
1305214, 2, 1
1305226, 3, 1
1305311, 0, 0
1305330, 1, bit 0
1305330, 1, 1
1305364, 2, 0
1305376, 3, bit 0
1305376, 3, 1
1305461, 0, 1
1305480, 1, 0
1305515, 2, 0
1305526, 3, 0
1305611, 0, 0
1305630, 1, 0
1305665, 2, 1
1305676, 3, 0
1305761, 0, 1
1305780, 1, 1
1305815, 2, 1
1305826, 3, 1
1305911, 0, 1
1305930, 1, 1
1305965, 2, 0
1305976, 3, 0
1306061, 0, 0
1306080, 1, 0
1306115, 2, 1
1306126, 3, 1
1306211, 0, 0
1306230, 1, 0
1306265, 2, 0
1306276, 3, 0
1306361, 0, 1
1306380, 1, 1
1306415, 2, 0
1306426, 3, 1
1306511, 0, 0
1306530, 1, 1
1306565, 2, 1
1306576, 3, 0
1306661, 0, 1
1306680, 1, 0
1306715, 2, 1
1306726, 3, 1
1306811, 0, 0
1306830, 1, 0
1306865, 2, 0
1306876, 3, 1
1306961, 0, 1
1306980, 1, 1
1307015, 2, bit 1
1307015, 2, 0
1307026, 3, 0
1307111, 0, bit 1
1307111, 0, 1
1307130, 1, 0
1307165, 2, 1
1307176, 3, 1
1307261, 0, 0
1307280, 1, 1
1307315, 2, 0
1307326, 3, 0
1307411, 0, 1
1307430, 1, bit 1
1307430, 1, 0
1307465, 2, 1
1307476, 3, bit 1
1307476, 3, 0
1307561, 0, 0
1307580, 1, 1
1307615, 2, 1
1307626, 3, 1
1307711, 0, 1
1307730, 1, 1
1307765, 2, 0
1307776, 3, 1
1307862, 0, 0
1307880, 1, 0
1307915, 2, 0
1307926, 3, 0
1308012, 0, 0
1308030, 1, 0
1308065, 2, 1
1308076, 3, 1
1308162, 0, 1
1308180, 1, 1
1308215, 2, 0
1308226, 3, 0
1308312, 0, 1
1308331, 1, 1
1308365, 2, 1
1308376, 3, 1
1308462, 0, 0
1308481, 1, 0
1308515, 2, 1
1308526, 3, 0
1308612, 0, 1
1308631, 1, 0
1308665, 2, 0
1308676, 3, 1
1308762, 0, 0
1308781, 1, 1
1308815, 2, 0
1308826, 3, 0
1308912, 0, 1
1308931, 1, 1
1308965, 2, 1
1308976, 3, 0
1309062, 0, 0
1309081, 1, 0
1309115, 2, bit 0
1309115, 2, 1
1309126, 3, 1
1309212, 0, bit 1
1309212, 0, 1
1309231, 1, 1
1309265, 2, 0
1309276, 3, 0
1309362, 0, 0
1309381, 1, 0
1309415, 2, 1
1309426, 3, 1
1309512, 0, 1
1309531, 1, bit 0
1309531, 1, 1
1309565, 2, 0
1309576, 3, bit 0
1309576, 3, 1
1309662, 0, 0
1309681, 1, 0
1309715, 2, 0
1309726, 3, 0
1309812, 0, 1
1309831, 1, 0
1309865, 2, 1
1309876, 3, 0
1309962, 0, 0
1309981, 1, 1
1310015, 2, 1
1310026, 3, 1
1310112, 0, 0
1310131, 1, 1
1310166, 2, 0
1310176, 3, 0
1310262, 0, 1
1310281, 1, 0
1310316, 2, 1
1310326, 3, 1
1310412, 0, 1
1310431, 1, 0
1310466, 2, 0
1310476, 3, 0
1310562, 0, 0
1310581, 1, 1
1310616, 2, 0
1310626, 3, 1
1310712, 0, 1
1310731, 1, 1
1310766, 2, 1
1310776, 3, 0
1310862, 0, 0
1310881, 1, 0
1310916, 2, 1
1310926, 3, 1
1311012, 0, 1
1311031, 1, 0
1311066, 2, 0
1311076, 3, 1
1311162, 0, 0
1311181, 1, 1
1311216, 2, bit 1
1311216, 2, 0
1311226, 3, 0
1311312, 0, bit 0
1311312, 0, 0
1311331, 1, 0
1311366, 2, 1
1311376, 3, 1
1311462, 0, 1
1311481, 1, 1
1311516, 2, 0
1311526, 3, 0
1311612, 0, 0
1311631, 1, bit 1
1311631, 1, 0
1311666, 2, 1
1311676, 3, bit 0
1311676, 3, 1
1311762, 0, 1
1311781, 1, 1
1311816, 2, 1
1311826, 3, 0
1311912, 0, 0
1311931, 1, 1
1311966, 2, 0
1311976, 3, 0
1312062, 0, 1
1312081, 1, 0
1312116, 2, 0
1312126, 3, 1
1312212, 0, 1
1312231, 1, 0
1312266, 2, 1
1312276, 3, 0
1312362, 0, 0
1312381, 1, 1
1312416, 2, 0
1312427, 3, 1
1312512, 0, 0
1312531, 1, 1
1312566, 2, 1
1312577, 3, 0
1312662, 0, 1
1312681, 1, 0
1312716, 2, 1
1312727, 3, 1
1312812, 0, 0
1312831, 1, 0
1312866, 2, 0
1312877, 3, 0
1312962, 0, 1
1312982, 1, 1
1313016, 2, 0
1313027, 3, 1
1313112, 0, 0
1313132, 1, 1
1313166, 2, 1
1313177, 3, 1
1313262, 0, 1
1313282, 1, 0
1313316, 2, bit 0
1313316, 2, 1
1313327, 3, 0
1313412, 0, bit 1
1313412, 0, 1
1313432, 1, 1
1313466, 2, 0
1313477, 3, 1
1313562, 0, 0
1313582, 1, 0
1313616, 2, 1
1313627, 3, 0
1313712, 0, 1
1313732, 1, bit 0
1313732, 1, 1
1313766, 2, 0
1313777, 3, bit 0
1313777, 3, 1
1313862, 0, 0
1313882, 1, 0
1313916, 2, 0
1313927, 3, 0
1314012, 0, 1
1314032, 1, 0
1314066, 2, 1
1314077, 3, 0
1314162, 0, 0
1314182, 1, 1
1314216, 2, 1
1314227, 3, 1
1314312, 0, 0
1314332, 1, 1
1314366, 2, 0
1314377, 3, 0
1314462, 0, 1
1314482, 1, 0
1314516, 2, 1
1314527, 3, 1
1314612, 0, 1
1314632, 1, 0
1314666, 2, 0
1314677, 3, 0
1314762, 0, 0
1314782, 1, 1
1314816, 2, 0
1314827, 3, 1
1314912, 0, 1
1314932, 1, 1
1314966, 2, 1
1314977, 3, 0
1315062, 0, 0
1315082, 1, 0
1315116, 2, 1
1315127, 3, 1
1315212, 0, 1
1315232, 1, 0
1315266, 2, 0
1315277, 3, 1
1315362, 0, 0
1315382, 1, 1
1315416, 2, bit 1
1315416, 2, 0
1315427, 3, 0
1315512, 0, bit 0
1315512, 0, 0
1315532, 1, 0
1315566, 2, 1
1315577, 3, 1
1315662, 0, 1
1315682, 1, 1
1315716, 2, 0
1315727, 3, 0
1315812, 0, 0
1315832, 1, bit 0
1315832, 1, 1
1315866, 2, 1
1315877, 3, bit 0
1315880, 3, 1
1315962, 0, 1
1315982, 1, 0
1316016, 2, 1
1316027, 3, 0
1316112, 0, 0
1316132, 1, 0
1316166, 2, 0
1316177, 3, 0
1316262, 0, 1
1316282, 1, 1
1316316, 2, 0
1316327, 3, 1
1316412, 0, 1
1316432, 1, 1
1316466, 2, 1
1316477, 3, 0
1316562, 0, 0
1316582, 1, 0
1316616, 2, 0
1316627, 3, 1
1316712, 0, 0
1316732, 1, 0
1316766, 2, 1
1316777, 3, 0
1316862, 0, 1
1316882, 1, 1
1316916, 2, 1
1316927, 3, 1
1317012, 0, 0
1317032, 1, 1
1317066, 2, 0
1317078, 3, 0
1317163, 0, 1
1317182, 1, 0
1317216, 2, 0
1317228, 3, 1
1317313, 0, 0
1317332, 1, 0
1317366, 2, 1
1317378, 3, 1
1317463, 0, 1
1317482, 1, 1
1317516, 2, bit 1
1317516, 2, 0
1317528, 3, 0
1317632, 1, 0
1317666, 2, 1
1317678, 3, 1
1317782, 1, 1
1317816, 2, 0
1317828, 3, 0
1317932, 1, bit 1
1317932, 1, 0
1317966, 2, 1
1317978, 3, bit 1
1317978, 3, 0
1318082, 1, 1
1318116, 2, 1
1318128, 3, 1
1318232, 1, 1
1318266, 2, 0
1318278, 3, 1
1318382, 1, 0
1318416, 2, 0
1318428, 3, 0
1318532, 1, 0
1318566, 2, 1
1318578, 3, 1
1318682, 1, 1
1318716, 2, 0
1318728, 3, 0
1318832, 1, 1
1318866, 2, 1
1318878, 3, 1
1318982, 1, 0
1319016, 2, 1
1319028, 3, 0
1319132, 1, 0
1319166, 2, 0
1319178, 3, 1
1319282, 1, 1
1319316, 2, 0
1319328, 3, 0
1319432, 1, 1
1319467, 2, 1
1319478, 3, 0
1319582, 1, 0
1319617, 2, bit 0
1319617, 2, 1
1319628, 3, 1
1319732, 1, 1
1319767, 2, 0
1319778, 3, 0
1319882, 1, 0
1319917, 2, 1
1319928, 3, 1
1320032, 1, bit 1
1320032, 1, 0
1320067, 2, 0
1320078, 3, bit 0
1320081, 3, 1
1320182, 1, 1
1320217, 2, 0
1320228, 3, 0
1320332, 1, 1
1320367, 2, 1
1320378, 3, 0
1320482, 1, 0
1320517, 2, 1
1320528, 3, 1
1320632, 1, 0
1320667, 2, 0
1320678, 3, 0
1320782, 1, 1
1320817, 2, 1
1320828, 3, 1
1320932, 1, 1
1320967, 2, 0
1320978, 3, 0
1321082, 1, 0
1321117, 2, 0
1321128, 3, 1
1321232, 1, 0
1321267, 2, 1
1321278, 3, 0
1321382, 1, 1
1321417, 2, 1
1321428, 3, 1
1321532, 1, 1
1321567, 2, 0
1321578, 3, 1
1321682, 1, 0
1321717, 2, bit 0
1321717, 2, 1
1321728, 3, 0
1321832, 1, 1
1321867, 2, 0
1321878, 3, 1
1321982, 1, 0
1322017, 2, 1
1322028, 3, 0
1322132, 1, bit 1
1322132, 1, 0
1322167, 2, 0
1322178, 3, bit 1
1322178, 3, 0
1322283, 1, 1
1322317, 2, 0
1322328, 3, 1
1322433, 1, 1
1322467, 2, 1
1322478, 3, 1
1322583, 1, 0
1322617, 2, 1
1322628, 3, 0
1322733, 1, 0
1322767, 2, 0
1322778, 3, 1
1322883, 1, 1
1322917, 2, 1
1322928, 3, 0
1323033, 1, 1
1323067, 2, 0
1323078, 3, 1
1323183, 1, 0
1323217, 2, 0
1323228, 3, 0
1323333, 1, 0
1323367, 2, 1
1323378, 3, 1
1323483, 1, 1
1323517, 2, 1
1323528, 3, 0
1323633, 1, 1
1323667, 2, 0
1323678, 3, 0
1323783, 1, 0
1323817, 2, bit 1
1323817, 2, 0
1323828, 3, 1
1323933, 1, 1
1323967, 2, 1
1323978, 3, 0
1324083, 1, 0
1324118, 2, 0
1324128, 3, 1
1324233, 1, bit 1
1324233, 1, 0
1324268, 2, 1
1324278, 3, bit 1
1324278, 3, 0
1324383, 1, 1
1324418, 2, 1
1324428, 3, 1
1324533, 1, 1
1324568, 2, 0
1324578, 3, 1
1324683, 1, 0
1324718, 2, 0
1324728, 3, 0
1324833, 1, 0
1324868, 2, 1
1324878, 3, 1
1324983, 1, 1
1325018, 2, 0
1325028, 3, 0
1325133, 1, 1
1325168, 2, 1
1325178, 3, 1
1325283, 1, 0
1325318, 2, 1
1325328, 3, 0
1325433, 1, 0
1325468, 2, 0
1325478, 3, 1
1325583, 1, 1
1325618, 2, 0
1325628, 3, 0
1325733, 1, 1
1325768, 2, 1
1325778, 3, 0
1325883, 1, 0
1325918, 2, bit 1
1325918, 2, 0
1325928, 3, 1
1326033, 1, 1
1326068, 2, 1
1326078, 3, 0
1326183, 1, 0
1326218, 2, 0
1326228, 3, 1
1326333, 1, bit 0
1326333, 1, 1
1326368, 2, 1
1326379, 3, bit 0
1326379, 3, 1
1326483, 1, 0
1326518, 2, 1
1326529, 3, 0
1326633, 1, 0
1326668, 2, 0
1326679, 3, 0
1326783, 1, 1
1326818, 2, 0
1326829, 3, 1
1326934, 1, 1
1326968, 2, 1
1326979, 3, 0
1327084, 1, 0
1327118, 2, 0
1327129, 3, 1
1327234, 1, 0
1327268, 2, 1
1327279, 3, 0
1327384, 1, 1
1327418, 2, 1
1327429, 3, 1
1327534, 1, 1
1327568, 2, 0
1327579, 3, 0
1327684, 1, 0
1327718, 2, 0
1327729, 3, 1
1327834, 1, 0
1327868, 2, 1
1327879, 3, 1
1327984, 1, 1
1328018, 2, bit 0
1328026, 2, 1
1328029, 3, 0
1328134, 1, 0
1328168, 2, 0
1328179, 3, 1
1328284, 1, 1
1328318, 2, 1
1328329, 3, 0
1328468, 2, 0
1328479, 3, bit 0
1328479, 3, 1
1328618, 2, 0
1328629, 3, 0
1328768, 2, 1
1328779, 3, 0
1328918, 2, 1
1328929, 3, 1
1329068, 2, 0
1329079, 3, 0
1329218, 2, 1
1329229, 3, 1
1329368, 2, 0
1329379, 3, 0
1329518, 2, 0
1329529, 3, 1
1329668, 2, 1
1329679, 3, 0
1329818, 2, 1
1329829, 3, 1
1329968, 2, 0
1329979, 3, 1
1330118, 2, bit 1
1330118, 2, 0
1330129, 3, 0
1330268, 2, 1
1330279, 3, 1
1330418, 2, 0
1330429, 3, 0
1330568, 2, 1
1330579, 3, bit 1
1330579, 3, 0
1330718, 2, 1
1330729, 3, 1
1330868, 2, 0
1330879, 3, 1
1331018, 2, 0
1331030, 3, 0
1331168, 2, 1
1331180, 3, 1
1331318, 2, 0
1331330, 3, 0
1331468, 2, 1
1331480, 3, 1
1331618, 2, 1
1331630, 3, 0
1331768, 2, 0
1331780, 3, 1
1331918, 2, 0
1331930, 3, 0
1332068, 2, 1
1332080, 3, 0
1332218, 2, bit 0
1332218, 2, 1
1332230, 3, 1
1332368, 2, 0
1332380, 3, 0
1332518, 2, 1
1332530, 3, 1
1332668, 2, 0
1332680, 3, bit 1
1332680, 3, 0
1332818, 2, 0
1332830, 3, 1
1332968, 2, 1
1332980, 3, 1
1333118, 2, 1
1333130, 3, 0
1333268, 2, 0
1333280, 3, 1
1333419, 2, 1
1333430, 3, 0
1333569, 2, 0
1333580, 3, 1
1333719, 2, 0
1333730, 3, 0
1333869, 2, 1
1333880, 3, 1
1334019, 2, 1
1334030, 3, 0
1334169, 2, 0
1334180, 3, 0
1334319, 2, bit 1
1334319, 2, 0
1334330, 3, 1
1334469, 2, 1
1334480, 3, 0
1334619, 2, 0
1334630, 3, 1
1334769, 2, 1
1334780, 3, bit 1
1334784, 3, 0
1334919, 2, 1
1334930, 3, 1
1335069, 2, 0
1335080, 3, 1
1335219, 2, 0
1335230, 3, 0
1335369, 2, 1
1335380, 3, 1
1335519, 2, 0
1335530, 3, 0
1335669, 2, 1
1335680, 3, 1
1335819, 2, 1
1335830, 3, 0
1335969, 2, 0
1335980, 3, 1
1336119, 2, 0
1336130, 3, 0
1336269, 2, 1
1336280, 3, 0
1336419, 2, bit 0
1336419, 2, 1
1336430, 3, 1
1336569, 2, 0
1336580, 3, 0
1336719, 2, 1
1336730, 3, 1
1336869, 2, 0
1336880, 3, bit 1
1336880, 3, 0
1337019, 2, 0
1337030, 3, 1
1337169, 2, 1
1337180, 3, 1
1337319, 2, 1
1337330, 3, 0
1337469, 2, 0
1337480, 3, 1
1337619, 2, 1
1337630, 3, 0
1337769, 2, 0
1337780, 3, 1
1337919, 2, 0
1337930, 3, 0
1338070, 2, 1
1338080, 3, 1
1338220, 2, 1
1338230, 3, 0
1338370, 2, 0
1338380, 3, 0
1338530, 3, 1
1338680, 3, 0
1338830, 3, 1
1338980, 3, bit 1
1338980, 3, 0
1339130, 3, 1
1339280, 3, 1
1339430, 3, 0
1339580, 3, 1
1339730, 3, 0
1339880, 3, 1
1340030, 3, 0
1340180, 3, 1
1340331, 3, 0
1340481, 3, 0
1340631, 3, 1
1340781, 3, 0
1340931, 3, 1
1341081, 3, bit 1
1341081, 3, 0
1341231, 3, 1
1341381, 3, 1
1341531, 3, 0
1341681, 3, 1
1341831, 3, 0
1341981, 3, 1
1342131, 3, 0
1342281, 3, 1
1342431, 3, 0
1342581, 3, 0
1342731, 3, 1
1342881, 3, 0
1343031, 3, 1
1343181, 3, bit 0
1343181, 3, 1
1343331, 3, 0
1343481, 3, 0
1343631, 3, 1
1343781, 3, 0
1343931, 3, 1
1344081, 3, 0
1344231, 3, 1
1344381, 3, 0
1344531, 3, 1
1344681, 3, 1
1344831, 3, 0
1344982, 3, 1
1345132, 3, 0
1345282, 3, bit 1
1345282, 3, 0
1345432, 3, 1
1345582, 3, 1
1345732, 3, 0
1345882, 3, 1
1346032, 3, 0
1346182, 3, 1
1346332, 3, 0
1346482, 3, 1
1346632, 3, 0
1346782, 3, 0
1346932, 3, 1
1347082, 3, 0
1347232, 3, 1
1347382, 3, bit 0
1347382, 3, 1
1347532, 3, 0
1347682, 3, 0
1347832, 3, 1
1347982, 3, 0
1348132, 3, 1
1348282, 3, 0
1348432, 3, 1
1348582, 3, 0
1348732, 3, 1
1348882, 3, 1
1349032, 3, 0
1349182, 3, 1
1349332, 3, 0
