150 100 4 7 4
(2, 20, 9, 10.00), (code 0)
(3, 90, 9, 10.00), (code 2)
(4, 160, 0, 10.00), (code 5)
(5, 230, 3, 10.00), (code 4)
START
1361050, 0, prem 0
1361050, 0, 0
1361200, 0, 0
1361350, 0, 0
1361500, 0, 0
1361650, 0, 1
1361800, 0, 1
1361950, 0, 1
1362100, 0, 1
1362250, 0, prem 1
1362250, 0, 1
1362400, 0, 1
1362550, 0, 1
1362700, 0, 1
1362850, 0, 0
1363000, 0, 0
1363150, 0, 0
1363300, 0, 0
1363450, 0, prem 1
1363450, 0, 1
1363600, 0, 1
1363750, 0, 1
1363900, 0, 1
1364050, 0, 0
1364200, 0, 0
1364350, 0, 0
1364500, 0, 0
1364651, 0, prem 1
1364651, 0, 1
1364801, 0, 1
1364951, 0, 1
1365101, 0, 1
1365251, 0, 0
1365401, 0, 0
1365551, 0, 0
1365701, 0, 0
1365851, 0, prem 1
1365851, 0, 1
1366001, 0, 1
1366151, 0, 1
1366301, 0, 1
1366451, 0, 0
1366601, 0, 0
1366751, 0, 0
1366901, 0, 0
1367051, 0, prem 0
1367051, 0, 0
1367201, 0, 0
1367351, 0, 0
1367501, 0, 0
1367651, 0, 1
1367801, 0, 1
1367951, 0, 1
1368101, 0, 1
1368251, 0, prem 0
1368251, 0, 0
1368401, 0, 0
1368551, 0, 0
1368701, 0, 0
1368851, 0, 1
1369001, 0, 1
1369151, 0, 1
1369302, 0, 1
1369452, 0, bit 1
1369452, 0, 0
1369602, 0, 1
1369752, 0, 1
1369902, 0, 0
1370052, 0, 1
1370202, 0, 0
1370352, 0, 1
1370502, 0, 0
1370652, 0, 1
1370802, 0, 0
1370952, 0, 0
1371102, 0, 1
1371252, 0, 0
1371402, 0, 1
1371552, 0, bit 0
1371552, 0, 1
1371554, 1, prem 0
1371554, 1, 0
1371702, 0, 0
1371704, 1, 0
1371852, 0, 0
1371854, 1, 0
1372002, 0, 1
1372004, 1, 0
1372152, 0, 0
1372154, 1, 1
1372302, 0, 1
1372304, 1, 1
1372452, 0, 0
1372454, 1, 1
1372602, 0, 1
1372604, 1, 1
1372752, 0, 0
1372754, 1, prem 1
1372754, 1, 1
1372902, 0, 1
1372904, 1, 1
1373052, 0, 1
1373054, 1, 1
1373202, 0, 0
1373204, 1, 1
1373352, 0, 1
1373355, 1, 0
1373502, 0, 0
1373505, 1, 0
1373652, 0, bit 0
1373652, 0, 1
1373655, 1, 0
1373802, 0, 0
1373805, 1, 0
1373952, 0, 0
1373955, 1, prem 0
1373955, 1, 0
1374102, 0, 1
1374105, 1, 0
1374252, 0, 0
1374255, 1, 0
1374402, 0, 1
1374405, 1, 0
1374552, 0, 0
1374555, 1, 1
1374702, 0, 1
1374705, 1, 1
1374852, 0, 0
1374855, 1, 1
1375002, 0, 1
1375005, 1, 1
1375152, 0, 1
1375155, 1, prem 1
1375155, 1, 1
1375302, 0, 0
1375305, 1, 1
1375452, 0, 1
1375455, 1, 1
1375602, 0, 0
1375605, 1, 1
1375752, 0, bit 0
1375752, 0, 1
1375755, 1, 0
1375902, 0, 0
1375905, 1, 0
1376052, 0, 0
1376055, 1, 0
1376202, 0, 1
1376205, 1, 0
1376352, 0, 0
1376355, 1, prem 0
1376355, 1, 0
1376502, 0, 1
1376505, 1, 0
1376652, 0, 0
1376655, 1, 0
1376802, 0, 1
1376805, 1, 0
1376952, 0, 0
1376955, 1, 1
1377102, 0, 1
1377105, 1, 1
1377252, 0, 1
1377255, 1, 1
1377402, 0, 0
1377405, 1, 1
1377552, 0, 1
1377555, 1, prem 1
1377555, 1, 1
1377702, 0, 0
1377705, 1, 1
1377852, 0, bit 0
1377852, 0, 1
1377855, 1, 1
1378002, 0, 0
1378006, 1, 1
1378152, 0, 0
1378156, 1, 0
1378302, 0, 1
1378306, 1, 0
1378452, 0, 0
1378456, 1, 0
1378603, 0, 1
1378606, 1, 0
1378753, 0, 0
1378756, 1, prem 1
1378756, 1, 1
1378903, 0, 1
1378906, 1, 1
1379053, 0, 0
1379056, 1, 1
1379203, 0, 1
1379206, 1, 1
1379353, 0, 1
1379356, 1, 0
1379503, 0, 0
1379506, 1, 0
1379653, 0, 1
1379656, 1, 0
1379803, 0, 0
1379806, 1, 0
1379953, 0, bit 1
1379953, 0, 0
1379956, 1, bit 1
1379956, 1, 0
1380103, 0, 1
1380106, 1, 1
1380253, 0, 1
1380256, 1, 1
1380403, 0, 0
1380406, 1, 0
1380553, 0, 1
1380556, 1, 0
1380703, 0, 0
1380706, 1, 1
1380708, 2, prem 1
1380708, 2, 1
1380853, 0, 1
1380856, 1, 1
1380858, 2, 1
1381003, 0, 0
1381006, 1, 0
1381008, 2, 1
1381153, 0, 1
1381156, 1, 0
1381158, 2, 1
1381303, 0, 0
1381306, 1, 1
1381308, 2, 0
1381453, 0, 0
1381456, 1, 1
1381458, 2, 0
1381603, 0, 1
1381606, 1, 0
1381608, 2, 0
1381753, 0, 0
1381756, 1, 1
1381758, 2, 0
1381903, 0, 1
1381906, 1, 0
1381908, 2, prem 0
1381908, 2, 0
1382053, 0, bit 1
1382053, 0, 0
1382056, 1, bit 1
1382056, 1, 0
1382059, 2, 0
1382203, 0, 1
1382206, 1, 1
1382209, 2, 0
1382353, 0, 1
1382356, 1, 1
1382359, 2, 0
1382503, 0, 0
1382506, 1, 0
1382509, 2, 1
1382653, 0, 1
1382657, 1, 0
1382659, 2, 1
1382803, 0, 0
1382807, 1, 1
1382809, 2, 1
1382953, 0, 1
1382957, 1, 1
1382959, 2, 1
1383103, 0, 0
1383107, 1, 0
1383109, 2, prem 1
1383109, 2, 1
1383254, 0, 1
1383257, 1, 0
1383259, 2, 1
1383404, 0, 0
1383407, 1, 1
1383409, 2, 1
1383554, 0, 0
1383557, 1, 1
1383559, 2, 1
1383704, 0, 1
1383707, 1, 0
1383709, 2, 0
1383854, 0, 0
1383857, 1, 1
1383859, 2, 0
1384004, 0, 1
1384007, 1, 0
1384009, 2, 0
1384154, 0, bit 0
1384154, 0, 1
1384157, 1, bit 1
1384160, 1, 0
1384160, 2, 0
1384304, 0, 0
1384307, 1, 1
1384310, 2, prem 1
1384310, 2, 1
1384454, 0, 0
1384457, 1, 1
1384460, 2, 1
1384604, 0, 1
1384607, 1, 0
1384610, 2, 1
1384754, 0, 0
1384757, 1, 0
1384760, 2, 1
1384904, 0, 1
1384907, 1, 1
1384910, 2, 0
1385054, 0, 0
1385057, 1, 1
1385060, 2, 0
1385204, 0, 1
1385207, 1, 0
1385210, 2, 0
1385354, 0, 0
1385357, 1, 0
1385360, 2, 0
1385504, 0, 1
1385507, 1, 1
1385510, 2, prem 0
1385510, 2, 0
1385654, 0, 1
1385657, 1, 1
1385660, 2, 0
1385804, 0, 0
1385807, 1, 0
1385810, 2, 0
1385954, 0, 1
1385957, 1, 1
1385960, 2, 0
1386104, 0, 0
1386107, 1, 0
1386110, 2, 1
1386254, 0, bit 1
1386254, 0, 0
1386257, 1, bit 1
1386257, 1, 0
1386260, 2, 1
1386404, 0, 1
1386407, 1, 1
1386411, 2, 1
1386554, 0, 1
1386557, 1, 1
1386561, 2, 1
1386704, 0, 0
1386707, 1, 0
1386711, 2, prem 0
1386711, 2, 0
1386854, 0, 1
1386857, 1, 0
1386861, 2, 0
1387004, 0, 0
1387008, 1, 1
1387011, 2, 0
1387154, 0, 1
1387158, 1, 1
1387161, 2, 0
1387304, 0, 0
1387308, 1, 0
1387311, 2, 1
1387454, 0, 1
1387458, 1, 0
1387461, 2, 1
1387604, 0, 0
1387608, 1, 1
1387611, 2, 1
1387754, 0, 0
1387758, 1, 1
1387761, 2, 1
1387904, 0, 1
1387908, 1, 0
1387911, 2, prem 1
1387911, 2, 1
1388054, 0, 0
1388058, 1, 1
1388061, 2, 1
1388204, 0, 1
1388208, 1, 0
1388211, 2, 1
1388354, 0, bit 0
1388354, 0, 1
1388358, 1, bit 1
1388358, 1, 0
1388361, 2, 1
1388504, 0, 0
1388508, 1, 1
1388511, 2, 0
1388654, 0, 0
1388658, 1, 1
1388661, 2, 0
1388804, 0, 1
1388808, 1, 0
1388811, 2, 0
1388954, 0, 0
1388958, 1, 0
1388961, 2, 0
1389104, 0, 1
1389108, 1, 1
1389111, 2, bit 1
1389111, 2, 1
1389254, 0, 0
1389258, 1, 1
1389261, 2, 0
1389404, 0, 1
1389408, 1, 0
1389411, 2, 0
1389554, 0, 0
1389558, 1, 0
1389561, 2, 1
1389704, 0, 1
1389708, 1, 1
1389711, 2, 1
1389854, 0, 1
1389858, 1, 1
1389861, 2, 0
1390004, 0, 0
1390008, 1, 0
1390011, 2, 1
1390154, 0, 1
1390158, 1, 1
1390161, 2, 0
1390304, 0, 0
1390308, 1, 0
1390311, 2, 0
1390454, 0, bit 0
1390454, 0, 1
1390458, 1, bit 0
1390458, 1, 1
1390461, 2, 1
1390604, 0, 0
1390608, 1, 0
1390611, 2, 0
1390754, 0, 0
1390758, 1, 0
1390761, 2, 1
1390904, 0, 1
1390908, 1, 1
1390911, 2, 1
1391054, 0, 0
1391058, 1, 1
1391062, 2, 0
1391204, 0, 1
1391208, 1, 0
1391212, 2, bit 1
1391212, 2, 1
1391354, 0, 0
1391358, 1, 0
1391362, 2, 0
1391504, 0, 1
1391508, 1, 1
1391512, 2, 0
1391654, 0, 0
1391659, 1, 1
1391662, 2, 1
1391664, 3, prem 0
1391664, 3, 0
1391804, 0, 1
1391809, 1, 0
1391812, 2, 1
1391814, 3, 0
1391954, 0, 1
1391959, 1, 0
1391962, 2, 0
1391964, 3, 0
1392104, 0, 0
1392109, 1, 1
1392112, 2, 1
1392114, 3, 0
1392254, 0, 1
1392259, 1, 0
1392262, 2, 0
1392264, 3, 1
1392404, 0, 0
1392409, 1, 1
1392412, 2, 0
1392414, 3, 1
1392555, 0, bit 0
1392555, 0, 1
1392559, 1, bit 1
1392559, 1, 0
1392562, 2, 1
1392564, 3, 1
1392705, 0, 0
1392709, 1, 1
1392712, 2, 0
1392714, 3, 1
1392855, 0, 0
1392859, 1, 1
1392862, 2, 1
1392864, 3, prem 0
1392867, 3, 0
1393005, 0, 1
1393009, 1, 0
1393012, 2, 1
1393014, 3, 0
1393155, 0, 0
1393159, 1, 0
1393162, 2, 0
1393164, 3, 0
1393305, 0, 1
1393309, 1, 1
1393312, 2, bit 1
1393312, 2, 1
1393314, 3, 0
1393455, 0, 0
1393459, 1, 1
1393462, 2, 0
1393464, 3, 1
1393605, 0, 1
1393609, 1, 0
1393612, 2, 0
1393614, 3, 1
1393755, 0, 0
1393759, 1, 0
1393762, 2, 1
1393764, 3, 1
1393905, 0, 1
1393909, 1, 1
1393912, 2, 1
1393914, 3, 1
1394055, 0, 1
1394059, 1, 1
1394062, 2, 0
1394064, 3, prem 0
1394067, 3, 0
1394205, 0, 0
1394209, 1, 0
1394212, 2, 1
1394214, 3, 0
1394355, 0, 1
1394359, 1, 1
1394362, 2, 0
1394364, 3, 0
1394505, 0, 0
1394509, 1, 0
1394512, 2, 0
1394514, 3, 0
1394655, 0, bit 0
1394655, 0, 1
1394659, 1, bit 0
1394659, 1, 1
1394662, 2, 1
1394664, 3, 1
1394805, 0, 0
1394809, 1, 0
1394812, 2, 0
1394814, 3, 1
1394955, 0, 0
1394959, 1, 0
1394962, 2, 1
1394964, 3, 1
1395105, 0, 1
1395109, 1, 1
1395112, 2, 1
1395115, 3, 1
1395255, 0, 0
1395259, 1, 1
1395262, 2, 0
1395265, 3, prem 0
1395265, 3, 0
1395405, 0, 1
1395409, 1, 0
1395412, 2, bit 1
1395412, 2, 1
1395415, 3, 0
1395555, 0, 0
1395559, 1, 0
1395562, 2, 0
1395565, 3, 0
1395705, 0, 1
1395709, 1, 1
1395712, 2, 0
1395715, 3, 0
1395855, 0, 0
1395859, 1, 1
1395862, 2, 1
1395865, 3, 1
1396005, 0, 1
1396009, 1, 0
1396012, 2, 1
1396015, 3, 1
1396155, 0, 1
1396159, 1, 0
1396162, 2, 0
1396165, 3, 1
1396305, 0, 0
1396310, 1, 1
1396312, 2, 1
1396315, 3, 1
1396455, 0, 1
1396460, 1, 0
1396463, 2, 0
1396465, 3, prem 1
1396465, 3, 1
1396605, 0, 0
1396610, 1, 1
1396613, 2, 0
1396615, 3, 1
1396755, 0, bit 1
1396755, 0, 0
1396760, 1, bit 0
1396760, 1, 1
1396763, 2, 1
1396765, 3, 1
1396905, 0, 1
1396910, 1, 0
1396913, 2, 0
1396915, 3, 1
1397055, 0, 1
1397060, 1, 0
1397063, 2, 1
1397065, 3, 0
1397206, 0, 0
1397210, 1, 1
1397213, 2, 1
1397215, 3, 0
1397356, 0, 1
1397360, 1, 1
1397363, 2, 0
1397365, 3, 0
1397506, 0, 0
1397510, 1, 0
1397513, 2, bit 1
1397513, 2, 1
1397516, 3, 0
1397656, 0, 1
1397660, 1, 0
1397663, 2, 0
1397666, 3, prem 0
1397666, 3, 0
1397806, 0, 0
1397810, 1, 1
1397813, 2, 0
1397816, 3, 0
1397956, 0, 1
1397960, 1, 1
1397963, 2, 1
1397966, 3, 0
1398106, 0, 0
1398110, 1, 0
1398113, 2, 1
1398116, 3, 0
1398256, 0, 0
1398260, 1, 0
1398263, 2, 0
1398266, 3, 1
1398406, 0, 1
1398410, 1, 1
1398413, 2, 1
1398416, 3, 1
1398556, 0, 0
1398560, 1, 0
1398563, 2, 0
1398566, 3, 1
1398706, 0, 1
1398710, 1, 1
1398713, 2, 0
1398716, 3, 1
1398856, 0, bit 0
1398856, 0, 1
1398860, 1, bit 0
1398860, 1, 1
1398863, 2, 1
1398866, 3, prem 1
1398866, 3, 1
1399006, 0, 0
1399010, 1, 0
1399013, 2, 0
1399016, 3, 1
1399156, 0, 0
1399160, 1, 0
1399163, 2, 1
1399166, 3, 1
1399306, 0, 1
1399310, 1, 1
1399313, 2, 1
1399316, 3, 1
1399456, 0, 0
1399460, 1, 1
1399463, 2, 0
1399467, 3, 0
1399606, 0, 1
1399610, 1, 0
1399613, 2, bit 1
1399613, 2, 1
1399617, 3, 0
1399756, 0, 0
1399760, 1, 0
1399763, 2, 0
1399767, 3, 0
1399906, 0, 1
1399910, 1, 1
1399913, 2, 0
1399917, 3, 0
1400056, 0, 0
1400060, 1, 1
1400064, 2, 1
1400067, 3, bit 1
1400067, 3, 0
1400206, 0, 1
1400210, 1, 0
1400214, 2, 1
1400217, 3, 1
1400356, 0, 1
1400360, 1, 0
1400364, 2, 0
1400367, 3, 0
1400506, 0, 0
1400510, 1, 1
1400514, 2, 1
1400517, 3, 1
1400656, 0, 1
1400660, 1, 0
1400664, 2, 0
1400667, 3, 0
1400806, 0, 0
1400810, 1, 1
1400814, 2, 0
1400817, 3, 1
1400956, 0, bit 1
1400956, 0, 0
1400960, 1, bit 1
1400960, 1, 0
1400964, 2, 1
1400967, 3, 0
1401106, 0, 1
1401110, 1, 1
1401114, 2, 0
1401117, 3, 1
1401256, 0, 1
1401260, 1, 1
1401264, 2, 1
1401267, 3, 1
1401406, 0, 0
1401410, 1, 0
1401414, 2, 1
1401417, 3, 0
1401556, 0, 1
1401560, 1, 0
1401564, 2, 0
1401567, 3, 0
1401706, 0, 0
1401710, 1, 1
1401714, 2, bit 0
1401714, 2, 0
1401717, 3, 1
1401856, 0, 1
1401860, 1, 1
1401864, 2, 1
1401867, 3, 1
1402006, 0, 0
1402010, 1, 0
1402014, 2, 1
1402017, 3, 0
1402156, 0, 1
1402160, 1, 0
1402164, 2, 0
1402167, 3, bit 1
1402170, 3, 0
1402306, 0, 0
1402310, 1, 1
1402314, 2, 0
1402317, 3, 1
1402456, 0, 0
1402460, 1, 1
1402464, 2, 1
1402467, 3, 0
1402606, 0, 1
1402610, 1, 0
1402614, 2, 0
1402617, 3, 1
1402756, 0, 0
1402760, 1, 1
1402764, 2, 1
1402767, 3, 0
1402906, 0, 1
1402910, 1, 0
1402914, 2, 1
1402917, 3, 1
1403056, 0, bit 1
1403056, 0, 0
1403060, 1, bit 0
1403060, 1, 1
1403064, 2, 0
1403067, 3, 0
1403206, 0, 1
1403210, 1, 0
1403214, 2, 1
1403217, 3, 1
1403356, 0, 1
1403360, 1, 0
1403364, 2, 0
1403367, 3, 1
1403506, 0, 0
1403510, 1, 1
1403514, 2, 0
1403517, 3, 0
1403656, 0, 1
1403660, 1, 1
1403664, 2, 1
1403667, 3, 0
1403806, 0, 0
1403810, 1, 0
1403814, 2, bit 1
1403814, 2, 1
1403817, 3, 1
1403956, 0, 1
1403960, 1, 0
1403964, 2, 0
1403967, 3, 1
1404106, 0, 0
1404110, 1, 1
1404114, 2, 0
1404118, 3, 0
1404256, 0, 1
1404260, 1, 1
1404264, 2, 1
1404268, 3, bit 1
1404268, 3, 0
1404406, 0, 0
1404410, 1, 0
1404414, 2, 1
1404418, 3, 1
1404556, 0, 0
1404560, 1, 0
1404564, 2, 0
1404568, 3, 0
1404706, 0, 1
1404710, 1, 1
1404715, 2, 1
1404718, 3, 1
1404856, 0, 0
1404860, 1, 0
1404865, 2, 0
1404868, 3, 0
1405006, 0, 1
1405010, 1, 1
1405015, 2, 0
1405018, 3, 1
1405156, 0, bit 0
1405156, 0, 1
1405160, 1, bit 1
1405160, 1, 0
1405165, 2, 1
1405168, 3, 0
1405306, 0, 0
1405310, 1, 1
1405315, 2, 0
1405318, 3, 1
1405456, 0, 0
1405460, 1, 1
1405465, 2, 1
1405468, 3, 1
1405606, 0, 1
1405611, 1, 0
1405615, 2, 1
1405618, 3, 0
1405756, 0, 0
1405761, 1, 0
1405765, 2, 0
1405768, 3, 0
1405906, 0, 1
1405911, 1, 1
1405915, 2, bit 0
1405915, 2, 0
1405918, 3, 1
1406056, 0, 0
1406061, 1, 1
1406065, 2, 1
1406068, 3, 1
1406206, 0, 1
1406211, 1, 0
1406215, 2, 1
1406218, 3, 0
1406356, 0, 0
1406361, 1, 0
1406365, 2, 0
1406368, 3, bit 0
1406368, 3, 1
1406507, 0, 1
1406511, 1, 1
1406515, 2, 0
1406518, 3, 0
1406657, 0, 1
1406661, 1, 1
1406665, 2, 1
1406668, 3, 1
1406807, 0, 0
1406811, 1, 0
1406815, 2, 0
1406818, 3, 0
1406957, 0, 1
1406961, 1, 1
1406965, 2, 1
1406968, 3, 1
1407107, 0, 0
1407111, 1, 0
1407115, 2, 1
1407118, 3, 0
1407257, 0, bit 1
1407257, 0, 0
1407261, 1, bit 0
1407261, 1, 1
1407265, 2, 0
1407268, 3, 1
1407407, 0, 1
1407411, 1, 0
1407415, 2, 1
1407418, 3, 0
1407557, 0, 1
1407561, 1, 0
1407565, 2, 0
1407568, 3, 0
1407707, 0, 0
1407711, 1, 1
1407715, 2, 0
1407718, 3, 1
1407857, 0, 1
1407861, 1, 1
1407865, 2, 1
1407868, 3, 1
1408007, 0, 0
1408011, 1, 0
1408015, 2, bit 0
1408015, 2, 0
1408018, 3, 0
1408157, 0, 1
1408161, 1, 0
1408165, 2, 1
1408168, 3, 0
1408307, 0, 0
1408311, 1, 1
1408315, 2, 1
1408318, 3, 1
1408457, 0, 1
1408461, 1, 1
1408465, 2, 0
1408468, 3, bit 1
1408468, 3, 0
1408607, 0, 0
1408611, 1, 0
1408615, 2, 0
1408618, 3, 1
1408757, 0, 0
1408761, 1, 0
1408765, 2, 1
1408768, 3, 0
1408907, 0, 1
1408911, 1, 1
1408915, 2, 0
1408918, 3, 1
1409057, 0, 0
1409061, 1, 0
1409065, 2, 1
1409068, 3, 0
1409207, 0, 1
1409211, 1, 1
1409215, 2, 1
1409218, 3, 1
1409357, 0, bit 1
1409357, 0, 0
1409361, 1, bit 0
1409361, 1, 1
1409366, 2, 0
1409368, 3, 0
1409507, 0, 1
1409511, 1, 0
1409516, 2, 1
1409518, 3, 1
1409657, 0, 1
1409661, 1, 0
1409666, 2, 0
1409668, 3, 1
1409807, 0, 0
1409811, 1, 1
1409816, 2, 0
1409818, 3, 0
1409957, 0, 1
1409961, 1, 1
1409966, 2, 1
1409968, 3, 0
1410107, 0, 0
1410111, 1, 0
1410116, 2, bit 0
1410116, 2, 0
1410118, 3, 1
1410257, 0, 1
1410262, 1, 0
1410266, 2, 1
1410268, 3, 1
1410407, 0, 0
1410412, 1, 1
1410416, 2, 1
1410418, 3, 0
1410557, 0, 1
1410562, 1, 1
1410566, 2, 0
1410568, 3, bit 0
1410568, 3, 1
1410707, 0, 0
1410712, 1, 0
1410716, 2, 0
1410718, 3, 0
1410857, 0, 0
1410862, 1, 0
1410866, 2, 1
1410868, 3, 1
1411007, 0, 1
1411012, 1, 1
1411016, 2, 0
1411018, 3, 0
1411158, 0, 0
1411162, 1, 0
1411166, 2, 1
1411168, 3, 1
1411308, 0, 1
1411312, 1, 1
1411316, 2, 1
1411318, 3, 0
1411458, 0, bit 0
1411458, 0, 1
1411462, 1, bit 0
1411462, 1, 1
1411466, 2, 0
1411468, 3, 1
1411608, 0, 0
1411612, 1, 0
1411616, 2, 1
1411618, 3, 0
1411758, 0, 0
1411762, 1, 0
1411766, 2, 0
1411768, 3, 0
1411908, 0, 1
1411912, 1, 1
1411916, 2, 0
1411918, 3, 1
1412058, 0, 0
1412062, 1, 1
1412066, 2, 1
1412068, 3, 1
1412208, 0, 1
1412212, 1, 0
1412216, 2, bit 0
1412216, 2, 0
1412218, 3, 0
1412358, 0, 0
1412362, 1, 0
1412366, 2, 1
1412368, 3, 0
1412508, 0, 1
1412512, 1, 1
1412516, 2, 1
1412518, 3, 1
1412658, 0, 0
1412662, 1, 1
1412666, 2, 0
1412668, 3, bit 0
1412668, 3, 1
1412808, 0, 1
1412812, 1, 0
1412816, 2, 0
1412818, 3, 0
1412958, 0, 1
1412962, 1, 0
1412966, 2, 1
1412968, 3, 1
1413108, 0, 0
1413112, 1, 1
1413116, 2, 0
1413118, 3, 0
1413258, 0, 1
1413262, 1, 0
1413266, 2, 1
1413268, 3, 1
1413408, 0, 0
1413412, 1, 1
1413416, 2, 1
1413419, 3, 0
1413558, 0, bit 0
1413558, 0, 1
1413562, 1, bit 0
1413562, 1, 1
1413566, 2, 0
1413569, 3, 1
1413708, 0, 0
1413712, 1, 0
1413716, 2, 1
1413719, 3, 0
1413858, 0, 0
1413862, 1, 0
1413866, 2, 0
1413869, 3, 0
1414008, 0, 1
1414012, 1, 1
1414016, 2, 0
1414019, 3, 1
1414158, 0, 0
1414162, 1, 1
1414166, 2, 1
1414169, 3, 1
1414308, 0, 1
1414312, 1, 0
1414316, 2, bit 0
1414316, 2, 0
1414319, 3, 0
1414458, 0, 0
1414462, 1, 0
1414466, 2, 1
1414469, 3, 0
1414608, 0, 1
1414612, 1, 1
1414616, 2, 1
1414619, 3, 1
1414758, 0, 0
1414762, 1, 1
1414766, 2, 0
1414769, 3, bit 0
1414769, 3, 1
1414908, 0, 1
1414912, 1, 0
1414916, 2, 0
1414919, 3, 0
1415058, 0, 1
1415062, 1, 0
1415066, 2, 1
1415069, 3, 1
1415208, 0, 0
1415212, 1, 1
1415216, 2, 0
1415219, 3, 0
1415358, 0, 1
1415362, 1, 0
1415366, 2, 1
1415369, 3, 1
1415508, 0, 0
1415512, 1, 1
1415516, 2, 1
1415519, 3, 0
1415658, 0, bit 0
1415658, 0, 1
1415662, 1, bit 1
1415662, 1, 0
1415666, 2, 0
1415669, 3, 1
1415808, 0, 0
1415812, 1, 1
1415816, 2, 1
1415819, 3, 0
1415958, 0, 0
1415962, 1, 1
1415966, 2, 0
1415969, 3, 0
1416108, 0, 1
1416112, 1, 0
1416116, 2, 0
1416119, 3, 1
1416258, 0, 0
1416262, 1, 0
1416266, 2, 1
1416269, 3, 1
1416408, 0, 1
1416412, 1, 1
1416416, 2, bit 1
1416416, 2, 1
1416419, 3, 0
1416558, 0, 0
1416562, 1, 1
1416566, 2, 0
1416569, 3, 0
1416708, 0, 1
1416712, 1, 0
1416716, 2, 0
1416719, 3, 1
1416858, 0, 0
1416862, 1, 0
1416866, 2, 1
1416869, 3, bit 0
1416869, 3, 1
1417008, 0, 1
1417012, 1, 1
1417016, 2, 1
1417019, 3, 0
1417158, 0, 1
1417162, 1, 1
1417166, 2, 0
1417169, 3, 1
1417308, 0, 0
1417312, 1, 0
1417316, 2, 1
1417319, 3, 0
1417458, 0, 1
1417462, 1, 1
1417466, 2, 0
1417469, 3, 1
1417608, 0, 0
1417612, 1, 0
1417616, 2, 0
1417619, 3, 0
1417758, 0, bit 1
1417758, 0, 0
1417762, 1, bit 0
1417762, 1, 1
1417766, 2, 1
1417769, 3, 1
1417908, 0, 1
1417912, 1, 0
1417916, 2, 0
1417919, 3, 0
1418058, 0, 1
1418062, 1, 0
1418066, 2, 1
1418070, 3, 0
1418208, 0, 0
1418212, 1, 1
1418216, 2, 1
1418220, 3, 1
1418358, 0, 1
1418362, 1, 1
1418366, 2, 0
1418370, 3, 1
1418508, 0, 0
1418512, 1, 0
1418516, 2, bit 0
1418516, 2, 0
1418520, 3, 0
1418658, 0, 1
1418662, 1, 0
1418667, 2, 1
1418670, 3, 0
1418808, 0, 0
1418812, 1, 1
1418817, 2, 1
1418820, 3, 1
1418958, 0, 1
1418962, 1, 1
1418967, 2, 0
1418970, 3, bit 1
1418970, 3, 0
1419108, 0, 0
1419112, 1, 0
1419117, 2, 0
1419120, 3, 1
1419258, 0, 0
1419262, 1, 0
1419267, 2, 1
1419270, 3, 0
1419408, 0, 1
1419412, 1, 1
1419417, 2, 0
1419420, 3, 1
1419558, 0, 0
1419563, 1, 0
1419567, 2, 1
1419570, 3, 0
1419708, 0, 1
1419713, 1, 1
1419717, 2, 1
1419720, 3, 1
1419858, 0, bit 0
1419858, 0, 1
1419863, 1, bit 0
1419863, 1, 1
1419867, 2, 0
1419870, 3, 0
1420008, 0, 0
1420013, 1, 0
1420017, 2, 1
1420020, 3, 1
1420158, 0, 0
1420163, 1, 0
1420167, 2, 0
1420170, 3, 1
1420308, 0, 1
1420313, 1, 1
1420317, 2, 0
1420320, 3, 0
1420459, 0, 0
1420463, 1, 1
1420467, 2, 1
1420470, 3, 0
1420609, 0, 1
1420613, 1, 0
1420617, 2, bit 0
1420617, 2, 0
1420620, 3, 1
1420759, 0, 0
1420763, 1, 0
1420767, 2, 1
1420770, 3, 1
1420909, 0, 1
1420913, 1, 1
1420917, 2, 1
1420920, 3, 0
1421059, 0, 0
1421063, 1, 1
1421067, 2, 0
1421070, 3, bit 0
1421070, 3, 1
1421209, 0, 1
1421213, 1, 0
1421217, 2, 0
1421220, 3, 0
1421359, 0, 1
1421363, 1, 0
1421367, 2, 1
1421370, 3, 1
1421509, 0, 0
1421513, 1, 1
1421517, 2, 0
1421520, 3, 0
1421659, 0, 1
1421663, 1, 0
1421667, 2, 1
1421670, 3, 1
1421809, 0, 0
1421813, 1, 1
1421817, 2, 1
1421820, 3, 0
1421959, 0, bit 0
1421959, 0, 1
1421963, 1, bit 0
1421963, 1, 1
1421967, 2, 0
1421970, 3, 1
1422109, 0, 0
1422113, 1, 0
1422117, 2, 1
1422120, 3, 0
1422259, 0, 0
1422263, 1, 0
1422267, 2, 0
1422270, 3, 0
1422409, 0, 1
1422413, 1, 1
1422417, 2, 0
1422420, 3, 1
1422559, 0, 0
1422563, 1, 1
1422567, 2, 1
1422570, 3, 1
1422709, 0, 1
1422713, 1, 0
1422717, 2, bit 0
1422717, 2, 0
1422720, 3, 0
1422859, 0, 0
1422863, 1, 0
1422867, 2, 1
1422870, 3, 0
1423009, 0, 1
1423013, 1, 1
1423017, 2, 1
1423020, 3, 1
1423159, 0, 0
1423163, 1, 1
1423167, 2, 0
1423170, 3, bit 0
1423170, 3, 1
1423309, 0, 1
1423313, 1, 0
1423318, 2, 0
1423320, 3, 0
1423459, 0, 1
1423463, 1, 0
1423468, 2, 1
1423470, 3, 1
1423609, 0, 0
1423613, 1, 1
1423618, 2, 0
1423620, 3, 0
1423759, 0, 1
1423763, 1, 0
1423768, 2, 1
1423770, 3, 1
1423909, 0, 0
1423913, 1, 1
1423918, 2, 1
1423920, 3, 0
1424059, 0, bit 0
1424059, 0, 1
1424063, 1, bit 0
1424063, 1, 1
1424068, 2, 0
1424070, 3, 1
1424209, 0, 0
1424214, 1, 0
1424218, 2, 1
1424220, 3, 0
1424359, 0, 0
1424364, 1, 0
1424368, 2, 0
1424370, 3, 0
1424509, 0, 1
1424514, 1, 1
1424518, 2, 0
1424520, 3, 1
1424659, 0, 0
1424664, 1, 1
1424668, 2, 1
1424670, 3, 1
1424809, 0, 1
1424814, 1, 0
1424818, 2, bit 1
1424818, 2, 1
1424820, 3, 0
1424959, 0, 0
1424964, 1, 0
1424968, 2, 0
1424970, 3, 0
1425110, 0, 1
1425114, 1, 1
1425118, 2, 0
1425120, 3, 1
1425260, 0, 0
1425264, 1, 1
1425268, 2, 1
1425270, 3, bit 1
1425270, 3, 0
1425410, 0, 1
1425414, 1, 0
1425418, 2, 1
1425420, 3, 1
1425560, 0, 1
1425564, 1, 0
1425568, 2, 0
1425570, 3, 0
1425710, 0, 0
1425714, 1, 1
1425718, 2, 1
1425720, 3, 1
1425860, 0, 1
1425864, 1, 0
1425868, 2, 0
1425870, 3, 0
1426010, 0, 0
1426014, 1, 1
1426018, 2, 0
1426020, 3, 1
1426160, 0, bit 1
1426160, 0, 0
1426164, 1, bit 0
1426164, 1, 1
1426168, 2, 1
1426170, 3, 0
1426310, 0, 1
1426314, 1, 0
1426318, 2, 0
1426320, 3, 1
1426460, 0, 1
1426464, 1, 0
1426468, 2, 1
1426470, 3, 1
1426610, 0, 0
1426614, 1, 1
1426618, 2, 1
1426620, 3, 0
1426760, 0, 1
1426764, 1, 1
1426768, 2, 0
1426770, 3, 0
1426910, 0, 0
1426914, 1, 0
1426918, 2, bit 0
1426918, 2, 0
1426920, 3, 1
1427060, 0, 1
1427064, 1, 0
1427068, 2, 1
1427070, 3, 1
1427210, 0, 0
1427214, 1, 1
1427218, 2, 1
1427220, 3, 0
1427360, 0, 1
1427364, 1, 1
1427368, 2, 0
1427371, 3, bit 0
1427371, 3, 1
1427510, 0, 0
1427514, 1, 0
1427518, 2, 0
1427521, 3, 0
1427660, 0, 0
1427664, 1, 0
1427668, 2, 1
1427671, 3, 1
1427810, 0, 1
1427814, 1, 1
1427818, 2, 0
1427821, 3, 0
1427960, 0, 0
1427964, 1, 0
1427968, 2, 1
1427971, 3, 1
1428110, 0, 1
1428114, 1, 1
1428118, 2, 1
1428121, 3, 0
1428260, 0, bit 0
1428260, 0, 1
1428264, 1, bit 1
1428264, 1, 0
1428268, 2, 0
1428271, 3, 1
1428410, 0, 0
1428414, 1, 1
1428418, 2, 1
1428421, 3, 0
1428560, 0, 0
1428564, 1, 1
1428568, 2, 0
1428571, 3, 0
1428710, 0, 1
1428714, 1, 0
1428718, 2, 0
1428721, 3, 1
1428860, 0, 0
1428864, 1, 0
1428868, 2, 1
1428871, 3, 1
1429010, 0, 1
1429014, 1, 1
1429018, 2, bit 1
1429018, 2, 1
1429021, 3, 0
1429160, 0, 0
1429164, 1, 1
1429168, 2, 0
1429171, 3, 0
1429310, 0, 1
1429314, 1, 0
1429318, 2, 0
1429321, 3, 1
1429460, 0, 0
1429464, 1, 0
1429468, 2, 1
1429471, 3, bit 0
1429471, 3, 1
1429610, 0, 1
1429614, 1, 1
1429618, 2, 1
1429621, 3, 0
1429760, 0, 1
1429764, 1, 1
1429768, 2, 0
1429771, 3, 1
1429910, 0, 0
1429914, 1, 0
1429918, 2, 1
1429921, 3, 0
1430060, 0, 1
1430064, 1, 1
1430068, 2, 0
1430071, 3, 1
1430210, 0, 0
1430214, 1, 0
1430218, 2, 0
1430221, 3, 0
1430360, 0, bit 1
1430360, 0, 0
1430364, 1, bit 0
1430367, 1, 1
1430368, 2, 1
1430371, 3, 1
1430510, 0, 1
1430514, 1, 0
1430518, 2, 0
1430521, 3, 0
1430660, 0, 1
1430664, 1, 0
1430668, 2, 1
1430671, 3, 0
1430810, 0, 0
1430814, 1, 1
1430818, 2, 1
1430821, 3, 1
1430960, 0, 1
1430964, 1, 1
1430968, 2, 0
1430971, 3, 1
1431110, 0, 0
1431114, 1, 0
1431118, 2, bit 1
1431118, 2, 1
1431121, 3, 0
1431260, 0, 1
1431264, 1, 0
1431268, 2, 0
1431271, 3, 0
1431410, 0, 0
1431414, 1, 1
1431418, 2, 0
1431421, 3, 1
1431560, 0, 1
1431564, 1, 1
1431568, 2, 1
1431571, 3, bit 1
1431571, 3, 0
1431710, 0, 0
1431714, 1, 0
1431718, 2, 1
1431721, 3, 1
1431860, 0, 0
1431864, 1, 0
1431868, 2, 0
1431871, 3, 0
1432010, 0, 1
1432014, 1, 1
1432018, 2, 1
1432022, 3, 1
1432160, 0, 0
1432164, 1, 0
1432168, 2, 0
1432172, 3, 0
1432310, 0, 1
1432314, 1, 1
1432318, 2, 0
1432322, 3, 1
1432460, 0, bit 1
1432460, 0, 0
1432464, 1, bit 1
1432464, 1, 0
1432468, 2, 1
1432472, 3, 0
1432610, 0, 1
1432614, 1, 1
1432619, 2, 0
1432622, 3, 1
1432760, 0, 1
1432764, 1, 1
1432769, 2, 1
1432772, 3, 1
1432910, 0, 0
1432914, 1, 0
1432919, 2, 1
1432922, 3, 0
1433060, 0, 1
1433064, 1, 0
1433069, 2, 0
1433072, 3, 0
1433210, 0, 0
1433214, 1, 1
1433219, 2, bit 1
1433219, 2, 1
1433222, 3, 1
1433360, 0, 1
1433364, 1, 1
1433369, 2, 0
1433372, 3, 1
1433510, 0, 0
1433515, 1, 0
1433519, 2, 0
1433522, 3, 0
1433660, 0, 1
1433665, 1, 0
1433669, 2, 1
1433672, 3, bit 0
1433672, 3, 1
1433810, 0, 0
1433815, 1, 1
1433819, 2, 1
1433822, 3, 0
1433960, 0, 0
1433965, 1, 1
1433969, 2, 0
1433972, 3, 1
1434110, 0, 1
1434115, 1, 0
1434119, 2, 1
1434122, 3, 0
1434260, 0, 0
1434265, 1, 1
1434269, 2, 0
1434272, 3, 1
1434411, 0, 1
1434415, 1, 0
1434419, 2, 0
1434422, 3, 0
1434561, 0, bit 0
1434561, 0, 1
1434565, 1, bit 0
1434565, 1, 1
1434569, 2, 1
1434572, 3, 1
1434711, 0, 0
1434715, 1, 0
1434719, 2, 0
1434722, 3, 0
1434861, 0, 0
1434865, 1, 0
1434869, 2, 1
1434872, 3, 0
1435011, 0, 1
1435015, 1, 1
1435019, 2, 1
1435022, 3, 1
1435161, 0, 0
1435165, 1, 1
1435169, 2, 0
1435172, 3, 1
1435311, 0, 1
1435315, 1, 0
1435319, 2, bit 1
1435319, 2, 1
1435322, 3, 0
1435461, 0, 0
1435465, 1, 0
1435469, 2, 0
1435472, 3, 0
1435611, 0, 1
1435615, 1, 1
1435619, 2, 0
1435622, 3, 1
1435761, 0, 0
1435765, 1, 1
1435769, 2, 1
1435772, 3, bit 0
1435772, 3, 1
1435911, 0, 1
1435915, 1, 0
1435919, 2, 1
1435922, 3, 0
1436061, 0, 1
1436065, 1, 0
1436069, 2, 0
1436072, 3, 1
1436211, 0, 0
1436215, 1, 1
1436219, 2, 1
1436222, 3, 0
1436361, 0, 1
1436365, 1, 0
1436369, 2, 0
1436372, 3, 1
1436511, 0, 0
1436515, 1, 1
1436519, 2, 0
1436522, 3, 0
1436661, 0, bit 1
1436661, 0, 0
1436665, 1, bit 0
1436665, 1, 1
1436669, 2, 1
1436672, 3, 1
1436811, 0, 1
1436815, 1, 0
1436819, 2, 0
1436822, 3, 0
1436961, 0, 1
1436965, 1, 0
1436969, 2, 1
1436972, 3, 0
1437111, 0, 0
1437115, 1, 1
1437119, 2, 1
1437122, 3, 1
1437261, 0, 1
1437265, 1, 1
1437270, 2, 0
1437272, 3, 1
1437411, 0, 0
1437415, 1, 0
1437420, 2, bit 1
1437423, 2, 1
1437423, 3, 0
1437561, 0, 1
1437565, 1, 0
1437570, 2, 0
1437573, 3, 0
1437711, 0, 0
1437715, 1, 1
1437720, 2, 0
1437723, 3, 1
1437861, 0, 1
1437865, 1, 1
1437870, 2, 1
1437873, 3, bit 1
1437873, 3, 0
1438011, 0, 0
1438015, 1, 0
1438020, 2, 1
1438023, 3, 1
1438161, 0, 0
1438166, 1, 0
1438170, 2, 0
1438173, 3, 0
1438311, 0, 1
1438316, 1, 1
1438320, 2, 1
1438323, 3, 1
1438461, 0, 0
1438466, 1, 0
1438470, 2, 0
1438473, 3, 0
1438611, 0, 1
1438616, 1, 1
1438620, 2, 0
1438623, 3, 1
1438761, 0, bit 0
1438761, 0, 1
1438766, 1, bit 0
1438766, 1, 1
1438770, 2, 1
1438773, 3, 0
1438911, 0, 0
1438916, 1, 0
1438920, 2, 0
1438923, 3, 1
1439062, 0, 0
1439066, 1, 0
1439070, 2, 1
1439073, 3, 1
1439212, 0, 1
1439216, 1, 1
1439220, 2, 1
1439223, 3, 0
1439362, 0, 0
1439366, 1, 1
1439370, 2, 0
1439373, 3, 0
1439512, 0, 1
1439516, 1, 0
1439520, 2, bit 0
1439520, 2, 0
1439523, 3, 1
1439662, 0, 0
1439666, 1, 0
1439670, 2, 1
1439673, 3, 1
1439812, 0, 1
1439816, 1, 1
1439820, 2, 1
1439823, 3, 0
1439962, 0, 0
1439966, 1, 1
1439970, 2, 0
1439973, 3, bit 0
1439973, 3, 1
1440112, 0, 1
1440116, 1, 0
1440120, 2, 0
1440123, 3, 0
1440262, 0, 1
1440266, 1, 0
1440270, 2, 1
1440273, 3, 1
1440412, 0, 0
1440416, 1, 1
1440420, 2, 0
1440423, 3, 0
1440562, 0, 1
1440566, 1, 0
1440570, 2, 1
1440573, 3, 1
1440712, 0, 0
1440716, 1, 1
1440720, 2, 1
1440723, 3, 0
1440862, 0, bit 1
1440862, 0, 0
1440866, 1, bit 1
1440866, 1, 0
1440870, 2, 0
1440873, 3, 1
1441012, 0, 1
1441016, 1, 1
1441020, 2, 1
1441024, 3, 0
1441162, 0, 1
1441166, 1, 1
1441170, 2, 0
1441174, 3, 0
1441312, 0, 0
1441316, 1, 0
1441320, 2, 0
1441324, 3, 1
1441462, 0, 1
1441466, 1, 0
1441470, 2, 1
1441474, 3, 1
1441612, 0, 0
1441616, 1, 1
1441620, 2, bit 0
1441620, 2, 0
1441624, 3, 0
1441762, 0, 1
1441766, 1, 1
1441770, 2, 1
1441774, 3, 0
1441912, 0, 0
1441916, 1, 0
1441920, 2, 1
1441924, 3, 1
1442062, 0, 1
1442066, 1, 0
1442070, 2, 0
1442074, 3, bit 0
1442077, 3, 1
1442212, 0, 0
1442216, 1, 1
1442220, 2, 0
1442224, 3, 0
1442362, 0, 0
1442366, 1, 1
1442370, 2, 1
1442374, 3, 1
1442512, 0, 1
1442516, 1, 0
1442520, 2, 0
1442524, 3, 0
1442662, 0, 0
1442666, 1, 1
1442670, 2, 1
1442674, 3, 1
1442812, 0, 1
1442816, 1, 0
1442820, 2, 1
1442824, 3, 0
1442962, 0, bit 0
1442962, 0, 1
1442966, 1, bit 1
1442966, 1, 0
1442970, 2, 0
1442974, 3, 1
1443112, 0, 0
1443116, 1, 1
1443120, 2, 1
1443124, 3, 0
1443262, 0, 0
1443266, 1, 1
1443270, 2, 0
1443274, 3, 0
1443412, 0, 1
1443416, 1, 0
1443420, 2, 0
1443424, 3, 1
1443562, 0, 0
1443566, 1, 0
1443570, 2, 1
1443574, 3, 1
1443712, 0, 1
1443716, 1, 1
1443720, 2, bit 0
1443720, 2, 0
1443724, 3, 0
1443862, 0, 0
1443866, 1, 1
1443870, 2, 1
1443874, 3, 0
1444012, 0, 1
1444016, 1, 0
1444020, 2, 1
1444024, 3, 1
1444162, 0, 0
1444166, 1, 0
1444170, 2, 0
1444174, 3, bit 0
1444174, 3, 1
1444312, 0, 1
1444316, 1, 1
1444320, 2, 0
1444324, 3, 0
1444462, 0, 1
1444466, 1, 1
1444470, 2, 1
1444474, 3, 1
1444612, 0, 0
1444616, 1, 0
1444620, 2, 0
1444624, 3, 0
1444762, 0, 1
1444766, 1, 1
1444770, 2, 1
1444774, 3, 1
1444912, 0, 0
1444916, 1, 0
1444920, 2, 1
1444924, 3, 0
1445062, 0, bit 1
1445062, 0, 0
1445066, 1, bit 1
1445066, 1, 0
1445070, 2, 0
1445074, 3, 1
1445212, 0, 1
1445216, 1, 1
1445220, 2, 1
1445224, 3, 0
1445362, 0, 1
1445366, 1, 1
1445370, 2, 0
1445374, 3, 0
1445512, 0, 0
1445516, 1, 0
1445520, 2, 0
1445524, 3, 1
1445662, 0, 1
1445666, 1, 0
1445670, 2, 1
1445675, 3, 1
1445812, 0, 0
1445816, 1, 1
1445820, 2, bit 1
1445820, 2, 1
1445825, 3, 0
1445962, 0, 1
1445966, 1, 1
1445970, 2, 0
1445975, 3, 0
1446112, 0, 0
1446116, 1, 0
1446120, 2, 0
1446125, 3, 1
1446262, 0, 1
1446266, 1, 0
1446270, 2, 1
1446275, 3, bit 0
1446275, 3, 1
1446412, 0, 0
1446416, 1, 1
1446420, 2, 1
1446425, 3, 0
1446562, 0, 0
1446566, 1, 1
1446571, 2, 0
1446575, 3, 1
1446712, 0, 1
1446716, 1, 0
1446721, 2, 1
1446725, 3, 0
1446862, 0, 0
1446866, 1, 1
1446871, 2, 0
1446875, 3, 1
1447012, 0, 1
1447016, 1, 0
1447021, 2, 0
1447025, 3, 0
1447162, 0, bit 0
1447162, 0, 1
1447166, 1, bit 1
1447166, 1, 0
1447171, 2, 1
1447175, 3, 1
1447312, 0, 0
1447316, 1, 1
1447321, 2, 0
1447325, 3, 0
1447462, 0, 0
1447467, 1, 1
1447471, 2, 1
1447475, 3, 0
1447612, 0, 1
1447617, 1, 0
1447621, 2, 1
1447625, 3, 1
1447762, 0, 0
1447767, 1, 0
1447771, 2, 0
1447775, 3, 1
1447912, 0, 1
1447917, 1, 1
1447921, 2, bit 1
1447921, 2, 1
1447925, 3, 0
1448062, 0, 0
1448067, 1, 1
1448071, 2, 0
1448075, 3, 0
1448212, 0, 1
1448217, 1, 0
1448221, 2, 0
1448225, 3, 1
1448363, 0, 0
1448367, 1, 0
1448371, 2, 1
1448375, 3, bit 1
1448375, 3, 0
1448513, 0, 1
1448517, 1, 1
1448521, 2, 1
1448525, 3, 1
1448663, 0, 1
1448667, 1, 1
1448671, 2, 0
1448675, 3, 0
1448813, 0, 0
1448817, 1, 0
1448821, 2, 1
1448825, 3, 1
1448963, 0, 1
1448967, 1, 1
1448971, 2, 0
1448975, 3, 0
1449113, 0, 0
1449117, 1, 0
1449121, 2, 0
1449125, 3, 1
1449263, 0, bit 0
1449263, 0, 1
1449267, 1, bit 1
1449267, 1, 0
1449271, 2, 1
1449275, 3, 0
1449413, 0, 0
1449417, 1, 1
1449421, 2, 0
1449425, 3, 1
1449563, 0, 0
1449567, 1, 1
1449571, 2, 1
1449575, 3, 1
1449713, 0, 1
1449717, 1, 0
1449721, 2, 1
1449725, 3, 0
1449863, 0, 0
1449867, 1, 0
1449871, 2, 0
1449875, 3, 0
1450013, 0, 1
1450017, 1, 1
1450021, 2, bit 1
1450021, 2, 1
1450025, 3, 1
1450163, 0, 0
1450167, 1, 1
1450171, 2, 0
1450175, 3, 1
1450313, 0, 1
1450317, 1, 0
1450321, 2, 0
1450332, 3, 0
1450463, 0, 0
1450467, 1, 0
1450471, 2, 1
1450482, 3, bit 0
1450482, 3, 1
1450613, 0, 1
1450617, 1, 1
1450621, 2, 1
1450632, 3, 0
1450763, 0, 1
1450767, 1, 1
1450771, 2, 0
1450782, 3, 1
1450913, 0, 0
1450917, 1, 0
1450921, 2, 1
1450932, 3, 0
1451063, 0, 1
1451067, 1, 1
1451071, 2, 0
1451082, 3, 1
1451213, 0, 0
1451217, 1, 0
1451222, 2, 0
1451232, 3, 0
1451363, 0, bit 0
1451363, 0, 1
1451367, 1, bit 0
1451367, 1, 1
1451372, 2, 1
1451382, 3, 1
1451513, 0, 0
1451517, 1, 0
1451522, 2, 0
1451532, 3, 0
1451663, 0, 0
1451667, 1, 0
1451672, 2, 1
1451682, 3, 0
1451813, 0, 1
1451817, 1, 1
1451822, 2, 1
1451832, 3, 1
1451963, 0, 0
1451967, 1, 1
1451972, 2, 0
1451982, 3, 1
1452113, 0, 1
1452118, 1, 0
1452122, 2, bit 0
1452122, 2, 0
1452132, 3, 0
1452263, 0, 0
1452268, 1, 0
1452272, 2, 1
1452282, 3, 0
1452413, 0, 1
1452418, 1, 1
1452422, 2, 1
1452432, 3, 1
1452563, 0, 0
1452568, 1, 1
1452572, 2, 0
1452582, 3, bit 0
1452582, 3, 1
1452713, 0, 1
1452718, 1, 0
1452722, 2, 0
1452732, 3, 0
1452863, 0, 1
1452868, 1, 0
1452872, 2, 1
1452882, 3, 1
1453014, 0, 0
1453018, 1, 1
1453022, 2, 0
1453032, 3, 0
1453164, 0, 1
1453168, 1, 0
1453172, 2, 1
1453182, 3, 1
1453314, 0, 0
1453318, 1, 1
1453322, 2, 1
1453332, 3, 0
1453464, 0, bit 0
1453464, 0, 1
1453468, 1, bit 0
1453468, 1, 1
1453472, 2, 0
1453483, 3, 1
1453614, 0, 0
1453618, 1, 0
1453622, 2, 1
1453633, 3, 0
1453764, 0, 0
1453768, 1, 0
1453772, 2, 0
1453783, 3, 0
1453914, 0, 1
1453918, 1, 1
1453922, 2, 0
1453933, 3, 1
1454064, 0, 0
1454068, 1, 1
1454072, 2, 1
1454083, 3, 1
1454214, 0, 1
1454218, 1, 0
1454222, 2, bit 1
1454222, 2, 1
1454233, 3, 0
1454364, 0, 0
1454368, 1, 0
1454372, 2, 0
1454383, 3, 0
1454514, 0, 1
1454518, 1, 1
1454522, 2, 0
1454533, 3, 1
1454664, 0, 0
1454668, 1, 1
1454672, 2, 1
1454683, 3, bit 1
1454683, 3, 0
1454814, 0, 1
1454818, 1, 0
1454822, 2, 1
1454833, 3, 1
1454964, 0, 1
1454968, 1, 0
1454972, 2, 0
1454983, 3, 0
1455114, 0, 0
1455118, 1, 1
1455122, 2, 1
1455133, 3, 1
1455264, 0, 1
1455268, 1, 0
1455272, 2, 0
1455283, 3, 0
1455414, 0, 0
1455418, 1, 1
1455422, 2, 0
1455433, 3, 1
1455564, 0, bit 1
1455564, 0, 0
1455568, 1, bit 1
1455568, 1, 0
1455572, 2, 1
1455583, 3, 0
1455714, 0, 1
1455718, 1, 1
1455722, 2, 0
1455733, 3, 1
1455864, 0, 1
1455868, 1, 1
1455872, 2, 1
1455883, 3, 1
1456014, 0, 0
1456018, 1, 0
1456022, 2, 1
1456033, 3, 0
1456164, 0, 1
1456168, 1, 0
1456172, 2, 0
1456183, 3, 0
1456314, 0, 0
1456318, 1, 1
1456322, 2, bit 0
1456322, 2, 0
1456333, 3, 1
1456464, 0, 1
1456468, 1, 1
1456472, 2, 1
1456483, 3, 1
1456614, 0, 0
1456618, 1, 0
1456622, 2, 1
1456633, 3, 0
1456764, 0, 1
1456768, 1, 0
1456772, 2, 0
1456783, 3, bit 1
1456783, 3, 0
1456914, 0, 0
1456918, 1, 1
1456922, 2, 0
1456933, 3, 1
1457064, 0, 0
1457068, 1, 1
1457072, 2, 1
1457083, 3, 0
1457214, 0, 1
1457218, 1, 0
1457222, 2, 0
1457233, 3, 1
1457364, 0, 0
1457368, 1, 1
1457372, 2, 1
1457383, 3, 0
1457514, 0, 1
1457518, 1, 0
1457522, 2, 1
1457533, 3, 1
1457664, 0, bit 1
1457664, 0, 0
1457668, 1, bit 1
1457668, 1, 0
1457672, 2, 0
1457683, 3, 0
1457814, 0, 1
1457818, 1, 1
1457822, 2, 1
1457833, 3, 1
1457964, 0, 1
1457968, 1, 1
1457972, 2, 0
1457983, 3, 1
1458114, 0, 0
1458118, 1, 0
1458122, 2, 0
1458134, 3, 0
1458264, 0, 1
1458268, 1, 0
1458272, 2, 1
1458284, 3, 0
1458414, 0, 0
1458418, 1, 1
1458422, 2, bit 1
1458422, 2, 1
1458434, 3, 1
1458564, 0, 1
1458568, 1, 1
1458572, 2, 0
1458584, 3, 1
1458714, 0, 0
1458718, 1, 0
1458722, 2, 0
1458734, 3, 0
1458864, 0, 1
1458868, 1, 0
1458872, 2, 1
1458884, 3, bit 1
1458884, 3, 0
1459014, 0, 0
1459018, 1, 1
1459022, 2, 1
1459034, 3, 1
1459164, 0, 0
1459168, 1, 1
1459172, 2, 0
1459184, 3, 0
1459314, 0, 1
1459318, 1, 0
1459322, 2, 1
1459334, 3, 1
1459464, 0, 0
1459468, 1, 1
1459472, 2, 0
1459484, 3, 0
1459614, 0, 1
1459618, 1, 0
1459622, 2, 0
1459634, 3, 1
1459764, 0, bit 1
1459764, 0, 0
1459768, 1, bit 0
1459768, 1, 1
1459772, 2, 1
1459784, 3, 0
1459914, 0, 1
1459918, 1, 0
1459922, 2, 0
1459934, 3, 1
1460064, 0, 1
1460068, 1, 0
1460072, 2, 1
1460084, 3, 1
1460214, 0, 0
1460218, 1, 1
1460222, 2, 1
1460234, 3, 0
1460364, 0, 1
1460368, 1, 1
1460372, 2, 0
1460384, 3, 0
1460514, 0, 0
1460518, 1, 0
1460523, 2, bit 1
1460523, 2, 1
1460534, 3, 1
1460664, 0, 1
1460668, 1, 0
1460673, 2, 0
1460684, 3, 1
1460814, 0, 0
1460818, 1, 1
1460823, 2, 0
1460834, 3, 0
1460964, 0, 1
1460968, 1, 1
1460973, 2, 1
1460984, 3, bit 1
1460984, 3, 0
1461114, 0, 0
1461118, 1, 0
1461123, 2, 1
1461134, 3, 1
1461264, 0, 0
1461268, 1, 0
1461273, 2, 0
1461284, 3, 0
1461414, 0, 1
1461419, 1, 1
1461423, 2, 1
1461434, 3, 1
1461564, 0, 0
1461569, 1, 0
1461573, 2, 0
1461584, 3, 0
1461714, 0, 1
1461719, 1, 1
1461723, 2, 0
1461734, 3, 1
1461864, 0, bit 1
1461864, 0, 0
1461869, 1, bit 1
1461869, 1, 0
1461873, 2, 1
1461884, 3, 0
1462014, 0, 1
1462019, 1, 1
1462023, 2, 0
1462034, 3, 1
1462164, 0, 1
1462169, 1, 1
1462173, 2, 1
1462184, 3, 1
1462315, 0, 0
1462319, 1, 0
1462323, 2, 1
1462334, 3, 0
1462465, 0, 1
1462469, 1, 0
1462473, 2, 0
1462484, 3, 0
1462615, 0, 0
1462619, 1, 1
1462623, 2, bit 1
1462623, 2, 1
1462634, 3, 1
1462765, 0, 1
1462769, 1, 1
1462773, 2, 0
1462784, 3, 1
1462915, 0, 0
1462919, 1, 0
1462923, 2, 0
1462934, 3, 0
1463065, 0, 1
1463069, 1, 0
1463073, 2, 1
1463084, 3, bit 0
1463084, 3, 1
1463215, 0, 0
1463219, 1, 1
1463223, 2, 1
1463234, 3, 0
1463365, 0, 0
1463369, 1, 1
1463373, 2, 0
1463384, 3, 1
1463515, 0, 1
1463519, 1, 0
1463523, 2, 1
1463534, 3, 0
1463665, 0, 0
1463669, 1, 1
1463673, 2, 0
1463684, 3, 1
1463815, 0, 1
1463819, 1, 0
1463823, 2, 0
1463834, 3, 0
1463965, 0, bit 0
1463965, 0, 1
1463969, 1, bit 1
1463969, 1, 0
1463973, 2, 1
1463984, 3, 1
1464115, 0, 0
1464119, 1, 1
1464123, 2, 0
1464134, 3, 0
1464265, 0, 0
1464269, 1, 1
1464273, 2, 1
1464284, 3, 0
1464415, 0, 1
1464419, 1, 0
1464423, 2, 1
1464434, 3, 1
1464565, 0, 0
1464569, 1, 0
1464573, 2, 0
1464584, 3, 1
1464715, 0, 1
1464719, 1, 1
1464723, 2, bit 0
1464723, 2, 0
1464734, 3, 0
1464865, 0, 0
1464869, 1, 1
1464873, 2, 1
1464884, 3, 0
1465015, 0, 1
1465019, 1, 0
1465023, 2, 1
1465034, 3, 1
1465165, 0, 0
1465169, 1, 0
1465174, 2, 0
1465184, 3, bit 1
1465184, 3, 0
1465315, 0, 1
1465319, 1, 1
1465324, 2, 0
1465334, 3, 1
1465465, 0, 1
1465469, 1, 1
1465474, 2, 1
1465484, 3, 0
1465615, 0, 0
1465619, 1, 0
1465624, 2, 0
1465634, 3, 1
1465765, 0, 1
1465769, 1, 1
1465774, 2, 1
1465784, 3, 0
1465915, 0, 0
1465919, 1, 0
1465924, 2, 1
1465934, 3, 1
1466065, 0, bit 0
1466065, 0, 1
1466070, 1, bit 0
1466070, 1, 1
1466074, 2, 0
1466084, 3, 0
1466215, 0, 0
1466220, 1, 0
1466224, 2, 1
1466234, 3, 1
1466365, 0, 0
1466370, 1, 0
1466374, 2, 0
1466384, 3, 1
1466515, 0, 1
1466520, 1, 1
1466524, 2, 0
1466534, 3, 0
1466665, 0, 0
1466670, 1, 1
1466674, 2, 1
1466684, 3, 0
1466815, 0, 1
1466820, 1, 0
1466824, 2, bit 1
1466824, 2, 1
1466834, 3, 1
1466966, 0, 0
1466970, 1, 0
1466974, 2, 0
1466984, 3, 1
1467116, 0, 1
1467120, 1, 1
1467124, 2, 0
1467134, 3, 0
1467266, 0, 0
1467270, 1, 1
1467274, 2, 1
1467284, 3, bit 0
1467284, 3, 1
1467416, 0, 1
1467420, 1, 0
1467424, 2, 1
1467435, 3, 0
1467566, 0, 1
1467570, 1, 0
1467574, 2, 0
1467585, 3, 1
1467716, 0, 0
1467720, 1, 1
1467724, 2, 1
1467735, 3, 0
1467866, 0, 1
1467870, 1, 0
1467874, 2, 0
1467885, 3, 1
1468016, 0, 0
1468020, 1, 1
1468024, 2, 0
1468035, 3, 0
1468166, 0, bit 0
1468166, 0, 1
1468170, 1, bit 1
1468170, 1, 0
1468174, 2, 1
1468185, 3, 1
1468316, 0, 0
1468320, 1, 1
1468324, 2, 0
1468335, 3, 0
1468466, 0, 0
1468470, 1, 1
1468474, 2, 1
1468485, 3, 0
1468616, 0, 1
1468620, 1, 0
1468624, 2, 1
1468635, 3, 1
1468766, 0, 0
1468770, 1, 0
1468774, 2, 0
1468785, 3, 1
1468916, 0, 1
1468920, 1, 1
1468924, 2, bit 1
1468924, 2, 1
1468935, 3, 0
1469066, 0, 0
1469070, 1, 1
1469074, 2, 0
1469085, 3, 0
1469216, 0, 1
1469220, 1, 0
1469224, 2, 0
1469235, 3, 1
1469366, 0, 0
1469370, 1, 0
1469374, 2, 1
1469385, 3, bit 1
1469385, 3, 0
1469516, 0, 1
1469520, 1, 1
1469524, 2, 1
1469535, 3, 1
1469666, 0, 1
1469670, 1, 1
1469674, 2, 0
1469685, 3, 0
1469816, 0, 0
1469820, 1, 0
1469824, 2, 1
1469835, 3, 1
1469966, 0, 1
1469970, 1, 1
1469974, 2, 0
1469985, 3, 0
1470116, 0, 0
1470120, 1, 0
1470124, 2, 0
1470135, 3, 1
1470266, 0, bit 0
1470266, 0, 1
1470270, 1, bit 1
1470273, 1, 0
1470274, 2, 1
1470285, 3, 0
1470416, 0, 0
1470420, 1, 1
1470424, 2, 0
1470435, 3, 1
1470566, 0, 0
1470570, 1, 1
1470574, 2, 1
1470585, 3, 1
1470716, 0, 1
1470720, 1, 0
1470724, 2, 1
1470735, 3, 0
1470866, 0, 0
1470870, 1, 0
1470874, 2, 0
1470885, 3, 0
1471016, 0, 1
1471020, 1, 1
1471024, 2, bit 1
1471024, 2, 1
1471035, 3, 1
1471166, 0, 0
1471170, 1, 1
1471174, 2, 0
1471185, 3, 1
1471316, 0, 1
1471320, 1, 0
1471324, 2, 0
1471335, 3, 0
1471466, 0, 0
1471470, 1, 0
1471474, 2, 1
1471485, 3, bit 1
1471485, 3, 0
1471616, 0, 1
1471620, 1, 1
1471624, 2, 1
1471635, 3, 1
1471766, 0, 1
1471770, 1, 1
1471774, 2, 0
1471785, 3, 0
1471916, 0, 0
1471920, 1, 0
1471924, 2, 1
1471935, 3, 1
1472066, 0, 1
1472070, 1, 1
1472074, 2, 0
1472086, 3, 0
1472216, 0, 0
1472220, 1, 0
1472224, 2, 0
1472236, 3, 1
1472366, 0, bit 1
1472366, 0, 0
1472370, 1, bit 1
1472370, 1, 0
1472374, 2, 1
1472386, 3, 0
1472516, 0, 1
1472520, 1, 1
1472524, 2, 0
1472536, 3, 1
1472666, 0, 1
1472670, 1, 1
1472674, 2, 1
1472686, 3, 1
1472816, 0, 0
1472820, 1, 0
1472824, 2, 1
1472836, 3, 0
1472966, 0, 1
1472970, 1, 0
1472974, 2, 0
1472986, 3, 0
1473116, 0, 0
1473120, 1, 1
1473124, 2, bit 1
1473124, 2, 1
1473136, 3, 1
1473266, 0, 1
1473270, 1, 1
1473274, 2, 0
1473286, 3, 1
1473416, 0, 0
1473420, 1, 0
1473424, 2, 0
1473436, 3, 0
1473566, 0, 1
1473570, 1, 0
1473574, 2, 1
1473586, 3, bit 0
1473586, 3, 1
1473716, 0, 0
1473720, 1, 1
1473724, 2, 1
1473736, 3, 0
1473866, 0, 0
1473870, 1, 1
1473874, 2, 0
1473886, 3, 1
1474016, 0, 1
1474020, 1, 0
1474024, 2, 1
1474036, 3, 0
1474166, 0, 0
1474170, 1, 1
1474174, 2, 0
1474186, 3, 1
1474316, 0, 1
1474320, 1, 0
1474324, 2, 0
1474336, 3, 0
1474466, 0, bit 0
1474466, 0, 1
1474470, 1, bit 0
1474470, 1, 1
1474475, 2, 1
1474486, 3, 1
1474616, 0, 0
1474620, 1, 0
1474625, 2, 0
1474636, 3, 0
1474766, 0, 0
1474770, 1, 0
1474775, 2, 1
1474786, 3, 0
1474916, 0, 1
1474920, 1, 1
1474925, 2, 1
1474936, 3, 1
1475066, 0, 0
1475070, 1, 1
1475075, 2, 0
1475086, 3, 1
1475216, 0, 1
1475220, 1, 0
1475225, 2, bit 1
1475225, 2, 1
1475236, 3, 0
1475366, 0, 0
1475371, 1, 0
1475375, 2, 0
1475386, 3, 0
1475516, 0, 1
1475521, 1, 1
1475525, 2, 0
1475536, 3, 1
1475666, 0, 0
1475671, 1, 1
1475675, 2, 1
1475686, 3, bit 0
1475686, 3, 1
1475816, 0, 1
1475821, 1, 0
1475825, 2, 1
1475836, 3, 0
1475966, 0, 1
1475971, 1, 0
1475975, 2, 0
1475986, 3, 1
1476116, 0, 0
1476121, 1, 1
1476125, 2, 1
1476136, 3, 0
1476267, 0, 1
1476271, 1, 0
1476275, 2, 0
1476286, 3, 1
1476417, 0, 0
1476421, 1, 1
1476425, 2, 0
1476436, 3, 0
1476567, 0, bit 1
1476567, 0, 0
1476571, 1, bit 1
1476571, 1, 0
1476575, 2, 1
1476586, 3, 1
1476717, 0, 1
1476721, 1, 1
1476725, 2, 0
1476736, 3, 0
1476867, 0, 1
1476871, 1, 1
1476875, 2, 1
1476886, 3, 0
1477017, 0, 0
1477021, 1, 0
1477025, 2, 1
1477036, 3, 1
1477167, 0, 1
1477171, 1, 0
1477175, 2, 0
1477186, 3, 1
1477317, 0, 0
1477321, 1, 1
1477325, 2, bit 1
1477328, 2, 1
1477336, 3, 0
1477467, 0, 1
1477471, 1, 1
1477475, 2, 0
1477486, 3, 0
1477617, 0, 0
1477621, 1, 0
1477625, 2, 0
1477636, 3, 1
1477767, 0, 1
1477771, 1, 0
1477775, 2, 1
1477786, 3, bit 0
1477786, 3, 1
1477917, 0, 0
1477921, 1, 1
1477925, 2, 1
1477936, 3, 0
1478067, 0, 0
1478071, 1, 1
1478075, 2, 0
1478086, 3, 1
1478217, 0, 1
1478221, 1, 0
1478225, 2, 1
1478236, 3, 0
1478367, 0, 0
1478371, 1, 1
1478375, 2, 0
1478386, 3, 1
1478517, 0, 1
1478521, 1, 0
1478525, 2, 0
1478536, 3, 0
1478667, 0, bit 0
1478667, 0, 1
1478671, 1, bit 1
1478671, 1, 0
1478675, 2, 1
1478686, 3, 1
1478817, 0, 0
1478821, 1, 1
1478825, 2, 0
1478836, 3, 0
1478967, 0, 0
1478971, 1, 1
1478975, 2, 1
1478986, 3, 0
1479117, 0, 1
1479121, 1, 0
1479126, 2, 1
1479136, 3, 1
1479267, 0, 0
1479271, 1, 0
1479276, 2, 0
1479286, 3, 1
1479417, 0, 1
1479421, 1, 1
1479426, 2, bit 0
1479426, 2, 0
1479436, 3, 0
1479567, 0, 0
1479571, 1, 1
1479576, 2, 1
1479586, 3, 0
1479717, 0, 1
1479721, 1, 0
1479726, 2, 1
1479736, 3, 1
1479867, 0, 0
1479871, 1, 0
1479876, 2, 0
1479886, 3, bit 1
1479886, 3, 0
1480017, 0, 1
1480022, 1, 1
1480026, 2, 0
1480036, 3, 1
1480167, 0, 1
1480172, 1, 1
1480176, 2, 1
1480186, 3, 0
1480317, 0, 0
1480322, 1, 0
1480326, 2, 0
1480336, 3, 1
1480467, 0, 1
1480472, 1, 1
1480476, 2, 1
1480486, 3, 0
1480617, 0, 0
1480622, 1, 0
1480626, 2, 1
1480636, 3, 1
1480767, 0, bit 0
1480767, 0, 1
1480772, 1, bit 0
1480772, 1, 1
1480776, 2, 0
1480786, 3, 0
1480918, 0, 0
1480922, 1, 0
1480926, 2, 1
1480936, 3, 1
1481068, 0, 0
1481072, 1, 0
1481076, 2, 0
1481086, 3, 1
1481218, 0, 1
1481222, 1, 1
1481226, 2, 0
1481236, 3, 0
1481368, 0, 0
1481372, 1, 1
1481376, 2, 1
1481387, 3, 0
1481518, 0, 1
1481522, 1, 0
1481526, 2, bit 1
1481526, 2, 1
1481537, 3, 1
1481668, 0, 0
1481672, 1, 0
1481676, 2, 0
1481687, 3, 1
1481818, 0, 1
1481822, 1, 1
1481826, 2, 0
1481837, 3, 0
1481968, 0, 0
1481972, 1, 1
1481976, 2, 1
1481987, 3, bit 1
1481990, 3, 0
1482118, 0, 1
1482122, 1, 0
1482126, 2, 1
1482137, 3, 1
1482268, 0, 1
1482272, 1, 0
1482276, 2, 0
1482287, 3, 0
1482418, 0, 0
1482422, 1, 1
1482426, 2, 1
1482437, 3, 1
1482568, 0, 1
1482572, 1, 0
1482576, 2, 0
1482587, 3, 0
1482718, 0, 0
1482722, 1, 1
1482726, 2, 0
1482737, 3, 1
1482868, 0, bit 0
1482868, 0, 1
1482872, 1, bit 0
1482872, 1, 1
1482876, 2, 1
1482887, 3, 0
1483018, 0, 0
1483022, 1, 0
1483026, 2, 0
1483037, 3, 1
1483168, 0, 0
1483172, 1, 0
1483176, 2, 1
1483187, 3, 1
1483318, 0, 1
1483322, 1, 1
1483326, 2, 1
1483337, 3, 0
1483468, 0, 0
1483472, 1, 1
1483476, 2, 0
1483487, 3, 0
1483618, 0, 1
1483622, 1, 0
1483626, 2, bit 0
1483626, 2, 0
1483637, 3, 1
1483768, 0, 0
1483772, 1, 0
1483776, 2, 1
1483787, 3, 1
1483918, 0, 1
1483922, 1, 1
1483926, 2, 1
1483937, 3, 0
1484068, 0, 0
1484072, 1, 1
1484076, 2, 0
1484087, 3, bit 1
1484087, 3, 0
1484218, 0, 1
1484222, 1, 0
1484226, 2, 0
1484237, 3, 1
1484368, 0, 1
1484372, 1, 0
1484376, 2, 1
1484387, 3, 0
1484518, 0, 0
1484522, 1, 1
1484526, 2, 0
1484537, 3, 1
1484668, 0, 1
1484672, 1, 0
1484676, 2, 1
1484687, 3, 0
1484818, 0, 0
1484822, 1, 1
1484826, 2, 1
1484837, 3, 1
1484968, 0, bit 1
1484968, 0, 0
1484972, 1, bit 1
1484972, 1, 0
1484976, 2, 0
1484987, 3, 0
1485118, 0, 1
1485122, 1, 1
1485126, 2, 1
1485137, 3, 1
1485268, 0, 1
1485272, 1, 1
1485276, 2, 0
1485287, 3, 1
1485418, 0, 0
1485422, 1, 0
1485426, 2, 0
1485437, 3, 0
1485568, 0, 1
1485572, 1, 0
1485576, 2, 1
1485587, 3, 0
1485718, 0, 0
1485722, 1, 1
1485726, 2, bit 0
1485726, 2, 0
1485737, 3, 1
1485868, 0, 1
1485872, 1, 1
1485876, 2, 1
1485887, 3, 1
1486018, 0, 0
1486022, 1, 0
1486026, 2, 1
1486038, 3, 0
1486168, 0, 1
1486172, 1, 0
1486176, 2, 0
1486188, 3, bit 0
1486188, 3, 1
1486318, 0, 0
1486322, 1, 1
1486326, 2, 0
1486338, 3, 0
1486468, 0, 0
1486472, 1, 1
1486476, 2, 1
1486488, 3, 1
1486618, 0, 1
1486622, 1, 0
1486626, 2, 0
1486638, 3, 0
1486768, 0, 0
1486772, 1, 1
1486776, 2, 1
1486788, 3, 1
1486918, 0, 1
1486922, 1, 0
1486926, 2, 1
1486938, 3, 0
1487068, 0, bit 0
1487068, 0, 1
1487072, 1, bit 1
1487072, 1, 0
1487076, 2, 0
1487088, 3, 1
1487218, 0, 0
1487222, 1, 1
1487226, 2, 1
1487238, 3, 0
1487368, 0, 0
1487372, 1, 1
1487376, 2, 0
1487388, 3, 0
1487518, 0, 1
1487522, 1, 0
1487526, 2, 0
1487538, 3, 1
1487668, 0, 0
1487672, 1, 0
1487676, 2, 1
1487688, 3, 1
1487818, 0, 1
1487822, 1, 1
1487826, 2, bit 0
1487826, 2, 0
1487838, 3, 0
1487968, 0, 0
1487972, 1, 1
1487976, 2, 1
1487988, 3, 0
1488118, 0, 1
1488122, 1, 0
1488126, 2, 1
1488138, 3, 1
1488268, 0, 0
1488272, 1, 0
1488276, 2, 0
1488288, 3, bit 0
1488288, 3, 1
1488418, 0, 1
1488422, 1, 1
1488427, 2, 0
1488438, 3, 0
1488568, 0, 1
1488572, 1, 1
1488577, 2, 1
1488588, 3, 1
1488718, 0, 0
1488722, 1, 0
1488727, 2, 0
1488738, 3, 0
1488868, 0, 1
1488872, 1, 1
1488877, 2, 1
1488888, 3, 1
1489018, 0, 0
1489022, 1, 0
1489027, 2, 1
1489038, 3, 0
1489168, 0, bit 0
1489168, 0, 1
1489172, 1, bit 0
1489172, 1, 1
1489177, 2, 0
1489188, 3, 1
1489318, 0, 0
1489323, 1, 0
1489327, 2, 1
1489338, 3, 0
1489468, 0, 0
1489473, 1, 0
1489477, 2, 0
1489488, 3, 0
1489618, 0, 1
1489623, 1, 1
1489627, 2, 0
1489638, 3, 1
1489768, 0, 0
1489773, 1, 1
1489777, 2, 1
1489788, 3, 1
1489918, 0, 1
1489923, 1, 0
1489927, 2, bit 0
1489927, 2, 0
1489938, 3, 0
1490068, 0, 0
1490073, 1, 0
1490077, 2, 1
1490088, 3, 0
1490219, 0, 1
1490223, 1, 1
1490227, 2, 1
1490238, 3, 1
1490369, 0, 0
1490373, 1, 1
1490377, 2, 0
1490388, 3, bit 1
1490388, 3, 0
1490519, 0, 1
1490523, 1, 0
1490527, 2, 0
1490538, 3, 1
1490669, 0, 1
1490673, 1, 0
1490677, 2, 1
1490688, 3, 0
1490819, 0, 0
1490823, 1, 1
1490827, 2, 0
1490838, 3, 1
1490969, 0, 1
1490973, 1, 0
1490977, 2, 1
1490988, 3, 0
1491119, 0, 0
1491123, 1, 1
1491127, 2, 1
1491138, 3, 1
1491269, 0, bit 0
1491269, 0, 1
1491273, 1, bit 1
1491273, 1, 0
1491277, 2, 0
1491288, 3, 0
1491419, 0, 0
1491423, 1, 1
1491427, 2, 1
1491438, 3, 1
1491569, 0, 0
1491573, 1, 1
1491577, 2, 0
1491588, 3, 1
1491719, 0, 1
1491723, 1, 0
1491727, 2, 0
1491738, 3, 0
1491869, 0, 0
1491873, 1, 0
1491877, 2, 1
1491888, 3, 0
1492019, 0, 1
1492023, 1, 1
1492027, 2, bit 0
1492027, 2, 0
1492038, 3, 1
1492169, 0, 0
1492173, 1, 1
1492177, 2, 1
1492188, 3, 1
1492319, 0, 1
1492323, 1, 0
1492327, 2, 1
1492338, 3, 0
1492469, 0, 0
1492473, 1, 0
1492477, 2, 0
1492488, 3, bit 0
1492488, 3, 1
1492619, 0, 1
1492623, 1, 1
1492627, 2, 0
1492638, 3, 0
1492769, 0, 1
1492773, 1, 1
1492777, 2, 1
1492788, 3, 1
1492919, 0, 0
1492923, 1, 0
1492927, 2, 0
1492938, 3, 0
1493069, 0, 1
1493073, 1, 1
1493078, 2, 1
1493088, 3, 1
1493219, 0, 0
1493223, 1, 0
1493228, 2, 1
1493238, 3, 0
1493369, 0, bit 0
1493369, 0, 1
1493373, 1, bit 1
1493373, 1, 0
1493378, 2, 0
1493388, 3, 1
1493519, 0, 0
1493523, 1, 1
1493528, 2, 1
1493538, 3, 0
1493669, 0, 0
1493673, 1, 1
1493678, 2, 0
1493688, 3, 0
1493819, 0, 1
1493823, 1, 0
1493828, 2, 0
1493838, 3, 1
1493969, 0, 0
1493974, 1, 0
1493978, 2, 1
1493988, 3, 1
1494119, 0, 1
1494124, 1, 1
1494128, 2, bit 1
1494128, 2, 1
1494138, 3, 0
1494269, 0, 0
1494274, 1, 1
1494278, 2, 0
1494288, 3, 0
1494419, 0, 1
1494424, 1, 0
1494428, 2, 0
1494438, 3, 1
1494569, 0, 0
1494574, 1, 0
1494578, 2, 1
1494588, 3, bit 0
1494588, 3, 1
1494719, 0, 1
1494724, 1, 1
1494728, 2, 1
1494738, 3, 0
1494870, 0, 1
1494874, 1, 1
1494878, 2, 0
1494888, 3, 1
1495020, 0, 0
1495024, 1, 0
1495028, 2, 1
1495038, 3, 0
1495170, 0, 1
1495174, 1, 1
1495178, 2, 0
1495188, 3, 1
1495320, 0, 0
1495324, 1, 0
1495328, 2, 0
1495339, 3, 0
1495470, 0, bit 1
1495470, 0, 0
1495474, 1, bit 1
1495474, 1, 0
1495478, 2, 1
1495489, 3, 1
1495620, 0, 1
1495624, 1, 1
1495628, 2, 0
1495639, 3, 0
1495770, 0, 1
1495774, 1, 1
1495778, 2, 1
1495789, 3, 0
1495920, 0, 0
1495924, 1, 0
1495928, 2, 1
1495939, 3, 1
1496070, 0, 1
1496074, 1, 0
1496078, 2, 0
1496089, 3, 1
1496220, 0, 0
1496224, 1, 1
1496228, 2, bit 0
1496228, 2, 0
1496239, 3, 0
1496370, 0, 1
1496374, 1, 1
1496378, 2, 1
1496389, 3, 0
1496520, 0, 0
1496524, 1, 0
1496528, 2, 1
1496539, 3, 1
1496670, 0, 1
1496674, 1, 0
1496678, 2, 0
1496689, 3, bit 1
1496689, 3, 0
1496820, 0, 0
1496824, 1, 1
1496828, 2, 0
1496839, 3, 1
1496970, 0, 0
1496974, 1, 1
1496978, 2, 1
1496989, 3, 0
1497120, 0, 1
1497124, 1, 0
1497128, 2, 0
1497139, 3, 1
1497270, 0, 0
1497274, 1, 1
1497278, 2, 1
1497289, 3, 0
1497420, 0, 1
1497424, 1, 0
1497428, 2, 1
1497439, 3, 1
1497570, 0, bit 0
1497570, 0, 1
1497574, 1, bit 1
1497574, 1, 0
1497578, 2, 0
1497589, 3, 0
1497720, 0, 0
1497724, 1, 1
1497728, 2, 1
1497739, 3, 1
1497870, 0, 0
1497874, 1, 1
1497878, 2, 0
1497889, 3, 1
1498020, 0, 1
1498024, 1, 0
1498028, 2, 0
1498039, 3, 0
1498170, 0, 0
1498174, 1, 0
1498178, 2, 1
1498189, 3, 0
1498320, 0, 1
1498324, 1, 1
1498328, 2, bit 0
1498328, 2, 0
1498339, 3, 1
1498470, 0, 0
1498474, 1, 1
1498478, 2, 1
1498489, 3, 1
1498620, 0, 1
1498624, 1, 0
1498628, 2, 1
1498639, 3, 0
1498770, 0, 0
1498774, 1, 0
1498778, 2, 0
1498789, 3, bit 0
1498789, 3, 1
1498920, 0, 1
1498924, 1, 1
1498928, 2, 0
1498939, 3, 0
1499070, 0, 1
1499074, 1, 1
1499078, 2, 1
1499089, 3, 1
1499220, 0, 0
1499224, 1, 0
1499228, 2, 0
1499239, 3, 0
1499370, 0, 1
1499374, 1, 1
1499378, 2, 1
1499389, 3, 1
1499520, 0, 0
1499524, 1, 0
1499528, 2, 1
1499539, 3, 0
1499670, 0, bit 1
1499670, 0, 0
1499674, 1, bit 1
1499674, 1, 0
1499678, 2, 0
1499689, 3, 1
1499820, 0, 1
1499824, 1, 1
1499828, 2, 1
1499839, 3, 0
1499970, 0, 1
1499974, 1, 1
1499978, 2, 0
1499990, 3, 0
1500120, 0, 0
1500124, 1, 0
1500128, 2, 0
1500140, 3, 1
1500270, 0, 1
1500274, 1, 0
1500278, 2, 1
1500290, 3, 1
1500420, 0, 0
1500424, 1, 1
1500428, 2, bit 1
1500428, 2, 1
1500440, 3, 0
1500570, 0, 1
1500574, 1, 1
1500578, 2, 0
1500590, 3, 0
1500720, 0, 0
1500724, 1, 0
1500728, 2, 0
1500740, 3, 1
1500870, 0, 1
1500874, 1, 0
1500878, 2, 1
1500890, 3, bit 0
1500890, 3, 1
1501020, 0, 0
1501024, 1, 1
1501028, 2, 1
1501040, 3, 0
1501170, 0, 0
1501174, 1, 1
1501178, 2, 0
1501190, 3, 1
1501320, 0, 1
1501324, 1, 0
1501328, 2, 1
1501340, 3, 0
1501470, 0, 0
1501474, 1, 1
1501478, 2, 0
1501490, 3, 1
1501620, 0, 1
1501624, 1, 0
1501628, 2, 0
1501640, 3, 0
1501770, 0, bit 1
1501770, 0, 0
1501774, 1, bit 1
1501774, 1, 0
1501778, 2, 1
1501790, 3, 1
1501920, 0, 1
1501924, 1, 1
1501928, 2, 0
1501940, 3, 0
1502070, 0, 1
1502074, 1, 1
1502078, 2, 1
1502090, 3, 0
1502220, 0, 0
1502224, 1, 0
1502228, 2, 1
1502240, 3, 1
1502370, 0, 1
1502374, 1, 0
1502379, 2, 0
1502390, 3, 1
1502520, 0, 0
1502524, 1, 1
1502529, 2, bit 0
1502529, 2, 0
1502540, 3, 0
1502670, 0, 1
1502674, 1, 1
1502679, 2, 1
1502690, 3, 0
1502820, 0, 0
1502824, 1, 0
1502829, 2, 1
1502840, 3, 1
1502970, 0, 1
1502974, 1, 0
1502979, 2, 0
1502990, 3, bit 0
1502990, 3, 1
1503120, 0, 0
1503124, 1, 1
1503129, 2, 0
1503140, 3, 0
1503270, 0, 0
1503275, 1, 1
1503279, 2, 1
1503290, 3, 1
1503420, 0, 1
1503425, 1, 0
1503429, 2, 0
1503440, 3, 0
1503570, 0, 0
1503575, 1, 1
1503579, 2, 1
1503590, 3, 1
1503720, 0, 1
1503725, 1, 0
1503729, 2, 1
1503740, 3, 0
1503870, 0, bit 1
1503870, 0, 0
1503875, 1, bit 1
1503875, 1, 0
1503879, 2, 0
1503890, 3, 1
1504020, 0, 1
1504025, 1, 1
1504029, 2, 1
1504040, 3, 0
1504171, 0, 1
1504175, 1, 1
1504179, 2, 0
1504190, 3, 0
1504321, 0, 0
1504325, 1, 0
1504329, 2, 0
1504340, 3, 1
1504471, 0, 1
1504475, 1, 0
1504479, 2, 1
1504490, 3, 1
1504621, 0, 0
1504625, 1, 1
1504629, 2, bit 1
1504629, 2, 1
1504640, 3, 0
1504771, 0, 1
1504775, 1, 1
1504779, 2, 0
1504790, 3, 0
1504921, 0, 0
1504925, 1, 0
1504929, 2, 0
1504940, 3, 1
1505071, 0, 1
1505075, 1, 0
1505079, 2, 1
1505090, 3, bit 0
1505090, 3, 1
1505221, 0, 0
1505225, 1, 1
1505229, 2, 1
1505240, 3, 0
1505371, 0, 0
1505375, 1, 1
1505379, 2, 0
1505390, 3, 1
1505521, 0, 1
1505525, 1, 0
1505529, 2, 1
1505540, 3, 0
1505671, 0, 0
1505675, 1, 1
1505679, 2, 0
1505690, 3, 1
1505821, 0, 1
1505825, 1, 0
1505829, 2, 0
1505840, 3, 0
1505971, 0, bit 1
1505971, 0, 0
1505975, 1, bit 1
1505975, 1, 0
1505979, 2, 1
1505990, 3, 1
1506121, 0, 1
1506125, 1, 1
1506129, 2, 0
1506140, 3, 0
1506271, 0, 1
1506275, 1, 1
1506279, 2, 1
1506290, 3, 0
1506421, 0, 0
1506425, 1, 0
1506429, 2, 1
1506440, 3, 1
1506571, 0, 1
1506575, 1, 0
1506579, 2, 0
1506590, 3, 1
1506721, 0, 0
1506725, 1, 1
1506729, 2, bit 1
1506729, 2, 1
1506740, 3, 0
1506871, 0, 1
1506875, 1, 1
1506879, 2, 0
1506890, 3, 0
1507021, 0, 0
1507025, 1, 0
1507030, 2, 0
1507040, 3, 1
1507171, 0, 1
1507175, 1, 0
1507180, 2, 1
1507190, 3, bit 0
1507190, 3, 1
1507321, 0, 0
1507325, 1, 1
1507330, 2, 1
1507340, 3, 0
1507471, 0, 0
1507475, 1, 1
1507480, 2, 0
1507490, 3, 1
1507621, 0, 1
1507625, 1, 0
1507630, 2, 1
1507640, 3, 0
1507771, 0, 0
1507775, 1, 1
1507780, 2, 0
1507790, 3, 1
1507921, 0, 1
1507926, 1, 0
1507930, 2, 0
1507940, 3, 0
1508071, 0, bit 1
1508071, 0, 0
1508076, 1, bit 1
1508076, 1, 0
1508080, 2, 1
1508090, 3, 1
1508221, 0, 1
1508226, 1, 1
1508230, 2, 0
1508240, 3, 0
1508371, 0, 1
1508376, 1, 1
1508380, 2, 1
1508390, 3, 0
1508521, 0, 0
1508526, 1, 0
1508530, 2, 1
1508540, 3, 1
1508671, 0, 1
1508676, 1, 0
1508680, 2, 0
1508690, 3, 1
1508822, 0, 0
1508826, 1, 1
1508830, 2, bit 0
1508830, 2, 0
1508840, 3, 0
1508972, 0, 1
1508976, 1, 1
1508980, 2, 1
1508990, 3, 0
1509122, 0, 0
1509126, 1, 0
1509130, 2, 1
1509140, 3, 1
1509272, 0, 1
1509276, 1, 0
1509280, 2, 0
1509291, 3, bit 0
1509291, 3, 1
1509422, 0, 0
1509426, 1, 1
1509430, 2, 0
1509441, 3, 0
1509572, 0, 0
1509576, 1, 1
1509580, 2, 1
1509591, 3, 1
1509722, 0, 1
1509726, 1, 0
1509730, 2, 0
1509741, 3, 0
1509872, 0, 0
1509876, 1, 1
1509880, 2, 1
1509891, 3, 1
1510022, 0, 1
1510026, 1, 0
1510030, 2, 1
1510041, 3, 0
1510172, 0, bit 0
1510172, 0, 1
1510176, 1, bit 1
1510176, 1, 0
1510180, 2, 0
1510191, 3, 1
1510322, 0, 0
1510326, 1, 1
1510330, 2, 1
1510341, 3, 0
1510472, 0, 0
1510476, 1, 1
1510480, 2, 0
1510491, 3, 0
1510622, 0, 1
1510626, 1, 0
1510630, 2, 0
1510641, 3, 1
1510772, 0, 0
1510776, 1, 0
1510780, 2, 1
1510791, 3, 1
1510922, 0, 1
1510926, 1, 1
1510930, 2, bit 1
1510930, 2, 1
1510941, 3, 0
1511072, 0, 0
1511076, 1, 1
1511080, 2, 0
1511091, 3, 0
1511222, 0, 1
1511226, 1, 0
1511230, 2, 0
1511241, 3, 1
1511372, 0, 0
1511376, 1, 0
1511380, 2, 1
1511391, 3, bit 0
1511391, 3, 1
1511522, 0, 1
1511526, 1, 1
1511530, 2, 1
1511541, 3, 0
1511672, 0, 1
1511676, 1, 1
1511680, 2, 0
1511691, 3, 1
1511822, 0, 0
1511826, 1, 0
1511830, 2, 1
1511841, 3, 0
1511972, 0, 1
1511976, 1, 1
1511980, 2, 0
1511991, 3, 1
1512122, 0, 0
1512126, 1, 0
1512130, 2, 0
1512141, 3, 0
1512272, 0, bit 0
1512272, 0, 1
1512276, 1, bit 0
1512276, 1, 1
1512280, 2, 1
1512291, 3, 1
1512422, 0, 0
1512426, 1, 0
1512430, 2, 0
1512441, 3, 0
1512572, 0, 0
1512576, 1, 0
1512580, 2, 1
1512591, 3, 0
1512722, 0, 1
1512726, 1, 1
1512730, 2, 1
1512741, 3, 1
1512872, 0, 0
1512876, 1, 1
1512880, 2, 0
1512891, 3, 1
1513022, 0, 1
1513026, 1, 0
1513030, 2, bit 0
1513030, 2, 0
1513041, 3, 0
1513172, 0, 0
1513176, 1, 0
1513180, 2, 1
1513191, 3, 0
1513322, 0, 1
1513326, 1, 1
1513330, 2, 1
1513341, 3, 1
1513472, 0, 0
1513476, 1, 1
1513480, 2, 0
1513491, 3, bit 1
1513491, 3, 0
1513622, 0, 1
1513626, 1, 0
1513630, 2, 0
1513641, 3, 1
1513772, 0, 1
1513776, 1, 0
1513780, 2, 1
1513791, 3, 0
1513922, 0, 0
1513926, 1, 1
1513930, 2, 0
1513942, 3, 1
1514072, 0, 1
1514076, 1, 0
1514080, 2, 1
1514092, 3, 0
1514222, 0, 0
1514226, 1, 1
1514230, 2, 1
1514242, 3, 1
1514372, 0, bit 1
1514372, 0, 0
1514376, 1, bit 1
1514376, 1, 0
1514380, 2, 0
1514392, 3, 0
1514522, 0, 1
1514526, 1, 1
1514530, 2, 1
1514542, 3, 1
1514672, 0, 1
1514676, 1, 1
1514680, 2, 0
1514692, 3, 1
1514822, 0, 0
1514826, 1, 0
1514830, 2, 0
1514842, 3, 0
1514972, 0, 1
1514976, 1, 0
1514980, 2, 1
1514992, 3, 0
1515122, 0, 0
1515126, 1, 1
1515130, 2, bit 0
1515130, 2, 0
1515142, 3, 1
1515272, 0, 1
1515276, 1, 1
1515280, 2, 1
1515292, 3, 1
1515422, 0, 0
1515426, 1, 0
1515430, 2, 1
1515442, 3, 0
1515572, 0, 1
1515576, 1, 0
1515580, 2, 0
1515592, 3, bit 0
1515592, 3, 1
1515722, 0, 0
1515726, 1, 1
1515730, 2, 0
1515742, 3, 0
1515872, 0, 0
1515876, 1, 1
1515880, 2, 1
1515892, 3, 1
1516022, 0, 1
1516026, 1, 0
1516030, 2, 0
1516042, 3, 0
1516172, 0, 0
1516176, 1, 1
1516180, 2, 1
1516192, 3, 1
1516322, 0, 1
1516326, 1, 0
1516331, 2, 1
1516342, 3, 0
1516472, 0, bit 1
1516472, 0, 0
1516476, 1, bit 0
1516476, 1, 1
1516481, 2, 0
1516492, 3, 1
1516622, 0, 1
1516626, 1, 0
1516631, 2, 1
1516642, 3, 0
1516772, 0, 1
1516776, 1, 0
1516781, 2, 0
1516792, 3, 0
1516922, 0, 0
1516926, 1, 1
1516931, 2, 0
1516942, 3, 1
1517072, 0, 1
1517076, 1, 1
1517081, 2, 1
1517092, 3, 1
1517222, 0, 0
1517227, 1, 0
1517231, 2, bit 1
1517234, 2, 1
1517242, 3, 0
1517372, 0, 1
1517377, 1, 0
1517381, 2, 0
1517392, 3, 0
1517522, 0, 0
1517527, 1, 1
1517531, 2, 0
1517542, 3, 1
1517672, 0, 1
1517677, 1, 1
1517681, 2, 1
1517692, 3, bit 0
1517692, 3, 1
1517822, 0, 0
1517827, 1, 0
1517831, 2, 1
1517842, 3, 0
1517972, 0, 0
1517977, 1, 0
1517981, 2, 0
1517992, 3, 1
1518123, 0, 1
1518127, 1, 1
1518131, 2, 1
1518142, 3, 0
1518273, 0, 0
1518277, 1, 0
1518281, 2, 0
1518292, 3, 1
1518423, 0, 1
1518427, 1, 1
1518431, 2, 0
1518442, 3, 0
1518573, 0, bit 0
1518573, 0, 1
1518577, 1, bit 1
1518577, 1, 0
1518581, 2, 1
1518592, 3, 1
1518723, 0, 0
1518727, 1, 1
1518731, 2, 0
1518742, 3, 0
1518873, 0, 0
1518877, 1, 1
1518881, 2, 1
1518892, 3, 0
1519023, 0, 1
1519027, 1, 0
1519031, 2, 1
1519042, 3, 1
1519173, 0, 0
1519177, 1, 0
1519181, 2, 0
1519192, 3, 1
1519323, 0, 1
1519327, 1, 1
1519331, 2, bit 1
1519331, 2, 1
1519342, 3, 0
1519473, 0, 0
1519477, 1, 1
1519481, 2, 0
1519492, 3, 0
1519623, 0, 1
1519627, 1, 0
1519631, 2, 0
1519642, 3, 1
1519773, 0, 0
1519777, 1, 0
1519781, 2, 1
1519792, 3, bit 0
1519792, 3, 1
1519923, 0, 1
1519927, 1, 1
1519931, 2, 1
1519942, 3, 0
1520073, 0, 1
1520077, 1, 1
1520081, 2, 0
1520092, 3, 1
1520223, 0, 0
1520227, 1, 0
1520231, 2, 1
1520242, 3, 0
1520373, 0, 1
1520377, 1, 1
1520381, 2, 0
1520392, 3, 1
1520523, 0, 0
1520527, 1, 0
1520531, 2, 0
1520542, 3, 0
1520673, 0, bit 1
1520673, 0, 0
1520677, 1, bit 1
1520677, 1, 0
1520681, 2, 1
1520692, 3, 1
1520823, 0, 1
1520827, 1, 1
1520831, 2, 0
1520842, 3, 0
1520973, 0, 1
1520977, 1, 1
1520982, 2, 1
1520992, 3, 0
1521123, 0, 0
1521127, 1, 0
1521132, 2, 1
1521142, 3, 1
1521273, 0, 1
1521277, 1, 0
1521282, 2, 0
1521292, 3, 1
1521423, 0, 0
1521427, 1, 1
1521432, 2, bit 1
1521432, 2, 1
1521442, 3, 0
1521573, 0, 1
1521577, 1, 1
1521582, 2, 0
1521592, 3, 0
1521723, 0, 0
1521727, 1, 0
1521732, 2, 0
1521742, 3, 1
1521873, 0, 1
1521878, 1, 0
1521882, 2, 1
1521892, 3, bit 1
1521895, 3, 0
1522023, 0, 0
1522028, 1, 1
1522032, 2, 1
1522042, 3, 1
1522173, 0, 0
1522178, 1, 1
1522182, 2, 0
1522192, 3, 0
1522323, 0, 1
1522328, 1, 0
1522332, 2, 1
1522342, 3, 1
1522473, 0, 0
1522478, 1, 1
1522482, 2, 0
1522492, 3, 0
1522623, 0, 1
1522628, 1, 0
1522632, 2, 0
1522642, 3, 1
1522774, 0, bit 1
1522774, 0, 0
1522778, 1, bit 0
1522778, 1, 1
1522782, 2, 1
1522792, 3, 0
1522924, 0, 1
1522928, 1, 0
1522932, 2, 0
1522942, 3, 1
1523074, 0, 1
1523078, 1, 0
1523082, 2, 1
1523092, 3, 1
1523224, 0, 0
1523228, 1, 1
1523232, 2, 1
1523243, 3, 0
1523374, 0, 1
1523378, 1, 1
1523382, 2, 0
1523393, 3, 0
1523524, 0, 0
1523528, 1, 0
1523532, 2, bit 0
1523532, 2, 0
1523543, 3, 1
1523674, 0, 1
1523678, 1, 0
1523682, 2, 1
1523693, 3, 1
1523824, 0, 0
1523828, 1, 1
1523832, 2, 1
1523843, 3, 0
1523974, 0, 1
1523978, 1, 1
1523982, 2, 0
1523993, 3, bit 0
1523993, 3, 1
1524124, 0, 0
1524128, 1, 0
1524132, 2, 0
1524143, 3, 0
1524274, 0, 0
1524278, 1, 0
1524282, 2, 1
1524293, 3, 1
1524424, 0, 1
1524428, 1, 1
1524432, 2, 0
1524443, 3, 0
1524574, 0, 0
1524578, 1, 0
1524582, 2, 1
1524593, 3, 1
1524724, 0, 1
1524728, 1, 1
1524732, 2, 1
1524743, 3, 0
1524874, 0, bit 1
1524874, 0, 0
1524878, 1, bit 1
1524878, 1, 0
1524882, 2, 0
1524893, 3, 1
1525024, 0, 1
1525028, 1, 1
1525032, 2, 1
1525043, 3, 0
1525174, 0, 1
1525178, 1, 1
1525182, 2, 0
1525193, 3, 0
1525324, 0, 0
1525328, 1, 0
1525332, 2, 0
1525343, 3, 1
1525474, 0, 1
1525478, 1, 0
1525488, 2, 1
1525493, 3, 1
1525624, 0, 0
1525628, 1, 1
1525638, 2, bit 1
1525638, 2, 1
1525643, 3, 0
1525774, 0, 1
1525778, 1, 1
1525788, 2, 0
1525793, 3, 0
1525924, 0, 0
1525928, 1, 0
1525938, 2, 0
1525943, 3, 1
1526074, 0, 1
1526078, 1, 0
1526088, 2, 1
1526093, 3, bit 1
1526093, 3, 0
1526224, 0, 0
1526228, 1, 1
1526238, 2, 1
1526243, 3, 1
1526374, 0, 0
1526378, 1, 1
1526388, 2, 0
1526393, 3, 0
1526524, 0, 1
1526528, 1, 0
1526538, 2, 1
1526543, 3, 1
1526674, 0, 0
1526678, 1, 1
1526688, 2, 0
1526693, 3, 0
1526824, 0, 1
1526828, 1, 0
1526838, 2, 0
1526843, 3, 1
1526974, 0, bit 1
1526974, 0, 0
1526978, 1, bit 0
1526978, 1, 1
1526988, 2, 1
1526993, 3, 0
1527124, 0, 1
1527128, 1, 0
1527138, 2, 0
1527143, 3, 1
1527274, 0, 1
1527278, 1, 0
1527288, 2, 1
1527293, 3, 1
1527424, 0, 0
1527428, 1, 1
1527438, 2, 1
1527443, 3, 0
1527574, 0, 1
1527578, 1, 1
1527588, 2, 0
1527593, 3, 0
1527724, 0, 0
1527728, 1, 0
1527738, 2, bit 1
1527738, 2, 1
1527743, 3, 1
1527874, 0, 1
1527878, 1, 0
1527888, 2, 0
1527894, 3, 1
1528024, 0, 0
1528028, 1, 1
1528038, 2, 0
1528044, 3, 0
1528174, 0, 1
1528178, 1, 1
1528188, 2, 1
1528194, 3, bit 1
1528194, 3, 0
1528324, 0, 0
1528328, 1, 0
1528338, 2, 1
1528344, 3, 1
1528474, 0, 0
1528478, 1, 0
1528488, 2, 0
1528494, 3, 0
1528624, 0, 1
1528628, 1, 1
1528638, 2, 1
1528644, 3, 1
1528774, 0, 0
1528778, 1, 0
1528788, 2, 0
1528794, 3, 0
1528924, 0, 1
1528928, 1, 1
1528938, 2, 0
1528944, 3, 1
1529074, 0, bit 0
1529077, 0, 1
1529078, 1, bit 1
1529078, 1, 0
1529088, 2, 1
1529094, 3, 0
1529224, 0, 0
1529228, 1, 1
1529238, 2, 0
1529244, 3, 1
1529374, 0, 0
1529378, 1, 1
1529388, 2, 1
1529394, 3, 1
1529524, 0, 1
1529528, 1, 0
1529538, 2, 1
1529544, 3, 0
1529674, 0, 0
1529678, 1, 0
1529688, 2, 0
1529694, 3, 0
1529824, 0, 1
1529828, 1, 1
1529838, 2, bit 1
1529838, 2, 1
1529844, 3, 1
1529974, 0, 0
1529978, 1, 1
1529988, 2, 0
1529994, 3, 1
1530124, 0, 1
1530128, 1, 0
1530138, 2, 0
1530144, 3, 0
1530274, 0, 0
1530278, 1, 0
1530288, 2, 1
1530294, 3, bit 0
1530294, 3, 1
1530424, 0, 1
1530428, 1, 1
1530438, 2, 1
1530444, 3, 0
1530574, 0, 1
1530578, 1, 1
1530588, 2, 0
1530594, 3, 1
1530724, 0, 0
1530728, 1, 0
1530738, 2, 1
1530744, 3, 0
1530874, 0, 1
1530878, 1, 1
1530888, 2, 0
1530894, 3, 1
1531024, 0, 0
1531028, 1, 0
1531038, 2, 0
1531044, 3, 0
1531174, 0, bit 0
1531174, 0, 1
1531179, 1, bit 1
1531179, 1, 0
1531188, 2, 1
1531194, 3, 1
1531324, 0, 0
1531329, 1, 1
1531338, 2, 0
1531344, 3, 0
1531474, 0, 0
1531479, 1, 1
1531488, 2, 1
1531494, 3, 0
1531624, 0, 1
1531629, 1, 0
1531638, 2, 1
1531644, 3, 1
1531774, 0, 0
1531779, 1, 0
1531788, 2, 0
1531794, 3, 1
1531924, 0, 1
1531929, 1, 1
1531938, 2, bit 0
1531938, 2, 0
1531944, 3, 0
1532075, 0, 0
1532079, 1, 1
1532088, 2, 1
1532094, 3, 0
1532225, 0, 1
1532229, 1, 0
1532238, 2, 1
1532244, 3, 1
1532375, 0, 0
1532379, 1, 0
1532388, 2, 0
1532394, 3, bit 1
1532394, 3, 0
1532525, 0, 1
1532529, 1, 1
1532538, 2, 0
1532544, 3, 1
1532675, 0, 1
1532679, 1, 1
1532688, 2, 1
1532694, 3, 0
1532825, 0, 0
1532829, 1, 0
1532838, 2, 0
1532844, 3, 1
1532975, 0, 1
1532979, 1, 1
1532988, 2, 1
1532994, 3, 0
1533125, 0, 0
1533129, 1, 0
1533138, 2, 1
1533144, 3, 1
1533275, 0, bit 1
1533275, 0, 0
1533279, 1, bit 0
1533279, 1, 1
1533288, 2, 0
1533294, 3, 0
1533425, 0, 1
1533429, 1, 0
1533438, 2, 1
1533444, 3, 1
1533575, 0, 1
1533579, 1, 0
1533588, 2, 0
1533594, 3, 1
1533725, 0, 0
1533729, 1, 1
1533739, 2, 0
1533744, 3, 0
1533875, 0, 1
1533879, 1, 1
1533889, 2, 1
1533894, 3, 0
1534025, 0, 0
1534029, 1, 0
1534039, 2, bit 1
1534039, 2, 1
1534044, 3, 1
1534175, 0, 1
1534179, 1, 0
1534189, 2, 0
1534194, 3, 1
1534325, 0, 0
1534329, 1, 1
1534339, 2, 0
1534344, 3, 0
1534475, 0, 1
1534479, 1, 1
1534489, 2, 1
1534494, 3, bit 0
1534494, 3, 1
1534625, 0, 0
1534629, 1, 0
1534639, 2, 1
1534644, 3, 0
1534775, 0, 0
1534779, 1, 0
1534789, 2, 0
1534794, 3, 1
1534925, 0, 1
1534929, 1, 1
1534939, 2, 1
1534944, 3, 0
1535075, 0, 0
1535079, 1, 0
1535089, 2, 0
1535094, 3, 1
1535225, 0, 1
1535229, 1, 1
1535239, 2, 0
1535244, 3, 0
1535375, 0, bit 0
1535375, 0, 1
1535379, 1, bit 0
1535379, 1, 1
1535389, 2, 1
1535394, 3, 1
1535525, 0, 0
1535529, 1, 0
1535539, 2, 0
1535544, 3, 0
1535675, 0, 0
1535679, 1, 0
1535689, 2, 1
1535694, 3, 0
1535825, 0, 1
1535830, 1, 1
1535839, 2, 1
1535844, 3, 1
1535975, 0, 0
1535980, 1, 1
1535989, 2, 0
1535994, 3, 1
1536125, 0, 1
1536130, 1, 0
1536139, 2, bit 1
1536139, 2, 1
1536144, 3, 0
1536275, 0, 0
1536280, 1, 0
1536289, 2, 0
1536294, 3, 0
1536425, 0, 1
1536430, 1, 1
1536439, 2, 0
1536444, 3, 1
1536575, 0, 0
1536580, 1, 1
1536589, 2, 1
1536594, 3, bit 0
1536594, 3, 1
1536726, 0, 1
1536730, 1, 0
1536739, 2, 1
1536744, 3, 0
1536876, 0, 1
1536880, 1, 0
1536889, 2, 0
1536894, 3, 1
1537026, 0, 0
1537030, 1, 1
1537039, 2, 1
1537044, 3, 0
1537176, 0, 1
1537180, 1, 0
1537189, 2, 0
1537195, 3, 1
1537326, 0, 0
1537330, 1, 1
1537339, 2, 0
1537345, 3, 0
1537476, 0, bit 0
1537476, 0, 1
1537480, 1, bit 0
1537480, 1, 1
1537489, 2, 1
1537495, 3, 1
1537626, 0, 0
1537630, 1, 0
1537639, 2, 0
1537645, 3, 0
1537776, 0, 0
1537780, 1, 0
1537789, 2, 1
1537795, 3, 0
1537926, 0, 1
1537930, 1, 1
1537939, 2, 1
1537945, 3, 1
1538076, 0, 0
1538080, 1, 1
1538089, 2, 0
1538095, 3, 1
1538226, 0, 1
1538230, 1, 0
1538239, 2, bit 0
1538239, 2, 0
1538245, 3, 0
1538376, 0, 0
1538380, 1, 0
1538390, 2, 1
1538395, 3, 0
1538526, 0, 1
1538530, 1, 1
1538540, 2, 1
1538545, 3, 1
1538676, 0, 0
1538680, 1, 1
1538690, 2, 0
1538695, 3, bit 0
1538695, 3, 1
1538826, 0, 1
1538830, 1, 0
1538840, 2, 0
1538845, 3, 0
1538976, 0, 1
1538980, 1, 0
1538990, 2, 1
1538995, 3, 1
1539126, 0, 0
1539130, 1, 1
1539140, 2, 0
1539145, 3, 0
1539276, 0, 1
1539280, 1, 0
1539290, 2, 1
1539295, 3, 1
1539426, 0, 0
1539430, 1, 1
1539440, 2, 1
1539445, 3, 0
1539576, 0, bit 0
1539576, 0, 1
1539580, 1, bit 0
1539580, 1, 1
1539590, 2, 0
1539595, 3, 1
1539726, 0, 0
1539730, 1, 0
1539740, 2, 1
1539745, 3, 0
1539876, 0, 0
1539880, 1, 0
1539890, 2, 0
1539895, 3, 0
1540026, 0, 1
1540030, 1, 1
1540040, 2, 0
1540045, 3, 1
1540176, 0, 0
1540180, 1, 1
1540190, 2, 1
1540195, 3, 1
1540326, 0, 1
1540330, 1, 0
1540340, 2, bit 1
1540340, 2, 1
1540345, 3, 0
1540476, 0, 0
1540480, 1, 0
1540490, 2, 0
1540495, 3, 0
1540626, 0, 1
1540630, 1, 1
1540640, 2, 0
1540645, 3, 1
1540776, 0, 0
1540780, 1, 1
1540790, 2, 1
1540795, 3, bit 1
1540795, 3, 0
1540926, 0, 1
1540930, 1, 0
1540940, 2, 1
1540945, 3, 1
1541076, 0, 1
1541080, 1, 0
1541090, 2, 0
1541095, 3, 0
1541226, 0, 0
1541230, 1, 1
1541240, 2, 1
1541245, 3, 1
1541376, 0, 1
1541380, 1, 0
1541390, 2, 0
1541395, 3, 0
1541526, 0, 0
1541530, 1, 1
1541540, 2, 0
1541545, 3, 1
1541676, 0, bit 0
1541676, 0, 1
1541680, 1, bit 0
1541680, 1, 1
1541690, 2, 1
1541695, 3, 0
1541826, 0, 0
1541830, 1, 0
1541840, 2, 0
1541846, 3, 1
1541976, 0, 0
1541980, 1, 0
1541990, 2, 1
1541996, 3, 1
1542126, 0, 1
1542130, 1, 1
1542140, 2, 1
1542146, 3, 0
1542276, 0, 0
1542280, 1, 1
1542290, 2, 0
1542296, 3, 0
1542426, 0, 1
1542430, 1, 0
1542440, 2, bit 1
1542440, 2, 1
1542446, 3, 1
1542576, 0, 0
1542580, 1, 0
1542590, 2, 0
1542596, 3, 1
1542726, 0, 1
1542730, 1, 1
1542740, 2, 0
1542746, 3, 0
1542876, 0, 0
1542880, 1, 1
1542890, 2, 1
1542896, 3, bit 0
1542896, 3, 1
1543026, 0, 1
1543030, 1, 0
1543040, 2, 1
1543046, 3, 0
1543176, 0, 1
1543180, 1, 0
1543190, 2, 0
1543196, 3, 1
1543326, 0, 0
1543330, 1, 1
1543340, 2, 1
1543346, 3, 0
1543476, 0, 1
1543480, 1, 0
1543490, 2, 0
1543496, 3, 1
1543626, 0, 0
1543630, 1, 1
1543640, 2, 0
1543646, 3, 0
1543776, 0, bit 0
1543776, 0, 1
1543780, 1, bit 1
1543780, 1, 0
1543790, 2, 1
1543796, 3, 1
1543926, 0, 0
1543930, 1, 1
1543940, 2, 0
1543946, 3, 0
1544076, 0, 0
1544080, 1, 1
1544090, 2, 1
1544096, 3, 0
1544226, 0, 1
1544230, 1, 0
1544240, 2, 1
1544246, 3, 1
1544376, 0, 0
1544380, 1, 0
1544390, 2, 0
1544396, 3, 1
1544526, 0, 1
1544530, 1, 1
1544540, 2, bit 0
1544540, 2, 0
1544546, 3, 0
1544676, 0, 0
1544680, 1, 1
1544690, 2, 1
1544696, 3, 0
1544826, 0, 1
1544830, 1, 0
1544840, 2, 1
1544846, 3, 1
1544976, 0, 0
1544980, 1, 0
1544990, 2, 0
1544996, 3, bit 1
1544996, 3, 0
1545126, 0, 1
1545131, 1, 1
1545140, 2, 0
1545146, 3, 1
1545276, 0, 1
1545281, 1, 1
1545290, 2, 1
1545296, 3, 0
1545426, 0, 0
1545431, 1, 0
1545440, 2, 0
1545446, 3, 1
1545576, 0, 1
1545581, 1, 1
1545590, 2, 1
1545596, 3, 0
1545726, 0, 0
1545731, 1, 0
1545740, 2, 1
1545746, 3, 1
1545876, 0, bit 0
1545876, 0, 1
1545881, 1, bit 0
1545881, 1, 1
1545890, 2, 0
1545896, 3, 0
1546027, 0, 0
1546031, 1, 0
1546040, 2, 1
1546046, 3, 1
1546177, 0, 0
1546181, 1, 0
1546190, 2, 0
1546196, 3, 1
1546327, 0, 1
1546331, 1, 1
1546340, 2, 0
1546346, 3, 0
1546477, 0, 0
1546481, 1, 1
1546490, 2, 1
1546496, 3, 0
1546627, 0, 1
1546631, 1, 0
1546640, 2, bit 0
1546640, 2, 0
1546646, 3, 1
1546777, 0, 0
1546781, 1, 0
1546790, 2, 1
1546796, 3, 1
1546927, 0, 1
1546931, 1, 1
1546940, 2, 1
1546946, 3, 0
1547077, 0, 0
1547081, 1, 1
1547090, 2, 0
1547096, 3, bit 1
1547096, 3, 0
1547227, 0, 1
1547231, 1, 0
1547240, 2, 0
1547246, 3, 1
1547377, 0, 1
1547381, 1, 0
1547390, 2, 1
1547396, 3, 0
1547527, 0, 0
1547531, 1, 1
1547540, 2, 0
1547546, 3, 1
1547677, 0, 1
1547681, 1, 0
1547691, 2, 1
1547696, 3, 0
1547827, 0, 0
1547831, 1, 1
1547841, 2, 1
1547846, 3, 1
1547977, 0, bit 0
1547977, 0, 1
1547981, 1, bit 0
1547981, 1, 1
1547991, 2, 0
1547996, 3, 0
1548127, 0, 0
1548131, 1, 0
1548141, 2, 1
1548146, 3, 1
1548277, 0, 0
1548281, 1, 0
1548291, 2, 0
1548296, 3, 1
1548427, 0, 1
1548431, 1, 1
1548441, 2, 0
1548446, 3, 0
1548577, 0, 0
1548581, 1, 1
1548591, 2, 1
1548596, 3, 0
1548727, 0, 1
1548731, 1, 0
1548741, 2, bit 1
1548741, 2, 1
1548746, 3, 1
1548877, 0, 0
1548881, 1, 0
1548891, 2, 0
1548896, 3, 1
1549027, 0, 1
1549031, 1, 1
1549041, 2, 0
1549046, 3, 0
1549177, 0, 0
1549181, 1, 1
1549191, 2, 1
1549196, 3, bit 1
1549196, 3, 0
1549327, 0, 1
1549331, 1, 0
1549341, 2, 1
1549346, 3, 1
1549477, 0, 1
1549481, 1, 0
1549491, 2, 0
1549496, 3, 0
1549627, 0, 0
1549631, 1, 1
1549641, 2, 1
1549646, 3, 1
1549777, 0, 1
1549782, 1, 0
1549791, 2, 0
1549796, 3, 0
1549927, 0, 0
1549932, 1, 1
1549941, 2, 0
1549946, 3, 1
1550077, 0, bit 1
1550077, 0, 0
1550082, 1, bit 1
1550082, 1, 0
1550091, 2, 1
1550096, 3, 0
1550227, 0, 1
1550232, 1, 1
1550241, 2, 0
1550246, 3, 1
1550377, 0, 1
1550382, 1, 1
1550391, 2, 1
1550396, 3, 1
1550527, 0, 0
1550532, 1, 0
1550541, 2, 1
1550546, 3, 0
1550678, 0, 1
1550682, 1, 0
1550691, 2, 0
1550696, 3, 0
1550828, 0, 0
1550832, 1, 1
1550841, 2, bit 1
1550841, 2, 1
1550846, 3, 1
1550978, 0, 1
1550982, 1, 1
1550991, 2, 0
1550996, 3, 1
1551128, 0, 0
1551132, 1, 0
1551141, 2, 0
1551147, 3, 0
1551278, 0, 1
1551282, 1, 0
1551291, 2, 1
1551297, 3, bit 1
1551297, 3, 0
1551428, 0, 0
1551432, 1, 1
1551441, 2, 1
1551447, 3, 1
1551578, 0, 0
1551582, 1, 1
1551591, 2, 0
1551597, 3, 0
1551728, 0, 1
1551732, 1, 0
1551741, 2, 1
1551747, 3, 1
1551878, 0, 0
1551882, 1, 1
1551891, 2, 0
1551897, 3, 0
1552028, 0, 1
1552032, 1, 0
1552041, 2, 0
1552047, 3, 1
1552178, 0, bit 1
1552178, 0, 0
1552182, 1, bit 1
1552182, 1, 0
1552191, 2, 1
1552197, 3, 0
1552328, 0, 1
1552332, 1, 1
1552342, 2, 0
1552347, 3, 1
1552478, 0, 1
1552482, 1, 1
1552492, 2, 1
1552497, 3, 1
1552628, 0, 0
1552632, 1, 0
1552642, 2, 1
1552647, 3, 0
1552778, 0, 1
1552782, 1, 0
1552792, 2, 0
1552797, 3, 0
1552928, 0, 0
1552932, 1, 1
1552942, 2, bit 1
1552942, 2, 1
1552947, 3, 1
1553078, 0, 1
1553082, 1, 1
1553092, 2, 0
1553097, 3, 1
1553228, 0, 0
1553232, 1, 0
1553242, 2, 0
1553247, 3, 0
1553378, 0, 1
1553382, 1, 0
1553392, 2, 1
1553397, 3, bit 1
1553397, 3, 0
1553528, 0, 0
1553532, 1, 1
1553542, 2, 1
1553547, 3, 1
1553678, 0, 0
1553682, 1, 1
1553692, 2, 0
1553697, 3, 0
1553828, 0, 1
1553832, 1, 0
1553842, 2, 1
1553847, 3, 1
1553978, 0, 0
1553982, 1, 1
1553992, 2, 0
1553997, 3, 0
1554128, 0, 1
1554132, 1, 0
1554142, 2, 0
1554147, 3, 1
1554278, 0, bit 0
1554278, 0, 1
1554282, 1, bit 0
1554282, 1, 1
1554292, 2, 1
1554297, 3, 0
1554428, 0, 0
1554432, 1, 0
1554442, 2, 0
1554447, 3, 1
1554578, 0, 0
1554582, 1, 0
1554592, 2, 1
1554597, 3, 1
1554728, 0, 1
1554732, 1, 1
1554742, 2, 1
1554747, 3, 0
1554878, 0, 0
1554882, 1, 1
1554892, 2, 0
1554897, 3, 0
1555028, 0, 1
1555032, 1, 0
1555042, 2, bit 0
1555042, 2, 0
1555047, 3, 1
1555178, 0, 0
1555182, 1, 0
1555192, 2, 1
1555197, 3, 1
1555328, 0, 1
1555332, 1, 1
1555342, 2, 1
1555347, 3, 0
1555478, 0, 0
1555482, 1, 1
1555492, 2, 0
1555497, 3, bit 0
1555497, 3, 1
1555628, 0, 1
1555632, 1, 0
1555642, 2, 0
1555647, 3, 0
1555778, 0, 1
1555782, 1, 0
1555792, 2, 1
1555798, 3, 1
1555928, 0, 0
1555932, 1, 1
1555942, 2, 0
1555948, 3, 0
1556078, 0, 1
1556082, 1, 0
1556092, 2, 1
1556098, 3, 1
1556228, 0, 0
1556232, 1, 1
1556242, 2, 1
1556248, 3, 0
1556378, 0, bit 0
1556378, 0, 1
1556382, 1, bit 1
1556382, 1, 0
1556392, 2, 0
1556398, 3, 1
1556528, 0, 0
1556532, 1, 1
1556542, 2, 1
1556548, 3, 0
1556678, 0, 0
1556682, 1, 1
1556692, 2, 0
1556698, 3, 0
1556828, 0, 1
1556832, 1, 0
1556842, 2, 0
1556848, 3, 1
1556978, 0, 0
1556982, 1, 0
1556992, 2, 1
1556998, 3, 1
1557128, 0, 1
1557132, 1, 1
1557142, 2, bit 1
1557145, 2, 1
1557148, 3, 0
1557278, 0, 0
1557282, 1, 1
1557292, 2, 0
1557298, 3, 0
1557428, 0, 1
1557432, 1, 0
1557442, 2, 0
1557448, 3, 1
1557578, 0, 0
1557582, 1, 0
1557592, 2, 1
1557598, 3, bit 1
1557598, 3, 0
1557728, 0, 1
1557732, 1, 1
1557742, 2, 1
1557748, 3, 1
1557878, 0, 1
1557882, 1, 1
1557892, 2, 0
1557898, 3, 0
1558028, 0, 0
1558032, 1, 0
1558042, 2, 1
1558048, 3, 1
1558178, 0, 1
1558182, 1, 1
1558192, 2, 0
1558198, 3, 0
1558328, 0, 0
1558332, 1, 0
1558342, 2, 0
1558348, 3, 1
1558478, 0, bit 1
1558478, 0, 0
1558482, 1, bit 0
1558482, 1, 1
1558492, 2, 1
1558498, 3, 0
1558628, 0, 1
1558632, 1, 0
1558642, 2, 0
1558648, 3, 1
1558778, 0, 1
1558782, 1, 0
1558792, 2, 1
1558798, 3, 1
1558928, 0, 0
1558932, 1, 1
1558942, 2, 1
1558948, 3, 0
1559078, 0, 1
1559083, 1, 1
1559092, 2, 0
1559098, 3, 0
1559228, 0, 0
1559233, 1, 0
1559242, 2, bit 1
1559242, 2, 1
1559248, 3, 1
1559378, 0, 1
1559383, 1, 0
1559392, 2, 0
1559398, 3, 1
1559528, 0, 0
1559533, 1, 1
1559542, 2, 0
1559548, 3, 0
1559678, 0, 1
1559683, 1, 1
1559692, 2, 1
1559698, 3, bit 0
1559698, 3, 1
1559828, 0, 0
1559833, 1, 0
1559842, 2, 1
1559848, 3, 0
1559979, 0, 0
1559983, 1, 0
1559992, 2, 0
1559998, 3, 1
1560129, 0, 1
1560133, 1, 1
1560142, 2, 1
1560148, 3, 0
1560279, 0, 0
1560283, 1, 0
1560292, 2, 0
1560298, 3, 1
1560429, 0, 1
1560433, 1, 1
1560442, 2, 0
1560448, 3, 0
1560579, 0, bit 1
1560579, 0, 0
1560583, 1, bit 0
1560583, 1, 1
1560592, 2, 1
1560598, 3, 1
1560729, 0, 1
1560733, 1, 0
1560742, 2, 0
1560748, 3, 0
1560879, 0, 1
1560883, 1, 0
1560892, 2, 1
1560898, 3, 0
1561029, 0, 0
1561033, 1, 1
1561042, 2, 1
1561048, 3, 1
1561179, 0, 1
1561183, 1, 1
1561192, 2, 0
1561198, 3, 1
1561329, 0, 0
1561333, 1, 0
1561342, 2, bit 0
1561342, 2, 0
1561348, 3, 0
1561479, 0, 1
1561483, 1, 0
1561492, 2, 1
1561498, 3, 0
1561629, 0, 0
1561633, 1, 1
1561643, 2, 1
1561648, 3, 1
1561779, 0, 1
1561783, 1, 1
1561793, 2, 0
1561798, 3, bit 0
1561801, 3, 1
1561929, 0, 0
1561933, 1, 0
1561943, 2, 0
1561948, 3, 0
1562079, 0, 0
1562083, 1, 0
1562093, 2, 1
1562098, 3, 1
1562229, 0, 1
1562233, 1, 1
1562243, 2, 0
1562248, 3, 0
1562379, 0, 0
1562383, 1, 0
1562393, 2, 1
1562398, 3, 1
1562529, 0, 1
1562533, 1, 1
1562543, 2, 1
1562548, 3, 0
1562679, 0, bit 0
1562679, 0, 1
1562683, 1, bit 0
1562683, 1, 1
1562693, 2, 0
1562698, 3, 1
1562829, 0, 0
1562833, 1, 0
1562843, 2, 1
1562848, 3, 0
1562979, 0, 0
1562983, 1, 0
1562993, 2, 0
1563003, 3, 0
1563129, 0, 1
1563133, 1, 1
1563143, 2, 0
1563153, 3, 1
1563279, 0, 0
1563283, 1, 1
1563293, 2, 1
1563303, 3, 1
1563429, 0, 1
1563433, 1, 0
1563443, 2, bit 1
1563443, 2, 1
1563453, 3, 0
1563579, 0, 0
1563583, 1, 0
1563593, 2, 0
1563603, 3, 0
1563729, 0, 1
1563734, 1, 1
1563743, 2, 0
1563753, 3, 1
1563879, 0, 0
1563884, 1, 1
1563893, 2, 1
1563904, 3, bit 0
1563904, 3, 1
1564029, 0, 1
1564034, 1, 0
1564043, 2, 1
1564054, 3, 0
1564179, 0, 1
1564184, 1, 0
1564193, 2, 0
1564204, 3, 1
1564329, 0, 0
1564334, 1, 1
1564343, 2, 1
1564354, 3, 0
1564479, 0, 1
1564484, 1, 0
1564493, 2, 0
1564504, 3, 1
1564630, 0, 0
1564634, 1, 1
1564643, 2, 0
1564654, 3, 0
1564780, 0, bit 0
1564780, 0, 1
1564784, 1, bit 1
1564784, 1, 0
1564793, 2, 1
1564804, 3, 1
1564930, 0, 0
1564934, 1, 1
1564943, 2, 0
1564954, 3, 0
1565080, 0, 0
1565084, 1, 1
1565093, 2, 1
1565104, 3, 0
1565230, 0, 1
1565234, 1, 0
1565243, 2, 1
1565254, 3, 1
1565380, 0, 0
1565384, 1, 0
1565393, 2, 0
1565404, 3, 1
1565530, 0, 1
1565534, 1, 1
1565543, 2, bit 1
1565543, 2, 1
1565554, 3, 0
1565680, 0, 0
1565684, 1, 1
1565693, 2, 0
1565704, 3, 0
1565830, 0, 1
1565834, 1, 0
1565843, 2, 0
1565854, 3, 1
1565980, 0, 0
1565984, 1, 0
1565993, 2, 1
1566004, 3, bit 1
1566004, 3, 0
1566130, 0, 1
1566134, 1, 1
1566143, 2, 1
1566154, 3, 1
1566280, 0, 1
1566284, 1, 1
1566294, 2, 0
1566304, 3, 0
1566430, 0, 0
1566434, 1, 0
1566444, 2, 1
1566454, 3, 1
1566580, 0, 1
1566584, 1, 1
1566594, 2, 0
1566604, 3, 0
1566730, 0, 0
1566734, 1, 0
1566744, 2, 0
1566754, 3, 1
1566880, 0, bit 1
1566880, 0, 0
1566884, 1, bit 1
1566884, 1, 0
1566894, 2, 1
1566904, 3, 0
1567030, 0, 1
1567034, 1, 1
1567044, 2, 0
1567054, 3, 1
1567180, 0, 1
1567184, 1, 1
1567194, 2, 1
1567204, 3, 1
1567330, 0, 0
1567334, 1, 0
1567344, 2, 1
1567354, 3, 0
1567480, 0, 1
1567484, 1, 0
1567494, 2, 0
1567504, 3, 0
1567630, 0, 0
1567634, 1, 1
1567644, 2, bit 0
1567644, 2, 0
1567654, 3, 1
1567780, 0, 1
1567784, 1, 1
1567794, 2, 1
1567804, 3, 1
1567930, 0, 0
1567934, 1, 0
1567944, 2, 1
1567954, 3, 0
1568080, 0, 1
1568084, 1, 0
1568094, 2, 0
1568104, 3, bit 0
1568104, 3, 1
1568230, 0, 0
1568234, 1, 1
1568244, 2, 0
1568254, 3, 0
1568380, 0, 0
1568384, 1, 1
1568394, 2, 1
1568404, 3, 1
1568530, 0, 1
1568534, 1, 0
1568544, 2, 0
1568555, 3, 0
1568680, 0, 0
1568684, 1, 1
1568694, 2, 1
1568705, 3, 1
1568830, 0, 1
1568834, 1, 0
1568844, 2, 1
1568855, 3, 0
1568980, 0, bit 1
1568984, 0, 0
1568984, 1, bit 0
1568985, 1, 1
1568994, 2, 0
1569005, 3, 1
1569130, 0, 1
1569134, 1, 0
1569144, 2, 1
1569155, 3, 0
1569280, 0, 1
1569284, 1, 0
1569294, 2, 0
1569305, 3, 0
1569430, 0, 0
1569434, 1, 1
1569444, 2, 0
1569455, 3, 1
1569580, 0, 1
1569584, 1, 1
1569594, 2, 1
1569605, 3, 1
1569730, 0, 0
1569734, 1, 0
1569744, 2, bit 0
1569744, 2, 0
1569755, 3, 0
1569880, 0, 1
1569884, 1, 0
1569894, 2, 1
1569905, 3, 0
1570030, 0, 0
1570034, 1, 1
1570044, 2, 1
1570055, 3, 1
1570180, 0, 1
1570184, 1, 1
1570194, 2, 0
1570205, 3, bit 0
1570205, 3, 1
1570330, 0, 0
1570334, 1, 0
1570344, 2, 0
1570355, 3, 0
1570480, 0, 0
1570484, 1, 0
1570494, 2, 1
1570505, 3, 1
1570630, 0, 1
1570634, 1, 1
1570644, 2, 0
1570655, 3, 0
1570780, 0, 0
1570784, 1, 0
1570794, 2, 1
1570805, 3, 1
1570930, 0, 1
1570934, 1, 1
1570944, 2, 1
1570955, 3, 0
1571080, 0, bit 1
1571080, 0, 0
1571084, 1, bit 1
1571084, 1, 0
1571094, 2, 0
1571105, 3, 1
1571230, 0, 1
1571234, 1, 1
1571244, 2, 1
1571255, 3, 0
1571380, 0, 1
1571384, 1, 1
1571394, 2, 0
1571405, 3, 0
1571530, 0, 0
1571534, 1, 0
1571544, 2, 0
1571555, 3, 1
1571680, 0, 1
1571684, 1, 0
1571694, 2, 1
1571705, 3, 1
1571830, 0, 0
1571834, 1, 1
1571844, 2, bit 0
1571844, 2, 0
1571855, 3, 0
1571980, 0, 1
1571984, 1, 1
1571994, 2, 1
1572005, 3, 0
1572130, 0, 0
1572134, 1, 0
1572144, 2, 1
1572155, 3, 1
1572280, 0, 1
1572284, 1, 0
1572294, 2, 0
1572305, 3, bit 1
1572305, 3, 0
1572430, 0, 0
1572434, 1, 1
1572444, 2, 0
1572455, 3, 1
1572580, 0, 0
1572584, 1, 1
1572594, 2, 1
1572605, 3, 0
1572730, 0, 1
1572734, 1, 0
1572744, 2, 0
1572755, 3, 1
1572880, 0, 0
1572884, 1, 1
1572894, 2, 1
1572905, 3, 0
1573030, 0, 1
1573035, 1, 0
1573044, 2, 1
1573055, 3, 1
1573180, 0, bit 0
1573180, 0, 1
1573185, 1, bit 1
1573185, 1, 0
1573194, 2, 0
1573206, 3, 0
1573330, 0, 0
1573335, 1, 1
1573344, 2, 1
1573356, 3, 1
1573480, 0, 0
1573485, 1, 1
1573494, 2, 0
1573506, 3, 1
1573630, 0, 1
1573635, 1, 0
1573644, 2, 0
1573656, 3, 0
1573780, 0, 0
1573785, 1, 0
1573794, 2, 1
1573806, 3, 0
1573931, 0, 1
1573935, 1, 1
1573944, 2, bit 0
1573944, 2, 0
1573956, 3, 1
1574081, 0, 0
1574085, 1, 1
1574094, 2, 1
1574106, 3, 1
1574231, 0, 1
1574235, 1, 0
1574244, 2, 1
1574256, 3, 0
1574381, 0, 0
1574385, 1, 0
1574394, 2, 0
1574406, 3, bit 0
1574406, 3, 1
1574531, 0, 1
1574535, 1, 1
1574544, 2, 0
1574556, 3, 0
1574681, 0, 1
1574685, 1, 1
1574694, 2, 1
1574706, 3, 1
1574831, 0, 0
1574835, 1, 0
1574844, 2, 0
1574856, 3, 0
1574981, 0, 1
1574985, 1, 1
1574994, 2, 1
1575006, 3, 1
1575131, 0, 0
1575135, 1, 0
1575144, 2, 1
1575156, 3, 0
1575281, 0, bit 0
1575281, 0, 1
1575285, 1, bit 1
1575285, 1, 0
1575294, 2, 0
1575306, 3, 1
1575431, 0, 0
1575435, 1, 1
1575444, 2, 1
1575456, 3, 0
1575581, 0, 0
1575585, 1, 1
1575595, 2, 0
1575606, 3, 0
1575731, 0, 1
1575735, 1, 0
1575745, 2, 0
1575756, 3, 1
1575881, 0, 0
1575885, 1, 0
1575895, 2, 1
1575906, 3, 1
1576031, 0, 1
1576035, 1, 1
1576045, 2, bit 0
1576045, 2, 0
1576056, 3, 0
1576181, 0, 0
1576185, 1, 1
1576195, 2, 1
1576206, 3, 0
1576331, 0, 1
1576335, 1, 0
1576345, 2, 1
1576356, 3, 1
1576481, 0, 0
1576485, 1, 0
1576495, 2, 0
1576506, 3, bit 0
1576506, 3, 1
1576631, 0, 1
1576635, 1, 1
1576645, 2, 0
1576656, 3, 0
1576781, 0, 1
1576785, 1, 1
1576795, 2, 1
1576806, 3, 1
1576931, 0, 0
1576935, 1, 0
1576945, 2, 0
1576956, 3, 0
1577081, 0, 1
1577085, 1, 1
1577095, 2, 1
1577106, 3, 1
1577231, 0, 0
1577235, 1, 0
1577245, 2, 1
1577256, 3, 0
1577381, 0, bit 0
1577381, 0, 1
1577385, 1, bit 0
1577385, 1, 1
1577395, 2, 0
1577406, 3, 1
1577531, 0, 0
1577535, 1, 0
1577545, 2, 1
1577556, 3, 0
1577681, 0, 0
1577686, 1, 0
1577695, 2, 0
1577706, 3, 0
1577831, 0, 1
1577836, 1, 1
1577845, 2, 0
1577856, 3, 1
1577981, 0, 0
1577986, 1, 1
1577995, 2, 1
1578006, 3, 1
1578131, 0, 1
1578136, 1, 0
1578145, 2, bit 1
1578145, 2, 1
1578156, 3, 0
1578281, 0, 0
1578286, 1, 0
1578295, 2, 0
1578306, 3, 0
1578431, 0, 1
1578436, 1, 1
1578445, 2, 0
1578456, 3, 1
1578582, 0, 0
1578586, 1, 1
1578595, 2, 1
1578606, 3, bit 1
1578606, 3, 0
1578732, 0, 1
1578736, 1, 0
1578745, 2, 1
1578756, 3, 1
1578882, 0, 1
1578886, 1, 0
1578895, 2, 0
1578906, 3, 0
1579032, 0, 0
1579036, 1, 1
1579045, 2, 1
1579056, 3, 1
1579182, 0, 1
1579186, 1, 0
1579195, 2, 0
1579206, 3, 0
1579332, 0, 0
1579336, 1, 1
1579345, 2, 0
1579356, 3, 1
1579486, 1, bit 1
1579486, 1, 0
1579495, 2, 1
1579506, 3, 0
1579636, 1, 1
1579645, 2, 0
1579656, 3, 1
1579786, 1, 1
1579795, 2, 1
1579806, 3, 1
1579936, 1, 0
1579945, 2, 1
1579956, 3, 0
1580086, 1, 0
1580095, 2, 0
1580106, 3, 0
1580236, 1, 1
1580246, 2, bit 1
1580246, 2, 1
1580256, 3, 1
1580386, 1, 1
1580396, 2, 0
1580406, 3, 1
1580536, 1, 0
1580546, 2, 0
1580556, 3, 0
1580686, 1, 0
1580696, 2, 1
1580706, 3, bit 1
1580706, 3, 0
1580836, 1, 1
1580846, 2, 1
1580856, 3, 1
1580986, 1, 1
1580996, 2, 0
1581006, 3, 0
1581136, 1, 0
1581146, 2, 1
1581156, 3, 1
1581286, 1, 1
1581296, 2, 0
1581306, 3, 0
1581436, 1, 0
1581446, 2, 0
1581456, 3, 1
1581586, 1, bit 1
1581586, 1, 0
1581596, 2, 1
1581606, 3, 0
1581736, 1, 1
1581746, 2, 0
1581756, 3, 1
1581886, 1, 1
1581896, 2, 1
1581906, 3, 1
1582036, 1, 0
1582046, 2, 1
1582056, 3, 0
1582186, 1, 0
1582196, 2, 0
1582206, 3, 0
1582336, 1, 1
1582346, 2, bit 0
1582346, 2, 0
1582356, 3, 1
1582486, 1, 1
1582496, 2, 1
1582507, 3, 1
1582636, 1, 0
1582646, 2, 1
1582657, 3, 0
1582786, 1, 0
1582796, 2, 0
1582807, 3, bit 1
1582807, 3, 0
1582936, 1, 1
1582946, 2, 0
1582957, 3, 1
1583086, 1, 1
1583096, 2, 1
1583107, 3, 0
1583236, 1, 0
1583246, 2, 0
1583257, 3, 1
1583386, 1, 1
1583396, 2, 1
1583407, 3, 0
1583536, 1, 0
1583546, 2, 1
1583557, 3, 1
1583686, 1, bit 1
1583686, 1, 0
1583696, 2, 0
1583707, 3, 0
1583836, 1, 1
1583846, 2, 1
1583857, 3, 1
1583986, 1, 1
1583996, 2, 0
1584007, 3, 1
1584136, 1, 0
1584146, 2, 0
1584157, 3, 0
1584286, 1, 0
1584296, 2, 1
1584307, 3, 0
1584436, 1, 1
1584446, 2, bit 0
1584446, 2, 0
1584457, 3, 1
1584586, 1, 1
1584596, 2, 1
1584607, 3, 1
1584736, 1, 0
1584746, 2, 1
1584757, 3, 0
1584886, 1, 0
1584896, 2, 0
1584907, 3, bit 0
1584907, 3, 1
1585036, 1, 1
1585046, 2, 0
1585057, 3, 0
1585186, 1, 1
1585196, 2, 1
1585207, 3, 1
1585336, 1, 0
1585346, 2, 0
1585357, 3, 0
1585486, 1, 1
1585496, 2, 1
1585507, 3, 1
1585636, 1, 0
1585646, 2, 1
1585657, 3, 0
1585786, 1, bit 0
1585786, 1, 1
1585796, 2, 0
1585807, 3, 1
1585936, 1, 0
1585946, 2, 1
1585957, 3, 0
1586086, 1, 0
1586096, 2, 0
1586107, 3, 0
1586236, 1, 1
1586246, 2, 0
1586257, 3, 1
1586386, 1, 1
1586396, 2, 1
1586407, 3, 1
1586536, 1, 0
1586546, 2, bit 0
1586546, 2, 0
1586557, 3, 0
1586686, 1, 0
1586696, 2, 1
1586707, 3, 0
1586836, 1, 1
1586846, 2, 1
1586857, 3, 1
1586987, 1, 1
1586996, 2, 0
1587007, 3, bit 1
1587007, 3, 0
1587137, 1, 0
1587146, 2, 0
1587158, 3, 1
1587287, 1, 0
1587296, 2, 1
1587308, 3, 0
1587437, 1, 1
1587446, 2, 0
1587458, 3, 1
1587587, 1, 0
1587596, 2, 1
1587608, 3, 0
1587737, 1, 1
1587746, 2, 1
1587758, 3, 1
1587887, 1, bit 1
1587887, 1, 0
1587896, 2, 0
1587908, 3, 0
1588037, 1, 1
1588046, 2, 1
1588058, 3, 1
1588187, 1, 1
1588196, 2, 0
1588208, 3, 1
1588337, 1, 0
1588346, 2, 0
1588358, 3, 0
1588487, 1, 0
1588496, 2, 1
1588508, 3, 0
1588637, 1, 1
1588646, 2, bit 1
1588646, 2, 1
1588658, 3, 1
1588787, 1, 1
1588796, 2, 0
1588808, 3, 1
1588937, 1, 0
1588946, 2, 0
1588958, 3, 0
1589087, 1, 0
1589096, 2, 1
1589108, 3, bit 0
1589108, 3, 1
1589237, 1, 1
1589246, 2, 1
1589258, 3, 0
1589387, 1, 1
1589396, 2, 0
1589408, 3, 1
1589537, 1, 0
1589547, 2, 1
1589558, 3, 0
1589687, 1, 1
1589697, 2, 0
1589708, 3, 1
1589837, 1, 0
1589847, 2, 0
1589858, 3, 0
1589997, 2, 1
1590008, 3, 1
1590147, 2, 0
1590158, 3, 0
1590297, 2, 1
1590308, 3, 0
1590447, 2, 1
1590458, 3, 1
1590597, 2, 0
1590608, 3, 1
1590747, 2, bit 0
1590747, 2, 0
1590758, 3, 0
1590897, 2, 1
1590908, 3, 0
1591047, 2, 1
1591058, 3, 1
1591197, 2, 0
1591208, 3, bit 0
1591208, 3, 1
1591347, 2, 0
1591358, 3, 0
1591497, 2, 1
1591508, 3, 1
1591647, 2, 0
1591658, 3, 0
1591797, 2, 1
1591808, 3, 1
1591947, 2, 1
1591958, 3, 0
1592097, 2, 0
1592108, 3, 1
1592247, 2, 1
1592258, 3, 0
1592397, 2, 0
1592408, 3, 0
1592547, 2, 0
1592558, 3, 1
1592697, 2, 1
1592708, 3, 1
1592847, 2, bit 0
1592847, 2, 0
1592858, 3, 0
1592997, 2, 1
1593008, 3, 0
1593147, 2, 1
1593158, 3, 1
1593297, 2, 0
1593308, 3, bit 1
1593308, 3, 0
1593447, 2, 0
1593458, 3, 1
1593597, 2, 1
1593608, 3, 0
1593747, 2, 0
1593758, 3, 1
1593897, 2, 1
1593908, 3, 0
1594047, 2, 1
1594058, 3, 1
1594198, 2, 0
1594208, 3, 0
1594348, 2, 1
1594358, 3, 1
1594498, 2, 0
1594508, 3, 1
1594648, 2, 0
1594658, 3, 0
1594798, 2, 1
1594808, 3, 0
1594948, 2, bit 1
1594948, 2, 1
1594958, 3, 1
1595098, 2, 0
1595108, 3, 1
1595248, 2, 0
1595258, 3, 0
1595398, 2, 1
1595408, 3, bit 1
1595411, 3, 0
1595548, 2, 1
1595558, 3, 1
1595698, 2, 0
1595708, 3, 0
1595848, 2, 1
1595858, 3, 1
1595998, 2, 0
1596008, 3, 0
1596148, 2, 0
1596158, 3, 1
1596298, 2, 1
1596308, 3, 0
1596448, 2, 0
1596459, 3, 1
1596598, 2, 1
1596609, 3, 1
1596748, 2, 1
1596759, 3, 0
1596898, 2, 0
1596909, 3, 0
1597048, 2, bit 1
1597048, 2, 1
1597059, 3, 1
1597198, 2, 0
1597209, 3, 1
1597348, 2, 0
1597359, 3, 0
1597498, 2, 1
1597509, 3, bit 0
1597509, 3, 1
1597648, 2, 1
1597659, 3, 0
1597798, 2, 0
1597809, 3, 1
1597948, 2, 1
1597959, 3, 0
1598098, 2, 0
1598109, 3, 1
1598248, 2, 0
1598259, 3, 0
1598398, 2, 1
1598409, 3, 1
1598548, 2, 0
1598559, 3, 0
1598698, 2, 1
1598709, 3, 0
1598848, 2, 1
1598859, 3, 1
1598998, 2, 0
1599009, 3, 1
1599159, 3, 0
1599309, 3, 0
1599459, 3, 1
1599609, 3, bit 1
1599609, 3, 0
1599759, 3, 1
1599909, 3, 0
1600059, 3, 1
1600209, 3, 0
1600359, 3, 1
1600509, 3, 0
1600659, 3, 1
1600809, 3, 1
1600959, 3, 0
1601110, 3, 0
1601260, 3, 1
1601410, 3, 1
1601560, 3, 0
1601710, 3, bit 0
1601710, 3, 1
1601860, 3, 0
1602010, 3, 1
1602160, 3, 0
1602310, 3, 1
1602460, 3, 0
1602610, 3, 1
1602760, 3, 0
1602910, 3, 0
1603060, 3, 1
1603210, 3, 1
1603360, 3, 0
1603510, 3, 0
1603660, 3, 1
1603810, 3, bit 1
1603810, 3, 0
1603960, 3, 1
1604110, 3, 0
1604260, 3, 1
1604410, 3, 0
1604560, 3, 1
1604710, 3, 0
1604860, 3, 1
1605010, 3, 1
1605160, 3, 0
1605310, 3, 0
1605460, 3, 1
1605610, 3, 1
1605760, 3, 0
1605910, 3, bit 0
1605910, 3, 1
1606060, 3, 0
1606210, 3, 1
1606360, 3, 0
1606510, 3, 1
1606660, 3, 0
1606810, 3, 1
1606960, 3, 0
1607110, 3, 0
1607260, 3, 1
1607410, 3, 1
1607560, 3, 0
1607710, 3, 0
1607860, 3, 1
1608010, 3, bit 0
1608010, 3, 1
1608160, 3, 0
1608310, 3, 1
1608460, 3, 0
1608610, 3, 1
1608760, 3, 0
1608910, 3, 1
1609060, 3, 0
1609210, 3, 0
1609360, 3, 1
1609510, 3, 1
1609660, 3, 0
1609810, 3, 0
1609960, 3, 1
