150 100 4 7 4
(2, 20, 11, 10.00), (code 5)
(3, 90, 11, 10.00), (code 1)
(4, 160, 13, 10.00), (code 6)
(5, 230, 7, 10.00), (code 0)
START
1889857, 0, prem 1
1889857, 0, 1
1890007, 0, 1
1890157, 0, 1
1890307, 0, 1
1890457, 0, 0
1890607, 0, 0
1890757, 0, 0
1890907, 0, 0
1891057, 0, prem 0
1891057, 0, 0
1891207, 0, 0
1891357, 0, 0
1891507, 0, 0
1891657, 0, 1
1891807, 0, 1
1891957, 0, 1
1892107, 0, 1
1892257, 0, prem 1
1892257, 0, 1
1892407, 0, 1
1892557, 0, 1
1892707, 0, 1
1892857, 0, 0
1893007, 0, 0
1893157, 0, 0
1893307, 0, 0
1893457, 0, prem 1
1893457, 0, 1
1893607, 0, 1
1893757, 0, 1
1893907, 0, 1
1894057, 0, 0
1894207, 0, 0
1894358, 0, 0
1894508, 0, 0
1894658, 0, prem 0
1894658, 0, 0
1894808, 0, 0
1894958, 0, 0
1895108, 0, 0
1895258, 0, 1
1895408, 0, 1
1895558, 0, 1
1895708, 0, 1
1895858, 0, prem 0
1895858, 0, 0
1896008, 0, 0
1896158, 0, 0
1896308, 0, 0
1896458, 0, 1
1896608, 0, 1
1896758, 0, 1
1896908, 0, 1
1897058, 0, prem 1
1897058, 0, 1
1897208, 0, 1
1897358, 0, 1
1897508, 0, 1
1897658, 0, 0
1897808, 0, 0
1897958, 0, 0
1898108, 0, 0
1898258, 0, bit 1
1898258, 0, 1
1898408, 0, 0
1898558, 0, 0
1898708, 0, 1
1898858, 0, 1
1899008, 0, 0
1899158, 0, 1
1899308, 0, 0
1899458, 0, 0
1899608, 0, 1
1899758, 0, 0
1899908, 0, 1
1900058, 0, 1
1900208, 0, 0
1900358, 0, bit 0
1900358, 0, 0
1900362, 1, prem 1
1900362, 1, 1
1900508, 0, 1
1900512, 1, 1
1900658, 0, 1
1900662, 1, 1
1900808, 0, 0
1900812, 1, 1
1900958, 0, 0
1900962, 1, 0
1901108, 0, 1
1901112, 1, 0
1901258, 0, 0
1901262, 1, 0
1901408, 0, 1
1901412, 1, 0
1901558, 0, 1
1901562, 1, prem 1
1901562, 1, 1
1901708, 0, 0
1901712, 1, 1
1901858, 0, 1
1901862, 1, 1
1902008, 0, 0
1902012, 1, 1
1902158, 0, 0
1902162, 1, 0
1902308, 0, 1
1902312, 1, 0
1902458, 0, bit 1
1902458, 0, 1
1902462, 1, 0
1902608, 0, 0
1902612, 1, 0
1902758, 0, 0
1902763, 1, prem 0
1902763, 1, 0
1902908, 0, 1
1902913, 1, 0
1903058, 0, 1
1903063, 1, 0
1903208, 0, 0
1903213, 1, 0
1903358, 0, 1
1903363, 1, 1
1903508, 0, 0
1903513, 1, 1
1903659, 0, 0
1903663, 1, 1
1903809, 0, 1
1903813, 1, 1
1903959, 0, 0
1903963, 1, prem 0
1903963, 1, 0
1904109, 0, 1
1904113, 1, 0
1904259, 0, 1
1904263, 1, 0
1904409, 0, 0
1904413, 1, 0
1904559, 0, bit 0
1904559, 0, 0
1904563, 1, 1
1904709, 0, 1
1904713, 1, 1
1904859, 0, 1
1904863, 1, 1
1905009, 0, 0
1905013, 1, 1
1905159, 0, 0
1905163, 1, prem 0
1905163, 1, 0
1905309, 0, 1
1905313, 1, 0
1905459, 0, 0
1905463, 1, 0
1905609, 0, 1
1905613, 1, 0
1905759, 0, 1
1905763, 1, 1
1905909, 0, 0
1905913, 1, 1
1906059, 0, 1
1906063, 1, 1
1906209, 0, 0
1906213, 1, 1
1906359, 0, 0
1906363, 1, prem 0
1906363, 1, 0
1906509, 0, 1
1906513, 1, 0
1906659, 0, bit 1
1906659, 0, 1
1906663, 1, 0
1906809, 0, 0
1906813, 1, 0
1906959, 0, 0
1906963, 1, 1
1907109, 0, 1
1907113, 1, 1
1907259, 0, 1
1907263, 1, 1
1907409, 0, 0
1907414, 1, 1
1907559, 0, 1
1907564, 1, prem 0
1907564, 1, 0
1907709, 0, 0
1907714, 1, 0
1907859, 0, 0
1907864, 1, 0
1908009, 0, 1
1908014, 1, 0
1908159, 0, 0
1908164, 1, 1
1908310, 0, 1
1908314, 1, 1
1908460, 0, 1
1908464, 1, 1
1908610, 0, 0
1908614, 1, 1
1908760, 0, bit 1
1908760, 0, 1
1908764, 1, bit 1
1908764, 1, 1
1908910, 0, 0
1908914, 1, 0
1909060, 0, 0
1909064, 1, 1
1909210, 0, 1
1909214, 1, 0
1909360, 0, 1
1909364, 1, 0
1909510, 0, 0
1909514, 1, 1
1909660, 0, 1
1909664, 1, 0
1909810, 0, 0
1909814, 1, 1
1909960, 0, 0
1909964, 1, 0
1910110, 0, 1
1910114, 1, 1
1910260, 0, 0
1910264, 1, 0
1910410, 0, 1
1910414, 1, 1
1910560, 0, 1
1910564, 1, 0
1910710, 0, 0
1910714, 1, 1
1910860, 0, bit 1
1910860, 0, 1
1910864, 1, bit 1
1910864, 1, 1
1911010, 0, 0
1911014, 1, 0
1911160, 0, 0
1911164, 1, 1
1911168, 2, prem 0
1911168, 2, 0
1911310, 0, 1
1911314, 1, 0
1911318, 2, 0
1911460, 0, 1
1911464, 1, 0
1911468, 2, 0
1911610, 0, 0
1911614, 1, 1
1911618, 2, 0
1911760, 0, 1
1911764, 1, 0
1911768, 2, 1
1911910, 0, 0
1911914, 1, 1
1911918, 2, 1
1912060, 0, 0
1912064, 1, 0
1912068, 2, 1
1912210, 0, 1
1912214, 1, 1
1912218, 2, 1
1912360, 0, 0
1912364, 1, 0
1912368, 2, prem 0
1912368, 2, 0
1912510, 0, 1
1912514, 1, 1
1912518, 2, 0
1912660, 0, 1
1912664, 1, 0
1912668, 2, 0
1912810, 0, 0
1912814, 1, 1
1912818, 2, 0
1912960, 0, bit 1
1912960, 0, 1
1912964, 1, bit 1
1912964, 1, 1
1912968, 2, 1
1913110, 0, 0
1913114, 1, 0
1913118, 2, 1
1913260, 0, 0
1913264, 1, 1
1913268, 2, 1
1913410, 0, 1
1913414, 1, 0
1913418, 2, 1
1913560, 0, 1
1913564, 1, 0
1913568, 2, prem 1
1913568, 2, 1
1913710, 0, 0
1913714, 1, 1
1913718, 2, 1
1913860, 0, 1
1913864, 1, 0
1913868, 2, 1
1914010, 0, 0
1914014, 1, 1
1914018, 2, 1
1914160, 0, 0
1914164, 1, 0
1914168, 2, 0
1914310, 0, 1
1914314, 1, 1
1914318, 2, 0
1914460, 0, 0
1914464, 1, 0
1914468, 2, 0
1914610, 0, 1
1914614, 1, 1
1914618, 2, 0
1914760, 0, 1
1914764, 1, 0
1914768, 2, prem 0
1914768, 2, 0
1914910, 0, 0
1914914, 1, 1
1914918, 2, 0
1915060, 0, bit 1
1915060, 0, 1
1915064, 1, bit 1
1915064, 1, 1
1915068, 2, 0
1915210, 0, 0
1915214, 1, 0
1915218, 2, 0
1915360, 0, 0
1915364, 1, 1
1915368, 2, 1
1915510, 0, 1
1915514, 1, 0
1915518, 2, 1
1915660, 0, 1
1915664, 1, 0
1915668, 2, 1
1915810, 0, 0
1915814, 1, 1
1915819, 2, 1
1915960, 0, 1
1915964, 1, 0
1915969, 2, prem 0
1915969, 2, 0
1916110, 0, 0
1916114, 1, 1
1916119, 2, 0
1916260, 0, 0
1916264, 1, 0
1916269, 2, 0
1916410, 0, 1
1916414, 1, 1
1916419, 2, 0
1916560, 0, 0
1916564, 1, 0
1916569, 2, 1
1916710, 0, 1
1916715, 1, 1
1916719, 2, 1
1916860, 0, 1
1916865, 1, 0
1916869, 2, 1
1917010, 0, 0
1917015, 1, 1
1917019, 2, 1
1917160, 0, bit 0
1917160, 0, 0
1917165, 1, bit 0
1917165, 1, 0
1917169, 2, prem 1
1917169, 2, 1
1917310, 0, 1
1917315, 1, 1
1917319, 2, 1
1917460, 0, 1
1917465, 1, 0
1917469, 2, 1
1917611, 0, 0
1917615, 1, 1
1917619, 2, 1
1917761, 0, 0
1917765, 1, 1
1917769, 2, 0
1917911, 0, 1
1917915, 1, 0
1917919, 2, 0
1918061, 0, 0
1918065, 1, 1
1918069, 2, 0
1918211, 0, 1
1918215, 1, 0
1918219, 2, 0
1918361, 0, 1
1918365, 1, 1
1918369, 2, prem 0
1918369, 2, 0
1918511, 0, 0
1918515, 1, 0
1918519, 2, 0
1918661, 0, 1
1918665, 1, 1
1918669, 2, 0
1918811, 0, 0
1918815, 1, 0
1918819, 2, 0
1918961, 0, 0
1918965, 1, 1
1918969, 2, 1
1919111, 0, 1
1919115, 1, 0
1919119, 2, 1
1919261, 0, bit 0
1919261, 0, 0
1919265, 1, bit 0
1919265, 1, 0
1919269, 2, 1
1919411, 0, 1
1919415, 1, 1
1919419, 2, 1
1919561, 0, 1
1919565, 1, 0
1919569, 2, bit 1
1919572, 2, 0
1919711, 0, 0
1919715, 1, 1
1919719, 2, 1
1919861, 0, 0
1919865, 1, 1
1919869, 2, 0
1920011, 0, 1
1920015, 1, 0
1920019, 2, 1
1920161, 0, 0
1920165, 1, 1
1920169, 2, 1
1920311, 0, 1
1920315, 1, 0
1920319, 2, 0
1920461, 0, 1
1920465, 1, 1
1920470, 2, 0
1920611, 0, 0
1920615, 1, 0
1920620, 2, 1
1920761, 0, 1
1920765, 1, 1
1920770, 2, 0
1920772, 3, prem 0
1920772, 3, 0
1920911, 0, 0
1920915, 1, 0
1920920, 2, 1
1920922, 3, 0
1921061, 0, 0
1921065, 1, 1
1921070, 2, 1
1921073, 3, 0
1921211, 0, 1
1921215, 1, 0
1921220, 2, 0
1921223, 3, 0
1921361, 0, bit 0
1921361, 0, 0
1921366, 1, bit 0
1921366, 1, 0
1921370, 2, 0
1921373, 3, 1
1921511, 0, 1
1921516, 1, 1
1921520, 2, 1
1921523, 3, 1
1921661, 0, 1
1921666, 1, 0
1921670, 2, bit 1
1921670, 2, 0
1921673, 3, 1
1921811, 0, 0
1921816, 1, 1
1921820, 2, 1
1921823, 3, 1
1921961, 0, 0
1921966, 1, 1
1921970, 2, 0
1921973, 3, prem 1
1921973, 3, 1
1922111, 0, 1
1922116, 1, 0
1922120, 2, 1
1922123, 3, 1
1922262, 0, 0
1922266, 1, 1
1922270, 2, 1
1922273, 3, 1
1922412, 0, 1
1922416, 1, 0
1922420, 2, 0
1922423, 3, 1
1922562, 0, 1
1922566, 1, 1
1922570, 2, 0
1922573, 3, 0
1922712, 0, 0
1922716, 1, 0
1922720, 2, 1
1922723, 3, 0
1922862, 0, 1
1922866, 1, 1
1922870, 2, 0
1922873, 3, 0
1923012, 0, 0
1923016, 1, 0
1923020, 2, 1
1923023, 3, 0
1923162, 0, 0
1923166, 1, 1
1923170, 2, 1
1923173, 3, prem 1
1923173, 3, 1
1923312, 0, 1
1923316, 1, 0
1923320, 2, 0
1923323, 3, 1
1923462, 0, bit 1
1923465, 0, 1
1923466, 1, bit 0
1923466, 1, 0
1923470, 2, 0
1923473, 3, 1
1923612, 0, 0
1923616, 1, 1
1923620, 2, 1
1923623, 3, 1
1923762, 0, 0
1923766, 1, 0
1923770, 2, bit 0
1923770, 2, 1
1923773, 3, 0
1923912, 0, 1
1923916, 1, 1
1923920, 2, 0
1923923, 3, 0
1924062, 0, 1
1924066, 1, 1
1924070, 2, 1
1924073, 3, 0
1924212, 0, 0
1924216, 1, 0
1924220, 2, 0
1924224, 3, 0
1924362, 0, 1
1924366, 1, 1
1924370, 2, 0
1924374, 3, prem 1
1924374, 3, 1
1924512, 0, 0
1924516, 1, 0
1924520, 2, 1
1924524, 3, 1
1924662, 0, 0
1924666, 1, 1
1924670, 2, 1
1924674, 3, 1
1924812, 0, 1
1924816, 1, 0
1924820, 2, 0
1924824, 3, 1
1924962, 0, 0
1924966, 1, 1
1924970, 2, 1
1924974, 3, 0
1925112, 0, 1
1925116, 1, 0
1925120, 2, 0
1925124, 3, 0
1925262, 0, 1
1925266, 1, 1
1925270, 2, 0
1925274, 3, 0
1925412, 0, 0
1925416, 1, 0
1925420, 2, 1
1925424, 3, 0
1925562, 0, bit 1
1925562, 0, 1
1925566, 1, bit 0
1925566, 1, 0
1925570, 2, 1
1925574, 3, prem 1
1925574, 3, 1
1925712, 0, 0
1925716, 1, 1
1925720, 2, 0
1925724, 3, 1
1925862, 0, 0
1925866, 1, 0
1925870, 2, bit 0
1925870, 2, 1
1925874, 3, 1
1926012, 0, 1
1926016, 1, 1
1926020, 2, 0
1926024, 3, 1
1926162, 0, 1
1926166, 1, 1
1926170, 2, 1
1926174, 3, 0
1926312, 0, 0
1926316, 1, 0
1926320, 2, 0
1926324, 3, 0
1926462, 0, 1
1926466, 1, 1
1926470, 2, 0
1926474, 3, 0
1926612, 0, 0
1926616, 1, 0
1926620, 2, 1
1926624, 3, 0
1926762, 0, 0
1926766, 1, 1
1926770, 2, 1
1926774, 3, prem 0
1926777, 3, 0
1926912, 0, 1
1926916, 1, 0
1926920, 2, 0
1926924, 3, 0
1927062, 0, 0
1927066, 1, 1
1927070, 2, 1
1927074, 3, 0
1927212, 0, 1
1927216, 1, 0
1927220, 2, 0
1927224, 3, 0
1927362, 0, 1
1927366, 1, 1
1927370, 2, 0
1927374, 3, 1
1927512, 0, 0
1927516, 1, 0
1927520, 2, 1
1927524, 3, 1
1927662, 0, bit 1
1927662, 0, 1
1927666, 1, bit 0
1927666, 1, 0
1927670, 2, 1
1927674, 3, 1
1927812, 0, 0
1927816, 1, 1
1927820, 2, 0
1927824, 3, 1
1927962, 0, 0
1927966, 1, 0
1927970, 2, bit 1
1927973, 2, 0
1927974, 3, prem 0
1927974, 3, 0
1928112, 0, 1
1928116, 1, 1
1928120, 2, 1
1928124, 3, 0
1928262, 0, 1
1928266, 1, 1
1928270, 2, 0
1928274, 3, 0
1928412, 0, 0
1928416, 1, 0
1928420, 2, 1
1928424, 3, 0
1928562, 0, 1
1928566, 1, 1
1928570, 2, 1
1928574, 3, 1
1928712, 0, 0
1928716, 1, 0
1928720, 2, 0
1928724, 3, 1
1928862, 0, 0
1928866, 1, 1
1928870, 2, 0
1928875, 3, 1
1929012, 0, 1
1929016, 1, 0
1929020, 2, 1
1929025, 3, 1
1929162, 0, 0
1929166, 1, 1
1929170, 2, 0
1929175, 3, bit 1
1929175, 3, 0
1929312, 0, 1
1929316, 1, 0
1929320, 2, 1
1929325, 3, 1
1929462, 0, 1
1929466, 1, 1
1929470, 2, 1
1929475, 3, 1
1929612, 0, 0
1929616, 1, 0
1929620, 2, 0
1929625, 3, 0
1929762, 0, bit 0
1929762, 0, 0
1929766, 1, bit 0
1929766, 1, 0
1929771, 2, 0
1929775, 3, 1
1929912, 0, 1
1929916, 1, 1
1929921, 2, 1
1929925, 3, 0
1930062, 0, 1
1930066, 1, 0
1930071, 2, bit 1
1930071, 2, 0
1930075, 3, 1
1930212, 0, 0
1930216, 1, 1
1930221, 2, 1
1930225, 3, 0
1930362, 0, 0
1930366, 1, 1
1930371, 2, 0
1930375, 3, 1
1930512, 0, 1
1930516, 1, 0
1930521, 2, 1
1930525, 3, 0
1930662, 0, 0
1930667, 1, 1
1930671, 2, 1
1930675, 3, 0
1930812, 0, 1
1930817, 1, 0
1930821, 2, 0
1930825, 3, 1
1930962, 0, 1
1930967, 1, 1
1930971, 2, 0
1930975, 3, 0
1931112, 0, 0
1931117, 1, 0
1931121, 2, 1
1931125, 3, 1
1931262, 0, 1
1931267, 1, 1
1931271, 2, 0
1931275, 3, bit 1
1931275, 3, 0
1931412, 0, 0
1931417, 1, 0
1931421, 2, 1
1931425, 3, 1
1931563, 0, 0
1931567, 1, 1
1931571, 2, 1
1931575, 3, 1
1931713, 0, 1
1931717, 1, 0
1931721, 2, 0
1931725, 3, 0
1931863, 0, bit 0
1931863, 0, 0
1931867, 1, bit 1
1931867, 1, 1
1931871, 2, 0
1931875, 3, 1
1932013, 0, 1
1932017, 1, 0
1932021, 2, 1
1932025, 3, 0
1932163, 0, 1
1932167, 1, 1
1932171, 2, bit 0
1932171, 2, 1
1932175, 3, 1
1932313, 0, 0
1932317, 1, 0
1932321, 2, 0
1932325, 3, 0
1932463, 0, 0
1932467, 1, 0
1932471, 2, 1
1932475, 3, 1
1932613, 0, 1
1932617, 1, 1
1932621, 2, 0
1932625, 3, 0
1932763, 0, 0
1932767, 1, 0
1932771, 2, 0
1932775, 3, 0
1932913, 0, 1
1932917, 1, 1
1932921, 2, 1
1932925, 3, 1
1933063, 0, 1
1933067, 1, 0
1933071, 2, 1
1933075, 3, 0
1933213, 0, 0
1933217, 1, 1
1933221, 2, 0
1933225, 3, 1
1933363, 0, 1
1933367, 1, 0
1933371, 2, 1
1933375, 3, bit 1
1933375, 3, 0
1933513, 0, 0
1933517, 1, 1
1933521, 2, 0
1933526, 3, 1
1933663, 0, 0
1933667, 1, 0
1933671, 2, 0
1933676, 3, 1
1933813, 0, 1
1933817, 1, 1
1933821, 2, 1
1933826, 3, 0
1933963, 0, bit 0
1933963, 0, 0
1933967, 1, bit 0
1933967, 1, 0
1933971, 2, 1
1933976, 3, 1
1934113, 0, 1
1934117, 1, 1
1934121, 2, 0
1934126, 3, 0
1934263, 0, 1
1934267, 1, 0
1934271, 2, bit 0
1934271, 2, 1
1934276, 3, 1
1934413, 0, 0
1934417, 1, 1
1934422, 2, 0
1934426, 3, 0
1934563, 0, 0
1934567, 1, 1
1934572, 2, 1
1934576, 3, 1
1934713, 0, 1
1934717, 1, 0
1934722, 2, 0
1934726, 3, 0
1934863, 0, 0
1934867, 1, 1
1934872, 2, 0
1934876, 3, 0
1935013, 0, 1
1935017, 1, 0
1935022, 2, 1
1935026, 3, 1
1935163, 0, 1
1935167, 1, 1
1935172, 2, 1
1935176, 3, 0
1935313, 0, 0
1935318, 1, 0
1935322, 2, 0
1935326, 3, 1
1935463, 0, 1
1935468, 1, 1
1935472, 2, 1
1935476, 3, bit 0
1935476, 3, 1
1935613, 0, 0
1935618, 1, 0
1935622, 2, 0
1935626, 3, 0
1935763, 0, 0
1935768, 1, 1
1935772, 2, 0
1935776, 3, 0
1935913, 0, 1
1935918, 1, 0
1935922, 2, 1
1935926, 3, 1
1936063, 0, bit 0
1936063, 0, 0
1936068, 1, bit 0
1936068, 1, 0
1936072, 2, 1
1936076, 3, 0
1936214, 0, 1
1936218, 1, 1
1936222, 2, 0
1936226, 3, 1
1936364, 0, 1
1936368, 1, 0
1936372, 2, bit 1
1936372, 2, 0
1936376, 3, 0
1936514, 0, 0
1936518, 1, 1
1936522, 2, 1
1936526, 3, 1
1936664, 0, 0
1936668, 1, 1
1936672, 2, 0
1936676, 3, 0
1936814, 0, 1
1936818, 1, 0
1936822, 2, 1
1936826, 3, 1
1936964, 0, 0
1936968, 1, 1
1936972, 2, 1
1936976, 3, 1
1937114, 0, 1
1937118, 1, 0
1937122, 2, 0
1937126, 3, 0
1937264, 0, 1
1937268, 1, 1
1937272, 2, 0
1937276, 3, 1
1937414, 0, 0
1937418, 1, 0
1937422, 2, 1
1937426, 3, 0
1937564, 0, 1
1937568, 1, 1
1937572, 2, 0
1937576, 3, bit 0
1937576, 3, 1
1937714, 0, 0
1937718, 1, 0
1937722, 2, 1
1937726, 3, 0
1937864, 0, 0
1937868, 1, 1
1937872, 2, 1
1937876, 3, 0
1938014, 0, 1
1938018, 1, 0
1938022, 2, 0
1938026, 3, 1
1938164, 0, bit 0
1938164, 0, 0
1938168, 1, bit 0
1938168, 1, 0
1938172, 2, 0
1938176, 3, 0
1938314, 0, 1
1938318, 1, 1
1938322, 2, 1
1938326, 3, 1
1938464, 0, 1
1938468, 1, 0
1938472, 2, bit 1
1938476, 2, 0
1938476, 3, 0
1938614, 0, 0
1938618, 1, 1
1938622, 2, 1
1938626, 3, 1
1938764, 0, 0
1938768, 1, 1
1938772, 2, 0
1938776, 3, 0
1938914, 0, 1
1938918, 1, 0
1938922, 2, 1
1938926, 3, 1
1939064, 0, 0
1939068, 1, 1
1939072, 2, 1
1939076, 3, 1
1939214, 0, 1
1939218, 1, 0
1939222, 2, 0
1939226, 3, 0
1939364, 0, 1
1939368, 1, 1
1939372, 2, 0
1939376, 3, 1
1939514, 0, 0
1939518, 1, 0
1939522, 2, 1
1939526, 3, 0
1939664, 0, 1
1939668, 1, 1
1939672, 2, 0
1939676, 3, bit 1
1939679, 3, 0
1939814, 0, 0
1939818, 1, 0
1939822, 2, 1
1939826, 3, 1
1939964, 0, 0
1939968, 1, 1
1939972, 2, 1
1939976, 3, 1
1940114, 0, 1
1940118, 1, 0
1940122, 2, 0
1940126, 3, 0
1940264, 0, bit 1
1940264, 0, 1
1940268, 1, bit 0
1940268, 1, 0
1940272, 2, 0
1940276, 3, 1
1940414, 0, 0
1940418, 1, 1
1940422, 2, 1
1940426, 3, 0
1940564, 0, 0
1940568, 1, 0
1940572, 2, bit 0
1940572, 2, 1
1940576, 3, 1
1940714, 0, 1
1940718, 1, 1
1940722, 2, 0
1940726, 3, 0
1940864, 0, 1
1940868, 1, 1
1940872, 2, 1
1940876, 3, 1
1941014, 0, 0
1941018, 1, 0
1941022, 2, 0
1941026, 3, 0
1941164, 0, 1
1941168, 1, 1
1941172, 2, 0
1941176, 3, 0
1941314, 0, 0
1941318, 1, 0
1941322, 2, 1
1941326, 3, 1
1941464, 0, 0
1941468, 1, 1
1941472, 2, 1
1941476, 3, 0
1941614, 0, 1
1941618, 1, 0
1941622, 2, 0
1941626, 3, 1
1941764, 0, 0
1941768, 1, 1
1941772, 2, 1
1941776, 3, bit 1
1941776, 3, 0
1941914, 0, 1
1941918, 1, 0
1941922, 2, 0
1941926, 3, 1
1942064, 0, 1
1942068, 1, 1
1942078, 2, 0
1942079, 3, 1
1942214, 0, 0
1942218, 1, 0
1942228, 2, 1
1942230, 3, 0
1942364, 0, bit 1
1942364, 0, 1
1942368, 1, bit 1
1942368, 1, 1
1942378, 2, 1
1942380, 3, 1
1942514, 0, 0
1942518, 1, 0
1942528, 2, 0
1942530, 3, 0
1942664, 0, 0
1942668, 1, 1
1942678, 2, bit 1
1942678, 2, 0
1942680, 3, 1
1942814, 0, 1
1942818, 1, 0
1942828, 2, 1
1942830, 3, 0
1942964, 0, 1
1942968, 1, 0
1942978, 2, 0
1942980, 3, 1
1943114, 0, 0
1943118, 1, 1
1943128, 2, 1
1943130, 3, 0
1943264, 0, 1
1943268, 1, 0
1943278, 2, 1
1943280, 3, 0
1943414, 0, 0
1943418, 1, 1
1943428, 2, 0
1943430, 3, 1
1943564, 0, 0
1943568, 1, 0
1943578, 2, 0
1943580, 3, 0
1943714, 0, 1
1943718, 1, 1
1943728, 2, 1
1943730, 3, 1
1943864, 0, 0
1943868, 1, 0
1943878, 2, 0
1943880, 3, bit 0
1943880, 3, 1
1944014, 0, 1
1944018, 1, 1
1944028, 2, 1
1944030, 3, 0
1944164, 0, 1
1944168, 1, 0
1944178, 2, 1
1944180, 3, 0
1944314, 0, 0
1944318, 1, 1
1944328, 2, 0
1944330, 3, 1
1944464, 0, bit 1
1944467, 0, 1
1944468, 1, bit 0
1944468, 1, 0
1944478, 2, 0
1944480, 3, 0
1944614, 0, 0
1944619, 1, 1
1944628, 2, 1
1944630, 3, 1
1944764, 0, 0
1944769, 1, 0
1944778, 2, bit 0
1944778, 2, 1
1944780, 3, 0
1944914, 0, 1
1944919, 1, 1
1944928, 2, 0
1944930, 3, 1
1945064, 0, 1
1945069, 1, 1
1945078, 2, 1
1945080, 3, 0
1945214, 0, 0
1945219, 1, 0
1945228, 2, 0
1945230, 3, 1
1945364, 0, 1
1945369, 1, 1
1945378, 2, 0
1945380, 3, 1
1945515, 0, 0
1945519, 1, 0
1945528, 2, 1
1945530, 3, 0
1945665, 0, 0
1945669, 1, 1
1945678, 2, 1
1945680, 3, 1
1945815, 0, 1
1945819, 1, 0
1945828, 2, 0
1945830, 3, 0
1945965, 0, 0
1945969, 1, 1
1945978, 2, 1
1945980, 3, bit 1
1945980, 3, 0
1946115, 0, 1
1946119, 1, 0
1946128, 2, 0
1946130, 3, 1
1946265, 0, 1
1946269, 1, 1
1946278, 2, 0
1946280, 3, 1
1946415, 0, 0
1946419, 1, 0
1946428, 2, 1
1946430, 3, 0
1946565, 0, bit 1
1946565, 0, 1
1946569, 1, bit 1
1946569, 1, 1
1946578, 2, 1
1946580, 3, 1
1946715, 0, 0
1946719, 1, 0
1946728, 2, 0
1946730, 3, 0
1946865, 0, 0
1946869, 1, 1
1946878, 2, bit 1
1946878, 2, 0
1946880, 3, 1
1947015, 0, 1
1947019, 1, 0
1947028, 2, 1
1947030, 3, 0
1947165, 0, 1
1947169, 1, 0
1947179, 2, 0
1947180, 3, 1
1947315, 0, 0
1947319, 1, 1
1947329, 2, 1
1947330, 3, 0
1947465, 0, 1
1947469, 1, 0
1947479, 2, 1
1947480, 3, 0
1947615, 0, 0
1947619, 1, 1
1947629, 2, 0
1947630, 3, 1
1947765, 0, 0
1947769, 1, 0
1947779, 2, 0
1947780, 3, 0
1947915, 0, 1
1947919, 1, 1
1947929, 2, 1
1947932, 3, 1
1948065, 0, 0
1948069, 1, 0
1948079, 2, 0
1948082, 3, bit 1
1948082, 3, 0
1948215, 0, 1
1948219, 1, 1
1948229, 2, 1
1948232, 3, 1
1948365, 0, 1
1948369, 1, 0
1948379, 2, 1
1948382, 3, 1
1948515, 0, 0
1948519, 1, 1
1948529, 2, 0
1948532, 3, 0
1948665, 0, bit 1
1948665, 0, 1
1948669, 1, bit 0
1948669, 1, 0
1948679, 2, 0
1948682, 3, 1
1948815, 0, 0
1948819, 1, 1
1948829, 2, 1
1948832, 3, 0
1948965, 0, 0
1948969, 1, 0
1948979, 2, bit 0
1948979, 2, 1
1948982, 3, 1
1949115, 0, 1
1949119, 1, 1
1949129, 2, 0
1949132, 3, 0
1949265, 0, 1
1949270, 1, 1
1949279, 2, 1
1949282, 3, 1
1949415, 0, 0
1949420, 1, 0
1949429, 2, 0
1949432, 3, 0
1949565, 0, 1
1949570, 1, 1
1949579, 2, 0
1949582, 3, 0
1949715, 0, 0
1949720, 1, 0
1949729, 2, 1
1949732, 3, 1
1949865, 0, 0
1949870, 1, 1
1949879, 2, 1
1949882, 3, 0
1950015, 0, 1
1950020, 1, 0
1950029, 2, 0
1950032, 3, 1
1950166, 0, 0
1950170, 1, 1
1950179, 2, 1
1950182, 3, bit 1
1950182, 3, 0
1950316, 0, 1
1950320, 1, 0
1950329, 2, 0
1950332, 3, 1
1950466, 0, 1
1950470, 1, 1
1950479, 2, 0
1950482, 3, 1
1950616, 0, 0
1950620, 1, 0
1950629, 2, 1
1950632, 3, 0
1950766, 0, bit 0
1950766, 0, 0
1950770, 1, bit 1
1950770, 1, 1
1950779, 2, 1
1950782, 3, 1
1950916, 0, 1
1950920, 1, 0
1950929, 2, 0
1950932, 3, 0
1951066, 0, 1
1951070, 1, 1
1951079, 2, bit 1
1951079, 2, 0
1951082, 3, 1
1951216, 0, 0
1951220, 1, 0
1951229, 2, 1
1951232, 3, 0
1951366, 0, 0
1951370, 1, 0
1951379, 2, 0
1951382, 3, 1
1951516, 0, 1
1951520, 1, 1
1951529, 2, 1
1951532, 3, 0
1951666, 0, 0
1951670, 1, 0
1951679, 2, 1
1951682, 3, 0
1951816, 0, 1
1951820, 1, 1
1951830, 2, 0
1951832, 3, 1
1951966, 0, 1
1951970, 1, 0
1951980, 2, 0
1951982, 3, 0
1952116, 0, 0
1952120, 1, 1
1952130, 2, 1
1952132, 3, 1
1952266, 0, 1
1952270, 1, 0
1952280, 2, 0
1952282, 3, bit 0
1952282, 3, 1
1952416, 0, 0
1952420, 1, 1
1952430, 2, 1
1952432, 3, 0
1952566, 0, 0
1952570, 1, 0
1952580, 2, 1
1952582, 3, 0
1952716, 0, 1
1952720, 1, 1
1952730, 2, 0
1952732, 3, 1
1952866, 0, bit 0
1952866, 0, 0
1952870, 1, bit 1
1952870, 1, 1
1952880, 2, 0
1952882, 3, 0
1953016, 0, 1
1953020, 1, 0
1953030, 2, 1
1953032, 3, 1
1953166, 0, 1
1953170, 1, 1
1953180, 2, bit 1
1953180, 2, 0
1953182, 3, 0
1953316, 0, 0
1953320, 1, 0
1953330, 2, 1
1953332, 3, 1
1953466, 0, 0
1953470, 1, 0
1953480, 2, 0
1953482, 3, 0
1953616, 0, 1
1953620, 1, 1
1953630, 2, 1
1953632, 3, 1
1953766, 0, 0
1953770, 1, 0
1953780, 2, 1
1953782, 3, 1
1953916, 0, 1
1953920, 1, 1
1953930, 2, 0
1953932, 3, 0
1954066, 0, 1
1954070, 1, 0
1954080, 2, 0
1954082, 3, 1
1954216, 0, 0
1954220, 1, 1
1954230, 2, 1
1954232, 3, 0
1954366, 0, 1
1954370, 1, 0
1954380, 2, 0
1954382, 3, bit 1
1954382, 3, 0
1954516, 0, 0
1954520, 1, 1
1954530, 2, 1
1954532, 3, 1
1954666, 0, 0
1954670, 1, 0
1954680, 2, 1
1954682, 3, 1
1954816, 0, 1
1954820, 1, 1
1954830, 2, 0
1954832, 3, 0
1954966, 0, bit 1
1954966, 0, 1
1954970, 1, bit 1
1954973, 1, 1
1954980, 2, 0
1954982, 3, 1
1955116, 0, 0
1955120, 1, 0
1955130, 2, 1
1955132, 3, 0
1955266, 0, 0
1955270, 1, 1
1955280, 2, bit 0
1955280, 2, 1
1955282, 3, 1
1955416, 0, 1
1955420, 1, 0
1955430, 2, 0
1955432, 3, 0
1955566, 0, 1
1955570, 1, 0
1955580, 2, 1
1955582, 3, 1
1955716, 0, 0
1955720, 1, 1
1955730, 2, 0
1955732, 3, 0
1955866, 0, 1
1955870, 1, 0
1955880, 2, 0
1955883, 3, 0
1956016, 0, 0
1956020, 1, 1
1956030, 2, 1
1956033, 3, 1
1956166, 0, 0
1956170, 1, 0
1956180, 2, 1
1956183, 3, 0
1956316, 0, 1
1956320, 1, 1
1956330, 2, 0
1956333, 3, 1
1956466, 0, 0
1956470, 1, 0
1956480, 2, 1
1956483, 3, bit 1
1956483, 3, 0
1956616, 0, 1
1956620, 1, 1
1956630, 2, 0
1956633, 3, 1
1956766, 0, 1
1956770, 1, 0
1956780, 2, 0
1956783, 3, 1
1956916, 0, 0
1956920, 1, 1
1956930, 2, 1
1956933, 3, 0
1957066, 0, bit 0
1957066, 0, 0
1957070, 1, bit 0
1957070, 1, 0
1957080, 2, 1
1957083, 3, 1
1957216, 0, 1
1957220, 1, 1
1957230, 2, 0
1957233, 3, 0
1957366, 0, 1
1957370, 1, 0
1957380, 2, bit 1
1957380, 2, 0
1957383, 3, 1
1957516, 0, 0
1957520, 1, 1
1957530, 2, 1
1957533, 3, 0
1957666, 0, 0
1957670, 1, 1
1957680, 2, 0
1957683, 3, 1
1957816, 0, 1
1957820, 1, 0
1957830, 2, 1
1957833, 3, 0
1957966, 0, 0
1957970, 1, 1
1957980, 2, 1
1957983, 3, 0
1958116, 0, 1
1958120, 1, 0
1958130, 2, 0
1958133, 3, 1
1958266, 0, 1
1958270, 1, 1
1958280, 2, 0
1958283, 3, 0
1958416, 0, 0
1958420, 1, 0
1958430, 2, 1
1958433, 3, 1
1958566, 0, 1
1958571, 1, 1
1958580, 2, 0
1958583, 3, bit 0
1958583, 3, 1
1958716, 0, 0
1958721, 1, 0
1958730, 2, 1
1958733, 3, 0
1958866, 0, 0
1958871, 1, 1
1958880, 2, 1
1958883, 3, 0
1959016, 0, 1
1959021, 1, 0
1959030, 2, 0
1959033, 3, 1
1959166, 0, bit 0
1959166, 0, 0
1959171, 1, bit 1
1959171, 1, 1
1959180, 2, 0
1959183, 3, 0
1959316, 0, 1
1959321, 1, 0
1959330, 2, 1
1959333, 3, 1
1959467, 0, 1
1959471, 1, 1
1959480, 2, bit 0
1959480, 2, 1
1959483, 3, 0
1959617, 0, 0
1959621, 1, 0
1959630, 2, 0
1959633, 3, 1
1959767, 0, 0
1959771, 1, 0
1959780, 2, 1
1959783, 3, 0
1959917, 0, 1
1959921, 1, 1
1959930, 2, 0
1959933, 3, 1
1960067, 0, 0
1960071, 1, 0
1960080, 2, 0
1960083, 3, 1
1960217, 0, 1
1960221, 1, 1
1960230, 2, 1
1960233, 3, 0
1960367, 0, 1
1960371, 1, 0
1960380, 2, 1
1960383, 3, 1
1960517, 0, 0
1960521, 1, 1
1960530, 2, 0
1960534, 3, 0
1960667, 0, 1
1960671, 1, 0
1960680, 2, 1
1960684, 3, bit 1
1960684, 3, 0
1960817, 0, 0
1960821, 1, 1
1960830, 2, 0
1960834, 3, 1
1960967, 0, 0
1960971, 1, 0
1960980, 2, 0
1960984, 3, 1
1961117, 0, 1
1961121, 1, 1
1961131, 2, 1
1961134, 3, 0
1961267, 0, bit 1
1961267, 0, 1
1961271, 1, bit 1
1961271, 1, 1
1961281, 2, 1
1961284, 3, 1
1961417, 0, 0
1961421, 1, 0
1961431, 2, 0
1961434, 3, 0
1961567, 0, 0
1961571, 1, 1
1961581, 2, bit 0
1961581, 2, 1
1961584, 3, 1
1961717, 0, 1
1961721, 1, 0
1961731, 2, 0
1961734, 3, 0
1961867, 0, 1
1961871, 1, 0
1961881, 2, 1
1961884, 3, 1
1962017, 0, 0
1962021, 1, 1
1962031, 2, 0
1962034, 3, 0
1962167, 0, 1
1962171, 1, 0
1962181, 2, 0
1962184, 3, 0
1962317, 0, 0
1962321, 1, 1
1962331, 2, 1
1962334, 3, 1
1962467, 0, 0
1962471, 1, 0
1962481, 2, 1
1962484, 3, 0
1962617, 0, 1
1962621, 1, 1
1962631, 2, 0
1962634, 3, 1
1962767, 0, 0
1962771, 1, 0
1962781, 2, 1
1962784, 3, bit 0
1962784, 3, 1
1962917, 0, 1
1962921, 1, 1
1962931, 2, 0
1962934, 3, 0
1963067, 0, 1
1963071, 1, 0
1963081, 2, 0
1963084, 3, 0
1963217, 0, 0
1963222, 1, 1
1963231, 2, 1
1963234, 3, 1
1963367, 0, bit 1
1963367, 0, 1
1963372, 1, bit 0
1963372, 1, 0
1963381, 2, 1
1963384, 3, 0
1963517, 0, 0
1963522, 1, 1
1963531, 2, 0
1963534, 3, 1
1963667, 0, 0
1963672, 1, 0
1963681, 2, bit 0
1963681, 2, 1
1963684, 3, 0
1963817, 0, 1
1963822, 1, 1
1963831, 2, 0
1963834, 3, 1
1963967, 0, 1
1963972, 1, 1
1963981, 2, 1
1963984, 3, 0
1964118, 0, 0
1964122, 1, 0
1964131, 2, 0
1964134, 3, 1
1964268, 0, 1
1964272, 1, 1
1964281, 2, 0
1964284, 3, 1
1964418, 0, 0
1964422, 1, 0
1964431, 2, 1
1964434, 3, 0
1964568, 0, 0
1964572, 1, 1
1964581, 2, 1
1964584, 3, 1
1964718, 0, 1
1964722, 1, 0
1964731, 2, 0
1964734, 3, 0
1964868, 0, 0
1964872, 1, 1
1964881, 2, 1
1964884, 3, bit 0
1964884, 3, 1
1965018, 0, 1
1965022, 1, 0
1965031, 2, 0
1965034, 3, 0
1965168, 0, 1
1965172, 1, 1
1965181, 2, 0
1965184, 3, 0
1965318, 0, 0
1965322, 1, 0
1965331, 2, 1
1965334, 3, 1
1965468, 0, bit 1
1965468, 0, 1
1965472, 1, bit 0
1965472, 1, 0
1965481, 2, 1
1965485, 3, 0
1965618, 0, 0
1965622, 1, 1
1965631, 2, 0
1965635, 3, 1
1965768, 0, 0
1965772, 1, 0
1965782, 2, bit 0
1965782, 2, 1
1965785, 3, 0
1965918, 0, 1
1965922, 1, 1
1965932, 2, 0
1965935, 3, 1
1966068, 0, 1
1966072, 1, 1
1966082, 2, 1
1966085, 3, 0
1966218, 0, 0
1966222, 1, 0
1966232, 2, 0
1966235, 3, 1
1966368, 0, 1
1966372, 1, 1
1966382, 2, 0
1966385, 3, 1
1966518, 0, 0
1966522, 1, 0
1966532, 2, 1
1966535, 3, 0
1966668, 0, 0
1966672, 1, 1
1966682, 2, 1
1966685, 3, 1
1966818, 0, 1
1966822, 1, 0
1966832, 2, 0
1966835, 3, 0
1966968, 0, 0
1966972, 1, 1
1966982, 2, 1
1966985, 3, bit 0
1966985, 3, 1
1967118, 0, 1
1967122, 1, 0
1967132, 2, 0
1967135, 3, 0
1967268, 0, 1
1967272, 1, 1
1967282, 2, 0
1967285, 3, 0
1967418, 0, 0
1967422, 1, 0
1967432, 2, 1
1967435, 3, 1
1967568, 0, bit 1
1967568, 0, 1
1967572, 1, bit 1
1967572, 1, 1
1967582, 2, 1
1967585, 3, 0
1967718, 0, 0
1967722, 1, 0
1967732, 2, 0
1967735, 3, 1
1967868, 0, 0
1967872, 1, 1
1967882, 2, bit 1
1967882, 2, 0
1967885, 3, 0
1968018, 0, 1
1968022, 1, 0
1968032, 2, 1
1968035, 3, 1
1968168, 0, 1
1968172, 1, 0
1968182, 2, 0
1968185, 3, 0
1968318, 0, 0
1968322, 1, 1
1968332, 2, 1
1968335, 3, 1
1968468, 0, 1
1968472, 1, 0
1968482, 2, 1
1968485, 3, 1
1968618, 0, 0
1968622, 1, 1
1968632, 2, 0
1968635, 3, 0
1968768, 0, 0
1968772, 1, 0
1968782, 2, 0
1968785, 3, 1
1968918, 0, 1
1968922, 1, 1
1968932, 2, 1
1968935, 3, 0
1969068, 0, 0
1969072, 1, 0
1969082, 2, 0
1969085, 3, bit 1
1969085, 3, 0
1969218, 0, 1
1969222, 1, 1
1969232, 2, 1
1969235, 3, 1
1969368, 0, 1
1969372, 1, 0
1969382, 2, 1
1969385, 3, 1
1969518, 0, 0
1969522, 1, 1
1969532, 2, 0
1969536, 3, 0
1969668, 0, bit 0
1969668, 0, 0
1969672, 1, bit 1
1969672, 1, 1
1969682, 2, 0
1969686, 3, 1
1969818, 0, 1
1969822, 1, 0
1969832, 2, 1
1969836, 3, 0
1969968, 0, 1
1969972, 1, 1
1969982, 2, bit 0
1969982, 2, 1
1969986, 3, 1
1970118, 0, 0
1970122, 1, 0
1970132, 2, 0
1970136, 3, 0
1970268, 0, 0
1970272, 1, 0
1970282, 2, 1
1970286, 3, 1
1970418, 0, 1
1970422, 1, 1
1970432, 2, 0
1970436, 3, 0
1970568, 0, 0
1970572, 1, 0
1970582, 2, 0
1970586, 3, 0
1970718, 0, 1
1970722, 1, 1
1970732, 2, 1
1970736, 3, 1
1970868, 0, 1
1970872, 1, 0
1970882, 2, 1
1970886, 3, 0
1971018, 0, 0
1971022, 1, 1
1971032, 2, 0
1971036, 3, 1
1971168, 0, 1
1971172, 1, 0
1971182, 2, 1
1971186, 3, bit 0
1971186, 3, 1
1971318, 0, 0
1971322, 1, 1
1971332, 2, 0
1971336, 3, 0
1971468, 0, 0
1971472, 1, 0
1971482, 2, 0
1971486, 3, 0
1971618, 0, 1
1971622, 1, 1
1971632, 2, 1
1971636, 3, 1
1971768, 0, bit 1
1971768, 0, 1
1971772, 1, bit 1
1971772, 1, 1
1971782, 2, 1
1971786, 3, 0
1971918, 0, 0
1971922, 1, 0
1971932, 2, 0
1971936, 3, 1
1972068, 0, 0
1972072, 1, 1
1972082, 2, bit 1
1972082, 2, 0
1972086, 3, 0
1972218, 0, 1
1972222, 1, 0
1972232, 2, 1
1972236, 3, 1
1972368, 0, 1
1972372, 1, 0
1972382, 2, 0
1972386, 3, 0
1972518, 0, 0
1972523, 1, 1
1972532, 2, 1
1972536, 3, 1
1972668, 0, 1
1972673, 1, 0
1972682, 2, 1
1972686, 3, 1
1972818, 0, 0
1972823, 1, 1
1972832, 2, 0
1972836, 3, 0
1972968, 0, 0
1972973, 1, 0
1972982, 2, 0
1972986, 3, 1
1973118, 0, 1
1973123, 1, 1
1973132, 2, 1
1973136, 3, 0
1973268, 0, 0
1973273, 1, 0
1973282, 2, 0
1973286, 3, bit 0
1973286, 3, 1
1973419, 0, 1
1973423, 1, 1
1973432, 2, 1
1973436, 3, 0
1973569, 0, 1
1973573, 1, 0
1973582, 2, 1
1973586, 3, 0
1973719, 0, 0
1973723, 1, 1
1973732, 2, 0
1973736, 3, 1
1973869, 0, bit 1
1973869, 0, 1
1973873, 1, bit 1
1973873, 1, 1
1973882, 2, 0
1973886, 3, 0
1974019, 0, 0
1974023, 1, 0
1974032, 2, 1
1974036, 3, 1
1974169, 0, 0
1974173, 1, 1
1974182, 2, bit 0
1974182, 2, 1
1974187, 3, 0
1974319, 0, 1
1974323, 1, 0
1974332, 2, 0
1974337, 3, 1
1974469, 0, 1
1974473, 1, 0
1974482, 2, 1
1974487, 3, 0
1974619, 0, 0
1974623, 1, 1
1974632, 2, 0
1974637, 3, 1
1974769, 0, 1
1974773, 1, 0
1974782, 2, 0
1974787, 3, 1
1974919, 0, 0
1974923, 1, 1
1974932, 2, 1
1974937, 3, 0
1975069, 0, 0
1975073, 1, 0
1975083, 2, 1
1975087, 3, 1
1975219, 0, 1
1975223, 1, 1
1975233, 2, 0
1975237, 3, 0
1975369, 0, 0
1975373, 1, 0
1975383, 2, 1
1975387, 3, bit 1
1975387, 3, 0
1975519, 0, 1
1975523, 1, 1
1975533, 2, 0
1975537, 3, 1
1975669, 0, 1
1975673, 1, 0
1975683, 2, 0
1975687, 3, 1
1975819, 0, 0
1975823, 1, 1
1975833, 2, 1
1975837, 3, 0
1975969, 0, bit 0
1975969, 0, 0
1975973, 1, bit 0
1975973, 1, 0
1975983, 2, 1
1975987, 3, 1
1976119, 0, 1
1976123, 1, 1
1976133, 2, 0
1976137, 3, 0
1976269, 0, 1
1976273, 1, 0
1976283, 2, bit 0
1976283, 2, 1
1976287, 3, 1
1976419, 0, 0
1976423, 1, 1
1976433, 2, 0
1976437, 3, 0
1976569, 0, 0
1976573, 1, 1
1976583, 2, 1
1976587, 3, 1
1976719, 0, 1
1976723, 1, 0
1976733, 2, 0
1976737, 3, 0
1976869, 0, 0
1976873, 1, 1
1976883, 2, 0
1976887, 3, 0
1977019, 0, 1
1977023, 1, 0
1977033, 2, 1
1977037, 3, 1
1977169, 0, 1
1977174, 1, 1
1977183, 2, 1
1977187, 3, 0
1977319, 0, 0
1977324, 1, 0
1977333, 2, 0
1977337, 3, 1
1977469, 0, 1
1977474, 1, 1
1977483, 2, 1
1977487, 3, bit 1
1977487, 3, 0
1977619, 0, 0
1977624, 1, 0
1977633, 2, 0
1977637, 3, 1
1977769, 0, 0
1977774, 1, 1
1977783, 2, 0
1977787, 3, 1
1977919, 0, 1
1977924, 1, 0
1977933, 2, 1
1977937, 3, 0
1978070, 0, bit 0
1978070, 0, 0
1978074, 1, bit 1
1978074, 1, 1
1978083, 2, 1
1978087, 3, 1
1978220, 0, 1
1978224, 1, 0
1978233, 2, 0
1978237, 3, 0
1978370, 0, 1
1978374, 1, 1
1978383, 2, bit 0
1978386, 2, 1
1978387, 3, 1
1978520, 0, 0
1978524, 1, 0
1978533, 2, 0
1978537, 3, 0
1978670, 0, 0
1978674, 1, 0
1978683, 2, 1
1978687, 3, 1
1978820, 0, 1
1978824, 1, 1
1978833, 2, 0
1978838, 3, 0
1978970, 0, 0
1978974, 1, 0
1978983, 2, 0
1978988, 3, 0
1979120, 0, 1
1979124, 1, 1
1979133, 2, 1
1979138, 3, 1
1979270, 0, 1
1979274, 1, 0
1979283, 2, 1
1979288, 3, 0
1979420, 0, 0
1979424, 1, 1
1979433, 2, 0
1979438, 3, 1
1979570, 0, 1
1979574, 1, 0
1979583, 2, 1
1979588, 3, bit 1
1979599, 3, 0
1979720, 0, 0
1979724, 1, 1
1979734, 2, 0
1979738, 3, 1
1979870, 0, 0
1979874, 1, 0
1979884, 2, 0
1979888, 3, 1
1980020, 0, 1
1980024, 1, 1
1980034, 2, 1
1980038, 3, 0
1980170, 0, bit 1
1980170, 0, 1
1980174, 1, bit 0
1980174, 1, 0
1980184, 2, 1
1980188, 3, 1
1980320, 0, 0
1980324, 1, 1
1980334, 2, 0
1980338, 3, 0
1980470, 0, 0
1980474, 1, 0
1980484, 2, bit 0
1980484, 2, 1
1980488, 3, 1
1980620, 0, 1
1980624, 1, 1
1980634, 2, 0
1980638, 3, 0
1980770, 0, 1
1980774, 1, 1
1980784, 2, 1
1980788, 3, 1
1980920, 0, 0
1980924, 1, 0
1980934, 2, 0
1980938, 3, 0
1981070, 0, 1
1981074, 1, 1
1981084, 2, 0
1981088, 3, 0
1981220, 0, 0
1981224, 1, 0
1981234, 2, 1
1981238, 3, 1
1981370, 0, 0
1981374, 1, 1
1981384, 2, 1
1981388, 3, 0
1981520, 0, 1
1981524, 1, 0
1981534, 2, 0
1981538, 3, 1
1981670, 0, 0
1981674, 1, 1
1981684, 2, 1
1981688, 3, bit 0
1981688, 3, 1
1981820, 0, 1
1981824, 1, 0
1981834, 2, 0
1981838, 3, 0
1981970, 0, 1
1981974, 1, 1
1981984, 2, 0
1981988, 3, 0
1982120, 0, 0
1982124, 1, 0
1982134, 2, 1
1982138, 3, 1
1982270, 0, bit 1
1982270, 0, 1
1982274, 1, bit 0
1982274, 1, 0
1982284, 2, 1
1982288, 3, 0
1982420, 0, 0
1982424, 1, 1
1982434, 2, 0
1982438, 3, 1
1982570, 0, 0
1982574, 1, 0
1982584, 2, bit 0
1982584, 2, 1
1982588, 3, 0
1982720, 0, 1
1982724, 1, 1
1982734, 2, 0
1982738, 3, 1
1982870, 0, 1
1982874, 1, 1
1982884, 2, 1
1982888, 3, 0
1983020, 0, 0
1983024, 1, 0
1983034, 2, 0
1983038, 3, 1
1983170, 0, 1
1983174, 1, 1
1983184, 2, 0
1983188, 3, 1
1983320, 0, 0
1983324, 1, 0
1983334, 2, 1
1983338, 3, 0
1983470, 0, 0
1983474, 1, 1
1983484, 2, 1
1983488, 3, 1
1983620, 0, 1
1983624, 1, 0
1983634, 2, 0
1983638, 3, 0
1983770, 0, 0
1983774, 1, 1
1983784, 2, 1
1983788, 3, bit 0
1983788, 3, 1
1983920, 0, 1
1983924, 1, 0
1983934, 2, 0
1983938, 3, 0
1984070, 0, 1
1984074, 1, 1
1984084, 2, 0
1984088, 3, 0
1984220, 0, 0
1984224, 1, 0
1984234, 2, 1
1984238, 3, 1
1984370, 0, bit 1
1984373, 0, 1
1984374, 1, bit 0
1984374, 1, 0
1984384, 2, 1
1984388, 3, 0
1984520, 0, 0
1984524, 1, 1
1984534, 2, 0
1984538, 3, 1
1984670, 0, 0
1984674, 1, 0
1984684, 2, bit 0
1984684, 2, 1
1984688, 3, 0
1984820, 0, 1
1984824, 1, 1
1984834, 2, 0
1984838, 3, 1
1984970, 0, 1
1984974, 1, 1
1984984, 2, 1
1984988, 3, 0
1985120, 0, 0
1985124, 1, 0
1985134, 2, 0
1985138, 3, 1
1985270, 0, 1
1985274, 1, 1
1985284, 2, 0
1985288, 3, 1
1985420, 0, 0
1985424, 1, 0
1985434, 2, 1
1985438, 3, 0
1985570, 0, 0
1985574, 1, 1
1985584, 2, 1
1985588, 3, 1
1985720, 0, 1
1985724, 1, 0
1985734, 2, 0
1985738, 3, 0
1985870, 0, 0
1985874, 1, 1
1985884, 2, 1
1985888, 3, bit 1
1985888, 3, 0
1986020, 0, 1
1986024, 1, 0
1986034, 2, 0
1986038, 3, 1
1986170, 0, 1
1986174, 1, 1
1986184, 2, 0
1986188, 3, 1
1986320, 0, 0
1986324, 1, 0
1986334, 2, 1
1986338, 3, 0
1986470, 0, bit 1
1986470, 0, 1
1986475, 1, bit 1
1986475, 1, 1
1986484, 2, 1
1986488, 3, 1
1986620, 0, 0
1986625, 1, 0
1986634, 2, 0
1986638, 3, 0
1986770, 0, 0
1986775, 1, 1
1986784, 2, bit 1
1986784, 2, 0
1986788, 3, 1
1986920, 0, 1
1986925, 1, 0
1986934, 2, 1
1986938, 3, 0
1987070, 0, 1
1987075, 1, 0
1987084, 2, 0
1987088, 3, 1
1987220, 0, 0
1987225, 1, 1
1987234, 2, 1
1987238, 3, 0
1987371, 0, 1
1987375, 1, 0
1987384, 2, 1
1987388, 3, 0
1987521, 0, 0
1987525, 1, 1
1987534, 2, 0
1987538, 3, 1
1987671, 0, 0
1987675, 1, 0
1987684, 2, 0
1987688, 3, 0
1987821, 0, 1
1987825, 1, 1
1987834, 2, 1
1987838, 3, 1
1987971, 0, 0
1987975, 1, 0
1987984, 2, 0
1987988, 3, bit 0
1987988, 3, 1
1988121, 0, 1
1988125, 1, 1
1988134, 2, 1
1988139, 3, 0
1988271, 0, 1
1988275, 1, 0
1988284, 2, 1
1988289, 3, 0
1988421, 0, 0
1988425, 1, 1
1988434, 2, 0
1988439, 3, 1
1988571, 0, bit 1
1988571, 0, 1
1988575, 1, bit 1
1988575, 1, 1
1988584, 2, 0
1988589, 3, 0
1988721, 0, 0
1988725, 1, 0
1988734, 2, 1
1988739, 3, 1
1988871, 0, 0
1988875, 1, 1
1988884, 2, bit 1
1988884, 2, 0
1988889, 3, 0
1989021, 0, 1
1989025, 1, 0
1989035, 2, 1
1989039, 3, 1
1989171, 0, 1
1989175, 1, 0
1989185, 2, 0
1989189, 3, 0
1989321, 0, 0
1989325, 1, 1
1989335, 2, 1
1989339, 3, 1
1989471, 0, 1
1989475, 1, 0
1989485, 2, 1
1989489, 3, 1
1989621, 0, 0
1989625, 1, 1
1989635, 2, 0
1989639, 3, 0
1989771, 0, 0
1989775, 1, 0
1989785, 2, 0
1989789, 3, 1
1989921, 0, 1
1989925, 1, 1
1989935, 2, 1
1989939, 3, 0
1990071, 0, 0
1990075, 1, 0
1990085, 2, 0
1990089, 3, bit 1
1990089, 3, 0
1990221, 0, 1
1990225, 1, 1
1990235, 2, 1
1990239, 3, 1
1990371, 0, 1
1990375, 1, 0
1990385, 2, 1
1990389, 3, 1
1990521, 0, 0
1990525, 1, 1
1990535, 2, 0
1990539, 3, 0
1990671, 0, bit 0
1990671, 0, 0
1990675, 1, bit 0
1990675, 1, 0
1990685, 2, 0
1990689, 3, 1
1990821, 0, 1
1990825, 1, 1
1990835, 2, 1
1990839, 3, 0
1990971, 0, 1
1990975, 1, 0
1990985, 2, bit 1
1990985, 2, 0
1990989, 3, 1
1991121, 0, 0
1991126, 1, 1
1991135, 2, 1
1991139, 3, 0
1991271, 0, 0
1991276, 1, 1
1991285, 2, 0
1991289, 3, 1
1991421, 0, 1
1991426, 1, 0
1991435, 2, 1
1991439, 3, 0
1991571, 0, 0
1991576, 1, 1
1991585, 2, 1
1991589, 3, 0
1991721, 0, 1
1991726, 1, 0
1991735, 2, 0
1991739, 3, 1
1991871, 0, 1
1991876, 1, 1
1991885, 2, 0
1991889, 3, 0
1992022, 0, 0
1992026, 1, 0
1992035, 2, 1
1992039, 3, 1
1992172, 0, 1
1992176, 1, 1
1992185, 2, 0
1992189, 3, bit 0
1992189, 3, 1
1992322, 0, 0
1992326, 1, 0
1992335, 2, 1
1992339, 3, 0
1992472, 0, 0
1992476, 1, 1
1992485, 2, 1
1992489, 3, 0
1992622, 0, 1
1992626, 1, 0
1992635, 2, 0
1992639, 3, 1
1992772, 0, bit 1
1992772, 0, 1
1992776, 1, bit 1
1992776, 1, 1
1992785, 2, 0
1992790, 3, 0
1992922, 0, 0
1992926, 1, 0
1992935, 2, 1
1992940, 3, 1
1993072, 0, 0
1993076, 1, 1
1993085, 2, bit 1
1993085, 2, 0
1993090, 3, 0
1993222, 0, 1
1993226, 1, 0
1993235, 2, 1
1993240, 3, 1
1993372, 0, 1
1993376, 1, 0
1993385, 2, 0
1993390, 3, 0
1993522, 0, 0
1993526, 1, 1
1993535, 2, 1
1993540, 3, 1
1993672, 0, 1
1993676, 1, 0
1993686, 2, 1
1993690, 3, 1
1993822, 0, 0
1993826, 1, 1
1993836, 2, 0
1993840, 3, 0
1993972, 0, 0
1993976, 1, 0
1993986, 2, 0
1993990, 3, 1
1994122, 0, 1
1994126, 1, 1
1994136, 2, 1
1994140, 3, 0
1994272, 0, 0
1994276, 1, 0
1994286, 2, 0
1994290, 3, bit 1
1994290, 3, 0
1994422, 0, 1
1994426, 1, 1
1994436, 2, 1
1994440, 3, 1
1994572, 0, 1
1994576, 1, 0
1994586, 2, 1
1994590, 3, 1
1994722, 0, 0
1994726, 1, 1
1994736, 2, 0
1994740, 3, 0
1994872, 0, bit 0
1994872, 0, 0
1994876, 1, bit 0
1994880, 1, 0
1994886, 2, 0
1994890, 3, 1
1995022, 0, 1
1995026, 1, 1
1995036, 2, 1
1995040, 3, 0
1995172, 0, 1
1995176, 1, 0
1995186, 2, bit 0
1995186, 2, 1
1995190, 3, 1
1995322, 0, 0
1995326, 1, 1
1995336, 2, 0
1995340, 3, 0
1995472, 0, 0
1995476, 1, 1
1995486, 2, 1
1995490, 3, 1
1995622, 0, 1
1995626, 1, 0
1995636, 2, 0
1995640, 3, 0
1995772, 0, 0
1995776, 1, 1
1995786, 2, 0
1995790, 3, 0
1995922, 0, 1
1995926, 1, 0
1995936, 2, 1
1995940, 3, 1
1996072, 0, 1
1996076, 1, 1
1996086, 2, 1
1996090, 3, 0
1996222, 0, 0
1996226, 1, 0
1996236, 2, 0
1996240, 3, 1
1996372, 0, 1
1996376, 1, 1
1996386, 2, 1
1996390, 3, bit 0
1996390, 3, 1
1996522, 0, 0
1996526, 1, 0
1996536, 2, 0
1996540, 3, 0
1996672, 0, 0
1996676, 1, 1
1996686, 2, 0
1996690, 3, 0
1996822, 0, 1
1996826, 1, 0
1996836, 2, 1
1996840, 3, 1
1996972, 0, bit 1
1996972, 0, 1
1996976, 1, bit 1
1996976, 1, 1
1996986, 2, 1
1996990, 3, 0
1997122, 0, 0
1997126, 1, 0
1997136, 2, 0
1997140, 3, 1
1997272, 0, 0
1997276, 1, 1
1997286, 2, bit 0
1997286, 2, 1
1997290, 3, 0
1997422, 0, 1
1997426, 1, 0
1997436, 2, 0
1997440, 3, 1
1997572, 0, 1
1997576, 1, 0
1997586, 2, 1
1997590, 3, 0
1997722, 0, 0
1997726, 1, 1
1997736, 2, 0
1997740, 3, 1
1997872, 0, 1
1997876, 1, 0
1997886, 2, 0
1997890, 3, 1
1998022, 0, 0
1998026, 1, 1
1998036, 2, 1
1998040, 3, 0
1998172, 0, 0
1998176, 1, 0
1998186, 2, 1
1998190, 3, 1
1998322, 0, 1
1998326, 1, 1
1998336, 2, 0
1998340, 3, 0
1998472, 0, 0
1998476, 1, 0
1998486, 2, 1
1998490, 3, bit 1
1998490, 3, 0
1998622, 0, 1
1998626, 1, 1
1998636, 2, 0
1998640, 3, 1
1998772, 0, 1
1998776, 1, 0
1998786, 2, 0
1998790, 3, 1
1998922, 0, 0
1998926, 1, 1
1998936, 2, 1
1998940, 3, 0
1999072, 0, bit 1
1999072, 0, 1
1999076, 1, bit 1
1999076, 1, 1
1999086, 2, 1
1999090, 3, 1
1999222, 0, 0
1999226, 1, 0
1999236, 2, 0
1999240, 3, 0
1999372, 0, 0
1999376, 1, 1
1999386, 2, bit 0
1999386, 2, 1
1999390, 3, 1
1999522, 0, 1
1999526, 1, 0
1999536, 2, 0
1999540, 3, 0
1999672, 0, 1
1999676, 1, 0
1999686, 2, 1
1999690, 3, 1
1999822, 0, 0
1999826, 1, 1
1999836, 2, 0
1999840, 3, 0
1999972, 0, 1
1999976, 1, 0
1999986, 2, 0
1999990, 3, 0
2000122, 0, 0
2000126, 1, 1
2000136, 2, 1
2000140, 3, 1
2000272, 0, 0
2000276, 1, 0
2000286, 2, 1
2000290, 3, 0
2000422, 0, 1
2000427, 1, 1
2000436, 2, 0
2000440, 3, 1
2000572, 0, 0
2000577, 1, 0
2000586, 2, 1
2000590, 3, bit 0
2000590, 3, 1
2000722, 0, 1
2000727, 1, 1
2000736, 2, 0
2000740, 3, 0
2000872, 0, 1
2000877, 1, 0
2000886, 2, 0
2000890, 3, 0
2001022, 0, 0
2001027, 1, 1
2001036, 2, 1
2001040, 3, 1
2001172, 0, bit 0
2001172, 0, 0
2001177, 1, bit 0
2001177, 1, 0
2001186, 2, 1
2001190, 3, 0
2001323, 0, 1
2001327, 1, 1
2001336, 2, 0
2001340, 3, 1
2001473, 0, 1
2001477, 1, 0
2001486, 2, bit 1
2001486, 2, 0
2001490, 3, 0
2001623, 0, 0
2001627, 1, 1
2001636, 2, 1
2001640, 3, 1
2001773, 0, 0
2001777, 1, 1
2001786, 2, 0
2001790, 3, 0
2001923, 0, 1
2001927, 1, 0
2001936, 2, 1
2001940, 3, 1
2002073, 0, 0
2002077, 1, 1
2002086, 2, 1
2002091, 3, 1
2002223, 0, 1
2002227, 1, 0
2002236, 2, 0
2002241, 3, 0
2002373, 0, 1
2002377, 1, 1
2002386, 2, 0
2002391, 3, 1
2002523, 0, 0
2002527, 1, 0
2002536, 2, 1
2002541, 3, 0
2002673, 0, 1
2002677, 1, 1
2002686, 2, 0
2002691, 3, bit 1
2002691, 3, 0
2002823, 0, 0
2002827, 1, 0
2002836, 2, 1
2002841, 3, 1
2002973, 0, 0
2002977, 1, 1
2002987, 2, 1
2002991, 3, 1
2003123, 0, 1
2003127, 1, 0
2003137, 2, 0
2003141, 3, 0
2003273, 0, bit 1
2003273, 0, 1
2003277, 1, bit 1
2003277, 1, 1
2003287, 2, 0
2003291, 3, 1
2003423, 0, 0
2003427, 1, 0
2003437, 2, 1
2003441, 3, 0
2003573, 0, 0
2003577, 1, 1
2003587, 2, bit 1
2003587, 2, 0
2003591, 3, 1
2003723, 0, 1
2003727, 1, 0
2003737, 2, 1
2003741, 3, 0
2003873, 0, 1
2003877, 1, 0
2003887, 2, 0
2003891, 3, 1
2004023, 0, 0
2004027, 1, 1
2004037, 2, 1
2004041, 3, 0
2004173, 0, 1
2004177, 1, 0
2004187, 2, 1
2004191, 3, 0
2004323, 0, 0
2004327, 1, 1
2004337, 2, 0
2004341, 3, 1
2004473, 0, 0
2004477, 1, 0
2004487, 2, 0
2004491, 3, 0
2004623, 0, 1
2004627, 1, 1
2004637, 2, 1
2004641, 3, 1
2004773, 0, 0
2004777, 1, 0
2004787, 2, 0
2004791, 3, bit 0
2004791, 3, 1
2004923, 0, 1
2004927, 1, 1
2004937, 2, 1
2004941, 3, 0
2005073, 0, 1
2005078, 1, 0
2005087, 2, 1
2005091, 3, 0
2005223, 0, 0
2005228, 1, 1
2005237, 2, 0
2005241, 3, 1
2005373, 0, bit 0
2005373, 0, 0
2005378, 1, bit 1
2005378, 1, 1
2005387, 2, 0
2005391, 3, 0
2005523, 0, 1
2005528, 1, 0
2005537, 2, 1
2005541, 3, 1
2005673, 0, 1
2005678, 1, 1
2005687, 2, bit 0
2005687, 2, 1
2005691, 3, 0
2005823, 0, 0
2005828, 1, 0
2005837, 2, 0
2005841, 3, 1
2005974, 0, 0
2005978, 1, 0
2005987, 2, 1
2005991, 3, 0
2006124, 0, 1
2006128, 1, 1
2006137, 2, 0
2006141, 3, 1
2006274, 0, 0
2006278, 1, 0
2006287, 2, 0
2006291, 3, 1
2006424, 0, 1
2006428, 1, 1
2006437, 2, 1
2006441, 3, 0
2006574, 0, 1
2006578, 1, 0
2006587, 2, 1
2006591, 3, 1
2006724, 0, 0
2006728, 1, 1
2006737, 2, 0
2006742, 3, 0
2006874, 0, 1
2006878, 1, 0
2006887, 2, 1
2006892, 3, bit 1
2006892, 3, 0
2007024, 0, 0
2007028, 1, 1
2007037, 2, 0
2007042, 3, 1
2007174, 0, 0
2007178, 1, 0
2007187, 2, 0
2007192, 3, 1
2007324, 0, 1
2007328, 1, 1
2007337, 2, 1
2007342, 3, 0
2007474, 0, bit 0
2007474, 0, 0
2007478, 1, bit 0
2007478, 1, 0
2007487, 2, 1
2007492, 3, 1
2007624, 0, 1
2007628, 1, 1
2007638, 2, 0
2007642, 3, 0
2007774, 0, 1
2007778, 1, 0
2007788, 2, bit 1
2007788, 2, 0
2007792, 3, 1
2007924, 0, 0
2007928, 1, 1
2007938, 2, 1
2007942, 3, 0
2008074, 0, 0
2008078, 1, 1
2008088, 2, 0
2008092, 3, 1
2008224, 0, 1
2008228, 1, 0
2008238, 2, 1
2008242, 3, 0
2008374, 0, 0
2008378, 1, 1
2008388, 2, 1
2008392, 3, 0
2008524, 0, 1
2008528, 1, 0
2008538, 2, 0
2008542, 3, 1
2008674, 0, 1
2008678, 1, 1
2008688, 2, 0
2008692, 3, 0
2008824, 0, 0
2008828, 1, 0
2008838, 2, 1
2008842, 3, 1
2008974, 0, 1
2008978, 1, 1
2008988, 2, 0
2008992, 3, bit 0
2008992, 3, 1
2009124, 0, 0
2009128, 1, 0
2009138, 2, 1
2009142, 3, 0
2009274, 0, 0
2009278, 1, 1
2009288, 2, 1
2009292, 3, 0
2009424, 0, 1
2009428, 1, 0
2009438, 2, 0
2009442, 3, 1
2009574, 0, bit 0
2009574, 0, 0
2009578, 1, bit 0
2009578, 1, 0
2009588, 2, 0
2009592, 3, 0
2009724, 0, 1
2009728, 1, 1
2009738, 2, 1
2009742, 3, 1
2009874, 0, 1
2009878, 1, 0
2009888, 2, bit 1
2009888, 2, 0
2009892, 3, 0
2010024, 0, 0
2010028, 1, 1
2010038, 2, 1
2010042, 3, 1
2010174, 0, 0
2010178, 1, 1
2010188, 2, 0
2010192, 3, 0
2010324, 0, 1
2010328, 1, 0
2010338, 2, 1
2010342, 3, 1
2010474, 0, 0
2010478, 1, 1
2010488, 2, 1
2010492, 3, 1
2010624, 0, 1
2010628, 1, 0
2010638, 2, 0
2010642, 3, 0
2010774, 0, 1
2010778, 1, 1
2010788, 2, 0
2010792, 3, 1
2010924, 0, 0
2010928, 1, 0
2010938, 2, 1
2010942, 3, 0
2011074, 0, 1
2011078, 1, 1
2011088, 2, 0
2011092, 3, bit 0
2011092, 3, 1
2011224, 0, 0
2011228, 1, 0
2011238, 2, 1
2011242, 3, 0
2011374, 0, 0
2011378, 1, 1
2011388, 2, 1
2011392, 3, 0
2011524, 0, 1
2011528, 1, 0
2011538, 2, 0
2011542, 3, 1
2011674, 0, bit 1
2011674, 0, 1
2011678, 1, bit 0
2011678, 1, 0
2011688, 2, 0
2011692, 3, 0
2011824, 0, 0
2011828, 1, 1
2011838, 2, 1
2011842, 3, 1
2011974, 0, 0
2011978, 1, 0
2011988, 2, bit 0
2011988, 2, 1
2011992, 3, 0
2012124, 0, 1
2012128, 1, 1
2012138, 2, 0
2012142, 3, 1
2012274, 0, 1
2012278, 1, 1
2012288, 2, 1
2012292, 3, 0
2012424, 0, 0
2012428, 1, 0
2012438, 2, 0
2012442, 3, 1
2012574, 0, 1
2012578, 1, 1
2012588, 2, 0
2012592, 3, 1
2012724, 0, 0
2012728, 1, 0
2012738, 2, 1
2012742, 3, 0
2012874, 0, 0
2012878, 1, 1
2012888, 2, 1
2012892, 3, 1
2013024, 0, 1
2013028, 1, 0
2013038, 2, 0
2013042, 3, 0
2013174, 0, 0
2013178, 1, 1
2013188, 2, 1
2013192, 3, bit 0
2013192, 3, 1
2013324, 0, 1
2013328, 1, 0
2013338, 2, 0
2013342, 3, 0
2013474, 0, 1
2013478, 1, 1
2013488, 2, 0
2013492, 3, 0
2013624, 0, 0
2013628, 1, 0
2013638, 2, 1
2013642, 3, 1
2013774, 0, bit 1
2013774, 0, 1
2013778, 1, bit 0
2013778, 1, 0
2013788, 2, 1
2013792, 3, 0
2013924, 0, 0
2013928, 1, 1
2013938, 2, 0
2013942, 3, 1
2014074, 0, 0
2014078, 1, 0
2014088, 2, bit 0
2014088, 2, 1
2014092, 3, 0
2014224, 0, 1
2014228, 1, 1
2014238, 2, 0
2014242, 3, 1
2014374, 0, 1
2014379, 1, 1
2014388, 2, 1
2014392, 3, 0
2014524, 0, 0
2014529, 1, 0
2014538, 2, 0
2014542, 3, 1
2014674, 0, 1
2014679, 1, 1
2014688, 2, 0
2014692, 3, 1
2014824, 0, 0
2014829, 1, 0
2014838, 2, 1
2014842, 3, 0
2014974, 0, 0
2014979, 1, 1
2014988, 2, 1
2014992, 3, 1
2015124, 0, 1
2015129, 1, 0
2015138, 2, 0
2015142, 3, 0
2015275, 0, 0
2015279, 1, 1
2015288, 2, 1
2015292, 3, bit 1
2015292, 3, 0
2015425, 0, 1
2015429, 1, 0
2015438, 2, 0
2015442, 3, 1
2015575, 0, 1
2015579, 1, 1
2015588, 2, 0
2015592, 3, 1
2015725, 0, 0
2015729, 1, 0
2015738, 2, 1
2015742, 3, 0
2015875, 0, bit 0
2015875, 0, 0
2015879, 1, bit 0
2015879, 1, 0
2015888, 2, 1
2015892, 3, 1
2016025, 0, 1
2016029, 1, 1
2016038, 2, 0
2016043, 3, 0
2016175, 0, 1
2016179, 1, 0
2016188, 2, bit 1
2016188, 2, 0
2016193, 3, 1
2016325, 0, 0
2016329, 1, 1
2016338, 2, 1
2016343, 3, 0
2016475, 0, 0
2016479, 1, 1
2016488, 2, 0
2016493, 3, 1
2016625, 0, 1
2016629, 1, 0
2016638, 2, 1
2016643, 3, 0
2016775, 0, 0
2016779, 1, 1
2016788, 2, 1
2016793, 3, 0
2016925, 0, 1
2016929, 1, 0
2016939, 2, 0
2016943, 3, 1
2017075, 0, 1
2017079, 1, 1
2017089, 2, 0
2017093, 3, 0
2017225, 0, 0
2017229, 1, 0
2017240, 2, 1
2017243, 3, 1
2017375, 0, 1
2017379, 1, 1
2017390, 2, 0
2017393, 3, bit 1
2017393, 3, 0
2017525, 0, 0
2017529, 1, 0
2017540, 2, 1
2017543, 3, 1
2017675, 0, 0
2017679, 1, 1
2017690, 2, 1
2017693, 3, 1
2017825, 0, 1
2017829, 1, 0
2017840, 2, 0
2017843, 3, 0
2017975, 0, bit 1
2017975, 0, 1
2017979, 1, bit 1
2017979, 1, 1
2017990, 2, 0
2017993, 3, 1
2018125, 0, 0
2018129, 1, 0
2018140, 2, 1
2018143, 3, 0
2018275, 0, 0
2018279, 1, 1
2018290, 2, bit 0
2018290, 2, 1
2018293, 3, 1
2018425, 0, 1
2018429, 1, 0
2018440, 2, 0
2018443, 3, 0
2018575, 0, 1
2018579, 1, 0
2018590, 2, 1
2018593, 3, 1
2018725, 0, 0
2018729, 1, 1
2018740, 2, 0
2018743, 3, 0
2018875, 0, 1
2018879, 1, 0
2018890, 2, 0
2018893, 3, 0
2019025, 0, 0
2019030, 1, 1
2019040, 2, 1
2019043, 3, 1
2019175, 0, 0
2019180, 1, 0
2019190, 2, 1
2019193, 3, 0
2019325, 0, 1
2019330, 1, 1
2019340, 2, 0
2019343, 3, 1
2019475, 0, 0
2019480, 1, 0
2019490, 2, 1
2019493, 3, bit 1
2019493, 3, 0
2019625, 0, 1
2019630, 1, 1
2019640, 2, 0
2019643, 3, 1
2019775, 0, 1
2019780, 1, 0
2019790, 2, 0
2019793, 3, 1
2019926, 0, 0
2019930, 1, 1
2019940, 2, 1
2019943, 3, 0
2020076, 0, bit 1
2020076, 0, 1
2020080, 1, bit 0
2020080, 1, 0
2020090, 2, 1
2020093, 3, 1
2020226, 0, 0
2020230, 1, 1
2020240, 2, 0
2020243, 3, 0
2020376, 0, 0
2020380, 1, 0
2020390, 2, bit 1
2020390, 2, 0
2020393, 3, 1
2020526, 0, 1
2020530, 1, 1
2020540, 2, 1
2020543, 3, 0
2020676, 0, 1
2020680, 1, 1
2020690, 2, 0
2020694, 3, 1
2020826, 0, 0
2020830, 1, 0
2020840, 2, 1
2020844, 3, 0
2020976, 0, 1
2020980, 1, 1
2020990, 2, 1
2020994, 3, 0
2021126, 0, 0
2021130, 1, 0
2021140, 2, 0
2021144, 3, 1
2021276, 0, 0
2021280, 1, 1
2021291, 2, 0
2021294, 3, 0
2021426, 0, 1
2021430, 1, 0
2021441, 2, 1
2021444, 3, 1
2021576, 0, 0
2021580, 1, 1
2021591, 2, 0
2021594, 3, bit 0
2021594, 3, 1
2021726, 0, 1
2021730, 1, 0
2021741, 2, 1
2021744, 3, 0
2021876, 0, 1
2021880, 1, 1
2021891, 2, 1
2021894, 3, 0
2022026, 0, 0
2022030, 1, 0
2022041, 2, 0
2022044, 3, 1
2022176, 0, bit 0
2022176, 0, 0
2022180, 1, bit 1
2022180, 1, 1
2022191, 2, 0
2022194, 3, 0
2022326, 0, 1
2022330, 1, 0
2022341, 2, 1
2022344, 3, 1
2022476, 0, 1
2022480, 1, 1
2022491, 2, bit 1
2022491, 2, 0
2022494, 3, 0
2022626, 0, 0
2022630, 1, 0
2022641, 2, 1
2022644, 3, 1
2022776, 0, 0
2022780, 1, 0
2022791, 2, 0
2022794, 3, 0
2022926, 0, 1
2022930, 1, 1
2022941, 2, 1
2022944, 3, 1
2023076, 0, 0
2023080, 1, 0
2023091, 2, 1
2023094, 3, 1
2023226, 0, 1
2023230, 1, 1
2023241, 2, 0
2023244, 3, 0
2023376, 0, 1
2023380, 1, 0
2023391, 2, 0
2023394, 3, 1
2023526, 0, 0
2023530, 1, 1
2023541, 2, 1
2023544, 3, 0
2023676, 0, 1
2023680, 1, 0
2023691, 2, 0
2023694, 3, bit 0
2023694, 3, 1
2023826, 0, 0
2023830, 1, 1
2023841, 2, 1
2023844, 3, 0
2023976, 0, 0
2023980, 1, 0
2023991, 2, 1
2023994, 3, 0
2024126, 0, 1
2024130, 1, 1
2024141, 2, 0
2024144, 3, 1
2024276, 0, bit 1
2024276, 0, 1
2024280, 1, bit 0
2024281, 1, 0
2024291, 2, 0
2024294, 3, 0
2024426, 0, 0
2024430, 1, 1
2024441, 2, 1
2024444, 3, 1
2024576, 0, 0
2024580, 1, 0
2024591, 2, bit 0
2024591, 2, 1
2024594, 3, 0
2024726, 0, 1
2024730, 1, 1
2024741, 2, 0
2024744, 3, 1
2024876, 0, 1
2024880, 1, 1
2024891, 2, 1
2024894, 3, 0
2025026, 0, 0
2025030, 1, 0
2025041, 2, 0
2025044, 3, 1
2025176, 0, 1
2025180, 1, 1
2025191, 2, 0
2025194, 3, 1
2025326, 0, 0
2025330, 1, 0
2025341, 2, 1
2025344, 3, 0
2025476, 0, 0
2025480, 1, 1
2025491, 2, 1
2025494, 3, 1
2025626, 0, 1
2025630, 1, 0
2025641, 2, 0
2025644, 3, 0
2025776, 0, 0
2025780, 1, 1
2025791, 2, 1
2025794, 3, bit 1
2025794, 3, 0
2025926, 0, 1
2025930, 1, 0
2025942, 2, 0
2025944, 3, 1
2026076, 0, 1
2026080, 1, 1
2026092, 2, 0
2026094, 3, 1
2026226, 0, 0
2026230, 1, 0
2026242, 2, 1
2026244, 3, 0
2026376, 0, bit 0
2026376, 0, 0
2026380, 1, bit 0
2026380, 1, 0
2026392, 2, 1
2026394, 3, 1
2026526, 0, 1
2026530, 1, 1
2026542, 2, 0
2026545, 3, 0
2026676, 0, 1
2026680, 1, 0
2026692, 2, bit 1
2026692, 2, 0
2026695, 3, 1
2026826, 0, 0
2026830, 1, 1
2026842, 2, 1
2026845, 3, 0
2026976, 0, 0
2026980, 1, 1
2026992, 2, 0
2026995, 3, 1
2027126, 0, 1
2027130, 1, 0
2027142, 2, 1
2027145, 3, 0
2027276, 0, 0
2027280, 1, 1
2027292, 2, 1
2027295, 3, 0
2027426, 0, 1
2027430, 1, 0
2027442, 2, 0
2027445, 3, 1
2027576, 0, 1
2027580, 1, 1
2027592, 2, 0
2027595, 3, 0
2027726, 0, 0
2027730, 1, 0
2027742, 2, 1
2027745, 3, 1
2027876, 0, 1
2027880, 1, 1
2027892, 2, 0
2027895, 3, bit 1
2027895, 3, 0
2028026, 0, 0
2028030, 1, 0
2028042, 2, 1
2028045, 3, 1
2028176, 0, 0
2028180, 1, 1
2028192, 2, 1
2028195, 3, 1
2028326, 0, 1
2028331, 1, 0
2028342, 2, 0
2028345, 3, 0
2028476, 0, bit 1
2028476, 0, 1
2028481, 1, bit 1
2028481, 1, 1
2028492, 2, 0
2028495, 3, 1
2028626, 0, 0
2028631, 1, 0
2028642, 2, 1
2028645, 3, 0
2028776, 0, 0
2028781, 1, 1
2028792, 2, bit 0
2028792, 2, 1
2028795, 3, 1
2028926, 0, 1
2028931, 1, 0
2028942, 2, 0
2028945, 3, 0
2029076, 0, 1
2029081, 1, 0
2029092, 2, 1
2029095, 3, 1
2029227, 0, 0
2029231, 1, 1
2029242, 2, 0
2029245, 3, 0
2029377, 0, 1
2029381, 1, 0
2029392, 2, 0
2029395, 3, 0
2029527, 0, 0
2029531, 1, 1
2029542, 2, 1
2029545, 3, 1
2029677, 0, 0
2029681, 1, 0
2029692, 2, 1
2029696, 3, 0
2029827, 0, 1
2029831, 1, 1
2029842, 2, 0
2029846, 3, 1
2029977, 0, 0
2029981, 1, 0
2029992, 2, 1
2029996, 3, bit 1
2029996, 3, 0
2030127, 0, 1
2030131, 1, 1
2030142, 2, 0
2030146, 3, 1
2030277, 0, 1
2030281, 1, 0
2030292, 2, 0
2030296, 3, 1
2030427, 0, 0
2030431, 1, 1
2030442, 2, 1
2030446, 3, 0
2030577, 0, bit 0
2030577, 0, 0
2030581, 1, bit 0
2030581, 1, 0
2030592, 2, 1
2030596, 3, 1
2030727, 0, 1
2030731, 1, 1
2030742, 2, 0
2030746, 3, 0
2030877, 0, 1
2030881, 1, 0
2030892, 2, bit 1
2030892, 2, 0
2030896, 3, 1
2031027, 0, 0
2031031, 1, 1
2031042, 2, 1
2031046, 3, 0
2031177, 0, 0
2031181, 1, 1
2031192, 2, 0
2031196, 3, 1
2031327, 0, 1
2031331, 1, 0
2031342, 2, 1
2031346, 3, 0
2031477, 0, 0
2031481, 1, 1
2031492, 2, 1
2031496, 3, 0
2031627, 0, 1
2031631, 1, 0
2031642, 2, 0
2031646, 3, 1
2031777, 0, 1
2031781, 1, 1
2031792, 2, 0
2031796, 3, 0
2031927, 0, 0
2031931, 1, 0
2031942, 2, 1
2031946, 3, 1
2032077, 0, 1
2032081, 1, 1
2032092, 2, 0
2032096, 3, bit 1
2032096, 3, 0
2032227, 0, 0
2032231, 1, 0
2032242, 2, 1
2032246, 3, 1
2032377, 0, 0
2032381, 1, 1
2032392, 2, 1
2032396, 3, 1
2032527, 0, 1
2032531, 1, 0
2032542, 2, 0
2032546, 3, 0
2032677, 0, bit 1
2032677, 0, 1
2032681, 1, bit 1
2032681, 1, 1
2032692, 2, 0
2032696, 3, 1
2032827, 0, 0
2032831, 1, 0
2032842, 2, 1
2032846, 3, 0
2032977, 0, 0
2032982, 1, 1
2032992, 2, bit 1
2032992, 2, 0
2032996, 3, 1
2033127, 0, 1
2033132, 1, 0
2033142, 2, 1
2033146, 3, 0
2033277, 0, 1
2033282, 1, 0
2033292, 2, 0
2033296, 3, 1
2033427, 0, 0
2033432, 1, 1
2033442, 2, 1
2033446, 3, 0
2033577, 0, 1
2033582, 1, 0
2033592, 2, 1
2033596, 3, 0
2033727, 0, 0
2033732, 1, 1
2033742, 2, 0
2033746, 3, 1
2033878, 0, 0
2033882, 1, 0
2033892, 2, 0
2033896, 3, 0
2034028, 0, 1
2034032, 1, 1
2034042, 2, 1
2034046, 3, 1
2034178, 0, 0
2034182, 1, 0
2034192, 2, 0
2034196, 3, bit 1
2034196, 3, 0
2034328, 0, 1
2034332, 1, 1
2034342, 2, 1
2034347, 3, 1
2034478, 0, 1
2034482, 1, 0
2034492, 2, 1
2034497, 3, 1
2034628, 0, 0
2034632, 1, 1
2034642, 2, 0
2034647, 3, 0
2034778, 0, bit 0
2034778, 0, 0
2034782, 1, bit 0
2034785, 1, 0
2034792, 2, 0
2034797, 3, 1
2034928, 0, 1
2034932, 1, 1
2034942, 2, 1
2034947, 3, 0
2035078, 0, 1
2035082, 1, 0
2035092, 2, bit 0
2035092, 2, 1
2035097, 3, 1
2035228, 0, 0
2035232, 1, 1
2035243, 2, 0
2035247, 3, 0
2035378, 0, 0
2035382, 1, 1
2035393, 2, 1
2035397, 3, 1
2035528, 0, 1
2035532, 1, 0
2035543, 2, 0
2035547, 3, 0
2035678, 0, 0
2035682, 1, 1
2035693, 2, 0
2035697, 3, 0
2035828, 0, 1
2035832, 1, 0
2035843, 2, 1
2035847, 3, 1
2035978, 0, 1
2035982, 1, 1
2035993, 2, 1
2035997, 3, 0
2036128, 0, 0
2036132, 1, 0
2036143, 2, 0
2036147, 3, 1
2036278, 0, 1
2036282, 1, 1
2036293, 2, 1
2036297, 3, bit 0
2036297, 3, 1
2036428, 0, 0
2036432, 1, 0
2036443, 2, 0
2036447, 3, 0
2036578, 0, 0
2036582, 1, 1
2036593, 2, 0
2036597, 3, 0
2036728, 0, 1
2036732, 1, 0
2036743, 2, 1
2036747, 3, 1
2036878, 0, bit 1
2036878, 0, 1
2036882, 1, bit 0
2036882, 1, 0
2036893, 2, 1
2036897, 3, 0
2037028, 0, 0
2037032, 1, 1
2037043, 2, 0
2037047, 3, 1
2037178, 0, 0
2037182, 1, 0
2037193, 2, bit 1
2037193, 2, 0
2037197, 3, 0
2037328, 0, 1
2037332, 1, 1
2037343, 2, 1
2037347, 3, 1
2037478, 0, 1
2037482, 1, 1
2037493, 2, 0
2037497, 3, 0
2037628, 0, 0
2037632, 1, 0
2037643, 2, 1
2037647, 3, 1
2037778, 0, 1
2037782, 1, 1
2037793, 2, 1
2037797, 3, 1
2037928, 0, 0
2037932, 1, 0
2037943, 2, 0
2037947, 3, 0
2038078, 0, 0
2038082, 1, 1
2038093, 2, 0
2038097, 3, 1
2038228, 0, 1
2038232, 1, 0
2038243, 2, 1
2038247, 3, 0
2038378, 0, 0
2038382, 1, 1
2038393, 2, 0
2038397, 3, bit 0
2038397, 3, 1
2038528, 0, 1
2038532, 1, 0
2038543, 2, 1
2038547, 3, 0
2038678, 0, 1
2038682, 1, 1
2038693, 2, 1
2038697, 3, 0
2038828, 0, 0
2038832, 1, 0
2038843, 2, 0
2038847, 3, 1
2038978, 0, bit 0
2038978, 0, 0
2038982, 1, bit 0
2038982, 1, 0
2038993, 2, 0
2038998, 3, 0
2039128, 0, 1
2039132, 1, 1
2039143, 2, 1
2039148, 3, 1
2039278, 0, 1
2039282, 1, 0
2039293, 2, bit 1
2039293, 2, 0
2039298, 3, 0
2039428, 0, 0
2039432, 1, 1
2039443, 2, 1
2039448, 3, 1
2039578, 0, 0
2039582, 1, 1
2039593, 2, 0
2039598, 3, 0
2039728, 0, 1
2039732, 1, 0
2039743, 2, 1
2039748, 3, 1
2039878, 0, 0
2039882, 1, 1
2039894, 2, 1
2039898, 3, 1
2040028, 0, 1
2040032, 1, 0
2040044, 2, 0
2040048, 3, 0
2040178, 0, 1
2040182, 1, 1
2040194, 2, 0
2040198, 3, 1
2040328, 0, 0
2040332, 1, 0
2040344, 2, 1
2040348, 3, 0
2040478, 0, 1
2040482, 1, 1
2040494, 2, 0
2040498, 3, bit 0
2040498, 3, 1
2040628, 0, 0
2040632, 1, 0
2040644, 2, 1
2040648, 3, 0
2040778, 0, 0
2040782, 1, 1
2040794, 2, 1
2040798, 3, 0
2040928, 0, 1
2040932, 1, 0
2040944, 2, 0
2040948, 3, 1
2041078, 0, bit 1
2041078, 0, 1
2041082, 1, bit 1
2041082, 1, 1
2041094, 2, 0
2041098, 3, 0
2041228, 0, 0
2041232, 1, 0
2041244, 2, 1
2041248, 3, 1
2041378, 0, 0
2041382, 1, 1
2041394, 2, bit 0
2041394, 2, 1
2041398, 3, 0
2041528, 0, 1
2041532, 1, 0
2041544, 2, 0
2041548, 3, 1
2041678, 0, 1
2041682, 1, 0
2041694, 2, 1
2041698, 3, 0
2041828, 0, 0
2041832, 1, 1
2041844, 2, 0
2041848, 3, 1
2041978, 0, 1
2041982, 1, 0
2041994, 2, 0
2041998, 3, 1
2042128, 0, 0
2042132, 1, 1
2042144, 2, 1
2042148, 3, 0
2042278, 0, 0
2042283, 1, 0
2042294, 2, 1
2042298, 3, 1
2042428, 0, 1
2042433, 1, 1
2042444, 2, 0
2042448, 3, 0
2042578, 0, 0
2042583, 1, 0
2042594, 2, 1
2042598, 3, bit 0
2042598, 3, 1
2042728, 0, 1
2042733, 1, 1
2042744, 2, 0
2042748, 3, 0
2042878, 0, 1
2042883, 1, 0
2042894, 2, 0
2042898, 3, 0
2043028, 0, 0
2043033, 1, 1
2043044, 2, 1
2043048, 3, 1
2043179, 0, bit 0
2043179, 0, 0
2043183, 1, bit 1
2043183, 1, 1
2043194, 2, 1
2043198, 3, 0
2043329, 0, 1
2043333, 1, 0
2043344, 2, 0
2043348, 3, 1
2043479, 0, 1
2043483, 1, 1
2043494, 2, bit 0
2043494, 2, 1
2043498, 3, 0
2043629, 0, 0
2043633, 1, 0
2043644, 2, 0
2043648, 3, 1
2043779, 0, 0
2043783, 1, 0
2043794, 2, 1
2043798, 3, 0
2043929, 0, 1
2043933, 1, 1
2043944, 2, 0
2043948, 3, 1
2044079, 0, 0
2044083, 1, 0
2044094, 2, 0
2044098, 3, 1
2044229, 0, 1
2044233, 1, 1
2044244, 2, 1
2044248, 3, 0
2044379, 0, 1
2044383, 1, 0
2044394, 2, 1
2044398, 3, 1
2044529, 0, 0
2044533, 1, 1
2044544, 2, 0
2044548, 3, 0
2044679, 0, 1
2044683, 1, 0
2044694, 2, 1
2044698, 3, bit 0
2044698, 3, 1
2044829, 0, 0
2044833, 1, 1
2044844, 2, 0
2044848, 3, 0
2044979, 0, 0
2044983, 1, 0
2044994, 2, 0
2044998, 3, 0
2045129, 0, 1
2045133, 1, 1
2045144, 2, 1
2045148, 3, 1
2045279, 0, bit 1
2045279, 0, 1
2045283, 1, bit 1
2045283, 1, 1
2045294, 2, 1
2045298, 3, 0
2045429, 0, 0
2045433, 1, 0
2045444, 2, 0
2045448, 3, 1
2045579, 0, 0
2045583, 1, 1
2045594, 2, bit 0
2045594, 2, 1
2045598, 3, 0
2045729, 0, 1
2045733, 1, 0
2045744, 2, 0
2045748, 3, 1
2045879, 0, 1
2045883, 1, 0
2045894, 2, 1
2045898, 3, 0
2046029, 0, 0
2046033, 1, 1
2046044, 2, 0
2046048, 3, 1
2046179, 0, 1
2046183, 1, 0
2046194, 2, 0
2046198, 3, 1
2046329, 0, 0
2046333, 1, 1
2046344, 2, 1
2046348, 3, 0
2046479, 0, 0
2046483, 1, 0
2046494, 2, 1
2046498, 3, 1
2046629, 0, 1
2046633, 1, 1
2046644, 2, 0
2046648, 3, 0
2046779, 0, 0
2046783, 1, 0
2046794, 2, 1
2046798, 3, bit 1
2046798, 3, 0
2046929, 0, 1
2046934, 1, 1
2046944, 2, 0
2046948, 3, 1
2047079, 0, 1
2047084, 1, 0
2047094, 2, 0
2047098, 3, 1
2047229, 0, 0
2047234, 1, 1
2047244, 2, 1
2047248, 3, 0
2047379, 0, bit 1
2047379, 0, 1
2047384, 1, bit 1
2047384, 1, 1
2047394, 2, 1
2047398, 3, 1
2047529, 0, 0
2047534, 1, 0
2047544, 2, 0
2047548, 3, 0
2047679, 0, 0
2047684, 1, 1
2047694, 2, bit 1
2047694, 2, 0
2047698, 3, 1
2047830, 0, 1
2047834, 1, 0
2047844, 2, 1
2047848, 3, 0
2047980, 0, 1
2047984, 1, 0
2047994, 2, 0
2047998, 3, 1
2048130, 0, 0
2048134, 1, 1
2048144, 2, 1
2048148, 3, 0
2048280, 0, 1
2048284, 1, 0
2048294, 2, 1
2048299, 3, 0
2048430, 0, 0
2048434, 1, 1
2048444, 2, 0
2048449, 3, 1
2048580, 0, 0
2048584, 1, 0
2048594, 2, 0
2048599, 3, 0
2048730, 0, 1
2048734, 1, 1
2048744, 2, 1
2048749, 3, 1
2048880, 0, 0
2048884, 1, 0
2048894, 2, 0
2048899, 3, bit 0
2048899, 3, 1
2049030, 0, 1
2049034, 1, 1
2049044, 2, 1
2049049, 3, 0
2049180, 0, 1
2049184, 1, 0
2049195, 2, 1
2049199, 3, 0
2049330, 0, 0
2049334, 1, 1
2049345, 2, 0
2049349, 3, 1
2049480, 0, bit 1
2049480, 0, 1
2049484, 1, bit 1
2049484, 1, 1
2049495, 2, 0
2049499, 3, 0
2049630, 0, 0
2049634, 1, 0
2049645, 2, 1
2049649, 3, 1
2049780, 0, 0
2049784, 1, 1
2049795, 2, bit 1
2049795, 2, 0
2049799, 3, 0
2049930, 0, 1
2049934, 1, 0
2049945, 2, 1
2049949, 3, 1
2050080, 0, 1
2050084, 1, 0
2050095, 2, 0
2050099, 3, 0
2050230, 0, 0
2050234, 1, 1
2050245, 2, 1
2050249, 3, 1
2050380, 0, 1
2050384, 1, 0
2050395, 2, 1
2050399, 3, 1
2050530, 0, 0
2050534, 1, 1
2050545, 2, 0
2050549, 3, 0
2050680, 0, 0
2050684, 1, 0
2050695, 2, 0
2050699, 3, 1
2050830, 0, 1
2050834, 1, 1
2050845, 2, 1
2050849, 3, 0
2050980, 0, 0
2050984, 1, 0
2050995, 2, 0
2050999, 3, bit 1
2050999, 3, 0
2051130, 0, 1
2051134, 1, 1
2051145, 2, 1
2051149, 3, 1
2051280, 0, 1
2051284, 1, 0
2051295, 2, 1
2051299, 3, 1
2051430, 0, 0
2051434, 1, 1
2051445, 2, 0
2051449, 3, 0
2051580, 0, bit 1
2051580, 0, 1
2051584, 1, bit 1
2051584, 1, 1
2051595, 2, 0
2051599, 3, 1
2051730, 0, 0
2051734, 1, 0
2051745, 2, 1
2051749, 3, 0
2051880, 0, 0
2051884, 1, 1
2051895, 2, bit 0
2051895, 2, 1
2051899, 3, 1
2052030, 0, 1
2052034, 1, 0
2052045, 2, 0
2052049, 3, 0
2052180, 0, 1
2052184, 1, 0
2052195, 2, 1
2052199, 3, 1
2052330, 0, 0
2052334, 1, 1
2052345, 2, 0
2052349, 3, 0
2052480, 0, 1
2052484, 1, 0
2052495, 2, 0
2052499, 3, 0
2052630, 0, 0
2052634, 1, 1
2052645, 2, 1
2052649, 3, 1
2052780, 0, 0
2052784, 1, 0
2052795, 2, 1
2052799, 3, 0
2052930, 0, 1
2052934, 1, 1
2052945, 2, 0
2052950, 3, 1
2053080, 0, 0
2053084, 1, 0
2053095, 2, 1
2053100, 3, bit 0
2053100, 3, 1
2053230, 0, 1
2053234, 1, 1
2053245, 2, 0
2053250, 3, 0
2053380, 0, 1
2053384, 1, 0
2053395, 2, 0
2053400, 3, 0
2053530, 0, 0
2053534, 1, 1
2053545, 2, 1
2053550, 3, 1
2053680, 0, bit 1
2053680, 0, 1
2053684, 1, bit 1
2053684, 1, 1
2053695, 2, 1
2053700, 3, 0
2053830, 0, 0
2053834, 1, 0
2053846, 2, 0
2053850, 3, 1
2053980, 0, 0
2053984, 1, 1
2053996, 2, bit 1
2053996, 2, 0
2054000, 3, 0
2054130, 0, 1
2054134, 1, 0
2054146, 2, 1
2054150, 3, 1
2054280, 0, 1
2054284, 1, 0
2054296, 2, 0
2054300, 3, 0
2054430, 0, 0
2054434, 1, 1
2054446, 2, 1
2054450, 3, 1
2054580, 0, 1
2054584, 1, 0
2054596, 2, 1
2054600, 3, 1
2054730, 0, 0
2054734, 1, 1
2054746, 2, 0
2054756, 3, 0
2054880, 0, 0
2054884, 1, 0
2054896, 2, 0
2054906, 3, 1
2055030, 0, 1
2055034, 1, 1
2055046, 2, 1
2055056, 3, 0
2055180, 0, 0
2055184, 1, 0
2055196, 2, 0
2055206, 3, bit 1
2055206, 3, 0
2055330, 0, 1
2055334, 1, 1
2055346, 2, 1
2055356, 3, 1
2055480, 0, 1
2055484, 1, 0
2055496, 2, 1
2055506, 3, 1
2055630, 0, 0
2055634, 1, 1
2055646, 2, 0
2055656, 3, 0
2055780, 0, bit 1
2055780, 0, 1
2055784, 1, bit 1
2055784, 1, 1
2055796, 2, 0
2055806, 3, 1
2055930, 0, 0
2055934, 1, 0
2055946, 2, 1
2055956, 3, 0
2056080, 0, 0
2056084, 1, 1
2056096, 2, bit 1
2056096, 2, 0
2056107, 3, 1
2056230, 0, 1
2056235, 1, 0
2056246, 2, 1
2056257, 3, 0
2056380, 0, 1
2056385, 1, 0
2056396, 2, 0
2056407, 3, 1
2056530, 0, 0
2056535, 1, 1
2056546, 2, 1
2056557, 3, 0
2056680, 0, 1
2056685, 1, 0
2056696, 2, 1
2056707, 3, 0
2056830, 0, 0
2056835, 1, 1
2056846, 2, 0
2056857, 3, 1
2056980, 0, 0
2056985, 1, 0
2056996, 2, 0
2057007, 3, 0
2057131, 0, 1
2057135, 1, 1
2057146, 2, 1
2057157, 3, 1
2057281, 0, 0
2057285, 1, 0
2057296, 2, 0
2057307, 3, bit 1
2057307, 3, 0
2057431, 0, 1
2057435, 1, 1
2057446, 2, 1
2057457, 3, 1
2057581, 0, 1
2057585, 1, 0
2057596, 2, 1
2057607, 3, 1
2057731, 0, 0
2057735, 1, 1
2057746, 2, 0
2057757, 3, 0
2057881, 0, bit 0
2057881, 0, 0
2057885, 1, bit 0
2057885, 1, 0
2057896, 2, 0
2057907, 3, 1
2058031, 0, 1
2058035, 1, 1
2058046, 2, 1
2058057, 3, 0
2058181, 0, 1
2058185, 1, 0
2058196, 2, bit 1
2058196, 2, 0
2058207, 3, 1
2058331, 0, 0
2058335, 1, 1
2058346, 2, 1
2058357, 3, 0
2058481, 0, 0
2058485, 1, 1
2058496, 2, 0
2058507, 3, 1
2058631, 0, 1
2058635, 1, 0
2058646, 2, 1
2058657, 3, 0
2058781, 0, 0
2058785, 1, 1
2058796, 2, 1
2058807, 3, 0
2058931, 0, 1
2058935, 1, 0
2058946, 2, 0
2058957, 3, 1
2059081, 0, 1
2059085, 1, 1
2059096, 2, 0
2059107, 3, 0
2059231, 0, 0
2059235, 1, 0
2059246, 2, 1
2059257, 3, 1
2059381, 0, 1
2059385, 1, 1
2059396, 2, 0
2059407, 3, bit 1
2059407, 3, 0
2059531, 0, 0
2059535, 1, 0
2059546, 2, 1
2059557, 3, 1
2059681, 0, 0
2059685, 1, 1
2059696, 2, 1
2059707, 3, 1
2059831, 0, 1
2059835, 1, 0
2059846, 2, 0
2059857, 3, 0
2059981, 0, bit 0
2059981, 0, 0
2059985, 1, bit 0
2059985, 1, 0
2059996, 2, 0
2060007, 3, 1
2060131, 0, 1
2060135, 1, 1
2060146, 2, 1
2060157, 3, 0
2060281, 0, 1
2060285, 1, 0
2060296, 2, bit 0
2060296, 2, 1
2060307, 3, 1
2060431, 0, 0
2060435, 1, 1
2060446, 2, 0
2060457, 3, 0
2060581, 0, 0
2060585, 1, 1
2060596, 2, 1
2060607, 3, 1
2060731, 0, 1
2060735, 1, 0
2060746, 2, 0
2060758, 3, 0
2060881, 0, 0
2060886, 1, 1
2060896, 2, 0
2060908, 3, 0
2061031, 0, 1
2061036, 1, 0
2061046, 2, 1
2061058, 3, 1
2061181, 0, 1
2061186, 1, 1
2061196, 2, 1
2061208, 3, 0
2061331, 0, 0
2061336, 1, 0
2061346, 2, 0
2061358, 3, 1
2061481, 0, 1
2061486, 1, 1
2061496, 2, 1
2061508, 3, bit 0
2061508, 3, 1
2061631, 0, 0
2061636, 1, 0
2061646, 2, 0
2061658, 3, 0
2061782, 0, 0
2061786, 1, 1
2061796, 2, 0
2061808, 3, 0
2061932, 0, 1
2061936, 1, 0
2061946, 2, 1
2061958, 3, 1
2062082, 0, bit 1
2062082, 0, 1
2062086, 1, bit 1
2062086, 1, 1
2062096, 2, 1
2062108, 3, 0
2062232, 0, 0
2062236, 1, 0
2062246, 2, 0
2062258, 3, 1
2062382, 0, 0
2062386, 1, 1
2062396, 2, bit 0
2062396, 2, 1
2062408, 3, 0
2062532, 0, 1
2062536, 1, 0
2062546, 2, 0
2062558, 3, 1
2062682, 0, 1
2062686, 1, 0
2062696, 2, 1
2062708, 3, 0
2062832, 0, 0
2062836, 1, 1
2062846, 2, 0
2062858, 3, 1
2062982, 0, 1
2062986, 1, 0
2062996, 2, 0
2063008, 3, 1
2063132, 0, 0
2063136, 1, 1
2063147, 2, 1
2063158, 3, 0
2063282, 0, 0
2063286, 1, 0
2063297, 2, 1
2063308, 3, 1
2063432, 0, 1
2063436, 1, 1
2063447, 2, 0
2063458, 3, 0
2063582, 0, 0
2063586, 1, 0
2063597, 2, 1
2063608, 3, bit 0
2063608, 3, 1
2063732, 0, 1
2063736, 1, 1
2063747, 2, 0
2063758, 3, 0
2063882, 0, 1
2063886, 1, 0
2063897, 2, 0
2063908, 3, 0
2064032, 0, 0
2064036, 1, 1
2064047, 2, 1
2064058, 3, 1
2064182, 0, bit 1
2064182, 0, 1
2064186, 1, bit 0
2064186, 1, 0
2064197, 2, 1
2064208, 3, 0
2064332, 0, 0
2064336, 1, 1
2064347, 2, 0
2064358, 3, 1
2064482, 0, 0
2064486, 1, 0
2064497, 2, bit 0
2064497, 2, 1
2064508, 3, 0
2064632, 0, 1
2064636, 1, 1
2064647, 2, 0
2064658, 3, 1
2064782, 0, 1
2064786, 1, 1
2064797, 2, 1
2064808, 3, 0
2064932, 0, 0
2064936, 1, 0
2064947, 2, 0
2064958, 3, 1
2065082, 0, 1
2065086, 1, 1
2065097, 2, 0
2065108, 3, 1
2065232, 0, 0
2065236, 1, 0
2065247, 2, 1
2065258, 3, 0
2065382, 0, 0
2065386, 1, 1
2065397, 2, 1
2065408, 3, 1
2065532, 0, 1
2065536, 1, 0
2065547, 2, 0
2065558, 3, 0
2065682, 0, 0
2065686, 1, 1
2065697, 2, 1
2065708, 3, bit 1
2065708, 3, 0
2065832, 0, 1
2065836, 1, 0
2065847, 2, 0
2065858, 3, 1
2065982, 0, 1
2065986, 1, 1
2065997, 2, 0
2066008, 3, 1
2066132, 0, 0
2066136, 1, 0
2066147, 2, 1
2066158, 3, 0
2066282, 0, bit 0
2066282, 0, 0
2066286, 1, bit 1
2066286, 1, 1
2066297, 2, 1
2066308, 3, 1
2066432, 0, 1
2066436, 1, 0
2066447, 2, 0
2066458, 3, 0
2066582, 0, 1
2066586, 1, 1
2066597, 2, bit 1
2066597, 2, 0
2066608, 3, 1
2066732, 0, 0
2066736, 1, 0
2066747, 2, 1
2066758, 3, 0
2066882, 0, 0
2066886, 1, 0
2066897, 2, 0
2066908, 3, 1
2067032, 0, 1
2067036, 1, 1
2067047, 2, 1
2067058, 3, 0
2067182, 0, 0
2067186, 1, 0
2067197, 2, 1
2067208, 3, 0
2067332, 0, 1
2067336, 1, 1
2067347, 2, 0
2067358, 3, 1
2067482, 0, 1
2067486, 1, 0
2067497, 2, 0
2067508, 3, 0
2067632, 0, 0
2067636, 1, 1
2067647, 2, 1
2067658, 3, 1
2067782, 0, 1
2067786, 1, 0
2067798, 2, 0
2067808, 3, bit 0
2067808, 3, 1
2067932, 0, 0
2067936, 1, 1
2067948, 2, 1
2067958, 3, 0
2068082, 0, 0
2068086, 1, 0
2068098, 2, 1
2068108, 3, 0
2068232, 0, 1
2068236, 1, 1
2068248, 2, 0
2068258, 3, 1
2068382, 0, bit 0
2068382, 0, 0
2068386, 1, bit 0
2068386, 1, 0
2068398, 2, 0
2068408, 3, 0
2068532, 0, 1
2068536, 1, 1
2068548, 2, 1
2068558, 3, 1
2068682, 0, 1
2068686, 1, 0
2068698, 2, bit 0
2068698, 2, 1
2068708, 3, 0
2068832, 0, 0
2068836, 1, 1
2068848, 2, 0
2068858, 3, 1
2068982, 0, 0
2068986, 1, 1
2068998, 2, 1
2069008, 3, 0
2069132, 0, 1
2069136, 1, 0
2069148, 2, 0
2069158, 3, 1
2069282, 0, 0
2069286, 1, 1
2069298, 2, 0
2069308, 3, 1
2069432, 0, 1
2069436, 1, 0
2069448, 2, 1
2069458, 3, 0
2069582, 0, 1
2069586, 1, 1
2069598, 2, 1
2069608, 3, 1
2069732, 0, 0
2069736, 1, 0
2069748, 2, 0
2069758, 3, 0
2069882, 0, 1
2069886, 1, 1
2069898, 2, 1
2069908, 3, bit 0
2069908, 3, 1
2070032, 0, 0
2070036, 1, 0
2070048, 2, 0
2070059, 3, 0
2070182, 0, 0
2070187, 1, 1
2070198, 2, 0
2070209, 3, 0
2070332, 0, 1
2070337, 1, 0
2070348, 2, 1
2070359, 3, 1
2070482, 0, bit 0
2070482, 0, 0
2070487, 1, bit 1
2070487, 1, 1
2070498, 2, 1
2070509, 3, 0
2070632, 0, 1
2070637, 1, 0
2070648, 2, 0
2070659, 3, 1
2070782, 0, 1
2070787, 1, 1
2070798, 2, bit 0
2070798, 2, 1
2070809, 3, 0
2070932, 0, 0
2070937, 1, 0
2070948, 2, 0
2070959, 3, 1
2071083, 0, 0
2071087, 1, 0
2071098, 2, 1
2071109, 3, 0
2071233, 0, 1
2071237, 1, 1
2071248, 2, 0
2071259, 3, 1
2071383, 0, 0
2071387, 1, 0
2071398, 2, 0
2071409, 3, 1
2071533, 0, 1
2071537, 1, 1
2071548, 2, 1
2071559, 3, 0
2071683, 0, 1
2071687, 1, 0
2071698, 2, 1
2071709, 3, 1
2071833, 0, 0
2071837, 1, 1
2071848, 2, 0
2071859, 3, 0
2071983, 0, 1
2071987, 1, 0
2071998, 2, 1
2072009, 3, bit 0
2072009, 3, 1
2072133, 0, 0
2072137, 1, 1
2072148, 2, 0
2072159, 3, 0
2072283, 0, 0
2072287, 1, 0
2072298, 2, 0
2072309, 3, 0
2072433, 0, 1
2072437, 1, 1
2072448, 2, 1
2072459, 3, 1
2072583, 0, bit 0
2072583, 0, 0
2072587, 1, bit 1
2072587, 1, 1
2072598, 2, 1
2072609, 3, 0
2072733, 0, 1
2072737, 1, 0
2072748, 2, 0
2072759, 3, 1
2072883, 0, 1
2072887, 1, 1
2072898, 2, bit 0
2072898, 2, 1
2072909, 3, 0
2073033, 0, 0
2073037, 1, 0
2073048, 2, 0
2073059, 3, 1
2073183, 0, 0
2073187, 1, 0
2073198, 2, 1
2073209, 3, 0
2073333, 0, 1
2073337, 1, 1
2073348, 2, 0
2073359, 3, 1
2073483, 0, 0
2073487, 1, 0
2073498, 2, 0
2073509, 3, 1
2073633, 0, 1
2073637, 1, 1
2073648, 2, 1
2073659, 3, 0
2073783, 0, 1
2073787, 1, 0
2073798, 2, 1
2073809, 3, 1
2073933, 0, 0
2073937, 1, 1
2073948, 2, 0
2073959, 3, 0
2074083, 0, 1
2074087, 1, 0
2074098, 2, 1
2074109, 3, bit 1
2074109, 3, 0
2074233, 0, 0
2074237, 1, 1
2074248, 2, 0
2074259, 3, 1
2074383, 0, 0
2074387, 1, 0
2074398, 2, 0
2074409, 3, 1
2074533, 0, 1
2074537, 1, 1
2074548, 2, 1
2074559, 3, 0
2074683, 0, bit 1
2074683, 0, 1
2074687, 1, bit 0
2074687, 1, 0
2074698, 2, 1
2074710, 3, 1
2074833, 0, 0
2074838, 1, 1
2074848, 2, 0
2074860, 3, 0
2074983, 0, 0
2074988, 1, 0
2074998, 2, bit 1
2074998, 2, 0
2075010, 3, 1
2075133, 0, 1
2075138, 1, 1
2075148, 2, 1
2075160, 3, 0
2075283, 0, 1
2075288, 1, 1
2075298, 2, 0
2075310, 3, 1
2075433, 0, 0
2075438, 1, 0
2075448, 2, 1
2075460, 3, 0
2075583, 0, 1
2075588, 1, 1
2075598, 2, 1
2075610, 3, 0
2075734, 0, 0
2075738, 1, 0
2075748, 2, 0
2075760, 3, 1
2075884, 0, 0
2075888, 1, 1
2075898, 2, 0
2075910, 3, 0
2076034, 0, 1
2076038, 1, 0
2076048, 2, 1
2076060, 3, 1
2076184, 0, 0
2076188, 1, 1
2076198, 2, 0
2076210, 3, bit 0
2076210, 3, 1
2076334, 0, 1
2076338, 1, 0
2076348, 2, 1
2076360, 3, 0
2076484, 0, 1
2076488, 1, 1
2076498, 2, 1
2076510, 3, 0
2076634, 0, 0
2076638, 1, 0
2076648, 2, 0
2076660, 3, 1
2076784, 0, bit 1
2076784, 0, 1
2076788, 1, bit 0
2076788, 1, 0
2076798, 2, 0
2076810, 3, 0
2076934, 0, 0
2076938, 1, 1
2076948, 2, 1
2076960, 3, 1
2077084, 0, 0
2077088, 1, 0
2077099, 2, bit 0
2077099, 2, 1
2077110, 3, 0
2077234, 0, 1
2077238, 1, 1
2077249, 2, 0
2077260, 3, 1
2077384, 0, 1
2077388, 1, 1
2077399, 2, 1
2077410, 3, 0
2077534, 0, 0
2077538, 1, 0
2077549, 2, 0
2077560, 3, 1
2077684, 0, 1
2077688, 1, 1
2077699, 2, 0
2077710, 3, 1
2077834, 0, 0
2077838, 1, 0
2077849, 2, 1
2077860, 3, 0
2077984, 0, 0
2077988, 1, 1
2077999, 2, 1
2078010, 3, 1
2078134, 0, 1
2078138, 1, 0
2078149, 2, 0
2078160, 3, 0
2078284, 0, 0
2078288, 1, 1
2078299, 2, 1
2078310, 3, bit 0
2078310, 3, 1
2078434, 0, 1
2078438, 1, 0
2078449, 2, 0
2078460, 3, 0
2078584, 0, 1
2078588, 1, 1
2078599, 2, 0
2078610, 3, 0
2078734, 0, 0
2078738, 1, 0
2078749, 2, 1
2078760, 3, 1
2078884, 0, bit 1
2078884, 0, 1
2078888, 1, bit 1
2078888, 1, 1
2078899, 2, 1
2078910, 3, 0
2079034, 0, 0
2079038, 1, 0
2079049, 2, 0
2079060, 3, 1
2079184, 0, 0
2079188, 1, 1
2079199, 2, bit 0
2079199, 2, 1
2079210, 3, 0
2079334, 0, 1
2079338, 1, 0
2079349, 2, 0
2079360, 3, 1
2079484, 0, 1
2079488, 1, 0
2079499, 2, 1
2079510, 3, 0
2079634, 0, 0
2079638, 1, 1
2079649, 2, 0
2079660, 3, 1
2079784, 0, 1
2079788, 1, 0
2079799, 2, 0
2079810, 3, 1
2079934, 0, 0
2079938, 1, 1
2079949, 2, 1
2079960, 3, 0
2080084, 0, 0
2080088, 1, 0
2080099, 2, 1
2080110, 3, 1
2080234, 0, 1
2080238, 1, 1
2080249, 2, 0
2080260, 3, 0
2080384, 0, 0
2080388, 1, 0
2080399, 2, 1
2080410, 3, bit 0
2080410, 3, 1
2080534, 0, 1
2080538, 1, 1
2080549, 2, 0
2080560, 3, 0
2080684, 0, 1
2080688, 1, 0
2080699, 2, 0
2080710, 3, 0
2080834, 0, 0
2080838, 1, 1
2080849, 2, 1
2080860, 3, 1
2080984, 0, bit 1
2080984, 0, 1
2080988, 1, bit 1
2080988, 1, 1
2080999, 2, 1
2081010, 3, 0
2081134, 0, 0
2081138, 1, 0
2081149, 2, 0
2081160, 3, 1
2081284, 0, 0
2081288, 1, 1
2081299, 2, bit 0
2081299, 2, 1
2081310, 3, 0
2081434, 0, 1
2081438, 1, 0
2081449, 2, 0
2081460, 3, 1
2081584, 0, 1
2081588, 1, 0
2081599, 2, 1
2081610, 3, 0
2081734, 0, 0
2081738, 1, 1
2081750, 2, 0
2081760, 3, 1
2081884, 0, 1
2081888, 1, 0
2081900, 2, 0
2081910, 3, 1
2082034, 0, 0
2082038, 1, 1
2082050, 2, 1
2082060, 3, 0
2082184, 0, 0
2082188, 1, 0
2082200, 2, 1
2082210, 3, 1
2082334, 0, 1
2082338, 1, 1
2082350, 2, 0
2082360, 3, 0
2082484, 0, 0
2082488, 1, 0
2082500, 2, 1
2082510, 3, bit 0
2082510, 3, 1
2082634, 0, 1
2082638, 1, 1
2082650, 2, 0
2082660, 3, 0
2082784, 0, 1
2082788, 1, 0
2082800, 2, 0
2082810, 3, 0
2082934, 0, 0
2082938, 1, 1
2082950, 2, 1
2082960, 3, 1
2083084, 0, bit 1
2083084, 0, 1
2083088, 1, bit 0
2083088, 1, 0
2083100, 2, 1
2083110, 3, 0
2083234, 0, 0
2083238, 1, 1
2083250, 2, 0
2083260, 3, 1
2083384, 0, 0
2083388, 1, 0
2083400, 2, bit 0
2083400, 2, 1
2083410, 3, 0
2083534, 0, 1
2083538, 1, 1
2083550, 2, 0
2083560, 3, 1
2083684, 0, 1
2083688, 1, 1
2083700, 2, 1
2083710, 3, 0
2083834, 0, 0
2083838, 1, 0
2083850, 2, 0
2083860, 3, 1
2083984, 0, 1
2083988, 1, 1
2084000, 2, 0
2084011, 3, 1
2084134, 0, 0
2084139, 1, 0
2084150, 2, 1
2084161, 3, 0
2084284, 0, 0
2084289, 1, 1
2084300, 2, 1
2084311, 3, 1
2084434, 0, 1
2084439, 1, 0
2084450, 2, 0
2084461, 3, 0
2084584, 0, 0
2084589, 1, 1
2084600, 2, 1
2084611, 3, bit 0
2084611, 3, 1
2084734, 0, 1
2084739, 1, 0
2084750, 2, 0
2084761, 3, 0
2084884, 0, 1
2084889, 1, 1
2084900, 2, 0
2084911, 3, 0
2085035, 0, 0
2085039, 1, 0
2085050, 2, 1
2085061, 3, 1
2085185, 0, bit 1
2085185, 0, 1
2085189, 1, bit 1
2085189, 1, 1
2085200, 2, 1
2085211, 3, 0
2085335, 0, 0
2085339, 1, 0
2085350, 2, 0
2085361, 3, 1
2085485, 0, 0
2085489, 1, 1
2085500, 2, bit 1
2085500, 2, 0
2085511, 3, 0
2085635, 0, 1
2085639, 1, 0
2085650, 2, 1
2085661, 3, 1
2085785, 0, 1
2085789, 1, 0
2085800, 2, 0
2085811, 3, 0
2085935, 0, 0
2085939, 1, 1
2085950, 2, 1
2085961, 3, 1
2086085, 0, 1
2086089, 1, 0
2086100, 2, 1
2086111, 3, 1
2086235, 0, 0
2086239, 1, 1
2086250, 2, 0
2086261, 3, 0
2086385, 0, 0
2086389, 1, 0
2086400, 2, 0
2086411, 3, 1
2086535, 0, 1
2086539, 1, 1
2086550, 2, 1
2086561, 3, 0
2086685, 0, 0
2086689, 1, 0
2086700, 2, 0
2086711, 3, bit 1
2086711, 3, 0
2086835, 0, 1
2086839, 1, 1
2086850, 2, 1
2086861, 3, 1
2086985, 0, 1
2086989, 1, 0
2087000, 2, 1
2087011, 3, 1
2087135, 0, 0
2087139, 1, 1
2087150, 2, 0
2087161, 3, 0
2087285, 0, bit 1
2087285, 0, 1
2087289, 1, bit 0
2087289, 1, 0
2087300, 2, 0
2087311, 3, 1
2087435, 0, 0
2087439, 1, 1
2087450, 2, 1
2087461, 3, 0
2087585, 0, 0
2087589, 1, 0
2087600, 2, bit 0
2087603, 2, 1
2087611, 3, 1
2087735, 0, 1
2087739, 1, 1
2087750, 2, 0
2087761, 3, 0
2087885, 0, 1
2087889, 1, 1
2087900, 2, 1
2087911, 3, 1
2088035, 0, 0
2088039, 1, 0
2088050, 2, 0
2088061, 3, 0
2088185, 0, 1
2088189, 1, 1
2088200, 2, 0
2088211, 3, 0
2088335, 0, 0
2088339, 1, 0
2088350, 2, 1
2088361, 3, 1
2088485, 0, 0
2088489, 1, 1
2088500, 2, 1
2088511, 3, 0
2088635, 0, 1
2088639, 1, 0
2088650, 2, 0
2088662, 3, 1
2088785, 0, 0
2088790, 1, 1
2088800, 2, 1
2088812, 3, bit 0
2088815, 3, 1
2088935, 0, 1
2088940, 1, 0
2088950, 2, 0
2088962, 3, 0
2089085, 0, 1
2089090, 1, 1
2089100, 2, 0
2089112, 3, 0
2089235, 0, 0
2089240, 1, 0
2089250, 2, 1
2089262, 3, 1
2089385, 0, bit 0
2089385, 0, 0
2089390, 1, bit 1
2089390, 1, 1
2089400, 2, 1
2089412, 3, 0
2089535, 0, 1
2089540, 1, 0
2089550, 2, 0
2089562, 3, 1
2089686, 0, 1
2089690, 1, 1
2089700, 2, bit 0
2089700, 2, 1
2089712, 3, 0
2089836, 0, 0
2089840, 1, 0
2089850, 2, 0
2089862, 3, 1
2089986, 0, 0
2089990, 1, 0
2090000, 2, 1
2090012, 3, 0
2090136, 0, 1
2090140, 1, 1
2090150, 2, 0
2090162, 3, 1
2090286, 0, 0
2090290, 1, 0
2090300, 2, 0
2090312, 3, 1
2090436, 0, 1
2090440, 1, 1
2090450, 2, 1
2090462, 3, 0
2090586, 0, 1
2090590, 1, 0
2090600, 2, 1
2090612, 3, 1
2090736, 0, 0
2090740, 1, 1
2090750, 2, 0
2090762, 3, 0
2090886, 0, 1
2090890, 1, 0
2090900, 2, 1
2090912, 3, bit 1
2090912, 3, 0
2091036, 0, 0
2091040, 1, 1
2091051, 2, 0
2091062, 3, 1
2091186, 0, 0
2091190, 1, 0
2091201, 2, 0
2091212, 3, 1
2091336, 0, 1
2091340, 1, 1
2091351, 2, 1
2091362, 3, 0
2091486, 0, bit 0
2091486, 0, 0
2091490, 1, bit 0
2091490, 1, 0
2091501, 2, 1
2091512, 3, 1
2091636, 0, 1
2091640, 1, 1
2091651, 2, 0
2091662, 3, 0
2091786, 0, 1
2091790, 1, 0
2091801, 2, bit 1
2091801, 2, 0
2091812, 3, 1
2091936, 0, 0
2091940, 1, 1
2091951, 2, 1
2091962, 3, 0
2092086, 0, 0
2092090, 1, 1
2092101, 2, 0
2092112, 3, 1
2092236, 0, 1
2092240, 1, 0
2092251, 2, 1
2092262, 3, 0
2092386, 0, 0
2092390, 1, 1
2092401, 2, 1
2092412, 3, 0
2092536, 0, 1
2092540, 1, 0
2092551, 2, 0
2092562, 3, 1
2092686, 0, 1
2092690, 1, 1
2092701, 2, 0
2092712, 3, 0
2092836, 0, 0
2092840, 1, 0
2092851, 2, 1
2092862, 3, 1
2092986, 0, 1
2092990, 1, 1
2093001, 2, 0
2093012, 3, bit 1
2093012, 3, 0
2093136, 0, 0
2093140, 1, 0
2093151, 2, 1
2093162, 3, 1
2093286, 0, 0
2093290, 1, 1
2093301, 2, 1
2093312, 3, 1
2093436, 0, 1
2093440, 1, 0
2093451, 2, 0
2093462, 3, 0
2093586, 0, bit 0
2093589, 0, 0
2093590, 1, bit 0
2093590, 1, 0
2093601, 2, 0
2093612, 3, 1
2093736, 0, 1
2093740, 1, 1
2093751, 2, 1
2093762, 3, 0
2093886, 0, 1
2093890, 1, 0
2093901, 2, bit 1
2093901, 2, 0
2093912, 3, 1
2094036, 0, 0
2094040, 1, 1
2094051, 2, 1
2094062, 3, 0
2094186, 0, 0
2094190, 1, 1
2094201, 2, 0
2094212, 3, 1
2094336, 0, 1
2094340, 1, 0
2094351, 2, 1
2094362, 3, 0
2094486, 0, 0
2094490, 1, 1
2094501, 2, 1
2094512, 3, 0
2094636, 0, 1
2094640, 1, 0
2094651, 2, 0
2094662, 3, 1
2094786, 0, 1
2094790, 1, 1
2094801, 2, 0
2094812, 3, 0
2094936, 0, 0
2094940, 1, 0
2094951, 2, 1
2094962, 3, 1
2095086, 0, 1
2095090, 1, 1
2095101, 2, 0
2095112, 3, bit 0
2095112, 3, 1
2095236, 0, 0
2095240, 1, 0
2095251, 2, 1
2095262, 3, 0
2095386, 0, 0
2095390, 1, 1
2095401, 2, 1
2095412, 3, 0
2095536, 0, 1
2095540, 1, 0
2095551, 2, 0
2095562, 3, 1
2095686, 0, bit 0
2095686, 0, 0
2095690, 1, bit 0
2095690, 1, 0
2095702, 2, 0
2095712, 3, 0
2095836, 0, 1
2095840, 1, 1
2095852, 2, 1
2095862, 3, 1
2095986, 0, 1
2095990, 1, 0
2096002, 2, bit 0
2096002, 2, 1
2096012, 3, 0
2096136, 0, 0
2096140, 1, 1
2096152, 2, 0
2096162, 3, 1
2096286, 0, 0
2096290, 1, 1
2096302, 2, 1
2096312, 3, 0
2096436, 0, 1
2096440, 1, 0
2096452, 2, 0
2096462, 3, 1
2096586, 0, 0
2096590, 1, 1
2096602, 2, 0
2096612, 3, 1
2096736, 0, 1
2096740, 1, 0
2096752, 2, 1
2096762, 3, 0
2096886, 0, 1
2096890, 1, 1
2096902, 2, 1
2096912, 3, 1
2097036, 0, 0
2097040, 1, 0
2097052, 2, 0
2097062, 3, 0
2097186, 0, 1
2097190, 1, 1
2097202, 2, 1
2097212, 3, bit 1
2097212, 3, 0
2097336, 0, 0
2097340, 1, 0
2097352, 2, 0
2097362, 3, 1
2097486, 0, 0
2097490, 1, 1
2097502, 2, 0
2097512, 3, 1
2097636, 0, 1
2097640, 1, 0
2097652, 2, 1
2097662, 3, 0
2097786, 0, bit 0
2097786, 0, 0
2097790, 1, bit 0
2097790, 1, 0
2097802, 2, 1
2097812, 3, 1
2097936, 0, 1
2097940, 1, 1
2097952, 2, 0
2097963, 3, 0
2098086, 0, 1
2098091, 1, 0
2098102, 2, bit 1
2098102, 2, 0
2098113, 3, 1
2098236, 0, 0
2098241, 1, 1
2098252, 2, 1
2098263, 3, 0
2098386, 0, 0
2098391, 1, 1
2098402, 2, 0
2098413, 3, 1
2098536, 0, 1
2098541, 1, 0
2098552, 2, 1
2098563, 3, 0
2098686, 0, 0
2098691, 1, 1
2098702, 2, 1
2098713, 3, 0
2098836, 0, 1
2098841, 1, 0
2098852, 2, 0
2098863, 3, 1
2098987, 0, 1
2098991, 1, 1
2099002, 2, 0
2099013, 3, 0
2099137, 0, 0
2099141, 1, 0
2099152, 2, 1
2099163, 3, 1
2099287, 0, 1
2099291, 1, 1
2099302, 2, 0
2099313, 3, bit 0
2099313, 3, 1
2099437, 0, 0
2099441, 1, 0
2099452, 2, 1
2099463, 3, 0
2099587, 0, 0
2099591, 1, 1
2099602, 2, 1
2099613, 3, 0
2099737, 0, 1
2099741, 1, 0
2099752, 2, 0
2099763, 3, 1
2099887, 0, bit 1
2099887, 0, 1
2099891, 1, bit 0
2099891, 1, 0
2099902, 2, 0
2099913, 3, 0
2100037, 0, 0
2100041, 1, 1
2100052, 2, 1
2100063, 3, 1
2100187, 0, 0
2100191, 1, 0
2100202, 2, bit 1
2100202, 2, 0
2100213, 3, 0
2100337, 0, 1
2100341, 1, 1
2100352, 2, 1
2100363, 3, 1
2100487, 0, 1
2100491, 1, 1
2100502, 2, 0
2100513, 3, 0
2100637, 0, 0
2100641, 1, 0
2100652, 2, 1
2100663, 3, 1
2100787, 0, 1
2100791, 1, 1
2100802, 2, 1
2100813, 3, 1
2100937, 0, 0
2100941, 1, 0
2100952, 2, 0
2100963, 3, 0
2101087, 0, 0
2101091, 1, 1
2101102, 2, 0
2101113, 3, 1
2101237, 0, 1
2101241, 1, 0
2101252, 2, 1
2101263, 3, 0
2101387, 0, 0
2101391, 1, 1
2101402, 2, 0
2101413, 3, bit 0
2101413, 3, 1
2101537, 0, 1
2101541, 1, 0
2101552, 2, 1
2101563, 3, 0
2101687, 0, 1
2101691, 1, 1
2101702, 2, 1
2101713, 3, 0
2101837, 0, 0
2101841, 1, 0
2101852, 2, 0
2101863, 3, 1
2101987, 0, bit 0
2101987, 0, 0
2101991, 1, bit 1
2101991, 1, 1
2102002, 2, 0
2102013, 3, 0
2102137, 0, 1
2102141, 1, 0
2102152, 2, 1
2102163, 3, 1
2102287, 0, 1
2102291, 1, 1
2102302, 2, bit 1
2102302, 2, 0
2102313, 3, 0
2102437, 0, 0
2102441, 1, 0
2102452, 2, 1
2102463, 3, 1
2102587, 0, 0
2102591, 1, 0
2102602, 2, 0
2102614, 3, 0
2102737, 0, 1
2102742, 1, 1
2102752, 2, 1
2102764, 3, 1
2102887, 0, 0
2102892, 1, 0
2102902, 2, 1
2102914, 3, 1
2103037, 0, 1
2103042, 1, 1
2103052, 2, 0
2103064, 3, 0
2103187, 0, 1
2103192, 1, 0
2103202, 2, 0
2103214, 3, 1
2103337, 0, 0
2103342, 1, 1
2103352, 2, 1
2103364, 3, 0
2103487, 0, 1
2103492, 1, 0
2103502, 2, 0
2103514, 3, bit 0
2103514, 3, 1
2103638, 0, 0
2103642, 1, 1
2103652, 2, 1
2103664, 3, 0
2103788, 0, 0
2103792, 1, 0
2103802, 2, 1
2103814, 3, 0
2103938, 0, 1
2103942, 1, 1
2103952, 2, 0
2103964, 3, 1
2104088, 0, bit 0
2104088, 0, 0
2104092, 1, bit 0
2104092, 1, 0
2104102, 2, 0
2104114, 3, 0
2104238, 0, 1
2104242, 1, 1
2104252, 2, 1
2104264, 3, 1
2104388, 0, 1
2104392, 1, 0
2104402, 2, bit 0
2104402, 2, 1
2104414, 3, 0
2104538, 0, 0
2104542, 1, 1
2104552, 2, 0
2104564, 3, 1
2104688, 0, 0
2104692, 1, 1
2104702, 2, 1
2104714, 3, 0
2104838, 0, 1
2104842, 1, 0
2104852, 2, 0
2104864, 3, 1
2104988, 0, 0
2104992, 1, 1
2105003, 2, 0
2105014, 3, 1
2105138, 0, 1
2105142, 1, 0
2105153, 2, 1
2105164, 3, 0
2105288, 0, 1
2105292, 1, 1
2105303, 2, 1
2105314, 3, 1
2105438, 0, 0
2105442, 1, 0
2105453, 2, 0
2105464, 3, 0
2105588, 0, 1
2105592, 1, 1
2105603, 2, 1
2105614, 3, bit 1
2105614, 3, 0
2105738, 0, 0
2105742, 1, 0
2105753, 2, 0
2105764, 3, 1
2105888, 0, 0
2105892, 1, 1
2105903, 2, 0
2105914, 3, 1
2106038, 0, 1
2106042, 1, 0
2106053, 2, 1
2106064, 3, 0
2106188, 0, bit 1
2106188, 0, 1
2106192, 1, bit 1
2106192, 1, 1
2106203, 2, 1
2106214, 3, 1
2106338, 0, 0
2106342, 1, 0
2106353, 2, 0
2106364, 3, 0
2106488, 0, 0
2106492, 1, 1
2106503, 2, bit 0
2106503, 2, 1
2106514, 3, 1
2106638, 0, 1
2106642, 1, 0
2106653, 2, 0
2106664, 3, 0
2106788, 0, 1
2106792, 1, 0
2106803, 2, 1
2106814, 3, 1
2106938, 0, 0
2106942, 1, 1
2106953, 2, 0
2106964, 3, 0
2107088, 0, 1
2107092, 1, 0
2107103, 2, 0
2107114, 3, 0
2107238, 0, 0
2107242, 1, 1
2107253, 2, 1
2107264, 3, 1
2107388, 0, 0
2107392, 1, 0
2107403, 2, 1
2107414, 3, 0
2107538, 0, 1
2107542, 1, 1
2107553, 2, 0
2107564, 3, 1
2107688, 0, 0
2107692, 1, 0
2107703, 2, 1
2107714, 3, bit 1
2107714, 3, 0
2107838, 0, 1
2107842, 1, 1
2107853, 2, 0
2107864, 3, 1
2107988, 0, 1
2107992, 1, 0
2108003, 2, 0
2108014, 3, 1
2108138, 0, 0
2108142, 1, 1
2108153, 2, 1
2108164, 3, 0
2108292, 1, bit 0
2108292, 1, 0
2108303, 2, 1
2108314, 3, 1
2108442, 1, 1
2108453, 2, 0
2108464, 3, 0
2108592, 1, 0
2108603, 2, bit 1
2108603, 2, 0
2108614, 3, 1
2108742, 1, 1
2108753, 2, 1
2108764, 3, 0
2108892, 1, 1
2108903, 2, 0
2108914, 3, 1
2109042, 1, 0
2109053, 2, 1
2109064, 3, 0
2109192, 1, 1
2109203, 2, 1
2109214, 3, 0
2109342, 1, 0
2109353, 2, 0
2109364, 3, 1
2109492, 1, 1
2109503, 2, 0
2109514, 3, 0
2109642, 1, 0
2109654, 2, 1
2109664, 3, 1
2109792, 1, 1
2109804, 2, 0
2109814, 3, bit 0
2109814, 3, 1
2109942, 1, 0
2109954, 2, 1
2109964, 3, 0
2110092, 1, 1
2110104, 2, 1
2110114, 3, 0
2110242, 1, 0
2110254, 2, 0
2110264, 3, 1
2110392, 1, bit 1
2110392, 1, 1
2110404, 2, 0
2110414, 3, 0
2110542, 1, 0
2110554, 2, 1
2110564, 3, 1
2110692, 1, 1
2110704, 2, bit 1
2110704, 2, 0
2110714, 3, 0
2110842, 1, 0
2110854, 2, 1
2110864, 3, 1
2110992, 1, 0
2111004, 2, 0
2111014, 3, 0
2111142, 1, 1
2111154, 2, 1
2111164, 3, 1
2111292, 1, 0
2111304, 2, 1
2111314, 3, 1
2111442, 1, 1
2111454, 2, 0
2111464, 3, 0
2111592, 1, 0
2111604, 2, 0
2111614, 3, 1
2111742, 1, 1
2111754, 2, 1
2111764, 3, 0
2111892, 1, 0
2111904, 2, 0
2111915, 3, bit 1
2111915, 3, 0
2112043, 1, 1
2112054, 2, 1
2112065, 3, 1
2112193, 1, 0
2112204, 2, 1
2112215, 3, 1
2112343, 1, 1
2112354, 2, 0
2112365, 3, 0
2112493, 1, bit 1
2112493, 1, 1
2112504, 2, 0
2112515, 3, 1
2112643, 1, 0
2112654, 2, 1
2112665, 3, 0
2112793, 1, 1
2112804, 2, bit 0
2112804, 2, 1
2112815, 3, 1
2112943, 1, 0
2112954, 2, 0
2112965, 3, 0
2113093, 1, 0
2113104, 2, 1
2113115, 3, 1
2113243, 1, 1
2113254, 2, 0
2113265, 3, 0
2113393, 1, 0
2113404, 2, 0
2113415, 3, 0
2113543, 1, 1
2113554, 2, 1
2113565, 3, 1
2113693, 1, 0
2113704, 2, 1
2113715, 3, 0
2113843, 1, 1
2113854, 2, 0
2113865, 3, 1
2113993, 1, 0
2114004, 2, 1
2114015, 3, bit 1
2114015, 3, 0
2114143, 1, 1
2114154, 2, 0
2114165, 3, 1
2114293, 1, 0
2114304, 2, 0
2114315, 3, 1
2114443, 1, 1
2114454, 2, 1
2114465, 3, 0
2114593, 1, bit 0
2114593, 1, 0
2114604, 2, 1
2114615, 3, 1
2114743, 1, 1
2114754, 2, 0
2114765, 3, 0
2114893, 1, 0
2114904, 2, bit 0
2114904, 2, 1
2114915, 3, 1
2115043, 1, 1
2115054, 2, 0
2115065, 3, 0
2115193, 1, 1
2115204, 2, 1
2115215, 3, 1
2115343, 1, 0
2115354, 2, 0
2115365, 3, 0
2115493, 1, 1
2115504, 2, 0
2115515, 3, 0
2115643, 1, 0
2115654, 2, 1
2115665, 3, 1
2115793, 1, 1
2115804, 2, 1
2115815, 3, 0
2115943, 1, 0
2115954, 2, 0
2115965, 3, 1
2116093, 1, 1
2116104, 2, 1
2116115, 3, bit 0
2116115, 3, 1
2116243, 1, 0
2116254, 2, 0
2116265, 3, 0
2116393, 1, 1
2116404, 2, 0
2116415, 3, 0
2116543, 1, 0
2116554, 2, 1
2116566, 3, 1
2116694, 1, bit 1
2116694, 1, 1
2116704, 2, 1
2116716, 3, 0
2116844, 1, 0
2116854, 2, 0
2116866, 3, 1
2116994, 1, 1
2117004, 2, bit 0
2117004, 2, 1
2117016, 3, 0
2117144, 1, 0
2117154, 2, 0
2117166, 3, 1
2117294, 1, 0
2117304, 2, 1
2117316, 3, 0
2117444, 1, 1
2117454, 2, 0
2117466, 3, 1
2117594, 1, 0
2117604, 2, 0
2117616, 3, 1
2117744, 1, 1
2117754, 2, 1
2117766, 3, 0
2117894, 1, 0
2117904, 2, 1
2117916, 3, 1
2118044, 1, 1
2118054, 2, 0
2118066, 3, 0
2118194, 1, 0
2118204, 2, 1
2118216, 3, bit 1
2118216, 3, 0
2118344, 1, 1
2118354, 2, 0
2118366, 3, 1
2118494, 1, 0
2118504, 2, 0
2118516, 3, 1
2118644, 1, 1
2118654, 2, 1
2118666, 3, 0
2118804, 2, 1
2118816, 3, 1
2118955, 2, 0
2118966, 3, 0
2119105, 2, bit 1
2119105, 2, 0
2119116, 3, 1
2119255, 2, 1
2119266, 3, 0
2119405, 2, 0
2119416, 3, 1
2119555, 2, 1
2119566, 3, 0
2119705, 2, 1
2119716, 3, 0
2119855, 2, 0
2119866, 3, 1
2120005, 2, 0
2120016, 3, 0
2120155, 2, 1
2120166, 3, 1
2120305, 2, 0
2120316, 3, bit 1
2120316, 3, 0
2120455, 2, 1
2120466, 3, 1
2120605, 2, 1
2120616, 3, 1
2120755, 2, 0
2120766, 3, 0
2120905, 2, 0
2120916, 3, 1
2121055, 2, 1
2121066, 3, 0
2121205, 2, bit 1
2121205, 2, 0
2121216, 3, 1
2121355, 2, 1
2121366, 3, 0
2121505, 2, 0
2121516, 3, 1
2121655, 2, 1
2121666, 3, 0
2121805, 2, 1
2121816, 3, 0
2121955, 2, 0
2121966, 3, 1
2122105, 2, 0
2122116, 3, 0
2122255, 2, 1
2122266, 3, 1
2122405, 2, 0
2122416, 3, bit 1
2122416, 3, 0
2122555, 2, 1
2122566, 3, 1
2122705, 2, 1
2122716, 3, 1
2122855, 2, 0
2122866, 3, 0
2123005, 2, 0
2123016, 3, 1
2123155, 2, 1
2123166, 3, 0
2123305, 2, bit 1
2123305, 2, 0
2123316, 3, 1
2123455, 2, 1
2123466, 3, 0
2123606, 2, 0
2123616, 3, 1
2123756, 2, 1
2123766, 3, 0
2123906, 2, 1
2123916, 3, 0
2124056, 2, 0
2124066, 3, 1
2124206, 2, 0
2124216, 3, 0
2124356, 2, 1
2124366, 3, 1
2124506, 2, 0
2124516, 3, bit 1
2124516, 3, 0
2124656, 2, 1
2124666, 3, 1
2124806, 2, 1
2124816, 3, 1
2124956, 2, 0
2124966, 3, 0
2125106, 2, 0
2125116, 3, 1
2125256, 2, 1
2125266, 3, 0
2125406, 2, bit 0
2125406, 2, 1
2125416, 3, 1
2125556, 2, 0
2125566, 3, 0
2125706, 2, 1
2125716, 3, 1
2125856, 2, 0
2125867, 3, 0
2126006, 2, 0
2126017, 3, 0
2126156, 2, 1
2126167, 3, 1
2126306, 2, 1
2126317, 3, 0
2126456, 2, 0
2126467, 3, 1
2126606, 2, 1
2126617, 3, bit 1
2126617, 3, 0
2126756, 2, 0
2126767, 3, 1
2126906, 2, 0
2126917, 3, 1
2127056, 2, 1
2127067, 3, 0
2127206, 2, 1
2127217, 3, 1
2127356, 2, 0
2127367, 3, 0
2127506, 2, bit 0
2127506, 2, 1
2127517, 3, 1
2127656, 2, 0
2127667, 3, 0
2127806, 2, 1
2127817, 3, 1
2127956, 2, 0
2127967, 3, 0
2128106, 2, 0
2128117, 3, 0
2128256, 2, 1
2128267, 3, 1
2128406, 2, 1
2128417, 3, 0
2128556, 2, 0
2128567, 3, 1
2128706, 2, 1
2128717, 3, bit 1
2128717, 3, 0
2128856, 2, 0
2128867, 3, 1
2129006, 2, 0
2129017, 3, 1
2129156, 2, 1
2129167, 3, 0
2129306, 2, 1
2129317, 3, 1
2129456, 2, 0
2129467, 3, 0
2129617, 3, 1
2129767, 3, 0
2129917, 3, 1
2130067, 3, 0
2130217, 3, 0
2130367, 3, 1
2130518, 3, 0
2130668, 3, 1
2130818, 3, bit 0
2130818, 3, 1
2130968, 3, 0
2131118, 3, 0
2131268, 3, 1
2131418, 3, 0
2131568, 3, 1
2131718, 3, 0
2131868, 3, 1
2132018, 3, 0
2132168, 3, 1
2132318, 3, 1
2132468, 3, 0
2132618, 3, 1
2132768, 3, 0
2132918, 3, bit 0
2132918, 3, 1
2133068, 3, 0
2133218, 3, 0
2133368, 3, 1
2133518, 3, 0
2133668, 3, 1
2133818, 3, 0
2133968, 3, 1
2134118, 3, 0
2134268, 3, 1
2134418, 3, 1
2134568, 3, 0
2134718, 3, 1
2134868, 3, 0
2135018, 3, bit 0
2135018, 3, 1
2135168, 3, 0
2135318, 3, 0
2135468, 3, 1
2135618, 3, 0
2135768, 3, 1
2135918, 3, 0
2136068, 3, 1
2136218, 3, 0
2136368, 3, 1
2136518, 3, 1
2136668, 3, 0
2136818, 3, 1
2136968, 3, 0
2137118, 3, bit 0
2137118, 3, 1
2137268, 3, 0
2137418, 3, 0
2137568, 3, 1
2137718, 3, 0
2137868, 3, 1
2138018, 3, 0
2138168, 3, 1
2138318, 3, 0
2138468, 3, 1
2138618, 3, 1
2138768, 3, 0
2138918, 3, 1
2139068, 3, 0
