150 100 4 7 4
(2, 20, 8, 10.00), (code 5)
(3, 90, 8, 10.00), (code 3)
(4, 160, 13, 10.00), (code 6)
(5, 230, 3, 10.00), (code 4)
START
1628431, 0, prem 1
1628431, 0, 1
1628581, 0, 1
1628731, 0, 1
1628881, 0, 1
1629031, 0, 0
1629181, 0, 0
1629331, 0, 0
1629481, 0, 0
1629631, 0, prem 0
1629631, 0, 0
1629782, 0, 0
1629932, 0, 0
1630082, 0, 0
1630232, 0, 1
1630382, 0, 1
1630532, 0, 1
1630682, 0, 1
1630832, 0, prem 1
1630832, 0, 1
1630982, 0, 1
1631132, 0, 1
1631282, 0, 1
1631432, 0, 0
1631582, 0, 0
1631732, 0, 0
1631882, 0, 0
1632032, 0, prem 1
1632032, 0, 1
1632182, 0, 1
1632332, 0, 1
1632482, 0, 1
1632632, 0, 0
1632782, 0, 0
1632932, 0, 0
1633082, 0, 0
1633232, 0, prem 0
1633232, 0, 0
1633382, 0, 0
1633532, 0, 0
1633682, 0, 0
1633832, 0, 1
1633982, 0, 1
1634132, 0, 1
1634282, 0, 1
1634432, 0, prem 0
1634432, 0, 0
1634582, 0, 0
1634732, 0, 0
1634882, 0, 0
1635032, 0, 1
1635182, 0, 1
1635332, 0, 1
1635482, 0, 1
1635632, 0, prem 1
1635632, 0, 1
1635782, 0, 1
1635932, 0, 1
1636082, 0, 1
1636232, 0, 0
1636382, 0, 0
1636532, 0, 0
1636682, 0, 0
1636832, 0, bit 1
1636832, 0, 1
1636982, 0, 0
1637132, 0, 0
1637282, 0, 1
1637432, 0, 1
1637582, 0, 0
1637732, 0, 1
1637882, 0, 0
1638032, 0, 0
1638182, 0, 1
1638332, 0, 0
1638482, 0, 1
1638632, 0, 1
1638782, 0, 0
1638932, 0, bit 1
1638932, 0, 1
1638937, 1, prem 1
1638937, 1, 1
1639083, 0, 0
1639087, 1, 1
1639233, 0, 0
1639237, 1, 1
1639383, 0, 1
1639387, 1, 1
1639533, 0, 1
1639537, 1, 0
1639683, 0, 0
1639687, 1, 0
1639833, 0, 1
1639837, 1, 0
1639983, 0, 0
1639987, 1, 0
1640133, 0, 0
1640137, 1, prem 1
1640137, 1, 1
1640283, 0, 1
1640287, 1, 1
1640433, 0, 0
1640437, 1, 1
1640583, 0, 1
1640587, 1, 1
1640733, 0, 1
1640737, 1, 0
1640883, 0, 0
1640887, 1, 0
1641033, 0, bit 0
1641033, 0, 0
1641037, 1, 0
1641183, 0, 1
1641187, 1, 0
1641333, 0, 1
1641337, 1, prem 1
1641337, 1, 1
1641483, 0, 0
1641487, 1, 1
1641633, 0, 0
1641637, 1, 1
1641783, 0, 1
1641787, 1, 1
1641933, 0, 0
1641937, 1, 0
1642083, 0, 1
1642087, 1, 0
1642233, 0, 1
1642237, 1, 0
1642383, 0, 0
1642387, 1, 0
1642533, 0, 1
1642537, 1, prem 0
1642537, 1, 0
1642683, 0, 0
1642687, 1, 0
1642833, 0, 0
1642838, 1, 0
1642983, 0, 1
1642988, 1, 0
1643133, 0, bit 0
1643133, 0, 0
1643138, 1, 1
1643283, 0, 1
1643288, 1, 1
1643433, 0, 1
1643438, 1, 1
1643583, 0, 0
1643588, 1, 1
1643734, 0, 0
1643738, 1, prem 1
1643738, 1, 1
1643884, 0, 1
1643888, 1, 1
1644034, 0, 0
1644038, 1, 1
1644184, 0, 1
1644188, 1, 1
1644334, 0, 1
1644338, 1, 0
1644484, 0, 0
1644488, 1, 0
1644634, 0, 1
1644638, 1, 0
1644784, 0, 0
1644788, 1, 0
1644934, 0, 0
1644938, 1, prem 1
1644938, 1, 1
1645084, 0, 1
1645088, 1, 1
1645234, 0, bit 0
1645234, 0, 0
1645238, 1, 1
1645384, 0, 1
1645388, 1, 1
1645534, 0, 1
1645538, 1, 0
1645684, 0, 0
1645688, 1, 0
1645834, 0, 0
1645838, 1, 0
1645984, 0, 1
1645988, 1, 0
1646134, 0, 0
1646138, 1, prem 1
1646138, 1, 1
1646284, 0, 1
1646288, 1, 1
1646434, 0, 1
1646438, 1, 1
1646584, 0, 0
1646588, 1, 1
1646734, 0, 1
1646738, 1, 0
1646884, 0, 0
1646888, 1, 0
1647034, 0, 0
1647038, 1, 0
1647184, 0, 1
1647188, 1, 0
1647334, 0, bit 0
1647334, 0, 0
1647338, 1, bit 1
1647338, 1, 1
1647484, 0, 1
1647488, 1, 0
1647634, 0, 1
1647638, 1, 1
1647784, 0, 0
1647788, 1, 0
1647934, 0, 0
1647938, 1, 1
1648084, 0, 1
1648088, 1, 0
1648234, 0, 0
1648238, 1, 0
1648384, 0, 1
1648388, 1, 1
1648534, 0, 1
1648538, 1, 1
1648684, 0, 0
1648688, 1, 0
1648834, 0, 1
1648838, 1, 1
1648984, 0, 0
1648988, 1, 0
1649134, 0, 0
1649138, 1, 1
1649284, 0, 1
1649288, 1, 0
1649434, 0, bit 0
1649434, 0, 0
1649438, 1, bit 1
1649438, 1, 1
1649584, 0, 1
1649588, 1, 0
1649734, 0, 1
1649738, 1, 1
1649884, 0, 0
1649888, 1, 0
1650034, 0, 0
1650038, 1, 1
1650184, 0, 1
1650188, 1, 0
1650189, 2, prem 0
1650189, 2, 0
1650334, 0, 0
1650338, 1, 0
1650339, 2, 0
1650484, 0, 1
1650488, 1, 1
1650489, 2, 0
1650634, 0, 1
1650638, 1, 1
1650639, 2, 0
1650784, 0, 0
1650788, 1, 0
1650789, 2, 1
1650934, 0, 1
1650938, 1, 1
1650939, 2, 1
1651084, 0, 0
1651088, 1, 0
1651089, 2, 1
1651234, 0, 0
1651238, 1, 1
1651239, 2, 1
1651384, 0, 1
1651388, 1, 0
1651389, 2, prem 0
1651389, 2, 0
1651534, 0, bit 0
1651534, 0, 0
1651538, 1, bit 1
1651538, 1, 1
1651539, 2, 0
1651684, 0, 1
1651688, 1, 0
1651689, 2, 0
1651834, 0, 1
1651838, 1, 1
1651840, 2, 0
1651984, 0, 0
1651988, 1, 0
1651990, 2, 1
1652134, 0, 0
1652139, 1, 1
1652140, 2, 1
1652284, 0, 1
1652289, 1, 0
1652290, 2, 1
1652434, 0, 0
1652439, 1, 0
1652440, 2, 1
1652584, 0, 1
1652589, 1, 1
1652590, 2, prem 1
1652590, 2, 1
1652734, 0, 1
1652739, 1, 1
1652740, 2, 1
1652884, 0, 0
1652889, 1, 0
1652890, 2, 1
1653035, 0, 1
1653039, 1, 1
1653040, 2, 1
1653185, 0, 0
1653189, 1, 0
1653190, 2, 0
1653335, 0, 0
1653339, 1, 1
1653340, 2, 0
1653485, 0, 1
1653489, 1, 0
1653490, 2, 0
1653635, 0, bit 1
1653635, 0, 1
1653639, 1, bit 1
1653639, 1, 1
1653640, 2, 0
1653785, 0, 0
1653789, 1, 0
1653790, 2, prem 0
1653790, 2, 0
1653935, 0, 0
1653939, 1, 1
1653940, 2, 0
1654085, 0, 1
1654089, 1, 0
1654090, 2, 0
1654235, 0, 1
1654239, 1, 1
1654240, 2, 0
1654385, 0, 0
1654389, 1, 0
1654390, 2, 1
1654535, 0, 1
1654539, 1, 0
1654540, 2, 1
1654685, 0, 0
1654689, 1, 1
1654690, 2, 1
1654835, 0, 0
1654839, 1, 1
1654840, 2, 1
1654985, 0, 1
1654989, 1, 0
1654990, 2, prem 0
1654990, 2, 0
1655135, 0, 0
1655139, 1, 1
1655140, 2, 0
1655285, 0, 1
1655289, 1, 0
1655290, 2, 0
1655435, 0, 1
1655439, 1, 1
1655440, 2, 0
1655585, 0, 0
1655589, 1, 0
1655590, 2, 1
1655735, 0, bit 0
1655735, 0, 0
1655739, 1, bit 0
1655739, 1, 0
1655740, 2, 1
1655885, 0, 1
1655889, 1, 1
1655890, 2, 1
1656035, 0, 1
1656039, 1, 0
1656040, 2, 1
1656185, 0, 0
1656189, 1, 1
1656190, 2, prem 1
1656190, 2, 1
1656335, 0, 0
1656339, 1, 0
1656340, 2, 1
1656485, 0, 1
1656489, 1, 1
1656491, 2, 1
1656635, 0, 0
1656639, 1, 1
1656641, 2, 1
1656785, 0, 1
1656790, 1, 0
1656791, 2, 0
1656935, 0, 1
1656940, 1, 0
1656941, 2, 0
1657085, 0, 0
1657090, 1, 1
1657091, 2, 0
1657235, 0, 1
1657240, 1, 0
1657241, 2, 0
1657385, 0, 0
1657390, 1, 1
1657391, 2, prem 0
1657391, 2, 0
1657535, 0, 0
1657540, 1, 0
1657541, 2, 0
1657686, 0, 1
1657690, 1, 1
1657691, 2, 0
1657836, 0, bit 1
1657836, 0, 1
1657840, 1, bit 0
1657840, 1, 0
1657841, 2, 0
1657986, 0, 0
1657990, 1, 1
1657991, 2, 1
1658136, 0, 0
1658140, 1, 0
1658141, 2, 1
1658286, 0, 1
1658290, 1, 1
1658291, 2, 1
1658436, 0, 1
1658440, 1, 0
1658441, 2, 1
1658586, 0, 0
1658590, 1, 1
1658591, 2, bit 1
1658591, 2, 0
1658736, 0, 1
1658740, 1, 1
1658741, 2, 1
1658886, 0, 0
1658890, 1, 0
1658891, 2, 0
1659036, 0, 0
1659040, 1, 0
1659041, 2, 1
1659186, 0, 1
1659190, 1, 1
1659191, 2, 1
1659194, 3, prem 0
1659194, 3, 0
1659336, 0, 0
1659340, 1, 0
1659341, 2, 0
1659344, 3, 0
1659486, 0, 1
1659490, 1, 1
1659491, 2, 0
1659494, 3, 0
1659636, 0, 1
1659640, 1, 0
1659641, 2, 1
1659644, 3, 0
1659786, 0, 0
1659790, 1, 1
1659791, 2, 0
1659794, 3, 1
1659936, 0, bit 0
1659936, 0, 0
1659940, 1, bit 0
1659940, 1, 0
1659941, 2, 1
1659944, 3, 1
1660086, 0, 1
1660090, 1, 1
1660091, 2, 1
1660094, 3, 1
1660236, 0, 1
1660240, 1, 0
1660241, 2, 0
1660244, 3, 1
1660386, 0, 0
1660390, 1, 1
1660391, 2, 0
1660394, 3, prem 0
1660394, 3, 0
1660536, 0, 0
1660540, 1, 0
1660541, 2, 1
1660544, 3, 0
1660686, 0, 1
1660690, 1, 1
1660691, 2, bit 0
1660691, 2, 1
1660694, 3, 0
1660836, 0, 0
1660840, 1, 1
1660844, 2, 0
1660844, 3, 0
1660986, 0, 1
1660990, 1, 0
1660994, 2, 1
1660994, 3, 1
1661136, 0, 1
1661140, 1, 0
1661144, 2, 0
1661144, 3, 1
1661286, 0, 0
1661290, 1, 1
1661294, 2, 0
1661294, 3, 1
1661436, 0, 1
1661440, 1, 0
1661444, 2, 1
1661444, 3, 1
1661586, 0, 0
1661590, 1, 1
1661594, 3, prem 0
1661594, 3, 0
1661595, 2, 1
1661736, 0, 0
1661740, 1, 0
1661744, 3, 0
1661745, 2, 0
1661886, 0, 1
1661890, 1, 1
1661894, 3, 0
1661895, 2, 1
1662036, 0, bit 0
1662036, 0, 0
1662040, 1, bit 1
1662041, 1, 1
1662044, 3, 0
1662045, 2, 0
1662186, 0, 1
1662190, 1, 0
1662194, 3, 1
1662195, 2, 0
1662336, 0, 1
1662340, 1, 1
1662344, 3, 1
1662345, 2, 1
1662486, 0, 0
1662490, 1, 0
1662494, 3, 1
1662495, 2, 1
1662636, 0, 0
1662640, 1, 1
1662644, 3, 1
1662645, 2, 0
1662786, 0, 1
1662790, 1, 0
1662794, 3, prem 0
1662794, 3, 0
1662795, 2, bit 0
1662795, 2, 1
1662936, 0, 0
1662940, 1, 0
1662944, 3, 0
1662945, 2, 0
1663086, 0, 1
1663090, 1, 1
1663094, 3, 0
1663095, 2, 1
1663236, 0, 1
1663240, 1, 1
1663244, 3, 0
1663245, 2, 0
1663386, 0, 0
1663390, 1, 0
1663394, 3, 1
1663395, 2, 0
1663536, 0, 1
1663540, 1, 1
1663544, 3, 1
1663545, 2, 1
1663686, 0, 0
1663690, 1, 0
1663694, 3, 1
1663695, 2, 1
1663836, 0, 0
1663840, 1, 1
1663844, 3, 1
1663845, 2, 0
1663986, 0, 1
1663990, 1, 0
1663994, 3, prem 1
1663994, 3, 1
1663995, 2, 1
1664136, 0, bit 0
1664136, 0, 0
1664140, 1, bit 0
1664140, 1, 0
1664144, 3, 1
1664145, 2, 0
1664286, 0, 1
1664290, 1, 1
1664294, 3, 1
1664295, 2, 0
1664436, 0, 1
1664440, 1, 0
1664444, 3, 1
1664445, 2, 1
1664586, 0, 0
1664590, 1, 1
1664594, 3, 0
1664595, 2, 1
1664736, 0, 0
1664740, 1, 0
1664744, 3, 0
1664745, 2, 0
1664886, 0, 1
1664890, 1, 1
1664894, 3, 0
1664896, 2, bit 0
1664896, 2, 1
1665036, 0, 0
1665040, 1, 1
1665044, 3, 0
1665046, 2, 0
1665186, 0, 1
1665190, 1, 0
1665195, 3, prem 0
1665195, 3, 0
1665196, 2, 1
1665336, 0, 1
1665340, 1, 0
1665345, 3, 0
1665346, 2, 0
1665486, 0, 0
1665490, 1, 1
1665495, 3, 0
1665496, 2, 0
1665636, 0, 1
1665640, 1, 0
1665645, 3, 0
1665646, 2, 1
1665786, 0, 0
1665790, 1, 1
1665795, 3, 1
1665796, 2, 1
1665936, 0, 0
1665940, 1, 0
1665945, 3, 1
1665946, 2, 0
1666086, 0, 1
1666091, 1, 1
1666095, 3, 1
1666096, 2, 1
1666236, 0, bit 0
1666236, 0, 0
1666241, 1, bit 0
1666241, 1, 0
1666245, 3, 1
1666246, 2, 0
1666386, 0, 1
1666391, 1, 1
1666395, 3, prem 1
1666395, 3, 1
1666396, 2, 0
1666536, 0, 1
1666541, 1, 0
1666545, 3, 1
1666546, 2, 1
1666686, 0, 0
1666691, 1, 1
1666695, 3, 1
1666696, 2, 1
1666836, 0, 0
1666841, 1, 0
1666845, 3, 1
1666846, 2, 0
1666987, 0, 1
1666991, 1, 1
1666995, 3, 0
1666996, 2, bit 0
1666996, 2, 1
1667137, 0, 0
1667141, 1, 1
1667145, 3, 0
1667146, 2, 0
1667287, 0, 1
1667291, 1, 0
1667295, 3, 0
1667296, 2, 1
1667437, 0, 1
1667441, 1, 0
1667445, 3, 0
1667446, 2, 0
1667587, 0, 0
1667591, 1, 1
1667595, 3, bit 1
1667595, 3, 0
1667596, 2, 0
1667737, 0, 1
1667741, 1, 0
1667745, 3, 1
1667748, 2, 1
1667887, 0, 0
1667891, 1, 1
1667895, 3, 0
1667898, 2, 1
1668037, 0, 0
1668041, 1, 0
1668045, 3, 1
1668048, 2, 0
1668187, 0, 1
1668191, 1, 1
1668195, 3, 0
1668198, 2, 1
1668337, 0, bit 0
1668337, 0, 0
1668341, 1, bit 1
1668341, 1, 1
1668345, 3, 1
1668348, 2, 0
1668487, 0, 1
1668491, 1, 0
1668495, 3, 0
1668498, 2, 0
1668637, 0, 1
1668641, 1, 1
1668645, 3, 1
1668648, 2, 1
1668787, 0, 0
1668791, 1, 0
1668795, 3, 1
1668798, 2, 1
1668937, 0, 0
1668941, 1, 1
1668945, 3, 0
1668948, 2, 0
1669087, 0, 1
1669091, 1, 0
1669095, 3, 0
1669098, 2, bit 0
1669098, 2, 1
1669237, 0, 0
1669241, 1, 0
1669245, 3, 1
1669248, 2, 0
1669387, 0, 1
1669391, 1, 1
1669395, 3, 1
1669398, 2, 1
1669537, 0, 1
1669541, 1, 1
1669545, 3, 0
1669548, 2, 0
1669687, 0, 0
1669691, 1, 0
1669695, 3, bit 0
1669695, 3, 1
1669698, 2, 0
1669837, 0, 1
1669841, 1, 1
1669846, 3, 0
1669848, 2, 1
1669987, 0, 0
1669991, 1, 0
1669996, 3, 1
1669998, 2, 1
1670137, 0, 0
1670141, 1, 1
1670146, 3, 0
1670197, 2, 0
1670287, 0, 1
1670291, 1, 0
1670296, 3, 1
1670347, 2, 1
1670437, 0, bit 0
1670437, 0, 0
1670441, 1, bit 0
1670441, 1, 0
1670446, 3, 0
1670497, 2, 0
1670587, 0, 1
1670591, 1, 1
1670596, 3, 1
1670647, 2, 0
1670737, 0, 1
1670742, 1, 0
1670746, 3, 0
1670797, 2, 1
1670887, 0, 0
1670892, 1, 1
1670896, 3, 0
1670947, 2, 1
1671037, 0, 0
1671042, 1, 0
1671046, 3, 1
1671097, 2, 0
1671187, 0, 1
1671192, 1, 1
1671196, 3, 1
1671247, 2, bit 1
1671247, 2, 0
1671337, 0, 0
1671342, 1, 1
1671346, 3, 0
1671397, 2, 1
1671487, 0, 1
1671492, 1, 0
1671496, 3, 0
1671547, 2, 0
1671638, 0, 1
1671642, 1, 0
1671646, 3, 1
1671697, 2, 1
1671788, 0, 0
1671792, 1, 1
1671796, 3, bit 0
1671796, 3, 1
1671847, 2, 1
1671938, 0, 1
1671942, 1, 0
1671946, 3, 0
1671997, 2, 0
1672088, 0, 0
1672092, 1, 1
1672096, 3, 1
1672147, 2, 0
1672238, 0, 0
1672242, 1, 0
1672246, 3, 0
1672297, 2, 1
1672388, 0, 1
1672392, 1, 1
1672396, 3, 1
1672448, 2, 0
1672538, 0, bit 1
1672541, 0, 1
1672542, 1, bit 0
1672542, 1, 0
1672546, 3, 0
1672598, 2, 1
1672688, 0, 0
1672692, 1, 1
1672696, 3, 1
1672748, 2, 1
1672838, 0, 0
1672842, 1, 0
1672846, 3, 0
1672898, 2, 0
1672988, 0, 1
1672992, 1, 1
1672996, 3, 0
1673048, 2, 0
1673138, 0, 1
1673142, 1, 0
1673146, 3, 1
1673198, 2, 1
1673288, 0, 0
1673292, 1, 1
1673296, 3, 1
1673348, 2, bit 0
1673348, 2, 1
1673438, 0, 1
1673442, 1, 1
1673446, 3, 0
1673498, 2, 0
1673588, 0, 0
1673592, 1, 0
1673596, 3, 0
1673648, 2, 1
1673738, 0, 0
1673742, 1, 0
1673746, 3, 1
1673798, 2, 0
1673888, 0, 1
1673892, 1, 1
1673896, 3, bit 1
1673896, 3, 0
1673948, 2, 0
1674038, 0, 0
1674042, 1, 0
1674046, 3, 1
1674098, 2, 1
1674188, 0, 1
1674192, 1, 1
1674196, 3, 0
1674248, 2, 1
1674338, 0, 1
1674342, 1, 0
1674346, 3, 1
1674398, 2, 0
1674488, 0, 0
1674492, 1, 1
1674496, 3, 0
1674548, 2, 1
1674638, 0, bit 1
1674638, 0, 1
1674642, 1, bit 1
1674642, 1, 1
1674646, 3, 1
1674698, 2, 0
1674788, 0, 0
1674792, 1, 0
1674796, 3, 0
1674848, 2, 0
1674938, 0, 0
1674942, 1, 1
1674946, 3, 1
1674998, 2, 1
1675088, 0, 1
1675092, 1, 0
1675096, 3, 1
1675148, 2, 1
1675238, 0, 1
1675242, 1, 1
1675246, 3, 0
1675298, 2, 0
1675388, 0, 0
1675392, 1, 0
1675396, 3, 0
1675448, 2, bit 0
1675448, 2, 1
1675538, 0, 1
1675542, 1, 0
1675546, 3, 1
1675598, 2, 0
1675688, 0, 0
1675692, 1, 1
1675696, 3, 1
1675748, 2, 1
1675838, 0, 0
1675842, 1, 1
1675846, 3, 0
1675898, 2, 0
1675988, 0, 1
1675992, 1, 0
1675996, 3, bit 0
1675999, 3, 1
1676048, 2, 0
1676138, 0, 0
1676142, 1, 1
1676146, 3, 0
1676198, 2, 1
1676288, 0, 1
1676292, 1, 0
1676296, 3, 1
1676348, 2, 1
1676438, 0, 1
1676442, 1, 1
1676446, 3, 0
1676498, 2, 0
1676588, 0, 0
1676592, 1, 0
1676596, 3, 1
1676648, 2, 1
1676738, 0, bit 1
1676738, 0, 1
1676742, 1, bit 0
1676742, 1, 0
1676746, 3, 0
1676798, 2, 0
1676888, 0, 0
1676892, 1, 1
1676896, 3, 1
1676948, 2, 0
1677038, 0, 0
1677042, 1, 0
1677046, 3, 0
1677099, 2, 1
1677188, 0, 1
1677192, 1, 1
1677196, 3, 0
1677249, 2, 1
1677338, 0, 1
1677342, 1, 0
1677346, 3, 1
1677399, 2, 0
1677488, 0, 0
1677492, 1, 1
1677496, 3, 1
1677549, 2, bit 1
1677549, 2, 0
1677638, 0, 1
1677642, 1, 1
1677646, 3, 0
1677699, 2, 1
1677788, 0, 0
1677792, 1, 0
1677796, 3, 0
1677849, 2, 0
1677938, 0, 0
1677942, 1, 0
1677946, 3, 1
1677999, 2, 1
1678088, 0, 1
1678092, 1, 1
1678096, 3, bit 0
1678096, 3, 1
1678149, 2, 1
1678238, 0, 0
1678242, 1, 0
1678246, 3, 0
1678299, 2, 0
1678388, 0, 1
1678392, 1, 1
1678396, 3, 1
1678449, 2, 0
1678538, 0, 1
1678542, 1, 0
1678546, 3, 0
1678599, 2, 1
1678688, 0, 0
1678692, 1, 1
1678696, 3, 1
1678749, 2, 0
1678838, 0, bit 1
1678838, 0, 1
1678842, 1, bit 0
1678842, 1, 0
1678846, 3, 0
1678899, 2, 1
1678988, 0, 0
1678992, 1, 1
1678996, 3, 1
1679049, 2, 1
1679138, 0, 0
1679142, 1, 0
1679147, 3, 0
1679199, 2, 0
1679288, 0, 1
1679292, 1, 1
1679297, 3, 0
1679349, 2, 0
1679438, 0, 1
1679442, 1, 0
1679447, 3, 1
1679499, 2, 1
1679588, 0, 0
1679592, 1, 1
1679597, 3, 1
1679649, 2, bit 0
1679649, 2, 1
1679738, 0, 1
1679742, 1, 1
1679747, 3, 0
1679799, 2, 0
1679888, 0, 0
1679892, 1, 0
1679897, 3, 0
1679949, 2, 1
1680038, 0, 0
1680043, 1, 0
1680047, 3, 1
1680099, 2, 0
1680188, 0, 1
1680193, 1, 1
1680197, 3, bit 1
1680197, 3, 0
1680249, 2, 0
1680338, 0, 0
1680343, 1, 0
1680347, 3, 1
1680399, 2, 1
1680488, 0, 1
1680493, 1, 1
1680497, 3, 0
1680549, 2, 1
1680638, 0, 1
1680643, 1, 0
1680647, 3, 1
1680699, 2, 0
1680788, 0, 0
1680793, 1, 1
1680797, 3, 0
1680849, 2, 1
1680939, 0, bit 1
1680939, 0, 1
1680943, 1, bit 1
1680943, 1, 1
1680947, 3, 1
1680999, 2, 0
1681089, 0, 0
1681093, 1, 0
1681097, 3, 0
1681149, 2, 0
1681239, 0, 0
1681243, 1, 1
1681247, 3, 1
1681299, 2, 1
1681389, 0, 1
1681393, 1, 0
1681397, 3, 1
1681449, 2, 1
1681539, 0, 1
1681543, 1, 1
1681547, 3, 0
1681599, 2, 0
1681689, 0, 0
1681693, 1, 0
1681697, 3, 0
1681750, 2, bit 1
1681750, 2, 0
1681839, 0, 1
1681843, 1, 0
1681847, 3, 1
1681900, 2, 1
1681989, 0, 0
1681993, 1, 1
1681997, 3, 1
1682050, 2, 0
1682139, 0, 0
1682143, 1, 1
1682147, 3, 0
1682200, 2, 1
1682289, 0, 1
1682293, 1, 0
1682297, 3, bit 1
1682297, 3, 0
1682350, 2, 1
1682439, 0, 0
1682443, 1, 1
1682447, 3, 1
1682500, 2, 0
1682589, 0, 1
1682593, 1, 0
1682597, 3, 0
1682650, 2, 0
1682739, 0, 1
1682743, 1, 1
1682747, 3, 1
1682800, 2, 1
1682889, 0, 0
1682893, 1, 0
1682897, 3, 0
1682950, 2, 0
1683039, 0, bit 1
1683039, 0, 1
1683043, 1, bit 0
1683046, 1, 0
1683047, 3, 1
1683100, 2, 1
1683189, 0, 0
1683193, 1, 1
1683197, 3, 0
1683250, 2, 1
1683339, 0, 0
1683343, 1, 0
1683347, 3, 1
1683400, 2, 0
1683489, 0, 1
1683493, 1, 1
1683497, 3, 1
1683550, 2, 0
1683639, 0, 1
1683643, 1, 0
1683647, 3, 0
1683700, 2, 1
1683789, 0, 0
1683793, 1, 1
1683798, 3, 0
1683850, 2, bit 0
1683850, 2, 1
1683939, 0, 1
1683943, 1, 1
1683948, 3, 1
1684000, 2, 0
1684089, 0, 0
1684093, 1, 0
1684098, 3, 1
1684150, 2, 1
1684239, 0, 0
1684243, 1, 0
1684248, 3, 0
1684300, 2, 0
1684389, 0, 1
1684393, 1, 1
1684398, 3, bit 1
1684398, 3, 0
1684450, 2, 0
1684539, 0, 0
1684543, 1, 0
1684548, 3, 1
1684600, 2, 1
1684689, 0, 1
1684694, 1, 1
1684698, 3, 0
1684750, 2, 1
1684839, 0, 1
1684844, 1, 0
1684848, 3, 1
1684900, 2, 0
1684989, 0, 0
1684994, 1, 1
1684998, 3, 0
1685050, 2, 1
1685139, 0, bit 0
1685139, 0, 0
1685144, 1, bit 0
1685144, 1, 0
1685148, 3, 1
1685200, 2, 0
1685289, 0, 1
1685294, 1, 1
1685298, 3, 0
1685350, 2, 0
1685439, 0, 1
1685444, 1, 0
1685448, 3, 1
1685500, 2, 1
1685590, 0, 0
1685594, 1, 1
1685598, 3, 1
1685650, 2, 1
1685740, 0, 0
1685744, 1, 0
1685748, 3, 0
1685800, 2, 0
1685890, 0, 1
1685894, 1, 1
1685898, 3, 0
1685950, 2, bit 1
1685950, 2, 0
1686040, 0, 0
1686044, 1, 1
1686048, 3, 1
1686100, 2, 1
1686190, 0, 1
1686194, 1, 0
1686198, 3, 1
1686250, 2, 0
1686340, 0, 1
1686344, 1, 0
1686348, 3, 0
1686400, 2, 1
1686490, 0, 0
1686494, 1, 1
1686498, 3, bit 1
1686498, 3, 0
1686550, 2, 1
1686640, 0, 1
1686644, 1, 0
1686648, 3, 1
1686700, 2, 0
1686790, 0, 0
1686794, 1, 1
1686798, 3, 0
1686850, 2, 0
1686940, 0, 0
1686944, 1, 0
1686948, 3, 1
1687000, 2, 1
1687090, 0, 1
1687094, 1, 1
1687098, 3, 0
1687150, 2, 0
1687240, 0, bit 1
1687240, 0, 1
1687244, 1, bit 0
1687244, 1, 0
1687248, 3, 1
1687300, 2, 1
1687390, 0, 0
1687394, 1, 1
1687398, 3, 0
1687450, 2, 1
1687540, 0, 0
1687544, 1, 0
1687548, 3, 1
1687600, 2, 0
1687690, 0, 1
1687694, 1, 1
1687698, 3, 1
1687750, 2, 0
1687840, 0, 1
1687844, 1, 0
1687848, 3, 0
1687900, 2, 1
1687990, 0, 0
1687994, 1, 1
1687998, 3, 0
1688050, 2, bit 1
1688050, 2, 0
1688140, 0, 1
1688144, 1, 1
1688148, 3, 1
1688200, 2, 1
1688290, 0, 0
1688294, 1, 0
1688298, 3, 1
1688350, 2, 0
1688440, 0, 0
1688444, 1, 0
1688448, 3, 0
1688500, 2, 1
1688590, 0, 1
1688594, 1, 1
1688598, 3, bit 0
1688598, 3, 1
1688650, 2, 1
1688740, 0, 0
1688744, 1, 0
1688748, 3, 0
1688800, 2, 0
1688890, 0, 1
1688894, 1, 1
1688898, 3, 1
1688950, 2, 0
1689040, 0, 1
1689044, 1, 0
1689048, 3, 0
1689100, 2, 1
1689190, 0, 0
1689194, 1, 1
1689198, 3, 1
1689250, 2, 0
1689340, 0, bit 1
1689340, 0, 1
1689344, 1, bit 1
1689344, 1, 1
1689348, 3, 0
1689400, 2, 1
1689490, 0, 0
1689494, 1, 0
1689498, 3, 1
1689550, 2, 1
1689640, 0, 0
1689644, 1, 1
1689648, 3, 0
1689700, 2, 0
1689790, 0, 1
1689794, 1, 0
1689798, 3, 0
1689850, 2, 0
1689940, 0, 1
1689944, 1, 1
1689948, 3, 1
1690000, 2, 1
1690090, 0, 0
1690094, 1, 0
1690098, 3, 1
1690150, 2, bit 0
1690150, 2, 1
1690240, 0, 1
1690244, 1, 0
1690248, 3, 0
1690300, 2, 0
1690390, 0, 0
1690394, 1, 1
1690398, 3, 0
1690450, 2, 1
1690540, 0, 0
1690544, 1, 1
1690548, 3, 1
1690600, 2, 0
1690690, 0, 1
1690694, 1, 0
1690698, 3, bit 0
1690698, 3, 1
1690750, 2, 0
1690840, 0, 0
1690844, 1, 1
1690848, 3, 0
1690900, 2, 1
1690990, 0, 1
1690994, 1, 0
1690998, 3, 1
1691051, 2, 1
1691140, 0, 1
1691144, 1, 1
1691148, 3, 0
1691201, 2, 0
1691290, 0, 0
1691294, 1, 0
1691298, 3, 1
1691351, 2, 1
1691440, 0, bit 0
1691440, 0, 0
1691444, 1, bit 0
1691444, 1, 0
1691448, 3, 0
1691501, 2, 0
1691590, 0, 1
1691594, 1, 1
1691598, 3, 1
1691651, 2, 0
1691740, 0, 1
1691744, 1, 0
1691748, 3, 0
1691801, 2, 1
1691890, 0, 0
1691894, 1, 1
1691898, 3, 0
1691951, 2, 1
1692040, 0, 0
1692044, 1, 0
1692048, 3, 1
1692101, 2, 0
1692190, 0, 1
1692194, 1, 1
1692198, 3, 1
1692251, 2, bit 1
1692251, 2, 0
1692340, 0, 0
1692344, 1, 1
1692348, 3, 0
1692401, 2, 1
1692490, 0, 1
1692494, 1, 0
1692498, 3, 0
1692551, 2, 0
1692640, 0, 1
1692644, 1, 0
1692648, 3, 1
1692701, 2, 1
1692790, 0, 0
1692794, 1, 1
1692798, 3, bit 0
1692798, 3, 1
1692851, 2, 1
1692940, 0, 1
1692944, 1, 0
1692948, 3, 0
1693001, 2, 0
1693090, 0, 0
1693094, 1, 1
1693099, 3, 1
1693151, 2, 0
1693240, 0, 0
1693244, 1, 0
1693249, 3, 0
1693301, 2, 1
1693390, 0, 1
1693394, 1, 1
1693399, 3, 1
1693451, 2, 0
1693540, 0, bit 1
1693540, 0, 1
1693544, 1, bit 0
1693544, 1, 0
1693549, 3, 0
1693601, 2, 1
1693690, 0, 0
1693694, 1, 1
1693699, 3, 1
1693751, 2, 1
1693840, 0, 0
1693844, 1, 0
1693849, 3, 0
1693901, 2, 0
1693990, 0, 1
1693995, 1, 1
1693999, 3, 0
1694051, 2, 0
1694140, 0, 1
1694145, 1, 0
1694149, 3, 1
1694201, 2, 1
1694290, 0, 0
1694295, 1, 1
1694299, 3, 1
1694351, 2, bit 0
1694351, 2, 1
1694440, 0, 1
1694445, 1, 1
1694449, 3, 0
1694501, 2, 0
1694590, 0, 0
1694595, 1, 0
1694599, 3, 0
1694651, 2, 1
1694740, 0, 0
1694745, 1, 0
1694749, 3, 1
1694801, 2, 0
1694891, 0, 1
1694895, 1, 1
1694899, 3, bit 0
1694899, 3, 1
1694951, 2, 0
1695041, 0, 0
1695045, 1, 0
1695049, 3, 0
1695101, 2, 1
1695191, 0, 1
1695195, 1, 1
1695199, 3, 1
1695251, 2, 1
1695341, 0, 1
1695345, 1, 0
1695349, 3, 0
1695401, 2, 0
1695491, 0, 0
1695495, 1, 1
1695499, 3, 1
1695551, 2, 1
1695641, 0, bit 0
1695641, 0, 0
1695645, 1, bit 1
1695645, 1, 1
1695649, 3, 0
1695702, 2, 0
1695791, 0, 1
1695795, 1, 0
1695799, 3, 1
1695852, 2, 0
1695941, 0, 1
1695945, 1, 1
1695949, 3, 0
1696002, 2, 1
1696091, 0, 0
1696095, 1, 0
1696099, 3, 0
1696152, 2, 1
1696241, 0, 0
1696245, 1, 1
1696249, 3, 1
1696302, 2, 0
1696391, 0, 1
1696395, 1, 0
1696399, 3, 1
1696452, 2, bit 1
1696452, 2, 0
1696541, 0, 0
1696545, 1, 0
1696549, 3, 0
1696602, 2, 1
1696691, 0, 1
1696695, 1, 1
1696699, 3, 0
1696752, 2, 0
1696841, 0, 1
1696845, 1, 1
1696849, 3, 1
1696902, 2, 1
1696991, 0, 0
1696995, 1, 0
1696999, 3, bit 0
1696999, 3, 1
1697052, 2, 1
1697141, 0, 1
1697145, 1, 1
1697149, 3, 0
1697202, 2, 0
1697291, 0, 0
1697295, 1, 0
1697299, 3, 1
1697352, 2, 0
1697441, 0, 0
1697445, 1, 1
1697449, 3, 0
1697502, 2, 1
1697591, 0, 1
1697595, 1, 0
1697599, 3, 1
1697652, 2, 0
1697741, 0, bit 0
1697741, 0, 0
1697745, 1, bit 1
1697745, 1, 1
1697750, 3, 0
1697802, 2, 1
1697891, 0, 1
1697895, 1, 0
1697900, 3, 1
1697952, 2, 1
1698041, 0, 1
1698045, 1, 1
1698050, 3, 0
1698102, 2, 0
1698191, 0, 0
1698195, 1, 0
1698200, 3, 0
1698252, 2, 0
1698341, 0, 0
1698345, 1, 1
1698350, 3, 1
1698402, 2, 1
1698491, 0, 1
1698495, 1, 0
1698500, 3, 1
1698552, 2, bit 0
1698552, 2, 1
1698641, 0, 0
1698646, 1, 0
1698650, 3, 0
1698702, 2, 0
1698791, 0, 1
1698796, 1, 1
1698800, 3, 0
1698852, 2, 1
1698941, 0, 1
1698946, 1, 1
1698950, 3, 1
1699002, 2, 0
1699091, 0, 0
1699096, 1, 0
1699100, 3, bit 1
1699100, 3, 0
1699152, 2, 0
1699241, 0, 1
1699246, 1, 1
1699250, 3, 1
1699302, 2, 1
1699391, 0, 0
1699396, 1, 0
1699400, 3, 0
1699452, 2, 1
1699542, 0, 0
1699546, 1, 1
1699550, 3, 1
1699602, 2, 0
1699692, 0, 1
1699696, 1, 0
1699700, 3, 0
1699752, 2, 1
1699842, 0, bit 1
1699842, 0, 1
1699846, 1, bit 1
1699846, 1, 1
1699850, 3, 1
1699902, 2, 0
1699992, 0, 0
1699996, 1, 0
1700000, 3, 0
1700052, 2, 0
1700142, 0, 0
1700146, 1, 1
1700150, 3, 1
1700202, 2, 1
1700292, 0, 1
1700296, 1, 0
1700300, 3, 1
1700352, 2, 1
1700442, 0, 1
1700446, 1, 1
1700450, 3, 0
1700502, 2, 0
1700592, 0, 0
1700596, 1, 0
1700600, 3, 0
1700652, 2, bit 0
1700655, 2, 1
1700742, 0, 1
1700746, 1, 0
1700750, 3, 1
1700802, 2, 0
1700892, 0, 0
1700896, 1, 1
1700900, 3, 1
1700952, 2, 1
1701042, 0, 0
1701046, 1, 1
1701050, 3, 0
1701102, 2, 0
1701192, 0, 1
1701196, 1, 0
1701200, 3, bit 0
1701200, 3, 1
1701252, 2, 0
1701342, 0, 0
1701346, 1, 1
1701350, 3, 0
1701402, 2, 1
1701492, 0, 1
1701496, 1, 0
1701500, 3, 1
1701552, 2, 1
1701642, 0, 1
1701646, 1, 1
1701650, 3, 0
1701702, 2, 0
1701792, 0, 0
1701796, 1, 0
1701800, 3, 1
1701852, 2, 1
1701942, 0, bit 0
1701942, 0, 0
1701946, 1, bit 1
1701946, 1, 1
1701950, 3, 0
1702002, 2, 0
1702092, 0, 1
1702096, 1, 0
1702100, 3, 1
1702152, 2, 0
1702242, 0, 1
1702246, 1, 1
1702250, 3, 0
1702302, 2, 1
1702392, 0, 0
1702396, 1, 0
1702400, 3, 0
1702452, 2, 1
1702542, 0, 0
1702546, 1, 1
1702550, 3, 1
1702602, 2, 0
1702692, 0, 1
1702696, 1, 0
1702700, 3, 1
1702752, 2, bit 1
1702752, 2, 0
1702842, 0, 0
1702846, 1, 0
1702850, 3, 0
1702902, 2, 1
1702992, 0, 1
1702996, 1, 1
1703000, 3, 0
1703052, 2, 0
1703142, 0, 1
1703146, 1, 1
1703150, 3, 1
1703202, 2, 1
1703292, 0, 0
1703296, 1, 0
1703300, 3, bit 0
1703300, 3, 1
1703352, 2, 1
1703442, 0, 1
1703446, 1, 1
1703450, 3, 0
1703502, 2, 0
1703592, 0, 0
1703596, 1, 0
1703600, 3, 1
1703652, 2, 0
1703742, 0, 0
1703746, 1, 1
1703750, 3, 0
1703802, 2, 1
1703892, 0, 1
1703896, 1, 0
1703900, 3, 1
1703952, 2, 0
1704042, 0, bit 0
1704042, 0, 0
1704046, 1, bit 1
1704046, 1, 1
1704050, 3, 0
1704102, 2, 1
1704192, 0, 1
1704196, 1, 0
1704200, 3, 1
1704252, 2, 1
1704342, 0, 1
1704346, 1, 1
1704350, 3, 0
1704402, 2, 0
1704492, 0, 0
1704496, 1, 0
1704500, 3, 0
1704552, 2, 0
1704642, 0, 0
1704646, 1, 1
1704650, 3, 1
1704702, 2, 1
1704792, 0, 1
1704796, 1, 0
1704800, 3, 1
1704852, 2, bit 1
1704852, 2, 0
1704942, 0, 0
1704946, 1, 0
1704950, 3, 0
1705003, 2, 1
1705092, 0, 1
1705096, 1, 1
1705100, 3, 0
1705153, 2, 0
1705242, 0, 1
1705246, 1, 1
1705250, 3, 1
1705303, 2, 1
1705392, 0, 0
1705396, 1, 0
1705400, 3, bit 1
1705400, 3, 0
1705453, 2, 1
1705542, 0, 1
1705546, 1, 1
1705550, 3, 1
1705603, 2, 0
1705692, 0, 0
1705696, 1, 0
1705700, 3, 0
1705753, 2, 0
1705842, 0, 0
1705846, 1, 1
1705850, 3, 1
1705903, 2, 1
1705992, 0, 1
1705996, 1, 0
1706000, 3, 0
1706053, 2, 0
1706142, 0, bit 0
1706142, 0, 0
1706146, 1, bit 1
1706146, 1, 1
1706150, 3, 1
1706203, 2, 1
1706292, 0, 1
1706296, 1, 0
1706300, 3, 0
1706353, 2, 1
1706442, 0, 1
1706446, 1, 1
1706450, 3, 1
1706503, 2, 0
1706592, 0, 0
1706596, 1, 0
1706600, 3, 1
1706653, 2, 0
1706742, 0, 0
1706746, 1, 1
1706750, 3, 0
1706803, 2, 1
1706892, 0, 1
1706896, 1, 0
1706900, 3, 0
1706953, 2, bit 1
1706953, 2, 0
1707042, 0, 0
1707046, 1, 0
1707051, 3, 1
1707103, 2, 1
1707192, 0, 1
1707196, 1, 1
1707201, 3, 1
1707253, 2, 0
1707342, 0, 1
1707346, 1, 1
1707351, 3, 0
1707403, 2, 1
1707492, 0, 0
1707496, 1, 0
1707501, 3, bit 1
1707501, 3, 0
1707553, 2, 1
1707642, 0, 1
1707646, 1, 1
1707651, 3, 1
1707703, 2, 0
1707792, 0, 0
1707796, 1, 0
1707801, 3, 0
1707853, 2, 0
1707942, 0, 0
1707947, 1, 1
1707951, 3, 1
1708003, 2, 1
1708092, 0, 1
1708097, 1, 0
1708101, 3, 0
1708153, 2, 0
1708242, 0, bit 1
1708242, 0, 1
1708247, 1, bit 0
1708247, 1, 0
1708251, 3, 1
1708303, 2, 1
1708392, 0, 0
1708397, 1, 1
1708401, 3, 0
1708453, 2, 1
1708542, 0, 0
1708547, 1, 0
1708551, 3, 1
1708603, 2, 0
1708692, 0, 1
1708697, 1, 1
1708701, 3, 1
1708753, 2, 0
1708843, 0, 1
1708847, 1, 0
1708851, 3, 0
1708903, 2, 1
1708993, 0, 0
1708997, 1, 1
1709001, 3, 0
1709053, 2, bit 0
1709053, 2, 1
1709143, 0, 1
1709147, 1, 1
1709151, 3, 1
1709203, 2, 0
1709293, 0, 0
1709297, 1, 0
1709301, 3, 1
1709353, 2, 1
1709443, 0, 0
1709447, 1, 0
1709451, 3, 0
1709503, 2, 0
1709593, 0, 1
1709597, 1, 1
1709601, 3, bit 1
1709601, 3, 0
1709654, 2, 0
1709743, 0, 0
1709747, 1, 0
1709751, 3, 1
1709804, 2, 1
1709893, 0, 1
1709897, 1, 1
1709901, 3, 0
1709954, 2, 1
1710043, 0, 1
1710047, 1, 0
1710051, 3, 1
1710104, 2, 0
1710193, 0, 0
1710197, 1, 1
1710201, 3, 0
1710254, 2, 1
1710343, 0, bit 0
1710343, 0, 0
1710347, 1, bit 0
1710347, 1, 0
1710351, 3, 1
1710404, 2, 0
1710493, 0, 1
1710497, 1, 1
1710501, 3, 0
1710554, 2, 0
1710643, 0, 1
1710647, 1, 0
1710651, 3, 1
1710704, 2, 1
1710793, 0, 0
1710797, 1, 1
1710801, 3, 1
1710854, 2, 1
1710943, 0, 0
1710947, 1, 0
1710951, 3, 0
1711004, 2, 0
1711093, 0, 1
1711097, 1, 1
1711101, 3, 0
1711154, 2, bit 0
1711154, 2, 1
1711243, 0, 0
1711247, 1, 1
1711251, 3, 1
1711304, 2, 0
1711393, 0, 1
1711397, 1, 0
1711401, 3, 1
1711454, 2, 1
1711543, 0, 1
1711547, 1, 0
1711551, 3, 0
1711604, 2, 0
1711693, 0, 0
1711697, 1, 1
1711702, 3, bit 1
1711702, 3, 0
1711754, 2, 0
1711843, 0, 1
1711847, 1, 0
1711852, 3, 1
1711904, 2, 1
1711993, 0, 0
1711997, 1, 1
1712002, 3, 0
1712054, 2, 1
1712143, 0, 0
1712147, 1, 0
1712152, 3, 1
1712204, 2, 0
1712293, 0, 1
1712297, 1, 1
1712302, 3, 0
1712354, 2, 1
1712443, 0, bit 0
1712443, 0, 0
1712447, 1, bit 0
1712447, 1, 0
1712452, 3, 1
1712504, 2, 0
1712593, 0, 1
1712598, 1, 1
1712602, 3, 0
1712654, 2, 0
1712743, 0, 1
1712748, 1, 0
1712752, 3, 1
1712804, 2, 1
1712893, 0, 0
1712898, 1, 1
1712902, 3, 1
1712954, 2, 1
1713043, 0, 0
1713048, 1, 0
1713052, 3, 0
1713104, 2, 0
1713193, 0, 1
1713198, 1, 1
1713202, 3, 0
1713254, 2, bit 1
1713254, 2, 0
1713343, 0, 0
1713348, 1, 1
1713352, 3, 1
1713404, 2, 1
1713494, 0, 1
1713498, 1, 0
1713502, 3, 1
1713554, 2, 0
1713644, 0, 1
1713648, 1, 0
1713652, 3, 0
1713704, 2, 1
1713794, 0, 0
1713798, 1, 1
1713802, 3, bit 1
1713802, 3, 0
1713854, 2, 1
1713944, 0, 1
1713948, 1, 0
1713952, 3, 1
1714004, 2, 0
1714094, 0, 0
1714098, 1, 1
1714102, 3, 0
1714154, 2, 0
1714244, 0, 0
1714248, 1, 0
1714252, 3, 1
1714304, 2, 1
1714394, 0, 1
1714398, 1, 1
1714402, 3, 0
1714454, 2, 0
1714544, 0, bit 0
1714544, 0, 0
1714548, 1, bit 0
1714548, 1, 0
1714552, 3, 1
1714604, 2, 1
1714694, 0, 1
1714698, 1, 1
1714702, 3, 0
1714754, 2, 1
1714844, 0, 1
1714848, 1, 0
1714852, 3, 1
1714904, 2, 0
1714994, 0, 0
1714998, 1, 1
1715002, 3, 1
1715054, 2, 0
1715144, 0, 0
1715148, 1, 0
1715152, 3, 0
1715204, 2, 1
1715294, 0, 1
1715298, 1, 1
1715302, 3, 0
1715354, 2, bit 1
1715354, 2, 0
1715444, 0, 0
1715448, 1, 1
1715452, 3, 1
1715504, 2, 1
1715594, 0, 1
1715598, 1, 0
1715602, 3, 1
1715654, 2, 0
1715744, 0, 1
1715748, 1, 0
1715752, 3, 0
1715804, 2, 1
1715894, 0, 0
1715898, 1, 1
1715902, 3, bit 0
1715905, 3, 1
1715954, 2, 1
1716044, 0, 1
1716048, 1, 0
1716052, 3, 0
1716104, 2, 0
1716194, 0, 0
1716198, 1, 1
1716202, 3, 1
1716254, 2, 0
1716344, 0, 0
1716348, 1, 0
1716352, 3, 0
1716404, 2, 1
1716494, 0, 1
1716498, 1, 1
1716502, 3, 1
1716554, 2, 0
1716644, 0, bit 1
1716644, 0, 1
1716648, 1, bit 0
1716648, 1, 0
1716652, 3, 0
1716704, 2, 1
1716794, 0, 0
1716798, 1, 1
1716802, 3, 1
1716854, 2, 1
1716944, 0, 0
1716948, 1, 0
1716952, 3, 0
1717004, 2, 0
1717094, 0, 1
1717098, 1, 1
1717102, 3, 0
1717154, 2, 0
1717244, 0, 1
1717248, 1, 0
1717252, 3, 1
1717304, 2, 1
1717394, 0, 0
1717398, 1, 1
1717402, 3, 1
1717454, 2, bit 0
1717454, 2, 1
1717544, 0, 1
1717548, 1, 1
1717552, 3, 0
1717604, 2, 0
1717694, 0, 0
1717698, 1, 0
1717702, 3, 0
1717754, 2, 1
1717844, 0, 0
1717848, 1, 0
1717852, 3, 1
1717904, 2, 0
1717994, 0, 1
1717998, 1, 1
1718002, 3, bit 0
1718002, 3, 1
1718054, 2, 0
1718144, 0, 0
1718148, 1, 0
1718152, 3, 0
1718204, 2, 1
1718294, 0, 1
1718304, 1, 1
1718305, 3, 1
1718354, 2, 1
1718444, 0, 1
1718454, 1, 0
1718455, 3, 0
1718504, 2, 0
1718594, 0, 0
1718604, 1, 1
1718605, 3, 1
1718654, 2, 1
1718744, 0, bit 1
1718744, 0, 1
1718754, 1, bit 0
1718754, 1, 0
1718755, 3, 0
1718804, 2, 0
1718894, 0, 0
1718904, 1, 1
1718905, 3, 1
1718955, 2, 0
1719044, 0, 0
1719054, 1, 0
1719055, 3, 0
1719105, 2, 1
1719194, 0, 1
1719204, 1, 1
1719205, 3, 0
1719255, 2, 1
1719344, 0, 1
1719354, 1, 0
1719355, 3, 1
1719405, 2, 0
1719494, 0, 0
1719504, 1, 1
1719505, 3, 1
1719555, 2, bit 1
1719555, 2, 0
1719644, 0, 1
1719654, 1, 1
1719655, 3, 0
1719705, 2, 1
1719794, 0, 0
1719804, 1, 0
1719805, 3, 0
1719855, 2, 0
1719944, 0, 0
1719954, 1, 0
1719955, 3, 1
1720005, 2, 1
1720094, 0, 1
1720104, 1, 1
1720105, 3, bit 1
1720105, 3, 0
1720155, 2, 1
1720244, 0, 0
1720254, 1, 0
1720255, 3, 1
1720305, 2, 0
1720394, 0, 1
1720404, 1, 1
1720406, 3, 0
1720455, 2, 0
1720544, 0, 1
1720554, 1, 0
1720556, 3, 1
1720605, 2, 1
1720694, 0, 0
1720704, 1, 1
1720706, 3, 0
1720755, 2, 0
1720844, 0, bit 1
1720844, 0, 1
1720854, 1, bit 1
1720854, 1, 1
1720856, 3, 1
1720905, 2, 1
1720994, 0, 0
1721004, 1, 0
1721006, 3, 0
1721055, 2, 1
1721144, 0, 0
1721154, 1, 1
1721156, 3, 1
1721205, 2, 0
1721294, 0, 1
1721304, 1, 0
1721306, 3, 1
1721355, 2, 0
1721444, 0, 1
1721454, 1, 1
1721456, 3, 0
1721505, 2, 1
1721594, 0, 0
1721604, 1, 0
1721606, 3, 0
1721655, 2, bit 1
1721655, 2, 0
1721744, 0, 1
1721754, 1, 0
1721756, 3, 1
1721805, 2, 1
1721894, 0, 0
1721904, 1, 1
1721906, 3, 1
1721955, 2, 0
1722044, 0, 0
1722054, 1, 1
1722056, 3, 0
1722105, 2, 1
1722194, 0, 1
1722204, 1, 0
1722206, 3, bit 0
1722206, 3, 1
1722255, 2, 1
1722344, 0, 0
1722354, 1, 1
1722356, 3, 0
1722405, 2, 0
1722494, 0, 1
1722504, 1, 0
1722506, 3, 1
1722555, 2, 0
1722644, 0, 1
1722654, 1, 1
1722656, 3, 0
1722705, 2, 1
1722795, 0, 0
1722804, 1, 0
1722806, 3, 1
1722855, 2, 0
1722945, 0, bit 1
1722945, 0, 1
1722954, 1, bit 0
1722957, 1, 0
1722958, 3, 0
1723005, 2, 1
1723095, 0, 0
1723104, 1, 1
1723107, 3, 1
1723155, 2, 1
1723245, 0, 0
1723254, 1, 0
1723257, 3, 0
1723305, 2, 0
1723395, 0, 1
1723404, 1, 1
1723407, 3, 0
1723455, 2, 0
1723545, 0, 1
1723554, 1, 0
1723557, 3, 1
1723606, 2, 1
1723695, 0, 0
1723704, 1, 1
1723707, 3, 1
1723756, 2, bit 1
1723756, 2, 0
1723845, 0, 1
1723854, 1, 1
1723857, 3, 0
1723906, 2, 1
1723995, 0, 0
1724004, 1, 0
1724007, 3, 0
1724056, 2, 0
1724145, 0, 0
1724154, 1, 0
1724157, 3, 1
1724206, 2, 1
1724295, 0, 1
1724304, 1, 1
1724307, 3, bit 0
1724307, 3, 1
1724356, 2, 1
1724445, 0, 0
1724454, 1, 0
1724457, 3, 0
1724506, 2, 0
1724595, 0, 1
1724604, 1, 1
1724607, 3, 1
1724656, 2, 0
1724745, 0, 1
1724754, 1, 0
1724758, 3, 0
1724806, 2, 1
1724895, 0, 0
1724904, 1, 1
1724908, 3, 1
1724956, 2, 0
1725045, 0, bit 0
1725045, 0, 0
1725054, 1, bit 0
1725054, 1, 0
1725058, 3, 0
1725106, 2, 1
1725195, 0, 1
1725204, 1, 1
1725208, 3, 1
1725256, 2, 1
1725345, 0, 1
1725355, 1, 0
1725358, 3, 0
1725406, 2, 0
1725495, 0, 0
1725505, 1, 1
1725508, 3, 0
1725556, 2, 0
1725645, 0, 0
1725655, 1, 0
1725658, 3, 1
1725706, 2, 1
1725795, 0, 1
1725805, 1, 1
1725808, 3, 1
1725856, 2, bit 0
1725856, 2, 1
1725945, 0, 0
1725955, 1, 1
1725958, 3, 0
1726006, 2, 0
1726095, 0, 1
1726105, 1, 0
1726108, 3, 0
1726156, 2, 1
1726245, 0, 1
1726255, 1, 0
1726258, 3, 1
1726306, 2, 0
1726395, 0, 0
1726405, 1, 1
1726408, 3, bit 1
1726408, 3, 0
1726456, 2, 0
1726545, 0, 1
1726555, 1, 0
1726558, 3, 1
1726606, 2, 1
1726695, 0, 0
1726705, 1, 1
1726708, 3, 0
1726756, 2, 1
1726845, 0, 0
1726855, 1, 0
1726858, 3, 1
1726906, 2, 0
1726995, 0, 1
1727005, 1, 1
1727008, 3, 0
1727056, 2, 1
1727145, 0, bit 1
1727145, 0, 1
1727155, 1, bit 1
1727155, 1, 1
1727158, 3, 1
1727206, 2, 0
1727295, 0, 0
1727305, 1, 0
1727308, 3, 0
1727356, 2, 0
1727446, 0, 0
1727455, 1, 1
1727458, 3, 1
1727506, 2, 1
1727596, 0, 1
1727605, 1, 0
1727608, 3, 1
1727656, 2, 1
1727746, 0, 1
1727755, 1, 1
1727758, 3, 0
1727806, 2, 0
1727896, 0, 0
1727905, 1, 0
1727908, 3, 0
1727956, 2, bit 0
1727956, 2, 1
1728046, 0, 1
1728055, 1, 0
1728058, 3, 1
1728106, 2, 0
1728196, 0, 0
1728205, 1, 1
1728208, 3, 1
1728256, 2, 1
1728346, 0, 0
1728355, 1, 1
1728358, 3, 0
1728406, 2, 0
1728496, 0, 1
1728505, 1, 0
1728508, 3, bit 1
1728508, 3, 0
1728556, 2, 0
1728646, 0, 0
1728655, 1, 1
1728658, 3, 1
1728706, 2, 1
1728796, 0, 1
1728805, 1, 0
1728808, 3, 0
1728856, 2, 1
1728946, 0, 1
1728955, 1, 1
1728958, 3, 1
1729006, 2, 0
1729096, 0, 0
1729105, 1, 0
1729108, 3, 0
1729156, 2, 1
1729246, 0, bit 1
1729246, 0, 1
1729255, 1, bit 0
1729255, 1, 0
1729258, 3, 1
1729306, 2, 0
1729396, 0, 0
1729405, 1, 1
1729408, 3, 0
1729456, 2, 0
1729546, 0, 0
1729555, 1, 0
1729558, 3, 1
1729606, 2, 1
1729696, 0, 1
1729705, 1, 1
1729708, 3, 1
1729756, 2, 1
1729846, 0, 1
1729855, 1, 0
1729858, 3, 0
1729906, 2, 0
1729996, 0, 0
1730006, 1, 1
1730008, 3, 0
1730056, 2, bit 0
1730056, 2, 1
1730146, 0, 1
1730156, 1, 1
1730158, 3, 1
1730206, 2, 0
1730296, 0, 0
1730306, 1, 0
1730308, 3, 1
1730356, 2, 1
1730446, 0, 0
1730456, 1, 0
1730458, 3, 0
1730506, 2, 0
1730596, 0, 1
1730606, 1, 1
1730608, 3, bit 0
1730608, 3, 1
1730656, 2, 0
1730746, 0, 0
1730756, 1, 0
1730758, 3, 0
1730806, 2, 1
1730896, 0, 1
1730906, 1, 1
1730908, 3, 1
1730956, 2, 1
1731046, 0, 1
1731056, 1, 0
1731058, 3, 0
1731106, 2, 0
1731196, 0, 0
1731206, 1, 1
1731208, 3, 1
1731256, 2, 1
1731346, 0, bit 0
1731346, 0, 0
1731356, 1, bit 0
1731356, 1, 0
1731358, 3, 0
1731406, 2, 0
1731496, 0, 1
1731506, 1, 1
1731508, 3, 1
1731556, 2, 0
1731646, 0, 1
1731656, 1, 0
1731658, 3, 0
1731706, 2, 1
1731796, 0, 0
1731806, 1, 1
1731808, 3, 0
1731856, 2, 1
1731946, 0, 0
1731956, 1, 0
1731958, 3, 1
1732006, 2, 0
1732096, 0, 1
1732106, 1, 1
1732108, 3, 1
1732156, 2, bit 0
1732156, 2, 1
1732246, 0, 0
1732256, 1, 1
1732258, 3, 0
1732306, 2, 0
1732396, 0, 1
1732406, 1, 0
1732408, 3, 0
1732456, 2, 1
1732546, 0, 1
1732556, 1, 0
1732558, 3, 1
1732606, 2, 0
1732696, 0, 0
1732706, 1, 1
1732708, 3, bit 0
1732708, 3, 1
1732756, 2, 0
1732846, 0, 1
1732856, 1, 0
1732858, 3, 0
1732907, 2, 1
1732996, 0, 0
1733006, 1, 1
1733008, 3, 1
1733057, 2, 1
1733146, 0, 0
1733156, 1, 0
1733158, 3, 0
1733207, 2, 0
1733296, 0, 1
1733306, 1, 1
1733308, 3, 1
1733357, 2, 1
1733446, 0, bit 1
1733446, 0, 1
1733456, 1, bit 0
1733456, 1, 0
1733458, 3, 0
1733507, 2, 0
1733596, 0, 0
1733606, 1, 1
1733608, 3, 1
1733657, 2, 0
1733746, 0, 0
1733756, 1, 0
1733758, 3, 0
1733807, 2, 1
1733896, 0, 1
1733906, 1, 1
1733908, 3, 0
1733957, 2, 1
1734046, 0, 1
1734056, 1, 0
1734059, 3, 1
1734107, 2, 0
1734196, 0, 0
1734206, 1, 1
1734209, 3, 1
1734257, 2, bit 0
1734257, 2, 1
1734346, 0, 1
1734356, 1, 1
1734359, 3, 0
1734407, 2, 0
1734496, 0, 0
1734506, 1, 0
1734509, 3, 0
1734557, 2, 1
1734646, 0, 0
1734656, 1, 0
1734659, 3, 1
1734707, 2, 0
1734796, 0, 1
1734806, 1, 1
1734809, 3, bit 1
1734809, 3, 0
1734857, 2, 0
1734946, 0, 0
1734956, 1, 0
1734959, 3, 1
1735007, 2, 1
1735096, 0, 1
1735106, 1, 1
1735109, 3, 0
1735157, 2, 1
1735246, 0, 1
1735256, 1, 0
1735259, 3, 1
1735307, 2, 0
1735396, 0, 0
1735406, 1, 1
1735409, 3, 0
1735457, 2, 1
1735546, 0, bit 1
1735546, 0, 1
1735556, 1, bit 1
1735556, 1, 1
1735559, 3, 1
1735607, 2, 0
1735696, 0, 0
1735706, 1, 0
1735709, 3, 0
1735757, 2, 0
1735846, 0, 0
1735856, 1, 1
1735859, 3, 1
1735907, 2, 1
1735996, 0, 1
1736006, 1, 0
1736009, 3, 1
1736057, 2, 1
1736146, 0, 1
1736156, 1, 1
1736159, 3, 0
1736207, 2, 0
1736296, 0, 0
1736306, 1, 0
1736309, 3, 0
1736357, 2, bit 0
1736357, 2, 1
1736446, 0, 1
1736456, 1, 0
1736459, 3, 1
1736507, 2, 0
1736596, 0, 0
1736606, 1, 1
1736609, 3, 1
1736657, 2, 1
1736747, 0, 0
1736756, 1, 1
1736759, 3, 0
1736807, 2, 0
1736897, 0, 1
1736906, 1, 0
1736909, 3, bit 1
1736909, 3, 0
1736957, 2, 0
1737047, 0, 0
1737056, 1, 1
1737059, 3, 1
1737107, 2, 1
1737197, 0, 1
1737206, 1, 0
1737209, 3, 0
1737257, 2, 1
1737347, 0, 1
1737356, 1, 1
1737359, 3, 1
1737407, 2, 0
1737497, 0, 0
1737506, 1, 0
1737509, 3, 0
1737558, 2, 1
1737647, 0, bit 1
1737647, 0, 1
1737656, 1, bit 1
1737656, 1, 1
1737659, 3, 1
1737708, 2, 0
1737797, 0, 0
1737806, 1, 0
1737809, 3, 0
1737858, 2, 0
1737947, 0, 0
1737956, 1, 1
1737959, 3, 1
1738008, 2, 1
1738097, 0, 1
1738106, 1, 0
1738109, 3, 1
1738158, 2, 1
1738247, 0, 1
1738256, 1, 1
1738259, 3, 0
1738308, 2, 0
1738397, 0, 0
1738406, 1, 0
1738409, 3, 0
1738458, 2, bit 1
1738458, 2, 0
1738547, 0, 1
1738556, 1, 0
1738559, 3, 1
1738608, 2, 1
1738697, 0, 0
1738706, 1, 1
1738710, 3, 1
1738758, 2, 0
1738847, 0, 0
1738856, 1, 1
1738860, 3, 0
1738908, 2, 1
1738997, 0, 1
1739006, 1, 0
1739010, 3, bit 0
1739010, 3, 1
1739058, 2, 1
1739147, 0, 0
1739156, 1, 1
1739160, 3, 0
1739208, 2, 0
1739297, 0, 1
1739307, 1, 0
1739310, 3, 1
1739358, 2, 0
1739447, 0, 1
1739457, 1, 1
1739460, 3, 0
1739508, 2, 1
1739597, 0, 0
1739607, 1, 0
1739610, 3, 1
1739658, 2, 0
1739747, 0, bit 1
1739747, 0, 1
1739757, 1, bit 1
1739757, 1, 1
1739760, 3, 0
1739808, 2, 1
1739897, 0, 0
1739907, 1, 0
1739910, 3, 1
1739958, 2, 1
1740047, 0, 0
1740057, 1, 1
1740060, 3, 0
1740108, 2, 0
1740197, 0, 1
1740207, 1, 0
1740210, 3, 0
1740258, 2, 0
1740347, 0, 1
1740357, 1, 1
1740360, 3, 1
1740408, 2, 1
1740497, 0, 0
1740507, 1, 0
1740510, 3, 1
1740558, 2, bit 0
1740558, 2, 1
1740647, 0, 1
1740657, 1, 0
1740660, 3, 0
1740708, 2, 0
1740797, 0, 0
1740807, 1, 1
1740810, 3, 0
1740858, 2, 1
1740947, 0, 0
1740957, 1, 1
1740960, 3, 1
1741008, 2, 0
1741097, 0, 1
1741107, 1, 0
1741110, 3, bit 0
1741110, 3, 1
1741158, 2, 0
1741247, 0, 0
1741257, 1, 1
1741260, 3, 0
1741308, 2, 1
1741398, 0, 1
1741407, 1, 0
1741410, 3, 1
1741458, 2, 1
1741548, 0, 1
1741557, 1, 1
1741560, 3, 0
1741608, 2, 0
1741698, 0, 0
1741707, 1, 0
1741710, 3, 1
1741758, 2, 1
1741848, 0, bit 1
1741848, 0, 1
1741857, 1, bit 1
1741857, 1, 1
1741860, 3, 0
1741908, 2, 0
1741998, 0, 0
1742007, 1, 0
1742010, 3, 1
1742058, 2, 0
1742148, 0, 0
1742157, 1, 1
1742160, 3, 0
1742208, 2, 1
1742298, 0, 1
1742307, 1, 0
1742310, 3, 0
1742358, 2, 1
1742448, 0, 1
1742457, 1, 1
1742460, 3, 1
1742508, 2, 0
1742598, 0, 0
1742607, 1, 0
1742610, 3, 1
1742658, 2, bit 1
1742658, 2, 0
1742748, 0, 1
1742757, 1, 0
1742760, 3, 0
1742808, 2, 1
1742898, 0, 0
1742907, 1, 1
1742910, 3, 0
1742958, 2, 0
1743048, 0, 0
1743057, 1, 1
1743060, 3, 1
1743108, 2, 1
1743198, 0, 1
1743207, 1, 0
1743210, 3, bit 0
1743210, 3, 1
1743258, 2, 1
1743348, 0, 0
1743357, 1, 1
1743360, 3, 0
1743408, 2, 0
1743498, 0, 1
1743507, 1, 0
1743510, 3, 1
1743558, 2, 0
1743648, 0, 1
1743657, 1, 1
1743660, 3, 0
1743708, 2, 1
1743798, 0, 0
1743807, 1, 0
1743810, 3, 1
1743858, 2, 0
1743948, 0, bit 0
1743948, 0, 0
1743958, 1, bit 1
1743958, 1, 1
1743960, 3, 0
1744008, 2, 1
1744098, 0, 1
1744108, 1, 0
1744110, 3, 1
1744158, 2, 1
1744248, 0, 1
1744258, 1, 1
1744260, 3, 0
1744308, 2, 0
1744398, 0, 0
1744408, 1, 0
1744410, 3, 0
1744458, 2, 0
1744548, 0, 0
1744558, 1, 1
1744560, 3, 1
1744608, 2, 1
1744698, 0, 1
1744708, 1, 0
1744710, 3, 1
1744758, 2, bit 0
1744758, 2, 1
1744848, 0, 0
1744858, 1, 0
1744860, 3, 0
1744908, 2, 0
1744998, 0, 1
1745008, 1, 1
1745010, 3, 0
1745058, 2, 1
1745148, 0, 1
1745158, 1, 1
1745160, 3, 1
1745208, 2, 0
1745298, 0, 0
1745308, 1, 0
1745311, 3, bit 0
1745312, 3, 1
1745358, 2, 0
1745448, 0, 1
1745458, 1, 1
1745461, 3, 0
1745508, 2, 1
1745598, 0, 0
1745608, 1, 0
1745611, 3, 1
1745658, 2, 1
1745748, 0, 0
1745758, 1, 1
1745761, 3, 0
1745808, 2, 0
1745898, 0, 1
1745908, 1, 0
1745911, 3, 1
1745958, 2, 1
1746048, 0, bit 1
1746048, 0, 1
1746058, 1, bit 0
1746058, 1, 0
1746061, 3, 0
1746108, 2, 0
1746198, 0, 0
1746208, 1, 1
1746211, 3, 1
1746258, 2, 0
1746348, 0, 0
1746358, 1, 0
1746361, 3, 0
1746408, 2, 1
1746498, 0, 1
1746508, 1, 1
1746511, 3, 0
1746558, 2, 1
1746648, 0, 1
1746658, 1, 0
1746661, 3, 1
1746708, 2, 0
1746798, 0, 0
1746808, 1, 1
1746811, 3, 1
1746859, 2, bit 0
1746859, 2, 1
1746948, 0, 1
1746958, 1, 1
1746961, 3, 0
1747009, 2, 0
1747098, 0, 0
1747108, 1, 0
1747111, 3, 0
1747159, 2, 1
1747248, 0, 0
1747258, 1, 0
1747261, 3, 1
1747309, 2, 0
1747398, 0, 1
1747408, 1, 1
1747411, 3, bit 1
1747411, 3, 0
1747459, 2, 0
1747548, 0, 0
1747558, 1, 0
1747561, 3, 1
1747609, 2, 1
1747698, 0, 1
1747708, 1, 1
1747712, 3, 0
1747759, 2, 1
1747848, 0, 1
1747858, 1, 0
1747862, 3, 1
1747909, 2, 0
1747998, 0, 0
1748008, 1, 1
1748012, 3, 0
1748059, 2, 1
1748148, 0, bit 0
1748148, 0, 0
1748158, 1, bit 1
1748158, 1, 1
1748162, 3, 1
1748209, 2, 0
1748298, 0, 1
1748308, 1, 0
1748312, 3, 0
1748359, 2, 0
1748448, 0, 1
1748458, 1, 1
1748462, 3, 1
1748509, 2, 1
1748598, 0, 0
1748608, 1, 0
1748612, 3, 1
1748659, 2, 1
1748748, 0, 0
1748758, 1, 1
1748762, 3, 0
1748809, 2, 0
1748898, 0, 1
1748908, 1, 0
1748912, 3, 0
1748959, 2, bit 0
1748959, 2, 1
1749048, 0, 0
1749058, 1, 0
1749062, 3, 1
1749109, 2, 0
1749198, 0, 1
1749208, 1, 1
1749212, 3, 1
1749259, 2, 1
1749348, 0, 1
1749358, 1, 1
1749362, 3, 0
1749409, 2, 0
1749498, 0, 0
1749508, 1, 0
1749512, 3, bit 0
1749512, 3, 1
1749559, 2, 0
1749648, 0, 1
1749658, 1, 1
1749662, 3, 0
1749709, 2, 1
1749798, 0, 0
1749808, 1, 0
1749812, 3, 1
1749859, 2, 1
1749948, 0, 0
1749958, 1, 1
1749962, 3, 0
1750009, 2, 0
1750098, 0, 1
1750108, 1, 0
1750112, 3, 1
1750159, 2, 1
1750248, 0, bit 0
1750248, 0, 0
1750258, 1, bit 1
1750258, 1, 1
1750262, 3, 0
1750309, 2, 0
1750398, 0, 1
1750408, 1, 0
1750412, 3, 1
1750459, 2, 0
1750548, 0, 1
1750558, 1, 1
1750562, 3, 0
1750609, 2, 1
1750699, 0, 0
1750708, 1, 0
1750712, 3, 0
1750759, 2, 1
1750849, 0, 0
1750858, 1, 1
1750862, 3, 1
1750909, 2, 0
1750999, 0, 1
1751008, 1, 0
1751012, 3, 1
1751059, 2, bit 0
1751059, 2, 1
1751149, 0, 0
1751158, 1, 0
1751162, 3, 0
1751209, 2, 0
1751299, 0, 1
1751308, 1, 1
1751312, 3, 0
1751359, 2, 1
1751449, 0, 1
1751458, 1, 1
1751462, 3, 1
1751510, 2, 0
1751599, 0, 0
1751608, 1, 0
1751612, 3, bit 0
1751612, 3, 1
1751660, 2, 0
1751749, 0, 1
1751758, 1, 1
1751762, 3, 0
1751810, 2, 1
1751899, 0, 0
1751908, 1, 0
1751912, 3, 1
1751960, 2, 1
1752049, 0, 0
1752058, 1, 1
1752062, 3, 0
1752110, 2, 0
1752199, 0, 1
1752208, 1, 0
1752212, 3, 1
1752260, 2, 1
1752349, 0, bit 0
1752349, 0, 0
1752358, 1, bit 0
1752358, 1, 0
1752363, 3, 0
1752410, 2, 0
1752499, 0, 1
1752508, 1, 1
1752513, 3, 1
1752560, 2, 0
1752649, 0, 1
1752658, 1, 0
1752663, 3, 0
1752710, 2, 1
1752799, 0, 0
1752808, 1, 1
1752813, 3, 0
1752860, 2, 1
1752949, 0, 0
1752958, 1, 0
1752963, 3, 1
1753010, 2, 0
1753099, 0, 1
1753108, 1, 1
1753113, 3, 1
1753160, 2, bit 1
1753160, 2, 0
1753249, 0, 0
1753259, 1, 1
1753263, 3, 0
1753310, 2, 1
1753399, 0, 1
1753409, 1, 0
1753413, 3, 0
1753460, 2, 0
1753549, 0, 1
1753559, 1, 0
1753563, 3, 1
1753610, 2, 1
1753699, 0, 0
1753709, 1, 1
1753713, 3, bit 1
1753713, 3, 0
1753760, 2, 1
1753849, 0, 1
1753859, 1, 0
1753863, 3, 1
1753910, 2, 0
1753999, 0, 0
1754009, 1, 1
1754013, 3, 0
1754060, 2, 0
1754149, 0, 0
1754159, 1, 0
1754163, 3, 1
1754210, 2, 1
1754299, 0, 1
1754309, 1, 1
1754313, 3, 0
1754360, 2, 0
1754449, 0, bit 1
1754449, 0, 1
1754459, 1, bit 1
1754459, 1, 1
1754463, 3, 1
1754510, 2, 1
1754599, 0, 0
1754609, 1, 0
1754613, 3, 0
1754660, 2, 1
1754749, 0, 0
1754759, 1, 1
1754763, 3, 1
1754810, 2, 0
1754899, 0, 1
1754909, 1, 0
1754913, 3, 1
1754960, 2, 0
1755049, 0, 1
1755059, 1, 1
1755063, 3, 0
1755110, 2, 1
1755199, 0, 0
1755209, 1, 0
1755213, 3, 0
1755260, 2, bit 1
1755260, 2, 0
1755350, 0, 1
1755359, 1, 0
1755363, 3, 1
1755410, 2, 1
1755500, 0, 0
1755509, 1, 1
1755513, 3, 1
1755560, 2, 0
1755650, 0, 0
1755659, 1, 1
1755663, 3, 0
1755710, 2, 1
1755800, 0, 1
1755809, 1, 0
1755813, 3, bit 0
1755813, 3, 1
1755860, 2, 1
1755950, 0, 0
1755959, 1, 1
1755963, 3, 0
1756010, 2, 0
1756100, 0, 1
1756109, 1, 0
1756113, 3, 1
1756160, 2, 0
1756250, 0, 1
1756259, 1, 1
1756263, 3, 0
1756310, 2, 1
1756400, 0, 0
1756409, 1, 0
1756413, 3, 1
1756460, 2, 0
1756550, 0, bit 0
1756550, 0, 0
1756559, 1, bit 0
1756559, 1, 0
1756563, 3, 0
1756610, 2, 1
1756700, 0, 1
1756709, 1, 1
1756713, 3, 1
1756760, 2, 1
1756850, 0, 1
1756859, 1, 0
1756863, 3, 0
1756910, 2, 0
1757000, 0, 0
1757009, 1, 1
1757014, 3, 0
1757060, 2, 0
1757150, 0, 0
1757159, 1, 0
1757164, 3, 1
1757210, 2, 1
1757300, 0, 1
1757309, 1, 1
1757314, 3, 1
1757360, 2, bit 1
1757360, 2, 0
1757450, 0, 0
1757459, 1, 1
1757464, 3, 0
1757510, 2, 1
1757600, 0, 1
1757609, 1, 0
1757614, 3, 0
1757660, 2, 0
1757750, 0, 1
1757759, 1, 0
1757764, 3, 1
1757810, 2, 1
1757900, 0, 0
1757910, 1, 1
1757914, 3, bit 0
1757914, 3, 1
1757960, 2, 1
1758050, 0, 1
1758060, 1, 0
1758064, 3, 0
1758110, 2, 0
1758200, 0, 0
1758210, 1, 1
1758214, 3, 1
1758260, 2, 0
1758350, 0, 0
1758360, 1, 0
1758364, 3, 0
1758410, 2, 1
1758500, 0, 1
1758510, 1, 1
1758514, 3, 1
1758560, 2, 0
1758650, 0, bit 1
1758650, 0, 1
1758660, 1, bit 0
1758660, 1, 0
1758664, 3, 0
1758710, 2, 1
1758800, 0, 0
1758810, 1, 1
1758814, 3, 1
1758860, 2, 1
1758950, 0, 0
1758960, 1, 0
1758964, 3, 0
1759010, 2, 0
1759100, 0, 1
1759110, 1, 1
1759114, 3, 0
1759160, 2, 0
1759250, 0, 1
1759260, 1, 0
1759264, 3, 1
1759310, 2, 1
1759400, 0, 0
1759410, 1, 1
1759414, 3, 1
1759460, 2, bit 1
1759460, 2, 0
1759550, 0, 1
1759560, 1, 1
1759564, 3, 0
1759610, 2, 1
1759700, 0, 0
1759710, 1, 0
1759714, 3, 0
1759760, 2, 0
1759850, 0, 0
1759860, 1, 0
1759864, 3, 1
1759910, 2, 1
1760000, 0, 1
1760010, 1, 1
1760014, 3, bit 0
1760014, 3, 1
1760060, 2, 1
1760150, 0, 0
1760160, 1, 0
1760164, 3, 0
1760210, 2, 0
1760300, 0, 1
1760310, 1, 1
1760314, 3, 1
1760360, 2, 0
1760450, 0, 1
1760460, 1, 0
1760464, 3, 0
1760510, 2, 1
1760600, 0, 0
1760610, 1, 1
1760614, 3, 1
1760660, 2, 0
1760750, 0, bit 1
1760750, 0, 1
1760760, 1, bit 1
1760760, 1, 1
1760764, 3, 0
1760811, 2, 1
1760900, 0, 0
1760910, 1, 0
1760914, 3, 1
1760961, 2, 1
1761050, 0, 0
1761060, 1, 1
1761064, 3, 0
1761111, 2, 0
1761200, 0, 1
1761210, 1, 0
1761214, 3, 0
1761261, 2, 0
1761350, 0, 1
1761360, 1, 1
1761364, 3, 1
1761411, 2, 1
1761500, 0, 0
1761510, 1, 0
1761514, 3, 1
1761561, 2, bit 0
1761561, 2, 1
1761650, 0, 1
1761660, 1, 0
1761664, 3, 0
1761711, 2, 0
1761800, 0, 0
1761810, 1, 1
1761814, 3, 0
1761861, 2, 1
1761950, 0, 0
1761960, 1, 1
1761964, 3, 1
1762011, 2, 0
1762100, 0, 1
1762110, 1, 0
1762114, 3, bit 1
1762114, 3, 0
1762161, 2, 0
1762250, 0, 0
1762260, 1, 1
1762264, 3, 1
1762311, 2, 1
1762400, 0, 1
1762410, 1, 0
1762414, 3, 0
1762461, 2, 1
1762550, 0, 1
1762560, 1, 1
1762564, 3, 1
1762611, 2, 0
1762700, 0, 0
1762710, 1, 0
1762714, 3, 0
1762761, 2, 1
1762850, 0, bit 1
1762850, 0, 1
1762860, 1, bit 1
1762860, 1, 1
1762864, 3, 1
1762911, 2, 0
1763000, 0, 0
1763010, 1, 0
1763014, 3, 0
1763061, 2, 0
1763150, 0, 0
1763160, 1, 1
1763164, 3, 1
1763211, 2, 1
1763300, 0, 1
1763310, 1, 0
1763314, 3, 1
1763361, 2, 1
1763450, 0, 1
1763460, 1, 1
1763464, 3, 0
1763511, 2, 0
1763600, 0, 0
1763610, 1, 0
1763614, 3, 0
1763661, 2, bit 1
1763661, 2, 0
1763750, 0, 1
1763760, 1, 0
1763764, 3, 1
1763811, 2, 1
1763900, 0, 0
1763910, 1, 1
1763914, 3, 1
1763961, 2, 0
1764050, 0, 0
1764060, 1, 1
1764064, 3, 0
1764111, 2, 1
1764200, 0, 1
1764210, 1, 0
1764214, 3, bit 0
1764214, 3, 1
1764261, 2, 1
1764350, 0, 0
1764360, 1, 1
1764364, 3, 0
1764411, 2, 0
1764500, 0, 1
1764510, 1, 0
1764514, 3, 1
1764561, 2, 0
1764651, 0, 1
1764660, 1, 1
1764664, 3, 0
1764711, 2, 1
1764801, 0, 0
1764810, 1, 0
1764814, 3, 1
1764861, 2, 0
1764951, 0, bit 0
1764951, 0, 0
1764960, 1, bit 0
1764960, 1, 0
1764964, 3, 0
1765011, 2, 1
1765101, 0, 1
1765110, 1, 1
1765114, 3, 1
1765161, 2, 1
1765251, 0, 1
1765260, 1, 0
1765264, 3, 0
1765311, 2, 0
1765401, 0, 0
1765410, 1, 1
1765414, 3, 0
1765462, 2, 0
1765551, 0, 0
1765560, 1, 0
1765564, 3, 1
1765612, 2, 1
1765701, 0, 1
1765710, 1, 1
1765714, 3, 1
1765762, 2, bit 1
1765762, 2, 0
1765851, 0, 0
1765860, 1, 1
1765864, 3, 0
1765912, 2, 1
1766001, 0, 1
1766010, 1, 0
1766014, 3, 0
1766062, 2, 0
1766151, 0, 1
1766160, 1, 0
1766164, 3, 1
1766212, 2, 1
1766301, 0, 0
1766310, 1, 1
1766315, 3, bit 1
1766315, 3, 0
1766362, 2, 1
1766451, 0, 1
1766460, 1, 0
1766465, 3, 1
1766512, 2, 0
1766601, 0, 0
1766610, 1, 1
1766615, 3, 0
1766662, 2, 0
1766751, 0, 0
1766760, 1, 0
1766765, 3, 1
1766812, 2, 1
1766901, 0, 1
1766910, 1, 1
1766915, 3, 0
1766962, 2, 0
1767051, 0, bit 0
1767051, 0, 0
1767060, 1, bit 1
1767060, 1, 1
1767065, 3, 1
1767112, 2, 1
1767201, 0, 1
1767211, 1, 0
1767215, 3, 0
1767262, 2, 1
1767351, 0, 1
1767361, 1, 1
1767365, 3, 1
1767412, 2, 0
1767501, 0, 0
1767511, 1, 0
1767515, 3, 1
1767562, 2, 0
1767651, 0, 0
1767661, 1, 1
1767665, 3, 0
1767712, 2, 1
1767801, 0, 1
1767811, 1, 0
1767815, 3, 0
1767862, 2, bit 0
1767862, 2, 1
1767951, 0, 0
1767961, 1, 0
1767965, 3, 1
1768012, 2, 0
1768101, 0, 1
1768111, 1, 1
1768115, 3, 1
1768162, 2, 1
1768251, 0, 1
1768261, 1, 1
1768265, 3, 0
1768312, 2, 0
1768401, 0, 0
1768411, 1, 0
1768415, 3, bit 0
1768415, 3, 1
1768462, 2, 0
1768551, 0, 1
1768561, 1, 1
1768565, 3, 0
1768612, 2, 1
1768701, 0, 0
1768711, 1, 0
1768715, 3, 1
1768762, 2, 1
1768851, 0, 0
1768861, 1, 1
1768865, 3, 0
1768912, 2, 0
1769001, 0, 1
1769011, 1, 0
1769015, 3, 1
1769062, 2, 1
1769151, 0, bit 0
1769151, 0, 0
1769161, 1, bit 0
1769161, 1, 0
1769165, 3, 0
1769212, 2, 0
1769302, 0, 1
1769311, 1, 1
1769315, 3, 1
1769362, 2, 0
1769452, 0, 1
1769461, 1, 0
1769465, 3, 0
1769512, 2, 1
1769602, 0, 0
1769611, 1, 1
1769615, 3, 0
1769662, 2, 1
1769752, 0, 0
1769761, 1, 0
1769765, 3, 1
1769812, 2, 0
1769902, 0, 1
1769911, 1, 1
1769915, 3, 1
1769962, 2, bit 1
1769962, 2, 0
1770052, 0, 0
1770061, 1, 1
1770065, 3, 0
1770112, 2, 1
1770202, 0, 1
1770211, 1, 0
1770215, 3, 0
1770262, 2, 0
1770352, 0, 1
1770361, 1, 0
1770365, 3, 1
1770412, 2, 1
1770502, 0, 0
1770511, 1, 1
1770515, 3, bit 1
1770515, 3, 0
1770562, 2, 1
1770652, 0, 1
1770661, 1, 0
1770665, 3, 1
1770712, 2, 0
1770802, 0, 0
1770811, 1, 1
1770815, 3, 0
1770862, 2, 0
1770952, 0, 0
1770961, 1, 0
1770966, 3, 1
1771012, 2, 1
1771102, 0, 1
1771111, 1, 1
1771116, 3, 0
1771162, 2, 0
1771252, 0, bit 0
1771252, 0, 0
1771261, 1, bit 1
1771261, 1, 1
1771266, 3, 1
1771312, 2, 1
1771402, 0, 1
1771411, 1, 0
1771416, 3, 0
1771462, 2, 1
1771552, 0, 1
1771561, 1, 1
1771566, 3, 1
1771612, 2, 0
1771702, 0, 0
1771711, 1, 0
1771716, 3, 1
1771762, 2, 0
1771852, 0, 0
1771862, 1, 1
1771866, 3, 0
1771912, 2, 1
1772002, 0, 1
1772012, 1, 0
1772016, 3, 0
1772062, 2, bit 1
1772062, 2, 0
1772152, 0, 0
1772162, 1, 0
1772166, 3, 1
1772212, 2, 1
1772302, 0, 1
1772312, 1, 1
1772316, 3, 1
1772362, 2, 0
1772452, 0, 1
1772462, 1, 1
1772466, 3, 0
1772512, 2, 1
1772602, 0, 0
1772612, 1, 0
1772616, 3, bit 0
1772616, 3, 1
1772662, 2, 1
1772752, 0, 1
1772762, 1, 1
1772766, 3, 0
1772812, 2, 0
1772902, 0, 0
1772912, 1, 0
1772916, 3, 1
1772962, 2, 0
1773052, 0, 0
1773062, 1, 1
1773066, 3, 0
1773112, 2, 1
1773202, 0, 1
1773212, 1, 0
1773216, 3, 1
1773262, 2, 0
1773352, 0, bit 0
1773352, 0, 0
1773362, 1, bit 0
1773362, 1, 0
1773366, 3, 0
1773412, 2, 1
1773502, 0, 1
1773512, 1, 1
1773516, 3, 1
1773562, 2, 1
1773652, 0, 1
1773662, 1, 0
1773666, 3, 0
1773712, 2, 0
1773802, 0, 0
1773812, 1, 1
1773816, 3, 0
1773862, 2, 0
1773952, 0, 0
1773962, 1, 0
1773966, 3, 1
1774012, 2, 1
1774102, 0, 1
1774112, 1, 1
1774116, 3, 1
1774162, 2, bit 0
1774162, 2, 1
1774252, 0, 0
1774262, 1, 1
1774266, 3, 0
1774312, 2, 0
1774402, 0, 1
1774412, 1, 0
1774416, 3, 0
1774462, 2, 1
1774552, 0, 1
1774562, 1, 0
1774566, 3, 1
1774612, 2, 0
1774702, 0, 0
1774712, 1, 1
1774716, 3, bit 1
1774716, 3, 0
1774763, 2, 0
1774852, 0, 1
1774862, 1, 0
1774866, 3, 1
1774913, 2, 1
1775002, 0, 0
1775012, 1, 1
1775016, 3, 0
1775063, 2, 1
1775152, 0, 0
1775162, 1, 0
1775166, 3, 1
1775213, 2, 0
1775302, 0, 1
1775312, 1, 1
1775316, 3, 0
1775363, 2, 1
1775452, 0, bit 1
1775452, 0, 1
1775462, 1, bit 0
1775462, 1, 0
1775466, 3, 1
1775513, 2, 0
1775602, 0, 0
1775612, 1, 1
1775616, 3, 0
1775663, 2, 0
1775752, 0, 0
1775762, 1, 0
1775766, 3, 1
1775813, 2, 1
1775902, 0, 1
1775912, 1, 1
1775916, 3, 1
1775963, 2, 1
1776052, 0, 1
1776062, 1, 0
1776066, 3, 0
1776113, 2, 0
1776202, 0, 0
1776212, 1, 1
1776216, 3, 0
1776263, 2, bit 1
1776263, 2, 0
1776352, 0, 1
1776362, 1, 1
1776366, 3, 1
1776413, 2, 1
1776502, 0, 0
1776512, 1, 0
1776516, 3, 1
1776563, 2, 0
1776652, 0, 0
1776662, 1, 0
1776666, 3, 0
1776713, 2, 1
1776802, 0, 1
1776812, 1, 1
1776816, 3, bit 0
1776816, 3, 1
1776863, 2, 1
1776952, 0, 0
1776962, 1, 0
1776966, 3, 0
1777013, 2, 0
1777102, 0, 1
1777112, 1, 1
1777116, 3, 1
1777163, 2, 0
1777252, 0, 1
1777262, 1, 0
1777266, 3, 0
1777313, 2, 1
1777402, 0, 0
1777412, 1, 1
1777416, 3, 1
1777463, 2, 0
1777552, 0, bit 1
1777552, 0, 1
1777562, 1, bit 1
1777562, 1, 1
1777566, 3, 0
1777613, 2, 1
1777702, 0, 0
1777712, 1, 0
1777716, 3, 1
1777763, 2, 1
1777852, 0, 0
1777862, 1, 1
1777866, 3, 0
1777913, 2, 0
1778002, 0, 1
1778012, 1, 0
1778016, 3, 0
1778063, 2, 0
1778152, 0, 1
1778162, 1, 1
1778166, 3, 1
1778213, 2, 1
1778302, 0, 0
1778312, 1, 0
1778316, 3, 1
1778363, 2, bit 0
1778363, 2, 1
1778452, 0, 1
1778462, 1, 0
1778466, 3, 0
1778513, 2, 0
1778603, 0, 0
1778612, 1, 1
1778616, 3, 0
1778663, 2, 1
1778753, 0, 0
1778762, 1, 1
1778766, 3, 1
1778813, 2, 0
1778903, 0, 1
1778912, 1, 0
1778916, 3, bit 1
1778916, 3, 0
1778963, 2, 0
1779053, 0, 0
1779062, 1, 1
1779066, 3, 1
1779113, 2, 1
1779203, 0, 1
1779212, 1, 0
1779216, 3, 0
1779263, 2, 1
1779353, 0, 1
1779362, 1, 1
1779366, 3, 1
1779414, 2, 0
1779503, 0, 0
1779512, 1, 0
1779516, 3, 0
1779564, 2, 1
1779653, 0, bit 1
1779653, 0, 1
1779662, 1, bit 0
1779662, 1, 0
1779666, 3, 1
1779714, 2, 0
1779803, 0, 0
1779812, 1, 1
1779816, 3, 0
1779864, 2, 0
1779953, 0, 0
1779962, 1, 0
1779966, 3, 1
1780014, 2, 1
1780103, 0, 1
1780112, 1, 1
1780116, 3, 1
1780164, 2, 1
1780253, 0, 1
1780262, 1, 0
1780267, 3, 0
1780314, 2, 0
1780403, 0, 0
1780412, 1, 1
1780417, 3, 0
1780464, 2, bit 0
1780464, 2, 1
1780553, 0, 1
1780562, 1, 1
1780567, 3, 1
1780614, 2, 0
1780703, 0, 0
1780712, 1, 0
1780717, 3, 1
1780764, 2, 1
1780853, 0, 0
1780862, 1, 0
1780867, 3, 0
1780914, 2, 0
1781003, 0, 1
1781012, 1, 1
1781017, 3, bit 0
1781017, 3, 1
1781064, 2, 0
1781153, 0, 0
1781163, 1, 0
1781167, 3, 0
1781214, 2, 1
1781303, 0, 1
1781313, 1, 1
1781317, 3, 1
1781364, 2, 1
1781453, 0, 1
1781463, 1, 0
1781467, 3, 0
1781514, 2, 0
1781603, 0, 0
1781613, 1, 1
1781617, 3, 1
1781664, 2, 1
1781753, 0, bit 0
1781756, 0, 0
1781763, 1, bit 1
1781763, 1, 1
1781767, 3, 0
1781814, 2, 0
1781903, 0, 1
1781913, 1, 0
1781917, 3, 1
1781964, 2, 0
1782053, 0, 1
1782063, 1, 1
1782067, 3, 0
1782114, 2, 1
1782203, 0, 0
1782213, 1, 0
1782217, 3, 0
1782264, 2, 1
1782353, 0, 0
1782363, 1, 1
1782367, 3, 1
1782414, 2, 0
1782503, 0, 1
1782513, 1, 0
1782517, 3, 1
1782564, 2, bit 1
1782564, 2, 0
1782653, 0, 0
1782663, 1, 0
1782667, 3, 0
1782714, 2, 1
1782803, 0, 1
1782813, 1, 1
1782817, 3, 0
1782864, 2, 0
1782953, 0, 1
1782963, 1, 1
1782967, 3, 1
1783014, 2, 1
1783103, 0, 0
1783113, 1, 0
1783117, 3, bit 0
1783117, 3, 1
1783164, 2, 1
1783254, 0, 1
1783263, 1, 1
1783267, 3, 0
1783314, 2, 0
1783404, 0, 0
1783413, 1, 0
1783417, 3, 1
1783464, 2, 0
1783554, 0, 0
1783563, 1, 1
1783567, 3, 0
1783614, 2, 1
1783704, 0, 1
1783713, 1, 0
1783717, 3, 1
1783764, 2, 0
1783854, 0, bit 1
1783854, 0, 1
1783863, 1, bit 0
1783863, 1, 0
1783867, 3, 0
1783914, 2, 1
1784004, 0, 0
1784013, 1, 1
1784017, 3, 1
1784064, 2, 1
1784154, 0, 0
1784163, 1, 0
1784167, 3, 0
1784214, 2, 0
1784304, 0, 1
1784313, 1, 1
1784317, 3, 0
1784364, 2, 0
1784454, 0, 1
1784463, 1, 0
1784467, 3, 1
1784514, 2, 1
1784604, 0, 0
1784613, 1, 1
1784617, 3, 1
1784664, 2, bit 0
1784664, 2, 1
1784754, 0, 1
1784763, 1, 1
1784767, 3, 0
1784814, 2, 0
1784904, 0, 0
1784913, 1, 0
1784918, 3, 0
1784964, 2, 1
1785054, 0, 0
1785063, 1, 0
1785068, 3, 1
1785114, 2, 0
1785204, 0, 1
1785213, 1, 1
1785218, 3, bit 1
1785218, 3, 0
1785264, 2, 0
1785354, 0, 0
1785363, 1, 0
1785368, 3, 1
1785414, 2, 1
1785504, 0, 1
1785513, 1, 1
1785518, 3, 0
1785564, 2, 1
1785654, 0, 1
1785663, 1, 0
1785668, 3, 1
1785714, 2, 0
1785804, 0, 0
1785814, 1, 1
1785818, 3, 0
1785864, 2, 1
1785954, 0, bit 1
1785954, 0, 1
1785964, 1, bit 1
1785964, 1, 1
1785968, 3, 1
1786014, 2, 0
1786104, 0, 0
1786114, 1, 0
1786118, 3, 0
1786164, 2, 0
1786254, 0, 0
1786264, 1, 1
1786268, 3, 1
1786314, 2, 1
1786404, 0, 1
1786414, 1, 0
1786418, 3, 1
1786464, 2, 1
1786554, 0, 1
1786564, 1, 1
1786568, 3, 0
1786614, 2, 0
1786704, 0, 0
1786714, 1, 0
1786718, 3, 0
1786764, 2, bit 1
1786764, 2, 0
1786854, 0, 1
1786864, 1, 0
1786868, 3, 1
1786914, 2, 1
1787004, 0, 0
1787014, 1, 1
1787018, 3, 1
1787064, 2, 0
1787154, 0, 0
1787164, 1, 1
1787168, 3, 0
1787214, 2, 1
1787304, 0, 1
1787314, 1, 0
1787318, 3, bit 1
1787318, 3, 0
1787364, 2, 1
1787454, 0, 0
1787464, 1, 1
1787468, 3, 1
1787514, 2, 0
1787604, 0, 1
1787614, 1, 0
1787618, 3, 0
1787664, 2, 0
1787754, 0, 1
1787764, 1, 1
1787768, 3, 1
1787814, 2, 1
1787904, 0, 0
1787914, 1, 0
1787918, 3, 0
1787964, 2, 0
1788054, 0, bit 0
1788054, 0, 0
1788064, 1, bit 0
1788064, 1, 0
1788068, 3, 1
1788114, 2, 1
1788204, 0, 1
1788214, 1, 1
1788218, 3, 0
1788264, 2, 1
1788354, 0, 1
1788364, 1, 0
1788368, 3, 1
1788414, 2, 0
1788504, 0, 0
1788514, 1, 1
1788518, 3, 1
1788564, 2, 0
1788654, 0, 0
1788664, 1, 0
1788668, 3, 0
1788715, 2, 1
1788804, 0, 1
1788814, 1, 1
1788818, 3, 0
1788865, 2, bit 0
1788865, 2, 1
1788954, 0, 0
1788964, 1, 1
1788968, 3, 1
1789015, 2, 0
1789104, 0, 1
1789114, 1, 0
1789118, 3, 1
1789165, 2, 1
1789254, 0, 1
1789264, 1, 0
1789268, 3, 0
1789315, 2, 0
1789404, 0, 0
1789414, 1, 1
1789418, 3, bit 1
1789418, 3, 0
1789465, 2, 0
1789554, 0, 1
1789564, 1, 0
1789568, 3, 1
1789615, 2, 1
1789704, 0, 0
1789714, 1, 1
1789718, 3, 0
1789765, 2, 1
1789854, 0, 0
1789864, 1, 0
1789868, 3, 1
1789915, 2, 0
1790004, 0, 1
1790014, 1, 1
1790018, 3, 0
1790065, 2, 1
1790154, 0, bit 1
1790154, 0, 1
1790164, 1, bit 1
1790164, 1, 1
1790168, 3, 1
1790215, 2, 0
1790304, 0, 0
1790314, 1, 0
1790318, 3, 0
1790365, 2, 0
1790454, 0, 0
1790464, 1, 1
1790468, 3, 1
1790515, 2, 1
1790604, 0, 1
1790614, 1, 0
1790618, 3, 1
1790665, 2, 1
1790754, 0, 1
1790764, 1, 1
1790768, 3, 0
1790815, 2, 0
1790904, 0, 0
1790914, 1, 0
1790918, 3, 0
1790965, 2, bit 0
1790965, 2, 1
1791054, 0, 1
1791064, 1, 0
1791068, 3, 1
1791115, 2, 0
1791204, 0, 0
1791214, 1, 1
1791218, 3, 1
1791265, 2, 1
1791354, 0, 0
1791364, 1, 1
1791368, 3, 0
1791415, 2, 0
1791504, 0, 1
1791514, 1, 0
1791518, 3, bit 1
1791518, 3, 0
1791565, 2, 0
1791654, 0, 0
1791664, 1, 1
1791668, 3, 1
1791715, 2, 1
1791804, 0, 1
1791814, 1, 0
1791818, 3, 0
1791865, 2, 1
1791954, 0, 1
1791964, 1, 1
1791968, 3, 1
1792015, 2, 0
1792104, 0, 0
1792114, 1, 0
1792118, 3, 0
1792165, 2, 1
1792254, 0, bit 0
1792254, 0, 0
1792264, 1, bit 0
1792264, 1, 0
1792268, 3, 1
1792315, 2, 0
1792404, 0, 1
1792414, 1, 1
1792418, 3, 0
1792465, 2, 0
1792555, 0, 1
1792564, 1, 0
1792568, 3, 1
1792615, 2, 1
1792705, 0, 0
1792714, 1, 1
1792718, 3, 1
1792765, 2, 1
1792855, 0, 0
1792864, 1, 0
1792868, 3, 0
1792915, 2, 0
1793005, 0, 1
1793014, 1, 1
1793018, 3, 0
1793065, 2, bit 0
1793065, 2, 1
1793155, 0, 0
1793164, 1, 1
1793168, 3, 1
1793215, 2, 0
1793305, 0, 1
1793314, 1, 0
1793318, 3, 1
1793366, 2, 1
1793455, 0, 1
1793465, 1, 0
1793468, 3, 0
1793516, 2, 0
1793605, 0, 0
1793615, 1, 1
1793618, 3, bit 1
1793618, 3, 0
1793666, 2, 0
1793755, 0, 1
1793765, 1, 0
1793768, 3, 1
1793816, 2, 1
1793905, 0, 0
1793915, 1, 1
1793918, 3, 0
1793966, 2, 1
1794055, 0, 0
1794065, 1, 0
1794068, 3, 1
1794116, 2, 0
1794205, 0, 1
1794215, 1, 1
1794219, 3, 0
1794266, 2, 1
1794355, 0, bit 0
1794355, 0, 0
1794365, 1, bit 1
1794365, 1, 1
1794369, 3, 1
1794416, 2, 0
1794505, 0, 1
1794515, 1, 0
1794519, 3, 0
1794566, 2, 0
1794655, 0, 1
1794665, 1, 1
1794669, 3, 1
1794716, 2, 1
1794805, 0, 0
1794816, 1, 0
1794819, 3, 1
1794866, 2, 1
1794955, 0, 0
1794966, 1, 1
1794969, 3, 0
1795016, 2, 0
1795105, 0, 1
1795116, 1, 0
1795119, 3, 0
1795166, 2, bit 1
1795166, 2, 0
1795255, 0, 0
1795266, 1, 0
1795269, 3, 1
1795316, 2, 1
1795405, 0, 1
1795416, 1, 1
1795419, 3, 1
1795466, 2, 0
1795555, 0, 1
1795566, 1, 1
1795569, 3, 0
1795616, 2, 1
1795705, 0, 0
1795716, 1, 0
1795719, 3, bit 0
1795719, 3, 1
1795766, 2, 1
1795855, 0, 1
1795866, 1, 1
1795869, 3, 0
1795916, 2, 0
1796005, 0, 0
1796016, 1, 0
1796019, 3, 1
1796066, 2, 0
1796155, 0, 0
1796166, 1, 1
1796169, 3, 0
1796216, 2, 1
1796305, 0, 1
1796316, 1, 0
1796319, 3, 1
1796366, 2, 0
1796455, 0, bit 0
1796455, 0, 0
1796466, 1, bit 1
1796466, 1, 1
1796469, 3, 0
1796516, 2, 1
1796605, 0, 1
1796616, 1, 0
1796619, 3, 1
1796666, 2, 1
1796755, 0, 1
1796766, 1, 1
1796769, 3, 0
1796816, 2, 0
1796905, 0, 0
1796916, 1, 0
1796919, 3, 0
1796966, 2, 0
1797055, 0, 0
1797066, 1, 1
1797069, 3, 1
1797116, 2, 1
1797206, 0, 1
1797216, 1, 0
1797219, 3, 1
1797266, 2, bit 1
1797266, 2, 0
1797356, 0, 0
1797366, 1, 0
1797369, 3, 0
1797416, 2, 1
1797506, 0, 1
1797516, 1, 1
1797519, 3, 0
1797566, 2, 0
1797656, 0, 1
1797666, 1, 1
1797669, 3, 1
1797716, 2, 1
1797806, 0, 0
1797816, 1, 0
1797819, 3, bit 0
1797819, 3, 1
1797866, 2, 1
1797956, 0, 1
1797966, 1, 1
1797969, 3, 0
1798016, 2, 0
1798106, 0, 0
1798116, 1, 0
1798119, 3, 1
1798166, 2, 0
1798256, 0, 0
1798266, 1, 1
1798269, 3, 0
1798316, 2, 1
1798406, 0, 1
1798416, 1, 0
1798419, 3, 1
1798466, 2, 0
1798556, 0, bit 1
1798556, 0, 1
1798566, 1, bit 1
1798566, 1, 1
1798569, 3, 0
1798616, 2, 1
1798706, 0, 0
1798716, 1, 0
1798719, 3, 1
1798766, 2, 1
1798856, 0, 0
1798866, 1, 1
1798870, 3, 0
1798916, 2, 0
1799006, 0, 1
1799016, 1, 0
1799020, 3, 0
1799066, 2, 0
1799156, 0, 1
1799166, 1, 1
1799170, 3, 1
1799216, 2, 1
1799306, 0, 0
1799316, 1, 0
1799320, 3, 1
1799366, 2, bit 1
1799366, 2, 0
1799456, 0, 1
1799467, 1, 0
1799470, 3, 0
1799516, 2, 1
1799606, 0, 0
1799617, 1, 1
1799620, 3, 0
1799666, 2, 0
1799756, 0, 0
1799767, 1, 1
1799770, 3, 1
1799816, 2, 1
1799906, 0, 1
1799917, 1, 0
1799920, 3, bit 1
1799920, 3, 0
1799966, 2, 1
1800056, 0, 0
1800067, 1, 1
1800070, 3, 1
1800116, 2, 0
1800206, 0, 1
1800217, 1, 0
1800220, 3, 0
1800266, 2, 0
1800356, 0, 1
1800367, 1, 1
1800370, 3, 1
1800416, 2, 1
1800506, 0, 0
1800517, 1, 0
1800520, 3, 0
1800566, 2, 0
1800656, 0, bit 1
1800656, 0, 1
1800667, 1, bit 1
1800667, 1, 1
1800670, 3, 1
1800716, 2, 1
1800806, 0, 0
1800817, 1, 0
1800820, 3, 0
1800866, 2, 1
1800956, 0, 0
1800967, 1, 1
1800970, 3, 1
1801016, 2, 0
1801106, 0, 1
1801117, 1, 0
1801120, 3, 1
1801166, 2, 0
1801256, 0, 1
1801267, 1, 1
1801270, 3, 0
1801316, 2, 1
1801406, 0, 0
1801417, 1, 0
1801420, 3, 0
1801466, 2, bit 1
1801466, 2, 0
1801556, 0, 1
1801567, 1, 0
1801570, 3, 1
1801616, 2, 1
1801706, 0, 0
1801717, 1, 1
1801720, 3, 1
1801766, 2, 0
1801856, 0, 0
1801867, 1, 1
1801870, 3, 0
1801916, 2, 1
1802006, 0, 1
1802017, 1, 0
1802020, 3, bit 1
1802020, 3, 0
1802066, 2, 1
1802156, 0, 0
1802167, 1, 1
1802170, 3, 1
1802216, 2, 0
1802306, 0, 1
1802317, 1, 0
1802320, 3, 0
1802366, 2, 0
1802456, 0, 1
1802467, 1, 1
1802470, 3, 1
1802516, 2, 1
1802606, 0, 0
1802617, 1, 0
1802620, 3, 0
1802667, 2, 0
1802756, 0, bit 0
1802756, 0, 0
1802767, 1, bit 1
1802767, 1, 1
1802771, 3, 1
1802817, 2, 1
1802906, 0, 1
1802917, 1, 0
1802920, 3, 0
1802967, 2, 1
1803056, 0, 1
1803067, 1, 1
1803070, 3, 1
1803117, 2, 0
1803206, 0, 0
1803217, 1, 0
1803220, 3, 1
1803267, 2, 0
1803356, 0, 0
1803367, 1, 1
1803370, 3, 0
1803417, 2, 1
1803506, 0, 1
1803517, 1, 0
1803520, 3, 0
1803567, 2, bit 1
1803567, 2, 0
1803656, 0, 0
1803667, 1, 0
1803670, 3, 1
1803717, 2, 1
1803806, 0, 1
1803817, 1, 1
1803820, 3, 1
1803867, 2, 0
1803956, 0, 1
1803967, 1, 1
1803970, 3, 0
1804017, 2, 1
1804106, 0, 0
1804118, 1, 0
1804120, 3, bit 0
1804120, 3, 1
1804167, 2, 1
1804256, 0, 1
1804268, 1, 1
1804270, 3, 0
1804317, 2, 0
1804406, 0, 0
1804418, 1, 0
1804420, 3, 1
1804467, 2, 0
1804556, 0, 0
1804568, 1, 1
1804570, 3, 0
1804617, 2, 1
1804706, 0, 1
1804718, 1, 0
1804720, 3, 1
1804767, 2, 0
1804856, 0, bit 1
1804856, 0, 1
1804868, 1, bit 0
1804868, 1, 0
1804870, 3, 0
1804917, 2, 1
1805006, 0, 0
1805018, 1, 1
1805020, 3, 1
1805067, 2, 1
1805156, 0, 0
1805168, 1, 0
1805170, 3, 0
1805217, 2, 0
1805306, 0, 1
1805318, 1, 1
1805320, 3, 0
1805367, 2, 0
1805456, 0, 1
1805468, 1, 0
1805470, 3, 1
1805517, 2, 1
1805606, 0, 0
1805618, 1, 1
1805620, 3, 1
1805667, 2, bit 1
1805667, 2, 0
1805756, 0, 1
1805768, 1, 1
1805770, 3, 0
1805817, 2, 1
1805906, 0, 0
1805918, 1, 0
1805920, 3, 0
1805967, 2, 0
1806056, 0, 0
1806068, 1, 0
1806070, 3, 1
1806117, 2, 1
1806206, 0, 1
1806218, 1, 1
1806220, 3, bit 0
1806220, 3, 1
1806267, 2, 1
1806356, 0, 0
1806368, 1, 0
1806370, 3, 0
1806417, 2, 0
1806507, 0, 1
1806518, 1, 1
1806520, 3, 1
1806567, 2, 0
1806657, 0, 1
1806668, 1, 0
1806670, 3, 0
1806717, 2, 1
1806807, 0, 0
1806818, 1, 1
1806820, 3, 1
1806867, 2, 0
1806957, 0, bit 0
1806957, 0, 0
1806968, 1, bit 1
1806968, 1, 1
1806970, 3, 0
1807017, 2, 1
1807107, 0, 1
1807118, 1, 0
1807120, 3, 1
1807167, 2, 1
1807257, 0, 1
1807268, 1, 1
1807270, 3, 0
1807318, 2, 0
1807407, 0, 0
1807418, 1, 0
1807420, 3, 0
1807468, 2, 0
1807557, 0, 0
1807568, 1, 1
1807570, 3, 1
1807618, 2, 1
1807707, 0, 1
1807718, 1, 0
1807720, 3, 1
1807768, 2, bit 0
1807768, 2, 1
1807857, 0, 0
1807868, 1, 0
1807870, 3, 0
1807918, 2, 0
1808007, 0, 1
1808018, 1, 1
1808020, 3, 0
1808068, 2, 1
1808157, 0, 1
1808168, 1, 1
1808171, 3, 1
1808218, 2, 0
1808307, 0, 0
1808318, 1, 0
1808321, 3, bit 0
1808321, 3, 1
1808368, 2, 0
1808457, 0, 1
1808468, 1, 1
1808471, 3, 0
1808518, 2, 1
1808607, 0, 0
1808618, 1, 0
1808621, 3, 1
1808668, 2, 1
1808757, 0, 0
1808768, 1, 1
1808771, 3, 0
1808818, 2, 0
1808907, 0, 1
1808918, 1, 0
1808921, 3, 1
1808968, 2, 1
1809057, 0, bit 1
1809057, 0, 1
1809068, 1, bit 1
1809068, 1, 1
1809071, 3, 0
1809118, 2, 0
1809207, 0, 0
1809218, 1, 0
1809221, 3, 1
1809268, 2, 0
1809357, 0, 0
1809368, 1, 1
1809371, 3, 0
1809418, 2, 1
1809507, 0, 1
1809518, 1, 0
1809521, 3, 0
1809568, 2, 1
1809657, 0, 1
1809668, 1, 1
1809671, 3, 1
1809718, 2, 0
1809807, 0, 0
1809818, 1, 0
1809821, 3, 1
1809868, 2, bit 0
1809868, 2, 1
1809957, 0, 1
1809968, 1, 0
1809971, 3, 0
1810018, 2, 0
1810107, 0, 0
1810118, 1, 1
1810121, 3, 0
1810168, 2, 1
1810257, 0, 0
1810268, 1, 1
1810271, 3, 1
1810318, 2, 0
1810407, 0, 1
1810418, 1, 0
1810421, 3, bit 0
1810421, 3, 1
1810468, 2, 0
1810557, 0, 0
1810568, 1, 1
1810571, 3, 0
1810618, 2, 1
1810707, 0, 1
1810718, 1, 0
1810721, 3, 1
1810768, 2, 1
1810857, 0, 1
1810868, 1, 1
1810871, 3, 0
1810918, 2, 0
1811007, 0, 0
1811018, 1, 0
1811021, 3, 1
1811068, 2, 1
1811158, 0, bit 0
1811158, 0, 0
1811168, 1, bit 0
1811168, 1, 0
1811171, 3, 0
1811218, 2, 0
1811308, 0, 1
1811318, 1, 1
1811321, 3, 1
1811368, 2, 0
1811458, 0, 1
1811468, 1, 0
1811471, 3, 0
1811518, 2, 1
1811608, 0, 0
1811618, 1, 1
1811621, 3, 0
1811668, 2, 1
1811758, 0, 0
1811768, 1, 0
1811771, 3, 1
1811818, 2, 0
1811908, 0, 1
1811918, 1, 1
1811921, 3, 1
1811968, 2, bit 0
1811968, 2, 1
1812058, 0, 0
1812068, 1, 1
1812071, 3, 0
1812118, 2, 0
1812208, 0, 1
1812218, 1, 0
1812221, 3, 0
1812268, 2, 1
1812358, 0, 1
1812368, 1, 0
1812371, 3, 1
1812418, 2, 0
1812508, 0, 0
1812518, 1, 1
1812521, 3, bit 0
1812521, 3, 1
1812568, 2, 0
1812658, 0, 1
1812668, 1, 0
1812671, 3, 0
1812718, 2, 1
1812808, 0, 0
1812818, 1, 1
1812822, 3, 1
1812868, 2, 1
1812958, 0, 0
1812968, 1, 0
1812972, 3, 0
1813018, 2, 0
1813108, 0, 1
1813118, 1, 1
1813122, 3, 1
1813168, 2, 1
1813258, 0, bit 1
1813258, 0, 1
1813268, 1, bit 0
1813268, 1, 0
1813272, 3, 0
1813318, 2, 0
1813408, 0, 0
1813419, 1, 1
1813422, 3, 1
1813468, 2, 0
1813558, 0, 0
1813569, 1, 0
1813572, 3, 0
1813618, 2, 1
1813708, 0, 1
1813719, 1, 1
1813722, 3, 0
1813768, 2, 1
1813858, 0, 1
1813869, 1, 0
1813872, 3, 1
1813918, 2, 0
1814008, 0, 0
1814019, 1, 1
1814022, 3, 1
1814068, 2, bit 1
1814068, 2, 0
1814158, 0, 1
1814169, 1, 1
1814172, 3, 0
1814218, 2, 1
1814308, 0, 0
1814319, 1, 0
1814322, 3, 0
1814368, 2, 0
1814458, 0, 0
1814469, 1, 0
1814472, 3, 1
1814518, 2, 1
1814608, 0, 1
1814619, 1, 1
1814622, 3, bit 0
1814622, 3, 1
1814668, 2, 1
1814758, 0, 0
1814769, 1, 0
1814772, 3, 0
1814818, 2, 0
1814908, 0, 1
1814919, 1, 1
1814922, 3, 1
1814968, 2, 0
1815058, 0, 1
1815069, 1, 0
1815072, 3, 0
1815118, 2, 1
1815208, 0, 0
1815219, 1, 1
1815222, 3, 1
1815268, 2, 0
1815358, 0, bit 1
1815358, 0, 1
1815369, 1, bit 1
1815369, 1, 1
1815372, 3, 0
1815418, 2, 1
1815508, 0, 0
1815519, 1, 0
1815522, 3, 1
1815568, 2, 1
1815658, 0, 0
1815669, 1, 1
1815672, 3, 0
1815718, 2, 0
1815808, 0, 1
1815819, 1, 0
1815822, 3, 0
1815868, 2, 0
1815958, 0, 1
1815969, 1, 1
1815972, 3, 1
1816018, 2, 1
1816108, 0, 0
1816119, 1, 0
1816122, 3, 1
1816168, 2, bit 0
1816168, 2, 1
1816258, 0, 1
1816269, 1, 0
1816272, 3, 0
1816318, 2, 0
1816408, 0, 0
1816419, 1, 1
1816422, 3, 0
1816468, 2, 1
1816558, 0, 0
1816569, 1, 1
1816572, 3, 1
1816619, 2, 0
1816708, 0, 1
1816719, 1, 0
1816722, 3, bit 1
1816722, 3, 0
1816769, 2, 0
1816858, 0, 0
1816869, 1, 1
1816872, 3, 1
1816919, 2, 1
1817008, 0, 1
1817019, 1, 0
1817022, 3, 0
1817069, 2, 1
1817158, 0, 1
1817169, 1, 1
1817172, 3, 1
1817219, 2, 0
1817308, 0, 0
1817319, 1, 0
1817322, 3, 0
1817369, 2, 1
1817458, 0, bit 1
1817458, 0, 1
1817469, 1, bit 1
1817469, 1, 1
1817472, 3, 1
1817519, 2, 0
1817608, 0, 0
1817619, 1, 0
1817622, 3, 0
1817669, 2, 0
1817758, 0, 0
1817769, 1, 1
1817772, 3, 1
1817819, 2, 1
1817908, 0, 1
1817919, 1, 0
1817922, 3, 1
1817969, 2, 1
1818058, 0, 1
1818070, 1, 1
1818078, 3, 0
1818119, 2, 0
1818208, 0, 0
1818220, 1, 0
1818228, 3, 0
1818269, 2, bit 0
1818269, 2, 1
1818358, 0, 1
1818370, 1, 0
1818378, 3, 1
1818419, 2, 0
1818508, 0, 0
1818520, 1, 1
1818528, 3, 1
1818569, 2, 1
1818658, 0, 0
1818670, 1, 1
1818678, 3, 0
1818719, 2, 0
1818808, 0, 1
1818820, 1, 0
1818828, 3, bit 0
1818828, 3, 1
1818869, 2, 0
1818958, 0, 0
1818970, 1, 1
1818978, 3, 0
1819019, 2, 1
1819108, 0, 1
1819120, 1, 0
1819128, 3, 1
1819169, 2, 1
1819258, 0, 1
1819270, 1, 1
1819278, 3, 0
1819319, 2, 0
1819408, 0, 0
1819420, 1, 0
1819428, 3, 1
1819469, 2, 1
1819558, 0, bit 0
1819558, 0, 0
1819570, 1, bit 1
1819570, 1, 1
1819578, 3, 0
1819619, 2, 0
1819708, 0, 1
1819720, 1, 0
1819728, 3, 1
1819769, 2, 0
1819858, 0, 1
1819870, 1, 1
1819878, 3, 0
1819919, 2, 1
1820008, 0, 0
1820020, 1, 0
1820028, 3, 0
1820069, 2, 1
1820158, 0, 0
1820170, 1, 1
1820178, 3, 1
1820219, 2, 0
1820308, 0, 1
1820320, 1, 0
1820328, 3, 1
1820369, 2, bit 1
1820369, 2, 0
1820459, 0, 0
1820470, 1, 0
1820478, 3, 0
1820519, 2, 1
1820609, 0, 1
1820620, 1, 1
1820628, 3, 0
1820669, 2, 0
1820759, 0, 1
1820770, 1, 1
1820778, 3, 1
1820819, 2, 1
1820909, 0, 0
1820920, 1, 0
1820928, 3, bit 0
1820928, 3, 1
1820969, 2, 1
1821059, 0, 1
1821070, 1, 1
1821078, 3, 0
1821119, 2, 0
1821209, 0, 0
1821220, 1, 0
1821228, 3, 1
1821270, 2, 0
1821359, 0, 0
1821370, 1, 1
1821378, 3, 0
1821420, 2, 1
1821509, 0, 1
1821520, 1, 0
1821528, 3, 1
1821570, 2, 0
1821659, 0, bit 0
1821662, 0, 0
1821670, 1, bit 1
1821670, 1, 1
1821678, 3, 0
1821720, 2, 1
1821809, 0, 1
1821820, 1, 0
1821828, 3, 1
1821870, 2, 1
1821959, 0, 1
1821970, 1, 1
1821978, 3, 0
1822020, 2, 0
1822109, 0, 0
1822120, 1, 0
1822128, 3, 0
1822170, 2, 0
1822259, 0, 0
1822270, 1, 1
1822278, 3, 1
1822320, 2, 1
1822409, 0, 1
1822420, 1, 0
1822428, 3, 1
1822470, 2, bit 0
1822470, 2, 1
1822559, 0, 0
1822570, 1, 0
1822578, 3, 0
1822620, 2, 0
1822709, 0, 1
1822720, 1, 1
1822728, 3, 0
1822770, 2, 1
1822859, 0, 1
1822870, 1, 1
1822878, 3, 1
1822920, 2, 0
1823009, 0, 0
1823020, 1, 0
1823028, 3, bit 0
1823028, 3, 1
1823070, 2, 0
1823159, 0, 1
1823170, 1, 1
1823178, 3, 0
1823220, 2, 1
1823309, 0, 0
1823320, 1, 0
1823328, 3, 1
1823370, 2, 1
1823459, 0, 0
1823470, 1, 1
1823478, 3, 0
1823520, 2, 0
1823609, 0, 1
1823620, 1, 0
1823628, 3, 1
1823670, 2, 1
1823759, 0, bit 0
1823759, 0, 0
1823770, 1, bit 1
1823770, 1, 1
1823778, 3, 0
1823820, 2, 0
1823909, 0, 1
1823920, 1, 0
1823928, 3, 1
1823970, 2, 0
1824059, 0, 1
1824070, 1, 1
1824078, 3, 0
1824120, 2, 1
1824209, 0, 0
1824220, 1, 0
1824228, 3, 0
1824270, 2, 1
1824359, 0, 0
1824370, 1, 1
1824378, 3, 1
1824420, 2, 0
1824509, 0, 1
1824520, 1, 0
1824528, 3, 1
1824570, 2, bit 0
1824570, 2, 1
1824659, 0, 0
1824670, 1, 0
1824678, 3, 0
1824720, 2, 0
1824809, 0, 1
1824820, 1, 1
1824828, 3, 0
1824870, 2, 1
1824959, 0, 1
1824970, 1, 1
1824978, 3, 1
1825020, 2, 0
1825110, 0, 0
1825120, 1, 0
1825128, 3, bit 1
1825128, 3, 0
1825170, 2, 0
1825260, 0, 1
1825270, 1, 1
1825278, 3, 1
1825320, 2, 1
1825410, 0, 0
1825420, 1, 0
1825428, 3, 0
1825470, 2, 1
1825560, 0, 0
1825570, 1, 1
1825579, 3, 1
1825620, 2, 0
1825710, 0, 1
1825720, 1, 0
1825729, 3, 0
1825770, 2, 1
1825860, 0, bit 0
1825860, 0, 0
1825870, 1, bit 1
1825870, 1, 1
1825879, 3, 1
1825920, 2, 0
1826010, 0, 1
1826020, 1, 0
1826029, 3, 0
1826070, 2, 0
1826160, 0, 1
1826170, 1, 1
1826179, 3, 1
1826220, 2, 1
1826310, 0, 0
1826320, 1, 0
1826329, 3, 1
1826370, 2, 1
1826460, 0, 0
1826470, 1, 1
1826479, 3, 0
1826520, 2, 0
1826610, 0, 1
1826620, 1, 0
1826629, 3, 0
1826670, 2, bit 1
1826670, 2, 0
1826760, 0, 0
1826770, 1, 0
1826779, 3, 1
1826820, 2, 1
1826910, 0, 1
1826920, 1, 1
1826929, 3, 1
1826970, 2, 0
1827060, 0, 1
1827070, 1, 1
1827079, 3, 0
1827120, 2, 1
1827210, 0, 0
1827220, 1, 0
1827229, 3, bit 1
1827229, 3, 0
1827270, 2, 1
1827360, 0, 1
1827371, 1, 1
1827379, 3, 1
1827420, 2, 0
1827510, 0, 0
1827521, 1, 0
1827529, 3, 0
1827570, 2, 0
1827660, 0, 0
1827671, 1, 1
1827679, 3, 1
1827720, 2, 1
1827810, 0, 1
1827821, 1, 0
1827829, 3, 0
1827870, 2, 0
1827960, 0, bit 0
1827960, 0, 0
1827971, 1, bit 0
1827971, 1, 0
1827979, 3, 1
1828020, 2, 1
1828110, 0, 1
1828121, 1, 1
1828129, 3, 0
1828170, 2, 1
1828260, 0, 1
1828271, 1, 0
1828279, 3, 1
1828320, 2, 0
1828410, 0, 0
1828421, 1, 1
1828429, 3, 1
1828470, 2, 0
1828560, 0, 0
1828571, 1, 0
1828579, 3, 0
1828620, 2, 1
1828710, 0, 1
1828721, 1, 1
1828729, 3, 0
1828770, 2, bit 0
1828770, 2, 1
1828860, 0, 0
1828871, 1, 1
1828879, 3, 1
1828920, 2, 0
1829010, 0, 1
1829021, 1, 0
1829029, 3, 1
1829070, 2, 1
1829160, 0, 1
1829171, 1, 0
1829179, 3, 0
1829220, 2, 0
1829310, 0, 0
1829321, 1, 1
1829329, 3, bit 0
1829329, 3, 1
1829370, 2, 0
1829460, 0, 1
1829471, 1, 0
1829479, 3, 0
1829520, 2, 1
1829610, 0, 0
1829621, 1, 1
1829629, 3, 1
1829670, 2, 1
1829760, 0, 0
1829771, 1, 0
1829779, 3, 0
1829820, 2, 0
1829910, 0, 1
1829921, 1, 1
1829929, 3, 1
1829970, 2, 1
1830060, 0, bit 0
1830060, 0, 0
1830071, 1, bit 0
1830071, 1, 0
1830079, 3, 0
1830120, 2, 0
1830210, 0, 1
1830221, 1, 1
1830230, 3, 1
1830270, 2, 0
1830360, 0, 1
1830371, 1, 0
1830380, 3, 0
1830420, 2, 1
1830510, 0, 0
1830521, 1, 1
1830530, 3, 0
1830571, 2, 1
1830660, 0, 0
1830671, 1, 0
1830680, 3, 1
1830721, 2, 0
1830810, 0, 1
1830821, 1, 1
1830830, 3, 1
1830871, 2, bit 0
1830871, 2, 1
1830960, 0, 0
1830971, 1, 1
1830981, 3, 0
1831021, 2, 0
1831110, 0, 1
1831121, 1, 0
1831131, 3, 0
1831171, 2, 1
1831260, 0, 1
1831271, 1, 0
1831281, 3, 1
1831321, 2, 0
1831410, 0, 0
1831421, 1, 1
1831431, 3, bit 0
1831431, 3, 1
1831471, 2, 0
1831560, 0, 1
1831571, 1, 0
1831581, 3, 0
1831621, 2, 1
1831710, 0, 0
1831721, 1, 1
1831731, 3, 1
1831771, 2, 1
1831860, 0, 0
1831871, 1, 0
1831881, 3, 0
1831921, 2, 0
1832010, 0, 1
1832022, 1, 1
1832031, 3, 1
1832071, 2, 1
1832160, 0, bit 1
1832160, 0, 1
1832172, 1, bit 1
1832175, 1, 1
1832181, 3, 0
1832221, 2, 0
1832310, 0, 0
1832322, 1, 0
1832331, 3, 1
1832371, 2, 0
1832460, 0, 0
1832472, 1, 1
1832481, 3, 0
1832521, 2, 1
1832610, 0, 1
1832622, 1, 0
1832631, 3, 0
1832671, 2, 1
1832760, 0, 1
1832772, 1, 1
1832781, 3, 1
1832821, 2, 0
1832910, 0, 0
1832922, 1, 0
1832931, 3, 1
1832971, 2, bit 1
1832971, 2, 0
1833060, 0, 1
1833072, 1, 0
1833081, 3, 0
1833121, 2, 1
1833210, 0, 0
1833222, 1, 1
1833231, 3, 0
1833271, 2, 0
1833360, 0, 0
1833372, 1, 1
1833381, 3, 1
1833421, 2, 1
1833510, 0, 1
1833522, 1, 0
1833531, 3, bit 0
1833531, 3, 1
1833571, 2, 1
1833660, 0, 0
1833672, 1, 1
1833681, 3, 0
1833721, 2, 0
1833810, 0, 1
1833822, 1, 0
1833831, 3, 1
1833871, 2, 0
1833960, 0, 1
1833972, 1, 1
1833981, 3, 0
1834021, 2, 1
1834110, 0, 0
1834122, 1, 0
1834131, 3, 1
1834171, 2, 0
1834260, 0, bit 0
1834260, 0, 0
1834272, 1, bit 0
1834272, 1, 0
1834281, 3, 0
1834321, 2, 1
1834411, 0, 1
1834422, 1, 1
1834431, 3, 1
1834471, 2, 1
1834561, 0, 1
1834572, 1, 0
1834582, 3, 0
1834621, 2, 0
1834711, 0, 0
1834722, 1, 1
1834732, 3, 0
1834771, 2, 0
1834861, 0, 0
1834872, 1, 0
1834882, 3, 1
1834921, 2, 1
1835011, 0, 1
1835022, 1, 1
1835032, 3, 1
1835071, 2, bit 1
1835071, 2, 0
1835161, 0, 0
1835172, 1, 1
1835182, 3, 0
1835222, 2, 1
1835311, 0, 1
1835322, 1, 0
1835332, 3, 0
1835372, 2, 0
1835461, 0, 1
1835472, 1, 0
1835482, 3, 1
1835522, 2, 1
1835611, 0, 0
1835622, 1, 1
1835632, 3, bit 1
1835632, 3, 0
1835672, 2, 1
1835761, 0, 1
1835772, 1, 0
1835782, 3, 1
1835822, 2, 0
1835911, 0, 0
1835922, 1, 1
1835932, 3, 0
1835972, 2, 0
1836061, 0, 0
1836072, 1, 0
1836082, 3, 1
1836122, 2, 1
1836211, 0, 1
1836222, 1, 1
1836232, 3, 0
1836272, 2, 0
1836361, 0, bit 0
1836361, 0, 0
1836372, 1, bit 0
1836372, 1, 0
1836382, 3, 1
1836422, 2, 1
1836511, 0, 1
1836522, 1, 1
1836532, 3, 0
1836572, 2, 1
1836661, 0, 1
1836672, 1, 0
1836682, 3, 1
1836722, 2, 0
1836811, 0, 0
1836822, 1, 1
1836832, 3, 1
1836872, 2, 0
1836961, 0, 0
1836972, 1, 0
1836982, 3, 0
1837022, 2, 1
1837111, 0, 1
1837122, 1, 1
1837132, 3, 0
1837172, 2, bit 1
1837172, 2, 0
1837261, 0, 0
1837272, 1, 1
1837282, 3, 1
1837322, 2, 1
1837411, 0, 1
1837422, 1, 0
1837432, 3, 1
1837472, 2, 0
1837561, 0, 1
1837572, 1, 0
1837582, 3, 0
1837622, 2, 1
1837711, 0, 0
1837722, 1, 1
1837732, 3, bit 0
1837732, 3, 1
1837772, 2, 1
1837861, 0, 1
1837872, 1, 0
1837882, 3, 0
1837922, 2, 0
1838011, 0, 0
1838022, 1, 1
1838032, 3, 1
1838072, 2, 0
1838161, 0, 0
1838172, 1, 0
1838182, 3, 0
1838222, 2, 1
1838311, 0, 1
1838322, 1, 1
1838332, 3, 1
1838372, 2, 0
1838461, 0, bit 0
1838461, 0, 0
1838472, 1, bit 0
1838472, 1, 0
1838482, 3, 0
1838522, 2, 1
1838611, 0, 1
1838622, 1, 1
1838632, 3, 1
1838672, 2, 1
1838761, 0, 1
1838772, 1, 0
1838782, 3, 0
1838822, 2, 0
1838911, 0, 0
1838922, 1, 1
1838932, 3, 0
1838972, 2, 0
1839062, 0, 0
1839072, 1, 0
1839082, 3, 1
1839122, 2, 1
1839212, 0, 1
1839222, 1, 1
1839232, 3, 1
1839272, 2, bit 0
1839272, 2, 1
1839362, 0, 0
1839372, 1, 1
1839382, 3, 0
1839422, 2, 0
1839512, 0, 1
1839522, 1, 0
1839532, 3, 0
1839572, 2, 1
1839662, 0, 1
1839672, 1, 0
1839682, 3, 1
1839722, 2, 0
1839812, 0, 0
1839822, 1, 1
1839832, 3, bit 1
1839832, 3, 0
1839872, 2, 0
1839962, 0, 1
1839972, 1, 0
1839982, 3, 1
1840022, 2, 1
1840112, 0, 0
1840122, 1, 1
1840132, 3, 0
1840172, 2, 1
1840262, 0, 0
1840272, 1, 0
1840282, 3, 1
1840322, 2, 0
1840412, 0, 1
1840422, 1, 1
1840432, 3, 0
1840472, 2, 1
1840562, 0, bit 1
1840562, 0, 1
1840572, 1, bit 1
1840572, 1, 1
1840582, 3, 1
1840622, 2, 0
1840712, 0, 0
1840722, 1, 0
1840732, 3, 0
1840772, 2, 0
1840862, 0, 0
1840872, 1, 1
1840882, 3, 1
1840922, 2, 1
1841012, 0, 1
1841022, 1, 0
1841032, 3, 1
1841072, 2, 1
1841162, 0, 1
1841172, 1, 1
1841182, 3, 0
1841222, 2, 0
1841312, 0, 0
1841323, 1, 0
1841332, 3, 0
1841372, 2, bit 0
1841372, 2, 1
1841462, 0, 1
1841473, 1, 0
1841482, 3, 1
1841522, 2, 0
1841612, 0, 0
1841623, 1, 1
1841632, 3, 1
1841672, 2, 1
1841762, 0, 0
1841773, 1, 1
1841782, 3, 0
1841822, 2, 0
1841912, 0, 1
1841923, 1, 0
1841932, 3, bit 1
1841932, 3, 0
1841972, 2, 0
1842062, 0, 0
1842073, 1, 1
1842082, 3, 1
1842122, 2, 1
1842212, 0, 1
1842223, 1, 0
1842232, 3, 0
1842272, 2, 1
1842362, 0, 1
1842373, 1, 1
1842382, 3, 1
1842422, 2, 0
1842512, 0, 0
1842523, 1, 0
1842532, 3, 0
1842572, 2, 1
1842662, 0, bit 1
1842662, 0, 1
1842673, 1, bit 1
1842673, 1, 1
1842682, 3, 1
1842722, 2, 0
1842812, 0, 0
1842823, 1, 0
1842832, 3, 0
1842872, 2, 0
1842962, 0, 0
1842973, 1, 1
1842982, 3, 1
1843022, 2, 1
1843112, 0, 1
1843123, 1, 0
1843132, 3, 1
1843172, 2, 1
1843262, 0, 1
1843273, 1, 1
1843282, 3, 0
1843322, 2, 0
1843412, 0, 0
1843423, 1, 0
1843432, 3, 0
1843472, 2, bit 1
1843472, 2, 0
1843562, 0, 1
1843573, 1, 0
1843582, 3, 1
1843622, 2, 1
1843712, 0, 0
1843723, 1, 1
1843732, 3, 1
1843772, 2, 0
1843862, 0, 0
1843873, 1, 1
1843883, 3, 0
1843922, 2, 1
1844012, 0, 1
1844023, 1, 0
1844033, 3, bit 1
1844033, 3, 0
1844072, 2, 1
1844162, 0, 0
1844173, 1, 1
1844183, 3, 1
1844222, 2, 0
1844312, 0, 1
1844323, 1, 0
1844333, 3, 0
1844372, 2, 0
1844462, 0, 1
1844473, 1, 1
1844483, 3, 1
1844523, 2, 1
1844612, 0, 0
1844623, 1, 0
1844633, 3, 0
1844673, 2, 0
1844762, 0, bit 0
1844762, 0, 0
1844773, 1, bit 1
1844773, 1, 1
1844783, 3, 1
1844823, 2, 1
1844912, 0, 1
1844923, 1, 0
1844933, 3, 0
1844973, 2, 1
1845062, 0, 1
1845073, 1, 1
1845083, 3, 1
1845123, 2, 0
1845212, 0, 0
1845223, 1, 0
1845233, 3, 1
1845273, 2, 0
1845362, 0, 0
1845373, 1, 1
1845383, 3, 0
1845423, 2, 1
1845512, 0, 1
1845523, 1, 0
1845533, 3, 0
1845573, 2, bit 0
1845573, 2, 1
1845662, 0, 0
1845673, 1, 0
1845683, 3, 1
1845723, 2, 0
1845812, 0, 1
1845823, 1, 1
1845833, 3, 1
1845873, 2, 1
1845962, 0, 1
1845974, 1, 1
1845983, 3, 0
1846023, 2, 0
1846112, 0, 0
1846124, 1, 0
1846133, 3, bit 0
1846133, 3, 1
1846173, 2, 0
1846262, 0, 1
1846274, 1, 1
1846283, 3, 0
1846323, 2, 1
1846412, 0, 0
1846424, 1, 0
1846433, 3, 1
1846473, 2, 1
1846562, 0, 0
1846574, 1, 1
1846583, 3, 0
1846623, 2, 0
1846712, 0, 1
1846724, 1, 0
1846733, 3, 1
1846773, 2, 1
1846874, 1, bit 1
1846874, 1, 1
1846883, 3, 0
1846923, 2, 0
1847024, 1, 0
1847033, 3, 1
1847073, 2, 0
1847174, 1, 1
1847183, 3, 0
1847223, 2, 1
1847324, 1, 0
1847333, 3, 0
1847373, 2, 1
1847474, 1, 1
1847483, 3, 1
1847523, 2, 0
1847624, 1, 0
1847633, 3, 1
1847673, 2, bit 1
1847676, 2, 0
1847774, 1, 0
1847783, 3, 0
1847823, 2, 1
1847924, 1, 1
1847933, 3, 0
1847973, 2, 0
1848074, 1, 1
1848083, 3, 1
1848123, 2, 1
1848224, 1, 0
1848233, 3, bit 0
1848233, 3, 1
1848273, 2, 1
1848374, 1, 1
1848383, 3, 0
1848423, 2, 0
1848524, 1, 0
1848534, 3, 1
1848573, 2, 0
1848674, 1, 1
1848684, 3, 0
1848723, 2, 1
1848824, 1, 0
1848834, 3, 1
1848873, 2, 0
1848974, 1, bit 0
1848974, 1, 0
1848984, 3, 0
1849023, 2, 1
1849124, 1, 1
1849134, 3, 1
1849174, 2, 1
1849274, 1, 0
1849284, 3, 0
1849324, 2, 0
1849424, 1, 1
1849434, 3, 0
1849474, 2, 0
1849574, 1, 0
1849584, 3, 1
1849624, 2, 1
1849724, 1, 1
1849734, 3, 1
1849774, 2, bit 0
1849774, 2, 1
1849874, 1, 1
1849884, 3, 0
1849924, 2, 0
1850024, 1, 0
1850034, 3, 0
1850074, 2, 1
1850174, 1, 0
1850184, 3, 1
1850224, 2, 0
1850324, 1, 1
1850334, 3, bit 0
1850334, 3, 1
1850374, 2, 0
1850474, 1, 0
1850484, 3, 0
1850524, 2, 1
1850624, 1, 1
1850634, 3, 1
1850674, 2, 1
1850774, 1, 0
1850784, 3, 0
1850824, 2, 0
1850924, 1, 1
1850934, 3, 1
1850974, 2, 1
1851074, 1, bit 0
1851074, 1, 0
1851084, 3, 0
1851124, 2, 0
1851224, 1, 1
1851234, 3, 1
1851274, 2, 0
1851374, 1, 0
1851384, 3, 0
1851424, 2, 1
1851524, 1, 1
1851534, 3, 0
1851574, 2, 1
1851674, 1, 0
1851684, 3, 1
1851724, 2, 0
1851824, 1, 1
1851834, 3, 1
1851874, 2, bit 1
1851874, 2, 0
1851974, 1, 1
1851984, 3, 0
1852024, 2, 1
1852124, 1, 0
1852134, 3, 0
1852174, 2, 0
1852274, 1, 0
1852284, 3, 1
1852324, 2, 1
1852424, 1, 1
1852434, 3, bit 0
1852434, 3, 1
1852474, 2, 1
1852574, 1, 0
1852584, 3, 0
1852624, 2, 0
1852724, 1, 1
1852734, 3, 1
1852774, 2, 0
1852874, 1, 0
1852884, 3, 0
1852924, 2, 1
1853024, 1, 1
1853034, 3, 1
1853074, 2, 0
1853174, 1, bit 0
1853174, 1, 0
1853184, 3, 0
1853224, 2, 1
1853324, 1, 1
1853334, 3, 1
1853374, 2, 1
1853474, 1, 0
1853484, 3, 0
1853524, 2, 0
1853624, 1, 1
1853634, 3, 0
1853674, 2, 0
1853774, 1, 0
1853784, 3, 1
1853824, 2, 1
1853924, 1, 1
1853934, 3, 1
1853974, 2, bit 1
1853974, 2, 0
1854074, 1, 1
1854084, 3, 0
1854124, 2, 1
1854224, 1, 0
1854234, 3, 0
1854274, 2, 0
1854374, 1, 0
1854384, 3, 1
1854424, 2, 1
1854524, 1, 1
1854534, 3, bit 1
1854534, 3, 0
1854574, 2, 1
1854674, 1, 0
1854684, 3, 1
1854724, 2, 0
1854824, 1, 1
1854834, 3, 0
1854874, 2, 0
1854974, 1, 0
1854984, 3, 1
1855024, 2, 1
1855124, 1, 1
1855134, 3, 0
1855174, 2, 0
1855275, 1, bit 1
1855275, 1, 1
1855284, 3, 1
1855324, 2, 1
1855425, 1, 0
1855434, 3, 0
1855474, 2, 1
1855575, 1, 1
1855584, 3, 1
1855624, 2, 0
1855725, 1, 0
1855734, 3, 1
1855774, 2, 0
1855875, 1, 1
1855884, 3, 0
1855924, 2, 1
1856025, 1, 0
1856034, 3, 0
1856074, 2, bit 0
1856074, 2, 1
1856175, 1, 0
1856184, 3, 1
1856224, 2, 0
1856325, 1, 1
1856334, 3, 1
1856374, 2, 1
1856475, 1, 1
1856484, 3, 0
1856524, 2, 0
1856625, 1, 0
1856634, 3, bit 0
1856634, 3, 1
1856674, 2, 0
1856775, 1, 1
1856784, 3, 0
1856824, 2, 1
1856925, 1, 0
1856934, 3, 1
1856974, 2, 1
1857075, 1, 1
1857084, 3, 0
1857124, 2, 0
1857225, 1, 0
1857234, 3, 1
1857274, 2, 1
1857384, 3, 0
1857424, 2, 0
1857534, 3, 1
1857574, 2, 0
1857684, 3, 0
1857724, 2, 1
1857835, 3, 0
1857874, 2, 1
1857985, 3, 1
1858024, 2, 0
1858135, 3, 1
1858174, 2, bit 1
1858174, 2, 0
1858285, 3, 0
1858324, 2, 1
1858435, 3, 0
1858475, 2, 0
1858585, 3, 1
1858625, 2, 1
1858735, 3, bit 0
1858735, 3, 1
1858775, 2, 1
1858885, 3, 0
1858925, 2, 0
1859035, 3, 1
1859075, 2, 0
1859185, 3, 0
1859225, 2, 1
1859335, 3, 1
1859375, 2, 0
1859485, 3, 0
1859525, 2, 1
1859635, 3, 1
1859675, 2, 1
1859785, 3, 0
1859825, 2, 0
1859935, 3, 0
1859975, 2, 0
1860085, 3, 1
1860125, 2, 1
1860235, 3, 1
1860275, 2, bit 1
1860275, 2, 0
1860385, 3, 0
1860425, 2, 1
1860535, 3, 0
1860575, 2, 0
1860685, 3, 1
1860725, 2, 1
1860835, 3, bit 1
1860835, 3, 0
1860875, 2, 1
1860985, 3, 1
1861025, 2, 0
1861135, 3, 0
1861175, 2, 0
1861285, 3, 1
1861325, 2, 1
1861435, 3, 0
1861475, 2, 0
1861585, 3, 1
1861625, 2, 1
1861735, 3, 0
1861775, 2, 1
1861885, 3, 1
1861925, 2, 0
1862035, 3, 1
1862075, 2, 0
1862185, 3, 0
1862225, 2, 1
1862335, 3, 0
1862375, 2, bit 0
1862375, 2, 1
1862486, 3, 1
1862525, 2, 0
1862636, 3, 1
1862675, 2, 1
1862786, 3, 0
1862825, 2, 0
1862936, 3, bit 1
1862936, 3, 0
1862975, 2, 0
1863086, 3, 1
1863126, 2, 1
1863236, 3, 0
1863276, 2, 1
1863386, 3, 1
1863426, 2, 0
1863536, 3, 0
1863576, 2, 1
1863686, 3, 1
1863726, 2, 0
1863836, 3, 0
1863876, 2, 0
1863986, 3, 1
1864026, 2, 1
1864136, 3, 1
1864176, 2, 1
1864286, 3, 0
1864326, 2, 0
1864436, 3, 0
1864476, 2, bit 0
1864476, 2, 1
1864586, 3, 1
1864626, 2, 0
1864736, 3, 1
1864776, 2, 1
1864886, 3, 0
1864926, 2, 0
1865036, 3, bit 1
1865036, 3, 0
1865076, 2, 0
1865186, 3, 1
1865226, 2, 1
1865336, 3, 0
1865376, 2, 1
1865486, 3, 1
1865526, 2, 0
1865636, 3, 0
1865676, 2, 1
1865786, 3, 1
1865826, 2, 0
1865936, 3, 0
1865976, 2, 0
1866086, 3, 1
1866126, 2, 1
1866236, 3, 1
1866276, 2, 1
1866386, 3, 0
1866426, 2, 0
1866536, 3, 0
1866576, 2, bit 1
1866576, 2, 0
1866686, 3, 1
1866726, 2, 1
1866836, 3, 1
1866876, 2, 0
1866986, 3, 0
1867026, 2, 1
1867136, 3, bit 1
1867136, 3, 0
1867176, 2, 1
1867286, 3, 1
1867326, 2, 0
1867436, 3, 0
1867476, 2, 0
1867586, 3, 1
1867626, 2, 1
1867736, 3, 0
1867776, 2, 0
1867886, 3, 1
1867926, 2, 1
1868036, 3, 0
1868076, 2, 1
1868186, 3, 1
1868226, 2, 0
1868336, 3, 1
1868376, 2, 0
1868486, 3, 0
1868526, 2, 1
1868636, 3, 0
1868786, 3, 1
1868936, 3, 1
1869086, 3, 0
1869236, 3, bit 0
1869236, 3, 1
1869386, 3, 0
1869536, 3, 1
1869686, 3, 0
1869836, 3, 1
1869986, 3, 0
1870136, 3, 1
1870286, 3, 0
1870436, 3, 0
1870586, 3, 1
1870736, 3, 1
1870886, 3, 0
1871036, 3, 0
1871186, 3, 1
1871336, 3, bit 0
1871336, 3, 1
1871486, 3, 0
1871636, 3, 1
1871787, 3, 0
1871937, 3, 1
1872087, 3, 0
1872237, 3, 1
1872387, 3, 0
1872537, 3, 0
1872687, 3, 1
1872837, 3, 1
1872987, 3, 0
1873137, 3, 0
1873287, 3, 1
1873437, 3, bit 0
1873437, 3, 1
1873587, 3, 0
1873737, 3, 1
1873887, 3, 0
1874037, 3, 1
1874187, 3, 0
1874337, 3, 1
1874487, 3, 0
1874637, 3, 0
1874787, 3, 1
1874937, 3, 1
1875087, 3, 0
1875237, 3, 0
1875387, 3, 1
1875537, 3, bit 1
1875537, 3, 0
1875687, 3, 1
1875837, 3, 0
1875987, 3, 1
1876137, 3, 0
1876287, 3, 1
1876438, 3, 0
1876588, 3, 1
1876738, 3, 1
1876888, 3, 0
1877038, 3, 0
1877188, 3, 1
1877338, 3, 1
1877488, 3, 0
