125 100 2 7 16
(3, 20, 11, 10.00), (code 4)
(4, 258, 0, 10.00), (code 0)
START
1274570, 0, prem 0
1274570, 0, 0
1274695, 0, 0
1274820, 0, 0
1274945, 0, 0
1275070, 0, 0
1275195, 0, 0
1275320, 0, 0
1275445, 0, 0
1275570, 0, 0
1275695, 0, 0
1275820, 0, 0
1275945, 0, 0
1276070, 0, 0
1276195, 0, 0
1276320, 0, 0
1276445, 0, 0
1276570, 0, 1
1276695, 0, 1
1276820, 0, 1
1276945, 0, 1
1277070, 0, 1
1277195, 0, 1
1277320, 0, 1
1277445, 0, 1
1277570, 0, 1
1277696, 0, 1
1277821, 0, 1
1277946, 0, 1
1278071, 0, 1
1278196, 0, 1
1278321, 0, 1
1278446, 0, 1
1278571, 0, prem 0
1278571, 0, 0
1278696, 0, 0
1278821, 0, 0
1278946, 0, 0
1279071, 0, 0
1279196, 0, 0
1279321, 0, 0
1279446, 0, 0
1279571, 0, 0
1279696, 0, 0
1279821, 0, 0
1279946, 0, 0
1280071, 0, 0
1280196, 0, 0
1280321, 0, 0
1280446, 0, 0
1280571, 0, 1
1280696, 0, 1
1280821, 0, 1
1280946, 0, 1
1281071, 0, 1
1281196, 0, 1
1281321, 0, 1
1281446, 0, 1
1281571, 0, 1
1281696, 0, 1
1281821, 0, 1
1281946, 0, 1
1282071, 0, 1
1282196, 0, 1
1282321, 0, 1
1282446, 0, 1
1282571, 0, prem 0
1282571, 0, 0
1282696, 0, 0
1282821, 0, 0
1282946, 0, 0
1283072, 0, 0
1283197, 0, 0
1283322, 0, 0
1283447, 0, 0
1283572, 0, 0
1283697, 0, 0
1283822, 0, 0
1283947, 0, 0
1284072, 0, 0
1284197, 0, 0
1284322, 0, 0
1284447, 0, 0
1284572, 0, 1
1284697, 0, 1
1284822, 0, 1
1284947, 0, 1
1285072, 0, 1
1285197, 0, 1
1285322, 0, 1
1285447, 0, 1
1285572, 0, 1
1285697, 0, 1
1285822, 0, 1
1285947, 0, 1
1286072, 0, 1
1286197, 0, 1
1286322, 0, 1
1286447, 0, 1
1286572, 0, prem 0
1286572, 0, 0
1286697, 0, 0
1286822, 0, 0
1286947, 0, 0
1287072, 0, 0
1287197, 0, 0
1287322, 0, 0
1287447, 0, 0
1287572, 0, 0
1287697, 0, 0
1287822, 0, 0
1287947, 0, 0
1288072, 0, 0
1288197, 0, 0
1288322, 0, 0
1288448, 0, 0
1288573, 0, 1
1288698, 0, 1
1288823, 0, 1
1288948, 0, 1
1289073, 0, 1
1289198, 0, 1
1289323, 0, 1
1289448, 0, 1
1289573, 0, 1
1289698, 0, 1
1289823, 0, 1
1289948, 0, 1
1290073, 0, 1
1290198, 0, 1
1290323, 0, 1
1290448, 0, 1
1290573, 0, prem 1
1290573, 0, 1
1290698, 0, 1
1290823, 0, 1
1290948, 0, 1
1291073, 0, 1
1291198, 0, 1
1291323, 0, 1
1291448, 0, 1
1291573, 0, 1
1291698, 0, 1
1291823, 0, 1
1291948, 0, 1
1292073, 0, 1
1292198, 0, 1
1292323, 0, 1
1292448, 0, 1
1292573, 0, 0
1292698, 0, 0
1292823, 0, 0
1292948, 0, 0
1293073, 0, 0
1293198, 0, 0
1293323, 0, 0
1293448, 0, 0
1293573, 0, 0
1293698, 0, 0
1293824, 0, 0
1293949, 0, 0
1294074, 0, 0
1294199, 0, 0
1294324, 0, 0
1294449, 0, 0
1294574, 0, prem 0
1294574, 0, 0
1294699, 0, 0
1294824, 0, 0
1294949, 0, 0
1295074, 0, 0
1295199, 0, 0
1295324, 0, 0
1295449, 0, 0
1295574, 0, 0
1295699, 0, 0
1295824, 0, 0
1295949, 0, 0
1296074, 0, 0
1296199, 0, 0
1296324, 0, 0
1296449, 0, 0
1296574, 0, 1
1296699, 0, 1
1296824, 0, 1
1296949, 0, 1
1297074, 0, 1
1297199, 0, 1
1297324, 0, 1
1297449, 0, 1
1297574, 0, 1
1297699, 0, 1
1297824, 0, 1
1297949, 0, 1
1298074, 0, 1
1298199, 0, 1
1298324, 0, 1
1298449, 0, 1
1298574, 0, prem 1
1298574, 0, 1
1298699, 0, 1
1298824, 0, 1
1298949, 0, 1
1299074, 0, 1
1299200, 0, 1
1299325, 0, 1
1299450, 0, 1
1299575, 0, 1
1299700, 0, 1
1299825, 0, 1
1299950, 0, 1
1300075, 0, 1
1300200, 0, 1
1300325, 0, 1
1300450, 0, 1
1300575, 0, 0
1300700, 0, 0
1300825, 0, 0
1300950, 0, 0
1301075, 0, 0
1301200, 0, 0
1301325, 0, 0
1301450, 0, 0
1301575, 0, 0
1301700, 0, 0
1301825, 0, 0
1301950, 0, 0
1302075, 0, 0
1302200, 0, 0
1302325, 0, 0
1302450, 0, 0
1302575, 0, bit 1
1302578, 0, 0
1302700, 0, 1
1302825, 0, 0
1302950, 0, 1
1302953, 1, prem 0
1302953, 1, 0
1303075, 0, 0
1303078, 1, 0
1303200, 0, 1
1303203, 1, 0
1303325, 0, 0
1303328, 1, 0
1303450, 0, 1
1303453, 1, 0
1303575, 0, 1
1303578, 1, 0
1303700, 0, 0
1303703, 1, 0
1303825, 0, 0
1303828, 1, 0
1303950, 0, 1
1303953, 1, 0
1304075, 0, 1
1304078, 1, 0
1304200, 0, 0
1304203, 1, 0
1304325, 0, bit 1
1304325, 0, 0
1304328, 1, 0
1304450, 0, 1
1304453, 1, 0
1304576, 0, 0
1304578, 1, 0
1304701, 0, 1
1304704, 1, 0
1304826, 0, 0
1304829, 1, 0
1304951, 0, 1
1304954, 1, 1
1305076, 0, 0
1305079, 1, 1
1305201, 0, 1
1305204, 1, 1
1305326, 0, 1
1305329, 1, 1
1305451, 0, 0
1305454, 1, 1
1305576, 0, 0
1305579, 1, 1
1305701, 0, 1
1305704, 1, 1
1305826, 0, 1
1305829, 1, 1
1305951, 0, 0
1305954, 1, 1
1306076, 0, bit 0
1306076, 0, 1
1306079, 1, 1
1306201, 0, 0
1306204, 1, 1
1306326, 0, 1
1306329, 1, 1
1306451, 0, 0
1306454, 1, 1
1306576, 0, 1
1306579, 1, 1
1306701, 0, 0
1306704, 1, 1
1306826, 0, 1
1306829, 1, 1
1306951, 0, 0
1306954, 1, prem 1
1306954, 1, 1
1307076, 0, 0
1307079, 1, 1
1307201, 0, 1
1307204, 1, 1
1307326, 0, 1
1307329, 1, 1
1307451, 0, 0
1307454, 1, 1
1307576, 0, 0
1307579, 1, 1
1307701, 0, 1
1307704, 1, 1
1307826, 0, bit 1
1307826, 0, 0
1307829, 1, 1
1307951, 0, 1
1307954, 1, 1
1308076, 0, 0
1308079, 1, 1
1308201, 0, 1
1308204, 1, 1
1308326, 0, 0
1308329, 1, 1
1308451, 0, 1
1308454, 1, 1
1308576, 0, 0
1308579, 1, 1
1308701, 0, 1
1308704, 1, 1
1308826, 0, 1
1308829, 1, 1
1308951, 0, 0
1308954, 1, 0
1309076, 0, 0
1309079, 1, 0
1309201, 0, 1
1309204, 1, 0
1309326, 0, 1
1309329, 1, 0
1309451, 0, 0
1309454, 1, 0
1309576, 0, bit 0
1309576, 0, 1
1309579, 1, 0
1309701, 0, 0
1309704, 1, 0
1309826, 0, 1
1309829, 1, 0
1309952, 0, 0
1309954, 1, 0
1310077, 0, 1
1310080, 1, 0
1310202, 0, 0
1310205, 1, 0
1310327, 0, 1
1310330, 1, 0
1310452, 0, 0
1310455, 1, 0
1310577, 0, 0
1310580, 1, 0
1310702, 0, 1
1310705, 1, 0
1310827, 0, 1
1310830, 1, 0
1310952, 0, 0
1310955, 1, prem 1
1310955, 1, 1
1311077, 0, 0
1311080, 1, 1
1311202, 0, 1
1311205, 1, 1
1311327, 0, bit 1
1311327, 0, 0
1311330, 1, 1
1311452, 0, 1
1311455, 1, 1
1311577, 0, 0
1311580, 1, 1
1311702, 0, 1
1311705, 1, 1
1311827, 0, 0
1311830, 1, 1
1311952, 0, 1
1311955, 1, 1
1312077, 0, 0
1312080, 1, 1
1312202, 0, 1
1312205, 1, 1
1312327, 0, 1
1312330, 1, 1
1312452, 0, 0
1312455, 1, 1
1312577, 0, 0
1312580, 1, 1
1312702, 0, 1
1312705, 1, 1
1312827, 0, 1
1312830, 1, 1
1312952, 0, 0
1312955, 1, 0
1313077, 0, bit 1
1313077, 0, 0
1313080, 1, 0
1313202, 0, 1
1313205, 1, 0
1313327, 0, 0
1313330, 1, 0
1313452, 0, 1
1313455, 1, 0
1313577, 0, 0
1313580, 1, 0
1313702, 0, 1
1313705, 1, 0
1313827, 0, 0
1313830, 1, 0
1313952, 0, 1
1313955, 1, 0
1314077, 0, 1
1314080, 1, 0
1314202, 0, 0
1314205, 1, 0
1314327, 0, 0
1314330, 1, 0
1314452, 0, 1
1314455, 1, 0
1314577, 0, 1
1314580, 1, 0
1314702, 0, 0
1314705, 1, 0
1314827, 0, bit 0
1314827, 0, 1
1314830, 1, 0
1314952, 0, 0
1314955, 1, prem 1
1314955, 1, 1
1315077, 0, 1
1315080, 1, 1
1315202, 0, 0
1315205, 1, 1
1315328, 0, 1
1315330, 1, 1
1315453, 0, 0
1315456, 1, 1
1315578, 0, 1
1315581, 1, 1
1315703, 0, 0
1315706, 1, 1
1315828, 0, 0
1315831, 1, 1
1315953, 0, 1
1315956, 1, 1
1316078, 0, 1
1316081, 1, 1
1316203, 0, 0
1316206, 1, 1
1316328, 0, 0
1316331, 1, 1
1316453, 0, 1
1316456, 1, 1
1316578, 0, bit 0
1316578, 0, 1
1316581, 1, 1
1316703, 0, 0
1316706, 1, 1
1316828, 0, 1
1316831, 1, 1
1316953, 0, 0
1316956, 1, 0
1317078, 0, 1
1317081, 1, 0
1317203, 0, 0
1317206, 1, 0
1317328, 0, 1
1317331, 1, 0
1317453, 0, 0
1317456, 1, 0
1317578, 0, 0
1317581, 1, 0
1317703, 0, 1
1317706, 1, 0
1317828, 0, 1
1317831, 1, 0
1317953, 0, 0
1317956, 1, 0
1318078, 0, 0
1318081, 1, 0
1318203, 0, 1
1318206, 1, 0
1318328, 0, bit 0
1318328, 0, 1
1318331, 1, 0
1318453, 0, 0
1318456, 1, 0
1318578, 0, 1
1318581, 1, 0
1318703, 0, 0
1318706, 1, 0
1318828, 0, 1
1318831, 1, 0
1318953, 0, 0
1318956, 1, prem 1
1318956, 1, 1
1319078, 0, 1
1319081, 1, 1
1319203, 0, 0
1319206, 1, 1
1319328, 0, 0
1319331, 1, 1
1319453, 0, 1
1319456, 1, 1
1319578, 0, 1
1319581, 1, 1
1319703, 0, 0
1319706, 1, 1
1319828, 0, 0
1319831, 1, 1
1319953, 0, 1
1319956, 1, 1
1320078, 0, bit 1
1320078, 0, 0
1320081, 1, 1
1320203, 0, 1
1320206, 1, 1
1320328, 0, 0
1320331, 1, 1
1320453, 0, 1
1320456, 1, 1
1320578, 0, 0
1320581, 1, 1
1320704, 0, 1
1320706, 1, 1
1320829, 0, 0
1320832, 1, 1
1320954, 0, 1
1320957, 1, 0
1321079, 0, 1
1321082, 1, 0
1321204, 0, 0
1321207, 1, 0
1321329, 0, 0
1321332, 1, 0
1321454, 0, 1
1321457, 1, 0
1321579, 0, 1
1321582, 1, 0
1321704, 0, 0
1321707, 1, 0
1321829, 0, bit 1
1321829, 0, 0
1321832, 1, 0
1321954, 0, 1
1321957, 1, 0
1322079, 0, 0
1322082, 1, 0
1322204, 0, 1
1322207, 1, 0
1322329, 0, 0
1322332, 1, 0
1322454, 0, 1
1322457, 1, 0
1322579, 0, 0
1322582, 1, 0
1322704, 0, 1
1322707, 1, 0
1322829, 0, 1
1322832, 1, 0
1322954, 0, 0
1322957, 1, prem 0
1322957, 1, 0
1323079, 0, 0
1323082, 1, 0
1323204, 0, 1
1323207, 1, 0
1323329, 0, 1
1323332, 1, 0
1323454, 0, 0
1323457, 1, 0
1323579, 0, bit 1
1323579, 0, 0
1323582, 1, 0
1323704, 0, 1
1323707, 1, 0
1323829, 0, 0
1323832, 1, 0
1323954, 0, 1
1323957, 1, 0
1324079, 0, 0
1324082, 1, 0
1324204, 0, 1
1324207, 1, 0
1324329, 0, 0
1324332, 1, 0
1324454, 0, 1
1324457, 1, 0
1324579, 0, 1
1324582, 1, 0
1324704, 0, 0
1324707, 1, 0
1324829, 0, 0
1324832, 1, 0
1324954, 0, 1
1324957, 1, 1
1325079, 0, 1
1325082, 1, 1
1325204, 0, 0
1325207, 1, 1
1325329, 0, bit 0
1325329, 0, 1
1325332, 1, 1
1325454, 0, 0
1325457, 1, 1
1325579, 0, 1
1325582, 1, 1
1325704, 0, 0
1325707, 1, 1
1325829, 0, 1
1325832, 1, 1
1325954, 0, 0
1325957, 1, 1
1326080, 0, 1
1326082, 1, 1
1326205, 0, 0
1326208, 1, 1
1326330, 0, 0
1326333, 1, 1
1326455, 0, 1
1326458, 1, 1
1326580, 0, 1
1326583, 1, 1
1326705, 0, 0
1326708, 1, 1
1326830, 0, 0
1326833, 1, 1
1326955, 0, 1
1326958, 1, prem 0
1326958, 1, 0
1327080, 0, bit 0
1327080, 0, 1
1327083, 1, 0
1327205, 0, 0
1327208, 1, 0
1327330, 0, 1
1327333, 1, 0
1327455, 0, 0
1327458, 1, 0
1327580, 0, 1
1327583, 1, 0
1327705, 0, 0
1327708, 1, 0
1327830, 0, 1
1327833, 1, 0
1327955, 0, 0
1327958, 1, 0
1328080, 0, 0
1328083, 1, 0
1328205, 0, 1
1328208, 1, 0
1328330, 0, 1
1328333, 1, 0
1328455, 0, 0
1328458, 1, 0
1328580, 0, 0
1328583, 1, 0
1328705, 0, 1
1328708, 1, 0
1328830, 0, bit 0
1328830, 0, 1
1328833, 1, 0
1328955, 0, 0
1328958, 1, 1
1329080, 0, 1
1329083, 1, 1
1329205, 0, 0
1329208, 1, 1
1329330, 0, 1
1329333, 1, 1
1329455, 0, 0
1329458, 1, 1
1329580, 0, 1
1329583, 1, 1
1329705, 0, 0
1329708, 1, 1
1329830, 0, 0
1329833, 1, 1
1329955, 0, 1
1329958, 1, 1
1330080, 0, 1
1330083, 1, 1
1330205, 0, 0
1330208, 1, 1
1330330, 0, 0
1330333, 1, 1
1330455, 0, 1
1330458, 1, 1
1330580, 0, bit 1
1330580, 0, 0
1330583, 1, 1
1330705, 0, 1
1330708, 1, 1
1330830, 0, 0
1330833, 1, 1
1330955, 0, 1
1330958, 1, bit 1
1330958, 1, 0
1331080, 0, 0
1331083, 1, 1
1331205, 0, 1
1331208, 1, 1
1331330, 0, 0
1331333, 1, 0
1331456, 0, 1
1331458, 1, 1
1331581, 0, 1
1331584, 1, 0
1331706, 0, 0
1331709, 1, 1
1331831, 0, 0
1331834, 1, 0
1331956, 0, 1
1331959, 1, 1
1332081, 0, 1
1332084, 1, 0
1332206, 0, 0
1332209, 1, 0
1332331, 0, bit 0
1332331, 0, 1
1332334, 1, 1
1332456, 0, 0
1332459, 1, 0
1332581, 0, 1
1332584, 1, 1
1332706, 0, 0
1332709, 1, bit 0
1332709, 1, 1
1332831, 0, 1
1332834, 1, 0
1332956, 0, 0
1332959, 1, 0
1333081, 0, 1
1333084, 1, 1
1333206, 0, 0
1333209, 1, 0
1333331, 0, 0
1333334, 1, 1
1333456, 0, 1
1333459, 1, 0
1333581, 0, 1
1333584, 1, 1
1333706, 0, 0
1333709, 1, 0
1333831, 0, 0
1333834, 1, 1
1333956, 0, 1
1333959, 1, 1
1334081, 0, bit 1
1334081, 0, 0
1334084, 1, 0
1334206, 0, 1
1334209, 1, 1
1334331, 0, 0
1334334, 1, 0
1334456, 0, 1
1334459, 1, bit 1
1334459, 1, 0
1334581, 0, 0
1334584, 1, 1
1334706, 0, 1
1334709, 1, 1
1334831, 0, 0
1334834, 1, 0
1334956, 0, 1
1334959, 1, 1
1335081, 0, 1
1335084, 1, 0
1335206, 0, 0
1335209, 1, 1
1335331, 0, 0
1335334, 1, 0
1335456, 0, 1
1335459, 1, 1
1335581, 0, 1
1335584, 1, 0
1335706, 0, 0
1335709, 1, 0
1335831, 0, bit 1
1335831, 0, 0
1335834, 1, 1
1335956, 0, 1
1335959, 1, 0
1336081, 0, 0
1336084, 1, 1
1336206, 0, 1
1336209, 1, bit 1
1336209, 1, 0
1336331, 0, 0
1336334, 1, 1
1336456, 0, 1
1336459, 1, 1
1336581, 0, 0
1336584, 1, 0
1336706, 0, 1
1336709, 1, 1
1336832, 0, 1
1336834, 1, 0
1336957, 0, 0
1336960, 1, 1
1337082, 0, 0
1337085, 1, 0
1337207, 0, 1
1337210, 1, 1
1337332, 0, 1
1337335, 1, 0
1337457, 0, 0
1337460, 1, 0
1337582, 0, bit 1
1337582, 0, 0
1337585, 1, 1
1337707, 0, 1
1337710, 1, 0
1337832, 0, 0
1337835, 1, 1
1337957, 0, 1
1337960, 1, bit 1
1337960, 1, 0
1338082, 0, 0
1338085, 1, 1
1338207, 0, 1
1338210, 1, 1
1338332, 0, 0
1338335, 1, 0
1338457, 0, 1
1338460, 1, 1
1338582, 0, 1
1338585, 1, 0
1338707, 0, 0
1338710, 1, 1
1338832, 0, 0
1338835, 1, 0
1338957, 0, 1
1338960, 1, 1
1339082, 0, 1
1339085, 1, 0
1339207, 0, 0
1339210, 1, 0
1339332, 0, bit 0
1339332, 0, 1
1339335, 1, 1
1339457, 0, 0
1339460, 1, 0
1339582, 0, 1
1339585, 1, 1
1339707, 0, 0
1339710, 1, bit 1
1339710, 1, 0
1339832, 0, 1
1339835, 1, 1
1339957, 0, 0
1339960, 1, 1
1340082, 0, 1
1340085, 1, 0
1340207, 0, 0
1340210, 1, 1
1340332, 0, 0
1340335, 1, 0
1340457, 0, 1
1340461, 1, 1
1340582, 0, 1
1340587, 1, 0
1340707, 0, 0
1340712, 1, 1
1340832, 0, 0
1340837, 1, 0
1340957, 0, 1
1340962, 1, 0
1341082, 0, bit 1
1341082, 0, 0
1341087, 1, 1
1341207, 0, 1
1341212, 1, 0
1341332, 0, 0
1341337, 1, 1
1341457, 0, 1
1341462, 1, bit 0
1341462, 1, 1
1341582, 0, 0
1341587, 1, 0
1341707, 0, 1
1341712, 1, 0
1341832, 0, 0
1341837, 1, 1
1341957, 0, 1
1341962, 1, 0
1342082, 0, 1
1342087, 1, 1
1342208, 0, 0
1342212, 1, 0
1342333, 0, 0
1342337, 1, 1
1342458, 0, 1
1342462, 1, 0
1342583, 0, 1
1342587, 1, 1
1342708, 0, 0
1342712, 1, 1
1342833, 0, bit 1
1342833, 0, 0
1342837, 1, 0
1342958, 0, 1
1342962, 1, 1
1343083, 0, 0
1343087, 1, 0
1343208, 0, 1
1343212, 1, bit 1
1343212, 1, 0
1343333, 0, 0
1343337, 1, 1
1343458, 0, 1
1343462, 1, 1
1343583, 0, 0
1343587, 1, 0
1343708, 0, 1
1343712, 1, 1
1343833, 0, 1
1343837, 1, 0
1343958, 0, 0
1343962, 1, 1
1344083, 0, 0
1344087, 1, 0
1344208, 0, 1
1344212, 1, 1
1344333, 0, 1
1344337, 1, 0
1344458, 0, 0
1344462, 1, 0
1344583, 0, bit 1
1344583, 0, 0
1344587, 1, 1
1344708, 0, 1
1344712, 1, 0
1344833, 0, 0
1344837, 1, 1
1344958, 0, 1
1344962, 1, bit 0
1344962, 1, 1
1345083, 0, 0
1345087, 1, 0
1345208, 0, 1
1345212, 1, 0
1345333, 0, 0
1345337, 1, 1
1345458, 0, 1
1345462, 1, 0
1345583, 0, 1
1345587, 1, 1
1345708, 0, 0
1345712, 1, 0
1345833, 0, 0
1345837, 1, 1
1345958, 0, 1
1345963, 1, 0
1346083, 0, 1
1346088, 1, 1
1346208, 0, 0
1346213, 1, 1
1346333, 0, bit 1
1346333, 0, 0
1346338, 1, 0
1346458, 0, 1
1346463, 1, 1
1346583, 0, 0
1346588, 1, 0
1346708, 0, 1
1346713, 1, bit 0
1346713, 1, 1
1346833, 0, 0
1346838, 1, 0
1346958, 0, 1
1346963, 1, 0
1347083, 0, 0
1347088, 1, 1
1347208, 0, 1
1347213, 1, 0
1347333, 0, 1
1347338, 1, 1
1347458, 0, 0
1347463, 1, 0
1347584, 0, 0
1347588, 1, 1
1347709, 0, 1
1347713, 1, 0
1347834, 0, 1
1347838, 1, 1
1347959, 0, 0
1347963, 1, 1
1348084, 0, bit 1
1348084, 0, 0
1348088, 1, 0
1348209, 0, 1
1348213, 1, 1
1348334, 0, 0
1348338, 1, 0
1348459, 0, 1
1348463, 1, bit 0
1348463, 1, 1
1348584, 0, 0
1348588, 1, 0
1348709, 0, 1
1348713, 1, 0
1348834, 0, 0
1348838, 1, 1
1348959, 0, 1
1348963, 1, 0
1349084, 0, 1
1349088, 1, 1
1349209, 0, 0
1349213, 1, 0
1349334, 0, 0
1349338, 1, 1
1349459, 0, 1
1349463, 1, 0
1349584, 0, 1
1349588, 1, 1
1349709, 0, 0
1349713, 1, 1
1349834, 0, bit 1
1349834, 0, 0
1349838, 1, 0
1349959, 0, 1
1349963, 1, 1
1350084, 0, 0
1350088, 1, 0
1350209, 0, 1
1350213, 1, bit 0
1350216, 1, 1
1350334, 0, 0
1350338, 1, 0
1350459, 0, 1
1350463, 1, 0
1350584, 0, 0
1350588, 1, 1
1350709, 0, 1
1350713, 1, 0
1350834, 0, 1
1350838, 1, 1
1350959, 0, 0
1350963, 1, 0
1351084, 0, 0
1351088, 1, 1
1351209, 0, 1
1351213, 1, 0
1351334, 0, 1
1351339, 1, 1
1351459, 0, 0
1351464, 1, 1
1351584, 0, bit 1
1351584, 0, 0
1351589, 1, 0
1351709, 0, 1
1351714, 1, 1
1351834, 0, 0
1351839, 1, 0
1351959, 0, 1
1351964, 1, bit 1
1351964, 1, 0
1352084, 0, 0
1352089, 1, 1
1352209, 0, 1
1352214, 1, 1
1352334, 0, 0
1352339, 1, 0
1352459, 0, 1
1352464, 1, 1
1352584, 0, 1
1352589, 1, 0
1352709, 0, 0
1352714, 1, 1
1352834, 0, 0
1352839, 1, 0
1352960, 0, 1
1352964, 1, 1
1353085, 0, 1
1353089, 1, 0
1353210, 0, 0
1353214, 1, 0
1353335, 0, bit 1
1353335, 0, 0
1353339, 1, 1
1353460, 0, 1
1353464, 1, 0
1353585, 0, 0
1353589, 1, 1
1353710, 0, 1
1353714, 1, bit 0
1353714, 1, 1
1353835, 0, 0
1353839, 1, 0
1353960, 0, 1
1353964, 1, 0
1354085, 0, 0
1354089, 1, 1
1354210, 0, 1
1354214, 1, 0
1354335, 0, 1
1354339, 1, 1
1354460, 0, 0
1354464, 1, 0
1354585, 0, 0
1354589, 1, 1
1354710, 0, 1
1354714, 1, 0
1354835, 0, 1
1354839, 1, 1
1354960, 0, 0
1354964, 1, 1
1355085, 0, bit 0
1355085, 0, 1
1355089, 1, 0
1355210, 0, 0
1355214, 1, 1
1355335, 0, 1
1355339, 1, 0
1355460, 0, 0
1355464, 1, bit 0
1355464, 1, 1
1355585, 0, 1
1355589, 1, 0
1355710, 0, 0
1355714, 1, 0
1355835, 0, 1
1355839, 1, 1
1355960, 0, 0
1355964, 1, 0
1356085, 0, 0
1356089, 1, 1
1356210, 0, 1
1356214, 1, 0
1356335, 0, 1
1356339, 1, 1
1356460, 0, 0
1356464, 1, 0
1356585, 0, 0
1356589, 1, 1
1356710, 0, 1
1356715, 1, 1
1356835, 0, bit 0
1356835, 0, 1
1356840, 1, 0
1356960, 0, 0
1356965, 1, 1
1357085, 0, 1
1357090, 1, 0
1357210, 0, 0
1357215, 1, bit 0
1357215, 1, 1
1357335, 0, 1
1357340, 1, 0
1357460, 0, 0
1357465, 1, 0
1357585, 0, 1
1357590, 1, 1
1357710, 0, 0
1357715, 1, 0
1357835, 0, 0
1357840, 1, 1
1357960, 0, 1
1357965, 1, 0
1358085, 0, 1
1358090, 1, 1
1358210, 0, 0
1358215, 1, 0
1358336, 0, 0
1358340, 1, 1
1358461, 0, 1
1358465, 1, 1
1358586, 0, bit 0
1358586, 0, 1
1358590, 1, 0
1358711, 0, 0
1358715, 1, 1
1358836, 0, 1
1358840, 1, 0
1358961, 0, 0
1358965, 1, bit 1
1358965, 1, 0
1359086, 0, 1
1359090, 1, 1
1359211, 0, 0
1359215, 1, 1
1359336, 0, 1
1359340, 1, 0
1359461, 0, 0
1359465, 1, 1
1359586, 0, 0
1359590, 1, 0
1359711, 0, 1
1359715, 1, 1
1359836, 0, 1
1359840, 1, 0
1359961, 0, 0
1359965, 1, 1
1360086, 0, 0
1360090, 1, 0
1360211, 0, 1
1360215, 1, 0
1360336, 0, bit 0
1360336, 0, 1
1360340, 1, 1
1360461, 0, 0
1360465, 1, 0
1360586, 0, 1
1360590, 1, 1
1360711, 0, 0
1360715, 1, bit 1
1360715, 1, 0
1360836, 0, 1
1360840, 1, 1
1360961, 0, 0
1360965, 1, 1
1361086, 0, 1
1361090, 1, 0
1361211, 0, 0
1361215, 1, 1
1361336, 0, 0
1361340, 1, 0
1361461, 0, 1
1361465, 1, 1
1361586, 0, 1
1361590, 1, 0
1361711, 0, 0
1361715, 1, 1
1361836, 0, 0
1361840, 1, 0
1361961, 0, 1
1361965, 1, 0
1362086, 0, bit 1
1362086, 0, 0
1362091, 1, 1
1362211, 0, 1
1362216, 1, 0
1362336, 0, 0
1362341, 1, 1
1362461, 0, 1
1362466, 1, bit 1
1362466, 1, 0
1362586, 0, 0
1362591, 1, 1
1362711, 0, 1
1362716, 1, 1
1362836, 0, 0
1362841, 1, 0
1362961, 0, 1
1362966, 1, 1
1363086, 0, 1
1363091, 1, 0
1363211, 0, 0
1363216, 1, 1
1363336, 0, 0
1363341, 1, 0
1363461, 0, 1
1363466, 1, 1
1363586, 0, 1
1363591, 1, 0
1363712, 0, 0
1363716, 1, 0
1363837, 0, bit 1
1363837, 0, 0
1363841, 1, 1
1363962, 0, 1
1363966, 1, 0
1364087, 0, 0
1364091, 1, 1
1364212, 0, 1
1364216, 1, bit 1
1364216, 1, 0
1364337, 0, 0
1364341, 1, 1
1364462, 0, 1
1364466, 1, 1
1364587, 0, 0
1364591, 1, 0
1364712, 0, 1
1364716, 1, 1
1364837, 0, 1
1364841, 1, 0
1364962, 0, 0
1364966, 1, 1
1365087, 0, 0
1365091, 1, 0
1365212, 0, 1
1365216, 1, 1
1365337, 0, 1
1365341, 1, 0
1365462, 0, 0
1365466, 1, 0
1365587, 0, bit 0
1365587, 0, 1
1365591, 1, 1
1365712, 0, 0
1365716, 1, 0
1365837, 0, 1
1365841, 1, 1
1365962, 0, 0
1365966, 1, bit 1
1365966, 1, 0
1366087, 0, 1
1366091, 1, 1
1366212, 0, 0
1366216, 1, 1
1366337, 0, 1
1366341, 1, 0
1366462, 0, 0
1366466, 1, 1
1366587, 0, 0
1366591, 1, 0
1366712, 0, 1
1366716, 1, 1
1366837, 0, 1
1366841, 1, 0
1366962, 0, 0
1366966, 1, 1
1367087, 0, 0
1367091, 1, 0
1367212, 0, 1
1367216, 1, 0
1367337, 0, bit 0
1367337, 0, 1
1367341, 1, 1
1367462, 0, 0
1367467, 1, 0
1367587, 0, 1
1367592, 1, 1
1367712, 0, 0
1367717, 1, bit 1
1367717, 1, 0
1367837, 0, 1
1367842, 1, 1
1367962, 0, 0
1367967, 1, 1
1368087, 0, 1
1368092, 1, 0
1368212, 0, 0
1368217, 1, 1
1368337, 0, 0
1368342, 1, 0
1368462, 0, 1
1368467, 1, 1
1368587, 0, 1
1368592, 1, 0
1368712, 0, 0
1368717, 1, 1
1368837, 0, 0
1368842, 1, 0
1368962, 0, 1
1368967, 1, 0
1369088, 0, bit 1
1369088, 0, 0
1369092, 1, 1
1369213, 0, 1
1369217, 1, 0
1369338, 0, 0
1369342, 1, 1
1369463, 0, 1
1369467, 1, bit 1
1369467, 1, 0
1369588, 0, 0
1369592, 1, 1
1369713, 0, 1
1369717, 1, 1
1369838, 0, 0
1369842, 1, 0
1369963, 0, 1
1369967, 1, 1
1370088, 0, 1
1370092, 1, 0
1370213, 0, 0
1370217, 1, 1
1370338, 0, 0
1370342, 1, 0
1370463, 0, 1
1370467, 1, 1
1370588, 0, 1
1370592, 1, 0
1370713, 0, 0
1370717, 1, 0
1370838, 0, bit 1
1370838, 0, 0
1370842, 1, 1
1370963, 0, 1
1370967, 1, 0
1371088, 0, 0
1371092, 1, 1
1371213, 0, 1
1371217, 1, bit 0
1371217, 1, 1
1371338, 0, 0
1371342, 1, 0
1371463, 0, 1
1371467, 1, 0
1371588, 0, 0
1371592, 1, 1
1371713, 0, 1
1371717, 1, 0
1371838, 0, 1
1371842, 1, 1
1371963, 0, 0
1371967, 1, 0
1372088, 0, 0
1372092, 1, 1
1372213, 0, 1
1372217, 1, 0
1372338, 0, 1
1372342, 1, 1
1372463, 0, 0
1372467, 1, 1
1372588, 0, bit 1
1372588, 0, 0
1372592, 1, 0
1372713, 0, 1
1372717, 1, 1
1372838, 0, 0
1372843, 1, 0
1372963, 0, 1
1372968, 1, bit 0
1372968, 1, 1
1373088, 0, 0
1373093, 1, 0
1373213, 0, 1
1373218, 1, 0
1373338, 0, 0
1373343, 1, 1
1373463, 0, 1
1373468, 1, 0
1373588, 0, 1
1373593, 1, 1
1373713, 0, 0
1373718, 1, 0
1373838, 0, 0
1373843, 1, 1
1373963, 0, 1
1373968, 1, 0
1374088, 0, 1
1374093, 1, 1
1374213, 0, 0
1374218, 1, 1
1374338, 0, bit 0
1374338, 0, 1
1374343, 1, 0
1374464, 0, 0
1374468, 1, 1
1374589, 0, 1
1374593, 1, 0
1374714, 0, 0
1374718, 1, bit 0
1374718, 1, 1
1374839, 0, 1
1374843, 1, 0
1374964, 0, 0
1374968, 1, 0
1375089, 0, 1
1375093, 1, 1
1375214, 0, 0
1375218, 1, 0
1375339, 0, 0
1375343, 1, 1
1375464, 0, 1
1375468, 1, 0
1375589, 0, 1
1375593, 1, 1
1375714, 0, 0
1375718, 1, 0
1375839, 0, 0
1375843, 1, 1
1375964, 0, 1
1375968, 1, 1
1376089, 0, bit 0
1376089, 0, 1
1376093, 1, 0
1376214, 0, 0
1376218, 1, 1
1376339, 0, 1
1376343, 1, 0
1376464, 0, 0
1376468, 1, bit 0
1376468, 1, 1
1376589, 0, 1
1376593, 1, 0
1376714, 0, 0
1376718, 1, 0
1376839, 0, 1
1376843, 1, 1
1376964, 0, 0
1376968, 1, 0
1377089, 0, 0
1377093, 1, 1
1377214, 0, 1
1377218, 1, 0
1377339, 0, 1
1377343, 1, 1
1377464, 0, 0
1377468, 1, 0
1377589, 0, 0
1377593, 1, 1
1377714, 0, 1
1377718, 1, 1
1377839, 0, bit 0
1377839, 0, 1
1377843, 1, 0
1377964, 0, 0
1377968, 1, 1
1378089, 0, 1
1378093, 1, 0
1378214, 0, 0
1378219, 1, bit 1
1378219, 1, 0
1378339, 0, 1
1378344, 1, 1
1378464, 0, 0
1378469, 1, 1
1378589, 0, 1
1378594, 1, 0
1378714, 0, 0
1378719, 1, 1
1378839, 0, 0
1378844, 1, 0
1378964, 0, 1
1378969, 1, 1
1379089, 0, 1
1379094, 1, 0
1379214, 0, 0
1379219, 1, 1
1379339, 0, 0
1379344, 1, 0
1379464, 0, 1
1379469, 1, 0
1379589, 0, bit 1
1379589, 0, 0
1379594, 1, 1
1379714, 0, 1
1379719, 1, 0
1379840, 0, 0
1379844, 1, 1
1379965, 0, 1
1379969, 1, bit 1
1379969, 1, 0
1380090, 0, 0
1380094, 1, 1
1380215, 0, 1
1380219, 1, 1
1380340, 0, 0
1380344, 1, 0
1380465, 0, 1
1380469, 1, 1
1380590, 0, 1
1380594, 1, 0
1380715, 0, 0
1380719, 1, 1
1380840, 0, 0
1380844, 1, 0
1380965, 0, 1
1380969, 1, 1
1381090, 0, 1
1381094, 1, 0
1381215, 0, 0
1381219, 1, 0
1381340, 0, bit 1
1381340, 0, 0
1381344, 1, 1
1381465, 0, 1
1381469, 1, 0
1381590, 0, 0
1381594, 1, 1
1381715, 0, 1
1381719, 1, bit 1
1381719, 1, 0
1381840, 0, 0
1381844, 1, 1
1381965, 0, 1
1381969, 1, 1
1382090, 0, 0
1382094, 1, 0
1382215, 0, 1
1382219, 1, 1
1382340, 0, 1
1382344, 1, 0
1382465, 0, 0
1382469, 1, 1
1382590, 0, 0
1382594, 1, 0
1382715, 0, 1
1382719, 1, 1
1382840, 0, 1
1382844, 1, 0
1382965, 0, 0
1382969, 1, 0
1383090, 0, bit 1
1383090, 0, 0
1383094, 1, 1
1383215, 0, 1
1383219, 1, 0
1383340, 0, 0
1383344, 1, 1
1383465, 0, 1
1383469, 1, bit 1
1383472, 1, 0
1383590, 0, 0
1383595, 1, 1
1383715, 0, 1
1383720, 1, 1
1383840, 0, 0
1383845, 1, 0
1383965, 0, 1
1383970, 1, 1
1384090, 0, 1
1384095, 1, 0
1384215, 0, 0
1384220, 1, 1
1384340, 0, 0
1384345, 1, 0
1384465, 0, 1
1384470, 1, 1
1384590, 0, 1
1384595, 1, 0
1384715, 0, 0
1384720, 1, 0
1384840, 0, bit 1
1384840, 0, 0
1384845, 1, 1
1384965, 0, 1
1384970, 1, 0
1385090, 0, 0
1385095, 1, 1
1385216, 0, 1
1385220, 1, bit 0
1385220, 1, 1
1385341, 0, 0
1385345, 1, 0
1385466, 0, 1
1385470, 1, 0
1385591, 0, 0
1385595, 1, 1
1385716, 0, 1
1385720, 1, 0
1385841, 0, 1
1385845, 1, 1
1385966, 0, 0
1385970, 1, 0
1386091, 0, 0
1386095, 1, 1
1386216, 0, 1
1386220, 1, 0
1386341, 0, 1
1386345, 1, 1
1386466, 0, 0
1386470, 1, 1
1386591, 0, bit 1
1386591, 0, 0
1386595, 1, 0
1386716, 0, 1
1386720, 1, 1
1386841, 0, 0
1386845, 1, 0
1386966, 0, 1
1386970, 1, bit 0
1386970, 1, 1
1387091, 0, 0
1387095, 1, 0
1387216, 0, 1
1387220, 1, 0
1387341, 0, 0
1387345, 1, 1
1387466, 0, 1
1387470, 1, 0
1387591, 0, 1
1387595, 1, 1
1387716, 0, 0
1387720, 1, 0
1387841, 0, 0
1387845, 1, 1
1387966, 0, 1
1387970, 1, 0
1388091, 0, 1
1388095, 1, 1
1388216, 0, 0
1388220, 1, 1
1388341, 0, bit 1
1388341, 0, 0
1388345, 1, 0
1388466, 0, 1
1388470, 1, 1
1388591, 0, 0
1388595, 1, 0
1388716, 0, 1
1388720, 1, bit 1
1388720, 1, 0
1388841, 0, 0
1388845, 1, 1
1388966, 0, 1
1388971, 1, 1
1389091, 0, 0
1389096, 1, 0
1389216, 0, 1
1389221, 1, 1
1389341, 0, 1
1389346, 1, 0
1389466, 0, 0
1389471, 1, 1
1389591, 0, 0
1389596, 1, 0
1389716, 0, 1
1389721, 1, 1
1389841, 0, 1
1389846, 1, 0
1389966, 0, 0
1389971, 1, 0
1390091, 0, bit 0
1390091, 0, 1
1390096, 1, 1
1390216, 0, 0
1390221, 1, 0
1390341, 0, 1
1390346, 1, 1
1390466, 0, 0
1390471, 1, bit 0
1390471, 1, 1
1390592, 0, 1
1390596, 1, 0
1390717, 0, 0
1390721, 1, 0
1390842, 0, 1
1390846, 1, 1
1390967, 0, 0
1390971, 1, 0
1391092, 0, 0
1391096, 1, 1
1391217, 0, 1
1391221, 1, 0
1391342, 0, 1
1391346, 1, 1
1391467, 0, 0
1391471, 1, 0
1391592, 0, 0
1391596, 1, 1
1391717, 0, 1
1391721, 1, 1
1391842, 0, bit 1
1391842, 0, 0
1391846, 1, 0
1391967, 0, 1
1391971, 1, 1
1392092, 0, 0
1392096, 1, 0
1392217, 0, 1
1392221, 1, bit 1
1392221, 1, 0
1392342, 0, 0
1392346, 1, 1
1392467, 0, 1
1392471, 1, 1
1392592, 0, 0
1392596, 1, 0
1392717, 0, 1
1392721, 1, 1
1392842, 0, 1
1392846, 1, 0
1392967, 0, 0
1392971, 1, 1
1393092, 0, 0
1393096, 1, 0
1393217, 0, 1
1393221, 1, 1
1393342, 0, 1
1393346, 1, 0
1393467, 0, 0
1393471, 1, 0
1393592, 0, bit 0
1393592, 0, 1
1393596, 1, 1
1393717, 0, 0
1393721, 1, 0
1393842, 0, 1
1393846, 1, 1
1393967, 0, 0
1393971, 1, bit 0
1393971, 1, 1
1394092, 0, 1
1394096, 1, 0
1394217, 0, 0
1394221, 1, 0
1394342, 0, 1
1394347, 1, 1
1394467, 0, 0
1394472, 1, 0
1394592, 0, 0
1394597, 1, 1
1394717, 0, 1
1394722, 1, 0
1394842, 0, 1
1394847, 1, 1
1394967, 0, 0
1394972, 1, 0
1395092, 0, 0
1395097, 1, 1
1395217, 0, 1
1395222, 1, 1
1395342, 0, bit 0
1395345, 0, 1
1395347, 1, 0
1395467, 0, 0
1395472, 1, 1
1395592, 0, 1
1395597, 1, 0
1395717, 0, 0
1395722, 1, bit 1
1395722, 1, 0
1395842, 0, 1
1395847, 1, 1
1395968, 0, 0
1395972, 1, 1
1396093, 0, 1
1396097, 1, 0
1396218, 0, 0
1396222, 1, 1
1396343, 0, 0
1396347, 1, 0
1396468, 0, 1
1396472, 1, 1
1396593, 0, 1
1396597, 1, 0
1396718, 0, 0
1396722, 1, 1
1396843, 0, 0
1396847, 1, 0
1396968, 0, 1
1396972, 1, 0
1397093, 0, bit 1
1397093, 0, 0
1397097, 1, 1
1397218, 0, 1
1397222, 1, 0
1397343, 0, 0
1397347, 1, 1
1397468, 0, 1
1397472, 1, bit 1
1397472, 1, 0
1397593, 0, 0
1397597, 1, 1
1397718, 0, 1
1397722, 1, 1
1397843, 0, 0
1397847, 1, 0
1397968, 0, 1
1397972, 1, 1
1398093, 0, 1
1398097, 1, 0
1398218, 0, 0
1398222, 1, 1
1398343, 0, 0
1398347, 1, 0
1398468, 0, 1
1398472, 1, 1
1398593, 0, 1
1398597, 1, 0
1398718, 0, 0
1398722, 1, 0
1398843, 0, bit 0
1398843, 0, 1
1398847, 1, 1
1398968, 0, 0
1398972, 1, 0
1399093, 0, 1
1399097, 1, 1
1399218, 0, 0
1399222, 1, bit 1
1399222, 1, 0
1399343, 0, 1
1399347, 1, 1
1399468, 0, 0
1399472, 1, 1
1399593, 0, 1
1399597, 1, 0
1399718, 0, 0
1399723, 1, 1
1399843, 0, 0
1399848, 1, 0
1399968, 0, 1
1399973, 1, 1
1400093, 0, 1
1400098, 1, 0
1400218, 0, 0
1400223, 1, 1
1400343, 0, 0
1400348, 1, 0
1400468, 0, 1
1400473, 1, 0
1400593, 0, bit 0
1400593, 0, 1
1400598, 1, 1
1400718, 0, 0
1400723, 1, 0
1400843, 0, 1
1400848, 1, 1
1400968, 0, 0
1400973, 1, bit 1
1400973, 1, 0
1401093, 0, 1
1401098, 1, 1
1401218, 0, 0
1401223, 1, 1
1401344, 0, 1
1401348, 1, 0
1401469, 0, 0
1401473, 1, 1
1401594, 0, 0
1401598, 1, 0
1401719, 0, 1
1401723, 1, 1
1401844, 0, 1
1401848, 1, 0
1401969, 0, 0
1401973, 1, 1
1402094, 0, 0
1402098, 1, 0
1402219, 0, 1
1402223, 1, 0
1402344, 0, bit 0
1402344, 0, 1
1402348, 1, 1
1402469, 0, 0
1402473, 1, 0
1402594, 0, 1
1402598, 1, 1
1402719, 0, 0
1402723, 1, bit 0
1402723, 1, 1
1402844, 0, 1
1402848, 1, 0
1402969, 0, 0
1402973, 1, 0
1403094, 0, 1
1403098, 1, 1
1403219, 0, 0
1403223, 1, 0
1403344, 0, 0
1403348, 1, 1
1403469, 0, 1
1403473, 1, 0
1403594, 0, 1
1403598, 1, 1
1403719, 0, 0
1403723, 1, 0
1403844, 0, 0
1403848, 1, 1
1403969, 0, 1
1403973, 1, 1
1404094, 0, bit 1
1404094, 0, 0
1404098, 1, 0
1404219, 0, 1
1404223, 1, 1
1404344, 0, 0
1404348, 1, 0
1404469, 0, 1
1404473, 1, bit 1
1404473, 1, 0
1404594, 0, 0
1404598, 1, 1
1404719, 0, 1
1404723, 1, 1
1404844, 0, 0
1404848, 1, 0
1404969, 0, 1
1404973, 1, 1
1405094, 0, 1
1405099, 1, 0
1405219, 0, 0
1405224, 1, 1
1405344, 0, 0
1405349, 1, 0
1405469, 0, 1
1405474, 1, 1
1405594, 0, 1
1405599, 1, 0
1405719, 0, 0
1405724, 1, 0
1405844, 0, bit 0
1405844, 0, 1
1405849, 1, 1
1405969, 0, 0
1405974, 1, 0
1406094, 0, 1
1406099, 1, 1
1406219, 0, 0
1406224, 1, bit 0
1406224, 1, 1
1406344, 0, 1
1406349, 1, 0
1406469, 0, 0
1406474, 1, 0
1406594, 0, 1
1406599, 1, 1
1406720, 0, 0
1406724, 1, 0
1406845, 0, 0
1406849, 1, 1
1406970, 0, 1
1406974, 1, 0
1407095, 0, 1
1407099, 1, 1
1407220, 0, 0
1407224, 1, 0
1407345, 0, 0
1407349, 1, 1
1407470, 0, 1
1407474, 1, 1
1407595, 0, bit 0
1407595, 0, 1
1407599, 1, 0
1407720, 0, 0
1407724, 1, 1
1407845, 0, 1
1407849, 1, 0
1407970, 0, 0
1407974, 1, bit 0
1407974, 1, 1
1408095, 0, 1
1408099, 1, 0
1408220, 0, 0
1408224, 1, 0
1408345, 0, 1
1408349, 1, 1
1408470, 0, 0
1408474, 1, 0
1408595, 0, 0
1408599, 1, 1
1408720, 0, 1
1408724, 1, 0
1408845, 0, 1
1408849, 1, 1
1408970, 0, 0
1408974, 1, 0
1409095, 0, 0
1409099, 1, 1
1409220, 0, 1
1409224, 1, 1
1409345, 0, bit 0
1409345, 0, 1
1409349, 1, 0
1409470, 0, 0
1409474, 1, 1
1409595, 0, 1
1409599, 1, 0
1409720, 0, 0
1409724, 1, bit 1
1409724, 1, 0
1409845, 0, 1
1409849, 1, 1
1409970, 0, 0
1409974, 1, 1
1410095, 0, 1
1410099, 1, 0
1410220, 0, 0
1410224, 1, 1
1410345, 0, 0
1410349, 1, 0
1410470, 0, 1
1410475, 1, 1
1410595, 0, 1
1410600, 1, 0
1410720, 0, 0
1410725, 1, 1
1410845, 0, 0
1410850, 1, 0
1410970, 0, 1
1410975, 1, 0
1411095, 0, bit 1
1411095, 0, 0
1411100, 1, 1
1411220, 0, 1
1411225, 1, 0
1411345, 0, 0
1411350, 1, 1
1411470, 0, 1
1411475, 1, bit 1
1411475, 1, 0
1411595, 0, 0
1411600, 1, 1
1411720, 0, 1
1411725, 1, 1
1411845, 0, 0
1411850, 1, 0
1411970, 0, 1
1411975, 1, 1
1412096, 0, 1
1412100, 1, 0
1412221, 0, 0
1412225, 1, 1
1412346, 0, 0
1412350, 1, 0
1412471, 0, 1
1412475, 1, 1
1412596, 0, 1
1412600, 1, 0
1412721, 0, 0
1412725, 1, 0
1412846, 0, bit 1
1412846, 0, 0
1412850, 1, 1
1412971, 0, 1
1412975, 1, 0
1413096, 0, 0
1413100, 1, 1
1413221, 0, 1
1413225, 1, bit 0
1413225, 1, 1
1413346, 0, 0
1413350, 1, 0
1413471, 0, 1
1413475, 1, 0
1413596, 0, 0
1413600, 1, 1
1413721, 0, 1
1413725, 1, 0
1413846, 0, 1
1413850, 1, 1
1413971, 0, 0
1413975, 1, 0
1414096, 0, 0
1414100, 1, 1
1414221, 0, 1
1414225, 1, 0
1414346, 0, 1
1414350, 1, 1
1414471, 0, 0
1414475, 1, 1
1414596, 0, bit 0
1414596, 0, 1
1414600, 1, 0
1414721, 0, 0
1414725, 1, 1
1414846, 0, 1
1414856, 1, 0
1414971, 0, 0
1414981, 1, bit 1
1414981, 1, 0
1415096, 0, 1
1415106, 1, 1
1415221, 0, 0
1415231, 1, 1
1415346, 0, 1
1415356, 1, 0
1415471, 0, 0
1415481, 1, 1
1415596, 0, 0
1415606, 1, 0
1415721, 0, 1
1415731, 1, 1
1415846, 0, 1
1415856, 1, 0
1415971, 0, 0
1415981, 1, 1
1416096, 0, 0
1416107, 1, 0
1416221, 0, 1
1416232, 1, 0
1416346, 0, bit 0
1416346, 0, 1
1416357, 1, 1
1416471, 0, 0
1416482, 1, 0
1416596, 0, 1
1416607, 1, 1
1416721, 0, 0
1416732, 1, bit 0
1416735, 1, 1
1416846, 0, 1
1416857, 1, 0
1416971, 0, 0
1416982, 1, 0
1417096, 0, 1
1417107, 1, 1
1417221, 0, 0
1417232, 1, 0
1417346, 0, 0
1417357, 1, 1
1417472, 0, 1
1417482, 1, 0
1417597, 0, 1
1417607, 1, 1
1417722, 0, 0
1417732, 1, 0
1417847, 0, 0
1417857, 1, 1
1417972, 0, 1
1417982, 1, 1
1418097, 0, bit 1
1418097, 0, 0
1418107, 1, 0
1418222, 0, 1
1418232, 1, 1
1418347, 0, 0
1418357, 1, 0
1418472, 0, 1
1418482, 1, bit 0
1418482, 1, 1
1418597, 0, 0
1418607, 1, 0
1418722, 0, 1
1418732, 1, 0
1418847, 0, 0
1418857, 1, 1
1418972, 0, 1
1418982, 1, 0
1419097, 0, 1
1419107, 1, 1
1419222, 0, 0
1419232, 1, 0
1419347, 0, 0
1419357, 1, 1
1419472, 0, 1
1419482, 1, 0
1419597, 0, 1
1419607, 1, 1
1419722, 0, 0
1419732, 1, 1
1419847, 0, bit 0
1419847, 0, 1
1419857, 1, 0
1419972, 0, 0
1419982, 1, 1
1420097, 0, 1
1420107, 1, 0
1420222, 0, 0
1420232, 1, bit 0
1420232, 1, 1
1420347, 0, 1
1420357, 1, 0
1420472, 0, 0
1420482, 1, 0
1420597, 0, 1
1420607, 1, 1
1420722, 0, 0
1420732, 1, 0
1420847, 0, 0
1420857, 1, 1
1420972, 0, 1
1420982, 1, 0
1421097, 0, 1
1421107, 1, 1
1421222, 0, 0
1421232, 1, 0
1421347, 0, 0
1421357, 1, 1
1421472, 0, 1
1421483, 1, 1
1421597, 0, bit 1
1421597, 0, 0
1421608, 1, 0
1421722, 0, 1
1421733, 1, 1
1421847, 0, 0
1421858, 1, 0
1421972, 0, 1
1421983, 1, bit 1
1421983, 1, 0
1422097, 0, 0
1422108, 1, 1
1422222, 0, 1
1422233, 1, 1
1422347, 0, 0
1422358, 1, 0
1422472, 0, 1
1422483, 1, 1
1422597, 0, 1
1422608, 1, 0
1422722, 0, 0
1422733, 1, 1
1422848, 0, 0
1422858, 1, 0
1422973, 0, 1
1422983, 1, 1
1423098, 0, 1
1423108, 1, 0
1423223, 0, 0
1423233, 1, 0
1423348, 0, bit 1
1423348, 0, 0
1423358, 1, 1
1423473, 0, 1
1423483, 1, 0
1423598, 0, 0
1423608, 1, 1
1423723, 0, 1
1423733, 1, bit 1
1423733, 1, 0
1423848, 0, 0
1423858, 1, 1
1423973, 0, 1
1423983, 1, 1
1424098, 0, 0
1424108, 1, 0
1424223, 0, 1
1424233, 1, 1
1424348, 0, 1
1424358, 1, 0
1424473, 0, 0
1424483, 1, 1
1424598, 0, 0
1424608, 1, 0
1424723, 0, 1
1424733, 1, 1
1424848, 0, 1
1424858, 1, 0
1424973, 0, 0
1424983, 1, 0
1425098, 0, bit 1
1425098, 0, 0
1425108, 1, 1
1425223, 0, 1
1425233, 1, 0
1425348, 0, 0
1425358, 1, 1
1425473, 0, 1
1425483, 1, bit 1
1425483, 1, 0
1425598, 0, 0
1425608, 1, 1
1425723, 0, 1
1425733, 1, 1
1425848, 0, 0
1425858, 1, 0
1425973, 0, 1
1425983, 1, 1
1426098, 0, 1
1426108, 1, 0
1426223, 0, 0
1426233, 1, 1
1426348, 0, 0
1426358, 1, 0
1426473, 0, 1
1426483, 1, 1
1426598, 0, 1
1426608, 1, 0
1426723, 0, 0
1426733, 1, 0
1426848, 0, bit 0
1426848, 0, 1
1426859, 1, 1
1426973, 0, 0
1426984, 1, 0
1427098, 0, 1
1427109, 1, 1
1427223, 0, 0
1427234, 1, bit 1
1427234, 1, 0
1427348, 0, 1
1427359, 1, 1
1427473, 0, 0
1427484, 1, 1
1427598, 0, 1
1427609, 1, 0
1427723, 0, 0
1427734, 1, 1
1427848, 0, 0
1427859, 1, 0
1427973, 0, 1
1427984, 1, 1
1428098, 0, 1
1428109, 1, 0
1428224, 0, 0
1428234, 1, 1
1428349, 0, 0
1428359, 1, 0
1428474, 0, 1
1428484, 1, 0
1428599, 0, bit 0
1428602, 0, 1
1428609, 1, 1
1428724, 0, 0
1428734, 1, 0
1428849, 0, 1
1428859, 1, 1
1428974, 0, 0
1428984, 1, bit 1
1428984, 1, 0
1429099, 0, 1
1429109, 1, 1
1429224, 0, 0
1429234, 1, 1
1429349, 0, 1
1429359, 1, 0
1429474, 0, 0
1429484, 1, 1
1429599, 0, 0
1429609, 1, 0
1429724, 0, 1
1429734, 1, 1
1429849, 0, 1
1429859, 1, 0
1429974, 0, 0
1429984, 1, 1
1430099, 0, 0
1430109, 1, 0
1430224, 0, 1
1430234, 1, 0
1430349, 0, bit 1
1430349, 0, 0
1430359, 1, 1
1430474, 0, 1
1430484, 1, 0
1430599, 0, 0
1430609, 1, 1
1430724, 0, 1
1430734, 1, bit 1
1430734, 1, 0
1430849, 0, 0
1430859, 1, 1
1430974, 0, 1
1430984, 1, 1
1431099, 0, 0
1431109, 1, 0
1431224, 0, 1
1431234, 1, 1
1431349, 0, 1
1431359, 1, 0
1431474, 0, 0
1431484, 1, 1
1431599, 0, 0
1431609, 1, 0
1431724, 0, 1
1431734, 1, 1
1431849, 0, 1
1431859, 1, 0
1431974, 0, 0
1431984, 1, 0
1432099, 0, bit 0
1432099, 0, 1
1432109, 1, 1
1432224, 0, 0
1432235, 1, 0
1432349, 0, 1
1432360, 1, 1
1432474, 0, 0
1432485, 1, bit 0
1432485, 1, 1
1432599, 0, 1
1432610, 1, 0
1432724, 0, 0
1432735, 1, 0
1432849, 0, 1
1432860, 1, 1
1432974, 0, 0
1432985, 1, 0
1433099, 0, 0
1433110, 1, 1
1433224, 0, 1
1433235, 1, 0
1433349, 0, 1
1433360, 1, 1
1433474, 0, 0
1433485, 1, 0
1433600, 0, 0
1433610, 1, 1
1433725, 0, 1
1433735, 1, 1
1433850, 0, bit 0
1433850, 0, 1
1433860, 1, 0
1433975, 0, 0
1433985, 1, 1
1434100, 0, 1
1434110, 1, 0
1434225, 0, 0
1434235, 1, bit 0
1434235, 1, 1
1434350, 0, 1
1434360, 1, 0
1434475, 0, 0
1434485, 1, 0
1434600, 0, 1
1434610, 1, 1
1434725, 0, 0
1434735, 1, 0
1434850, 0, 0
1434860, 1, 1
1434975, 0, 1
1434985, 1, 0
1435100, 0, 1
1435110, 1, 1
1435225, 0, 0
1435235, 1, 0
1435350, 0, 0
1435360, 1, 1
1435475, 0, 1
1435485, 1, 1
1435600, 0, bit 0
1435600, 0, 1
1435610, 1, 0
1435725, 0, 0
1435735, 1, 1
1435850, 0, 1
1435860, 1, 0
1435975, 0, 0
1435985, 1, bit 1
1435985, 1, 0
1436100, 0, 1
1436110, 1, 1
1436225, 0, 0
1436235, 1, 1
1436350, 0, 1
1436360, 1, 0
1436475, 0, 0
1436485, 1, 1
1436600, 0, 0
1436610, 1, 0
1436725, 0, 1
1436735, 1, 1
1436850, 0, 1
1436860, 1, 0
1436975, 0, 0
1436985, 1, 1
1437100, 0, 0
1437110, 1, 0
1437225, 0, 1
1437235, 1, 0
1437350, 0, bit 1
1437350, 0, 0
1437360, 1, 1
1437475, 0, 1
1437485, 1, 0
1437600, 0, 0
1437611, 1, 1
1437725, 0, 1
1437736, 1, bit 0
1437736, 1, 1
1437850, 0, 0
1437861, 1, 0
1437975, 0, 1
1437986, 1, 0
1438100, 0, 0
1438111, 1, 1
1438225, 0, 1
1438236, 1, 0
1438350, 0, 1
1438361, 1, 1
1438475, 0, 0
1438486, 1, 0
1438600, 0, 0
1438611, 1, 1
1438725, 0, 1
1438736, 1, 0
1438850, 0, 1
1438861, 1, 1
1438976, 0, 0
1438986, 1, 1
1439101, 0, bit 0
1439101, 0, 1
1439111, 1, 0
1439226, 0, 0
1439236, 1, 1
1439351, 0, 1
1439361, 1, 0
1439476, 0, 0
1439486, 1, bit 1
1439486, 1, 0
1439601, 0, 1
1439611, 1, 1
1439726, 0, 0
1439736, 1, 1
1439851, 0, 1
1439861, 1, 0
1439976, 0, 0
1439986, 1, 1
1440101, 0, 0
1440111, 1, 0
1440226, 0, 1
1440236, 1, 1
1440351, 0, 1
1440361, 1, 0
1440476, 0, 0
1440486, 1, 1
1440601, 0, 0
1440611, 1, 0
1440726, 0, 1
1440736, 1, 0
1440851, 0, bit 0
1440851, 0, 1
1440861, 1, 1
1440976, 0, 0
1440986, 1, 0
1441101, 0, 1
1441111, 1, 1
1441226, 0, 0
1441236, 1, bit 0
1441236, 1, 1
1441351, 0, 1
1441361, 1, 0
1441476, 0, 0
1441486, 1, 0
1441601, 0, 1
1441611, 1, 1
1441726, 0, 0
1441736, 1, 0
1441851, 0, 0
1441861, 1, 1
1441976, 0, 1
1441986, 1, 0
1442101, 0, 1
1442111, 1, 1
1442226, 0, 0
1442236, 1, 0
1442351, 0, 0
1442361, 1, 1
1442476, 0, 1
1442486, 1, 1
1442601, 0, bit 1
1442601, 0, 0
1442611, 1, 0
1442726, 0, 1
1442736, 1, 1
1442851, 0, 0
1442861, 1, 0
1442976, 0, 1
1442987, 1, bit 1
1442987, 1, 0
1443101, 0, 0
1443112, 1, 1
1443226, 0, 1
1443237, 1, 1
1443351, 0, 0
1443362, 1, 0
1443476, 0, 1
1443487, 1, 1
1443601, 0, 1
1443612, 1, 0
1443726, 0, 0
1443737, 1, 1
1443851, 0, 0
1443862, 1, 0
1443976, 0, 1
1443987, 1, 1
1444101, 0, 1
1444112, 1, 0
1444226, 0, 0
1444237, 1, 0
1444352, 0, bit 0
1444352, 0, 1
1444362, 1, 1
1444477, 0, 0
1444487, 1, 0
1444602, 0, 1
1444612, 1, 1
1444727, 0, 0
1444737, 1, bit 1
1444737, 1, 0
1444852, 0, 1
1444862, 1, 1
1444977, 0, 0
1444987, 1, 1
1445102, 0, 1
1445112, 1, 0
1445227, 0, 0
1445237, 1, 1
1445352, 0, 0
1445362, 1, 0
1445477, 0, 1
1445487, 1, 1
1445602, 0, 1
1445612, 1, 0
1445727, 0, 0
1445737, 1, 1
1445852, 0, 0
1445862, 1, 0
1445977, 0, 1
1445987, 1, 0
1446102, 0, bit 1
1446102, 0, 0
1446112, 1, 1
1446227, 0, 1
1446237, 1, 0
1446352, 0, 0
1446362, 1, 1
1446477, 0, 1
1446487, 1, bit 0
1446487, 1, 1
1446602, 0, 0
1446612, 1, 0
1446727, 0, 1
1446737, 1, 0
1446852, 0, 0
1446862, 1, 1
1446977, 0, 1
1446987, 1, 0
1447102, 0, 1
1447112, 1, 1
1447227, 0, 0
1447237, 1, 0
1447352, 0, 0
1447362, 1, 1
1447477, 0, 1
1447487, 1, 0
1447602, 0, 1
1447612, 1, 1
1447727, 0, 0
1447737, 1, 1
1447852, 0, bit 0
1447852, 0, 1
1447862, 1, 0
1447977, 0, 0
1447987, 1, 1
1448102, 0, 1
1448112, 1, 0
1448227, 0, 0
1448237, 1, bit 1
1448237, 1, 0
1448352, 0, 1
1448363, 1, 1
1448477, 0, 0
1448488, 1, 1
1448602, 0, 1
1448613, 1, 0
1448727, 0, 0
1448738, 1, 1
1448852, 0, 0
1448863, 1, 0
1448977, 0, 1
1448988, 1, 1
1449102, 0, 1
1449113, 1, 0
1449227, 0, 0
1449238, 1, 1
1449352, 0, 0
1449363, 1, 0
1449477, 0, 1
1449488, 1, 0
1449602, 0, bit 0
1449602, 0, 1
1449613, 1, 1
1449728, 0, 0
1449738, 1, 0
1449853, 0, 1
1449863, 1, 1
1449978, 0, 0
1449988, 1, bit 1
1449991, 1, 0
1450103, 0, 1
1450113, 1, 1
1450228, 0, 0
1450238, 1, 1
1450353, 0, 1
1450363, 1, 0
1450478, 0, 0
1450488, 1, 1
1450603, 0, 0
1450613, 1, 0
1450728, 0, 1
1450738, 1, 1
1450853, 0, 1
1450863, 1, 0
1450978, 0, 0
1450988, 1, 1
1451103, 0, 0
1451113, 1, 0
1451228, 0, 1
1451238, 1, 0
1451353, 0, bit 0
1451353, 0, 1
1451363, 1, 1
1451478, 0, 0
1451488, 1, 0
1451603, 0, 1
1451613, 1, 1
1451728, 0, 0
1451738, 1, bit 0
1451738, 1, 1
1451853, 0, 1
1451863, 1, 0
1451978, 0, 0
1451988, 1, 0
1452103, 0, 1
1452113, 1, 1
1452228, 0, 0
1452238, 1, 0
1452353, 0, 0
1452363, 1, 1
1452478, 0, 1
1452488, 1, 0
1452603, 0, 1
1452613, 1, 1
1452728, 0, 0
1452738, 1, 0
1452853, 0, 0
1452863, 1, 1
1452978, 0, 1
1452988, 1, 1
1453103, 0, bit 1
1453103, 0, 0
1453113, 1, 0
1453228, 0, 1
1453238, 1, 1
1453353, 0, 0
1453363, 1, 0
1453478, 0, 1
1453488, 1, bit 1
1453488, 1, 0
1453603, 0, 0
1453613, 1, 1
1453728, 0, 1
1453739, 1, 1
1453853, 0, 0
1453864, 1, 0
1453978, 0, 1
1453989, 1, 1
1454103, 0, 1
1454114, 1, 0
1454228, 0, 0
1454239, 1, 1
1454353, 0, 0
1454364, 1, 0
1454478, 0, 1
1454489, 1, 1
1454603, 0, 1
1454614, 1, 0
1454728, 0, 0
1454739, 1, 0
1454853, 0, bit 0
1454853, 0, 1
1454864, 1, 1
1454978, 0, 0
1454989, 1, 0
1455104, 0, 1
1455114, 1, 1
1455229, 0, 0
1455239, 1, bit 1
1455239, 1, 0
1455354, 0, 1
1455364, 1, 1
1455479, 0, 0
1455489, 1, 1
1455604, 0, 1
1455614, 1, 0
1455729, 0, 0
1455739, 1, 1
1455854, 0, 0
1455864, 1, 0
1455979, 0, 1
1455989, 1, 1
1456104, 0, 1
1456114, 1, 0
1456229, 0, 0
1456239, 1, 1
1456354, 0, 0
1456364, 1, 0
1456479, 0, 1
1456489, 1, 0
1456604, 0, bit 1
1456604, 0, 0
1456614, 1, 1
1456729, 0, 1
1456739, 1, 0
1456854, 0, 0
1456864, 1, 1
1456979, 0, 1
1456989, 1, bit 1
1456989, 1, 0
1457104, 0, 0
1457114, 1, 1
1457229, 0, 1
1457239, 1, 1
1457354, 0, 0
1457364, 1, 0
1457479, 0, 1
1457489, 1, 1
1457604, 0, 1
1457614, 1, 0
1457729, 0, 0
1457739, 1, 1
1457854, 0, 0
1457864, 1, 0
1457979, 0, 1
1457989, 1, 1
1458104, 0, 1
1458114, 1, 0
1458229, 0, 0
1458239, 1, 0
1458354, 0, bit 1
1458354, 0, 0
1458364, 1, 1
1458479, 0, 1
1458489, 1, 0
1458604, 0, 0
1458614, 1, 1
1458729, 0, 1
1458739, 1, bit 1
1458739, 1, 0
1458854, 0, 0
1458864, 1, 1
1458979, 0, 1
1458989, 1, 1
1459104, 0, 0
1459115, 1, 0
1459229, 0, 1
1459240, 1, 1
1459354, 0, 1
1459365, 1, 0
1459479, 0, 0
1459490, 1, 1
1459604, 0, 0
1459615, 1, 0
1459729, 0, 1
1459740, 1, 1
1459854, 0, 1
1459865, 1, 0
1459979, 0, 0
1459990, 1, 0
1460104, 0, bit 0
1460104, 0, 1
1460115, 1, 1
1460229, 0, 0
1460240, 1, 0
1460354, 0, 1
1460365, 1, 1
1460480, 0, 0
1460490, 1, bit 1
1460490, 1, 0
1460605, 0, 1
1460615, 1, 1
1460730, 0, 0
1460740, 1, 1
1460855, 0, 1
1460865, 1, 0
1460980, 0, 0
1460990, 1, 1
1461105, 0, 0
1461115, 1, 0
1461230, 0, 1
1461240, 1, 1
1461355, 0, 1
1461365, 1, 0
1461480, 0, 0
1461490, 1, 1
1461605, 0, 0
1461615, 1, 0
1461730, 0, 1
1461740, 1, 0
1461855, 0, bit 1
1461858, 0, 0
1461865, 1, 1
1461980, 0, 1
1461990, 1, 0
1462105, 0, 0
1462115, 1, 1
1462230, 0, 1
1462240, 1, bit 0
1462240, 1, 1
1462355, 0, 0
1462365, 1, 0
1462480, 0, 1
1462490, 1, 0
1462605, 0, 0
1462615, 1, 1
1462730, 0, 1
1462740, 1, 0
1462855, 0, 1
1462865, 1, 1
1462980, 0, 0
1462990, 1, 0
1463105, 0, 0
1463115, 1, 1
1463230, 0, 1
1463240, 1, 0
1463355, 0, 1
1463365, 1, 1
1463480, 0, 0
1463490, 1, 1
1463605, 0, bit 0
1463605, 0, 1
1463615, 1, 0
1463730, 0, 0
1463740, 1, 1
1463855, 0, 1
1463865, 1, 0
1463980, 0, 0
1463990, 1, bit 0
1463990, 1, 1
1464105, 0, 1
1464115, 1, 0
1464230, 0, 0
1464240, 1, 0
1464355, 0, 1
1464365, 1, 1
1464480, 0, 0
1464491, 1, 0
1464605, 0, 0
1464616, 1, 1
1464730, 0, 1
1464741, 1, 0
1464855, 0, 1
1464866, 1, 1
1464980, 0, 0
1464991, 1, 0
1465105, 0, 0
1465116, 1, 1
1465230, 0, 1
1465241, 1, 1
1465355, 0, bit 0
1465355, 0, 1
1465366, 1, 0
1465480, 0, 0
1465491, 1, 1
1465605, 0, 1
1465616, 1, 0
1465730, 0, 0
1465741, 1, bit 0
1465741, 1, 1
1465856, 0, 1
1465866, 1, 0
1465981, 0, 0
1465991, 1, 0
1466106, 0, 1
1466116, 1, 1
1466231, 0, 0
1466241, 1, 0
1466356, 0, 0
1466366, 1, 1
1466481, 0, 1
1466491, 1, 0
1466606, 0, 1
1466616, 1, 1
1466731, 0, 0
1466741, 1, 0
1466856, 0, 0
1466866, 1, 1
1466981, 0, 1
1466991, 1, 1
1467106, 0, bit 1
1467106, 0, 0
1467116, 1, 0
1467231, 0, 1
1467241, 1, 1
1467356, 0, 0
1467366, 1, 0
1467481, 0, 1
1467491, 1, bit 1
1467491, 1, 0
1467606, 0, 0
1467616, 1, 1
1467731, 0, 1
1467741, 1, 1
1467856, 0, 0
1467866, 1, 0
1467981, 0, 1
1467991, 1, 1
1468106, 0, 1
1468116, 1, 0
1468231, 0, 0
1468241, 1, 1
1468356, 0, 0
1468366, 1, 0
1468481, 0, 1
1468491, 1, 1
1468606, 0, 1
1468616, 1, 0
1468731, 0, 0
1468741, 1, 0
1468856, 0, bit 1
1468856, 0, 0
1468866, 1, 1
1468981, 0, 1
1468991, 1, 0
1469106, 0, 0
1469116, 1, 1
1469231, 0, 1
1469241, 1, bit 1
1469241, 1, 0
1469356, 0, 0
1469366, 1, 1
1469481, 0, 1
1469491, 1, 1
1469606, 0, 0
1469616, 1, 0
1469731, 0, 1
1469741, 1, 1
1469856, 0, 1
1469867, 1, 0
1469981, 0, 0
1469992, 1, 1
1470106, 0, 0
1470117, 1, 0
1470231, 0, 1
1470242, 1, 1
1470356, 0, 1
1470367, 1, 0
1470481, 0, 0
1470492, 1, 0
1470606, 0, bit 0
1470606, 0, 1
1470617, 1, 1
1470731, 0, 0
1470742, 1, 0
1470856, 0, 1
1470867, 1, 1
1470981, 0, 0
1470992, 1, bit 1
1470992, 1, 0
1471106, 0, 1
1471117, 1, 1
1471232, 0, 0
1471242, 1, 1
1471357, 0, 1
1471367, 1, 0
1471482, 0, 0
1471492, 1, 1
1471607, 0, 0
1471617, 1, 0
1471732, 0, 1
1471742, 1, 1
1471857, 0, 1
1471867, 1, 0
1471982, 0, 0
1471992, 1, 1
1472107, 0, 0
1472117, 1, 0
1472232, 0, 1
1472242, 1, 0
1472357, 0, bit 0
1472357, 0, 1
1472367, 1, 1
1472482, 0, 0
1472492, 1, 0
1472607, 0, 1
1472617, 1, 1
1472732, 0, 0
1472742, 1, bit 1
1472742, 1, 0
1472857, 0, 1
1472867, 1, 1
1472982, 0, 0
1472992, 1, 1
1473107, 0, 1
1473117, 1, 0
1473232, 0, 0
1473242, 1, 1
1473357, 0, 0
1473367, 1, 0
1473482, 0, 1
1473492, 1, 1
1473607, 0, 1
1473617, 1, 0
1473732, 0, 0
1473742, 1, 1
1473857, 0, 0
1473867, 1, 0
1473982, 0, 1
1473992, 1, 0
1474107, 0, bit 1
1474107, 0, 0
1474117, 1, 1
1474232, 0, 1
1474242, 1, 0
1474357, 0, 0
1474367, 1, 1
1474482, 0, 1
1474492, 1, bit 0
1474492, 1, 1
1474607, 0, 0
1474617, 1, 0
1474732, 0, 1
1474742, 1, 0
1474857, 0, 0
1474867, 1, 1
1474982, 0, 1
1474992, 1, 0
1475107, 0, 1
1475117, 1, 1
1475232, 0, 0
1475243, 1, 0
1475357, 0, 0
1475368, 1, 1
1475482, 0, 1
1475493, 1, 0
1475607, 0, 1
1475618, 1, 1
1475732, 0, 0
1475743, 1, 1
1475857, 0, bit 0
1475857, 0, 1
1475868, 1, 0
1475982, 0, 0
1475993, 1, 1
1476107, 0, 1
1476118, 1, 0
1476232, 0, 0
1476243, 1, bit 0
1476243, 1, 1
1476357, 0, 1
1476368, 1, 0
1476482, 0, 0
1476493, 1, 0
1476608, 0, 1
1476618, 1, 1
1476733, 0, 0
1476743, 1, 0
1476858, 0, 0
1476868, 1, 1
1476983, 0, 1
1476993, 1, 0
1477108, 0, 1
1477118, 1, 1
1477233, 0, 0
1477243, 1, 0
1477358, 0, 0
1477368, 1, 1
1477483, 0, 1
1477493, 1, 1
1477618, 1, 0
1477743, 1, 1
1477868, 1, 0
1477993, 1, bit 1
1477993, 1, 0
1478118, 1, 1
1478243, 1, 1
1478368, 1, 0
1478493, 1, 1
1478618, 1, 0
1478743, 1, 1
1478868, 1, 0
1478993, 1, 1
1479118, 1, 0
1479243, 1, 0
1479368, 1, 1
1479493, 1, 0
1479618, 1, 1
1479743, 1, bit 0
1479743, 1, 1
1479868, 1, 0
1479993, 1, 0
1480118, 1, 1
1480243, 1, 0
1480368, 1, 1
1480493, 1, 0
1480619, 1, 1
1480744, 1, 0
1480869, 1, 1
1480994, 1, 1
1481119, 1, 0
1481244, 1, 1
1481369, 1, 0
1481494, 1, bit 1
1481494, 1, 0
1481619, 1, 1
1481744, 1, 1
1481869, 1, 0
1481994, 1, 1
1482119, 1, 0
1482244, 1, 1
1482369, 1, 0
1482494, 1, 1
1482619, 1, 0
1482744, 1, 0
1482869, 1, 1
1482994, 1, 0
1483119, 1, 1
1483244, 1, bit 0
1483244, 1, 1
1483369, 1, 0
1483494, 1, 0
1483619, 1, 1
1483744, 1, 0
1483869, 1, 1
1483994, 1, 0
1484119, 1, 1
1484244, 1, 0
1484369, 1, 1
1484494, 1, 1
1484619, 1, 0
1484744, 1, 1
1484869, 1, 0
1484994, 1, bit 1
1484994, 1, 0
1485119, 1, 1
1485244, 1, 1
1485369, 1, 0
1485494, 1, 1
1485619, 1, 0
1485744, 1, 1
1485869, 1, 0
1485995, 1, 1
1486120, 1, 0
1486245, 1, 0
1486370, 1, 1
1486495, 1, 0
1486620, 1, 1
1486745, 1, bit 1
1486745, 1, 0
1486870, 1, 1
1486995, 1, 1
1487120, 1, 0
1487245, 1, 1
1487370, 1, 0
1487495, 1, 1
1487620, 1, 0
1487745, 1, 1
1487870, 1, 0
1487995, 1, 0
1488120, 1, 1
1488245, 1, 0
1488370, 1, 1
1488495, 1, bit 0
1488495, 1, 1
1488620, 1, 0
1488745, 1, 0
1488870, 1, 1
1488995, 1, 0
1489120, 1, 1
1489245, 1, 0
1489370, 1, 1
1489495, 1, 0
1489620, 1, 1
1489745, 1, 1
1489870, 1, 0
1489995, 1, 1
1490120, 1, 0
1490245, 1, bit 1
1490245, 1, 0
1490370, 1, 1
1490495, 1, 1
1490620, 1, 0
1490745, 1, 1
1490870, 1, 0
1490995, 1, 1
1491120, 1, 0
1491245, 1, 1
1491371, 1, 0
1491496, 1, 0
1491621, 1, 1
1491746, 1, 0
1491871, 1, 1
1491996, 1, bit 1
1491996, 1, 0
1492121, 1, 1
1492246, 1, 1
1492371, 1, 0
1492496, 1, 1
1492621, 1, 0
1492746, 1, 1
1492871, 1, 0
1492996, 1, 1
1493121, 1, 0
1493246, 1, 0
1493371, 1, 1
1493496, 1, 0
1493621, 1, 1
1493746, 1, bit 1
1493746, 1, 0
1493871, 1, 1
1493996, 1, 1
1494121, 1, 0
1494246, 1, 1
1494371, 1, 0
1494496, 1, 1
1494621, 1, 0
1494746, 1, 1
1494871, 1, 0
1494996, 1, 0
1495121, 1, 1
1495246, 1, 0
1495371, 1, 1
1495496, 1, bit 0
1495496, 1, 1
1495621, 1, 0
1495746, 1, 0
1495871, 1, 1
1495996, 1, 0
1496121, 1, 1
1496246, 1, 0
1496371, 1, 1
1496496, 1, 0
1496621, 1, 1
1496747, 1, 1
1496872, 1, 0
1496997, 1, 1
1497122, 1, 0
1497247, 1, bit 0
1497247, 1, 1
1497372, 1, 0
1497497, 1, 0
1497622, 1, 1
1497747, 1, 0
1497872, 1, 1
1497997, 1, 0
1498122, 1, 1
1498247, 1, 0
1498372, 1, 1
1498497, 1, 1
1498622, 1, 0
1498747, 1, 1
1498872, 1, 0
1498997, 1, bit 1
1498997, 1, 0
1499122, 1, 1
1499247, 1, 1
1499372, 1, 0
1499497, 1, 1
1499622, 1, 0
1499747, 1, 1
1499872, 1, 0
1499997, 1, 1
1500122, 1, 0
1500247, 1, 0
1500372, 1, 1
1500497, 1, 0
1500622, 1, 1
1500747, 1, bit 1
1500747, 1, 0
1500872, 1, 1
1500997, 1, 1
1501122, 1, 0
1501247, 1, 1
1501372, 1, 0
1501497, 1, 1
1501622, 1, 0
1501747, 1, 1
1501872, 1, 0
1501997, 1, 0
1502123, 1, 1
1502248, 1, 0
1502373, 1, 1
1502498, 1, bit 0
1502498, 1, 1
1502623, 1, 0
1502748, 1, 0
1502873, 1, 1
1502998, 1, 0
1503123, 1, 1
1503248, 1, 0
1503373, 1, 1
1503498, 1, 0
1503623, 1, 1
1503748, 1, 1
1503873, 1, 0
1503998, 1, 1
1504123, 1, 0
1504248, 1, bit 0
1504248, 1, 1
1504373, 1, 0
1504498, 1, 0
1504623, 1, 1
1504748, 1, 0
1504873, 1, 1
1504998, 1, 0
1505123, 1, 1
1505248, 1, 0
1505373, 1, 1
1505498, 1, 1
1505623, 1, 0
1505748, 1, 1
1505873, 1, 0
